ID,Sequence
seq1,GGGGLVQAGGSLRLSCAASGRTFYNYAMGWFRQAPGKEREFVAAISWSGGSTLYTDSVKGRFTISRANGQNTVYLQMNSLKPEDTAVYYCAADADAQPMGIIENYDYWGQG
seq2,GGGGLVQAGGSLRLSCAASGRTLYNYAMGWFRQAPGKEREFVAAISWSGGSTEYADSVKGRFTISRANAQNKVYLQMNSLKPEDTAVYYCAADADAQPMGVIENYDYWGQG
seq3,GGGGLVQAGGSLRLSCAASGPTFYNYAMGWFRQAPGKEREFVAAISWSGGSTYYADSVKGRFTISRANAHNTVYLQMNSLKPEDTAVYYCAADADAQPMGIIENYDYWGQG
seq4,GGGLVQAGGSLRLSCAASGPTFYNYAMGWFRQAPGKEREFVAAISWSGGSTYYADSVKGRFTISRANAHNTVYLQMNSLKPEDTAVYYCAADADAQPMGIIENYDYWGQGMT
seq5,RSQFVESGGGLVQPGGSLRLSCTASGFSLKYWAVGWFRQAPGKEREGVLCVSQSGEITNVANSVKGRFTISRDNDKNTVYLQMNSLKPEDTSVYYCGDAPTCSDSVGDFGSWGQGTQVTVSS
seq6,QLQLVESGGGLVQPGGSLQLACEASGVTLEEVSVAWFRQAPGKEREGVSCINSNGNGGSTTYARSVKGRFTISRDSAKNAVYLQMNSLKSEDTAVYYCSVVEPNCSSGRKAFGSWGQGTQVTVSS
seq7,YLRIVESGGGLVQSGGSLRLSCSASGDKLARYAVGWFRQAPGKQREAVACIDNSVGNTTYADAVKGRFTISRDKAENAVYLQMNNLKPEDTAIYYCAADAIYCRSPDFGAWNQGTQVTVSS
seq8,EVQLVESGGGSVQAGGYLRLSCAVSGSLASMNSMGWYRQSPEKEREFVASINRSNYTIYSTSVKDRFILSRDHDKNILSLQMNGLKPEDTAMYYCAAEGRGWGPVLGQGTQVTVSS
seq9,EVRLEESGGGLVQAGGSLRLVCVAYGTIFSYNAMGWYRQPPGKERELVAGITAQGTIEYAEAVKGRATISRDNAKKLSLQLNNLKDEDTAMYYCAAWDRSDYRGHGHDFLGQGTQVTVSS
seq10,QVFLEESGGALVQPGDSLRLTCKVSGNIADVYAMAWYRQAPGQQRKMVAGISDAGTTNYGTSMRGRVTISRNSAKNTVWLDMNNLKPEDTAVYYCNALERTYSGGDDYGRDYWGKGALVNVSS
seq11,QIQLVESGGGLVQSGGSLRLSCEVSGTIFSIYAMAWYRQAPGKQRDLVAAITTTGTTDYADSVTGRFTISRDNAKNTVYLQMNSLKPEDTGVYYCAADGLRLDACVFPRRTYSYWGQGTQVTVSS
seq12,QEQFVETGGGLVQPGGSLTLSCSVYGGAVYHRSGLGWYRQAPGKERAWVGRIHSGGGTGYADFVKGRFTLSRPFGNNTVFLQMNNLEPEDTAVYYCNTWPMKASTWGQGTQVTVSS
seq13,QEQLVESGGGLVQPGGSLRLSCAASGFTIENYHVRYYRQAPGKECELVAGIAVGNAWTSYADSVKGRFTISRDSDNKTVYLQMKSLQPEDTAVYHCNVRVFSAPCAGQGTQVTVSS
seq14,QVQFVESGGGEVRTGESLRLSCLASGGVTSLYSLAWYRQTPGNQRETVAVIKSGGSTNYADSVKGRFTVSRDNTKNTMYLQMNNLTPEDTAVYFCNFPAYGYGGQVVAQVPWGQGTQVTVSS
seq15,QVQLVESGGGFVQAGGSLNLSCTASGSNLRLYGMGWFRQAPGSERELVAQISWIGGAAYYSTSVKGRFTLTRDYDQKTTLLQMNKLSPEDTAVYFCAASTTPPIFTFNSYGPGTQVTVSS
seq16,QVQLKESGGGYVQPGGSLRLSCAASGSTIKNYDMGWFRQAPGKEREFVAVISGGGGDYYSDSVKGRFWISRDDGQNTVYLQMNNLKPEDTAVYYCSIESDPFDAIGEMIRGKHRGSWGQGTQVTVSS
seq17,QLQLVESGGGLVQPGSSLLLSCSASGSTFRVYKVGWFRTAPGKEREKVSCLSAVETTDYAAAVKGRFTTFRNKAETTIYLQMNNLTSEDTGVYSCAAYYGGYHCLAEEHYDHWGQGTQVTVS
seq18,QLHFVESGGGSVQPGGSLRLTCAASTFTLNYYSIAWFRRAPGKEREGVSCMSGGGVTVYAESVKGRFTISRDSAKNTMYLEMNSLEPEDTAEYYCAADEEAVCSVATLKRRAKYDWWGQGIQVTVSS
seq19,QFQLVESGGGFVQPGGSLTLSCVGSGISLDHRGIGWFRQAPGKEREGVSCINSDDRTTSYADSVNGRFTISKDRAKNTVYLRMNNPKPEDTGVYRCAAFTWICSSAYAWANYDMDHWGRGTPVNVSS
seq20,QLQLAESGGGLVQPGGSLRLSCVASGLTLDHHNILWFRQAPGKDREGVSCIKMRGGSAKYADSVKGRFTVSRDNAEKTVYLQMDSLQPDDTAVYTCAAVEWRGSACPLWGNMDSWGKGTLVNVS
seq21,QMHLVESGGGLVQPGDSLNLSCTASGIPLRSHVIGWFRQVPGKEREAVACIDGSGGTINYAGSVLDRFSISRDDAKNTVLLQMNSLKIEDTAVYYCAAELWNLSDGELYPCSPRMEYWGKGILVAVSS
seq22,QVRPVESGGGSVQPGEALRLSCTQPKVNLNNFAIGWFRQAPGKEREGVSCIGNRGTPYYADFLEGRFTISRDNAKNTVYLQMNDLKPEDTGVYSCAADLGAGGCVLS
seq23,QFQLVESGGGLVQPGGSLRLSCTASDAAFEFYAIGWFRQAPGKEREGVSCISPSRAFTNYTDAVKGRFTISRDNSKNTVYLQMTSLTPEDTAVYYCAADRGGPSWCNNGMDYWGKGTLVTVSS
seq24,QLQLVESGGGQVQPGGSLRLSCATSGGTLDVYAIGWFRQVPGKDREGIACISGSGRSSDYVDFVKGRFTISRDNAKNTVFLQMNSLDSEDTATYYCAATLSGYSGLFWCVRPNSYWGQGTQVAVVS
seq25,QLQFVESGGDSVQPGGSLRLSCVASGLNFDVLAMGWFRQAPGKEREAVSCISNRGGHTEYVDSVKGRFTISRDNAKNTVYLQMDNLQVEDTAVYYCAAPTALRWQCNPAYFGSWGQGTEVSVSS
seq26,QLQLVESGGGLVQPGGSLRLSCVVSGIKLDHYAFGWFRQAPGKEREAVGCIGSGGRTTNYRDSVRGRATVSIDTGRNTVHLQMSSLELEDTGLYYCAAVLSYGSACVISRSDVYQHWGQGTQVTVSS
seq27,QLQLVESGGGLVQPGGSLRLSCTVSGFALDYYVIGWFRQAPGREREILSCISSGGSSTNYADSVKGRFTISRDNDQNMAYLEMTGLKPEDTAVYYCAADQRLTSIISTCVLDHAYEFWGQGTQVTVSS
seq28,QVKLVESGGGFVDAGGSLTLSCASSGFVLEIFVIGWFRQVPGKEREGISCISIRDGSAYYEDSVKGRFTVSRDNAENTVYLQMNNLKPEDTGVYTCAAESFWVGPVQAMCNNPHIWGQGTQVTVS
seq29,PQQLKESGGGLVRPGGSLRLSCALSERRLEDYAIAWIRQAPGKDHEAISCISVGSRSTEYSNSVKGRFTVSRDDARNMVYLDMNALKPEDTAVYRCAADSGVRRHQLCQIDTKRYDYWGLGTQVTVPS
seq30,QPQVAESGGGLVQPGGSLTLSCVVTGTTSSLDYIPVAWFRQVPGKEREGISCIGGVPHGEDHIFYSTPVKGRFTSSRDDAKNTVYLHMNRLTPGDTAVYYCSPANKGFCTLDANDYKYWGQGTQVTVSS
seq31,QLQLVETGGGVVSPGGSLKLSCTHSGFPLERRMISWFRHRPGKNGDEREGLSCISTIHGGTEYADSVEGRFTISRDIAKRTVYLQMNDLETEDSGVYYCAVGGEPCLYVNAMKYWGKGAEVIVRS
seq32,RVQLVESGGGLVQPGGSLRLSCATSGFTFANYALNWVRQPPGKGLEWVSRIHSDGDTKYADSVKGRFTISRDIANSTLYLQMNDLKTEDTGVYYCVKPGSGERGEGTQVTVSS
seq33,EVQVAESGGGLVQPGGSLRLSCRASGFTFSSYSMGWARQIPGKGLEWVSSIYSDGSTYYTDSVKDRFIISRDNAKSMVYLQMNSLKPEDTAVYYCTTDLSIHPFSDSPPLGSSQHHYWGQGTQVTVSS
seq34,EVQLRESGGGSVQAGGSLRLSCEASGTTSRIDVLAWYRQTPGNQRVFVASITRDNGYTKYADFVNGRFDISRDNAANTVSLQMNSLKPEDTGTYVCNAHLGRIFPSRDHVPWDRAEDYWGVGIPVTVS
seq35,QVQLVESGGGLVQPGGSLRLSCVYSGILATGWPMSWVRQAPLKGPEWLSDINDGATYYADSVKGRFTISRDDAKNTLYLQMNSLKPEDTAVYYCAQPRDTQVDRNSWGRYVNWGQGTQVTVSS
seq36,QLHVVESGGGLVQPGGSLRLSCAASGFTLDSHHIGWFRQAPGKERELVSCTGTTGDFPHYADSVKGRFTISRDNAKNTVYLQMNSLKPEDTAVYYCAADSGSRSSWSLCPRGSVGYDYWGQGTQVTVSS
seq37,QLHVVESGGGLVQPGGSLRLSCKVSGLDLDYLTLGWFRQAPGKEREWVSCVDHSGDLEVYGDSVRGRFAISRDNAKNTVYLQMNRLEPKDQAVYYCAADPARFTTCSPDEYDYWGQGTQVTVSS
seq38,QLQLVESGGGLVQPGGSLRLSCAASGSSLDSYAIGWFRQAPGKEREGVSCINSSGGTTNYADSVKGRFTISRDNAKNTVYLQMNSLKPEDTAVYYCAAAPGLTTFQTLCLMIGGDYWGQGTQVTVSS
seq39,QLQLVESGGGLVQPGGSLRLSCAASGSSLDSYAIGWFRQAPGKEREGVSCINSSGGTTNYADSVKGRFTISRDNAKNTVYLQMDSLKLEDTGIYVCAAGSGSTYYDCSGYETGWRIDKWDQGTQVTVSS
seq40,QLQLVESGGGLVQPGGSLRLSCAGSGFTLDSYAIGWFRQAPGKEREGVSCISSSGGSTNYADSVKGRFTISRDNAKNTVYLQMNSLKSEDTAVYYCAAALGMTTVQNMCLMWGSGNYWGQGTQVTVSS
seq41,RLHLVESGGGSVQPGGSLRLSCVASGEPLENNAVGWFRQSPGNSREGISCISTLGSRGITDDYAGSVKGRFTVSRNDAKNTVYLQMNNLKPEDTAVYFCAAVYTGAGQLLPSLCLDENGYDYWGQGTQVTVSS
seq42,QVEPVESGGGLVQPGGSLRLSCTSHIEALYHYAVGWFRQVPGRKREWVACISSSGENVDYHESVKGRFTISKDSTRNTAYLDIMNIEPEDTATYYCGAASDLWYSGLYCGPDYDYWGQGTRVAVSS
seq43,QLQPARAGGNLVQPGGSLRLFCGVSERTLNGYDIGWFRQAYGTEREGISCTSRSGNTVYADSVKGRFTVARDNAKTATFLEMSDLKPEDTGTYFCAALGGD
seq44,QLQLVESGGGLVQPGGSLRLSCVASGSSLSYYHIGWFRQAPGKGREAVACISDSGGSITYADSVKGRFTISRDDAENTVHLQMTSLKAEDTAIYYCAPVTPGYYGGSYSCIPDGVWGQGTQVTVSV
seq45,EVQLVESGGGLVQPGGSLRLSCSFPGSIFSLTMGWYRQAPGKERELVTSATPGGDTNYADFVKGRFTISRDNARSIIYLQMNSLKPEDTAVYYCYARTRNWGTVWGQGTQVTVSS
seq46,EVQLVESGGELVQAGGSLRLSCAASGLTFSSYNMGWFRRAPGKEREFVASITWSGRDTFYADSVKGRFTISRDNAKNTVYLQMSSLKPEDTAVYYCAANPWPVAAPRSGTYWGQGTQVTVSS
seq47,EVQLVESGGGLVQPGESLTLSCVVAGSIFSFAMSWYRQAPGKERELVARIGSDDRVTYADSVKGRFTISRDNIKRTAGLQMNSLKPEDTAVYYCNAQTDLRDWTVREYWGQGTQVTVSS
seq48,EVQLVESGGGLVQPGGSLTLSCVAAGSIFTFAMSWYRQAPRKERELVARIGTDDETMYKDSVKGRFTISRDNVKRTAGLQMNNLKPEDTAVYYCNARTDYRDWTVREYWGQGTQVTVSS
seq49,EVQLVESGGGLVQAGGSLRLSCTSSTVTFTPYQMGWYRQAPGKQRALVADISTGGSRTNYADFAKGRFTISRDDVKNTVYLQMNNLKPEDTAVYYCNTYYAMIGHARNWGQGTQVTVSS
seq50,EVQLVESGGGFVQAGESLTLSCTSSTLTFTPYRMAWYRQAPGKQRDLVADISSGDGRTTNYADFAKGRFTISRDNIKNTVFLRMTNLKPEDTAVYYCNTFVSFVGIARSWGQGTQVTVSS
seq51,EVQLVESGGGLVQAGDSLTLTCTSPTLTFTPYRMGWYRQAPGKQRDLVADISGGDGRTTNYADFAKGRFTISRDNVKNAVYLQMNNLKPEDTAIYYCNTYVAIVGHARSWGQGTQVTVSS
seq52,EVQLVESGGGLVQAGGSLTLSCTSSTLTFTPYRMGWYRQTPGKQRDLVADISPGDGSTKNYAGFAQGRFTISRDNIKNTVYLQMNDLKPEDTAVYYCNTYVAFVGRARTWGQGTQVTVTS
seq53,EVQLVESGGGLVQPGGSLRLSCQFSGIDFNLNAMGWFRQAPGKQRELVAAITSADTTNYRDFVKGRFTISINDAKNTLYLQMDSLKPEDTAVYYCNTPFPTPSHYHWGQGTQVTVSS
seq54,QVKLEESGGGLVQAGDSLRVSCAASGRDFSDYVMGWFRQAPGKEREFVAAISRNGLTTRYADSVKGRFTISRDNDKNMVYLQMNSLKPEDTAVYYCAVNSAGTYVSPRSREYDYWGQGTQVTVSS
seq55,QVKLEESGGGLVQAGDSLRLSCVDSGRDFSDYVMGWFRQAPGKEREFVAAISRNGITTRYADSVKGRFTISRDNDKNTVYLQMNSLRPEDTAVYYCATNSAGTYVSPRSRDYDGWGQGTQVTVSS
seq56,QVKLEESGGGLVQAGGSLTLSCAASGGTFSSYAMGWFRQAPGKEREFVAAISGRSSIRNYDDSVKGRFAISRDNAKNTVYLQMNSLKPEDTAVYYCAADTVFRSFVVGNVKEWGQGTQVTVSS
seq57,QVQLVESGGGLVQPGGSLRLSCAASESFFNFDAWGWYRQAPGKQREMVAVVGSTGSTSYADFVKGRFTISRDNANNTVYLQMNTLRPEDTAVYYCYARFQSLYNSWGQGTQVTVSS
seq58,QVQLVESGGGLVQAGGSLTLSCAASGGTFSSYAMGWFRQAPGKEREFVAAISGRSSIRNYDDSVKGRFAISRDSAKNTVYLQMNSLKPEDTAVYYCAADTVFRSFVVGNVKEWGQGTQVTVSS
seq59,AVQLVESGGGLVQPGGSLRLSCAASVSIFDIDAWGWYRQAPGKQREMVALVGSTGSTSYADSVKGRFTLSRDNVNNTMYLQMNSLRPEDTAVYYCYARFDSLYNSWGQGTQVTVSS
seq60,QVQLVESGGGLVQAGDSLRLSCVDSGRDFSDYVMGWFRQAPGKEREFVAAISRNGITTRYADSVKGRFTISRDNDKNTVYLQMNSLKPEDTAVYYCATNSAGTYVSPRSRDYDGWGQGTQVTVSS
seq61,QVKLEESGGGLVQPGGSLRLSCAASESFFNFDAWGWYRQAPGKQREMVAVVGSTGSTSYADFVKGRFTISRDNANNTVYLQMNTLRPEDTAVYYCYARFQSLYNSWGQGTQVTVSS
seq62,QVKLEESGGGLVQPGGSLRLSCAASVSIFDIDAWGWYRQAPGKQREMVALVGSTGSTSYADSVKGRFTLSRDNVNNTMYLQMNSLRPEDTAVYYCYARFDSLYNSWGQGTQVTVSS
seq63,QVKLEESGGGLVQVGGSLRLSCAHSGLPFGINAIGWYRQGPGNQRDLVARITSDGRTILEDSVKGRFTISRDNAKKTVYVQMNNLKPEDTAVYYCAAEKGGSPLYWGQGTQVTVSS
seq64,QVQLVESGGGLVQPGGSLRLPCAASGSIFSLDAWGWYRQAPGKQREMVALVGSDGSTSYADSVKGRFTISRDNANNTFYLQMNSLKPEDTAVYYCYARFQSLYNSWGQGTQVTVSS
seq65,DVQLQESGGGSVQAGGSLKLSCAISGYDNDNYCMGWFRQTPGKEREEVARVSGLSGVSKTTYTASAVKGRFTISLDSSKDTLYLLMNAVTPEDTAMYYCAAIRKPQFYTCRMWKPRADFDIWGQGTQVTVSS
seq66,EVQLEESGGGLVQPGGSLTLSCAASGYTFTNCAAGWYRQAPGKECELVASIFSGNRTNYADSVKGRFTIARDNTKDIVYLQMNSLKPEDTTVYYCDAR
seq67,QVQLEESGGGLVQAGGSLRLSCAASGRTSSNTFVGWFRQAPGKEREFVAAIRRSDDRTYYAASVRGRFTISGDSAKNVVALQMSSLRPEDTAVYYCAATRTWLVTGQSDYPYWGQGTQVTVSS
seq68,DVQLQESGGGSVQAGGSLKLSCAISGYDNDNYCMGWFRQTPGKEREKVAALNIGGGSPVYADFVRGRFTISLDSSKDTLYLLMNAVTPEDTAMYYCAAIRKPQFYTCRMWKPRADFDIWGQGTQVTVSS
seq69,EVQLQASGGGLVQAGDSLRLSCEAARGTLSDYHVGWFRRPPGKERERVAAISWSGGMTSYTNSVKGRFIISRDNERNIVYLQMTRLKPEDTAVYYCAAKYRDGERPYDYWGQGTLVTVSS
seq70,EVQLQASGGGLVQAGGSLRLSCAASGRTFSSYDMGWFRQAPGKEREFVAVISRSGTVLAYADSVKGRFTISRDNVKNTGYLQMNSLKPEDTAVYYCATDRWENIRRGSVRSWGQGTLVTVSS
seq71,EVQLQASGGGLVQAGGSLRLSCAASGRRFSWPVMAWFRQALGKERELVVSRRWSRSYTIYADSVKDRFTISRDDAKNLVYLEMNNLKPEDTAVYYCAAGSFVVRDPSKYDYWGQGTQVTVSS
seq72,DVQLQASGGGLAQPGGSLRLSCAASGFDFSDAQMYWVRQAPGKGLEWVSSISRSGLATSYADSVKGRFTISRDNAKNTLYLQMNSLKLEDTALYFCAKSRSGLERGQGTQVTVSS
seq73,EVQLQASGGGLVQPGGSLRLSCAASGFTFSTSAMSWVRQAPGKGLERVSSINSVGSITTYVDSVKGRFTISRDNAKNTLYLQMNSLKPEDTAVYYCAKDVGGYGTRGQGTQVTVSS
seq74,EVQLQASGGGLVQAGGSLRLSCAASGFMFSTYAMSWVRQAPGKGLERVSAISSGGGATSYADFAKGRFTISRDNAKNTLYLQMNNLKSEDTAMYYCTRATGGQGPRGQGTLVTVSS
seq75,EVQLQASGGGLVQAGDSLRLSCEAARGTLSDYHVGWFRRPPGKERERVAAISWSGGMTSYTNSVKGRFIISRDNEKNIVYLQMTRLKPEDTAVYYCAAKYRDGERPYDYWGQGTLVTVSS
seq76,EVQLQASGGGLVQAGDSLRLSCEAARGTLSDYHVGWFRQPPGKERERVAAISWSGGMTSYTNSVKGRFIISRDNAKNIVYLQMTRLKPDDTAVYFCAAKYRDGERPFDYWGQGTLVTVSS
seq77,DVQLQASGGGLVQPGGSLKLSCAASGHTFSEIGMGWFRQAPGKVREFVASISWSGTSTYYADSVKGRFTISRDNAKNTMFLQMNTLRPDDTAVYYCAARIQARFLDSSAFDYWGQGTQVTVSS
seq78,EVQLQASGGGLVQPGGSLRLSCAASGFTFSSSSMSWVRRAPGKGLERVSTINSGGSIITYAASVKGRFTISRDNAKNTLYLQMNSLKPEDTAVYFCAKGMDWGSYRGRGTQVTVSS
seq79,AEVQQASGGGLVQAGGSLRLSCAASGRTETTSAIAWFRQAPGKEREFVAQISASGLGINYSGTVKGRFTISRDADKTTVYLQMNSLTPEDTAVYYCAAGFHYIAAIRRTTDFHFWGPGTLVTVSS
seq80,EVQLQASGGGLVQAGDSLRLSCEAARGTLSDYHVGWFRRPPGKERERVAAISWSGGMTSYTNSVKGRFIISRDNEKNIVYLQMTRLKPEDTAVYYCAAKYGGGERPYDYWGQGTQVTVSS
seq81,GGGGLVQAGGSLRLSCVASGRTFSSYIMAWFRQAPGKEREFVAASSWGGDTYYADSVKGRFTVSRHNAKNTVYLQMNSLKPEDAAVYYCAENDNYC
seq82,GGGLVQAGGSLRLSCVASGRTFSSYIMAWFRQAPGKEREFVAASSWGGDTYYADSVKGRFTVSRHNAKNTVYLQMNSLKPEDAAVYYCAENDNYC
seq83,GGGLVQAGGSLRLSCVASGRTFSSYTMGWFRQAPGKEREFVGAVSWGGDTYYADSVKGRFTVSRVNAKNTVNLQMNSLKPEDAAVYYCAENDNYCSGYGCFDPMSYDYWGQGM
seq84,HVQLQQSGGGLVQPGGSLRLSCAASGSIFSIYAMGWYRQAPGKQRELVAAISSYGSTNYADSVKGRFTISRDNAKNTVYLQMNSLKPEDTAVYYCNADIATMTAVGGFDYWGQGTQVTVSS
seq85,EVQLQESGGGLVQPGGSLRLSCAASGFTLDYYAIGWFRQAPGKEREGVSCISISGGSTNYADSVKGRFTISRDNAQNTVYLQMNSLKPEDTAVYYCAAGPPCDPTHGLIEYDYWGQGTQVTVSS
seq86,QVQLQQSGGGLVQPGGSLRLSCAASGFTLDYYAIGWFRQAPGKEREGVLCISSSGGSTNYADSVKGRFTISRDNAKNTVYLQMNSLKPEDTAVYYCAADDLRCGSNWSSYFRGSWGQGTQVTVSS
seq87,HVQLQQSGGGLVQPGGSLRLSCAASGFTLDYYAIGWFRQAPGKEREGVSCISSSDGSTYYADSVKGRFTISRDNAKNTVYLQMNSLKAEDTAVYYCAADDVKCRAATIATPRSFGFWGQGTQVTVSS
seq88,HVQLQQSGGGLVQPGGSLRLSCAASGFTLDYYAIGWFRQAPGKEREGVSCISSSGGSTYYADSVKGRFTISRDNAKNTVYLQMNSLKPEDTAVYYCAVAQSCLRGGVRGGYWGQGTQVTVSS
seq89,QVQLVESGGGSVQPGGSLRLSCAAIGSVFTMYTTAWYRQTPGNLRELVASITDEHRTNYAASAEGRFTISRDNAKHTVDLQMTNLKPEDTAVYYCKLEHDLGYYDYWGQGTQVTVSS
seq90,QVQLQDSGGGLVQAGGSLRLSCEASGRTFSSYAMGWFRQPPGKEREWVSTISRSGSAIYAYPVKGRFTMSRDNAKNTVYLEMNSLKPEDTAVFYCAAARSGVPSSRPTDYDYWGQGTQVTVSS
seq91,VQLQESGGGSVQTGGSLRLSCVVSGYTYSSACMGWFRQGPGKGREAVADVNTGGRRTYYADSVKGRFTISQDENTMYLQMNNLKPEDTATYYCATGPRSGVENLN
seq92,EVQLVESGGGLVQPGGSLRLSCAASGFTFDGFRMYWVRQAPGKGLEWVSAINTSGRTTYYADSVKGRFIISRDNAKNTLYLQMNSLKSEDTAVYYCAKDGGYYSRMYYFGYWGQGTQVTVSS
seq93,EVQLQESGGGSVQAGGSLRLSCAASGDTVRTMAWFRQAPGKEREGVAGFNLPISRPYYADGMKARFTISGDKSKNTVTLQMDNLAPEDTANYYCAATRYTLDLSSRIFQGDFDHWGHGTQVTVSS
seq94,EVQLQESGGGKVQPGGSLRLACTISGFTINTYYMTWARQVSGKGLEWVAGITRDGSRTDYIDSVKGRFTVSRDDAKNTVYLQMDNLKSEDTAVYYCGTGRRWATNPTYQGKGTQVTVSS
seq95,QVQLVESGGGLVQPGGSLRLSCAASGFTFSSYWMYWVRQAPRKGLEWVSTINSAGGSTYYADSVKGRFTISRDNAKNTVSLQMNSLKPEDTAVYYCVRDTSGKYSDYRTATYGYSMDYWGRGTLVTVSS
seq96,QVQLVESGGGSVQAGGSLRLSCAAPGYTYSYYCMGWFRQPPGKEREGVAAIQNDYGSTYYADSVKGRFTISRDNAKNTVYLEMNNLKPEDTAIYYCAARGTIFYGCGDLRILGYTKWGQGTLVTVSS
seq97,QVQLVESGGGLVQPGGSLRLSCSASGFTFSSYDMTWVRQAPGKGLEWVSRIYGREANTNYANSGQGRFTISRDNAKNTLYLQMNSLKPEDTAVYYCATEEERGYTQGYWGQGTLVTVSS
seq98,GGSLRLSCAKSGYIRCAYDMSWYRQAPGKERDFVASINRDGTTRYADSVKGRFTISQDNAKNTVYLQINGLKPEDTAMYYCKTDPSGIWSLSSCDYNYWGQGTMVTVSS
seq99,QVQLVESGGGLVQPGGSLRLSCAASGFTFSTYPMNWVRQAPGKGLEWVSVINSGGTNTDYEYSVKGRFTISRDNAKNTLYLQMNSLKPEDTAVYYCATFCDYTDYLGRCEALESWGQGTMVTVSS
seq100,VQLVESGPGLVQPSQTLTLTCTVSGASITTSGYGWSWIRQPPGKGLEWMGAIGSSGSTYYSPSLKSRTSISRDTSKNQFSLQLNSVTPEDTAEYYCARLWWYNVEYWGKGTTVTVSS
seq101,LQESGGGSVQAGGSLRLSCAVSGLAFSDYAMGWFRQAPGKEREFVAAISQIGNNPNYEDSVNGRFTIARDNAKNTMYLQMNSLKPEDTAVYYCAADRSSLQLYASRVGDEYDYWGQGTQVTVSS
seq102,QSGGGLVQPGGSLRLSCAASGFTFSTYAMGWFRQAPGKGREFVAALDRSSDSTYYVDSVKGRFTVSRDNAKNTAYLQMNSLSPEDTAVYYCAASYFWSDTPFALNYRYWGQGTQVTVSS
seq103,LQQSGGGLVQAGGSLRLSCAASGRTSSVFAIGWFRQAPGKDREFVGTITWSTGRTSFADSVSSRFTISRDNAKNLVYLEMSSLKPEDTAVYYCAADPNGRGYYYWGQGSQVTVSS
seq104,LQQSGGGSVQAGGSLRLSCAVSGLAFSDYAMGWFRQAPGKEREFVAAISQIGNNPNYEDSVNGRFTIARDNAKNTMYLQMNSLKPEDTAVYYCAADRSSLQLYASRVGDEYDYWGQGTQVTVSS
seq105,LQQSGGGLVQVGGSLRLSCAASGGTFPKYGMGWFRQAPGKEREYVASMTWSTGRTYYADSVEGRFAISTDNAKNTVYLQMNSLRPEDAAVYYCAGDRDGRGYVYWGQGTQVTVSS
seq106,LQQSGGGSVQAGGSLRLSCAVSGLAFSNYHMGWFRQAPGKEREFVAAISQIGNNPNYEDSVNGRFTIARDNAKNTMYLQMNSLKPEDTAVYYCAADRSSPSLRLVASRVGDEYDYWGQGTQVTVSS
seq107,LQESGGGLVQAGGSLRLSCAASGRTSSAFAIGWFRQAPGKEREFVGSIIWSTGRTSFADSVRDRFTISRDTPKNLVYLQMDSLKPEDTAVYYCAADPNGRGYYYWGQGTQV
seq108,LQESGGGLVQAGGSLRLSCASSARTFTSYDMGWFRQAPGKERELVAAINWSGETTYYADSVKGRFTISRDNTKDTVYLQTNNLKPEDTAVYYCAAHYGSRWKSVSVENYDYWGRGTQVTVSS
seq109,LQESGGGSVQAGGSLRLSCAVSGLAFSNYHMGWFRQAPGKEREFVAAISQIGNNPNYEDSVNGRFTIARDNAKNTMYLQMNSLEPEDTAVYYCAADRSSPSLRLVASRVADEYDYWGQGTQVTVSS
seq110,LQESGGGSVQAGGSLRLSCAVSGLAFSNYHMGWFRQAPGKEREFVAAISQIGNNPNYEDSVNGRFTIARDNAKNTMYLQMNSLKPEDTAVYYCAADRSNPSLRLVASRVGDEYDYWGQGTQVTVSS
seq111,QSGGGLVQAGGSLRLSCAASGRTSSTFAIGWFRQAPGKEREFVASIIWSTGRTSSADSVRGRFTISRDAPKNLVYLQMNSLEPEDTAVYYCAADPNGRGYYYWGQGSQVTVSS
seq112,LQESGGGLVQAGGSLRLSCAASGRTASINAIAWYRQAPGKEREFLARINSVGRSNYADAVEGRFTISRDNDKNTVYLQMNSLKPEDTAAYYCAAAVGSRWYELWGQGTQVTVSS
seq113,QSGGGLVQPGGSLRLSCAASGFTFSTYAMGWFRQAPGKGREFVAALDRSSDSTYYVDSVKGRFTVSRDNAKNTAYLQMNSLSPEDTAVYYCAASYFWSNTPFALNYRYWGQGTQVTVSS
seq114,LQESGGGLVQPGGSLRLSCAASGFTFSTYAMGWFRQAPGKGREFVAALDRSSDSTYYVDSVKGRFTVSRDNAKNTAYLQMNSLSPEDTAVYYCAASYFWSDTPFALNYRYWGQGTQVTVSS
seq115,LQESGGGLVQAGGSLRLSCAASGFIFDNYVIGWFRQAPGKEREGVSCISSSAGNTYYADSVKGRFTISGDNAKNTVYLQMNSLKPEDTAVYYCAATPIADASNYCSDYQDFMHYWGKGTLVTVSS
seq116,LQESGGGLVQAGGSLSLSCAFSGSTFSRYRMGWFRQAPGKEREFVGTINWSGGSTYYEDSVKGRFTISRDNAKNTVYLQMDSLASEDTGVYYCAASQWDGRTWTRPHAYEYWGQGTQVTVSS
seq117,LQQSGGGLVQAGGSLSLSCAFSGSTFSRYRMGWFRQAPGKEREFVGTINWSGGSTYYEDSVKGRFTISRDNAKNTVYLQMDSLASEDTGVYYCAASQWDGRTWTRPHAYEYWGQGTQVTVSS
seq118,LQESGGGLVQAGGSLRLSCAASGRTSSVFAIGWFRQAPGKDREFVGTITWSTGRTSFADSVSSRFTISRDNPRNLVYLEMNNLKPEDTAVYYCAADPNGRGYYYWGQGSQVTVSS
seq119,LQESGGGLVQPGGSLRLSCAASGFTFSSYAMGWFRQAPGKERVFVAALDRSSGSTYHADSVKGRFTVSRDNAKNTAYLQMNSLSPEDTAVYYCAASYFWSDTPFALNYRYWGQGTQVTVSS
seq120,LQESGGGLVQTGGSLRLSCALSDQSFSGYAMGWFRQAPGKEQEFVAAINWSGNSTDYGDFVKGRFTVSRDNAKNTVYLQMNSMKPEDTAVYYCAADLGAYGGLGLSYDYWGQGTQVTVSS
seq121,LQESGGGLVQAGGSLRLSCASSARTFTSYDMGWFRQAPGKERELVAAINWSGETTYYADSVKGRFTISRDNTKDTVYLQTNNLKPEDTAVYYCAAHYGSRWKSVSVENYTYWGRGTQV
seq122,LQESGGGLVQAGDSLRLSCAASGRTSSAYAIGWFRQAPGKEREFVGSITWSTGRTSSADSVRDRFTISRDKPKNLVYLQMNSLKPEDTAVYYCAADPNGRGYYYWGQGSQVTVSS
seq123,LQQSGGGLVQAGGSLRLSCAASGRTFTSYTMAWFRQAPGKEREFVGVVIGNGGETYVPDSVKGRFTISRDNAKNTVYLELNSLNPEDTAVYTCAAEILYCSGYGCRDPRLYNYWGQGTQVTVSS
seq124,LQESGGGSVQAGGSLRLSCAVSGLAFSNYHMGWFRQAPGKEREFVAAISQIGNNPNYEDSVNGRFTIARDNAKNTMYLQMNSLKPEDTAVYYCAADRSSPSLRLVASRVGDEYDYWGQGTQVTVSS
seq125,LQQSGGGLVQAGASLRLSCATSEGTFNPYAMAWYRQAPGREREFVARIYRSGDITYYADSVKGRFTISRDSARNTIYLQMNSLKPEDTAVYYCSASTLLPTNDYWGQGTQVTVS
seq126,LQESGGGLVQAGDSLRLSCAASGRTSSAFAIGWFRQAPGKEREFVGSITWSTGRTSSADSVRDRFTISRDKPKNLVYLQMNSLIPEDTAVYYCAADPNGRGYYYWGQGSQV
seq127,LQESGGGLVQPGGSLRLSCAASGFTFSSYAMAWFRQAPGKERVFVAALDRSSGRTYHADSVKGRFTVSRDNAKNTAYLQMNSLSPEDTAVYYCAASYFWSDTPFALNYRYWGQGTQVTVSS
seq128,LQESGGGLVQAGGSLRLSCAASGRTSSAFAIGWFRQAPGKEREFVGSIIWSTGRTSSADSVRDRFTISRDTPKNLVYLQMDSLKPEDTAVYYCAADPNGRGYYYWGQGSQVTVSS
seq129,LQESGGGLVQVGGSLRLSCAASGRTFPIYGLGWFRQAPGKEREYVASITWSTGRTYNADSVEGRFAISRDNAKNTVYLQMNSLRPEDAAVYYCAGDRDGRGYVYWGQGTQVTVSS
seq130,LQESGGGLVQAGGSLRLSCAASGRTFRNYAMGWFRQAPGKERDLVARIEWSGDNTYYADSVKGRFSISMDNAKNTVLLQMNSLKPEDTAVYYCAAGFITGIHPYEYHYWGQGTQVTVSS
seq131,DVQLVESGGGSVQTGGSLRLSCLASGYTYRSYCRGWFRRPPGKEREAVAIINSLGQTIYVADPVKGRFSISQDNAKDTVYLQMNSLKLNDTAMYYCAVANGGCGESWRPDYVGQGTQVTVSS
seq132,DVQLRASGGGLVQPGGSLRLSCAASGFTFSNYAMYWLRQAPGKGIEWVSRIGPGGSHTEYADSVKGRFTISRDNAKNTLSLQMNSLKPEDTAVYYCAITQQGSGRGQETQVTVSS
seq133,DVQLQVSGGGSVQPGGSLRLSCAAPGFTFSNYAMYWLRQAPGKGIEWVSRIGPGGSHTEYADSVKGRFAISRDNAKNTLSLQMNSLKPEDTAAYYCAITQQGSGRGRGTQVTVSS
seq134,DVQLQVSGGGSVQPGGSLRLSCAASGFTFSNYAMYWLRQAPGKGIEWVSRIGPGGSHTEYADSVKGRFTISRDNAKNTLSLQMNSLKPEDTAVYYCAITQQGSGRGQGTQVTVSS
seq135,QVQLVESGGGSVQAGGSLRLSCVASGYTYRSTCLGWFREAPEKEREVVAAIYRGTGDTYYGDAVRGRFTISQDNAKKTVYLQMNSLKPEDTAMYYCNTYSRFGYSGLCNDWGQGTQVTVSS
seq136,DVQLVESGGGSVPAGGSLRLSCAVSGYTYENRYMAWFRQAPGKEREGVAAIWRGGNNPYYADSVKGRFTISQDKAKNIVSLLMNSLKPEDTAIYYCAAQAGRFSGPFTNQTYDYWGQGTQVTVSS
seq137,QVQLVESGGGSVEAGGSLRLSCVVSGYSVSIGCMAWFRQAPGSGREGVAGISRGGSMTDYTASVKGRFTISRDNDQRTVTLQMNSLKPEDTAVYYCARDGPEIATMIGGSRGRGTQVTVSS
seq138,DVQLVESGGGSVLTGGSLRLSCAAPGITYRMYCMAWFRQPPGQEREMVATVNRIDRAGGRTYYADSVKGRFTISQDNAKDTLYLQMNSLKPEDTAIYLCAARDYGCYSGSAQGTEFAYWGRGTQVTVSS
seq139,QVQLVESGGGSVQAGGSLRLSCKDPDRSNCMGWFRQAPGKEREGVAAIYTGGGSTYYADSVKGRFTISQDNAKNTVYLQMNSLKPEDTAMYYCAAVALVVSATGCYSFEEGYFGYWGQGTQVTVSS
seq140,DVQLVESGGGSVQAGGSLRLSCAVSGSTYSPCTTGWYRQAPGKEREWVSSISSPGTIYYQDSVKGRFTISRDNAKNTVYLQMNSLQREDTGMYYCQIQCGVRSIREYWGQGTQVTVSS
seq141,QVQLVESGGGSVLAGGSLRLSCAASESTYRRVFTGWFRQAPGKEREGVAAILVGVGDTYYADSVKGRFTISQDNAKNTVYLQMNSLKPEDTAMYYCAAFMTGTQVLRPQDYKYWGQGTQVTVSS
seq142,DVQLQASGGGLVQAGDSLRLSCAASGRTSSTYAMAWFRRAPGKEREFVTAISWNGRITAYADSVKGRFTISREYAGNTVTLQMDSLKPEDTAVYYCAADYTTAVPRAHVSYDYWGQGIQVTVSS
seq143,DVQLQASGGGLVQPGGPLRLSCEASGDRLDYYAVGWLRQAPGKEREGIVCASSSGASPWYAKAVKGRFTISRDKAKNMVFLEMNSLKVEDTGVYYCGICWAGVRGYDYEDYTQGTQVTVSS
seq144,DVQLQASGGGLVQAGGSLRLSCTASGDLFSIVAMGWYRQRPGKQRELVAGITEGGGTNYAYDVHGRFTISRDNAKNTVYLQMNNPNPDDTAVYYCNILRGQYRRSEYDYWGAGTQVTVSS
seq145,DVQLQASGGGLVQAGESLRLSCGGFGSFSRFNVVGWYRQAPGRQRELVANMNSGGSTNYSPSVKGRFTISRDNAKNTVYLQLNSLKPDDTAVYYCRYVHTRVIIQQSYWGQGTQVTVSS
seq146,DVQLQASGGGLVQAGDSLRLSCTASGRSISTYGMGRFRQTPGKEREFVAAISWSGGNEYYADSVKGRFTISRDKSKNIVYLRMNSLKTEDTAVYYCAARAIGNYGSRDEDFGSWGQGIQVTVSS
seq147,DVQLQASGGGVVQPGGSLRLSCAASGRMYTINDMGWYRQAPGNQRELVARISVGGTTNYKDSVKGRFTISRDNAKKTVCLQMNSLKPDDTAVYYCNADIRDTLWDSRLYWGQGTQVTVSS
seq148,DVQLQASGGGLVQAGASLRLSCAASGRTFSMYAMAWFRQAPGKEREFVAAINWSGNTTRYADSLKGRFIISRDNAAKTVDLQMDKLKPEDTAAYICADRSRYSSDFDQWGQGTQVTVSS
seq149,DVQLQASGGGLVAVGDSLRLTCMASGRTFTTGGAAWFRQAPGKEREFVAAISRSGGGTYYADSAKGRFIISRDNAKNTGYLQMDSLKPEDTAVYYCARRRSVSWGAPSNWYLTREYDYWGQGTQVTVSS
seq150,DVQLQASGGGKVQAGDSLRLSCAASERIDTTYAVAWFRQAPGKEREFVAAIHWRGSTYVANSVKDRFSVSRDNAKNTVYLQMNSLKPEDTAVYYCYMKDVRGYGYWGQGTQVTVSS
seq151,DVQLQASGGGLVQPGGSLKLSCATSGFTLDWFAIGWFRQAPGKEREGVACISLSNGRTSYSDSVRGRFTISRDNRRNTIDLHMDGLQPEDTAIYYCNADDVDGWPVMGYWGQGTQVTVSS
seq152,DVQLQASGGGLVQAGGSLRLSCEASGDTFSSYVMAWFRQAPGKEREAVGVISWYGASLYYLDSVKGRFTVSRDNAKTTVYLQMSGLKPEDTAVYYCGADRSRGTSWLPGQYDYWGQGTQVTVSS
seq153,DVQLQASGGGTVQPGASLKLACKVSGRTFNTYVVGWFRQAPGQGREFVATFSSSGGDVHYASSVTGRFIMSRDDAQNTEYLEMNGLKIEDTAVYYCALRNAYTFSALEHQYPYWGQGAQVTVSS
seq154,DVQLQASGGGLVQPGGSLRLSCAASGSLSRITVMGWYRQAPGKQRELVAIITSSGGTDYADSVKGRFTISKDNAKALMYLQMTSLRPEDTAVYYCAGKSRDSAGLSWDYWGQGTQVTVSS
seq155,DAQLQASGGGLVHAGGSLRLSCAASGSTSSINSIGWYRQAPGKQRELVAGFAGGGSTVYADSVKGRFTTSSDKPKNIEYLQMNSLKPEDTAVYYCSAGTVPGRWDYWGPGTQVTVSS
seq156,DVQLQASGGGSVQAGDSLTLSCAASGLTSRKYAVGWFRQAPGQEREYIGTISWSGYSHFYSEGARGRFTMSRDNAKNTASLRMNSLKPSDTAVYYCAADPGVSEYALGLEYKYWGQGTQVTVSS
seq157,DVQLQASGGGLVQAGASLRLSCAASGRTFSTYAMGWFRQAPGKEREFVATISWSGVSTYYADSVKGRFTISRDNAKNTVYLQMNSLKPEDTAVYYCNVGSPLNYWGQGTQVTVSS
seq158,QSVEESGGRLVTPGTPLTLTCTVSGFSLYNYAMSWVRQAPGKGLEWIGIISYSGNTYYASWAKGRFTISRTSSTTVDLRITSPTTEDTATYFCAGAGRDFYTDINLWGPGTLVTVSS
seq159,AVQLQASGGGLVQAGGSLRLSCVASGRTISNYATAWFRQAPGKEREFVAVINWGGRTTYYADSVKGRFTISSDSAKNTVYLQMNSLKPEDTAVYYCARRTI
seq160,AVQLQASGGGLVQAGGSLRLSCAASGRTFSSYAMGWFRRAPGKEREFVAAISWSGTNTNYADSVKGRFTISRDNAKNTMYLQMNRLAPEDTAVYYCAATL
seq161,QVQLQESGGGLVQPGGSLRLSCVASGSIVSILSMGWFRQTPGKQRELVAGIVDEPQTRYADFVKGRFIISRDSAKNAVYLQMNNLTSEDTAVYYCNAHVRARADSIAPTRYWGQG
seq162,QVKLQESGGGLVQAGASLRLSCVDSGGAFSTYDLGWYRQAPGKEREFVAAIIRGGHATHYADSVEGRFTISRDNAKNTMYLQMDSLSPEDTAIYYCNAVGPPLRGWNLAYHYWGQG
seq163,DVQLQASGGGLVQAGGSLILSCVASGHTGDIRAMGWFRQAPGKERIFVGGINWSGSSTLYADAVKGRFTIARDHARNTVYLQMNRLEPEDTAVYYCAADDRPYPTYHDNEYDYWGQGQ
seq164,QVKLHSSGGGSVQPGGSLTLTCSASGSIFRITEMGWYRQAPGSQREMVAFVSRDHSTQYAESVTGRFTISRDVAKNTVYLEMNNLKPDDTAVYTCHAMHLTAVYVRQPVWGQGD
seq165,DVQLQASGGGLVQAGGSLRLSCAASGFVFDDYQIGWFRQAPGKEREGVSFISSKDGSTYYTDSVKGRYTISIDNAKNTAHLQMNSLKPEDTAVYYCAVEEAFLTFPMTTMRPDMFEYWGQG
seq166,QVKLQQSGGGLVQPGGSLRLTCSASGSIFRITEMGWYRQAPGSQREMVAFVSRDHSTQYADSVTGRFTISRDVAKNTVYLEMNSLKPEDTAVYFCHAMHLTAVYARQPYWGQG
seq167,DVQLQASGGGLVQSGGSLRLSCVASGAIVSLDDMGWYRQAPGKQRELVASITADGIANYENSMKDRFTISRDNAKKTVYLQMNSLKPEDTAVYICNADIYGS
seq168,QVKLQESGGGLVQPGGSLRLTCSASGSIFRITEMGWYRQAPGSQREMVAFVSRDHSTQYADSVTGRFTISRDVAKNTVYLEMNSLKPEDTAVYFCHAMHLTAVYARQPYWGQGDV
seq169,DVQLQASGGGLVEPGGSLRLSCAASGFNFNDSNIGWFRRAPGKEREGISVIDKRDGREFYADSVRGRFTMSRDNAKNTVSLQMNNLRPEDTAVYYCAAD
seq170,QVQLQESGGGMVQLGGSLKLSCVASGATFSINRMGWYRQAPGKEREMVARITSRDDTDYADSVKGRFTIWRDDANNTVYLQMVNVKAEDTAIYYCNVGAFIRLSRKTYDYWGQGDV
seq171,DVQLQASGGGLVQPGRSLRLSCLASGGIGTIDAMGWYRQASGKQRELVAMSTSLGTSYALTVKGRFTISRSDALNTVSLQMNSLKPEDTAVYYCAASTAWSVAPGDMDYWGKGQ
seq172,QVKLQESGGGLVQPGGSLRLSCLASGGIGTIDAMGWYRQAPGKQRELVATSTSLGAVYADTVKGRFTISRSDALNTVSLQMNSLKPEDTAVYYCAAGTTWSVAPGDMDYWGKGQ
seq173,QVKLQESGGGLVQPGGSLRLSCLASGGIGTIDAMGWYRQAPGKQRELVATSTSLGTSYADTVKGRFTISRSNALNTVSLQMNSLKPEDTAVYYCAAGTTWSVAPGDMEYWGKGDV
seq174,DVQLQASGGGLVQAGGSLKLTCAASGRTFSTYDMGWYRQPPGKEREPVAVISWNGGSTYYPDSVKGRFTISRDNAQNTVYLQMNSLKPEDTAIYYCNAPLRIHDLGSWGQGDV
seq175,DVQLQASGGGLVQPGGSLRLSCLASGGIGTIDAMGWYRQAPGKQRELVATSTSLGTSYAITVKGRFTISRNNALNTVSLQMNSLKPEDTAVYYCAAGTTWSVAPGDMDYWGKGDV
seq176,DVQLQASGGGLVQPGGSLRLSCLASGGIGTIDAMGWYRQAPGKQRELVATSTSLGTSYADTVKGRFTISRSNASSTVSLQMNSLKPEDTAVYYCAAGTTWSVAPGDMEYWGKGDV
seq177,DVQLQASGGGLVQPGGSLRLSCLASGGIGTIDAMGWYRQPPGKQRELVAMSTSLGTSYADTVKGRFTISRSNALNTVSLQMNSLKPEDTAVYYCAAGTTWSVAPGDMEYWGKGQ
seq178,QVKLQQSGGGLVQPGGSLRLSCLASGGIGTIDAMGWYRQAPGKQRELVAMSTSLGTSYALTVKGRFTISRSNALNTVSLQMNSLKPEDTAVYYCAAGSTWSVAPGDMDYWGKG
seq179,DVQLQASGGGLVQPGGSLRLSCLASGGIGTIDAMGWYRQAPGKQRELVATSTSLGTSYAITVKGRFTISRSNALNTVSLQMNSLKPEDTAVYYCAAGTTWSVAPGDMDYWGKGVQVQLQQ
seq180,QVQLQQSGGGLVQPGGSLRLSCLASGGIGTIDAMGWYRQAPGKQRELVAQTTRLGDTTYADSVKGRFAISRSNALNTVTLLMNSLKPEDTAVYYCAAGTTWSVAPGDMNYWGKG
seq181,DVQLQASGGGLVQPGGSLSLSCAASGSIFSIGLMRWYRQAPGKQREWIATIDSGGNINYLNSVKGRVTISRDNAKNTVYLQMNSLMPEDTAVYVCNAEVRTTAVGSAFAFWGQGQ
seq182,QVKLQQSGGGLVQAGGSLRLSCAASGLTFSTYDWGWYRQAPGKGREPVAVIDWTGGSLYYADSVKGRFTISRDNAKNTVYLQMNSLKPEDTAIYYCNAPIATQNPASWGQG
seq183,QVKLQESGGRLVQAGGSLRLSCAASGRTFSTYDMGWYRQAPGKEREVVAVISSSGSSTYYADSVKGRFTISRDNAKNTVYLQMNSLKPEDTAIYYCNAELQRLNPGSWGQG
seq184,QVKLQQSGGGLVQAGGSLTLSCAASGRTFSNYFMGWFRQAPGKEREFLGGINWNSGNTYSPESVKGRFTVSRDYGKNTVYLQMNGLIPEDTAVYYCAAKVPTSREYNYWGPGQ
seq185,QVQLQQSGGGLVQPGGSLRLSCLASGGIGTIDAMGWYRQAAGKQRELVATSTSVGTTYADTVKGRFTISRSNALNTVSLQMNSLKPEDTAVYYCAAGTTWSVSPRDMDYWGKG
seq186,QVKLQESGGGLVQAGGSLTLSCAASGRTFSNYFMGWFRQAPGKEREFLGGINWNSGNTYSPESVKGRFTVSRDYGKNTVYLQMNGLIPEDTAVYYCAAKVPTSREYNYWGQGH
seq187,AVQLQASGGGSVRTGGSLTLSCVDSSRTFNRFGMGWFRQAPGKDREFVATISSRGDRIVYAKSVRGRFVISRDDARSTLYLQMNKLQPEDTGVYYCAASL
seq188,AVQLQASGGGSVQAGDSLRLSCAASGRPFSSFAMGWFRQAPGKEREFVAAISASGGETYYTGSLKGRFTISRDNAKNTVYLQMDSLKPEDTGVYYCAATINGAA
seq189,QVQLVESGGGLVQAGGSLRLSCAASGFTFSSAWMTWVRQAPGKGLEWVTSIATDGSTDYADSVKGRFTISRDNAKNTLYLQLNSLNTEDTAVYYCAKDRWGYVVRGQGTQVTVSS
seq190,QVQLVESGGGLVQAGGSLRLSCAASGFTFSSAWMTWVRQAPGKGLEWVTSIATDGSTDYADSVKGRFTISRDNAKNTLYLQLNSLNTEDTAVYYCAKDRWGYVVWGQGTQVTVSS
seq191,QVQLVESGGGLVQPGGSLRLSCAASGFTFSSSYMSWVRQAPGKGLEWVSGINTDGSFTRYADSVKGRFTISRDNAKNTLYLQMNSLKSEDTALYYCAVGGGLGYGPRGQGTLVTVSS
seq192,QVQLVESGGGLVQPGGSLRLSCAASGFTFSSSYMSWVRQAPGKGLEWVSGINTDGSFTRYADSVKGRFTISRDNAKNTLYLQMNSLKSEDTALYYCAVGGGLGYGPWGQGTLVTVSS
seq193,NVKLVEKGGNFVENDDDLKLTCRAEGYTIGPYCMGWFRQAPNDDSTNVATINMGGGITYYGDSVKERFDIRRDNASNTVTLSMDDLQPEDSAEYNCAGDSTIYASYYECGHGLSTGGYGYDSHYRGQGTDVTVSS
seq194,NVKLVEKGGNFVENDDDLKLTCRASGYAYTYIYMGWFRQAPNDDSTNVATIDSGGGGTLYGDSVKERFDIRRDKGSNTVTLSMDDLQPEDSAEYNCAAGGYELRDRTYGQRGQGTDVTVSS
seq195,NVKLVEKGGNFVENDDDLKLTCRAEGRTGSTYDMGWFRQAPNDDSTNVATINWDSARTYYGDSVKERFDIRRDNASNTVTLSMDDLQPEDSAEYNCAGGEGGTWDSRGQGTDVTVSS
seq196,QVQLQESGPGLVRPSQTLSLTCTVSGSTFSSYWMHWVRQPPGRGLEWIGRIDPNSGGTKYNEKFKSRVTMLVDTSKNQFSLRLSSVTAADTAVYYCARYDYYGSSYFDYWGQGTTVTVSS
seq197,QVQLQESGPGLVQPSQSLSITCTVSGFSLTSYGVHWVRQSPGKGLEWLGMIWGDGNTDYNSALKSRLSISKDNSKSQVFLKMNSLHTDDTARYYCARERDYRLDYWGQGTTVTVSS
seq198,QVKLLESGGGSVQAGGSLTLSCVYTNDTGTMGWFRQAPGKECERVAHITPDGMTFIDEPVKGRFTISRDNAQKTLSLRMNSLRPEDTAVYYCAADWKYWTCGAQTGGYFGQWGQGAQVTVSS
seq199,QVKLLESGGGSVQTGGSLRLSCAVSGFSFSTSCMAWFRQASGKQREGVAAINSGGGRTYYNTYVAESVKGRFAISQDNAKTTVYLDMNNLTPEDTATYYCAAVPAHLGPGAILDLKKYKYWGQGTQVTVSS
seq200,QVKLLESGGGSVQAGGSLRLSCNVSGSPSSTYCLGWFRQAPGKEREGVTAINTDGSVIYAADSVKGRFTISQDTAKKTVYLQMNNLQPEDTATYYCAARLTEMGACDARWATLATRTFAYNYWGRGTQVTVSS
seq201,EVQLQASGGGSVQAGGSLRLSCAASGGQTFDSYAMAWFRQAPGKECELVSSIIGDDNRNYADSVKGRFTISRDNAKNTVYLQMDRLNPEDTAVYYCAQLGSARSAMYCAGQGTQVTVSS
seq202,EVQLQASGGGSVQAGGSLRLSCTAANYAFDSKTVGWFRQVPGKEREGVAGISSGGSTTAYSDSVKGRYTVSLENAKNTVYLLIDNLQPEDTAIYYCAGVSGWRGRQWLLLAETYRFWGQGTQVTVSS
seq203,EVQLQASGGGSVQAGQSLRLSCATSGATSSSNCMGWFRQAPGKEREGVAVIDTGRGNTAYADSVQGRLTISLDNAKNTLYLQMNSLKPEDTAMYYCAADTSTWYRGYCGTNPNYFSYWGQGTQVTVSS
seq204,DVQLQASGGGSVQAGGSLRLSCAASGYTIGPYCMGWFRQAPGKEREGVAAINMGGGITYYADSVKGRFTISQDNAKNTVYLLMNSLEPEDTAIYYCAADSTIYASYYECGHGLSTGGYGYDSWGQGTQVTVSS
seq205,EVQLEESGGGLVQPGGSLTLSCAASGYTFTNCAAGWYRQAPGKECELVASIFSGNRTNYADSVKGRFTIARDNTKDIVYLQMNSLKPEDTTVYYCDAMTTNAKYNILREVGRGS
seq206,DVQLQESGGGSVQAGGSLKLACTVSGDTAAYTDDGYCLGWFRQATGNEREGVAAINTGSSSTFYIDAVKGRFTFSQDNDDKNIVYLQMNSLRPEDTAMYICAADFTCMPEVTANQALNIMSGSQFAAGGHWGQGTQVTVSS
seq207,QLQLVESGGGMVQPGGSLRLSCAASGFTFSTYDMSWVRQAPGKGPEWVSIINAGGGSTYYAASVKGRFAISRDNAKNTLYLQMNNLKPEDTALYYCARVASYYCRGYVCSPPEFDYWGQGTQVTVSS
seq208,QVQLVESGGGLVQPGDSLTLSCAVSGFSFSSYKMSWVRQTPGKGLEWVSSINSGGGTTNYADSVKGRFTISRDNAKNMLYLQMNKLKPEDTAVYYCAHRVVTGQLDLYDYWGQGTQVTVSS
seq209,QVQLVESGGGLVQPGGSLRLSCATSGFTLEYYAIGWFRQAPGKGREGVACMNSSGGGTNYADSVKGRFTISRDNAKKMVYLQMNSLKSEDTAVYYCVVDDFRCGSRWAAYLRSSWGQGTQVTVSS
seq210,QVQLVESGGGLVQPGGSLRLSCVVSGSDFNTYIMGWYRQVPGKPRELVADITTEGKTNYGGSVKGRFTISRDNAKNTVYLQMFGLKPEDAGNYVCNADWKMGAWTAGDYGIDYWGKGTLVTVSS
seq211,QVQLVESGGGLVQSGGSLRLSCAASVLTLEYYAIGWFRQAPGKEREGISCTGSSGGSTVYIDSVKGRFTVVRDNAKNMVYLQMDSLQPEDTAVYYCAADDLRCGRGWSSYFRGSWGQGTQVTVSS
seq212,DVQLVESGGGLVQAGGSLRLSCAASGIIFSINAMGWYRQAPGKERELVAAISSNGNTLYADSVKGRFTISRDNAKNTLYLQMNSLKPEDTAMYYCTAPDDEYDYWGQGTQVTVSS
seq213,QVQLQESGPGLVKPSQTLSLSCTVSGGSITTKNYAWNWIRQPPGKGLEWMGAISAGGTPYYSPSLESRTSISRDTSKNQISLQLSSVTPEDTAEYYCARSEATLVGPGDQLEHWGQGILVTVSS
seq214,QVQLQESGPGLVKPSQTLSLTCIVSGGSITPRNYGWSWIRQPPGKGLEWMGVIDYRGSTYVSPTLKSRTSMSRDTSKNQFSLQLSSVTPEDTAVYYCVREKGPYGGTWPTSRYRYLEVWGQGTLVTVSS
seq215,QVQLQESGPGLVKPSQTLTLTCTVSEGSITTNNYGWSWIRQPPGKGLEWVGAIAYSGSTYYTPSLKSRTSISRDTSKNQFSLQLSSVTPEDTAIYYCARSSDGSWYLFGYNYWGQGTQVTVSS
seq216,QVQLQESGPGLVNSSQTLTLTCTVSGGSITTTYLGWSWIRQPPGKGLEWIGAIIYSGTTYYNPSLKSRTSISRDTSKNQFSLQLSSVTPDDTAVYYCARGAPTYYGDYGAWTDFPDWGQGTQVTVSS
seq217,QVQLQESGPGLVKPSQTLDLTCTVSGTTITTTATGWSWIRQPPGKGLEWMGAIGYNGVTYYSPSLRNRASISRDTSNNQFSLQLSSVTPEDTAVYYCARGGVVTGNFLVPENHWGQGTQVAVS
seq218,HVQLQESGPGLVKPSQTISLTCTVSGGSITTDYSAWSWIRQPPGKGLEWMGHIAYSGGVSYSPSLRSRTSISRDTSKNQFSLQLNSVTPEDTAVYYCAREWVDCSGGMCYTGDASDWGQGTQVTVSS
seq219,QVQLQESGPGLVKPSQTLTLTCTVSGGSITSNYYEWSWIRQPPGKGLEWMGAISYSGSTFYRPSLKSRTSISWDTPKNQFTLQLTSVTPEDTALYYCATAAEAGDISNWYSGSFGYWGQGTQVTVSS
seq220,QVQLQESGPGLVKPSQTLSLTCTVSGGSITASYMGWSWIRQPPGKGLEWMGAITYSGNTYYSPSLKSRTSIFRDTSKNQFSLQLSSVTPEDTAVYYCARARGRSWSRIPWSDGMDYWGKGTLVTISS
seq221,QVQLQESGPGLVKPSQTLSLSCTVSGGAITANYYGWSWIRQSIGKGLEWMGTIAYSGDTYYNPSLKSRTSISGDTSKNQFSLKLSSVTPEDTAVYYCARVGGYGGSWYDQADFGSWGQGTQVTVSS
seq222,QVQLQESGPGLVKPSQTLSLTCTVSGGSITTSYYMWSWIRQPPGKGLEWMGALGYSGSTYYSPSLKSRTSISRDLSKNQFSLQLSSVTPEDTAVYYCAGDTGDGSRHMWAMDAWGKGILVTISS
seq223,QVQLQESGPGLVKPSQTLSLTCTVSGGSITTRYYDWSWIRQPPGKGLEWMGAIDYIGGTYYSPSVKSRASMSRDTSKTQFSLQLSALTPEDTAVYYCARKQVVAGSDSYAMAYWGKGTLVTISS
seq224,QVQLQESGPGLVNPSQTLSLTCTVSGVSITADYHWSWIRQPPGKGLEWMGSMNVGGSPYYSPPLKSRTSISRDTSKNQFSLQLNSVTPEDTAVYYCTRTPRGWSYGVDYWGKGTLVTISS
seq225,EVQLVESGGGLVQPGGSLRLSCAASGFTFSGDWMYWVRQAPGKGLEWVSSVSAGGGITSYADSMKGRFTISKDNAKNTLYLQMNSLKPEDTAVYYCLIEYGYNHWGQGTQVTVSS
seq226,EVMLVESGGALVQPGGSLRLSCVASGFAFSSYHMTWVRQGSGKGLEWVSGISSGGGSTYYADSVRGRFTISRDNAKNTLYLQLNSLKTEDTAMYYCAREGNYYQMDYWGKGALVTISS
seq227,EVQLVESGGGLVQPGGSLRLSCAASGFTFGTDAITWVRQPPGKGLEWVSYITSGGSTYYADSVKGRFTISRDNAKNTVYLQLNSLKTEDTAMYYCAKEFKSVALDAWGQGTLVTVSS
seq228,EVQLVESGGALVQPGGFLRLSCAASGFNFRIFDMNWVRQAPGKGLEWVSGINYSGKRTYYLDTLEGRFTISRDNAENTLYLEVSSLKSEDTAIYHCVRGFATTGLDAWGQGTLVTVSS
seq229,EVQLVESGGGLVQPGGSLRLSCTASGFTFSGHAMRWVRQAPGKGLEWVSTILTGGIVTHYADSVKGRFTISRDNAQNTLYLQMNSLKTEDTAVYYCARADGRYYGMDYWGEGTLVTISS
seq230,QVQLQESGPGLVKPSQTLSLTCIVSGGSITTRYYGWSWIRQPPGKGLEWMGAIGYSGSTYYSPSLKSRTSISRDTSKNQFSLQLSSVTPEDTAVYYCARDSDPQIYSDYDTPVWGQGTQVTVSS
seq231,QVQLQESGPGLVRPSQTLSLTCTVSGGAITTSIYYWTWIRQPPGKGLEWMGVIGASGATYYSPSLKSRTSISRDTSKNQFSLQLDSVTPEDTAVYFCAASVTTIATMTALHHWGQGTQVTVSS
seq232,QVQLQESGPCLVKTSQTLSLTCTVSGGSITTNYDGWSWIRQPPGKGLEWMGVIFFSGSTYYSPSLKSRTSISRDTSKNQFSLQLSSVTPEDTAVYYCARAGLGGTWYVGGFGYWGQGTQVTVSS
seq233,QVQLQESGPGLVKPSQTLSLTCTVSSGSITANYYGWTWIRQPPGKGLEWMGTIAYQGSTYYSPSLKSRASISRDKSKNQFSLHLSSVTPEDTAVYYCASSLADGVSWSTLWLGSMDYWDKGTLVTISS
seq234,QVQLQESAPGLVKPSQTLTLTCTVSGESITTTYSAWSWIRQPPGKGLEWMGAIGYSGGTFYSPSLKSRTSISRDTTQNQISLQLGSVTPEDTAAYYCARGDFDGAYRLYSAATTNWGQGTQVTVSS
seq235,QVQLQESGPGLVKPSQTLTLTCTVSGDSITTTTNGWNWIRQPPGKGLEWMGAIDNRVSAYYSPSLKSRSSISRDTSKNQFSLQLTSVTPEDTAVYYCARGSPSDRGFYSDYATLGTLVAWGQGTLVTVSS
seq236,QVQLQESGPGLVKPSQTLTLTCAVSGGSITVTNTNWRWIRQPLGKGLEWMGTMGYSGSAYYSPSLKSRTSISRDTSQNQFSLQLSSVTPEDTAVYYCAAATVQDSNYSMDSWGKGTLVTISS
seq237,QLQLREEGPGLVKPAQTLSLTCTVSGGSVTENPYYLNWIRQPPGKGLEWLGAVGYDGSTFYNPSLKIRTSILRDPAKNHASLQVTSVTAEDTAMYYCVRGRYYDNSGGTFWGQGTQVTVSS
seq238,QVQLQESGPGLVKPSQTLSLNCTVSGGSITTSAYYWSWIRQPPGKGLEWMGAIHYSGSTYYLPSLKSRTSISRDTSKNQFFLRLSSVTPEDTAMYYCARDTGGGSWSTWDFGYWGQGTQVTVSS
seq239,QVQLRESGPGLVKPSQTISLTCTVSGDSITANYYDWSWIRQSPGKELEWIAAVAYSGSTVYSKSHGSRASITRDTSKNQISLQLNSVTPEDTAVYYCARSGSLDTNDALVAWAFAYWGQGTQVTVSS
seq240,EVQLVESGGGLAQPGGSLKLSCTGAGFSFSGDYMYWVRRAPGKGLEWVATIYVGSTLTTYTDSVKGRFTISNDNAQTTVYLQMNDLKSEDTAVYYCGRFDSNWGQGTQVTISS
seq241,EVQLVESGGGLVQPGGSLRLSCAASGFTFSNYYMAWVRQAPGKGLEWVSNIIKDGSNTYYADSVKGGFTISRDNAKTTLFLQMNSLKSGDRALYYCITDCSWGQGTQVTVSS
seq242,QVQPVESGGGSVQAGESLRLSCAASLYGSCKYDTNWYRQAPGKEREFVSRIKDDRSTFYADSVKGRFTISEDNDNVKNFVYLQMNSLKPEDTAMYVCNIVMYGPCPRREFWGQGTQVTVSS
seq243,QVHLVESGGGLVQPGGSQRLSCAASGFTFDIYWMTWVRQAPGQGLEWVGSTVSSGETTYYAAGVEGRFTISRDNDKNIAYLEMNNLQPEDTAVYYCVKGHLYSDVADMDYWGKGSLVTISS
seq244,EVQLVESGGGLVQPGGSLRLSCAASGFTFSYYYMSWVRQAPGKGLEWVSTIRTDGRSTYYGDSVKGRFTISRDNAKSTVYLQMNSLKSEDTALYYCATSVVGGVVRSEYNYWGQGNQVTVSS
seq245,QVQLVESGGGLVQPGGSIRLSCAVSGLTFSSYSMSWVRQGPGKRLEWMSTIYRLDNSTYYADPVKGRFTIVKDHAKNTLYLQMNSLKPEDTAVYYCAALYVSVPHYWGQGTQVTVSS
seq246,EVQLVESGGALVQAGGSLRLSCVASGFNFRSYAMSWVRQAPGKGLEWVSAINVGSGNAGGGSSYYTDPVKGRFTVSRDNAKNVVYLQLNSLKHEDTAMYHCTACGGGGCFVGYHEFWGPGTLVTVSS
seq247,EVQLVESGGGLVQPGGSLRLSCAASGFTFRRYEMSWVRQAPGKGLEWVTHISADGETTYYAESVEGRFTISRDNAKNTLYLQILTLHTEDTAVYYCATHDVNCSGGTCSTGKYLERWGQGTLVTVSS
seq248,RTGMSWVRQAPGKGLEWVSSISGAGGSSWYAGSVKGRFTISRDNANNTLYLQLNGLKTEDTAMYYCTKDFYPTHTGQGQGTQVTVSS
seq249,QLQLVESGGGLVQPGGSLRLSCAASAGNLDYYAIGWFRQAPGKEREGVSCISSSDGSTVYTDSVKGRFTISRDNTKNTVDLQMDNLKPEDTAVYYCATVVNYYCTAGGSIHASPYEIWGQGTQVTVSS
seq250,QVQLVESGGGLVHPGGSLRLSCAPSASLPSTPFNPFNNMVGWYRQAPGKQREMVASIGLRINYADSVKGRFTISRDNAKNTVDLQMDSLRPEDSATYYCHIEYTHYWGKGTLVTVSS
seq251,QVQLVESGGGLAQPGGSLRLSCEASGFGTWFRFDENTVNWYRQPPGKSREFDELVARYPKSGIVTYLDSVKGRFTISRDNAKKMAFLQMDNLKPEDTAVYYCNVGEFWGQGTQVTISS
seq252,QVQLVESGGGLVQPGGSLRLSCAASGFTLGSRYMSWVRQAPGEGFEWVSSIEPSGTAWDGDSAKGRFTTSRDDAKNTLYLQMSNLQPEDTGVYYCATGYRTDTRIPGGSWGQGTQVTVSS
seq253,QVQLVESGGGLVQPGGSLRLSCQVSGFTFGDWVMSWFRQAPGKEREFVASITATSSLKYYADSVKGRFTISRDNVNNTLFLQMDRLKSEDTAVYYCRSPNYWGQGTQVTVS
seq254,QVQLVESGGGLVQVGGSLRLSCVVSGSDISGIAMGWYRQAPGKRREMVADIFSGGSTDYAGSVKGRFTISRDNAKKTSYLQMNNVKPEDTGVYYCRLYGSGDYWGQGTQVTVSS
seq255,QVQLVETGGGLVQPGGALRLSCAASVFGMDYYYIGWVRQAPGKEREGVSCISNIGRTHYADSVKGRFTISRDNAKNTVYLQMNSLKPEDTAVYYCAAAPLVGNYCPASYEYESWGQGTQVTVSS
seq256,QVQLVETGGGLVQAGGSLRLSCTASGRTSSFYALAWFRQGPGKEREFVAAIGWIDGSTRYTDSAKGRFTISRDAAKNTMYLQMNSLKPEDTAVYSCTARTQYGGSSADPKNYGYWGQGTQVTVS
seq257,QLQLVESGGGLVQPGGSLRLSCAASGQSLDNYIIGWFRQAPGKEREGVSCIDRTGTVTHYADSVKGRFTISTDNVKNTVYLEMNDLKPEDTATYFCAAERRWGVVSVCVISDYYFDSWGQGTQVTVSS
seq258,QVQLVETGGGLVQAGGSLRLSCAGSGRSFSAAVMGWFRQAPGKEREFVAALRQIIGSTHYADSVKGRFTISRDNAKNMLYLDMNSLKPTDTAAYYCTAGPPTMLDVSTDREYDTWGQGTQVTVSS
seq259,QVQLQESGGGSVQAGGSLRLSCAASGLTDSTCGMAWYRQAPGKERELVSTIITDGNTYYADSVKGRFTISQDNAKNRVFLQMNSLKPEDTAMYYCNSWSESKRLCLPDNYWGQGTQVTVSS
seq260,QVQLQESGGGLVQPGGSLRLSCAASGLIFRFSAMSWYRQGPGKERELVAGITSNGGTTNYADFAKGRFTISRDNAKNTVDLQMNSLKPEDTAVYYCHAGLRMDSRDWGQGTQVTVSS
seq261,QVQLQDSGGGLVQAGGSLRLSCAVSGLSFRSYGMGWFRQAPGKEREFVARISWIGGFTHYTDSVKGRFTISRDNAKNTLYLQMNSLKPEDTAVYYCAAPGAPYSDRGRNASEYGYWGQGTQVTVSS
seq262,QVQLQDSGGGLVQAGGSLTLSCTASGRSFSNHAMGWFRQAPGKERGFVAAVGWIAGNTYYADSVKGRFTISRDNAKNTLSLQMNNLKPEDTAVYYCAARNALRPVSNNLSDYTYWGQGTQVTVSS
seq263,QVQLQESGGGLVQPGGSLRLSCATSGIILRFTSMAWYRQAPGKERELVARITSSGSTRYADSVQGRFTISRDNVNKAVYLQMNNLEPEDTAVYYCNTQDLWGQGTQVTVSS
seq264,QVQLQESGGGLVQAGGSLRLSCAASRRLYSSYSLGWFRQAPGKEREFVAALGWIANGTYYADSAKGRFTISRGNAMVFLQMNSLKSEDTAVYYCAARLGSVREAPREYTYWGQGTQVTVSS
seq265,QVQLQDSGGGLVQAGGSLRLSCTASGRTFRLYNMGYFRQAPGKEREFVAAITWLGGRAYYADSVKGRFTISRDGAKNTLSLQMSSLKPEDTAVYYCAAKNRGSDSDVVRGYDYWGQGTQVTVSS
seq266,QVQLQESGGGLVQPGGSLRLSCATSGIILRFTSMAWYRQAPGKQRELVARITSSGRTSYADSVQGRFTISRDNVNKAVYLQMNSLEPEDTAVYYCNTQDLWGQGTPVTVSS
seq267,QVQLQESGGGLVQPGGSLRLSCAASGFTFSRSPMSWVRQAPGKGLDWVSDITYNGVTSYTDSVKGRFSISRDNVKNTLYLQMNSLKPEDTAVYYCAPGLRGRGSPRGQGTQVTVSS
seq268,QVQLQESGGGLVQPGGSLRLSCAASGFTFSRSPMSWVRQAPGKGLDWVSDISSGDGVTSYADSVKGRFSISRDNAKNTLYLQMNNLKPEDTAVYYCAPGLRGRGSPRGQGTQVTVSS
seq269,QVQLQDSGGGLVQPGGSLRLSCATSGIILRFTSMAWYRQAPGKQRELVARITSSGKTNYADSVQGRFTISRDNVNKAVYLQMNSLDPEDTAVYYCNTQDLWGQGTQVTVSS
seq270,QVQLQESGGGLVQPGGSLRLSCAASGFTFSRYTMSWYRQAPGKERELVAAITKSGTAINYADSVKGRFTISRDNAKNTLYLQMNSLKPEDTAVYYCARGGFTIAPLDSYWGQGTQVTVSS
seq271,QVHLVESGGGSVQSGGSLRLSCVASGQSTMCMAWFRQAPGKERETVASIDARGTTTYADLVKGRFTVGQDNGQNTLYLQMDDLKPEDTAMYCCAADPRGWWSSLSRPSDIVHWGQGTRVTVSS
seq272,QVQLVESGGGSVQAGESLRLSCAGSGNIYRRNYVGWFRQAPGKEREGVAIIYIGSRNTVYADSVKGRFTISQDNAKPTVYLQMNSLKPEDTAMYYCAAGLLRAADLGRELRSLLTSPNSVDYWGQGTQVTVSS
seq273,QVQLVESGGGSVQAGGSLRLSCASSTHTLRSHYMAWFRQVTGKEREGVAYIPGIGSTATDYADSVEGRFIISRDNTENTVYLQMADLKPEDAAMYYCAVRTGFSGSWTRQTDYAYWGQGTQVTVFS
seq274,QRQVVESGGGSVQAGETLELSCTGSGFTLDEADMGWYRQIPGHECELVASIGGFGQRYYAESVWGRFTISQDKAKNTVYLEMNSLKPEDTAVYYCSANRGFSRSHLTCPAPGGYWGQGTQVTVS
seq275,QVALEECGGVSVQAGGSLRLSCTAPGVASERCAIYWYRQAPGKEREWVLSLNRPGTTTTIDSVKGRFSVSRDKATETTFLQMDNLKPEDTGMYTCRTLGCAQATWGQGIQVTVSS
seq276,QMQLVESGGGSVQAGGSLRLSCAASGYTISTDCMGWFRQTPGKEREGIATLYTGDGRTYYADSVKGRFTISQDNAKNTMWLEMNSLKPEDTAMYYCAARPKSGARGCADLWDWYTYRGQGTQVTVSS
seq277,EVHLMESGGAWVQAGASLKLSCTGSGFNFSKDSLNWLRRAPGEQLEWVSGISGDGEDRRYSDFAEGRFTISRDNAKNTLYLEMDGLQTEDTAMYYCARSDMGVYRDRDVSAYRYRGQGTDVYV
seq278,QAQVVETGGGSVKAGGSLRLSCATSELIYMSNCMGWFRQAPGKKREGVASIYTGSGATYYPDYLKGRFTITRDNAKNMVFLQIDNLKVEDTAIYYCAAGGGD
seq279,QVTLAEAGGGSVQAGGSLKLSCDASTYRVSMGCMAWFRQSPGKEREGVASFDKHGATTYAESVKDRFTISKDQATLTLSLQMNSLKPEDTGTYYCAGVGAWWGLDGRPCSVGVDFDYWGQGTLVNVSS
seq280,QVQLVEFGGGSVQTGGSLRLSCEASKYTDSSHFMAWFRQAPGKEREGVAGIYLGGGSTYYADSVKGRFTIDQDKSKNTLYLRLDSLKPEDTAMYYCAAKRSSGSNGDWRAADSYTFWGQGTQVTVSS
seq281,EVQLVESGGGLVQPGGSLRLSCAASGFTFRSYVMSWVRQVPGKGLEWVAGVSGGGGGTYYADSVKGRFTVSRDNAKNTVYLQLNSLKTEDMGMYYCANSLGFTYGMDYWGKGTLVTISS
seq282,EVQFVESGGGSVQAGETLRLSCTASGLAFEKSEIAWYRQAAPGNECEVVSTISPDGSTYYKDSVKGRFTISQDKTKNTIFLQMNNLKPEDTAEYYCARWPRTLSAKTACHRGQGTQVTVSS
seq283,QVQLVESGGGSVQAGGSLRLSCTASGDVYSRVCMGWFRQAPGKERERVASIYTGGSSAYYADSVKGRFTISQDNAKSTTYLQMSSLKPEDTAMYYCATDARRGYWRPCNSIEYNYWGQGTQVTVSS
seq284,QVQLVESGGGSVQAGGSLRLSCATSKYTFSSACMAWFRQAPGKEREGVAAISRGGTYTDYADSVKGRFTITRDNEKNILYLQMNSLKAEDTAMYYCAARGHFRWLRVSLVPDEYDYWGQGTKVTVSS
seq285,QVQLQESGGGLVQAGGSLRLSCVASGITHSPVCMGWFRQAPGKEREGVATEYTAEGKLFYLESVKGRFTFSRDTTKNTISLEMNGLKPDDTAMYYCAADPDCRATWYRGGGAWGQGTQVTVSS
seq286,RVHVVLSGGGSVQAGGSLTLSCEASGYKDDFNCMGWFRQVPGKELESVATIAGEWQGPDYADFVNGRFTISQDPARNTVSLQMYNLQPNDTAMYYCATPSPGVTYGGNDQPCKYLEVRGQGTLVIVSS
seq287,QVQMVESGGGKVQVGGSLTLSCECSGSISSRNAIGWFRQAPGKEREGVAAIYVSGKGVYADSVRGRFTISQNTAKTTVYLQMNNLTIDDTATYVCASDYGWKLDGRLLGSESWGLQPSGYDYWGQGTQVTV
seq288,EAQVVESGGGSVKEGETLRLTCVASGFAFDDSDMAWYRQAPGRGCELVAAIQSSGFTEYRDSVKGRFTISQDSAKNTVYLQMNSLKPEDTGRYYCAEDSRTSAPCQGLWGQGTQVTVSS
seq289,QVHLGQSGGDSVQAGGNLTLTCVRSGTTSRVCLGWFRQAPGKEREGVAAIYPGGGEYYFVDSVKGRFTISRDEAGNAVYLRMHNLKPEDTAMYYCAADLITGW
seq290,RVQLAESGGGSVQIGGSLRLSCTASDYGYRRCNMAWYRRVPGKERELVARINNAGATFYVDSVQGRFSVSQDNYQDQWFLQMDNLKPEDTATYTCYADLSWDNCYSTASYWGQGTQVTVSS
seq291,QVQLVESGGGSVQTGGSLRLSCAAPGLTYGHNCVGWFRQAPGREREGVARIYTGGPTTYDGGPSTYYADSVKGRFTLSQDSAKTTVYLQMDRLKTEDTAMYYCAVAGGYCYDWEPARFSYWGQGTQVTVSS
seq292,QVQLEEAGGGSVQAGGSLRLSCAASGDSGVNYCMGWFRQAPGKEREGLATIVNRGTTNYADSVRGRFTISKVKKQLYLDMVNLKPEDTAMYYCASVHLWDGRAWYCPERTSDFTYWGRGTQVTVS
seq293,QVQLVESGGGSVQAGGSLRLSCTASGDVYSRVCMGWLRQAPGKERERVASIYTGGSNAYYADSVKGRFTISQDNAKSTTYLQMSSLKPEDTAMYYCATDARRGYWRPCNSIEYNYWGQGTQVTVSS
seq294,EVQLVESGGGLVQPGGSLRLSCLASGFGFSNYAMSWVRQAPGKGLEWVSQISSRGGSKYYADSVKGRFIISRDNAKNTVNLQLNSLKTEDMAIYYCAKDQMDWGASEYDVWGQGTQVTVSS
seq295,QVQLEESGGGSAQPGGFLRLRCTARTDTGSNLRMGWFRQAPGKEREGVGITYDFDGYTYYSFNSESLKDRFSITQDNVNAISLNMKNLQPEDTAMYYCAATPAPRIPGTITPDSRHYFPYWGQGTQVTVSS
seq296,QAQLRESGGGSVQPGGTLRLSCVASGYTVSSHCMGWFREAPGKEREGVAVIDSRGIITYAGSVKGRFTISKDNSKNTLYLQMNSLKPEDTALYYCATHLARGGGYCYDLSLSSRFDYWGQGTQVTVSS
seq297,QAQLRESGGGSVQPGGTLRLSCVASGYTVSSHCMGRFREAPGKEREGVAVIDSRGIITHAGSVKGRFTISKDNSKNTLYLQMNSLKPEDTALYYCATHLARGGGYCYDLSLSSRFDYWGQGTQVTVSS
seq298,QEELMESGGGPVQAGESLRLSCSASGFTSSRRCMGWFRQVPGQEREVVAVIFTGDSRTNYIDSVKGRFTITHDNAKDTVYLQMNSLKPEDTAMYFCAAGPRKVGSCDTSFSYKYWGQGTQVTVSS
seq299,QVRVMESGGGSVQAGGSLRLSCTASGNTIDNCVGWFRQAPGREREGVAYMHADDGTTVYADSVKGRFTISRDNAKNTVYLQMNNLKPEDTAMYYCAVNEFGVRVWSLCQSTRYNFWGQGTQVTVSS
seq300,EALLVESGGDLVQPGGSLRLSCAASGFTFSDNWMYWVRQAPGKGLEWVSTISSKSGDLTYTDSVKGRFTISRDNAKNTVSLQMNSLKPEDTAVYYCVRFGGWWYGSDWGQGTQVTVSS
seq301,QAQMVESGGGSVQAGGSLRLSCRASTYTYASACIAWFRQAPGKEREGVTAIYTGRGDTVYADSVKGRFTISQDNAENTVFLQMDSLKPEDTAMYYCAASSTTAALVWSPTCPLRGSDYNYWGQGTQVTVSS
seq302,EVQVVESGGGSVQAGGSLRLSCAASGDTYSRRCMGWFRQAPGKGREGVATIHTNGGGSTAYADSAKGRFTISQDNAKDTVYLQMQDLEPEDTAIYYCAAQYAASKTYGRSCGTALGDYKYWGQGTLVTVSS
seq303,QVQLVQSGGGLVQAGGSLRLSCAASGRTFSSYAMAWFRQAPGKEREFVAAISWSGANIYVADSVKGRFTISRDNAKDTVYLQMNSLKPEDTAVYYCAVKLGFAPVEERQYDYWGQGTQVTVSS
seq304,QVQLVQSGGGLVQPGGSLRLSCTASGSFFSINVMGWYRQAPGKERESVAVITSDGNTNYADSVKGRFTISRDNAKNAVYLQMNSLKPEDTAVYFCNARIWSGLDYWGQGTQVTVSS
seq305,DVQLVESGGGSVQGAAGGSLRLSCAASDITYSTDCMGWFRQAPGKEREGVATINNGRAITYYADSVKGRFTISQDNAKNTVYLQMNSLRPKDTAIYYCAARLRAGYCYPADYSMDYWGKGTQVTVSS
seq306,DVQLEESGGGSVQAGGSLRLSCAASGYIYSTYCMGWFRQAPGKEREGVAAINDVGGSVYYADSVKGRFTISQDIAQDTMYLQMNDLTPENTVTYTCAALRCLSDSDPDTRVHMYYDWGQGTQVTVSS
seq307,DVQLEESGGGSVQTGGSLRLSCAASGYTYSSACMGWFRQGPGKEREAVADVNTGGRRTYYADSVKGRFTISQDNTKDMRYLQMNNLKPEDTATYYCATGPRRRDYGLGPCDYNYWGQGTQVTVSS
seq308,EVQLEESGGGLVQPGGSLTLSCAASGYTFTNCAAGWYRQAPGKECELVASIFSGNRTNYADSVKGRFTISRDNTKDIVYLQMNSLKPEDTTVYYCDARTPCWGQGTQVTVSS
seq309,EVQLEESGGGSVQAGGSLRLSCAASGYTFLQLLHGWFRQAPGKEREVVARFNTDINKTFYLESVKGRFTLSQDNAKNTLYLQMNSLKPEDTAIYYCAASRPDSTCDYFAYRGQGTQVTVSS
seq310,SLVQAGGSLRLACAASASGYTESVKWMGWFRQAPGQEREGVAVISIPGGSTYYDDHVKGRFTISQDNAQNTVYLQMNSLKPEDTAMYYCAARNAGGRFRPSAAGGYNYWGQGTQVTVSS
seq311,DVQLQASGGGLVQAGGSLRLSCAASGRTSSMYSMVWFRQAPGKEREFVAGIIWTSSLTYYADSLKGRFTISRDNAKNTVYLQMNSLKPEDTAIYYCAADTKTGGGGYEYWGQVTVTVSS
seq312,EVQLQASGGGLVQPGGSLRLSCAASGSIFSSDVMGWFRQAPGKERELVAFISDGATNYADSVKGRFTISRDNAENTVSLQMNSLKPEDTAVYYCNARYYSGGYRNYWGQGTQVTVT
seq313,EVQLQASGGGLVQAGGSLRLSCAASGSIFSSDVMAWFRQAPGKERELVAMITDDGDTNYADSVKGRFTISRDNAENTVSLQMNSLKPEDTAVYYCNARYYSGGYRNYWGQGTQVTVT
seq314,EVQLQASGGGLVQPGGSLRLSCAASGSIFSSDVMGWFRQAPGKERELVAFITDDGGTNYADSVKGRFTISRDNAENTVSLQMNSLKPEDTAVYYCNARYYSGGYRNYWGQVTVTVSS
seq315,DVQLQASGGGLVQPGGSLRLSCAASGSIFSSDVMAWFRQAPGKERELVAMITDDGGTNYADSVKGRFTISRDGAKNMVSLQMNSLKPEDTAVYYCNARYYSGTYRSYWGQVTVTVSS
seq316,DVQLQASGGGLVQPGGSLRLSCAASGSIFSSDVMAWFRQAPGKERELVAMITDDGGTNYADSVKGRFTISRDGAKSMVSLQMNSLKPEDTAVYYCNARYYSGTYRSYWGQGTQVTVT
seq317,EVQLQASGGGLVQAGGSLKLSCAASGRTASSLTFGWFRQAPGKERDFVAGISWSGGSTNLADSVKGRFTISRDNAKNTVYLQMNSLKPEDTAVYYCAANEYGLPTHAHPAYDYWGQGTQVTVT
seq318,EVQLQASGGGLVQAGGSLRLSCAASGRTSSMYSMVWFRQAPGKEREFVAGIIWTSSLTYYADSLKGRFTISRDNAKNTVYLQMNSLKPEDTAIYYCAADTKTGGGGYEYWGQVTVTVSS
seq319,DVQLQASGGGLVQAGGSLRLSCAASGRTFSSLTFGWFRQAPGKERDFVAGISWSGGSTNLADSVKGRFTISRDNAKNTVYLQMNSLKPEDTAVYYCAANEYGLPTWAHPAYDYWDQGTQVTVT
seq320,EVQLQASGGGLVQAGGSLRLSCAASGRTFSSLTFGWFRQAPGKERDFVAGISWSGGSTNLADSVKGRFTISRDNAKNTVYLQMNSLKPEDTAVYYCAANEYGLPTWAHPAYDYWGQGTQVTVT
seq321,EVQLQASGGGLVQAGGSLRLSCAASGPTYDSYGMAWFRQGPGQGREFVAAISLSHSTTYYADSVKGRFTISRGNAENTVYLQMNSLKPEDTAVYTCAIGNLRIAVPPSSVGYDYWGQGTQVTVT
seq322,DVQLQASGGGLVQAGGSLRLSCAASGNIDTIDVMGWYRQAPGRQRELVADITSQGSTNYADSVKGRFTISRDNAKNTVYLQMNNLEPEDTAVYYCAQWILSTDHSYKHYWGQGTQVTVT
seq323,EVQLQASGGGLVQAGGSLGLSCAASGNIDTIDVMGWYRQAPGKQRELVADITSQGSTNYADSVKGRFTISRDNAKNTVYLQMNNLEPEDTAVYYCAQWILSTDHSYKHYWGQGTQVTVT
seq324,DVQLQASGGGLVQAGGSLRLSCAASGNINTIDVMGWYRQAPGKQRELVADITRLASANYADSVKGRFTISRDNAKNTVYLQMNNLEPKDTAVYYCAQWILSTDHSYMHYWGQGTQVTVT
seq325,EVQLQASGGGLVQAGGSLRLSCAASGRTDSTYAMAWFRQAPGKEREFVAAITYTGGTTHYADSVKGRFTISRDVAKDIMYLQMNSLKPEDTAVYYCAEKRSSWYRPFGVDEFGSWGQGTQVTVT
seq326,DVQLQASGGGLVQAGGSLRLSCAASGPIYESYGMAWFRQGPGQGREFVAAIHLSSSTTYYGDSVKGRFTISRDNAQNMVYLQMNSLKPEDTAIYFCAIGNLRIAVPPTSVGYDYWGQGTQVTVT
seq327,EVQLQASGGGLVQAGGSLRLSCAASGNINTIDVMGWYRQAPGKQRELVADITRLASANYADSVKGRFTISRDNAKNTVYLQMNNLEPKDTAVYYCAQWILSTDHSYMHYWGQGTQVTVT
seq328,EVQLQASGGGLVQAGGSLRLSCAASGNIDTIDVMGWYRQAPGKQRELVADITSQGSTNYADSVKGRFTISRDNAKNTVYLQMNNLEPEDTAVYYCAQWILSTDHSYKHYWGQGTQVTVT
seq329,DVQLQASGGGLVQAGGSLRLSCAASGNIDTIDVMGWYRQAPGKQRELVADITSQGSTNYADSVKGRFTISRDNAKNTVYLQMNNLEPEDTAVYYCAQWILSTDHSYKHYWGQGTQVTVT
seq330,EVQLQASGGGLVQAGGSLRLSCAASGGTFSNPSMGWFRQAPGKEREFVAAVSWSAGSTYYADSVKGRFTISRDNAKNTVDLRMTSLKPEDTAVYYCSATYYNGEYYLLRADRYQHWGQGTQVTVTV
seq331,EVQLVESGGGSVQAGGSLRLSCAASGDTYSRRCMGWFRQAPGKEREGVATIHTNGGGSTAYADSAKGRFTISQDNAKDTVYLQMQDLEPEDTAIYYCAAQYAASKTYGRSCGTALGDYKYWGQGTQVTVSS
seq332,EVQVVESGGGSVQAGGSLRLSCAASGDTYSRRCMGWFRQAPGKEREGVATIHTNGGGSTAYADPAKGRFTISQDNAKDTVYLQMQDLEPEDTAIYYCAAQYAASKTYGRSCGTALGDYKYWGQGTLVTVSS
seq333,HVQLVESGGGSVQAGGSLRLSCAASGYTYSSNCMGWFRQAPGKEREGVAGVYAGGGWIYYADSVKGRFAISQDNAKNMVYLQMNSLKPEDTAMYYCVAGGSLYSGSCSRYWDEYRYRGQGTQVTVSS
seq334,HVQLVESGGGSVQAGGSLRLSCTYSVYTYSSDSMAWFRQAPGKEREGVAGIYIGSGSTLYADSGKGRFTISQDKAKNTVYLQMNSLKPEDTALYYCAAGGNWYDGVLNVERAFAYWGQGTQVTVSS
seq335,DVQLVESGGGSVQAGGSLRLSCTYSVYTHSGDSMAWFRQAPGKAREGVAGIYIGSGSTLYADSVKGRFTISQDKAKNTVYLQMNSLKPEDTALYYCAAGGNWYDGVLNVERAFAYWGQGTQVTVSS
seq336,HVQLVESGGGSVQAGGSLRLSCTYSVYTYSSDSMAWFRQAPGKEREGVAGIYIGSGSTLYADSVKGRFTISQDKAKNTVYLQMNSLKPEDTALYYCAAGGNWYDGVLNVERAFAYWGQGTQVTVSS
seq337,DVQLVESGGGAVQAGGSLRLSCAASRYTYSSACMGWFRQAPGKEREAVAGIYTGSGRTYIADSVKGRFTISQDNAKNTVYLQMNSLEPEDTAMYYCVAGGSYYSGSCSRYGDEWRYWGQGTQVTVSS
seq338,QVQLQESGGGLVQAGGSLRLSCEASGNVDRIDAMGWFRQAPGKQREFVGYISEGGILNYGDFVKGRFTISRDNAKNTVYLQMSNLKSEDTGVYFCAASHWGTLLIKGIEHWGKGTQVTVSS
seq339,QVQLQESGGGLVQPGGSLRLSCTASGSISSINAMGWYRQAPGSKREFVAHITNTGVTEFADSVKGRFTISRDNAKTTVDLQMNSLKPEDTAVYYCAATDWGTLLIKGIDHWGKGTQVTVSS
seq340,QVQLQESGGGLVQAGGSLRLSCAASGLTFDTYAMGWFRQAPGKKREYVAAISWTGISTYYADIAKGRFTISRDNAKNTLYLQMDSLKPEDTAVYYCAAQKSLNVPAPWDYWGQGTQVTVSS
seq341,QVQLQESGGGLVQAGGSLRLSCAASGLTFDTYAMGWFRQAPGKKREYVAAISWTGISTYYADIAKGRFTISRDNAKNTLYLQMDSLKPEDTAVYYCAAQRSLNVPAPWDYWGQGTQVTVSS
seq342,EVQLVESGGGLVQPGGSLRLSCAASRSIISNNAMGWYRQAPGKQRELVARISSGGRTTYADSVKGRFTISRDNAKTTVYLQMNSLKPEDTAVYYCNAASLVRGPLDHWGQGTQVTVSS
seq343,EVQLVESGGGLVQAGGSLRLSCAASGRSFSRDAMGWFRQAPGKERDVVAAINLNGGRTYSADSVKGRFTISRDNDKNTVYLQMSNLKPEDTAVYYCAAREGDVGLVSYKRSSNYPYWGQGTQVTVSS
seq344,HVQLVESGGGSVQAGGSLRLSCKASGYAYVSNCLAWFRQAPGKEREEVAAIYSGGGSTYYADSVKGRFTISLDIPKSAVYLQMNSLKPDDTAMYYCAALSGVCDGGPSMTAIQGIGVQGTQVTVSS
seq345,HVQLVESGGGSVQAGGSLRLSCAASGDGYMRNCMGWFRQAPGKEREGVAIVATGGRSLYYADFMKGRFTISQDNPKNTLYLQMNILEPEDTAMYYCAAETRGDCSGGYLGPDPYNYWGQGTQVTVSS
seq346,QVQLVESGGGSVQAGGSLRLSCTASGYTYSSNYLGWFRQTPGKEREGVAAIYRGGLRGGGRTYYADSVKGRFTISRDNAENTVYLEMNGLIPEDTAMYYCAASTGRLWAGYDWYRPEPYNFWGQGTQVTVSS
seq347,HVQLVESGGGSVQAGGSLKLSCAVSGHISSTCGRGWYRQAPGKERELVSIITSDGTIVYADSVKGRFTISQDNVENTLSLQMNSLKTDDTGVYYCAACRYWWGQGTLVTVSS
seq348,QVQLVESGGGSVQAGGSLRLSCVASGYTYSRYYMGWFRQAPGKEREGVATFDSDGRTIYADSVKGRFTISKDNAKNTLYLQMNNLKLEDTAMYYCAAKIPPKTWFEYNYWGQGTLVTVSS
seq349,DVQLVESGGGSVQAGGSLRLSCAASGYTYGSNFMGWFRQAPGKEREGVAYIDGDGSTTYAGSVKGRFTISKDNAHNTLYLQMNSLKPDDTAAYYCASTRHDTRATLEDLWYNYWGQGTQVTVSS
seq350,QVQLVESGGGSVQAGGSLRLSCAASGYVYISYCMGWFRQAPGKEREGVAAIYTGGGTTSYADSVKGRFTISQDNAKNTVYLQMNSLKPEDTAMYYCAADCSIATIAPGSPLIEFGFWGQGTLVTVSS
seq351,DVQLVESGGGSVQAGGSLRLSCAASGYTYSSNCMGWFRQAPGKEREGVAAIYTVGGSTYYTDSVKGRFTISKDNAKNTLYLQMNSLKPEDTTMYYCAAGWSRADSWCYLPDLGYWGQGTQVTVSS
seq352,QVQLVESGGGSVQAGGSLRLSCATSGYRTSNYCMGWFRQAPGKEREEVATIDRVDTTTYAGSVKGRFTISKDNAKNTLYLQMNSLKPEDTAMYYCAASLRYYCNPKEGLFKNWGQGTLVTVSS
seq353,EVQLVESGGGLVQPGGSLRLSCATSGFTFSIYDMSWVRQAPEKGLEWVSQIKSDGSTTYYADSVKGRFSISRDNAKNTLYLQMNNLKTEDTAAYYCATDTEVIAGRPVSRELNRRGQGTLVTVSS
seq354,HVQLVESGGGSVQAGGSLRLSCVASEYTYSSYCMGWFRQSPGKERQGVAVIDSDGSTHYADSVKDRFTISKDNAKNTLYLQMNNLKPEDTAVYYCALDYYSDYDESCDYNYWGQGTQVTVSS
seq355,DVQLVESGGGSVQAGGSLRLSCAASGYTYSSSNCIGWFRQAPGKEREGVATIYTGGGITYYADSVKGRFAISQDNAKNTVYLQMNSLKPEDTAMYYCATQRAEWGECILDDYNYWGQGTQVTVSS
seq356,QVQLVESGGGLVQAGGSLRLSCIASGLTFNNYAWGWFRQAPGKEREGVSCINWSGGSTYYADSVKGRFTISRDNAKNTLYLQMNSLKPEDTAMYYCAASHDLEVVTTVQALGAMTPRAYSYWGQGTLVTVSS
seq357,QVQLVESGGGSVQAGGSLRLSCAVSGSYPSSTLCMGWFRQSPGKEREGVATIDSDGSTSHIDSVKGRFSLSRDNAKNTMYLQMNNLEPEDTGMYYCAADPVGYWSRAGECQPRKDYFGYWGQGTQVTVSS
seq358,EVQLVESGGGSVQAGGSLRLSCRASRYTYSRMCMGWFRQTPGKEREGVAAIDSAGNTNYVDSVKGRFTISQDNAKNTLYLQMNSLKPEDTAIYYCAAVASVVAHRCSPSPDYNYWGQGTQVTVSS
seq359,QVQLVESGGGSVQAGGSLRLSCAASGYTYSSYCMGWFRQAPGKEREGVAAIDSDGSTSYADSVKGRFTISQDIAKNTLYLQMNSLKPEDTAMYYCAAVWGSGCSGGYPRLGYWGQGTLVTVSS
seq360,HVQLVESGGGSVQAGGSLRLSCTASGFTFDDSDMGWYRQAPGNECELVSTISSDGSTYYADSVKGRFTISQDNAKNTLYLQMNSLKPEDTALYYCAADYGWGGYCYNLETFGFGYWGQGTLVTVSS
seq361,HVQLVESGGGSVQAGGSLRRSCAASGYIASRNCMGWFRQAPGKEHEGVAAIYTGGGSTYYADSVKGRFTISQDNAKNTVYLQMNSLKPEDTAMYYCAAGYGGDCVGDFGYWGQGTLVTVSS
seq362,QVQLVESGGGSVQAGGSLRLSCAASGYTFSRYCMGWFRQAPGKEREGVATIYPGGGTTYYDYSMEGLFIFSHDNANNLVYLLMNLLKADDAVLYCCAEYWLDGRDCYSIYDYNYWTQVTHVMFSS
seq363,QVQLVESGGGLVQPGGSLRLSCVASGFTFVEYTMGWIRQAPGKGMEWVSTLSWNGITTHYADSVKGRFTISRDSAKNTMYLHMNALKPEDTAVYYCARLKWAGYYKDWSALTDFDTWGQGTLVTVSS
seq364,QVQLVESGGGSVQAGGSLRLSCAASGYTYSSNCMGWFRQAPGKEREGVAAIYTGGGSTYYADSVKGRFTISQDNAKNTVYLQMNSLKPEDTAMYYCAVPPRNREAGDCYSGSWSKPREYNYWGQGTQVTVSS
seq365,QVQLVESGGGSVQAGGSLRLSCVASGYTYSSYCMGWFRQAPGKEREGVGAIDSDGSTSYADPVKGRSTISKDNVANTLYLQMNSLKPEDTAMYYCAAHVLCRLLKVLGIRGQGTLVTVSS
seq366,QVQLVESGGGSVQAGGSLRLSCAASGHTFSVLSMGWFRQAPGKDREGVAAIDSDGSTRYADSVKGRFTISKDNAKNTLYLHMNSLKPEDTAMYYCAADLFGLLFRLLEAESYNYRGQGTLVTVSS
seq367,QVQLVESGGGSVQAGGSLRLSCAASGYTYSGNYMGWFRQAPGKEREGVGVISTDGSSTAYDDPVKGLFTISQDNAKNTLYLQMNGLKTDDTAVYYCATGRPNARASRGQGTQGTVSS
seq368,QVQLVESGGGSVQAGGSLKLSCAASGYIFSSCGMGWYRQAPGKERELVSTISSDGTTSYADSVKGRFTISQDNAKSTLYLQMNSLKTEDTAVYYCAADPWYPAACNYWGQGTQVTVSS
seq369,QVQLVESGGGLVQAGGSLRLSCAASGRTFSTSTLGWFRQAPGKEREFVAAISWLGGRTNYADSVKGRFTISRDSAKNTLFLQLNSLKPEDTAVYYCYARRLGVDYWGQGTQVTVSS
seq370,QVQLVESGGGLVQAGGSLRLSCAASGRTFSTSTLGWFRQAPGKEREFVAAISWLGGRTNYADSVKGRFTISRDSAKNTLFLQLNSLKPEDTAVYYCNRVGPLGSTPREWGQGTQVTVSS
seq371,QVQLVESGGGLVQPGASLRLSCAASRSIFRFYAMGWYRQAPGKQRELVASITRGGITNYADSVKGRFTISRDNAKNTVYLQMNSLKPEDTAVYYCNRVGPLGSTPREWGQGTQVTVSS
seq372,QVQLVESGGGLVQPGGSLRLSCAASRSIFRFYAMGWYRQAPGKQRELVASITRGGITNYADSVKGRFTISRDNAKNTVYLQMNSLKPEDTAVYYCYARRIGRDYWGQGTQVTVSS
seq373,QVQLQESGGGLVQPGGSLRLSCAASGTILQFAPMGWYRQAPGKLRELVASIAGIYSGEYTGYADSVKGRFTISRDNAKNTVYLQMNSLKPEDTAVYYCNLNPVAWNWGQGTQVTVSS
seq374,QVQLQESGGGLVQPGGSLRLSCAASGFTFSTYAMSWYRQAPGKERELVARYSSGGITNYANSVKARFTISRDNAKNTVYLQMNSLKPEDTAVYYCYAKNVWTNSDYWGKGTLVTVSS
seq375,QVQLQESGGGLVQPGGSLRLSCAASGITFSIYRMSWYRQAPGKERELVAFITSGGYTNYVESVKGRLTISRDNAKSTVSLQMSSLKPEDTAVYYCNANNPWKTADDGPSSYWGQGTLVTVSS
seq376,QVQLQESGGGLVRPGGSLGLSCAASGITFSIYRMGWYRQAPGKERELVAFITSGGYTDYINSVKGRFTISRDNAKNTVSLQMSSLKPEDTAVYYCNAVNPWKTADGGPSNYWGKGTLVTVSS
seq377,QVQLQESGGGLVQPGGSLRLSCAASGFTFSTYSIRWYRQAPGKERELVAYINSGGITNYATSVKGRFTISRDNAKNTVFLQMNSLKPDDTAVYYCNALWPYGTENYWGQGTLVTVSS
seq378,QVQLQESGGGLVQPGGSLRLSCAAPGITFRIYLMGWYRQAPGKQREVVARIGSGGYTNYADSVKGRFTISRDNAKNTVDLQMNSLKPEDTAVYYCNANWGATNFWGKGILVTVSS
seq379,QVQLQESGGGLVQPGRSLRLSCAASGTILQFAPMGWYRQAPGKLRELVASIAGIYSGEYTGYADSVKGRFTISRDNAKNTVYLQMSSLKPEDTAVYYCNLNPVQWNWGKGTQVTVSS
seq380,QVQLQESGGGLVQPGGSLRLSCAASGITFRLYRMSWYRQAPGKERELVAFITSGGYTNYAESVKGRLTISRDNAKNTVALQMNSLKPEDTAVYYCNANWGATNFWGQGTLVTVSS
seq381,QVQLQESGGGLVQPGGSLRLSCAASGTILQFAPMGWYRQAPGKLRELVASIAGIYSGEYTTYVDSVKCRFTISRDNAKNTVYLQMNSLKPEDAAVYYCNKNPVAWNWGQGTLVTVSS
seq382,QVQLQESGGGLVQPGGSLRLSCAASGTILQFAPMGWYRQAPGKQRELVASIAGIYSGAYTTYVDSVKGRFTISRDNPKNTVYLQMNGLKPEDTAVYYCNKNPVAWNWGQGTQVTVSS
seq383,QVQLQESGGGLVQPGGSLRLSCAASGITFSIYRMSWYRQAPGKERELVAFITSGGYTDYVESVKGRLTISRDNAKNTVALQMSSLKPEDTAVYYCNANNPWKTADGGPNNYWGKGTQVTASS
seq384,QVQLQESGGGLVQPGGSLRLSCAAPGLTFSIYLMGWYRQAPGKQREVVARIGSGGYTNYADSVKGRFTISRDNAKNTVDLQMNSLKPEDTAVYYCNANWGATNHWGKGTQVTVSS
seq385,QVQLQESGGGLVQPGGSLRLSCAASGITFSIYRMSWYRQAPGKERELVAFITSGGYTNYVEPVKGRLTISRDNAKNTVSLQMSSLKPEDTAVYYCNANNPWKTADDGPSNYWGKGILVTVSS
seq386,QVQLQESGGGLVQPGGSLRLSCAASGTILQFASMGWYRQAPGKQRELVASITGIHSGGNTNYADSVKGRFTISRDNAKNTVYLQMNSLKPEDTAAYYCNLNPVAWKWGKGTQVTVSS
seq387,QVQLQESGGGLVQPGGSLRLSCAASGITFSIYRMSWYRQAPGKERELVAFITSGGYTNYVESVKGRLTISRDNAKNTVALRMSSLKPEDTAVYYCNANNPWKTADDGPNNYWGQGTLVTVSS
seq388,QVQLQESGGGLVQPGGSLRLSCAASGITFSIYRMGWYRQAPGKERELVAFITSGGYTDYINSVKGRFTISRDNAKNTVSLQMSSLKPEDTAVYYCNAVNPWKTADGGPSNYWGQGIQVTVSS
seq389,QVQLQESGGGLVQPGGSLRLSCAASGITFSIYRMSWYRQAPGKERELVAFITSGGYTNYVESVKGRLTISRDNAKNTVALQMSSLKPEDTAVYYCNAVNPWKTADGGPANYWGKGTQVTVSS
seq390,QVQLQESGGGLVQPGGSLRLSCAASGTILQFAPMGWYRQAPGKQRELVASIAGIYSGAYTTYVDSVKGRFTISRDNPKNTVYLQMNSLKPEDTAVYYCNLNPVAWKWGKGTQVTVL
seq391,QVQLQESGGGLVQPGGSLRLSCAASGITFSIYRMSWYRQAPGKERELVAFITSGGYTNYVESVKGRFTISRDNAKNTVALQMSSLKPEDTAVYYCNANNPWKTADDGPNNYWGKGTQVTVSS
seq392,QVQLQESGGGLVQPGGSLRLSCAASGTILQFAPMGWYRQAPGKQRELVASITGIHSGGNTNYADSVKGRFTISRDNPKNTVYLQMNSLKPEDTAVYYCNLNPVQWNWGQGTLVTVSS
seq393,QVQLQESGGGLVQPGGSLRLSCAASGTILQFAPMGWYRQAPGKLRELVASIAGIYSGEYTGYADSVKGRFTISRDNAKNTVYLQMNSLKPEDTAVYYCNKNPVAWNWGKGTQVTVSS
seq394,QVQLQESGGGLVQPGGSLRLSCAAPGITFRLYLMGWYRQAPGKQREVVARIGSGGYTNYADSVKGRFTISRDNAKNTVDLQMNSLKPEDTAVYYCNANWGATNFWGKGTLVTVSS
seq395,QVQLQESGGGLVQPGGSLRLSCAAPGITFRIYVMGWYRQAPGKQREVVARVGSGGYTDYADSVKGRFTISRDNAKNTVDLQMNSLKPEDTAVYYCNANWGATNFWGQGTQVTVSS
seq396,QVQLQESGGGLVQPGGSLRLSCAAPGLTFRLYLMGWYRQAPGKQREVVARIGSGGYTNYADSVKGRFTISRDNAKNTVDLQMNSLKPEDTAVYYCNANWGATNHWGQGTQVTVSS
seq397,QVQLQESGGGLVQPGGSLRLSCAAPGLTFSIYFMGWYRQAPGKQREVVARIGSGGYTNYADSVKGRFTISRDNAKNTVDLQMNSLKPEDTAVYYCNANWGATNHWGKGTQVTVSS
seq398,QVQLQESGGGLVQPGGSLRLSCAAPGITFRLYLMGWYRQAPGKQREVVARIGSGGYTNYADSVKGRFTISRDNAKNTVDLQMNSLKPEDTAVYYCNANWGATNFWGQGTLVTVSS
seq399,DVQLVESGGGSVLTGGSLRLSCAAPGITYRMYCMAWFRQPPGQEREMVATVNRIDRAGGRTYYADSVKGRFTISQDNAKDTLYLQMNSLKPEDTAIYLCAARDTGCTSGSAQGTEFAYWGRGTQVTVSS
seq400,DVQLVESGGGSVLTGGSLRLSCAAPGITYRMYCMAWFRQPPGQEREMVATVNRIDRAGGRTYYADSVKGRFTISQDNAKDTLYLQMNSLKPEDTAIYLCAARDIGCASGSAQGTEFAYWGRGTQVTVSS
seq401,DVQLVESGGGSVLTGGSLRLSCAAPGITVRMYCMAWFRQPPGQEREMVATVNRIDRAGGRTYYADSVKGRFTISQDNAKDTLYLQMNSLKPEDTAIYLCAARDYGCYSGSAQGTEFAYWGRGTQVTVSS
seq402,DVQLVESGGGSVLTGGSLRLSCAAPGITLRMYCMAWFRQPPGQEREMVATVNRIDRAGGRTYYADSVKGRFTISQDNAKDTLYLQMNSLKPEDTAIYLCAARDYGCSSGSAQGTEFAYWGRGTQVTVSS
seq403,DVQLVESGGGSVLTGGSLRLSCAAPGITYRMYCMAWFRQPPGQEREMVATVNRIDRAGGRTYYADSVKGRFTISQDNAKDTLYLQMNSLKPEDTAIYLCAARDFGCFSGSAQGTEFAYWGRGTQVTVSS
seq404,DVQLVESGGGSVLTGGSLRLSCAAPGITARMYCMAWFRQPPGQEREMVATVNRIDRAGGRTYYADSVKGRFTISQDNAKDTLYLQMNSLKPEDTAIYLCAARDFGCVSGSAQGTEFAYWGRGTQVTVSS
seq405,DVQLVESGGGSVLTGGSLRLSCAAPGITVRMYCMAWFRQPPGQEREMVATVNRIDRAGGRTYYADSVKGRFTISQDNAKDTLYLQMNSLKPEDTAIYLCAARDFGCDSGSAQGTEFAYWGRGTQVTVSS
seq406,QVQLVQSGGGLIHPGGSLSLSCVGSGLSVSGSYMSWVRLAPGKGLEWVSILYKGGSTYYSDAVKGRFTISRDKSKNTLYLQMNSLKVEDTAVYYCARDYRAGSWPRQGLDVWGQGTMVTVSS
seq407,EVQLQASGGGLVQAGGSLRLSCAASGSTFRINRMGWYRQAPGKQRELVASINSGGSTNYADSVKGRFTISRDNAKGTVNLTMNSLKPEDTAVYYCNRVTPWPYWGQGTQVTVSS
seq408,EVQLQASGGGLVQAGGSLRLSCAASGSTFSINVIGWYRQAPGKQRELVAGISRSGNTNYADSVEGRFTISRDYAKNTVYLQMNSLKPEDTAVYYCHSKTYLLHMYWGQGTQVTVSS
seq409,EVQLQASGGGLVQAGGSLRLSCSASASTTFSMNTMAWHRQAPGKQRSLVALIGATHSINYEDSVKGRFTISRDNAKNTVYLQMSSLKPEDTAVYYCNDWYWQMKGGSWGQGTQVTVSS
seq410,EVQLQASGGGLVEPGGSLRLSCAASESIWVNVMDWYRQAPGKQRELVAAITRGGVTNYADSVKGRFTISRDNAKNMMFLQMHSLLPEDTAVYYCHARTWRDYWGQGTQVT
seq411,EVQLQASGGGLVQPGGSLRLSCAASASIFSIDGMGWYRQAPGKQRELVAGITSGGSTNYADSVKGRFTISRDNAKNMMFLQMRSLLPENTAVYYCHARTWRDYWGQGTQVTVSS
seq412,EVQLQASGGGLVQTGGSLRLSCVASGRTFSSYAMGWFRQAPGKEREFVAAVSQSGVRTNYADSVKGRFTISRDNAKFTVYLQTNSLKPEDTALYYCAATTKPFLGVRMFQPEYWGQDVQ
seq413,DVQLQASGGGLVQPGGSLRLSCAASGSIFSNHAMGWYRQPPGKQREFVANIFSGGRINYADFVKGRFTISRDNAKNTVYLQMNKLKPEDTAVYPCNAWRLGYDYWGQGTQVTVSS
seq414,DVQLQASGGGLVQPGGSLRLSCAASGIVFRVSTMGWYRQAPGKQRELVATISSGGSTNYADSVKGRFTIYRDNAKNTVYLQMNSLKPEDTAVYYCNANTGLRTLSFWGQGTQVTVSS
seq415,EVQLQASGGGLVQAGGSLRLSCAASERTFSNARMAWFRQAPGQEREFVAAISWSGTTTNYADSVKGRFTISRDNAKNTVYLQMNSLKPEDTAVYYCAADGSWRGVCNNVYDYWGQGTQVTVSS
seq416,EVQLQASGGGLVQAGGSLRLSCAASGGTLSSYVMGWFRQAPGKEREIVAAIRSSGSAWYADSVQGRFTISRDGARNTVYLQMNSLKPEDTAVYYCAAKKGITVFTRDSSYDYWGQGTQVTVS
seq417,RVQLQASGGGLVQAGGSLRLSCAASGRTLSSYAMGWFRQAPGKDREFVAAISWSGTRTSYADSVKGRFTISRDNAKNTVYLQMNSLKPEDTAVYYCAMRSMRSNLYTVYEAPHDYDYWGQGTQVTVSS
seq418,EVQLQASGGGLVQAGGSLRLACAASGRTFRSYAMGWFRQAPGKEREGVSCISSNDGSTYYADSVKGRFTISRDNAENTMYLQMNGLKPEDTAVYYCASAKW
seq419,CELQASGGGLVQPGGSLRLSCAASGSIFSNHAMGWYRQPPGKQREFVANIFSGGRINYADFVKGRFTISRDNAKNTVYLQMNKLKPEDTAVYLCNAWRLGYDYWGQGTQVTVSS
seq420,EVQLQASGGGLLQAGDSLRLSCAASGRTFSTYNMAWFRQAPGKERELVAAITWSGGTYYADSVKGRFTISRDNAKNTVSLQMDSLKPEDTAVYYCTRSRRASYFGDPTDFRSWGQGTQVTVSS
seq421,EVKLVESGGGLVQPGGSLRLSCVGSVFDFSSYAVSWVRQAPGKGLEWLAAIYSGGSSYYADSVKGRFTISKDNSQNTAYLQMNSLRTEDTARYYCATGMEF
seq422,QVQLVESGGGLVQAGGSLRLSCVASGISFSSAAMDWYRQAPGSQRELVASISIFGRTAYADSVKGRFTISRDNAKNAVYLQMNRLKPEDTAVYYCHVDPLDLFRKAGDYWGQGTQVTVSS
seq423,QVQLVESGGGLVQTGGSQRLSCVASGSIFGFFFMAWYRQAPGKQRELVASITGDSDTNYVDSVKGRFTISRDNGVNTVSLQMNGLKPEDTAVYYCNAKSRIPRTQEYWGQGTQVTVSS
seq424,QVQLVESGGGLVQAGGSLRLSCIASGSILRIDTMAWYRQAPGQQRELVAVITDGGSTSYGDPVKGRFRISRDNAKNTASLQMNSLKPEDTAVYYCNAEAPGLFRNSRRSYWGQGTQVTVSS
seq425,DVQLQASGGGVVQPGGSLRLSCAAHDPIFDKNLMGWGRQAPGKQREYVATISGSGGTNYASSVEGRFTISRDNAKKTVYLQMNDLKPEDTAVYYCNSAFAIWGQGTQVTVSS
seq426,DVQLQASGGGSVQAGDSLRLSCAASGRPFSSFAMGWFRQAPGKEREFVAAISASGGETYYTGSLKGRFTISRDNAKNTVYLQMDSLKPEDTGVYYCAATINGAARRGQGTQVTVSS
seq427,DVQLQASGGGLVQAGDSLRLSCAASGRTFSSYHMGWFRQAPGKEREFVAAINWSGDTTYYEASVKGRFTISRDNAKNTMYLQMNSLKPEDTAVYRCAAQTRPRPYGTSRAEGDYGYWGQGTQVTVSS
seq428,DVQLQASGGGLVQPGGSRRLSCAASGSLSRITVMGWYRQAPGKQRELVAIITSSGGTDYADSVKGRFTISKDNAKALMYLQMTSLRPEDTAVYYCVGKSRDSAGLSWDYWGQGTQVTVSS
seq429,QVQLQESGGGLVQTGGSLRLSCAASGRTSSDYSVGWFRQAPGKEREFLAVMMLSGTGTYYADSVKGRAAISRDLAKNTVYLEMNSLKPEDTAVYYCALDRAGWLRTEENVYDYWGQGTQVTVSS
seq430,QVQLQESGGGLVQPGGSLRLSCAVSGAPFRESTMAWYRQTPGKERETVAFITSGGSKTYGVSVQGRFTISRDSDRRTVLLQMNNLQPEDTAVYYCHRALSNTWGQGIQVTVSS
seq431,QVQLQESGGGLVQPGGSLRLSCVVSGEGFSNYPMGWYRQAPGKQRELVAAMSEGGDRTNYADAVKGRFTISRDNAKKTVYLQMSSLKPEDTAVYYCNAARWDLGPAPFGSWGQGTQVTVSS
seq432,QVQLQESGGGTVQAGDSLRLSCAASARTISTYSMGWFRQAPGKEREFVAHISRTGSNTLYADSVKGRFIISRDNAKNTMYLQMNSLKPADAAVYYCAAGLATWLATQTDNYDYWGQGTQVTVSS
seq433,QVQLQESGGGLVQAGGSLRLSCTASRRTGSNWCMGWFRQLAGKEPELVVALNFDYDMTYYADSVKGRFTVSRDSGKNTVYLQMNSLKPEDTAIYYCAARSGGFSSNRELYDGWGQGTQVTVSS
seq434,QVQLQESGGGLVQAGGSLRLSCTASRRTGSNWSMGWFRQLAGKEREFVVALNLDYDIPYYADSVKGRFTVSTDSGKNTVYLQMNSLKPEDTAIYFCAARSGGFSSNRTYYDYWGQGTQVTVSS
seq435,QVQLQQSGGGLVQRGGSLRLSCTASRRTGSNWSMGWFRQFAGKEPDLLVALNLDYDVPYYADSVKGRFTVSGDSGKNTVYLQMNNLKPEDTAIYYCAARSGGFSSNRALYDGWGQGTTVTVSS
seq436,EVQLQASGGGLVQAGGSLRLSCAASGFKITHYTMGWFRQAPGKEREFVSRITWGGDNTFYSNSVKGRFTISRDNAKNTVYLQMNSLKPEDTADYYCAAGSTSTATPLRVDYWGKGTQVTVSS
seq437,EVQLQASGGGLVQAGGSLRLSCSASVRTFSIYAMGWFRQAPGKEREFVAGINRSGDVTKYADFVKGRFSISRDNAKNMVYLQMNSLKPEDTALYYCAATWAYDTVGALTSGYNFWGQGTQVTVSS
seq438,DVQLQASGGGLVQAGGSLRLSCTASGRTFSNYHMGWFRQAPGTEREFVSSIKWSGGNTYYADSVKGRFTISRDNAKNAVYLQMNSLKPEDTAVYYCATGSKYGGSWSRSQDAYNYWGQGTQVTVSS
seq439,EVQLQASGGGLVQAGGSLRVSCAASGRIFSNAAMGWFRQAPGKEREFVAAIRWSDGNTYYADSVKGRFATSRDNAKNTVYLQMNSLKPEDTAVYYCAAGIGTFGSSWTRADRYRYWGQGTQVTVSS
seq440,EVQLQASGGGLVQPGGSLRLSCVASRSIFSINTLGWYRQAPGKQRELVAWITSGGATYYADSMKGRFTISRDNAKNTVYLQMNSLKPEDTAVYYCNKRVPLDYWGQGTQVTVSS
seq441,DVQLQASGGGLVQAEDSLRLSCALSGRSFSTYRVGWFRQTPGKEREFVAGINWNGVKTRYSDSMNDRFTVSRDNTKNTVFLDLKSLKDEDTAVYYCATDQRFDGDDWSPSAFTRWGRGTQVTVSS
seq442,EVQLQASGGGLVQAGGSLRLSCAASGNTISGYATGWFRQAPGKEREFVAAVTWSGYSVYYAKSPKGRFTVSRDNAKKNTVYLQMNSLKHEDTAVYYCAAVFVRTAGVPTLPGEYDYWGQGTQVTVSS
seq443,DVQLQASGGGLVQAGGSLRVSCAASGGSFSNYNMGWFRQAPGKGREFVVGIGWSGGRIIVADSVKGRFTIFRDNAKSTVYLQMNSLTPEDTAIYYCAATKQFFPLSNESVWYDYWGRGTQVTVSS
seq444,DVQLQASGGGLAQAGRSLTLSCDVSGRIPRNYPIGWWRQTPGKKREFVAGISWTSGTTYFADSVKGRFAISRDNAKKTATLQMNNLQLEDTAVYYCATSERDFYTRNYYFTESLYDYWGQGTQVTVSS
seq445,DVQLQASGGGLVQSGGSLRLICEASGESIASFNLGWFRRAPGKAREFVGAVSRTGETTDYADAVKGRFTISRDNIKNMGYLQMDNLKPGDTATYYCAADYNLGTFVTRKDSMYDFWGQGTQVTVSS
seq446,DVQLQASGGGLVQAGGSLRLSCAASGRTFSSVSMGWFRQAPGKEREFVAAINWRGVSTYYADSVKGRFTISRDNAKNTGYLQMNSLKPEDTAVYYCAARRNFFGNNSAGQYAYWGQGAQVTVSS
seq447,EVQLQASGGGLVQAGGSLRLSCAASGLTFGDYAMGWLRQAPGKEREIVATISRIGSTTYYADSVKGRFTVSRDNAKNTVSLQMNSLKPEDTAVYYCAASRYVLKYDKDAYWGQGTQVTVSS
seq448,DVQLQASGGGLVQAGGSLRLSCAASGRTFSSVTMGWFRQAPGKEREFIAAMTRNSGSTYYADSVKGRFTIPRDNAKNTGYLQMNSLKPEDTAVYYCAAKASMYGSTLYPPTGYNYWGQGTQVTVSS
seq449,DVQLQASGGGLVQAGGSLRLSCAASGRTFSRFAMGWFRRAPGKEREFVAAISWSGGTTYGADSAKGRFTISREYAKNIMYLQMNSLKPEDTAVYYCAAGRAVSDYDYWGQGTQVTVSS
seq450,EVQLQASGGGLVQPGGSLRLSCATSGSIFSESAMGWYRQAPGNERELVAAITLDGRTNYAYYAEGRFTISRDNAKNTVYLQMNNLEPGDTAVYYCNALRSRAVMDTIPNYWGPGTQVTVSS
seq451,DVQLQASGGGLVQAGGSLRLSCAASGRTFSSDAMGWFRQAPGKEREFVAAISWSGGSTYYADSVKGRFTISRDNAKNTVYLQMNSLKPEDTAVYYCAHDRRRYYSGSYPPSEYDYWGQGTQVTVSS
seq452,DVQLQASGGGLVQAGASLRLSCAASGRSFNHYIMGWLRQAPGKERDVVASIDWNSGRTNYADSVKGRFTISRDNAKNTVYLQMNSLKSEDTAIYYCAAAAAASTLVGGSYDYWGQGTQVTVSS
seq453,EVQLQASGGGSVQTGASLRISCLASGLPFSTYSMGWYRQAPGKEREFVAVIGGGGNTYHADSLKDRFTISRDNDKNTVYLQMNSLKPEDTAVYYCAADRDFTIVAGFIRSQYSPRAVEYWGEGTQVTVSS
seq454,EVQLQASGGGLVQAGGSLRLSCVASGRTFSTYTMGWFRQAPGKEREFVAAISRNSVGTYYRDSVKGRFTISRDNAKNTVYLQMNSLEPEDTAVYYCAADPMYGRSVMSTRYNYWGQGTQVTVSS
seq455,EVQLQASGGGLVQAGGSLRLSCAVSGYTFSSHAMGWFRQTPGKDREFVSAISASGGNQYYKYFAKGRFTISRDNAKNTVDLQMNSLRPEDAAVYYCARATKQFSNAYSDYVHDYDYWGQGTQVTVSS
seq456,EVQLQASGGGLVQAGESLTLSCQASGFRFAEYAIGWFRQAPGKEREGVSYISTSDKTTYYSDFAEGRFTVSVGHGENTVYLQMSGLKPEDTAVYYCAAGLYYSDYRTPEYTEYVHWGRGTQVTVSS
seq457,EVQLQASGGGLVQAGGSLRLSCAASGRTFSRFAMGWFRRAPGKEREFVAAISWSGGTAYGADSAKGRFTISREYAKNIMYLQMNSLKPEDTAVYYCAAGRAVSDYDYWGQGTQVTVSS
seq458,DVQLQASGGGLVQAGGSLRLSCAASGLTFSSYVMGWFRQAPGKERDFVAAIITSGRSTYYADSVKGRFTISRDNAKNTVYLQMNSLKPEDAAVYYCAAATKWVVRRPADYNYWGQGTQVTVSS
seq459,EVQLQASGGGLAQAGGSLRLSCAASGGTFTDYAMGWFRQAPGKEREFVAAINWGGYSTYYSDAVKGRFTISRDNDKNMSYLQMNNLKPEDTAVYFCAADPQLITTPEYNYWGQGTQVTVSS
seq460,DVQLQASGGGLVQAGGSLRLSCAASGNTISDYATGWFRQAPGKEREFVGSIGRRTGWQVYSDSVKNRFTVSRDSAKMYLQMNSLSPDDTAVYYCAASQDSGFDTPVTESHLYGYWGRGTQVTVSS
seq461,EVQLQASGGGLVQPGGSLRVSCAASGFTFSNFWMSWVRQAPGKGLEWVSQINTGGDITTYSDSVKDRFTISRDNAKNTLYLQMSNLKPEDTAVYYCAAARSVPLSDPRTYSSWGQGTQVTVSS
seq462,EVQLQASGGGLVQPGGSLRLSCETSGFTFVDYSMTWVRQAPGKGLEWVSAINWNGRLTYYAESMKGRFTISRDNAKNIVSLQMSSLKPEDAAVYYCARGELYGMGSKHDYWGQGIQVTVSS
seq463,EVQLQASGGGLVQTGGSLRLSCAASGFTFSNYYMYWVRQAPGKGLEWVSMVNTGGGGTRYADSVRGRFTISRDNAKNTLYLEMNSLGSEDTAVYYCAKDRPQSGWSMDYWGQGTQVTVSS
seq464,EVQLQASGGGLVQPGGSLRLSCAASGFTFSSYYMSWVRQAPGKGLEWVSTIKPGGGSTYYADSVKGRFTISRDNAKNTLYLQMNSLKPEDTALYYCARAHGGYGAFGSWGQGTQVTVSS
seq465,EVQLQASGGGLVQPGGSLRVSCAASGFTFSRHQMSWVRQAPGKGLEYVSHIDTGGGSTWYAASVKGRFTVSRDDAKNTLYLQMNNLKPEDTAVYYCATTNRGIFDYWGQGTQVTVSS
seq466,EVQLQASGGGSVQAGGSLRLSCAASGFTVSSNHMTWVRQAPGKGLEWVSRISSDGRNTYYADSVKGRFTISRDNAKNTLYLQMNSLKSEDTAVYYCAKYSGGALDAWGQGTQVTVSS
seq467,EVQLQASGGGLVQPGGSLRLSCAAFGFTFSSYAMSWVRQAPGKGPEWVSAINSGGGSTSYADSVKGRFTISRDNAKNTLYLQMNSLKPEDTALYYCARLGVPGTFDYWGQGTQVTVSS
seq468,EVQLQASGGGSVQPGGSLRVSCAASGFTFSTYAMTWVRQAPGKGLEWVSTINTSGRGTYYADSVKGRFTASRDNAKNTLYLQMNSLKPEDTAVYYCAAQGYAGSYDYWGQGTQVTVSS
seq469,DVQLQASGGGSVQAGGSLRLSCAASGFTFDEHAIGWFRQAPGKGLEYVSHIDTGGSTWYAASVKGRFTVSRDDAKNTLYLQMNSLKPEDTGLYYCARLSQGAMDYWGKGTQVTVSS
seq470,DVQLQASGGGSVQDGGSLRLSCAASGFTLDEHAIGWFRQAPGKGFESVSTIDIGGGRTYYADSVKGRFTISGDNAKNTLYLQMNSLKPEDTAFYYPARAHGGYGAFGSWGQGTQVTVSS
seq471,EVQLQASGGGLVQPGGSLRVSCAASGFTFSRHQMSWVRQAPGKGLEYVSHIDTGGSTWYAASVKGRFTVSRDDAKNTLYLQMNSLKPEDTGLYYCARLSQGAMDYWGKGTQVTVSS
seq472,EVQLQASGGGLVQPGGSLRVSCAASGFTFSSYHMAWVRQAPGKGLEWVSTINPGDGSTYYADSVKGRFTISRDNAKNTLYLQMNSLKSEDTAVYYCAKYSGGALDAWGQGTQVTVSS
seq473,EVQLQASGGGLVQPGGSLRLSCAASGFTFSGYAMSWVRQAPGKGLEWVSSINSGGGSTYYADSVKGRFTISRDNAKNTLFLQMNSLKPEDTALYYCARTQTGSHDYWGQGTQVTVSS
seq474,DVQLQASGGGLVQPGGSLRLSCAASGFIFSSYAMSWVRQAPGKGLEWVSGINSFGGSKYYADSVKGRFTISRENAKNTLYLQMNNLKPEDTAVYYCAKIDRERAFTSWGQGTQVTVSS
seq475,DVQLQASGGGLVQPGGSLRLSCAASGFIFSSYAMSWVRQAPGKGFEWVSGINSFGGSKYYADSVKGRFTISRENAKNTLYLQMNNLKPEDTAVYYCAKIDWERAFTSWGQGTQVTVSS
seq476,EVQLQASGGGLVQTGGSLRLSCAVSGRTFSSYGMGWFRQAPGKEREFVAAMRESGADTHYADFVRGRFTISGDNAKNTVYLQMNRLTPEDTAVYYCKALDITTAASYWGQGTQVTVSS
seq477,EVQLQASGGGLVQTGGSLRLSCAVSGRTFSSYGMGWFRQAPGKEREFVAAMRESGADTHYADFVRGRFTISRDYDKNAVYLQMDNLKPEDTGVYYCAATINGAARRGQGTQVTVSS
seq478,DVQLQASGGGLVQPGGSLRLSCAASGTSSGINAMVWYRQSPGKKRELVATITNSGKTDYAASAKGRFTISRDAAKNTVYLQMDDLKPEDTGVYYCAATINGAARRGQGTQVTVSS
seq479,EVQLQASGGGLVQPGGSLRLSCEASGRTFSSYSMAWFRQAPGKEREFVAAINWRSSVTAYADSVKGRFTISRDNAKNTVYLQMNGLKPEDTAVYYCAREALPGTYGLDYWGKGTQVTVSS
seq480,DVQLQASGGGLVQAGGSLRLSCAASVSTFSIGAIGWYRQAPRKQRELVAGISGGGSTYYTDSVKGRFTISRDNARNTVYLQMNNLKPEDTAVYYCNAILAGGLLAFWGQGTQVTVSS
seq481,EVQLQASGGGLVQAGGSLKLSCTASGSTFSGNDIGWYRQAPGKQRELVAVISDGGYTSYATSVKGRFTISRDNRKNTAYLQMNSLKPEDTAVYYCFAGGSSGTFWGQGTQVTVSS
seq482,EVQLQASGGGLVQAGGSLRLSCAASGRTFSSYGMGWFRQAPGKEREFVGAISWGAGTPYYADSVKGRFTISRDFAENTVELQMDNLKPEDTGVYYCAATINGAARRSQGTQVTVSS
seq483,EVQLQASGGGLAQPGGSLRLSCTADGRTFSDIAMAWFRQAPGKEREIVAAIDWNGGTTYYTTFVKGRFTISRDNAKKTVYLQMTSLKPEDTAVYYCKALDITTAASYWGQGTQVTVSS
seq484,DVQLQASGGGSVQAGASLRLSCATSGQTLNTYVMGWFRQAPGKEREFVAAINWRDTSTYYQDSVKGRFTISRDFAENTVELQMDNLKPEDTGVYYCAATINGAARRGQGTQVTVSS
seq485,EVQLQASGGGLVQVGDSLKLSCAASGPTSITYGMAWFRQAPGKEREFVSAVTPSGGAAAYADSVKGRFTISRGVGKNTVYLQMDSLKVEDTAVYYCAAGTNWPPKRYWGLGTQVTVSS
seq486,DVQLQASGGGLVSAGESLRLSCAVSGGDVSTYAMVWFRQAPGKEREFVALLSRSGRTTNYADSVKGRFTVSRDNAKNTWYLQMNKLKPEDTAVYYCAAGSNYGQGTQVTVSS
seq487,EVQLQASGGGLVQAGGSLRLSCVASGRTFGSYTMGWFRQAPGKQRELIARINSAGRTMYADSVKGRFTISRDNAKSTVYLQMNSLKPEDTAVYYCAAGTVLSVATGPYGYWGQGTQVTVSS
seq488,DVQLQASGGGLVQAGGSLRLSCVASGRTFSSYGMGWFRQAPGKEREFVASINWRGSSTYYADSVKGRFTISRDNTVNTVSLQMNNLKPADTGVYYCAAWGAGEDEDYWGQGTQVTVSS
seq489,EVQLQASGGGLVQPGGSLRLSCAASGSLSRITVMGWYRQAPGKQRELVAIITSSGGTDYADSVKGRFTISKDNAKALMYLQMTSLRPEDTAVYYCVGKSRDSAGLSWDYWGQGTQVTVSS
seq490,DVQLQASGGGSVRAGGSLRLSCVTSGSISSFDAMAWSRQAPGRQRDVVAIITSGGATNYADSVKGRFTISRDNGNNTLYLQMNGLKPEDTAIYYCAALVASTVTSSVSWGQGTQVTVSS
seq491,EVQLQASGGGSVQAGDSLRLSCAASGRPFSSFAMGWFRQAPGKEREFVAAISASGGETYYTGSLKGRFTISRDNAKNTVYLQMDSLKPEDTGVYYCAATINGAARRGQGTQVTVSS
seq492,EVQLQASGGGLVQAGGSLRLSCVASGITFSEKHMAWFRQAPGKQRELVAVITRGGTTNYGDSVKGRFTISRQKLNNTIILQMNNLKPEDTAVYYCAADFYGLGFDYWGQGTQVTVSS
seq493,EVQLQASGGGLVQAGDSLRLSCAASGRTFSSYHMGWFRQAPGKEREFVAAINWSGDTTYYEASVKGRFTISRDNAKNTMYLQMNSLKPEDTAVYRCAAQTRPRPYGTSRAEGDYGYWGQGTQVTVSS
seq494,LQESGGGLVQAGGSLRLSCAASGFTSDDYAIGWFRQAPGKEREGVSCISSSDGSTYYADSVKGRFTISSDKAKNTVYLQMNNLKPEDTAVYYCVADAKHFDYGLGYYTRPPCYPGMDYWGKGTLVNVSS
seq495,ASGGGLVQAGGSLRLSCAEASGLIFSSYAMGWFRQAPGKEREFVAAINRGGKIRHYADSVKGRFTISRDDAKNTLYLQMNSLQPEDTAVYFCAADDIGGGWMYERSWAQ
seq496,LQESGGHLVQPGGSLRLSCAASGFTFSTYWMYWVRQAPGKGPEWVSHIDTGGDNTYYTDSVKGRFTISRDNAKNTLYLQMNSLKPEDTARYYCARVANAVLPESTFSVWGQGTQVTQSV
seq497,QVQLQESGGGLVQAGGSLRLSCAASGRTGSTYDMGWFRQAPGKERESVAAINWDSARTYYASSVRGRFTISRDNAKKTVYLQMNSLKPEDTAVYTCGAGEGGTWDSWGQGTQVTVSS
seq498,QVQLQESGGGLVQAGGSLTLSCAASGPMSSSAVMSWFRQAPGKEQEFVARIRWSGGTSYYANSVEGRFTISRDNAKNTMYLQMNKLKPEDTAVYTCALTQSGSFYQVDYWGQGTQVTVSS
seq499,QVQLQESGGRSVQSGGSLRLSCAASGIDVNRNAMGWFRQAPGTEREFVAGVRWSDAYTDYADSVKGRFTISRDNNKNTVYLQMGSLEAGDTALYYCAAGLLDVQYVRQAAGYSYWGQGTQVTVSS
seq500,QVQLQESGGELVQPGGSLKLSCAASGLTFTNYSMGWFRPGPGVDREAVAAISWSGDNTYYVSSVKGRFTISRDNAKNTVYLQMNSLKPQDTAVYYCAVKPDDGWWDYWGQGTQVTVSS
seq501,QVQLQESGGGLVQAGGSLRLSCAASGFTSDDYAVGWFRQAPGKEREGVSCISSGDGSTYYADSVKGRFTISTDNASNTVYLQMNSLKPEDTAVYYCAADDKKIDYGLGYYSRPPCYPGMDYWGKGTQVTVSS
seq502,QVQLQQSGGGLVQAGDSLRLSCEASGRTSHGYGGYGMGWFRQVPGKERELVAAIRWSGVETYHKDSVKGRFTISRDNAKNMVYLQMNSLKPEDTAVYYCAARTVRVVDISSPVGFAYWGQGTQVTVSS
seq503,QVQLQESGGGLVQAGGSLRLSCAASGRATSGHGHYGMGWFRQVPGKEREFVAAIRWSGKETWYKDSVKGRFTISRDNAKTTVYLQMNSLKPEDTAVYYCAARPVRVDDISLPVGFDYWGQGTQVTVSS
seq504,QVQLQESGGGLVQAGDSLRLSCEASGRTSHGYGGYGMGWFRQVPGKERELVAAIRWSGLETYHKDSVKGRFTISRDNTKNMVYLQMNSLKPEDTAVYYCAARTVRVVDISSPVGFAYWGQGTQVTVSS
seq505,QVQLQESGGGLVQPGGSLRLSCAASGNIDRLYAMAWYRQAAGKQRELVAIAHLSGLLTYADSVKGRFTVSRDNAKNTVYLQMHSLKPEDTAVYYCNRAYGNPTYWGKGTLVTVSS
seq506,QVQLQESGGGLVQAGGSLRLSCAASGRTSHGYGGYGMGWFRQVPGKERELVAAIRWSGTSTYYADSVKGRFTISRDNVKNMVYLQMNSLKPEDTAVYHCAARTVRVVDISSPVGFAYWGQGTQVTVSS
seq507,QVQLQQSGGGLVQTGGSLRLSCAASGRTSHGYGGYGMGWFRQVPGKERELVAAIRWSGISTYYADSVKGRFTISRDNVKNMVYLQMDSLKPEDTAVYYCAARTVRVVDISSPVGFAYWGQGTQVTVSS
seq508,QVQLQESGGGLVQAGDSLRLSCAASGRTSHGYGGYGMGWFRQIPGKERELVAAIRWSGRNTYYADSVKGRFTISRDNVKDMLYLQMNSLKPEDTAVYTCAVRTVRVVDISSPVGFAYWGQGTQVTVSS
seq509,QVQLQQSGGGLVQAGGSLRLSCVASGRTFSGHGGYGMGWFRQVPGKEREFVAAIRWSGVTTYYVDSVKGRFTISRDNAKSTVYLQMNSLKPEDTGVYYCAVRPVRVDDISTPDGFVYWGQGTQVTVSS
seq510,QVQLQESGGGLVQAGESLKLSCAASGNTFSGGFMGWYRQAPGKQRELVATINSRGITNYADFVKGRFTISRDNAKKTVYLEMNSLEPEDTAVYYCYTHYFRSYWGQGTQVTVSS
seq511,QVQLQESGGGLVQAGGSLRLSCAASGRASSGHGGYGMGWFRQVPGKEREFVAAIRWSGKETWYVDSVKGRFTISRDNAKSTVYLQMNSLKPEDTAVYYCAVRPVRVDDISSPVGFDYWGQGTQVTVSS
seq512,LQESGGGLVQAGGSLRLSCAASASIFSIDVMGWYRQAPGKQRELVAQITRGGSTNYAAFVKGRFTISRDNSKKTLYLQMNSLKPEDTAVYYCRAEGIPETLGSRWGQGTQVTLQE
seq513,QVTLQESGGGLVQPGGSLRLSCAASGSFSNMNVMGWYRQAPGKQRELVAGVNSNGYINYGDSVEGRFTISGSVAENTVYLQMNSLRPEDTAVYYCNAKWIGIVQRDYWGQGTQVT
seq514,QVTLQESGGGLVQPGGSLRLSCAASGSIGSINAMGWYRQAPGKQRELVAQFTPGGSTEYADSVKGRFAISRDNAKTTVYLQMNSLKPEDTAVYYCYCINWKSDYWGQGTQVT
seq515,LQESGGGLVQPGGSLRLSCAASGSIGSINAMGWYRQAPGKQRELVAQFTPGGSTEYADSVKGRFAISRDNAKTTVYLQMNSLKPEDTAVYYCYCINWKSDYWGQGTQVTLQE
seq516,QVTLQESGGGLVQPGGSLRLSCAATGSIYSLDAMGWYRQAPGEQRELVATWTSRGITTYADSVKGRFTISRDNAKNTVTLQMNILKPEDTAVYYCHAVVYYGDWEGSEPVQHEYDYWGQGTQVT
seq517,QVTLQESGGGSVQAGGSLRLSCVASGTIHSIVDMAWYRQFPGKQRELVAARNSGGNTNYVDSVKGRFTISRDDAKNTIYLQMNSLKPEDTAVYYCNARIRRHESGYAYDSWGQGTQVT
seq518,QVTLQESGGGLVQAGGSLRLSCAASGSIFSVNAMGWYRAAPGRQRELVASITSGGSTNYADSVKGRFTISRDNAKNTMYLQMNDLKPEDTAVYYCTNCRVGNWRLEGSWGQGTQVT
seq519,QVTLQESGGGLVQPGGSLRLSCAASGNVFMIKDIGWYRQAPGKQRELIAAITDGGTTNYADSVKGRFTISRDNAKNTVFLQLNSLKPEDTAVYYCHADSWRIGAKDYWGQGTQVT
seq520,LQESGGGLVQPGGSLRLSCAASGNVFMIKDIGWYRQAPGKQRELIAAITDGGTTNYADSVKGRFTISRDNAKNTVFLQLNSLKPEDTAVYYCHADSWRIGAKDYWGQGTQVTLQE
seq521,QVTLQESGGGLVQPGGSLRLSCAASEGTNTMGWFRQAPGKGREFVAALSWAGDIKSYGDSVKGRFTISRDNAKNTVYLQMNSLIPEDTAVYYCAASPRLRVEIKAGGYDFWGQGTQVT
seq522,QVTLQESGGGLVQAGGSLRLSCAASGITFSNDASGWSRQAPGKQLDFIARIRSGGTTVIADSVKGRFTISRDDAKNTVYLHMNSLKPEDTAVYFCNADSNGRTYWGQGTQVT
seq523,QVTLQESGGGLVQAGGSLRLSCGASGSTFSISTMGWHRQAPGKEREYVANIGSLGTTDYADSVKGRFTISRDNAKNTVYLQMNSLKPEDTAVYYCNQDGLYGFTGKNYWGQGTQVT
seq524,LQESGGGLVQAGGSLRLSCGASGSTFSISTMGWHRQAPGKEREYVANIGSLGTTDYADSVKGRFTISRDNAKNTVYLQMNSLKPEDTAVYYCNQDGLYGFTGKNYWGQGTQVTLQE
seq525,LQESGGGLVQAGGSLRLSCVAQGRTWNDLDMGWFRQAPGNQREFLAAITSGGTPHYADSRFTLSRDHAKNLVYLQMNSLKPEDTARYYCAAGAYSTRPEAYRYWGQGTQVTLQQ
seq526,QVTLQESGGGLVQAGGSLRLSCTASGSISSIGAMGWFRQDSGNQRKRVAIITGGGNTNYADSVKGRFTISRSDDKTALYLQMDNLKPEDTAVYYCAADRMYRPVGNQYDYWGQGTQVT
seq527,QVTLQESGGGLVRPGESLRLSCVVSGSDINFNVMGWYRQAPGQQRELVATITSGGSTDYADSVKGRFTISRHNANNMVYLQMNSLKPEDTAVYYCNADIFFVNYWGKGTLVT
seq528,LQESGGGLVRPGESLRLSCVVSGSDINFNVMGWYRQAPGQQRELVATITSGGSTDYADSVKGRFTISRHNANNMVYLQMNSLKPEDTAVYYCNADIFFVNYWGKGTLVT
seq529,LQESGGGLVQAGGSLRLSCVASGRTLENYRVAWFRQFPGKERELIAVINWSGDRRYYTEAVQGRFNISRDNAENTVYLLMNSLKPEDTAVYYCAAAEMYGSLARRDYRNWGQGTQVTLQQ
seq530,QVTLQESGGGLVQAGGSLRLSCVASGLAFENYFVSWFRQPPGDEREFVAAITYSSSSTNYADSVKGRFTISRDNAVNTAYLQMDNLAPGDTAVYFCAACSDYYCSGVGAVYWGQGTQVT
seq531,QVTLQESGGGLVQPGGSLRLSCAASGFTLDLYTIGWFRQAPGKEREVVSCISSSDGSTYYADSVKGRFTISRDNAKNTVYLQMNSLKPEDTAVYYCATDSNYCSGYGPSDYWGQGTQVT
seq532,LQESGGGLVQPGGSLRLSCAASGFTLDLYTIGWFRQAPGKEREVVSCISSSDGSTYYADSVKGRFTISRDNAKNTVYLQMNSLKPEDTAVYYCATDSNYCSGYGPSDYWGQGTQVT
seq533,LQESGGGSVQPGGSLRLSCSTSGFILDYYAIIWFRQAPGKEREAVSCISSSDGTTYYADSVKGRFTLSRDNAKNTVFLQMDSLKQEDTALYWCARPEGYYCPTRPLGLEYRGKGTLVTLQQ
seq534,VVTLQQSGGGLVHAGGSMRLSCAAPGRTFSSYAMAWIRQAAGKEREFVAGVSWNGGLTVYGDFVEGRFTISRDSTKNTVYLQMNNLQPEDTAIYYCVADKNLDYGLGYDYWGQGTQVT
seq535,QVTLQESGGGLVQAGGSLRLSCVASGFNSGSYTIGWFRQAPGKEREGVSCIDSADGTTYYAESVKGRFTISSDSAKNTVYLQMNNMNPEDTAAYYCAADSLQCRPWADYLSYPMDYWGKGILVT
seq536,LQESGGGLVQAGGSLRLSCVASGFNSGSYTIGWFRQAPGKEREGVSCIDSADGTTYYAESVKGRFTISSDSAKNTVYLQMNNMNPEDTAAYYCAADSLQCRPWADYLSYPMDYWGKGILVT
seq537,LQESGGGLVQAGGSLRLSCAASGPTLGSYVMGWFRQAPGKEREYVGSITWRGGNTYYAQFAKGRFAISRVTGEKMVYLQMNDLNPEDTAVYYCAAKASPAVVTTKQYDYWGQGTQVTLQE
seq538,LQESGGGLVQAGGSLRLSCAASGFRFGDYPIGWIRQAPKAREAVSCISANGTGAYYADSVKGRFTISRDNANNMLFLQMNSLKPEDTAVYYCVA
seq539,QVTLQESGGGLVQAGNSLRLSCAASGRTSDIYGMEWHRQVPGKEREFVVILSWSDGATNYADSVKGRFTVSRDNAKNTMYLQMNSLKPEDTAVYYCALQPFGASSYRYWGVGTQVT
seq540,LQESGGGLVQAGNSLRLSCAASGRTSDIYGMEWHRQVPGKEREFVVILSWSDGATNYADSVKGRFTVSRDNAKNTMYLQMNSLKPEDTAVYYCALQPFGASSYRYWGVGTQVTLQE
seq541,QVTLQESGGGLVQTGGSLRLSCTASGFTFDDYAICWFRQAPGKGREGVSCISKEYAKTYYTDAVEGRFTISSDDAKNTVYLQMNNLIPEDTAFYYCARKRGWYFPLDLSEYDLWGQGTPVT
seq542,LQESGGGLVQTGGSLRLSCTASGFTFDDYAICWFRQAPGKGREGVSCISKEYAKTYYTDAVEGRFTISSDDAKNTVYLQMNNLIPEDTAFYYCARKRGWYFPLDLSEYDLWGQGTPVT
seq543,QVTLQESGGGLVQTGGSLKLSCAASGRTSSDYSLGWFRQAPGKERQFVAVVNWNGDSTYYGDSVKGRFTISRIMANNTVNLQMNSLKPDDTAVYYCAARRFWDDVWTRMDYWGKGTLVT
seq544,LVTLQESGGGLVQPGGSLRLSCAASGNMFSINAMGWYRQAPGKQRELVASITYLGRTNYTDSVKGRFTISRENAKNTVYLQMSSLKPEDTAIYYCNAEATRGWGELRGRRHDYWGQGTQVT
seq545,QVTLQESGGGLVQAGGSLRLSCAASGRTFSNYAMGWFRQAPGKEREFVAGISRSGTMTYYADFVKGRFSISRENVKNTVYLQMNSLKPEDTAVYFCNADSTKGWDLRDHDFWGRGTQVT
seq546,LQESGGGLVQAGGSLRLSCAASGRTFSNYAMGWFRQAPGKEREFVAGISRSGTMTYYADFVKGRFSISRENVKNTVYLQMNSLKPEDTAVYFCNADSTKGWDLRDHDFWGRGTQVTLQQ
seq547,QSGGGLVQAGGSLRLSCAASGIIFSVRAMGWYRQAPGKQRELVAVILRGGSTNYADSVKGRFTISRDRAKNTAYVQMNSLKPDDTAVYYCNANVLTRALVSGDYWGQGTQVT
seq548,QVTLQESGGGLVQPGGSLRLSCAASGSIFSRNAMAWYRQAPGKQRELVAAIAVGGGTTYSGSVKGRFTISRDNAKNTVYLQMNSLKPEDTAVYYCNADAPAGYYPKAYWGQGTQVT
seq549,QVTLQESGGGLVQTGASLRLSCVASGRTLSRYTMAWIRQAPGKGREFIGRITWTDGSTYYEDTMKGRVAISRDNVKNTIYLQMDNLKPEDTAVYYCAAGSNIGGSRWRYDYWGQGTQVT
seq550,LQESGGGLVQTGASLRLSCVASGRTLSRYTMAWIRQAPGKGREFIGRITWTDGSTYYEDTMKGRVAISRDNVKNTIYLQMDNLKPEDTAVYYCAAGSNIGGSRWRYDYWGQGTQVTLQE
seq551,QVTLQESGGGVVQPGESLTLSCVASGTFQRINHMAWYRQIPGKEREQVAIIHNDGRLNYAASVKGRFTISRDSAENTAHLQMKSLRPEDTAVYYCNVDLDVGFITENYWGPGTQVT
seq552,QVTLQESGGNFMQAGGSVRLSCAASGRAFDAYHMGWFRQTPEKQREFVAFIHRSGTSTYYADSVKGRFTISRDNAKDTVYLQMNNLKPEDTAMYYCAAELHNSDPFNPSEYDYWGQGTQVT
seq553,QVTLQESGGGLVQAGGSLKLSCETSGFTLDNYAIGWFRQAPGKDREEVACISTDVDSKYYASALKGRFTISSDSAKNTVYLQMNSLKPEDTAVYYCGASSRHYGANCLYAFWGHGTQVT
seq554,QVTLQESGGGLVQAGGSLRISCSASGFTFEDYSIGWFRQAPGKEREAVSCISIEGGYTHYADSVKDRFTISSDNAKNTVYLQMNSLKPEDTAIYYCVAARVLWCTVAPENGYWGQGTQVT
seq555,QVTLQESGGGLVQAGGSLRLSCAASGIIFSLNHMGWYRQAPGKQRELVALIHTGGGTYYADSVKGRFSISRDNAKNTVYLQMNSLKPEDTAVYYCNSRAVDELLTMNWGQGTQVT
seq556,LQESGGGLVQAGGSLRLSCAASGIIFSLNHMGWYRQAPGKQRELVALIHTGGGTYYADSVKGRFSISRDNAKNTVYLQMNSLKPEDTAVYYCNSRAVDELLTMNWGQGTQVTLQE
seq557,LQESGGGLVQAGGSLRLSCAASGSSLSNYTMGWFRHFPGKDREFVAVVKWSGGRTHYTESVKGRFTTGRDTAKNTVYLQMNRLKPEDTAIYYCAAASRWSWNPTSDDYIYWGQGAQVTLQE
seq558,QVTLQESGGGLVQPGGSLRLSCAASGSTFTNYAMGWYREAPGKQRELVARISKVGDTDYAGSVKGRFTISRDKSGNTVFLQMNSLKPEDTAVYYCNTFPAIVGPFTSWGQGTQVT
seq559,LQESGGGLVQPGGSLRLSCAASGSTFTNYAMGWYREAPGKQRELVARISKVGDTDYAGSVKGRFTISRDKSGNTVFLQMNSLKPEDTAVYYCNTFPAIVGPFTSWGQGTQVTLQQ
seq560,QSGGGSVQAGGSLRLSCAASGFTFGHYAFAWFRQVPGKEREGVSCISTTGSRTYYADSVKGRFSITRDNAQNTVYLQMNSLKPEDTAVYYCAAPGRGCQPARDQGMGDHKPSPFNYWGQGTQVTLQE
seq561,LQESGGGLVQTGGSLRLSCATSGRTFSSFVMGWFRQAAGTEREFVSAISERGSLIHYADFVKGRFTISRDNAENTVSLQMNSLKPEDTAVYYCAAVIGGRWPPSEYAYWGQGTQVTLQE
seq562,QVTLQESGGGLVQAGGSLRLSCAASGRTFSSSAMGWFRQAPGKERNIVAADNWNGGRTYYVDSVKGRFTISRDNAENTVYLQMNNLKPEDTAVYYCAVRKGVFYSTDAMDYAYWGQGTQVT
seq563,LQESGGGLVQAGGSLRLSCAASGRTFSSSAMGWFRQAPGKERNIVAADNWNGGRTYYVDSVKGRFTISRDNAENTVYLQMNNLKPEDTAVYYCAVRKGVFYSTDAMDYAYWGQGTQVTLQQ
seq564,QVTLQESGGGLGQAGGSLRLSCAASGTVSNIKFMAWYRQAPGKQREFLATIISDGNTRYADSVKGRFTINRDNAENTAALQMNSLKPEDTAVYYCNARYGRFLIDYWGQGTQVT
seq565,QVTLQESGGGLVPAGGSLRVSCAASGGTASSYHMAWFRQAPGKQREFVAAITSGGTTHYADSVKGRFTISRDNAKNTVYLQMNNLKPEDTAIYYCAAGRRSSTYYYPLSYDYWGQGTQVT
seq566,LQESGGGLVPAGGSLRVSCAASGGTASSYHMAWFRQAPGKQREFVAAITSGGTTHYADSVKGRFTISRDNAKNTVYLQMNNLKPEDTAIYYCAAGRRSSTYYYPLSYDYWGQGTQVTLQQ
seq567,QSGGALVQPGGSLRLSCEASGFTLDYYAVAWYRQAPGKEREGVACINSSGGKLYYADSVKGRFTISGDNALRTVYLQMNSLKPEDTAVYYCATVSLIAGGYGCYENYDYWGQGTQVTLQE
seq568,LQESGGGLVQAGSSLTLACAASGGRFSDYGMGWFRQRPGKERQFVAVISWTGESTLYHYSVKDRFTISRDNARNTMTLVMNSLKPEDTAVYYCAAREGGSYRQSPAEYDYWGQGTQVT
seq569,QSGGGLVQAGGSLRLSCVASGIIASDSAMAWYRQAPGKGREYVAHITAGGLSNYEDFVNGRFTISRDNARNTMYLQMNSLKPEDTAVYYCNVGQSYIRSYYNPGDYWGQGTQVTLQE
seq570,QVTLQESGGGLVQPGGSLRLSCTESGSGISFNAMGWYRQAPGKRRELVAAITRTGSTNYADSVKGRFTISRDNAKNTVYLQMNSLKPEDTAVYYCNLGLEGLGYRLHDYWGQGTQVT
seq571,LQESGGGLVQPGGSLRLSCTESGSGISFNAMGWYRQAPGKRRELVAAITRTGSTNYADSVKGRFTISRDNAKNTVYLQMNSLKPEDTAVYYCNLGLEGLGYRLHDYWGQGTQVTLQE
seq572,LQESGGGLVQAGGSLRLSCAASGSTFSIDAMGWYRQAPGKQRELVALMGNDGSTNYADSVKGRFTVSRDYGKNTVYLQMNSLKPEDTAVYYCYAEWAAMKDYWGQGTQVTLQE
seq573,QVTLQESGGGLVQLGGSLRLSCAASGSIFSINRVAWFRQAPGKQREFVAHITYSGSTSYVDSVKGRFTISGDNAWNPVYLQMNSLKPEDTAVYYCYAELPRDVYWGQGTRVT
seq574,RVTLQESGGGLVQAGGSLRLSCATSGFTFDRYAIGWFRQAPGKEREGISCIDSVGRTWYTDSVKGRFTISSDNAKNTVYLQMNSLKPEDTAIYYCSVDKWGSSEYGVGEWYDYWGQGTQVT
seq575,LQESGGGLVQAGGSLRLSCATSGFTFDRYAIGWFRQAPGKEREGISCIDSVGRTWYTDSVKGRFTISSDNAKNTVYLQMNSLKPEDTAIYYCSVDKWGSSEYGVGEWYDYWGQGTQVTLQE
seq576,QVTLQQSGGGLVQPGGSLRLSCATSGNASGNAFRINALGWYRQAPGKQRELVALIASNGNTHYVDSVKGRFTISKDNAKNTVYLQMSSLKPEDTAVYTCAVDNNPIVYRPNDYWGQGTQVT
seq577,QSGGGLVQPGGSLRLSCATSGNASGNAFRINALGWYRQAPGKQRELVALIASNGNTHYVDSVKGRFTISKDNAKNTVYLQMSSLKPEDTAVYTCAVDNNPIVYRPNDYWGQGTQVTLQE
seq578,LQESGGGLVQAGGSLRLACAASVSISTIYVMGWYRQAPGKQRELVVSVQNGIYTNYADSVKGRFTISRDDAKNTLYLQMSSLKPEDTAVYYCNAAIYTPGRGEFDYWGQGTQVTLQQ
seq579,LVTLQESGGGLVQAGGSLTLSCEISGSTGSIVTMGWWRQAVGKQREFVAWINNRGTTDYGDSLKGRFTISRDNAKNTLYLQMNSLQAGDTAVYYCNAHGIFGSSWTTDYWGQGTLVT
seq580,LQESGGGLVQAGGSLTLSCEISGSTGSIVTMGWWRQAVGKQREFVAWINNRGTTDYGDSLKGRFTISRDNAKNTLYLQMNSLQAGDTAVYYCNAHGIFGSSWTTDYWGQGTLVTLQE
seq581,QVTLQESGGGLVQAGGSLRLSCAASGSTFSINPMGWYRQAPGKQREFVADIYTSTTTNYTNYGDSVKGRFTISRDNARNTVYLHLQMNSLKPEDTAVYYCNARRLYSGSYLDHWGQGTQVT
seq582,LQESGGGLVQAGGSLRLSCAASGSTFSINPMGWYRQAPGKQREFVADIYTSTTTNYTNYGDSVKGRFTISRDNARNTVYLHLQMNSLKPEDTAVYYCNARRLYSGSYLDHWGQGTQVTLQE
seq583,LVTLQESGGGLVQAGGSLRLSCAASGFSLDDYDIGWFRQAPGKQRELVASISFLGHTTNYADSVKGRFTISRDIAKNSVYLQMNSLKPEDTAVYYCNARREAPPYAYWGQGTQVT
seq584,QVTLQQSGGGLVQAGGSLRLSCAASGSTFSINAMGWYRQAPGKQREFVAVISSSSSTNYGDSVKGRFTISRDNAKNTVYLQMNSLKPEDTAVYYCNTRRPSAWGTDNYWGQGTQVT
seq585,QSGGGLVQAGGSLRLSCAASGSTFSINAMGWYRQAPGKQREFVAVISSSSSTNYGDSVKGRFTISRDNAKNTVYLQMNSLKPEDTAVYYCNTRRPSAWGTDNYWGQGTQVTLQE
seq586,QVTLQESGGGLVQPGGSLKLSCAASGFTFDDYAIGWFRQAPGKEREGVICINNDGDTHYADFVKGRFTISRDNARNTVYLQMNSLKPDDTAVYHCGMLRSQIWGAPIEEYNHWGRGTQVT
seq587,LQESGGGLVQPGGSLKLSCAASGFTFDDYAIGWFRQAPGKEREGVICINNDGDTHYADFVKGRFTISRDNARNTVYLQMNSLKPDDTAVYHCGMLRSQIWGAPIEEYNHWGRGTQVTLQE
seq588,QVTLQESGGGLVQAGGSLKLSCAASGFTFDDYNIGWFRQAPGKEREGVSCINDSDDSTYYAYSVKGRFTISSDNAKNTVYLQMNSLKPEDTAVYYCAALRGCWATVTLYYYGMDYWGKGTLVT
seq589,LQESGGGLVQAGGSLKLSCAASGFTFDDYNIGWFRQAPGKEREGVSCINDSDDSTYYAYSVKGRFTISSDNAKNTVYLQMNSLKPEDTAVYYCAALRGCWATVTLYYYGMDYWGKGTLVT
seq590,LQESGGGLVQAGGSLKLSCVASGLTAGTYAIGWFRQAPGKEREGVSCIANVSATTYYASSVKGRFTISKDNAKNTVYLQMNRLKPEDTAVYYCAGRPVCRAATLNPAMSWGQGTQVTLQE
seq591,LQESGGGLVQAGDSLKLSCVASGRSISDYTMAWFRQVPGKEREFVAVVTWNGNLYYTESVKGRFTSSRDNVKNTVYLQMNSLKPEDTAVYYCAARFRLNGYTPSYKEDDYRYWGQGTQVTLQE
seq592,QVTLQESGGGLVQAGDSLRLACAASGRTISSYFMAWFRQAPGKEREFVALINRSGRGTDYADSVKGRFTISRDNAKNTVYLQMNSLKAEDTAVYYCAAGDYFRSAAQFYNYWGQGTQVT
seq593,LQESGGGLVQAGDSLRLACAASGRTISSYFMAWFRQAPGKEREFVALINRSGRGTDYADSVKGRFTISRDNAKNTVYLQMNSLKAEDTAVYYCAAGDYFRSAAQFYNYWGQGTQVTLQE
seq594,LQESGGGLVQAGGSLRISCAASGTTLDYYAIGWYRQAPGKGREGVSCISSSGGATYYVDFVKGRFTISRDNAKNTVYLQMNSLKPEDTAVYYCVALRDSYCGATLNYYYGIDYWGKGTRVT
seq595,LQESGGGLVQSGGSLKLSCAASGIYFSDYTIGWFRQAPGKEREGISCIHSSDGSTYYHDSVKGRFTISRDNAKNTAYLEMNSLEPEDTAVYTCKIEPG
seq596,LQESGGGSVPVGGSLRLSCVASGIVFSSHAMNWYRQVPGKERGLVAHITTTGSTMYSNPVKGRASISRDNAKNTVYLQMDSLKPEDTAVYYCNAVKLGDSTVDEYWGQGTQVTLQE
seq597,QVTLQESGGGLVQAGGSLKLSCTASGKFFEYYYMDWFRQAPGKERERVAAISSAGIIDYADSVKGRFTISRDNAKNTVYLQMTDLKLEDTAVYYCHADAPVDDGGSSRDYWGQGTQVT
seq598,QVTLQESGGGLAQPGGSLRLSCVASGVTLDLYAIGWFRQAPGKKREWVSCISSSDGTPYYADSVKGRFTISRDNAKDTVYLQMNSLKPEDTAVYYCAASTLRDYSDNYYFPHDYEYDYWGQGTQVT
seq599,LQESGGGLAQPGGSLRLSCVASGVTLDLYAIGWFRQAPGKKREWVSCISSSDGTPYYADSVKGRFTISRDNAKDTVYLQMNSLKPEDTAVYYCAASTLRDYSDNYYFPHDYEYDYWGQGTQVTLQE
seq600,QVTLQESGGGLVQTGGSLRLSCAAPGFTLENNMIAWFRQAPGKGREWVSCAAVDGGIYYTESVKGRFTMSKDNAKNAVYLQMNSVNTEDTADYYCAAYVGREFCSRSSVDFDTWGQGTQVT
seq601,LQESGGDLVQAGGSLRLSCAASGSFFKINAMRWYRQAPGKQRELVARITSGGATDYADSVRDRFTISMDNAKNTVYLQMNSLKPEDTAAYYCAATTTRSYDDTYRNSWVYNYWGQGTQVTLQE
seq602,QVTLQQSGGGSVQPGGSLRLSCAASGFSFGDYAVGWFRQAPGKEREQVSCINDNGGITSYVGSAKGRFTISRDNAKKMVYLQMNSLKTEDTAVYYCVASDYRLGCDYVSDGSWGQGTQVT
seq603,QVTLQESGGGSVQAGGSLRLSCTASGRTDRSNAMGWFRQAPGKEREFVATISWSGGTTSYVDSVKGRFIISRDNVKKTLYLQMNSLKPEDTAVYYCAAARTVDPLFRESEYDYWGQGTQVT
seq604,QVTLQESGGGLVQAGGSLRLSCAASESISSINVMGWYRQAPGKQREWVATIVHSGGHSGGTDYAESVKGRFTISGDAAKNTVYLQMNSLKPEDTAVYYCNQVSQWRAYWGQGTQVT
seq605,QVTLQESGGGSVQAGGSLRLSCAASGGAFSGLVMGWFRQVPGKEREFVAQINRHGDTPSYADAVKGRFSISRDNAKNTVYLQMNSLKPDDTAVYFCASRRAFRLSSDYEYWGQGTQVT
seq606,LQESGGGSVQAGGSLRLSCAASGGAFSGLVMGWFRQVPGKEREFVAQINRHGDTPSYADAVKGRFSISRDNAKNTVYLQMNSLKPDDTAVYFCASRRAFRLSSDYEYWGQGTQVTLQE
seq607,QVTLQESGGGLVQAGGSLRLSCTASGLTFGTHVVGWFRQAPGNEREFVAAISYNVGSLLYADSVSGRFTISRDNTKNTVYLQMVSLRPEDTAVYYCGAERAERVADANFVEYWGQGTQVT
seq608,LQESGGGLVQAGGSLRLSCTASGLTFGTHVVGWFRQAPGNEREFVAAISYNVGSLLYADSVSGRFTISRDNTKNTVYLQMVSLRPEDTAVYYCGAERAERVADANFVEYWGQGTQVTLQA
seq609,QVTLQASGGGLVQAGGSLRLSCAASGFSFDDDYVIGWFRQAPGKGREGIACIRWHDSHINTEDSVKGRFTISGDNAKNAVYLQMNSLNPEDTAVYFCAAGSSGLKGPYDYWGQGTQVT
seq610,ASGGGLVQAGGSLRLSCAASGFSFDDDYVIGWFRQAPGKGREGIACIRWHDSHINTEDSVKGRFTISGDNAKNAVYLQMNSLNPEDTAVYFCAAGSSGLKGPYDYWGQGTQVTLQA
seq611,ASGGGLVQAGGSLRLSCAASGRMFSTSAMGWFRQVPGKEREIVASITWSGDSTYYRDSVKGRFTISRDNPKKAAYLQMNSLKPEDTAVYYCAVNPRGGSNWNIWLIGSWGQGTQVTLQA
seq612,QVTLQASGGGLVQPGGSLRLSCAASRRTLDRYGIGWLRQAPGKDREWVACITATAGRTYYADFVKGRFTISRDKVKNTVDLQMNRMTPGDTAVYFCASREFESCSEYAGGYDYWGQGTQVT
seq613,LQASGGGLVQPGGSLRLSCAASRRTLDRYGIGWLRQAPGKDREWVACITATAGRTYYADFVKGRFTISRDKVKNTVDLQMNRMTPGDTAVYFCASREFESCSEYAGGYDYWGQGTQVTLQA
seq614,QVTLQASGGGLVQAGGSLRLSCAYSGPAFSAYAMAWFRQAPGEEREFVAAINRDSRFTTYLDSVRDRFAISRDNVKNTVYLQMNSLKPDDTAVYSCARDFHTRGTLSRDEADYTYWGQGTQVT
seq615,QVTLQASGGGLVQAGGSLRLSCAASGFTLDNYAIGWFRQAPGKEREGVSCIKTSDGYTLYSDSAKGRFTISYDNDKNTVYLQMNNLKPEDTAVYYCATEGAIHYCSGDFNGLRGQGTQVT
seq616,ASGGGLVQAGGSLRLSCAASGFTLDNYAIGWFRQAPGKEREGVSCIKTSDGYTLYSDSAKGRFTISYDNDKNTVYLQMNNLKPEDTAVYYCATEGAIHYCSGDFNGLRGQGTQVT
seq617,ASGGGLVQAGGSLTLSCAASTRTFSSYAIGWFRQDPGKEREFVAAVSGTTRSTVYGDSVKGRFTISRDNAENTVYLQMNSLKPEDTAVYYCAATAGSYLAPNSFGYWGQGTQVTLQA
seq618,ASGGGLVQAGDSLRLSCTEASGLTFSTYAMGWFRQAPGKEREFVAAINRGGKISHYADSVKGRFTISRDDAKNTLYLQMNSLQPEDTAVYFCAADDIGGGWLYERSWALSRRSYNYWGQGTQVT
seq619,ASGGGLVQAGGSLRLSCAVSGFTFDDYAIGWFRQAPGKEREGVSAISVEDGSTYYADSVKGRFTISSDNAKNTVYLQMNSLKPEDTAVYYCAAEDPSMGYYTLEEYEYDYWGQGTQVTL
seq620,ASGGGLVQAGGSLRLSCVASGRTFSSYAMGWFRQAPGKEREFVAAIHWSGDSTHYADSVKGRFAISRDNAKNTLYLQINSLKSEDTAVYYCAKDRDTGIGAYDYWGQGTQVTLQA
seq621,QVTLQASGGGLVQTGGSLRLSCVVSGGTFTTYHMAWFRQAPGQEREFVTGITQTSGRTDYADSVKGRFTISRDNAKNTVYLHMNNLKPEDTAVYYCAADLPSGALWTLSRMDWLYDYWGQGTQVT
seq622,LQASGGGLVQTGGSLRLSCVVSGGTFTTYHMAWFRQAPGQEREFVTGITQTSGRTDYADSVKGRFTISRDNAKNTVYLHMNNLKPEDTAVYYCAADLPSGALWTLSRMDWLYDYWGQGTQVTLQA
seq623,QVTLQASGGGLVQAGGSLRLSCAASGFTFDDTGIGWFRQAPGKKREGVACISSRDGSTHYAHSVKGRFTITSDNAKNTVYLQMNSLKPEDTAVYICAAEDHKSAASVCNSWLNDHWGQGTQVT
seq624,ASGGGLVQAGGSLRLSCAASGFTFDDTGIGWFRQAPGKKREGVACISSRDGSTHYAHSVKGRFTITSDNAKNTVYLQMNSLKPEDTAVYICAAEDHKSAASVCNSWLNDHWGQGTQVTLQA
seq625,RVTLQASGGGLVQAGGSLRLSCAASTPTFSIYAMGWFRQAPGKEREFVAAIHWSGSSTRYADSLKGRFTISRDNAKNTVYLQMNSLKPEDTAVYYCAASDGALVVRSDMYDYWGQGTQVT
seq626,ASGGGLVQAGGSLRLSCAASTPTFSIYAMGWFRQAPGKEREFVAAIHWSGSSTRYADSLKGRFTISRDNAKNTVYLQMNSLKPEDTAVYYCAASDGALVVRSDMYDYWGQGTQVTEFG
seq627,LQESGGGLVQAGGSLKLSCTASRRTFSRYNMGWFRQAPGKEREFVAAIRWNDGGADYADSVKGRFTISRDADGTLYLQMNSLKPEDTAVYYCALDDIFATPGKYDYWGQGTQVTVS
seq628,LQESGGGLVQPGESLRLSCAASGFTFDDYAIVWFRQAPGKEREGVSCISTNGDYTYYADSVKDRFTISRDNAKNTVYLQMSSLKPEDTAVYYCAAVYDYYGDYAVCGTPDNMNYWGKGTLVTVSS
seq629,LQESGGGLVQAGGSLRLSCAASGRTSNIYAMGWFRQAPGQEREAVAAINVDGTSTYYASSVRGRFTISRDDAKNTLYLIMNSLKPEDTGLYYCATRADAEGWWDYWGQGTQVTVSS
seq630,LQESGGGVVLAGGSLRLSCTVSGFTFEDYAIGWFRQAPGKERERVGCISGSDGRTRYGKAVQGRVSVSKDNAKSTIYLQMNNLDDNDTAVYYCAASPWGGEVYGTPPCLHQGMIYWGKGTQVTVS
seq631,LQESGGGLVQAGGSLRLSCAASGFTFDDAAIGWFRQAPGKEREAVSCISTSDSSTYYADSVKGRFTISSDNAKNTMYLQMNSLKPEDTAVYYCAADDSHSTDYSDYGRPPCYPGMNYWGKGALVTVSS
seq632,LQESGGGLVHTGESLRLSCAASGFTFGEYAIGWFRQVPGKEREGLLCIRGRNGVTYFEESLKGRFTISSDNAKNTVYLHMNTLTPEDTATYYCGAARGCYSAYDAENYGIDYWGQGTLVTVSS
seq633,LQESGGGSVQPGGSLRLSCAAAGFKLGYYAIGWFRQAPGKEREGVSCITNDGSTYYADSMKGRFTISRNNAKNMVYLEMNSLKPEDTAVYYCAMSEFGTAQPLGIREYDYWGRGTQVTVSS
seq634,LQESGGGLVQPGGSLRLRCFAAGFSFDRWAIGWFRQAPGKEREGVSCISGSDSKTTYTDSVKGRFTISRDGAKMVVELQMNSLEPEDTAVYYCAAHPSRCPLRLEDFPGDWGQGTQVIVSS
seq635,LQESGGGLVQAGGSLRLSCAASGLRFSDYVMGWFRQAPGKEREFVAVITWDGGMTNYADSVKGRFTMSKDNAKNTVYLQMNSLRPEDTAVYYCAATRGRSTRLVLPSLVESWGQGTQVTVSS
seq636,LQESGGGLVQAGGSLALSCAASGLLFSSYDMGWFRQFPGKEREFVAAISASGRRTDYVDSVKGRFTVSRDVAKNTVFLQMNDLKPEDTAVYYCAGGKSAYRGGAHYTTGAYDYWGQGTQVTVSS
seq637,LQESGGGLVQPGGSLRLSCEASGIAFQGYAIGWFRQAPGKERECVSYIENGEGNKYYEDSVKGRFTISRDNTKKTVYLEMNSLKPEDTAVYYCAAALSEVWRGSENLREGYDYWGQGTEVTVSS
seq638,LQESGGGLVQPGGSLTLSCSASGLSFSNYAMGWFRQGPGKEREFVAAISRSGGGIYYADSVLGRSTISRDNAKHTVYLQMNSLKPDDTAVYYCAGGNIYPSSNYDLNNSRMYGYWGQGTQVTVSS
seq639,LQESGGGLVQPGGSLKLSCAATGLPVDYYAIGWFRQAPGKEREWVSFISNNDGRTDYADSVKGRFTISRDNAKNTVYLQLNSLKPEDTAVYYCALGRVPHTMMVLTTTAYYDYWGQGTQVTVSS
seq640,LQESGGGLVQAGDSLRLSCAASGLIIKDTTAGWFRQAPGKNREFVAGINWSNENTAYADSVKGRFTISRDNAKNTVALQMNGLKPEDTAVYYCTARPERTYVITPFSDDYSYWGQGTQVTVSS
seq641,LQESGGGLVQAGGSLRLSCAASGRTFSMGWFRQAPGKEREFVAAINWSDSSTYYTDSVRGRFTISRDNAKNTVYLQMDSLKPVDTAIYYCAAQGSLYDDYDGLPIKYDYWGQGTQVTVSS
seq642,LQESGGGLVQAGGSLTLSCASSRSISSIDYMMWYRQAPGKERDMVARIDSDGSTNYADSVKGRFTISRDGARDTLYLQMNNLSPEDTAVYSCVANVASGLKILQYWGQGTQVTVSS
seq643,AVQLVESGGGSVQAGGSLRLSCAASGYTFSSYAMGWFRQAPGKECELVSTIISDGSTNYADSVKGRFTISRDNAKNTVYLQMNSLKPEDTAMYYCMELWLSWLFLVALLQGVQ
seq644,AVQLVESGGGSVQAGGSLRLSCAASGYTFSSYAMGWFRQAPGKECELVSTIISDGSTNYADSVKGRFTISRDNAKNTVYLQMNSLKPEDTAMYYCMELGLSWVVLAVLLQGVQA
seq645,AVQLVESGGGSVQAGGSLRLSCAASGYTFSSYAMGWFRQAPGKECELVSTIISDGSTNYADSVKGRFTISRDNAKNTVYLQMNSLKPEDTAMYYCMELGLSWVVLAALLQGVQA
seq646,AVQLVDSGGGSVQAGGSLRLSCAASGYTFSSYAMGWFRQAPGKECELVSTIISDGSTNYADSVKGRFTISRDNAKNTVYLQMNSLKPEDTAMYYCMELGLSWVVLAALLQGVQA
seq647,EVQLVESGGGLVQPGGSLRLSCAASGYTFSSYAMGWFRQPPGKECELVSTIISDGSTNYADSVKGRFTFSRDNSKNTVYLQMNSLKPEDTAMYYCMELGLSWVVLAALLQGVQA
seq648,EVQLVESGGGLVQPGGSLRLSCAASGYTYCSYDMSWYRQAPGKEREFVSAIDSDGSTSYADSVKGRFTISQDNAKNTVYLQMNSLKPEDTAMYYCMELWLSWLFLVALLQGVQ
seq649,QVQLVESGGGSVQAGGSLRLSCAASGYTYCSYDMSWYRQAPGKEREFVSAIDSDGSTSYADSVKGRFTISQDNAKNTVYLQMNSLKPEDTAMYYCMELGLSWVVLAALLQGVQA
seq650,QVQLVESGGGSVQAGGSLRLSCAASGYTYSSNCMGWFRQAPGKEREGVAAIYTGGGSTYYADSVKGRFTISQDNAKNTVYLQMNSLKPEDTAMYYCMELGLSWVVLAALLQGVQA
seq651,QVQLVESGGGSVQAGGSLRLSCAASGYTYSSNCMGWFRQAPGKEREGVAAIYTGGGSTYYADSVKGRFTISRDNAKNVLYLKMSSLKPEDTAMYYCMELGLSWVVLAALLQGVQ
seq652,EVQLVESGGDLVQHGGSLRLSCAASGYTYSSYCMGWFRQAPGKEREGVAAINSGGGSTYYADSVKGRFTISQDNAKNTVYLLMNSLKPEDTAMYYCMELGLSWVVLAALLQGVQ
seq653,DVQLVESGGGSVQAGGSLRLSCAASGYTYSSYCMGWFRQAPGKEREGVAAINSGGGSTYYADSVKGRFTISQDNAKNTVYLLMNSLKPEDTAMYYCMELGLSWVVLAALLQGVQ
seq654,DVQLVESGGGSVQAGGSLRLSCAASEYTYSSYCMGWFRQAPGKEREGVAAINSGGGSTYHADSVKGRFTISRDKAKNMLYLQMNSLKTEDTAMYYCMELGLSWVVLAALLQGVQA
seq655,QVQLVESGGGSVQAGGSLKLSCAASGYIFSSCGMGWYRQAPGKERELVSTISSDGSTSYADSVKGRFTISQDNAKNTLYLQMNSLKPEDTAMYYCMELGLSWVVLAALLQGVQA
seq656,EVQLVESGGGLVQPGGSLRLSCAASGYTYSSCSMGWYRQAPGKERELVSTIISDGSTYYADSVKGRFTISQDNAKNTVYLQMNSLKPEDTAMYYCMELGLSWVVLAALLQGVQA
seq657,EVQLVESGGGSVQAGGSLRLSCAASGYTYSSCSMGWYRQAPGKERELVSTIISDGSTYYADSVKGRFTISQDNAKNTVYLQMNSLKPEDTAMYYCMELGLSWVVLAALLQGVQA
seq658,QVQLVESGGGSVQAGGSLRLSCAASGYTYSSCSMGWYRQAPGKERELVSTIISDGSTYYADSVKGRFTISQDNAKNTVYLQMNSLKPEDTAMYYCMELGLSWVVLAALLQGVQA
seq659,EVQLVESGGGSVQAGGSLRLSCAASGYTYSSCSMGWYRQAPGKERELVSTIISDGSTYYADSVKGRFTISQDNAKNTLYLQMNSLKPEDTAMYYCMELGMSWVVLAALLQGVQA
seq660,EVQLVESGGGSVQAGGSLRLSCAASGYTYSSCSMGWYRQAPGKESELVSTIISDGSTYYADSVKGRFTISQDNAKNTVYLQMNSLKPEDTAMYYCMELGLSWVVLAALLQGVQA
seq661,EVQLVESGGGSVQAGGSLRLSCAASGYTYSSCSMGWYRQAPGKERELVSTIISDGSTYYGDSVKGRFTISRDNAKSTVYLQMNSLKPEDTAMYYCMELGLSWVVLAALLQGVQA
seq662,EVQLVESGGGSVQAGGSLRLSCAASGYTYSSCSMGWYRQAPGKERELVSTIISDGSTHYADSMKGRFTISRDNAKNVLYLQMNSLKPEDTAMYYCMELGMSWVVLAALLQGVQA
seq663,EVQLVESGGGSVQAGGSLRLSCAASGYTYSSCSMGWYRQAPGKERELVSTIISDGSTYYADSVKGRFTISRDKAKNMLYLQMNSLKPEDTAMYYCMELGMSWVVLAALLQGVQA
seq664,EVQLVESGGGSVQAGGSLRLSCAASGYTYSSCSMGWYRQAPGKERELVSTIISDGSTYYADSVKGRFTISQDNAKNMLYLQMNSLKSEDTAMYYCMELGLSWVVLAALLQGVQ
seq665,DVQLVESGGGSVQAGGSLRLSCAASGYTYSSCSMGWYPQAPGKERELVSTIISDGSTYYADSVKGRFTISQDNRKNTVYLQMNRLKPEDTAMYYCMELGLSWVVLAALLQGVQA
seq666,QVQLVESGGGSVQAGGSLRLSCAASGYTYSSNCMGWFRQAPGKERELVSTIISDGSTYYADSVKGRFTISQDNAKNTVYLQMNSLKPEDTAMYYCMELGLSWVVLAALLQGVQ
seq667,EVQLVESGGGSVQAGGSLRLSCAASGYTYSSCSMGWYRQAPGKERELVSTINSGGGSTYYADSVKGRFTISQDNAKNTRYLQMNSLKPEDTAMYYCMELGLSWVVLAALLQGVQ
seq668,DVQLVESGGGLVQAGGSLRLSCAASGFTYSSCCMSWYRQAPGKERELVSSISSDGSTYYADSVRGRFTISKDNAKNTLYLQMNSLKPEDTAMYYCMELGLSWVVLAALLQGVQA
seq669,QVQLVESGGGSVQAGGSLKLSCAASGYIFSSCGMGWYRQAPGKERELVSTINSGGGSTYYADSVKGRFTISRDNAKNTLYLQLNSLKTEDTARYYCMELGLSWVVLAALLQGVH
seq670,EVQLVESGGGSVQAGGSLRLSCAASGYTYSSCGMDWYRQAPGKEREFVSSISTDGTTSYADSVKGRFTISKDKAKDTVYLQMNSLKPEDTAMYYCMELGLSWVVLAALLQGVQA
seq671,QVKLEESGGGSVQAGGSLRLSCTAPGFTSNRCGMDWYRQAPGKEREFVSSISTDGTTSYADSVKGRFTISKDKAKDTVYLQMNSLKPEDTAMYYCMELGLSWVVLAALLQGVQA
seq672,EVQLVESGGGLVQPGGSLRLSCAASGFTFNSCGMDWYRQAAGKQREWVSSISTDGSTSYADSVKGRFTISKDKAKDTVYLQMNSLKPEDTAMYYCMELGLSWVVLAALLQGVQA
seq673,QVQLVESGGGSVQAGGSLKLSCTAPGFTSNSCGMDWYRQAAGKQREWVSSISTDGSTSYADSVKGRFTISKDNAKNTLYLQMNSLKPEDTAMYYCMELGLSWVVLAALLQGVQA
seq674,QVQLVESGGGSVQAGGSLRLSCTAPGFTSNSCGMDWYRQPAGKQREWVSSISTDGSTSYADSVKGGFTISKDKAKDTVYLQMNSLKPEDTAMYYCMELWLSWLFLVALLQGV
seq675,EVQLVESGGGSVQAGGSLRLSCTAPGFTSNSCGMDWYRQAAGKQREWVSSISTDGSTSYADSVKGRFTISKDKAKDTVYLQMNSLKPEDTAMYYCMELGLSWVVLAALLQGVQA
seq676,QVQLVESGGGSVQAGGSLRLSCTAPGFTSNSCGMDWYRQAAGKQREWVSSISTDGSTSYADSVKGRFTISKDKAKDTVYLQMNSLKPEDTAMYYCMELGLSWVVLAALLQGVQA
seq677,EVQLVESGGGLVQPGGSLRLSCAASGFTFSSYDMSWVRQAPGREREGVAAINSGGGSTYYADSVKGRFTISQDNAKNTVYLQMNSLKPEDTAMYYCMELGLSWVVLAALLQGVQA
seq678,QVQLVESGGGLVQPGGSLRLSCAASGFTFSSYYMSWVRQAPGKGLEWVSGIYSDGSTYYGDSVKGRFTISRDNAKNMLYLQMNSLKPEDTAMYYCMELGLSWVVLAALLQGVQ
seq679,QVQLVESGGGSVQAGGSLRLSCAASGFTFSSYYMSWVRQAPGKGLEWVSGIYSDGSTYYGDSVKGRFTISRDKAKNMLYLQMNSLKPEDTAMYYCMELWLSWLFLVALLQGVQ
seq680,QVQLVESGGGSVQAGGSLRLSCAASGFTFSSYYMSWVRQAPGKGLEWVSGIYSDGSTYYGDSVKGRFTISRDKAKNMLYLQMNSLKPEDTAMYYCMELGLSWVVLAALLQGVQA
seq681,AVQLVESGGGLVQPGGSLRLSCAASGFTFSSYWMYWVRQAPGKGLEWVSGIYSDGSTYYGDSVKGRFTISRDKAKNMLYLQMNSLKPEDTAMYYCMELGLSWVVLAALLQGVQA
seq682,EVQLVESGGGLVQPGGSLRLSCAASGFTFSSYWMYWVRQAPGKRLEWVSGIYSDGSTYYGDSVKGRFTISRDKAKNMLYLQMNSLKPEDTAMYYCMELGLSWVVLAALLQGVQA
seq683,QVQLVESGGGSVQAGGSLRLSCAASGFTFSSYDMSWVRQAPGKGLEWVSAINSDGSTNYADSVKGRFTISRDNAKNTVYLQMNSLKPEDTAMYYCMELGLSWVVLAALLQGVQ
seq684,AVQLVESGGGLVQPGGSLRLSCAASGFTFSSYYMSWVRQAPGKGLEWVSGIYTGGGSTYYADSVKGRFTISRDNAKNVLYLKLSSLKPEDTAMYYCMELGLSWVVLAALLQGVQA
seq685,EVQLVESGGGLVQPGGSLRLSCAASGFTFSSYWVYWVRQAPGKGLEWVSSIYTGGGSTYYADSVKGRFTISKDNAKNTLYLQMNSLKPEDTAMYYCMELGLSWVVLAVLLQGVQ
seq686,EVQLVESGGGLVQPGGSLRLSCAASGFTFSSYWMYWVRQAPGKGLEWVSSIYTGGGSTYYADSVKGRFTISKDNAKNTLYLQMNSLKPEDTAMYYCMELGLSWVVLAALLQGVQA
seq687,EVQLVESGGGLVQPGGSLRLSCAASGFTSSSYWMYWVRQAPGKGLEWVSSIYTGGGSTYYADSVKGRFTISKDNAKNTLYLQMNSLKPEDTAMYYCMELGLSWVVLAVLLQGVQ
seq688,EVQLVESGGGLVQPGGSLRLSCAASGFTFSSYWMYWVRQAPGKALQWVSSIYTGGGSTYYADSVKGPLTISKDNAKNTLYLQMNSLKPEDTAMYYCMELGLSWVVLAALLQGVQA
seq689,EVQLVESGGGLVQPGGSLRLSCAASGFTFSSYWMYWVRQAPGKGLEWVSTINSGGGSTYYADSVKGRFTISRDNAKNMLYLQMNSLKPEDTAMYYCMELGLSWVVLAALLQGVQA
seq690,EVQLVESGGGLVQPGGSLRLSCAASGFTFSSYWMYWVRQAPGKGLEWVSTINSGGGSTYYADSVKGRFTISRDNAKNMLYLQMNSLKPEDTAVYYCMELGLSWVVLAALLQGVQA
seq691,EVQLVESGGGLVQPGGSLRLSCAASGFTFSSYWMYWVRQAPGKGPEWVSTINSGGGSTYYADSVKGRFTISRDNAKNMLYLQMNSLKPEDTAMYYCMELGLSWVVLAALLQGVQA
seq692,EVQLVESGGGLVQPGGSLRLSCAASGFTFSSYWMYWVRQAPRKGLEWVSTINSAGGSTYYADSVKGRFTISRDNAKNTVYLQMNSLKPEDTAMYYCMELGMSWVVLAALLQGVQA
seq693,EVQLVESGGGLVQPGGSLRLSCAASGFTFSSYWMYWVRQAPGKGLEWVSTINSAGGSTYYADSVKGRFTISRDNAKNTVYLQMNSLKPEDTAMYYCMELGMSWVVLAALLQGVQA
seq694,EVQLVESGGGLVQPGGSLRLSCAASGFTFSSYWMYWVRQAPGKGLEWVSAINSGGGSTYYADSVKGRFTISQDNAKNTRYLQMNSLKPEDTAMYYCMELGLSWVALAALLQGVQA
seq695,EVQLVESGGGLVQPGGSLRLSCAASGFTFSSYDMSWVRQAPGKGLEWVSAINSGGGSTYYADSVKGRFTISRDNAKNTLYLQMNSLKPEDTAMYYCMELGLSWVVLAALLQGVQA
seq696,EVQLVESGGGLVQPGGSLRLSCAASGFTFSSYDMSWVRQAPGKGLEWVSAINSGGGSTYYADSVKGQFTISRDNAKNTLYLQMNSLKPEDTAMYYCMELGLSWVALAALLQGVQA
seq697,EVQLVESGGGLVQPGGSLRLSCAASGFTFSSYAISWVRQAPGKGLEWVSAINSGGGSTYYADSVKGRFTISRDNAKNTVYLQLNSLKPEDTAMYYCMELGLSWVVLAALLQGVQA
seq698,EVQLVESGGGLVQPGGSLRLSCAASGFTFSSYAMSWVRQAPGKGLEWVSAINSGGGSTYYADSVKGRFTISRDNAKNTLYLQLNSLKTEDTAMYYCMELGLSWVVLAALLQGVQA
seq699,AVQLVESGGGLVQPGGSLRLSCAASGFTFSSYAISWVRQAPGKGLEWVSAINSGGGSTYYADSVKGRFTISRDNAKNTVYLQLNSLKTEDTAMYYCMELGLSWVVLAALLQGVQA
seq700,EVQLVESGGGLVQPGGSLRLSCAASGFTFSSYAMSWVRQAPGKGLEWVSAIYTGGGSTYYADSVKGRFTISQDNAKNTVYLQMNSLKTEDTAMYYCMELGLSWVVLAALLQGVQA
seq701,EVQLVESGGGSVQAGGSLRLSCAASGFTFSSYDMSWVRQAPGKGLEWVSAINSGGGSTYYADSVKGRFTISQDNAKNMLYLQMNSLKPEDTAMYYCMELGLSWVVLAALLQGVQA
seq702,EVQLVESGGGLVQPGGSLRLSCAASAFTYSSCCMYWVRQAPGKGFEWVSAINSGGGSTYYADSVKGRFTISQDNAKNTRYLQMNSLKPEDTAMYYCTKSDVWSYGV
seq703,LQQSGGGLVQPGESLRVSCAASGFTFSSYYMSWVRQAPGKGLEWVSAISTGGDTTYYADSVKGRFTISRDNAKNTLYLQMNSLKPDDTALYYCAREAVAGSDDYWGQGTQVTLQE
seq704,QVTLQESGGGLVQPGGSLRISCVASGFTFSSYYMGWVRQAPGKGLEWVSSVYIFGGSTYYADSVKGRFTISRDDAKNTLTLQMNSLKPEDTARYYCTREMRIGRASDYWGPGTQVT
seq705,LQESGGGLVQPGGSLRISCVASGFTFSSYYMGWVRQAPGKGLEWVSSVYIFGGSTYYADSVKGRFTISRDDAKNTLTLQMNSLKPEDTARYYCTREMRIGRASDYWGPGTQVTLQQ
seq706,QVTLQESGGGLVQPGGSLKLSCAASGFTFSSYAMSWVRQAPGKGLEWVSDINSAGGSTSYADSVKGRFTISRDNAKNTLYLQMNNLKPEDTAVYYCAKDRASIFGYGMDYWGKGTLVT
seq707,LQESGGGLVQPGGSLKLSCAASGFTFSSYAMSWVRQAPGKGLEWVSDINSAGGSTSYADSVKGRFTISRDNAKNTLYLQMNNLKPEDTAVYYCAKDRASIFGYGMDYWGKGTLVTLQE
seq708,QVTLQESGGGLVQPGGSLRLSCAASGFTFSSNSMFWVRQAPRKGLEWVSFINTAGGWAYYADSVKGRFTISRDNAKNTLYLQMNSLKSEDTAVYYCAKPSLILTMFVLTLVPWGQGTQVT
seq709,LQESGGGLVQPGGSLRLSCAASGFTFSSNSMFWVRQAPRKGLEWVSFINTAGGWAYYADSVKGRFTISRDNAKNTLYLQMNSLKSEDTAVYYCAKPSLILTMFVLTLVPWGQGTQVTLQE
seq710,QVTLQESGGGLVHPGGSLRLSCAASGFTFSSYVMSWVRQAPGKGLEWVSEIDSSGGSTYYADSVKGRFTISRDNAKNTLYLQMNSLKPEDTAVYYCAIPRFRRMVDFKNRGQGTQVT
seq711,LQESGGGLVHPGGSLRLSCAASGFTFSSHAMSWVRQAPGKRLEWVSGINGGGGITTYADSVKGRFTISRDNAKNMLYLQMNSLKPEDTAVYYCAKGGNSGSYYRDYWNQGTQVTMMK
seq712,QVQLVESGGGSVQAGGSLRLSCAASGYAYSSNCMGWFRQAPGKEREGVAGIYSGGGSTYYADSVKGRFTISQDNAKNTVYLQMNSLKPEDTAMYYCAVHWKAYYNCGMWIAYNNWGQGTQVTVSS
seq713,LQESGGGLVQAGGSLRLSCAASGRTFSSYAMGWFRQAPGKEREFVAAISWSGTITSYADSVKGRFTISRDNAKNMVYLQMNSLKPEDTAVYYCAAALGYGSRHLDAYAYWGLGTQVTLQE
seq714,LQESGGGLVQAGGSLRLSCAASESYFSINRMGWYRQAPGNQRELVASISSGGSTNYADSVKGRFTISRDNAKNTVYLQMNSLKPEDTAVYLCNVNAYHSGNLYTYWGQGTQVTLQE
seq715,LQESGGGLVQAGGSLTLSCAASGSTSSRINAMGWYRQAPGKQRELVASINDGGSTTYADSVKGRFTISRDNAKNTMSLLMNSLQPEDTAVYYCNARVRFFTTYVNNWGQGTQVTLQQ
seq716,QSGGGLVQTGGSLRLSCAVPESTFSITSMGWYRQASGKERELVAGIISAGTANYADSVKGRFTISIGNTKNTAYLQMNSLKPGDTAVYYCRVV
seq717,LQESGGGLVQAGGSLRLSCAASVSTFSINAMGWYRQAPGKQRELVADISSGGGTNYADSVKGRFTISRDNAKNTLYLQMNSLKPEDTAVYYCNAVQQSWTRGGLRSYDYWGQGTQVT
seq718,LQESGGGLVQAGGSLRLSCAASGSTFSINAMGWYRQAPGKQRELVALISYGGSTKYADSVKGRFTISRDNAKNTVYLQMNSLKPEDTAVYYCNAEGSSWKKFDYWGQGTQVTLQE
seq719,LQESGGGLVQAGGSLRLSCAASGRTFSNYAVGWFRQAPGKERDFVAAIGGSSYITRYADSVKGRFRITRDNTKNTAYLQMNSLEPGDTAVYYCAAGSWAAVSTTPSYWGQGIQVTLQE
seq720,QVTLQQSGGGLVQPGGSLKLSCAASGSISRNGMDWYRQVPGKEREWVATITSRGNTNYADSVKGRFTISRDLAKNMVDLQMNSLKPEDTAVYYCRWRGYWGQGTQVT
seq721,LQQSGGGLVQPGGSLKLSCAASGSISRNGMDWYRQVPGKEREWVATITSRGNTNYADSVKGRFTISRDLAKNMVDLQMNSLKPEDTAVYYCRWRGYWGQGTQVTLQQ
seq722,QVTLQESGGGLVQAGGSLRLSCAASGSFFSINVMGWYRQAPGKQRDMVAAITSGGSTNYADSVKGRFTISRDNAKNTAYLQMNSLKPEDTAVYYCAAVVRPNQIATMTDYWGQGTQVT
seq723,LQESGGGLVQAGGSLRLSCAASGSFFSINVMGWYRQAPGKQRDMVAAITSGGSTNYADSVKGRFTISRDNAKNTAYLQMNSLKPEDTAVYYCAAVVRPNQIATMTDYWGQGTQVTLQE
seq724,LQESGGGLVQAGGSLRLSCAPSTRTFGIYQTAWFRQVPGKEREFVATISGYGTSTYYADSVKGRFTISRDNAKNTVYLQMNSLKPEDTAVYYCAADQTSLQLTKVSAYRYWGQGTQVTLQE
seq725,QVTLQQSGGGLVQAGGSLRLSCAASGGTFTMYAIDWLRQAPGKEREFVGSISAGGGSTFYAESVKGRFTISRDNSKNTVSLQMNNLKPEDTAVYYCAARRGIATMAPTSYATWGQGTQVT
seq726,LQQSGGGLVQAGGSLRLSCAASGGTFTMYAIDWLRQAPGKEREFVGSISAGGGSTFYAESVKGRFTISRDNSKNTVSLQMNNLKPEDTAVYYCAARRGIATMAPTSYATWGQGTQVTLQE
seq727,QVTLQESGGGLVQAGGSLRLSCAASGSTFSINAARWYRQAPGKQRELVAAISIGGTTNYADSVKGRFTISRDNAKNTVYLQMNSLKPEDTAVYYCNAPGPYSDYETMAYEYDYWGQGTQVT
seq728,LQESGGGLVQAGGSLRLSCAASGSTFSINAARWYRQAPGKQRELVAAISIGGTTNYADSVKGRFTISRDNAKNTVYLQMNSLKPEDTAVYYCNAPGPYSDYETMAYEYDYWGQGTQVTLQE
seq729,QVTLQESGGGSVQPGGSLRLSCAASGFAFSINAMDWYRQVPGKEREVVARISSGGSTNYADAVKGRFTISRDNAKQLVFLQMNNLKPEDTAVYYCNSAYKHNRDSWGQGTQVT
seq730,LQESGGGSVQPGGSLRLSCAASGFAFSINAMDWYRQVPGKEREVVARISSGGSTNYADAVKGRFTISRDNAKQLVFLQMNNLKPEDTAVYYCNSAYKHNRDSWGQGTQVTLQE
seq731,QVTLQESGGGLVQAGGSLRLSCAASGSTFSINAIRWYRQAPGKQRELVAAISIGGTTNYADSVKGRFTISRDNAKNTVYLQMNSLKPEDTAVYYCNAPGPYSDYETMGYEYDYWGQGTQVT
seq732,LQESGGGLVQAGGSLRLSCAASGSTFSINAIRWYRQAPGKQRELVAAISIGGTTNYADSVKGRFTISRDNAKNTVYLQMNSLKPEDTAVYYCNAPGPYSDYETMGYEYDYWGQGTQVTLQE
seq733,QVTLQQSGGGSVQAGGSLRLSCAASGRAFSAYTMGWFRQPPGKEREFVAHIGRDDGMTHYADSVKGRFTISRDNAKNTVYLQMNSLKPEDTAVYYCAATILARRPSPGAYDYWGQGTQVT
seq734,QSGGGSVQAGGSLRLSCAASGRAFSAYTMGWFRQPPGKEREFVAHIGRDDGMTHYADSVKGRFTISRDNAKNTVYLQMNSLKPEDTAVYYCAATILARRPSPGAYDYWGQGTQVTLQQ
seq735,QVTLQQSGGGLVQAGGSLRLSCAASGRAFSSYHMGWFRQAAGKEREFVAHMTGTGGSTHYADSVKGRFTISRDNAKNTVYLQMNNLKPEDTAVYYCAATILAQRPTPGAYEYWGPGTQVT
seq736,QVTLQESGGGLVQAGDSLRLSCVASGLTFSSYTMGWFRQAPGKEREFVVHITGSGGLTYYVDSVKGRFTISRDNAKNTVYLQMNNLKPEDTAVYYCAATILARRPSPGAYDYWGQGTQVT
seq737,LQESGGGLVQAGDSLRLSCVASGLTFSSYTMGWFRQAPGKEREFVVHITGSGGLTYYVDSVKGRFTISRDNAKNTVYLQMNNLKPEDTAVYYCAATILARRPSPGAYDYWGQGTQVTLQE
seq738,LQESGGGLVQAGDSLRLSCVASGRTFSNYTMGWFRQAPGKEREFVAHITGSGKLAYVADSVKGRFIISRDNAKNTVYLQMNNLKPEDTALYYCAATILARRPSPGAYDYWGQGAQVT
seq739,QVTLQQSGGGLVQAGGSLRLSCAASGRTDSTDTMTWFRQAPGKEREFVASVSWIANTYYADSVKGRFTVSRDYTKNTVDLQMNNLTPEDTAVYYCAAADHGSRWWRQVADITTYDYWGQGTQVT
seq740,LQQSGGGLVQAGGSLRLSCAASGRTDSTDTMTWFRQAPGKEREFVASVSWIANTYYADSVKGRFTVSRDYTKNTVDLQMNNLTPEDTAVYYCAAADHGSRWWRQVADITTYDYWGQGTQVT
seq741,QSGGGSVQAGGSLRLSCAASGRTASNWAIHWFRQAPGKEREFLAAISSSGGYTYYADSVKGRFTISRDNTKSTVYLQMNSLKPEDTAVYYCAADSVNRAIMLGTSLDYWGQGTQVTLQQ
seq742,QSGGGLVQTGGSLRLSCAASGRTASSWAIHWFRQAPGKEREFVAAISSSGEYTYYADSVKGRFTISRDNTKTTVYLQMDSLKPEDTAVYYCAADSSYRAIMLGRSLDYWGQGTQVTLQQ
seq743,QVTLQQSGGGLVQNGDSLRLSCAASGRSFRTYAMGWFRQAPGKEREIVGALSWSDSGTYYADSVKGRFTISRDNAKNTLYLQMDSLKPEDTAVYYCAADPSYARIVGSGRYIIEYWGQGTQVT
seq744,QVTLQESGGGSVQAGGSLRLSCAASGRTASNWATHWFRQAPGKEREFVAAISSSGGYTYYADSVKGRFTISRDNTKSTVYLQMNSLKPEDTAVYYCAADSVNRAIMLGTSLDYWGQGTQVT
seq745,LQESGGGSVQAGGSLRLSCAASGRTASNWATHWFRQAPGKEREFVAAISSSGGYTYYADSVKGRFTISRDNTKSTVYLQMNSLKPEDTAVYYCAADSVNRAIMLGTSLDYWGQGTQVTLQE
seq746,QVTLQESGGGLVQAGGSLRLSCAASGRSDSTDTMTWFRQAPGKEREFVASVSWIANTYYADSVKGRFTASRDYTKNTVYLQMNNLTPEDTAVYYCAAADHGSRWWRQVADITTYDYWGQGTQVT
seq747,QVTLQESGGGLVQPGGSLRLSCAASGSIFSINAAGWYRQAPGKQRELVAYMSSTGSTNYADSVKGRFTISRDNAKNTVYLQMNSLKPEDTAVYYCNADGIAVLAGRTDQYDFWGQGTQVT
seq748,LQESGGGLVQPGGSLRLSCAASGSIFSINAAGWYRQAPGKQRELVAYMSSTGSTNYADSVKGRFTISRDNAKNTVYLQMNSLKPEDTAVYYCNADGIAVLAGRTDQYDFWGQGTQVTLQQ
seq749,QSGGGLVQPGGSLRLSCAASGNISSVNFMAWYRQNPGTQRELVAQIPSGGYPVYADSVKGRFTISRDNAKNTLYLQMNGLKPEDTAVYYCYAAARTWFYNYNYWGQGTQVTLQQ
seq750,QSGGGLVQAGGSLRLSCAASGNISSVNFMAWYRQNPGTQRELVAQIPSGGYPVYADSVKGRFTISRDNAKNTLYLQMNGLKPEDTAVYYCYAAARTWFYNYNYWGQGTQVTLQE
seq751,QVTLQESGGGLVQAGGSLRLSCAASRSVASINVMGWFRQVPGREREFVGAIGLSGGNTYYHHSVKGRFTVSRDRAKNTVYLQMDSLKSEDTAIYYCAADTGLAYFSYEYSRRPSDYGYWGQGTQVT
seq752,QVTLQESGGGLVQAGGSLRLSCAASGRTDTMTWFRQAPGKEREFVASISWIDNTNYADSVKGRFTVSRDYTKNTMYLQMNNLAPEDTAVYYCAAADHGSRWWRQMADATTYDYWGQGTQVT
seq753,QVTLQESGGGFVQPGGSLRLSCAASGFTFSSYWMYWVRQAPGKGLEWVSVIDSGGSSTNYADSVKGRFTISRDNAKNTLYLQMNSLRSADTAVYYCAKARGRGFVSGPDSLDRGQGTQVT
seq754,LQESGGGFVQPGGSLRLSCAASGFTFSSYWMYWVRQAPGKGLEWVSVIDSGGSSTNYADSVKGRFTISRDNAKNTLYLQMNSLRSADTAVYYCAKARGRGFVSGPDSLDRGQGTQVTLQE
seq755,QVTLQQSGGGSVQAGGSLRLSCAASGRTASNWPIHWFRQAPGKEREFVAAISWSGGYTYYADSVKGRFTISRDNTKSTVYLQMNSLKPEDTAVYYCAADSVNRAILLGTSLDYWGQGTQVT
seq756,QVTLQQSGGGLVQPGGSLRLSCAASGSIFSINSMGWYRQAPGKQRELVAYITSGGRINYADSVKGRFTISRDNAKNTVYLQMNSLKPEDTAVYYCNADIIATLVGRKDSYDFWGQGTQVT
seq757,QSGGGLVQPGGSLRLSCAASGSIFSINSMGWYRQAPGKQRELVAYITSGGRINYADSVKGRFTISRDNAKNTVYLQMNSLKPEDTAVYYCNADIIATLVGRKDSYDFWGQGTQVTLQE
seq758,QVTLQESGGGLVQPGGSLRLSCVASGTVFSINDISINHLGWYRQAPGKERELVAAITADGTSAYEDSVKGRFIISRDDAKKMVYLQMNSLKPEDTAVYYCNGLRASNAGWEPRFGTWGQGTQVT
seq759,LQESGGGLVQPGGSLRLSCVASGTVFSINDISINHLGWYRQAPGKERELVAAITADGTSAYEDSVKGRFIISRDDAKKMVYLQMNSLKPEDTAVYYCNGLRASNAGWEPRFGTWGQGTQVTLQE
seq760,LQESGGGLVRPGGSLRLSCVASGPIFSPNTMGWFRQAPGKERELVATITYGGGTTYADSAKGRFTISRDNTKKMMSLQMNSLKPEDTAVYYCNLWSQWQSETYWGQGTQVTLQE
seq761,LQESGGGLVQPGGSLRLSCAASGPIISPNTMGWFRQRPGKQRELVATITYRGGTTYADSVKGRFTISRDNAKKMMSLQMNSLKSEDTAVYFCNLWSQWESESYWGQGTQVTLQQ
seq762,QVTLQQSGGGLVQTGGSRRLSCAASGGTFDEYVMGWFRQAPGKDREFVAAITWGGQTYYADSVKGRYTISRDDAKSTAFIQMNSLKPEDTAVYTCAAGLSIYSNTYYYTRGEEYTYWGQGTQVT
seq763,QVTLQESGGGLVQPGGSLRLSCVASGPITSPNTMGWFRQAPGKQRELVATITYGGGTTYADSVKGRFTISRDNAKKTMSLQMNSLKPEDTAVYYCNLWNQWESESYWGQGTQVT
seq764,QVTLQQSGGGLVQAGGSLRLSCAASGRAFGYYYMGWFRQAPGKEREFVAAISWYDGSTSYPNSVKGRFTISRDNAKNTVDLQMNSLKSEDTAVYYCAGDRSLTVVASSWRYWGQGTQVT
seq765,LQQSGGGLVQAGGSLRLSCAASGRAFGYYYMGWFRQAPGKEREFVAAISWYDGSTSYPNSVKGRFTISRDNAKNTVDLQMNSLKSEDTAVYYCAGDRSLTVVASSWRYWGQGTQVTLQE
seq766,LQESGGGLVQPGGSLRLSCTASGPIFSPNTMAWFRQAPGKQRELVATITYGGGTTYVDSVKGRFTISRDNTKKMMSLQMNSLKPEDTAVYYCALWSQWQSETYWGQGTQVT
seq767,QVTLQESGGGLVQAGGSLRLSCEASGRTFSSYHMGWFRQAAGKEREFVATISSDYNTYYADSVKGRFTISRDNAKNTVYLQTNSLKPEDTAVYYCASRTVFSGPQYYTRAHEYGYWGQGTQVT
seq768,QVTLQESGGGLVQPGGSLRLSCAASGGTFSWYAMGWFRQAPGKEREFVATVSRGGGSTYYADSVKGRFTISRDNAKNTVYLQMNSLKPEDTAAYYCAAGRGSPSDTGRPDEYDYWGQGTQVT
seq769,LQESGGGLVQPGGSLRLSCAASGGTFSWYAMGWFRQAPGKEREFVATVSRGGGSTYYADSVKGRFTISRDNAKNTVYLQMNSLKPEDTAAYYCAAGRGSPSDTGRPDEYDYWGQGTQVTLQE
seq770,QVTLQQSGGGLVQAGGSLRLSCAASGRISSNAMAWFRQNPGKERDFVATISWNGGSTDYADSLKGRFTISRDNAKNTVYLQMNSLKPEDTAVYYCAAALGKPRGAKEDARGYDYWGQGTQVT
seq771,QVTLQESGGGLVQPGGSLRLSCAASGSDFSATAMTWYRQPPGKSREYVARIFLSGGTNYADSVKGRFTISRDNAKNTFYLQMNNLKREDTAVYYCNLASYWGQGTQVT
seq772,QVTLQESGGRLVEAGGSLRLSCLVSGGTFSWYAMGWFRQAPGKEREFVATVSRGGGSSYYADSVKGRFTISRDNAKNTVYLQMNSLKPEDTAVYYCAAGRGAPSDTGRPDDYDYWGQGTQVT
seq773,QVTLQESGGRLVEAGGSLRLSCAVSGGTFSWYAMGWFRQAPGKEREFVATVSRGGGSTYYADSVKGRFTISRDNAKNTVYLQMNSLKPEDTAVYYCAAGRGSPSDTGRPDEYDYWGQGTQVT
seq774,LQESGGRLVEAGGSLRLSCAVSGGTFSWYAMGWFRQAPGKEREFVATVSRGGGSTYYADSVKGRFTISRDNAKNTVYLQMNSLKPEDTAVYYCAAGRGSPSDTGRPDEYDYWGQGTQVTLQE
seq775,QVTLQESGGRLVEAGGSLRLSCAVSGGTFSWYAMGWFRQAPGKEREFVATISRGGGSSYYADSVKGRFTISRDNAKNTVYLQMNSLKPEDTAVYYCAAGRGAPSDTGRPDEYDYWGQGTQVT
seq776,LQESGGRLVEAGGSLRLSCAVSGGTFSWYAMGWFRQAPGKEREFVATISRGGGSSYYADSVKGRFTISRDNAKNTVYLQMNSLKPEDTAVYYCAAGRGAPSDTGRPDEYDYWGQGTQVTLQE
seq777,LQESGGRLVEAGGSLRLSCAASGGTFSWYAMGWFRQAPGKEREFVATVSRGGGSIYYADSVKGRFTISRDNAKNTVYLQMNSLKPEDTAVYYCAAGRGAPSDTGRADEYDFWGQGTQVTLQQ
seq778,QVTLQESGGRLVEAGGSLRLSCLVSGGTFSWYAMGWFRQAPGKEREFVATVSRGGGSSYYADSVKGRFTISRDNAKNTVYLQMNSLKPEDTAVYYCAAGRGSPSDTGRPDDYDYWGQGTQVT
seq779,QVTLQESGGRLVEAGGSLRLSCLVSGGTFSWYAMGWFRQAPGKEREFVATVSRGGGSTYYADSVKGRFTISRDNAKNTVYLQMNSLKPEDTAVYYCAAGRGAPSDTGRPDDYDYWGQGTQVT
seq780,QVTLQESGGGLVQPGGSLRLSCLVSGGTFSWYAMGWFRQAPGKEREFVATVSRGGGSSYYADSVKGRFTISRDNAKNTVYLQMNSLKPEDTAVYYCAAGRGAPSDTGRPDEYDYWGQGTQVT
seq781,LQESGGGLVQPGGSLRLSCLVSGGTFSWYAMGWFRQAPGKEREFVATVSRGGGSSYYADSVKGRFTISRDNAKNTVYLQMNSLKPEDTAVYYCAAGRGAPSDTGRPDEYDYWGQGTQVTLQE
seq782,QVTLQESGGGLVQAGGSLRLSCTTSGITFSDYAMAWFRQAPGKGREFVARSGGSTDYSDSVKGRFTISRDNAKNTVYLQMNSLRPEDTAVYYCAGDYGWARPSRHSVRPEMYDYWGQGTQVT
seq783,LQESGGGLVQAGGSLRLSCTTSGITFSDYAMAWFRQAPGKGREFVARSGGSTDYSDSVKGRFTISRDNAKNTVYLQMNSLRPEDTAVYYCAGDYGWARPSRHSVRPEMYDYWGQGTQVTLQE
seq784,QVTLQESGGGLVQAGGSLRLSCAASGRTFSSYAMGWFRQAPGSEREFVARISWSGGSTYYADSVKGRFTISRDNAKNTVYLQMNSLKPEDTAVYYCTAGFALPPSDYWGQGTQVT
seq785,QVTLQESGGGLVQPGGSLRLSCAASGFTFSDYVMSWVRQAPGKGLEWVSAINFVGSSTSYADSVKGRFTISRDNAKNTLYLQMNSLKPEDTAVYYCTKLGSDPTGQGTQVT
seq786,LQESGGGLVQPGGSLRLSCAASGFTFSDYVMSWVRQAPGKGLEWVSAINFVGSSTSYADSVKGRFTISRDNAKNTLYLQMNSLKPEDTAVYYCTKLGSDPTGQGTQVTLQE
seq787,LQESGGGLMQTGGSLRLSCAASGRAFESYAMAWFRQTPGKEREFQAAIAWTDVTYYADSVKGRFTISRDTAKNTVYLQMNSLKPEDTAVYYCAADRGAFRQYSDYGRQWLYEYWGQGTQVTLQE
seq788,QVTLQESGGGLVQAGDSLRLSCAASGRTGNINTMTWFRQAPGKEREFVAGVTWGGWSGGTTDYADSVKDRFTISRDGAKNTMYLQMNSLKFEDTAVYYCAADSKYYTVYRSRVTYEYWGQGTQVT
seq789,QVTLQESGGGLVQAGGSLRLSCVASGITFSDYAMAWFRQAPGKEREFVARSGGSTDYADSVKGRFTISRDNAKSTVYLQMNSLRPEDTAVYYCAGDLGWARVRRLITRPEMYDYWGQGTQVT
seq790,LQESGGGLVQAGGSLRLSCVASGITFSDYAMAWFRQAPGKEREFVARSGGSTDYADSVKGRFTISRDNAKSTVYLQMNSLRPEDTAVYYCAGDLGWARVRRLITRPEMYDYWGQGTQVTLQE
seq791,QVTLQESGGGLVQAGGSLRLSCAASGPIFSIDTMGWFRQAAGKQRELVATVDSGGRTKYADSVKGRFTISRDYAKNTVYLQMNSLKPEDTAVYYCAAEWVASKAGLGTDYNDYWGQGTQVT
seq792,QVTLQESGGGLVQAGGSLRLSCAASGITFSDYAMAWFRQAPGKEREFVARSGGSTDYADSVKGRFTISRDNAKNTVYLQMNSLRPEDTAVYYCAGDAGWIRSPRHIARPEMYDYWGQGTQVT
seq793,LQESGGGLVQAGGSLRLSCAASGITFSDYAMAWFRQAPGKEREFVARSGGSTDYADSVKGRFTISRDNAKNTVYLQMNSLRPEDTAVYYCAGDAGWIRSPRHIARPEMYDYWGQGTQVTLQE
seq794,LQESGGGLVQPGGSLRLSCVASGTIFSINDISINHMGWYRQAPGKERELVAAITADGTSAYEDSVKGRFTISRDDAKKMVYLQMNSLKPEDTAVYYCNGLRASNAGWEPRFGTWGQGTQVTLQE
seq795,LQESGGGLVQPGGSLRLSCVASGTIFSINDISINHLGWYRQAPGKERELVAAITADGTSAYEDSVKGRFIISRDDAKKMVYLQMNNLKPEDTAVYYCNGLRASNAGWEPRFGTWGQGTQVTLQE
seq796,QVTLQESGGGLVQPGGSLRLSCVASGTIFSINDISINHLGWYRQAPGKERELVAAITADGTSAYEDSVKGRFIISRDDAKKMVYLQMNSLKPEDTAVYYCNGLRASNAGWEPRFGTWGQGTQVT
seq797,QVTLQESGGGLVQAGDALTLSCAASGRSVDNYAMGWFRQAPGKELEFVAAISWWSGSRTEYADSVKGRFTISRDNANGMVYLRMSSLRPEDTAVYYCAAERGTYFAGRSQDEYDDWGRGTQVT
seq798,QVTLQESGGGLVQAGGSLRLSCAASGFTFGHYGIGWYRQAPGKEREAVSCISDGSTHYADSVKGRFTISSDNAKNTVYLQMNSLKPEDTAVYYCAADSDDSNCQISWYDYWGQGTQVT
seq799,LQESGGGLVQAGGSLRLSCAASGFTFGHYGIGWYRQAPGKEREAVSCISDGSTHYADSVKGRFTISSDNAKNTVYLQMNSLKPEDTAVYYCAADSDDSNCQISWYDYWGQGTQVTLQE
seq800,LQESGGGLVQAGDSLRLSCQASGITFSLYTMGWFRQAPGKEREFVSAITWTGSSTYYADSVKDRFTTSRDIAKKTVYLQMNSLKPEDTAVYYCAAGYRIDTQPMDRDFYYYWGQGTQVT
seq801,QSGGGLVQAGGSLRLSCAASGRAFGYYYMGWFRQAPGKEREFVAAISWYDGSTSYADSVKGRFTISRDNAKNTVDLQMNSLKSEDTAVYYCAGDRSLTVVASSWRYWGQGTQVTLQE
seq802,QVTLQESGGGLVQAGGSLRLSCAASGSSFSIRTMGWFRQAPGKEREFVAAISWSGGNTYYTDFVKGRFTISRDNAKNTVYLQMNSLNPEDTAIYYCAAGFAYRSVTYSTRPSFYEYWGQGTQVT
seq803,QVTLQESGGGLVQAGGSLSISCATSGLTFSNYVTGWLRQAPGKDREFVASISRSGISTDYADSVKGRFTISRDNAKNTVYLQMNSLKPEDTAVYYCAAGGGGTYYRRNYKYDYWGQGTQVT
seq804,LQESGGGLVQAGGSLSISCATSGLTFSNYVTGWLRQAPGKDREFVASISRSGISTDYADSVKGRFTISRDNAKNTVYLQMNSLKPEDTAVYYCAAGGGGTYYRRNYKYDYWGQGTQVTLQE
seq805,QVTLQESGGGLVQAGGSLRLSCAASGRDFSTYALAWFRQAPGKEREFVAAITWTGGSTYYADSVEGRFTISRDNAKNTVYLQMNSLKPEDTAVYYCAADLPPYGSSWYPPRYDYWGQGTQVT
seq806,LQESGGGLVQAGGSLRLSCAASGRDFSTYALAWFRQAPGKEREFVAAITWTGGSTYYADSVEGRFTISRDNAKNTVYLQMNSLKPEDTAVYYCAADLPPYGSSWYPPRYDYWGQGTQVTLQQ
seq807,QVTLQESGGRLVQAGGSLSLSCAASGRAFSDYAVGWFRQAPGKEREFVAAINWSGGYTYYADSVKGRFTISRDNAKNTAYLQMNSLKPEDTAIYYCVARHYRLWSPYQYDYDYWGQGTQVT
seq808,QVTLQESGGRLVQAGGSLSLSCATSGRAFSNYAMGWFRQAPGKEREFVAAISWSGGYTYYADSVKGRFTISRDNAKNTVYLQMNSLKPEDTAVYYCVARDYRLWSPYQYEYDYWGQGTQVT
seq809,LQESGGRLVQAGGSLSLSCATSGRAFSNYAMGWFRQAPGKEREFVAAISWSGGYTYYADSVKGRFTISRDNAKNTVYLQMNSLKPEDTAVYYCVARDYRLWSPYQYEYDYWGQGTQVTLQQ
seq810,QVTLQESGGGLVQAGGSLSLSCATSGRASSSYAMGWFRQAPGEEREFVAAISWSGGYTYYADSVKGRFTISRDNAKNTVYLQMNSLKPEDTAVYYCVARDYRLWSPYQYDYDYWGQGTQVT
seq811,LQESGGGLVQAGGSLSLSCATSGRASSSYAMGWFRQAPGEEREFVAAISWSGGYTYYADSVKGRFTISRDNAKNTVYLQMNSLKPEDTAVYYCVARDYRLWSPYQYDYDYWGQGTQVTLQE
seq812,QVTLQESGGGLVQAGGSLSLSCATSGGASSEYALGWFRQAPGKEREFVAAISWSGGYTYYADSVKGRFTISRDNAKNTMYLQMNSLKPEDTAVYYCVARDYRLWSPYQYEYDYWGQGTQVT
seq813,QVTLQESGGGLVQTGGSLRLSCTTSGRASSNYALGWFRQAPGKEREFVAAISWSGGYTYYADSVKGRFTISRDNAKNTVYLQMSSLKPEETAIYYCVARDYRLWSPYQYEYDYWGQGTQVT
seq814,LQESGGGLVQTGGSLRLSCTTSGRASSNYALGWFRQAPGKEREFVAAISWSGGYTYYADSVKGRFTISRDNAKNTVYLQMSSLKPEETAIYYCVARDYRLWSPYQYEYDYWGQGTQVTLQQ
seq815,QVTLQQSGGGLVQAEGSLSLSCATSGRAFSSYAMGWFRQAPGEEREFVAAISWSGGYTYYADSVKGRFTISRDNAKNTVYLQMNSLKPEDTAVYYCVARDYRLWSPYQYEYDYWGQGTQVT
seq816,QVTLQQSGGRLVQAGGSLSLSCATSGRAFSNYAMGWFRQAPGKEREFVAAISWSGGYTYYADSVKGRFTISRDNAKNTVYLQMNSLKPEDTAVYYCVARDYRLWSPYQYEYDYWGQGTQVT
seq817,QVTLQESGGRLVQAGGSLSLSCATSGRAFSNYAMGWFRQAPGKEREFVAAISWSGGYTYYADSVKGRFTISRDNAKNTVYLQMNSLKLEDTAVYYCVARDYRLWSPYQYEYDYWGQGTQVT
seq818,LQESGGRLVQAGGSLSLSCATSGRAFSNYAMGWFRQAPGKEREFVAAISWSGGYTYYADSVKGRFTISRDNAKNTVYLQMNSLKLEDTAVYYCVARDYRLWSPYQYEYDYWGQGTQVTLQE
seq819,QVTLQQSGGGLVQAGGSLSLSCATSGRASSSYAMGWFRQAPGEEREFVAAISWSGGYTYYADSVKGRFTISRDNAKNTVYLQMNSLKPEDTAVYYCVARDYRLWSPYQYDYDYWGQGTQVT
seq820,QVTLQQSGGGLVQAGGSLSLSCATSGRAFSSYAMGWFRQAPGKEREFVAAISWSGGYTYYADSVKGRFTISRDNAKNTVYLQMNSLKPEDTAVYYCVARDYRLWSPYQYEYDYWGQGTQVT
seq821,QVTLQQSGGGLVQPGGSLRLSCVASGRTFSNYAMGWFRQAPGKEREFVAAISWSGGYTYYADSVKGRFTISRDNAKNTVYLQMNSLKPEDTAVYYCVARDYRLWSPYQYEYDYWGQGTQVT
seq822,QSGGGLVQPGGSLRLSCVASGRTFSNYAMGWFRQAPGKEREFVAAISWSGGYTYYADSVKGRFTISRDNAKNTVYLQMNSLKPEDTAVYYCVARDYRLWSPYQYEYDYWGQGTQVTLQQ
seq823,QSGGGLVQAGGSLNLSCATSGRASSNYALGWFRQAQGKEREFVAAISWSGGYTYYADSVKGRFTISRDNSKNTVYLQMNSLKPEETAVYYCVARDYRLWSPYQYEYDYWGQGTQVTLQQ
seq824,QVTLQESGGGLVQPGGSLRLSCAASGFTFDDYAMGWFRQAPGKEREFVAAISWSGGFTYYADSVKGRFTISRDNAKNTVYLQMNSLKPEETAVYYCVARDYRLWSPYQYEYDYWGQGTQVT
seq825,LQESGGGLVQPGGSLRLSCAASGFTFDDYAMGWFRQAPGKEREFVAAISWSGGFTYYADSVKGRFTISRDNAKNTVYLQMNSLKPEETAVYYCVARDYRLWSPYQYEYDYWGQGTQVTLQE
seq826,QVTLQESGGGLVQAGGSLSLSCATSGRAFSSYAMGWFRQAPGKEREFVAAISWSGGFTYYADSVKGRFTISRDNAKNTVYLQMNSLKPEDTAVYYCVARDYRLWSPYQYEYDYWGQGTQVT
seq827,LQESGGGLVQAGGSLSLSCATSGRAFSSYAMGWFRQAPGKEREFVAAISWSGGFTYYADSVKGRFTISRDNAKNTVYLQMNSLKPEDTAVYYCVARDYRLWSPYQYEYDYWGQGTQVTLQE
seq828,QVTLQESGGGLVQAGGSLRLSCAASGRASSSYAMGWFRQAPGKEREFVAAISWSGGFTYYADSVKGRFTISRDNAKNTVYLQMNSLKPEETAVYYCVARDYRLWSPYQYEYDYWGQGTQVT
seq829,LQESGGGLVQAGGSLRLSCAASGRASSSYAMGWFRQAPGKEREFVAAISWSGGFTYYADSVKGRFTISRDNAKNTVYLQMNSLKPEETAVYYCVARDYRLWSPYQYEYDYWGQGTQVTLQE
seq830,QVTLQESGGGLVQAGGSLRLSCAASGGTFSIYTMGWFRQAPGKEREFVAAITRSGISWKGAMTDYGDSVKGRFTISGDNAKNTVFLQMNSLKPEDTAMYYCAADKTTYWNIPRDEYDFWGQGTQVT
seq831,LQESGGGLVQAGGSLRLSCAASGGTFSIYTMGWFRQAPGKEREFVAAITRSGISWKGAMTDYGDSVKGRFTISGDNAKNTVFLQMNSLKPEDTAMYYCAADKTTYWNIPRDEYDFWGQGTQVTLQE
seq832,QVTLQESGGDLVQPGGSLRLSCAASGSTLSIKAMAWYRQAPGKQREMVAAITSRGSPKYADSVKGRFTISRDNAKNTVSLQMNSLKPEDTAVYYCNARTTFLTEGWRNYWGHGTQVT
seq833,LQESGGDLVQPGGSLRLSCAASGSTLSIKAMAWYRQAPGKQREMVAAITSRGSPKYADSVKGRFTISRDNAKNTVSLQMNSLKPEDTAVYYCNARTTFLTEGWRNYWGHGTQVTLQE
seq834,QSGGGLVQAGGSLRLSCAASGFTFDDYAIGWFRQAPGKEREGISSIVGSDNYTWYTDSVKGRFTISSDNTRSTVYLQMNSLKPEDTAVYYCAADSYSDYVSLNPETFGSWGQGTQVTLQE
seq835,LQESGGGLVQAGGSLRLSCAASASTFVINPMRWYRQAPGKQRELVAGITFNGATNYADSVKGRFTISNNNAKNTVFLQMNSLRPEDTAVYYCNVVVWVGSESYDYWGQGTQVTLQE
seq836,QVTLQESGGGLVQAGGSLRLSCAASGGTSSIYTMGWFRQAPGKEREFVAAISRSAISWKGASTDYADSVKGRFTISTDNAKNTVYLQMNSLKPEDTAIYFCVADRTTSWNIPRDEYDYWGQGTQVT
seq837,LQESGGGLVQAGGSLRLSCAASGGTSSIYTMGWFRQAPGKEREFVAAISRSAISWKGASTDYADSVKGRFTISTDNAKNTVYLQMNSLKPEDTAIYFCVADRTTSWNIPRDEYDYWGQGTQVTLQE
seq838,QVTLQQSGGGLVQAGGSLRLSCTAAGNTFVINPMGWYRQAPGKQRELVAEVTFTGTTNYADSVKGRFTASRDNTKNTVFLQMNSLKPEDTAVYYCNAVVWVGPKSYDSWGQGTQVT
seq839,QSGGGLVQAGGSLRLSCTAAGNTFVINPMGWYRQAPGKQRELVAEVTFTGTTNYADSVKGRFTASRDNTKNTVFLQMNSLKPEDTAVYYCNAVVWVGPKSYDSWGQGTQVT
seq840,LQESGGGLVQAGGSLRLSCAASGGAFSIYTMGWFRQAPGKEREFVAAITRSGGNWKGALTDYAESVKGRFTISGDNAKNTVYLQMNRLKPEDTAIYYCAADKTTYWNIPRDEYDYWGQGTQVTLQE
seq841,QVTLQESGGGLVQAGDSLRLSCVASGRAFTVAWFRQAPGKEREFVSGIRWIGSSTLYADSVKGRFTISRDNAKNTVYLQMNSLKPEDTAVYYCAATRALAIATTSEKYDYWGQGTQVT
seq842,LQESGGGLVQAGDSLRLSCVASGRAFTVAWFRQAPGKEREFVSGIRWIGSSTLYADSVKGRFTISRDNAKNTVYLQMNSLKPEDTAVYYCAATRALAIATTSEKYDYWGQGTQVTLQQ
seq843,QVTLQESGGGLVQAGGSLRLSCAASANTFVLNPMRWYRQAPGKQRELVAGVTFIGTTNYADSVKGRFTISTDNAKKTVFLQMNSLKPEDTAVYYCNVVVWVGSKSYDSWGQGTQVT
seq844,LQESGGGLVQAGGSLRLSCAASANTFVLNPMRWYRQAPGKQRELVAGVTFIGTTNYADSVKGRFTISTDNAKKTVFLQMNSLKPEDTAVYYCNVVVWVGSKSYDSWGQGTQVT
seq845,QVTLQESGGGLVQPGGSLRLSCAASGIIFRFNAMGWYRQEPGKQREFVAGISSGGTTINYADSVKGRFTISRDNTQKTVYLQMNSLKYDDTAVYFCAAYPGFQLTTPKWWGQGTQVT
seq846,LQESGGGLVQPGGSLRLSCAASGIIFRFNAMGWYRQEPGKQREFVAGISSGGTTINYADSVKGRFTISRDNTQKTVYLQMNSLKYDDTAVYFCAAYPGFQLTTPKWWGQGTQVTLQE
seq847,LQESGGGLVQAGGSLRLSCAASGGTFSIYTMGWFRQAPGKEREFVAAITRSGISWKGAMTDYGDSVKGRFTISGDNAKNTVFLQMNSLKPEDTAMYYCAADKTTYWNIPRDEYDFWGQGTQVTLQQ
seq848,LVTLQQSGGGLVQAGNSLTLSCAASGGTFNIWTMGWFRQVPGKEREFVAAITRSARSWNGAMTDYSDSVKGRFTISGDNAKNTVYLQMNSLKPEDTAVYYCAADKTTYWNIPRDEYDYWGQGTQVT
seq849,QVTLQESGGGLVQAGGSLRLSCAASGDTESIVTMAWFRQAPGKEREFVAAITRSGDSRASGGMTDYADSVKGRFTISRDNAKNTVYLQMNSLKLEDTAVYYCLADKTTYWNIPRDEYDYWGQGTQVT
seq850,QVTLQQSGGGLVQAGGSLRLSCAASGDTFSIYTIGWFRQAPGKEREFVAAITRSAINWSGGQTDYADSVKGRFTISSDNAKNTVYLQMNSLKPEDTAVYYCAADKTTFWNIPRDEYDYWGQGTQVT
seq851,QSGGGLVQAGGSLRLSCAASGDTFSIYTIGWFRQAPGKEREFVAAITRSAINWSGGQTDYADSVKGRFTISSDNAKNTVYLQMNSLKPEDTAVYYCAADKTTFWNIPRDEYDYWGQGTQVTLQE
seq852,LQESGGGLVQAGGSLRLSCAASGGTFSIYTFGWFRQAPGKEREFVGAITRSDISWKSVSADYADSVKGRFTISRDNAKNTVYLQMNRLKPEDTAIYYCAADKTTYWNIPRDEYDYWGQGTQVTLQE
seq853,LQESGGGLVQIGASLRLSCAASGGTDSIYTMGWFRQAPGKEREFVAAMTRSAMNWKGALTDYTDSVKGRFTISRDDAKNTVYLQMNSLKPEDTAIYYCAADKTTYWNIPRDEYDYWGQGTQVTLQE
seq854,LQESGGGLVQAGGSLRLSCAASGGTESIVTMAWFRQAVGKEREFVAAITRSGASWTTGAMTDYADSVKGRFTISRDNAKNTVYLQMNSLKLEDTAVYYCLADKTTYWNIPRDEYDYWGQGTQVT
seq855,QVTLQESGGGLVQAGGSLRLSCAASGFSSDDYTIAWFRQAPGKEREAVSCITSSDGSTYYRDSVKGRFTISSDNAKNTVFLQMNSLKPEDTAVYYCAATFDDLYVPWVDTDTYDYWGQGTQVT
seq856,LQESGGGLVQAGGSLRLSCAASGFSSDDYTIAWFRQAPGKEREAVSCITSSDGSTYYRDSVKGRFTISSDNAKNTVFLQMNSLKPEDTAVYYCAATFDDLYVPWVDTDTYDYWGQGTQVTLQQ
seq857,QSGGGLVQAGGSLRLSCAASGFSSDDYTIAWFRQAPGKEREAVSCITSSDGSTYYRDSVKGRFTISSDNAKNTVFLQMNSLKPEDTAVYYCAATFDDLYVPWVDTDTYDYWGQGTQVTLQE
seq858,QVTLQQSGGGLVQAGNSLTLSCAASGGTFSIYTMGWFRQAPGKEREFVAAISRSADSWNGAMTDYADSVKGRFTISRDNAKNTVYLQMNSLKPEDTAVYYCTADKTTFWNIPRDEYDYWGQGTQVT
seq859,LQQSGGGLVQAGNSLTLSCAASGGTFSIYTMGWFRQAPGKEREFVAAISRSADSWNGAMTDYADSVKGRFTISRDNAKNTVYLQMNSLKPEDTAVYYCTADKTTFWNIPRDEYDYWGQGTQVTVLS
seq860,QLQASGGGLVQAGGSLRLSCAASGLTFSNYVMGWFRQAPGKEREFVAGISWSGWKTDSNSAKGRFTISRNNAKNTVDLQMNSLKPEDTAVYYCAAAAARTRLPQIVYRTTGDYGIWGQGTQVTVSS
seq861,QLQASGGGLVQAGGSLRLSCAASGLTFSNYVMGWFRQAPGKEREFVAGISWSGWKTDSNSAKGRFTISRNNAKNTVDLQMNSLKPEDTAVYYCAAAAAKTRLPQIVYRTTGDYGIWGQGTQVTVSS
seq862,QVTLQESGGGLVQAGGSLRLSCAASRLIFNNHYLGWFRQAPGKEREFVAAISWYDGSTSYADSVKGRFTISRDSAKNTVDLQMNSLKSEDTAVYYCAGDRGLTASPSSWRYWGQGTQVT
seq863,QVTLQESGGGLVQAGGSLRLSCAASGRAFDYYYMGWFRQAPGKEREFVAAISWYDGSPSYADSVKGRFTISRDNAKKTVDLQMNSLKSEDTAVYYCAGDRGLTAVASSWRYWGQGTQVT
seq864,QVTLQESGGGLVQAGGSLRLSCAASGLTFSSYYMGWFRQTPGKEREFVAAIGWYDDSTSYADSVKNRFTISRDNAKNTVYLQMSSLKPEDTAVYYCAGGRSLTVVASSWRYWGQGTQVT
seq865,LQESGGGLVQAGGSLRLSCAASGLTFSSYYMGWFRQTPGKEREFVAAIGWYDDSTSYADSVKNRFTISRDNAKNTVYLQMSSLKPEDTAVYYCAGGRSLTVVASSWRYWGQGTQVTLQE
seq866,LQESGGGLVQAGGSLRLSCAASGRAFQYYYTAWFRQAPGKEREFVAAISWYDGSTSYADSVKGRFTISRDNAENTVDLQMNSLKSEDTAVYYCAGDRGLTAVASSWRYWGQGTQVTLQQ
seq867,QVTLQQSGGGLVQTGGSLRLSCAASGRIFNHYYMGWFRQAPGKEREFVAAISWYDGSTSYADSVKGRFTVSRDNAKNTVDLQMNSLESEDTAVYYCVGDRGLTAVASSWRYWGQGTQVT
seq868,QVTLQESGGGLVQAGGSLRLSCAASGLTFSRYYLAWFRQAPGKERELVATIGWYDYSTYYADSVKGRFTISRDNAKNTMYLQVNSLKPEDTAVYYCAGGRSLTDVPGSWSYWGQGTQVT
seq869,QVTLQESGGGLVQAGGSLRLSCAASGRAFGYYYMGWFRQAPGKEREFVAAISWYDGSTSYADSVKGRFTISRDNAKNTVYLQMNSLKSEDTAVYYCAGDRSLTVVASSWRYWGQGTQVT
seq870,LQESGGGLVQAGGSLRLSCAASGRAFGYYYMGWFRQAPGKEREFVAAISWYDGSTSYADSVKGRFTISRDNAKNTVYLQMNSLKSEDTAVYYCAGDRSLTVVASSWRYWGQGTQVTLQQ
seq871,QVTLQQSGGGLVQAGGSLRLSCVVSGRIFNNHYMGWFRQAPGKEREFLAAISWYDGSTSYADSVKGRFTISRVNAKNTVDLQMNSLKSEDTAVYYCAGDRGLTAVASSWRYWGQGTQVT
seq872,QVTLQQSGGGLVQAGGSLRLSCAASGRAFDYYYMGWFRQAPGKEREFVAAISWYDGSPSYADSVKGRFTISRDNAKKTVDLQMNSLKSEDTAVYYCAGDRGLTAVASSWRYWGQGTQVT
seq873,QVTLQESGGGLVQAGGSLRLSCAASGRTFHNLYMGWFRQAPGKEREFVAAISWYDGSPSYADSVKGRFTISRDNAKNTVELQMNSLKSEDTAVYFCAGDRGLTAVASSWRYWGQGTQVT
seq874,LQESGGGLVQAGGSLRLSCAASGRTFHNLYMGWFRQAPGKEREFVAAISWYDGSPSYADSVKGRFTISRDNAKNTVELQMNSLKSEDTAVYFCAGDRGLTAVASSWRYWGQGTQVTLQQ
seq875,QVTLQQSGGGLVQAGGSLRLSCAASGRTFNNYYMGWFRQAPGKEREFVAAISWYDGSTAYADSVKGRFTISRDNAKNTVDLQMNSLKFEDTAVYYCAGDRGLTAVASAWRYWGQGTQVT
seq876,QSGGGLVQAGGSLRLSCAASGRTFNNYYMGWFRQAPGKEREFVAAISWYDGSTAYADSVKGRFTISRDNAKNTVDLQMNSLKFEDTAVYYCAGDRGLTAVASAWRYWGQGTQVTLQE
seq877,QVTLQQSGGGLVQAGGSLRLSCAASGRAFQYYYMGWFRQAPGKEREFVAAISWYDGSTSYADSVKGRFTISRDNAKNTVDLQMNSLKSEDTAVYYCAGDRGLTAVASSWRYWGQGTQVT
seq878,QSGGGLVQAGGSLRLSCAASGRAFQYYYMGWFRQAPGKEREFVAAISWYDGSTSYADSVKGRFTISRDNAKNTVDLQMNSLKSEDTAVYYCAGDRGLTAVASSWRYWGQGTQVTLQQ
seq879,QVTLQQSGGGLVQAGGSLRLSCAASGRAFNYYYMGWFRQAPGKEREFVAAISWYDASTSYADSVKGRFTISRDNAKNTVDLQMNSLKSEDTAVYYCVGDRGLTDVPSSWRYWGQGTQVT
seq880,QSGGGLVQAGGSLRLSCAASGRAFNYYYMGWFRQAPGKEREFVAAISWYDASTSYADSVKGRFTISRDNAKNTVDLQMNSLKSEDTAVYYCVGDRGLTDVPSSWRYWGQGTQVTLQQ
seq881,QSGGGLVQAGGSLRLSCQASRLSFNHYYMGWFRQAPGKNREFVAAISWYDHSTSYADSVKGRFTISRDNAKNTVDLQMNALKSEDTAVYYCVGDRGLTAVDSSWRYWGQGTQVTLQE
seq882,QVTLQESGGGLVQPGGSLRLSCVASGTIFSINDISINHMGWYRQAPGKERELVAAITADGTSAYEDSVKGRFTISRDDAKKMVYLQMNSLKPEDTAVYYCNGLRASNAGWEPRFGTWGQGTQVS
seq883,QVSLQESGGGLVQAGGSLRLSCAASGRTFSSYAMGWFRQAPGKEREFVARINWSGGSTYYADSVKGRFTISRDNAKNTVYLQMNSLKPEDTAVYYCTAGFALPPSDYWGQGTRVT
seq884,LQESGGGLVQAGGSLRLSCAASGRTFSSYAMGWFRQAPGKEREFVARINWSGGSTYYADSVKGRFTISRDNAKNTVYLQMNSLKPEDTAVYYCTAGFALPPSDYWGQGTRVT
seq885,QVTLQESGGGLVQAGGSLRLSCAASGRTVSSKAMGWFRQAPGKEREFVGSISWGGHSANYRDSVEGRFTISRDDSKNTVYLQMNSLKPEDTAVYYCAASTGSQATMSFRSYGSWGQGTQVT
seq886,QVTLQESGGGLVQPGGSLTLSCAASGFSFSSYWMYWVRQAPGKGLERVSQISARSSVVDYADSVKGRFTISRDNAKNTLYLQMNSLESEDTAVYYCARDCTTGGGLVSCNVRGQGTQVT
seq887,LQESGGGLVQPGGSLTLSCAASGFSFSSYWMYWVRQAPGKGLERVSQISARSSVVDYADSVKGRFTISRDNAKNTLYLQMNSLESEDTAVYYCARDCTTGGGLVSCNVRGQGTQVTLQQ
seq888,QVTLQESGGGLVQAGGGLRLSCAASGITLSFYGMGWFRQAPGGEREFVAAITSNGDSTYYEDSVKGRFTISRDNAKSTVFLQMNRLKPEDTAVYYCGAAFRLSGSHLFDRLYYVHWGQGTQVT
seq889,QVTLQQSGGDLVQPGGSLRVSCAASGFSFSFSHMTWVRQAPGKGLEWVSSISTDGRVLDYADSVKGRFTISRDNAKNTLYLQMNSLNPDDTARYYCVRGYFGP
seq890,QSGGDLVQPGGSLRVSCAASGFSFSFSHMTWVRQAPGKGLEWVSSISTDGRVLDYADSVKGRFTISRDNAKNTLYLQMNSLNPDDTARYYCVRGYFGPH
seq891,LQESGGGLVQAGDSLTLSCAASGGTFSVLYMGWFRQAPGRERVFVAMADWSSASTSYEDSVKGRFTISRDNAKSTVYLQMNSLKPEDTAVYYCVAGRSLTRNAGQYRYWGQGTQVT
seq892,LQESGGGLVQPGGSLRLSCAASGFTFSNWVMNWVRQAPGKGLEWVAQIDSGSTYRSYADSVKGRFSIDRDNSKNTLYLEMDNLQPADTAVYYCRKGGG
seq893,QVTLQESGGGLVQAGGSLRLSCAASGRTFSRYVMGWFRQAPGKEREFVAAIVGSGSSTSYADSVKGRFTISRDNAKNAVYLQMNSLKPEDTAVYYCAAVLSFPSTKERDYTYWGQGTQVT
seq894,LQESGGGLVQAGGSLRLSCAASGRTFSRYVMGWFRQAPGKEREFVAAIVGSGSSTSYADSVKGRFTISRDNAKNAVYLQMNSLKPEDTAVYYCAAVLSFPSTKERDYTYWGQGTQVTLQQ
seq895,LQQSGGGLVQAGDPLTLSCAASGRTVENYAMGWFRQTPGKEPEFVAAISWWSGSRADYSDSVKGRFTISRDNAKKTLYLQMSSLQPEDTGVYYCAAEPGTYFAGRFESEYDYWGQGTLVT
seq896,LQESGGGLVQPGGSLRLSCAASGFTFSLSTMRWARQAPGKGLEWVATINIDGTITTYADSVKGRFTISRDNARNTLYLQMNSLKPEDTATYYCTNGISTTNYLPRGQGTQVTLQE
seq897,QGTLQESGGGLVQTGGSLRLSCAASGFTFSSNWMYWVRQAPGKGLEWVSIIEADGSATYYTPSVKGRFTISRDNVKNTLYLQMNSLKPEDTALYYCARDQDGRVRGQGTQVT
seq898,LQESGGGLVQTGGSLRLSCAASGFTFSSNWMYWVRQAPGKGLEWVSIIEADGSATYYTPSVKGRFTISRDNVKNTLYLQMNSLKPEDTALYYCARDQDGRVRGQGTQVTLQE
seq899,LQESGGGLVQPGGSLRLSCAASGSISRFNDMAWSRQAPGEQREFVARIDSGGNTRYADSVKGRFTISRDNAKNTVYLQMTSLKVEDTAVYHCNVQLPTGWVRRRGSDDWGQGTRVT
seq900,QSGGGLVQAGGSLRLSCTASGRTFNSYAMGWFRQAPGKKRAFVAAISWGGGSTSYEDSVKGRFTISRDNDKNTVYLRMNSLKPEDTAVYYCAQGDSTHHIRALSPEYWGQGTQVTLQE
seq901,QGTLQESGGGLVQAGGSLRLSCATSGRTWNPSAMGWFRQAPGKGREFVAAVSRGGGSVYYADSVKGRFTISREVDKNAVYLQMNSLKSEDTAVYYCAAQSPGMSGTYSRSDVYPYWGQGTQVT
seq902,QVTLQQSGGGLVQPGGSLRLSCAASGFTFSHYWMYWVRQAPGKGLEWVSSISNGGGTYYSDSVKGRFSISRDNAKNTLYLQMNSLKPEDTALYYCARRRGGTNYFVGVIGGIPEYDYRGQGTQVT
seq903,LQQSGGGLVQPGGSLRLSCAASGFTFSHYWMYWVRQAPGKGLEWVSSISNGGGTYYSDSVKGRFSISRDNAKNTLYLQMNSLKPEDTALYYCARRRGGTNYFVGVIGGIPEYDYRGQGTQVTLQE
seq904,QVTLQQSGGGLTQAGGSLRLSCAASGRTFGTYAVGWFRQAPGKGREFVGAIRRSGGSTYYTDSVKGRFTISRDNAKNTVYLQMNGLKPEDTAVYYCAARRHGEYDYWGQGTQVT
seq905,QVTLQESGGGLVQAGVSLRLSCAASGSTFSSYVMGWFRQAPGKEREFVAAITRRGGRGVYSDSVKGRFTISRDNAKNTLYLQMNSLKPEDTAVYYCAAQRRGIPRYEYWGQGTQVT
seq906,QVTLQQSGGGLVQAGDSLRLSCAASGRTFTLEAMGWFRQAPGKEREFVAAIDWRSGSKMDYADSVKGRFTISRDIAKNTVYLQMNSLKPEDTAVYYCAADRDTLRISGAGGAMDYWGQGTLVT
seq907,LQQSGGGLVQAGDSLRLSCAASGRTFTLEAMGWFRQAPGKEREFVAAIDWRSGSKMDYADSVKGRFTISRDIAKNTVYLQMNSLKPEDTAVYYCAADRDTLRISGAGGAMDYWGQGTLVT
seq908,QVTLQESGGGLVQAGDSLRLSCAASGLTFSSYAMGWFRQAPGKERKFVAAINWSGGSTYYADSVKGRFTISRDNAKNTVYLQMNSLKPEDTAVYYCTSGPGSQLPPSDYWGQGTQVT
seq909,LQESGGGLVQAGDSLRLSCAASGLTFSSYAMGWFRQAPGKERKFVAAINWSGGSTYYADSVKGRFTISRDNAKNTVYLQMNSLKPEDTAVYYCTSGPGSQLPPSDYWGQGTQVTLQQ
seq910,QVTLQESGGGLVQPGGSLRLSCAASGDFFSINNMGWYRQAPGKQRELVATISSRGSTNYADSVKGRFTISRDNAKNTVYLQMNSLKPEDTAVYYCNADETSGWASLRHYWGQGTQVT
seq911,LQESGGGLVQPGGSLRLSCAASGDFFSINNMGWYRQAPGKQRELVATISSRGSTNYADSVKGRFTISRDNAKNTVYLQMNSLKPEDTAVYYCNADETSGWASLRHYWGQGTQVTLQQ
seq912,QVTLQQSGGGLVQPGGSLRLSCAASGFTFSRDAMSWVRQAPGKGLEWVSSIVASGRDTRYADSVKGRFTISRDNAKNTLYLQMNSLRPEDTAVYYCTKTPKSDTDWSTPGQGTQVI
seq913,QSGGGLVQPGGSLRLSCAASGFTFSRDAMSWVRQAPGKGLEWVSSIVASGRDTRYADSVKGRFTISRDNAKNTLYLQMNSLRPEDTAVYYCTKTPKSDTDWSTPGQGTQVI
seq914,QVTLQESGGGLVQAGGSLRLSCAASGRTFSSYTMAWFRQAPGKEREFVSIISWSDGNTYYADSVKGRFTISRDNAKNTVYLQMNSLKAEDTAVYYCAADYSGLTTRWGAYDYWGQGTQVT
seq915,LQESGGGLVQAGGSLRLSCAASGRTFSSYTMAWFRQAPGKEREFVSIISWSDGNTYYADSVKGRFTISRDNAKNTVYLQMNSLKAEDTAVYYCAADYSGLTTRWGAYDYWGQGTQVTLQE
seq916,LQESGGGLVQAGGSLRLSCAASGRTFSGGAMGWFRQAPGKEREFVAAISWSGHSTYYGDSVKGRFTISRNNARNTVYLQMNSLKPEDTAVYYCNARESAGWSSYRNYWGQGTQVTLQE
seq917,QVTLQESGGGLVQAGDSLRLSCAASGRTFSNYNMGWFRQAPGKEREFVAVIGWSGWSGGNPYYADSVKGRFTISRDNAKNTVYLQMNSLKPEDTAVYYCAADRSLTRSASSYNYWGQGTQVT
seq918,LQESGGGLVQAGDSLRLSCAASGRTFSNYNMGWFRQAPGKEREFVAVIGWSGWSGGNPYYADSVKGRFTISRDNAKNTVYLQMNSLKPEDTAVYYCAADRSLTRSASSYNYWGQGTQVTLQQ
seq919,LQQSGGGLVQAGGSLRLSCATSGRTFNSYNMGWFRQSPGKEREFVALTSWYDSSTNYADSLKGRFTISRDNAKNTMYLQMDSLKPEDTAVYYCAAGRSYSSNPAAYNYWGQGTQVTMNS
seq920,QVQLQESGGGLVQAGGSLRLSCTASRRTDRAYAMAWFRQAPGKERDVVAVISWSGGNQYYVDSVKGRFTISRDNAKGTVYLQMNSLKPEDTAVYYCAARRGYDSGIYSSGRYDYWGQGTQVTVSS
seq921,QVQLQESGGGLVQAGGSLRLSCTASRRTDRAYAMAWFRQAPGKERDVVAVISRSGGNQYYVDSVKGRFTISRDNAKSTVYLQMNSLKPEDTAVYYCAARRGYDSGIYSSGRYDYWGQGTQVTVSS
seq922,QVQLQESGGGLVQAGGSLRLSCAASRRTGRNYDMGWFRQAPGREREFVAAITWNGGNTVYADSVKGRFTISRDNGKNMMYLQMSSLKPEDTAVYYCAGTSVRGLVASVRRYEYDYWGQGTQVTVSS
seq923,QVQLQESGGGLVQAGGSLRLSCTASRRTDRAYAMAWFRQAPGKERDVVAVISWSGGNQYYVDSVKGRFTISRDNAKSTVYLQMNSLKPEDTAVYYCAARRGYDSGIYSSGRYDYWGQGTQVTVSS
seq924,QVQLQESGGGLVQAGGSLRLSCTASRRTDRAYAMAWFRQAPGKERDVVAVISWSGGNQYYVDSVKGRFTISRDNAKSTVYLQMNSLKPEDTAVYYCAARRGYDSGIFSSGRYDYWGQGTQVTVSS
seq925,QVTLKESGGGTVQAGGSLRLSCTASRRTDRAYAMAWFRQAPGKERDVVAVISWSGGNQYYVDSVEGRFTISRDNAKSTVYLQMNSLKPEDTAVYYCAARRGYDSGIYSSGRYDYWGQGTQVTVSS
seq926,QVQLVQSGGGLVQPGGSLRLSCAASRRSSRSWAMAWFRQAPGKEREFVAKISGDGRLTTYGDSVKGRFTISRDNAEYLVYLQMDSLKPDDTAVYYCAADDNYVTASWRSGPDYWGRGTQVTVSS
seq927,EVQLQASGGGSVQPGGSLRLSCAASGFIFGWSTMSWYRQAPGKQREWVSTISGGGSATTYTDSVKGRFTISRDRAKNTLYLQMNSLKPEDTAIYYCNADVSTGFRYQRKDYWGRGTQVTVSS
seq928,EVQLVESGGGLVQPGGSLRLSCAASGFTFDDYAMSWVRQAPGKGLEWVSAISWNGGSTYYAESMKGRFTISRDNAKNTLYLQMNSLKSEGTAVYYCEV
seq929,EVQLQESGPGLLKPSQTLSLTCAVYGGSITTSYYYWSWIRQPPGKGLEWMGAIAYDGSTYYSPSLKSHTSISRDTSKNQFSLQLSSVTPEGTAVYYCMNV
seq930,QVQLMESGGGLVQPGGSLRLSCAASGFTLDYYAIGWFRQAPGKEREGVSCISSSDGSTYYADSVKGRFTISRDNAKNTVYLQMNSLKPEDTAVYYCAADRPPCYYCSGYGCYRGSWGQGTQVTVSS
seq931,QLQLVESGGGLVQPGGSLRLSCAASGSIFSINAMGWYRQAPGKQRELVAAITSGGSTNYADSVKGRFTISRDNAKNTVYLQMNSLKPEDTAVYYCNAESSWAEGGYLEVWGQGTLVTVSS
seq932,QLQLVESGGGLVRAGGSLRLSCAASGCTFSSYAMGWFRQAPGKEREFVAAISWSGGSTYYADSVKGRFTISRDNAKNTVYLQMNSLKPEDTAVYYCAAEAVVAGLLRPPPYEYDYWGQGTQVTVSS
seq933,QVQLVESGGGLVQAGGSLRLSCAASGRTFSSYAMGWFRQAPGKEREFVAAISWSGGSTYYADSVKGRFTISRDNAKNTVYLQMNSLKPEDTAVYYCAADRSYTVVAGPRYEYDYWGQGTQVTVSS
seq934,QLQLVESGGGLVQPGGSLRLSCAASGSIFSVNAMGWYRQSPGKQRDLVAAITGGGSTYYADSVKGRFTISRDNAKNTLYLQMNSLKPEDTALYYCASGSGTEYVYWGQGTQVTVSS
seq935,QVQLMESGGGLVQAGGSLRLSCAASGRTFSSYDMGWYRQAPGKEREFVAAISWSGGSTYYADSVKGRFTISRDNAKNTVYLQMNSLKPEDTAIYYCNADKDSDYDVQYGMDYWGKGTLVTVSS
seq936,QLQLVESGGGLVQPGGSLRLSCAASGFTLDDYAIGWFRQAPGKEREGVSCISSSDGSTYYADSVKGRFTISRDNAKNTLYLQMNSLKPEDTAVYYCAVPLGQYGSSCFPDEYDYWGQGTQVTVSS
seq937,QVQLMESGGGLVQAGGSLRLSCAASGRTFSSYAMGWFRQAPGKEREFVAAISWSGGSTYYADSVKGRFTISRDNAKNTVYLQMNSLKPEDTAVYYCAAAPFPDGVLALGTIATMPGFFGSWGQGTQVTVSS
seq938,QLQLVESGGGLVQAGGSLRLSCAASGFTFDDYAIGWFRQAPGKEREGVSCISSSDGSTYYADSVKGRFTISSDNAKNTVHLQMNSLKPEDTAVYYCAADLAGLGCSGSYYHDYWGQGTQVTVSS
seq939,QLQLVESGGGLVQPGGSLRLSCAASGFTLDYYAIGWFRQAPGKEREGVSCISSSDGSTYYADSVKGRFTISRDNAENTVYLQMNSLKPEDTAVYYCATDPNTDYGLEDLNPQEYDYWGQGTQVTVSS
seq940,QVQLLESGGGLVQPGGSLRLSCAASGDRVSYKFMAWVRQAPGKGLEWVSSIRGNDGSTYYADSVKGRFTISRDNSKNTLYLQMNSLRAEDTAVYYCARKGKRHYELPYWGQGTLVTVSS
seq941,QVQLLESGGGLVQPGGSLRLSCAASGVKFSNHDMTWVRQAPGKGLEWVSAINSGGGSTYYADSVKGRFTISRDNSKNTLYLQMNSLRAEDTAVYYCARMGRQARVPHHMRFWGQGTLVTVSS
seq942,QVQLLESGGGLVQPGGSLRLSCAASGVKIIPKSMAWVRQAPGKGLEWVSTIETADGSTYYADSVKGRFTISRDNSKNTLYLQMNSLRAEDTAVYYCASVSRSRTNSLKSWGQGTLVTVSS
seq943,QVQLLESGGGLVQPGGSLRLSCAASGVRFSNEVMAWVRQAPGKGLEWVGIEKMNDGSTYYADSVKGRFTISRDNSKNTLYLQMNSLRAEDTAVYYCASWGHSRRQQSKFNSWGQGTLVTVSS
seq944,QVQLLESGGGLVQPGGSLRLSCAASGFTFSYNNMAWVRQAPGKGLEWVSAIEGKDGSTYYADSVKGRFTISRDNSKNTLYLQMNSLRAEDTAVYYCARRKGRTEKLSYWGQGTLVTVSS
seq945,QVQLLESGGGLVQPGGSLRLSCAASGVNVSNEVMSWVRQAPGKGLEWVSTIANHSGSTYYADSVKGRFTISRDNSKNTLYLQMNSLRAEDTAVYYCATLYSGATKQLEYWGQGTLVTVSS
seq946,QVQLLESGGGLVQPGGSLRLSCAASGFTFNNEIMAWVRQAPGKGLEWVSSIAANNGSTYYADSVKGRFTISRDNSKNTLYLQMNSLRAEDTAVYYCARYAAEPHTYSMGNKSLRYWGQGTLVTVSS
seq947,QVQLLESGGGLVQPGGSLRLSCAASGYSSNNEFMAWVRQAPGKGLEWVSAISTRNGSTYYADSVKGRFTISRDNSKNTLYLQMNSLRAEDTAVYYCAGVSYRRPQQLKYWGQGTLVTVSS
seq948,QVQLLESGGGLVQPGGSLRLSCAASGDMLSPDNMTWVRQAPGKGLEWVSTIHKTDGSTYYADSVKGRFTISRDNSKNTLYLQMNSLRAEDTAVYYCAGLRSRGLSSKYLEYWGQGTPVTVSS
seq949,QVQLLESGGGLVQPGGSLRLSCAASGFNVNPKYMTWVRQAPGKGLEWVSSIRSPGGSTYYADSVKGRFTISRDNSKNTLYLQMNSLRAEDTAVYYCASVSRDEKYMRFWGQGTLVTVSS
seq950,QVQLLESGGGLVQPGGSLRLSCAASGDMLSPDNMTWVRQAPGKGLEWVSTIHKTDGSTYYADSVKGRFTISRDNSKNTLYLQMNSLRAEDTAVYYCAGLRSRGLSSKYLEYWGQGTLVTVSS
seq951,EVKLQESGGGLVQAGESLRLSCAVPPEVFDIRTVAWYRQVPLGKGRELLSSITPWNKTTYEDSVKDRFTISRDNAKYTVYLQMNDLKPEDTAVYYCAQGWGIASMRYWGQGTQVTVSS
seq952,KVQLQESGGGLVQAGGSLRLSCAASGGTFSINTLGWYRRAPGKEREFVARISSGGITRYADSVKGRFTISRDNGKNTVYLDMNSLKPEDTAVYYCMYRNWGGGLDVYWGQGTQVTVSS
seq953,KVQLQESGGGLVQVGGSLRLSCKASGFTFRSSAMGWYRRAPGKQRELVASLTTTGTADYGDFVKGRFTISRDNAENTVDLHMNSLKPEDTAVYYCHEDPYGMESLRYWGQGTQVTVSS
seq954,KVKLQESGGGTVQAGGSLRLSCKASGFTFRSSAMGWYRRAPGQHRIFVGSFSRNEFKYADFAQGRFTISRDNAKNTVSLQMNHVIPEDTAVYYCHEDPYGMESLRYWGQGTQVTVSS
seq955,QVKLQESGGGSVQEGGSLRLSCAASGAFFRAGPMGWYRQAPGRQRDLVALIRRDRTTDYADSVKGRFTISRDDAKNTVYLQMNSLKSEDTAVYFCNPLGTGFFGQGTQVTVSS
seq956,EVQLVESGGGSVQAGDSLRLSCAASGRTFGSIRVGWFRQTPGKEREFVAAINRNDGTTYYADSVKGRFTISRDNAKNTVYMQMASLKPEDTAVYYCAAGLQYNRSADRVPVGAVYWGQGTQVTVSS
seq957,EVQLQASGGGLVQAGGSLRLSCAASGFTNERSQNMGWFRQAPGKEREGVACISSRVVECWYADSVKGRFTISRDNAKNTVYLQMNSLKPEDTAVYYCAAPRAITGTSFVGEHMCDYWGQGTQVTVSS
seq958,QVQLQESGGGLVQAGGSLRLSCAASGTIFIESYMGWYRQAPGKEREFVAGITTGGSTYYADSVKGRFTISRDNAKNTVYLQMNSLKPEDTAVYYCAAPNGRTINGYYPGSVGFRYWGQGTQMTVSS
seq959,QVQLQESGGGLVQAGGSLRLSCAASGSIFLESIMGWYRQAPGKEREFVAGISYGGSTYYADSVKGRFTISRDNAKNTVYLQMNSLKPEDTAVYYCAASLLYSSGYDGRFRYWGQGTQVTVSS
seq960,QVQLQESGGGLVAGGSLRLSCAASGSISDYYGMGWYRQAPGKEREFVAGITSGASTYYADSVKGRFTISRDNAKNTVYLQMNSLKPEDTAVYYCAVVSVDDSGHDYWGQGTQVTVSS
seq961,QVQLQESGGGLVQAGGSLRLSCAASGTIFSVDAMGWYRQAPGKEREFVAGITTGSTTYYADSVKGRFTISRDNAKNTVYLQMNSLKPEDTAVYYCAVPVFYRLADTIYHTYWGQGTQVTVSS
seq962,QVQLQESGGGLVQAGGSLRLSCAASGSISVSQAMGWYRQAPGKEREFVAGISTGGSTYYADSVKGRFTISRDNAKNTVYLQMNSLKPEDTAVYYCAAIPVYGRYFYYWGQGTQVTVSS
seq963,QVQLQESGGGLVQAGGSLRLSCAASGYIFADSVMGWYRQAPGKERELVAGITYGGSTYYADSVKGRFTISRDNAKNTVYLQMNSLKPEDTAVYYCAVIFVGDSTHFYWGQGTQVTVSS
seq964,QVQLQESGGGLVQAGGSLRLSCAASGYIFEEDAMGWYRQAPGKEREFVAGISYGGSTYYADSVKGRFTISRDNAKNTVYLQMNSLKPEDTAVYYCAAPYYVLNYPTVYHAYWGQGTQVTVSS
seq965,QVQLQESGGGLVQAGGSLRLSCAASGNIFYRRPMGWYRQAPGKEREFVAGITGGGSTYYADSVKGRFTISRDNAKNTVYLQMNSLKPEDTAVYYCAVIEFGGPIYLYWGQGTQVTVSS
seq966,QVQLQESGGGLVQAGGSLRLSCAASGYIFEDEAMGWYRQAPGKEREFVAGITSGATTYYADSVKGRFTISRDNAKNTVYLQMNSLKPEDTAVYYCAVWTDQYYGQGTQVTVSS
seq967,QVQLQESGGGLVQAGGSLRLSCAASGTIFTYFVMGWYRQAPGKERELVAGITLGGTTYYADSVKGRFTISRDNAKNTVYLQMNSLKPEDTAVYYCAAWVEYPRRYVYWGQGTQVTVSS
seq968,QVQLQESGGGLVQAGGSLRLSCAASGTIFQSTAMGWYRQAPGKEREFVAGITFGGSTYYADSVKGRFTISRDNAKNTVYLQMNSLKPEDTAVYYCAVSLSGVELFDYWGQGTQVTVSS
seq969,QVQLQESGGGLVQAGGSLRLSCAASGTIFYDVIMGWYRQAPGKEREFVAGITYGGTTYYADSVKGRFTISRDNAKNTVYLQMNSLKPEDTAVYYCAVGDPTDPSYYYWGQGTQVTVSS
seq970,QVQLQESGGGLVQAGGSLRLSCAASGTISYTPDMGWYRQAPGKEREFVAGITVGTSTYYADSVKGRFTISRDNAKNTVYLQMNSLKPEDTAVYYCAASRQWGPGFYYWGQGTQVTVSS
seq971,EVQLVESGGGLVQPGRSLKLSCAASGFTFSDYNMAWVRQAPKKGLEWVATISYDGSSTYYRDSVKGRFTISRDNAKSTLYLQMDSLRSEDTATYYCTRMDI
seq972,EVQLVESGGGLVQPGRSLKLSCAATGFTFSNYYMAWVRHAPTKGLEWVASISTGGGSTYYRDSVKARFTISRDNAKSTLYLQMDSLRSEDTATYYCTRMDI
seq973,EVQLVESEGGLVQPGRSLKLSCAASGFTFSDYYMAWVHQAPTKGLEWVAYISTGGGNTYYRDSVKGRFTISRDNAKSTLYLQMDSLRSEDTATYYCTRMDI
seq974,EVQLVESGGGLVQPGRSMKLSCAASGFTFSNYYMAWVRQAPKKGLEWVATISYDGSSTYYRDSVKGRFTISRDNAKSTLYLQMDSLRSEDTATYYCTRMA
seq975,QVQLQQSGPGRVKPSQTLSLACVISGDTVSSKTVSWNWIRQSPSRGLEWLGRTYFWPKWYTEYGASVKGRITIHPDTSKNQFSLQLSSVTPEDTAVYYCARSKTKRPPYYYAGMDVWGQGTTVTVSS
seq976,EVQLLESGGGLVQPGRALRLSCAASGFTFEDYAMFWVRQAPGKGLEWVSGISWNSGSIGYADSVKGRFTISRDNGKNSLYLQMNSLRVEDTALYYCAKDIRIFGIWGSSRYMDVWGKGTLVTVSS
seq977,QVQLQQSGPGLVKPSQTLSLSCAISGDSVSSNSAAWNWIRQSPSRGLEWLGRTYYRSKWYNDYAVSVKSRITINPDTSKNQFSLQLNSVTPEDTAVYYCTRKLGGAFDIWGRGTLVTVSS
seq978,EVQLVQSGGGLVQPGGSLRLSCAASGFTFSSYAMSWVRQAPGKGLEWVSAISGSGGSTYYADSVKGRFTISRDNSKNTLYLQMNSLRAEDTAVYYCAKEKHCGGDCYPGWYFDYWGRGTLVTVSS
seq979,QVQLQQSGAEVKKPGASVKVSCKASGYTFTSYAMHWVRQAPGQRLEWMGWINAGNGNTKYSQKFQGRVTTTRDTSASTAYMELSSLRSEDTAVYYCARDQGYYDILTGRNYYYYGMDVWGQGTTVTVSS
seq980,EVQLVQSGAEVKKPGASVKVSCKASGYTFTSYGISWVRQAPGQGLEWMGWISAYNGNTNYAQKLQGRVTMTTDTSTSTAYMELRSLRSDDTAVYYCARLNHPGTYYDFWSGYGLSDYYYYMDVWGKGTLVTVSS
seq981,EVQLVQSGGGLVKPGGSRRLSCAASGFTFSSYNINWVRQAPGKGLEWVSSTSSRSSYIYYADSVKGRFTISRDNAKNSLYLQMNSLRAEDTAVYYCARASQQLAQGSYQYYGMDVWGQGTMVTVSS
seq982,QVQLVESGGGLVQPGGSLRLSCAASGFTFSSYAMSWVRQAPGKGLEWVSAIGGSGTTTYYADSVKGRFTISRDNSKNTLYLQMDSLRAEDTAIYYCAKRYGSGLSRYFDLWGRGTMVTVSS
seq983,QVQLLESGGGVVQPGRSLRLSCAASGFTFSSYGMHWVRQAPGKGLEWVAVISYDGSNKYYADSVKGRFTISRDNSKNTLYLQMNSLRAEDTAVYYCAKKRGNRYGHYGAFDIWGQGTTVTVSS
seq984,QVQLLESGGGVVPPGRSLRLSCAASGFTFSSYGMHWVRQAPGKGLEWVAVISYDGSNKYYADSVKGRFTISRDNSKNTLYLQMNSLRAEDTAVYYCARKRGNRYGHYGAFDIWGQGTTVSFSS
seq985,EVQLVESGGGLVQPGGSLRLSCAASGFTFSSYSMNWVRQAPGKGLEWVSYISSSSSTIYYADSVKGRFTISRDNAKNSLYLQMNSLRDEDTAVYYCARDLTYYDFWSGYYRDYYYYMDVWGKGTLVTVSS
seq986,QVQLQEWGPGLVKPSETLSLTCTVSGGSISSSSYYWGWIRQPPGKGLEWIGSIYYSGSTYYNPSLKSRVTISVDTSKNQFSLKLSSVTAADTAVYYAIGVWFGENYYYGMDVWGQGTTVTVSS
seq987,EVQLLESGPGLVKPSEALSLTCTVSGGSVSSGSYYWSWIRQPPGKGLEWIGYIYYNGSTNYNPSPKSRVTMSIETSRNQFSLKLSSVTAADTAMYYCARTSIAARGYYYYMDVWGKGTTVTVSS
seq988,QVQLQQSGPGLVKPSQTLSLTCAISGDSVSRTTATWNWIRQSPSRGLEWLGRTYYRSKWNYDYAVSVKSRMIITPDTSQNQVSLQLNSVTPEDSAIYFCARSGYFKEYLDFWGHGTLVTVSS
seq989,QVQLQQSGPGLVKPSQTLSLTCAISGDSVSSDRVGWSWIRQSPSRGLEWLGRTHYRSKWYYEYSSSMKSRIAFDSDTSRNQLSLLLNSVTPEDTAVYFCAREGQVGFVWYFDLWGRGTMVTVSS
seq990,EVQLQASGGGLVQPGGSLRLACQYSGREGTTTVGWFRQSPGKEREFVAAIRWTDSRTPHTDSRFTTSSDNFKKTAYLQMNGLKPEDTALYYCTEDTWNSVVTGTAADWSQGTQVTVSS
seq991,EVQLVESGGGLVQAGDSLRLSCTASGRTFSRAVMGWFRQAPGKEREFVAAISAAPGTAYYAFYADSVRGRFSISADSAKNTVYLQMNSLKPEDTAVYYCAADLKMQVAAYMNQRSVDYWGQGTQVTVSS
seq992,EVQLQASGGGLVQGGDSLRLSCAASGRTLGDYGVAWFRQAPGKEREFVSVISRSTIITDYANSVKGRFTISRDNAKNAVYLQMNSLKPEDTAVYYCAVIANPVYATSRNSDDYGHWGQGTQVTVSS
seq993,DVQLQDLGRGSVQAGGSLKLSCAISGYDNDNYCMGWFRQTPGKEREKVAALNIGGGSPVYADFVRGRFTISLDSSKDTLYLLMNAVTPEDTAMYYCAAIRKPQFYTCRMWKPRADFDIWGQGTQVTVSS
seq994,EVQLQASGGGLAQPGGSLRLSVTVSGSIDVINNMAWYRQAPGNARELVATITSGFSTNYASSVKGRFTISRDNAKKAVYLQMNSLKPEDTADYYSKVHLIRLGAARAYDYWGQGTQVTVS
seq995,DVQLQESGGGLVQAGGSLRLSCAASGGTFSILSLGWFRQAPGKEREFVAAISRSEGSTDYADFVKGRFMISRENAKNTAYLQMNSLKPEDTAVYFCAASYARRLSTTASRVLYWGQGTQVTVSS
seq996,DVQLQESGGGLVQAGGSLRLSCAASGRFVSSYIMGWFRQAPGKEREAVASILRSVDATYYADSVKGRFTISRDNDKNTVYLQMNSLKPEDTAVYYCATRARGYFGSFGRLWPDDRQYDYWGQGTQVTVSS
seq997,DVQLQESGGGLVQPGGSLRLSCAASGIIFSIYDMGWYRQAPGKQRELVALITIHRSTNYEDSVKGRFTISRDNAKNTVYLQMNSLKPEDTAVYYCNANGVNYQYWGQGTQVTVSS
seq998,DVQLQESGGGSVQAGGSLTLSCTVSGDTFSNYILGWFRQAPGKDREFAAAISRLGVHTEYADTVTGRFTISRDNAKSTLYLQMSSLKPEDTAVYYCAAKAVRRVHGTRDYDFWGQGTQVTVSS
seq999,QVQLQESGGGSVQAGGSLRLSCVASGSIFSINAMDWYRQAPGKQRELVAGITSGGSTNYGDFVKGRFTISRDNAKNTVYLQMDSLKPEDTAVYYCAAEVGGWGPPRPDYWGHGTQVTVSS
seq1000,QVQLQESGGGLVQAGGSLRLSCAASGRTFSEYAMGWFRQAPGKEREFVATISWSGGSTYYTDSVKGRFTISRDNAKNTVYLQMNSLKPDDTAVYYCAAAGLGTVVSEWDYDYDYWGQGTQVTVSS
seq1001,QVQLVETGGGLVQPGGSLRLSCAASGFTFSSVYMNWVRQAPGKGPEWVSRISPNSGNIGYTDSVKGRFTISRDNAKNTLYLQMNNLKPEDTALYYCAIGLNLSSSSVRGQGTQVTVSS
seq1002,DVQLQESGGDLVQPGGSLRLSCAASGFTLDYYAIGWFRQAPGKEREGVSCISSSDGSTYYADSVKGRFTSSRDNAKNTVYLQMNSLKPEDTAVYYCAAVPSTYYNGSYYYTCHPGGMDYWGKGTQVTVSS
seq1003,DVQLQESGGGLVQPGGSLRLSCAVSGFTLDYYAIGWFRQAPGKEREGVSCISSSDGSTYYADSVKGRFTSSRDNAKNTVYLQMNSLKPEDTAVYYCAAVPSTYYSGTYYYNCHPGGMDYWGKGTQVTVSS
seq1004,DVQLQESGGGLVQPGGSLRLSCAASGLTLDYYTIGWFRQAPGKEREGVSCISSSDDSTYYADSVKGRFTISRDNAKNTVYLQMNSLKPEDTAVYYCATAPGTYYKGSYYPMCHYYGMDYWGKGTQVTVSS
seq1005,DVQLQESGGGLVQPGGSLRLSCAVSGFTLDYYAIGWFRQAPGKEREGVACISSSDGTTYYADSVKGRFTISRDNAKNTVYLQMNSLKPEDTAVYYCATRPLTYYSGSYYTTCSDYGMDYWGKGTLVTVSS
seq1006,DVQLQESGGGLVQPGGSLRLSCAASGFTLDYYAIGWFRQAPGKEREGVSCISNSDGSTYYADSVKGRFTTSRDNAKNTVYLQMNSLKPEDTAVYYCAAVPSTYYSGSYYYTCHPGGMDYWGKGTQVTVSS
seq1007,DVQLQESGGGLVQSGGSLRLSCAASGFTLDYYAIGWFRQAPGKEREGVSCISNSDGSTYYADSVKGRFTTSRDNAKNTVYLQMNSLKPEDTAVYYCAAVPSTYYSGSYYYTCHPGGMDYWGKGTQVTVSS
seq1008,DVQLQESGGGLVQPGGSLRLSCAASGFTLDYYAIGWFRQAPGKEREGVSCISNSDGSTYYADSVKGRFTTSRDNAKNTVYLQMNSLKPEDTAVYYCAAVPSTYYSGSYYYTCHPGGMDYWGKGTLVTVSS
seq1009,DVQLQESGGGLVQPGGSLRLSCAASGFTLDYYAIGWFRQAPGKEREGVSCISNSGGSTYYADSVKGRFTTSRDNAKNTVYLQMNSLKPEDTAVYYCAAVPSTYYSGSYYYTCHPGGMDYWGKGTQVTVSS
seq1010,DVQLQESGGGLVQSGGSLRLSCAASGFTLDYYAIGWFRQAPGKEREGVSCITNSDGSTYYADSVKGRFTTSRDNAKNTVYLQMNSLKPEDTAVYYCASFPSTYYSGSYYYTCHPGGMDYWGKGTQVTVSS
seq1011,DVQLQESGGGLVQPGGSLRLSCAASGFTLDYYAIGWFRQAPGKEREGVSCISSSDGSTYYADSVKGRFTISRDNAKNTVYLQMNSLKPDDTAVYYCAAALSEGGYTIDGSSWCYHSVYGMDYWGKGTQVTVSS
seq1012,DVQLQESGGGSVEAGGSLRLSCAASGVTLDYYAIGWFRQAPGKEREGVSCISSSDGSTYYADSVKGRFTTSRDNAKNTVYLQMNSLKPEDTADYYCAAVPSTYYSGTYYYNCHPGAMHYWGKGTQVTVSS
seq1013,DVQLQESGGGLVQPGGSLRLSCAASGLTLDYYAIGWFRQAPGKEREGVSCISSSDGSTYYADSVKGRFTTSRDNAKNTVYLQMNSLKPEDTAVYYCAAVPSTYYSGTYYYTCHPGGMDYWGKGTQVTVSS
seq1014,DVQLQESGGGLVQPGGSLRLSCAASGLTLDYYAIGWFRQAPGKEREGVSCISSSDGSTYYADSVKGRFTTSRDNAKNTVYLQMNSLKPEDTAVYYCAAVPSTYYSGTYYYTCHPGGMDYWGKGTLVTVSS
seq1015,QVQLQESGGGLVQPGGSLRLSCAASGFTFSSHWMYWVRQAPGKGLEWVSSIAAGDGSAYYADSVKGRFTISKDNAKNMLYLQMNSLKPEDTAEYYCTTDRSRIVGSSRRGTQVTVSS
seq1016,QVQLQESGGGLVQPGGSLRLSCAASGFTFSSHWMYWVRLAPGKGLEWVSSISFDGDTYYASSVKGRFTISRDVAENMLYLQMNSLQPEDTAVYYCATDKTGRTRGQGTQVTVSS
seq1017,QVQLQESGGGLAQPGGSLRLSCAASGFTFSNHYMYWVRQAPGKGLEWVASIYSDDSATYYADSVKGRFTISTDNTKTTLYLQMNSLKSEDTALYYCSTSRDGRKRGQGTQVTVSS
seq1018,QVQLQESGGGLVQPGGSLRLSCAASGFTFSSHWMYWVRQAPGKGLEWVSSIAAGDGSTYYADSVKGRFTISKDNAKNMLYLQMNSLKPEDTAEYYCTTDRSRIVGGSRRGTQVTVSS
seq1019,QVQLQESGGGLVQPGGSLRLSCAASGFTFSNHYMYWVRQAPGKGLEWVASIYSDDSATYYADSVKGRFTISTDNTKSTLYLQMNSLKSEDTALYYCSTSRDGRKRGQGTQVTVSS
seq1020,QVQLQESGGGLVQPGGSLRLSCAASGFSFSSHWMYWVRQAPGKGLEWVSSISSGDGSPYYDDSVKGRFTISKDNAKNMLYLQMNSLKPEDTAEYYCTTDRNRIVGGSRRGTQVTVSS
seq1021,QVQLQESGGGLVQPGGSLRLSCAASGFTFSSHWMYWVRQAPGKGLEWVSSISFDGDTYYADSVKGRFTISRDIAKNTLYLQMNSLKSDDTALYYCTTDRRGAGKRGQGTQVTVSS
seq1022,QVQLQESGGGLVQPGGSLRLSCAASGFTFSSHWMYWVRQAPGKGLEWVSSISFDGDTYHANSVKGRFTISRDVAENMLYLQMNSLQPDDTAVYYCATDKTGRTRGQGTQVTVSS
seq1023,QVQLQESGGGWVQAGGSLTLSCTASGYTYSSYCMGWFRQAPGKEREGVANINSGGGSTYYTDSVKGRFTISRDNAKNSVYLQMNSLKPEDTAIYYCAATPYGCEHLALRGYAHWGQGTQVTVSS
seq1024,QVQLQESGGGLVQPGGSLRLSCAASGFTFSSHWMYWGRQAPGKGLEWVSSINSGGDGTYYSDSVKGRFTISRDNAKNTLYLQMNSLKPEDTAVYYCTTYRYCSGGDCPRGQGTQVTVSS
seq1025,QVQLQESGGGKVQPGGSLRLSCAASGFTFSNHYMYWLRQAPGKGLEWVASIYSDDSATYYADSVKGRFTISTDNTKTTLYLQMNSLKSEDTALYYCSTSRDGYKRGQGTQVTVSS
seq1026,QVQLQESGGGLVQPGGSLRLSCAASGFTFGSYYLYWVRQAPGKGLEWVSSIYTGDSSTYYADSVKGRFTISSDNAKNTLYLQMNSLKPEDTAVYYCATDGEGRVRGQGTQVTVSS
seq1027,QVQLQESGGGLVQPGGSLRLSCAASGFSFSSHWMYWVRQAPGKGLEWVSSISSGGISTYYADSVKGRFTISSDNAKNTLYLQMNSLKPEDTAVYYCATDSRGDKRGQGTQVTVSS
seq1028,QVQLQESGGGLVQPGGSLRLSCAASGFPVSSHWMYWVRQAPGKGFEWVSSIDSGGGHTYYADSVKGRFTISRGNAENTVYLQLNSLKTEDTAMYYCTTDRNRALPRGQGTQVTVSS
seq1029,QVQLQESGGGLVQPGGSLRLSCAASGFTFGAYYMYWFRQAPGKGLEWVSSIYTGDDTTYYADSVKGRFTISQDNAKNTLYLRMNNLKPEDTAVYYCATDSSGRVRGQGTQVTVSS
seq1030,QVQLQESGGGLVQPGGSLRLSCAASGFTLSNYWMYWVRQAPGKGLEWVSSISTSSYTGGSDTYYADSVKGRFTTSKDNAKNTLYLQMNSLKPEDTAVYYCATGDAGSNYYPRGQGTQVTVSS
seq1031,QVQLQESGGGLVQPGGSLRLSCAASGFSFSSHWMYWVRQAPGKGLEWVSSISSGDGSPYYDDSVKGRFTISKDNAKNMLYLQMNSLKPEDTAEYYCTTDPKRIVGGSRRGTQVTVSS
seq1032,QVQLQESGGGLVQSGGSLRLSCAASGFPVSSHWMYWVRQAPGKGFEWVSSIDSGDGHTYYADSVKGRFTISRGNAENTVYLQLNSLKTEDTAMYYCTTDRNRALPRGQGTQVTVSS
seq1033,QVQLQESGGGSVRGSLRLSCVASGYSVSKNSIWFRQAPGEREGVAGINHGGTNLKGRFTISDNAKNTVYLQMNTLPEDTAIYYCAAGSPDPPPLIESVVKYWGQGTQVTVSS
seq1034,QVKLQQSGGGSVQEGGSLRLSCASSGAFFRAGPMGWYRRAPGNERELVAGISRNGRTIYAPSLKDRFTISRDDDNNILYLQMSDLTPGDTAVYYCNLNVRTAVAGRNDYWGQGTQVTVSS
seq1035,KVKLQESGGGAVEIGGSLRLSCVASGSAFSINSMYWYRQAPGKVREVVAMITSAGATTYASSLKDRFTISRDNAKNTVYLHMSSLKVEDTAVYYCDAGGSTWGQGTQVTVSS
seq1036,KVQLQESGGGLVQTGGSLRLSCAASGSTFGINTVGWYRRAPGKQRVVVAIISSSGGTNYAASVKGRFTISRDNAKNTVYLHMSSLKVEDTAVYYCDAGGSTWGQGTQVTVSS
seq1037,EVQLQESGGGLVQAGGSLTLSCAASGITFDGWSVSWYRRAPGKQRELLAFITGGNTTIYRDAAKDRFTISRDNAKNTIYLQMNDLKPEDTGTYVCNAQRMGPNWSRFNYWGQGTQVTVS
seq1038,EVQLQESGGGLVQPGGSLRLSCAASGDTSLIDAMGWYRQSPGNQRKLVATITRDGNTNYRDALKGRFTISRDNTRNTVYLQMDDLKLEDTAVYYCNKVPATSDDYWGQGTQVTVSS
seq1039,KVKLQESGGGLVRAGESLTLACAASGHQLYRPPVTWYRRAPGKQRELLAFITGGGTTIYRDAAKGRFTISRDDVKNQVYLQMTNLNPEDTGVYYCGAGKSAYGGYNYYGQGTQVTVSS
seq1040,QVQLQQSGGGVVQAGRSLRLSCTASTDRKLYTMGWYRRAPGQKCELVGGITVGGDTYYTDPVKGRFTISRDNKQNMAWLQMDNLVPEDTAVYYCKIWGQKTCSGRGTQVTVS
seq1041,KVQLQESGGGLVQAGRSLRLSCAATGITFRIYAMGWYRQVPGKQRELVARISSGGSTEYADSVKGRFTISRDNAKNTLNLQMNSLKPEDTAVYYCHALLGNIPHWGQGTQVTVSS
seq1042,KVKLQESGGGLVQAGGSLRLSCAATGITFRIYAMGWYRQVPGKQRELVARISSGGSTEYADSVKGRFTMSRDNAKNTVDLQMNSLSPEDTAVYYCHALLGNIPHWGQGTQVTVSS
seq1043,EVKLQESGGGLVQAGGSLRLSCEASGRTFNINSMRWYRQAPGKQRDWVASISSGGSTYYADSVKGRFTISRDNAANMVYLQMNDLKPEDTAVYFCTEGVLNVPSLDLGPGTLVVVS
seq1044,QVKLQESGGGLVQAGGSLRLSCAASGITFSMYAMVWHRQAPGKQRELVAGISSGGSTRYADSVKDRFTISRDNAGSTLTLQMNSLKPEDTAVYYCHALLGNIPHWGQGTQVTVSS
seq1045,KVKLQQSGGGSVQAGGSLRLSCTASGIAVTNYLVNWYRQGPGKERELVASIDSWGTTTYVASVKGRFTISRVVANNTVLLHMNSVKPEDTAVYICRLRGFPVVQGALSEYWGQGTQVTVSS
seq1046,KVQLQESGGGLVQAGGSLRLSCAASGITFGRNIRRWYRQGSGKQRELVASIDSWGTTAYAASVKGRFTISRDNGENTVYLQMNSLKPEDTAVYTCNAVSPRYPYTTYWGQGTQVTIS
seq1047,KVQLQQSGGGSVTPGGSLRLSCAASGSISDFAAMAWYRQAPGKERDWVGTIFSAGALLYAEPVKGRFTISRDNAKNTVYLQMNSLKPEDTAVYYCRLYAEAIYWGQGTQVTVSS
seq1048,EVKLQESGGGSVQAGGSLRLSCTASGIAVTNYLVNWYRRAPGKPRELVASISSGGGRYYTDIAKDRFTISRVVANNTVLLHMNSVKPEDTAVYICRLRGFPVVQGALSEYWGQGTQVTVSS
seq1049,QVQLQESGGGLVQPGGSLRLSCTASGFTLAEYGVGWFRQAPGKERELVALIAVGGTTHSIDSVKGRFTISRDNMKNTVYLQMNSLNVEDTAVYYCNAYSSAYDRNYWGQGTQVTVSS
seq1050,KVQLQESGGGLVQSGGSLTLSCAATGIIQSINAMSWYRRAPGKQREFVAIISSGGTAAYADSVKDRFTISRDVLKNTMWMQMDSLKPEDSGSYYCRVYDDGTVYWGQGTAVTVSS
seq1051,QVQLQESGGGSVQAGGSLRLSCVASRRTFSNYADAMGWFRQAPGKEREFVAAISWNSATTRYLDSVKARFTISRVNANNTVYLQMNSLKPEDTAVYYCAAKPTGSFPPVEEEKYNYWGQGTQVTVSS
seq1052,QVQLQESGGGLVQPGGSLRLSCVASRRTFSNYADAMGWFRQAPGKEREFVAAISWNSATTRYLDSVKARFTISRVNANNTVYLQMNSLKPEDTAVYYCAAKPTGSFPPVEEEKYNYWGQGTQVTVSS
seq1053,QVQLQESGGGLVQAGGSLRLSGVASRRTFCNYLDAMGWLSLVTGKERELVAHITGNRGDVMYLDSVKAGSTISRVKTNSTVYLQMNSMKPEDTHVYYWAPKATGFFSPKEEEKYNWWGQGTQVTVSS
seq1054,QVQLQESGGGLVQAGGSLRLSCAASGRTFSSTGHTFSSYAMGWFRQTPGKEREFVAAISWSGTSTYYADSVKGRFTISRDNAKNTVYLQMNSLKPEDTAVYYCAARFWDYGLGSSDLKSPREYDYWGQGTQVTVSS
seq1055,DVQLVESGGGSVQTGGSLRLSCAASGFPFSNNVMGWFRQAPGKEREGVAAISVNSGSTWYADSVKGRFTISLDSANNTLYLQMNSLKPEDTAMYYCATRRGVILTLSPETYDYWGQGTLVTVSS
seq1056,EVQLVESGGGSVQTGGSLRLSCAASGFPFSSNVMGWFRQAPGKEREGIAAISVGSGSTWYGDSVKGRFTISLDNANNTLYLQMNSLKPEDTAMYYCATRRGVILTLSPETYDYWGQGTQVTVSS
seq1057,EVQLVESGGGSVQTGGSLRLSCAASGFSFSSNVMGWFRQAPGKEREGVAAISVDSGSTWYADSVKGRFTISLDSANNTLYLQMNSLKPEDTAMYYCATRRGVILTLSPETYDYWGQGTQVTVSS
seq1058,EVQLVESGGGSVQTGGSLRLSCAASGFPFSSSVMGWFRQAPGKEREGVAAISVDSGSTWYADSVKGRFTISLDSASNTLYLQMNGLKPEDTAMHYCATRRGVILTLSPETYDYWGQGTQVTVSS
seq1059,ASGYTFSSYAMGWFRQPPGKECELVSTIISDGSTNYADSVKGRFTFSRDNSKNTVYLQMNSLKPEDTAMYYCVGRGIYYGSYLFKETWNIGVILLLTV
seq1060,MVQLQESGGGSVQAGGSLRLSCVASGDTASMYCMGWFRQAPGKEREEVATIDSDGSVSIADSLKGRFTISKDSANNALYLHMNSLRPEDTANYYCAAGRPPCGSIFKPGYYYYGMDYWGKGTLVTVSS
seq1061,DVQLQESGGGSVQAGGSLRLSCAVNAYTYNTYRRFCMGWFRQAPGREREGVASINSVDGRSYYADSVKGRFTISRDNGENAVNLQMNSLKPEDTAIYYCAAADKWGGYCGGVADIAHFGYEGQGTQVTVSS
seq1062,DVQLQESGGGSVQAGGSLRLSCVVSGLTISNYCMRWFRQAPGKGREGVASINSAGTTYYADSVKGRFTMSRDNAKNTVYLDMNSLKPEDTAIYYCASSTRVWGGYCGGLDDATNNDWGQGTQVTVSS
seq1063,DVQLQESGGGSVQAGGSLRLSCTASGFTTTSYSSTCIGWFRQAPGKEREAVATINAKGSTLYYVDSVKGRFTISRDNDNAENTVYLQMNSLKPEDTSTYYCAADVYRGGYCSAYAGRFSYWGQGTQVTVSS
seq1064,DVQLQESGGGSVQAGGSLRLSCAASEYTSSKYCVGWFRQAPGKEREGVAVFIGGGGATSYADSVKGRFTVSQDNAEGTVYLQMNDLKPEDTAIYYCAAGTRPSIFCYKGDRWYSAWGQGTQVTVSS
seq1065,DVQLQESGGGSVQAGGSLRLSCVASGVTSTRPCIGWFRQAPGKEREGVAVVNFRGDSTYITDSVKGRFTISRDEDSDTVYLQMNSLKPEDTATYYCAADVNRGGFCYIEDWYFSYWGQGTQVTVSS
seq1066,DVQLQESGGGSVQAGGSLRLSCAASGYTHRRYCMAWFRQAPGKEREGVASVNNGGSSTYFADSVKGRFTISRDSEENTLYLQMNSLKAEDTGIYYCAADDLRGGYCSSSSTLYTYWGQGTQVTVSS
seq1067,DVQLQESGGGLVQPGGSLTLSCAASGYTSNRNVMGWFRQAPGKEREGVAVINTRTGSTDYADSVKGRFTISQDNNKNTVYLQMNSLKPEDTAMYYCAASYQFFSSEPSLSARRYTDWGQGTQVTVSS
seq1068,DVQLQESGGGSVQTGGSLRLSCVASEYTHGSYCMGWFRQAPGKDREVVATINKSGGSSNYPDSVKGRFTISRDNADNTVYLLMNDLKPEDTATYYCAATETWGPYCGQASPAYFPYWGQGTQVTVSS
seq1069,QVQLQESGGGSVQAGGSLRLSCAASGYTYSVNYMAWFRQAPGKEREGVASLETGGGKTYYADSVNGRFTVSEDNAKGTVYLQMNSLKPEDTAKYFCAGAITGGGVLQSNAYRYWGQGTQVTVSS
seq1070,EVQLVESGGGLVQAGGSLRLSCAASSRTFSTYPMAWFRQAPGKEREFVATISRGGITSYYADSVKGRFTISRDNAKNTVYLQMNSLKPEDTAVYYCAQYKASATAYTRGRPDEIVHWGQGTQVTVSS
seq1071,EVQLVESGGGTVKAGGSLRLSCAAPRRYHMGWFRQAPGKEREFVTAISSSGGSTSYADSVKGRFTISRDSAKSTVYLQMNSLKPEDTAVYFCAARSGLWMATSTQGHYDYWGQGTQVTVSS
seq1072,EVQLVESGGGLVQPGGSLRLSCAASGFSLDNYGIGWFRQAPGKEREGVSYISSTSLTRYYAASVKGRFTISRDNSKNTVYLQMNSLNPEDTAVYYCASTDRWPGIEWYRGEYDNWGQGTQVTVSS
seq1073,EVQLVESGGGLVQAGGSLRLSCATSGISFRLSNMGWYRQAPGKSREFVAEITSGGNWNYADSVKGRFTISRDNAKSTVYLQMNSLKPEDTGVYYCNRLGTPLWGQGTQVTVSS
seq1074,EVQLVESGGGLVQAGGSLRLSCAPSERTFRSDVMGWFRQAPGRGREFVAAIAENGDILTRFEGSAKGRFTISRDNANDTVYLQMSSLKPEDTAIYYCAARWGTITTVSHQYHFWGQGTQVTVSS
seq1075,EVQLVESGGGLVQTGGSLRLSCARSGPTFSDYAMAWFRQARGKEREFVASITWIGGSTYYADSVKGRFTISRDSAKDTMYLQMNTLKPEDTADYYCAIARLGTYYGSYIRAYFNRGRYEYWGQGTQVTVSS
seq1076,EVQLVESGGGLVQPGGSLRLSCAASGFTFNYYWMYWVRQRPGKGLEWVSAINTGGGTTDYADSVKGRFTISRDNAKSTLYLQMDSLKSEDTAVYYCAKDRRRLIRSEYDYLGQGTQVTVSS
seq1077,EVQLVESGGGLVQAGGSLRLSCAASGRIFSVYRVGWFRQAPGKEREIVASINNRNGASTFYADSVKGRFTISRDSAKNTVYLQMRSLRPEDTAVYYCAARDQGTTEYHYWGQGTLVTVSS
seq1078,EVQLVESGGGLVQPGGSLRLSCAASGFTFRAYNMNWLRQAPGKGLEWVSVISGGGGGTLYADSVKGRFTISRDNAKNTLYLQMNSLKPEDTAVYYCAGSDFFADYGRPRHEYRYWGQGTQVTVSS
seq1079,EVQLVESGGGLVQAGGSLRLSCAASGRYPMGWFCQAPGGEREFVAAISRSGASTYYADSVKGRFTIARDSAKNTVYLEMNSLKPEDTAVYYCAAKENYYGDYGLAQNYDYWGQGTQVTVSS
seq1080,EVQLVESGGGLVQAGGSLRLSCAASGSSTYEMGWFRQAPGKEREFVAGINWNGGRTYYADSVKGRFTISRDNAKMTVYLQMNSLKPEDTAAYYCSAAYGLRDAFRMYRSEYPYWGQGTQVTVSS
seq1081,EVQLVKSGGGLVQVGGSLRLSCAASGRTFSSYAMGWFRQAPGKERELVAAINWNGGRTYYADFVKGRFTISRDNAKNTVYLQMNSLKPEDTAVYYCAAGHLTSTGVLHPADYYNWDEYDYWGQGTQVTVSS
seq1082,EVQLVESGGGLVQAGGSLRLSCATSGRYVMGWFRQAPGQEREFVTSISRSGGSTTYADSVKGRFTISRDSAENTVYLQMNSLKPEDTAVYYCAAWSYYGVAYTSTTSPDYWGQGTLVTVSS
seq1083,EVQLVESGGGLVQPGGSLRLSCAASGFTLDYYAIGWFRQAPGKEREGVSCISSSDGSTYYADSVKGRFTISRDNAKNTVYLQMNSLKPEDTAVYYCATDLKRRCRDYARPQRGNDYWGQGTQVTVSS
seq1084,EVQLVESGGGLVQAGGSLGLSCAASGRVAMGWFRRPPGQERDFVAAISASGATTYYADSVKGRFTISRDSAKTTVYLQMNSLKPEDTAVYYCAARLSWSSDYRSGGSYEHWGQGTQVTVSS
seq1085,EVQLVESGGALVQAGDSLRVSCVASGRTFSHYAMGWFRQAPGKQREFVAAISWDGDSTSYANSLKGRFTISRDNAKNTGYLYMNSLIPEDTAVYYCAAGPNFSTLARRYDYWGQGTLVTVSS
seq1086,EVQLVKSGGGLVQAGGSLRLSCAASGRVAMGWFRQPPGKEREFVAAISASGATKYYADSVKGRFTIFRDNANTTVYLQMNSLKPEDTAVYYCAARLRWDSDYTSGGRYDYWGQGTQVTVSS
seq1087,EVQLVESGGGLVQAGGSLRVSCAASGLTFSRYNMGWFRQAPGKERDFVAAISSSDGSILYENSVKGRFTISRDNAENTVYLQMNSLEPEDTGVYYCAGSIVMSTLARKYDYWGQGTLVTVSS
seq1088,EVQLVESRGGTVQAGGSLRLSCAASGRTFSNYAAGWFRQAPGKEREFVAGISAKGGVTYYVDFVKGRFTISRDNAKNTVYLQMNSLKPEDTAVYYCAADGSYGTILATIAENSRISLLKDWGQGTLVTVSS
seq1089,EVQLVESGGGFVQAGGSLRLSCAASVRIAMGWFRQAPGKEREFVARISASGGSTEYADSVKGRFTISRDSSKSTAYLQMNSLKPEDTAVYYCAARLWNQREYPYWGQGTQVTVSS
seq1090,EVQLVESGGGLVQAGGSLRLACAASGRISSTYRMGWFRQAPGKEREFVAASRWSGGGVLYTDSVKGRFTISTDNGKNMVYLQMNSLRPEDTAVYYCAGRNYGTTEYGYWGQGTQVTVSS
seq1091,EVQLVESGGGLVQTGGSLRLSCAASGLTFSDYAMGWFRQAAGKEREFVGVISWGGRHTYYGDFAKGRFTISRENSKNTVYLQMNSLKPEDTAVYTCARKRGMADIAYTHATSYDYWGQGTQVTVSS
seq1092,EVQLVESGGGLVQAGGSLRLSCAASGRYAMGWFRQAPGKEREFVGVISKSGGSTYIADSVKGRFTISRHNAKSTAYLQMNNLRPEDTAVYYCAANGFLGTSGRRVDQYDYWGQGTQVTVSS
seq1093,EVQLVESGGGLVQPGGSLRLSCAASGFTLDNHAIGWFRRAPGKERERIGCISSSSGTTAYADSVEGRFTISRDNAKNTVYLQMNSLKPEDTAVYYCAARFQGGFLGCTFAPQTFGYWGQGTQVTVSS
seq1094,EVQLVESGGGLVQAGGSLRLSCEASGRYVMGWFRQAPGKEREFVAVISRSGGSTNYADSVKGRFSVSRDSAKNTVYLQMNDLKPEDTAVYYCAASNRYGTNVLVTTALYDYWGQGTQVTVSS
seq1095,EVQLVESGGGLVQAGGSLRLSCAASGRTFSVYPMGWFRQAPGKEREFVATISRRGAISYYQDSVKGRFTISRDSANDTVYLQMNSLRPEDTAVYYCAQYKASSSSYTRGRPDEIVYWGQGTQVTVSS
seq1096,EVQLVESGGGLVQAGGSLRLSCAASGGIFDNYAMGWIRQAPGKEREFVAGIRWSESSTYYAASVKGRFTISRDNAKNTVYLQMNSLKPEDTAVYSCAAWFWISSTWSYFSENEPNYRGPGTLVTVSS
seq1097,EVQLVESGGGLVQPGGSLRLSCAASGFTFSSYWMYWVRQAPGKGLEWVSAVNTGGGTTDYADSVKGRFTISRDNAKDTLYLQMNSLKYEDTAVYYCARDQRRYIRTTYDYHGQGTLVTVSS
seq1098,EVQLVESGGGLVQAGGSLRLSCAASGRTFSNYAMGWFRQAPGKERDFVAAIDWSGDSISYENTVKGRFTISRDNAKNTMYLQMNSLKPEDTAVYFCATRSVGGISTLRRRYDYWGQGTLVTVSS
seq1099,EVQLVESGGGLVQPGGSLRLSCAASGFTFSSYWMYWVRQAPGKGLEWVSAISPASGSVDYIDSVKGRFTISRDNAQNTLYLRMNSLKSEDTAIYYCAKDSRRLIRSNYETFGLGTQVTVSS
seq1100,EVQLVESGGGLVQAGGSLRLSCVVSGIYFRLYTMNWYRQALGKQREYVAMITNDGSTNYGASIKGRFTISRDNAKNTVYLQMNNLNPEDTAVYYCNAHDYWGQGTQVTVSS
seq1101,EVQLVESGGGSVQAGGSLRLSCAASGRYRMGWFRQAPGKEREFVAVISASGGSTYYADSVKGRFTIARDNAKTMVYLQMNSLKPEDTAVYYCAAKVNYYGDYDLAQNYDYWGQGTQVTVSS
seq1102,EVQLVESGGGLVQPGGSLRLSCAASGSIFSVNAMGWYRQAPGKQRELVASMVSGRSPAYADSVKGRFTISRDNAENTVYLQMNSLKPEDTAVYYCNIKGEYYSRSQYNVWGQGTQVTVSS
seq1103,EVQLVESGGGLVQAGGSLRLSCAASGRSFSGDTMGWFLQAPGKEREFVAGINWSSRSTNYADSVKGRFTISRDNAKNTVYLQMNTLKPEDTAVYYCAAGPPSPYIYSRPDLYTYWGQGTQVTVSS
seq1104,EVQLVESGGGSVQAGGSLRLSCAASGRVAMGWFRQAPGKEREFVAAISASGGSSSYADSVKGRFTISRDSAKSTVYLQMNSLEPEDTAVYYCAARARTLGWVSADVSAYDYWGQGTQVTVSS
seq1105,EVQLVESGGGLVQAGGSLRLSCASSGIAFRLRTMDWYRQAPGNQREWVATITSDYSTDYADSVKGRFTISRDNAQNTVYLQMNSLKPEDTAVYYCHAGGVVWGQGTLVTVSS
seq1106,EVQLVESGGGLVQAGGSLRLTCAASGNFFNIITMGWFRQAPGKERELVAVDTAGRSISYLDSVKGRFTIVRDNAKNTVILEMNSLTPEDTAVYYCYATGHRSVTGGIYVTWGQGTLVTVSS
seq1107,EVQLVESGGGLVQPGGSLRLSCAASGFAFSRYWMYWVRQAPGKGLEWVSAISSSGSSTDYVDSVKGRFTVSRDNAKNTLYLQMNGLKSEDTAIYYCAKDTRQFIRSNYDNGGQGTLVTVSS
seq1108,EVQLVESGGGLVQAGGSLRLSCAASGRAFSSYAMGWFRQAPGKEREFVAVISGRGGVTYYAASVKGRFTISRDNAKNTVLLQMSSLKPEDTGVYYCAAGPNIGVLTDPAYSGGDWGQGTLVTVSS
seq1109,EVQLVESGGGLVQAGGSLRLSCAASGRSFGSYHMGWFRQALGKEREFVAAISSGGGLLDYEDSVKGRFTISRDNAKNTVYLQMNSLTPEDTAVYYCAATARVWGSWFTSDYDYWGQGTLVTVSS
seq1110,EVQLVESGGGLVQAGGSLRLSCVASGRAYRNYVMGWFRQGPGKEREFVATIRPDDGSILSSNSVRGRITISSDNAKNTVYLQMSTLAPEDTAIYYCAYGTTPSMLARKYDYWGQGTLVTVSS
seq1111,EVQLVESGGGLVQAGGSLRLSCAASGRTSSIYRMGWFRQAPGKERDIVASIHWSGGRWFYADFVKGRFTISRDNAENTVYLQMSSLKPEDTAVYYCAARTPGTLTYDYWGQGTLVTVSS
seq1112,EVQLVESGGGLVQAGGSLRLSCAASGRTFSSYIMAWFRQAPGKERDVVATVSWGGETTYYADSVKGRFTISRDNAKNTVYLQMNSLKPEDTAVYYCAASHARGYWHTPFTVADVGSWGQGTLVTVSS
seq1113,EVQLVESGGGLVQAGDSLRLSCAASGRTFSTYALGWFRQAPGKEREFVAVISGRGGTTYYAGSVKGRLTISRDNAKNTVYLQMNSLKPEDTAVYYCAAGSDFGAVVDNRPDYWGQGTLVTVSS
seq1114,EVQLVESGGGLVQAGGSLRLSCAASGIPFSRYHMGWFRQAPGKEREFVASVSWSGQNTYYADSVKGRFTISRDNAKNTGNLQMNSMKPEDTAVYYCAAGSRYYTDIIPNYYRYWGQGTLVTVSS
seq1115,EVQLVESGGGLVQAGGSLRLSCAASGDTFSTYGMGWFRQAPGKEREIVARITWNRRTYYADSVKGRFTISRDNAKNAAYLEMNSLKPEDTAVYMCAAVRGDNLFHTRPRDYDYWGQGTLVTVSS
seq1116,EVQLVESGGGVVQTGGSLRLSCAASGRYAMGWFRQVSGKEREFVAFISASGGSTYYADSVKGRFTISRDNAKTTLAYLQMISLKPEDTAVYYCATSGGIFRGLYYDTRNYNYWGQGTLVTVSS
seq1117,EVQLVESGGGLVQAGGSLRLSCVASGRTLSSYTMGWFRQAPGKEREFLALITWSGGSTHYADSVKGRFTISRDNPKNTAYLQMGSLKPEDTAVYFCAARFRGVIATMARDYDYWGQGTLVTVSS
seq1118,EVQLVESGGGLVQPGGSLRLSCAASGFAFSYYYMYWVRQAPGKGLEWVSRISPGGGTTYYADSVKGRFTISRDNAKNTLYLQMNSLNSEDTAVYYCAKDNRRLIDSGAYDYRGQGTLVTVSS
seq1119,EVQLVESGGGLVQAGGSLRLSCAASGRTFSDYSMGWFRQAPGKEREPVAAVSRSGDDLMYENSLKGRFAISRDNAKNTVYLQMNSLKPEDTAVYYCAASTRFITALAANYDYWGQGTLVTVSS
seq1120,EVQLVESGGGLVQAGDSLRLSCAASGRTFSIYSMGWFRQATGKEREFVAAIRWSGTRTYYADSVKGRFTISGDIAKNTVYLQMNNLKPEDTAVYSCAAGGSRGYVAAPDRWDYWGQGTLVTVSS
seq1121,EVQLVESGGGLVQTGGSLRLSCAASGIYFRLYTMGWYRQAPGNQRELVALITSTRSTHYADSVKGRFTISRDNAKNTLYLQMNSLKPEDTAVYYCNAHNGQGDFWGQGTLVTVSS
seq1122,EVQLVESGGGVVQAGGSLRLSCAASGRYGVGWFRQPPGKEREFVSAVSKSGGSTYYEDSVKGRFTISRDGAKNTVYLQMNSLKPEDTAVYYCAADGGGYSAYYYYTHQTEYEYWGQGTLVTVSS
seq1123,EVQLVESGGGLVQAGGSLRLSCAASGRYVMGWFRQAPGKEREFVAAITRSGATTNYADSVKGRFTISRDSAKITVYLQMDSLKPEDTAVYYCAASGRYYTAAVEGANYDYWGQGTLVTVSS
seq1124,EVQLVESGGALVQAGDSLRVSCVASGRTFSRYAMGWFRQAPGKQREFVAAISWDGDSTSYANSLKGRFTISRDNAKNTGYLYMNSLIPEDTAVYYCAADRGRTTAWTYWGEGTLVTVSS
seq1125,EVQLVESGGGLVQAGDSLRLSCAASGGTLNGYAMAWFRQAPGKERDVVATINWSGSWKYYADSVKGRFTISRDNAKGTVYLQMNSLKPEDTAVYRCAARRGGGNYYTRAVDFDYWGQGTLVTVSS
seq1126,EVQLVESGGGLVQAGGSLRLSCTASGRSFSRYTMGWFRQAAGKERVFVAHIAWSGGTRYYADSVKGRFTISRDNAKNTVWLQMNSLKPEDTAVYYCAATSQTGLIVVNTRDYEIWGQGTLVTVSS
seq1127,EVQLVESGGGLVQSGDSLRLSCAASGRSFSRSTMGWFRQAPEKEREFVAVISWAGTTTYYHDSVKGRFTISRDNAKNTVYLQMNSLKPEDTAVYYCAGGRDARILRNARDYDYWGQGTLVTVSS
seq1128,EVQLVESGGGLVQAGGSLRLSCAASGRTFSNDAMGWFRQAPGKERAFVGVINWNGVTTRYTDSVEGRFTISRDNAKNTVYLQMNSLKPEDTAVYFCAAGGGPVAVSSGRSAYWGQGTLVTVSS
seq1129,EVQLVESGGGLVQAGGSLRLSCAASGLAFSSYAAGWFRQAPGKEREFLAVISRGGGTTYYANFVKGRFSISRDNAENTVYLQMNSLKPEDTAVYYCGADTYFGRLVSDPITSDYWGQGTLVTVSS
seq1130,EVQLVESGGGLVQPGGSLTLSCVAYGITVPDYPIGWFRQSPGKEREGVSCIRRSGGRIVYSDSAKGRFNTSRDNAENTVYLQMNSLAPEDTAVYYCATKCMVEFGDTTYSDYAGLNYWGKGTLVTVSS
seq1131,EVQLVESGGGLVQVGASLRLSCRASGGTFDDYAMGWFRQRPGEEREFVAVISWNGAMTYYLNHIKGRFTISRDNAKNTAYLQMNNLEPGDTAVYYCAAERTLGWGVNPEAYASWGQGTLVTVSS
seq1132,EVQLVESGGGLVQAGGSLRLSCAVSNTVFRLRTMDWYRQAPEKRREWVATITSDGSTDYVGAVKGRFTISRDNAKSTMYLQMNNVKPEDTAVYYCYTANFWGQGTLVTVSS
seq1133,QVQLAESGGGLVQAGGSLKLSCAASGFIFDNYAIGWFRQAPGKEREGVSCTSSHDGNTYYADSVKGRFTVSRDGGKNTVYLEMNSLSPEDTAVYYCAADRYLYSGSGIVTYCPSPEYWGQGTQVTVSS
seq1134,QVQLAESGGGLVQAGGSLRLSCAASGRTFNKNAMAWFRQTPGKEREFVASIDWTGNSPYYADSVKGRFAISRDNAKNALYLQMNSLKPEDTAVYYCAVSIYFASATGDQSRVYDYWGQGTQVTVSS
seq1135,QVQLAETGGGLVQPGGSLRLSCAASGSIFSIWAMGWYRQGPGTLRELVASITTDGGRTNTADSLKGRFTISRDNAKNTVYLQMNNLKPEDTAVYYCFAGHRSTWAGYPAADDYWGQGTQVTVSS
seq1136,QVQLAETGGGLVQAGGSLRLSCGASGTTFNMYAMGWYRQAQGNQRELVAIASNTGIINYADSVKGRFTVSRDNGKNTVSLQMNSLKPEDTAVYFCYARAPTGEGGWTLMGQGTQVTVSS
seq1137,QLQLVESGGGLVQPGGSLRLSCAASGFTLDYYGIAWFRQAPGKEREGVSCIGKDGSAYDVDSVKDRTYYADFVKGRFTISRDNDKKTVYLQMNSLKPEDTAVYYCATGPRRWGTCGVQSYEYDNWGQGTQVTVSS
seq1138,QVQLAETGGGLVQAGGSLRLSCAASGTTFSKNAMAWFRQAPGKEREFVAGINWNAVSTNYADSVKGRFTVSRDNAKNTVYLQMNSLKPEDTAVYYCAGSSIYSDISGAATVWATSYNYWGQGTQVTVSS
seq1139,QVQLVETGGGTVQIGGSLRLLCSGHGGTFSSNAMGWFRQTPGKEREFVAGINWSASSTYYRDSVKGRFTVSRDNAKNTVYLQMNSLKLEDTAIYYCAGSSVYAEMPYAASVKTTSYDFWGQGTQVTVSS
seq1140,QVQLAESGGSVQAGGSLRLSCVVSGSTFDDYAVGWYRQVPGGHRAWVAGISNTGSPAFADSVKGRFTISRDNAKKTVYLTMNSLKPEDTAIYYCNLWPFTKLPSWGPGTQVTVYS
seq1141,QLQLVESGGGLVQPGGSLRLSCAASGFDFTAYRMNWVRQAPGKGLEWISTINNDGSTMGYADSVKGRFTISRDNAKNTLALQMNSLKPEDAAIYYCQPSGVTHRGQGTQVTVSS
seq1142,QVQLAESGGGLVQPGGSLRLSCETAGFTFSNHHMSWVRQAPGKGLEWVSGIQADPNITLYAPSVKGRFTISRDNAKNMLDLRMNTLKPEDTAVYYCVNGVFFRTNIPPELLRGQGTQVTVSS
seq1143,QVQLVESGGGLVQPGGSLRLSCAASGFPFSSYVMSWYRQAPGKEREWVATSFSFGTNTMYANSAKGRFTISRSDGHNTLYLQMNSLKPEDSAVYFCHARNELRDIYWGQGTQVTVS
seq1144,QVQLAESGGGLVQAGGSLRLSCAASGVTVRDVPMGWYRQAPGTQREWVARISNGGLRDYTDYTDSVKGRFTISRDDAKNTWYLQMNSLKPEDTAVYFCKTLIQWRDYWGQGTQVTVSS
seq1145,QVQLVESGGGLVQPGGSLRLSCATSGFAFIDYRMAWVRQAPGKGLEWVSGITEGGENTLYTPSVKGRFNISRDNARNMLYLQMNTLKPEDTAVYYCLRGVFFKTTIPPELVHSQGTQVTVSS
seq1146,QLQLVETGGDLVQAGGSLRLSCAAPRTTLFIAAMGWYSQAPGKQRELVATLTSGGRTNYRDSVKGRFTVSRDLANNTVHLEMTSLKPEDTAVYYCYAERLGKEYWGQGTQVTVSS
seq1147,QVQLAQTGGGLVQTGESLKLSCTTSGITDSNYAITWYRQPPGKQREWVASITRDGAVYRNSVQGRFTISGHSAENAVYLQMDSLKPEDTAVYYCNTPSPASWLPWGQGTQVTVSS
seq1148,QVQLVESGGGLVQAGGSLRLSCAASGSPLDRYAIGWFRQAPGKEREGLLCITNRGTGSHAADAVKGRFTISRDNAKNTVYLQMNNLKPEDTAVYYCAATRAYYTDGDCRPLGSVYDYWGQGTQVTVSS
seq1149,QLQLVETGGGLVQTGGSLRLSCAASGSFFSMHDVGWYRQALGKQRELVALLNNDGLTTYADSVKGRFTISRDNTKKTGWLEMNMVKPEDAAVYYCNARFGNDTNRNYWGQGTQVTVSS
seq1150,QLQLAESGGGLVQAGGSLRLSCAASGGTFSDYGMGWFRQAPGKEREFVAAIRWNGNGGNGIEYADSVKGRFTISRDNAKNTVHLQMNSLTPEDTAVYYCAASISGYAYNTIERYNYWGQGTQVTVSS
seq1151,QLQLVETGGGLVQPGGSMRLSCAASGFTLGHYATGWYRQAPEKEREWVSCISSSGGSTYYADSVKGRFAISRDNAKNTVYLQMNSLKPEDTAVYVCEVEAYGSGCPRVRDYWGQGTQVTVSS
seq1152,QVQLVESGGGLVQPGGSLRLSCVASEFSGFTLDYYAIGWFRQAPGKEREGLSSISSSSDGFTSYSDSVKGRFTISRDNAKNTVYLQMNSLKPEDTAVYYCAARLGGWASFSPQEYDYWGQGTQVTVSS
seq1153,QVQLVESGGGLVQAGGSLRLSCATSGGTFSDYGMGWFRQAPGKEREFVAAIRWNGNGGNGIEYADSVKGRFTISRDNAKNTVHLQMNSLTPEDTAVYYCAASISGYAYNTIERYNYWGQGTQVTVSS
seq1154,QVQLVESGGGLVQAGGSLRLSCEASGRTFSTPGRTFSDYGLGWFRQAPGKEREFVASISWGVDDAYYADYAASVKGRFTISGVNAKNTVYLQMNSLKPEDTAVYYCAAGLRGGTYARIQYDYDYWGQGTQVTVS
seq1155,QVQLAETGGGLVQPGGARTLSCAASESISSFYFMGWYRQAPGKPRELVAEISNYGRTDYGDSLKGRFTISRDNAANTVNLQMNNLAPEDTALYYCNARKWERSVLEDYWGQGTQVTVSS
seq1156,QLQLAESGGGLVQAGGSLRLSCAYSGFPFDNYAIGWFRQAPGKEREGVLCISSSDGSTYYADSVKGRFTISRDNAKNTVYLQMNSLKPEDTAVYYCAADFLAPHRCPTLYDYWGQGTQVTVSS
seq1157,QVQLAESGGGLVQPGGSLRLSCAVSGFSGFTLDYYAIGWFRQAPGKEREGLSSISSSSDGHTSYADSVKGRFTISRDNAKNTVYLQMNSLKPEDTAVYYCAARLGGWASFSPKEFDYWGQGTQVTVAS
seq1158,QVQLVESGGGLVQPGGSLRLSCVASGFTFSSTPMNWFRQAPGKEREFVAGVGSRNDIAYYADSVKGRFTVSRDDAKNTVYLQMNSLKPEDTGVYYCKRPAGRIEDELWGQGTQVTVSS
seq1159,QLQLAETGGGLVQPGGSLRLSCAASGFTFSTSPMSWFRQAPGKEREFVANVGSRNDITYYADSVKGRFTISRDNAKNVVYLQMNNLKPEDAGVYYCKRPARQIEYENWGQGTQVTVSS
seq1160,QLQLAETGGGLVQPGGSLRLSCAVSGFSGFTLDYYAIGWFRQAPGKEREGLSSISSSCDGHTSYADSVKGRFTISRDNAKNTVYLQMNSLKPEDTAVYYCAARLGGWASFSPKEFDYWGQGTQVTVAS
seq1161,QVQLVETGGGVVQAGGSLRLSCVASGRTFSVSGRTFSDHGLGWFRQAPGKEREFVGSISWSVDGDATYYTDLANSVKGRFTISGVNAKNTVYLQMNSLKPEDTAVYYCAAGLRGGTYARTIYEYDYWGQGTQVTVS
seq1162,QVQLAESGGGLVQPGGSLRLSCAASGVTFSDYYIGWHRQAPGKEREFVGAVNWRGDVTYYGDSVKGRFTISRDNARNTVYLQMNSLKAEDTAVYYCKAYREGIEYWGKGTQVTVSS
seq1163,QVQLVETGGGCVQAGSSLRLSCVASRRTFSNALMAWFRQAPGKEREFVARINWSTNNTRHADSVKGRFTISGDNAKNTVYLQMNSLKPEDTAVYYCAGDTSLDRWLRNGNPRYWGRGTQVTVSS
seq1164,QLQLVETGGGFVQAGGSLRLSCVASGRTFSNALMAWFRQAPGKEREFVARINWSTNNTRHADSVKSRFTISGDNAKNTVYLQMNSLKPEDTAVYYCTGDTSLDRWLRNGNPRYWGRGTQVTVSS
seq1165,QLVESGGSLKLSCAASGFTFSAKGMSWYRQAPGKERELVAYISHTGENVNYADSVKGRFRISRNNAKNMLYLHMTSLKPEDTAVYYCAARRILRPDFWGQGIEVTVS
seq1166,QVQLAETGGKVQPGGSLKLSCFYSGFAWSNYGMAWVRQAPGKAPEWVSSLRLDGTPYYADSVTGRFIISADHAKKTLYLQMNDLKPEDTALYYCARRRGANHIPPRDSWGRGTQVTVVS
seq1167,QLQLAETGGGLVQAGGSLRLSCAASGRSFSLASMGWFRQAPGKEREFVAAVSRSISLTKYADFVKGRYTISRDNVKNTVYLQMNTLKPEDTAVYYCAADLGAWSSVIVEPTYEWDYWGQGTQVTVS
seq1168,QVQLVESGGGLVQAGGSLRLSCAASESISSIDVMGWYRQASGKEREQVAVSTSGGSTDYAGSVKGRFTISRDNAKNTVSLQMNSLKPEDTAVYYCQAEKLRAGIPYNYWGQGTQVTASS
seq1169,QLQLAESGGGGLVQPGGSLRLSCAASGVIFSLYAMGWYRQAPGKQRELVATITSGGRTNCADSVKGRFTISRDNAENGENTVYLQMNSLKPEDTAVYYCNADASNERPVVAAAGYEYSYWGQGTQVTVSS
seq1170,QVQLAESGGGLVQPGGSLRLSCAASGFTRFTLDYYAIGWFRQAAGKEREGVSSISSSSDGNIYYADSVKGRFTISRDNAKNTVYLQMNSLKPEDTAVYYCAARLGGWASFYPTEFDSWGRGTQVTVSS
seq1171,QVQLAESGGGLVQPGGSLRLSCTADTGFTFSNYGMSWYRQPPGKGVEWVSTINSGGTAGYADSVKGRFTISRDNAKKTVYLQMNSLKPDDTGVYYCETDPEGWRGGGTQVTVSS
seq1172,QLQLAETGGGLVQPGGSLRLSCAASGSMFSMYNITWYRQPPGKQRELVAAITNIGGTNYVDSVKGRFTISRDNAKKTAYLQMNSLKPEDTAVYYCNAKYSLRSSWDYWGQGTQVTVSS
seq1173,QLQLAETGGLVQTGGSLRLSCAAAGFIFDDYAIGWFRQAPGKEREGIAIISSSDGSTDYVDSVKGRFTISRDNAKNTVYLQMNSLKPEDTAVYHCAAVRARKPTIETMLAAWIDYWGQGTQVTVSS
seq1174,QVQLAETGGGLVEPGGSLRLSCAAPEFRLQYYTAGWFRQAPGKEREWVACISAGGGVTYYTGSVQGRFTISRDNAKRTVYLQMDSLKPEDTAVYSCAADLEYSQIMPSCRGSYGVRGQGTQVTVSS
seq1175,QVQLVETGGGLVQAGGSLRLSCVASGGTFSSYAMGWFRQAPGKERDFVAGISLSGAGTYYQDSVKGRFTISRDNAKNTVYLQMNSLKPEDTAVYYCKATGERGYGDQGYLEVWGRGTLVTVSS
seq1176,QVQLAESGGGLVQAGGSLRLSCAASGRTFSDYAMGWFRQAPGKERDFVAGITSSGGGTYYADSVKGRFTITRDNYKNTLYLQMDSLKPEDTAVYYCKGTADGSSSLGYLEVWGQGTLVTVSS
seq1177,QVQLAETGGGLVQPGGSLRLSCAASGFSFSDYQMSWYRQAPGKEREWVALITTTGTFTQYADSVKGRFTISRDNAKNTVYLQLNSVKPDDTAVYYCKAVDLGGSFGSWGQGTQVTVSS
seq1178,QVQLAETGGGSVQPGGSLGLSCAASGSMFSMYRMSWYRQAPGKERELVASIGSGGRLNYAESVKGRFTISRDNGKKTVYLQMNSLKPEDTAVYYCNAYYSDNFNGWGQGTQVTVSS
seq1179,QVQLAETGGGLVQAGDSLRLSCTASGRTSSVYSMGWFRQAAGKEREFVASVGSTNEITYYADSVKGRFTVSRDNAKETVYLQMNNLKPEDTGVYYCKRPARTIELENWGQGTQVTVSS
seq1180,QLQLAETGGGLVQAGGSLRLSCAASGRMVSSRAMGWFRQPPGKEREFVAAISWTGDSTYYADSVKGRFTISRDNANNTVYLQMNSLKPEDTGVYYCAAPAHFSGNYLSPHVYEYEHWGQGTQVTVSS
seq1181,QVQLVESGGGLVQPGGSLRLHCAASGSIASIYRTCWYRQGTGKQRELVAAITSGGNTYYADSVKGRFTISRDNAKNTIDLQMNSLKPKDTAVYYCNADEAGIGGFNDYWGQGTQVTVSS
seq1182,QVQLVETGGGLVQAGGSLRLSCAASGFIFDNYAIGWFRQAPGKEREGVSCTSSHDGNTYYADSVKGRFTVSRDSGKNTVYLEMNSLSPEDTAVYYCAADRYLYSGSGIVTYCPNPEYWGQGTQVTVSS
seq1183,QVQLAESGGGLVQAGGSLRLSCATSGGTFSDYGMGWFRQAPGKEREFVAAIRWNGNGGNGIEYADSVKGRFTISRDNAKNTVHLQMNSLTPEDTAVYYCAASISGYAYNAIERYNYWGQGTQVTVSS
seq1184,QLQLAETGGAVVQPGGSLRLSCATSGFTFSDDRMSWARQAPGKGLEWVSGISTASEGFATLYAPSVKGRFTISRDNAKHMLYLQMDALKPEDTAVYYCLRGVFFRTNIPPEVLRGQGTQVTVSS
seq1185,QVQLVESGGGLVQPGGSLRLSCATSGFTFIDYRMAWVRQAPGKGLEWVSGITEGGENTLYTPSVKGRFNISRDNARNMLYLQMNTLKPEDTAVYYCLRGVFFKTTIPPELVHSQGTQVTVSS
seq1186,QVQLAETGGLVQAGGSLRLSCSFSGFPFDNYFVGWFRQAPGKEREGVSCISSSDGSTYYADSVKGRFTISRDNAKNTVYLQMNSLKPEDTAVYYCGADFLTPHRCPALYDYWGQGTQVTVSS
seq1187,QVQLAESGGGLVQAGGSLRLSCAASGRTFNKNAMAWFRQTPGKEREFVASIDWTGNSPYYADSVKGRFAISRDDAKDALYLQMNSLKPEDTAVYYCAVSIYFASATGDQSRVYDYWGQGTQVTVSS
seq1188,QVQLVESGGGLVQAGGSLRLSCAASGGTFSDYGMGWFRQAPGKEREFVAAIRWNGNGGNGIEYADSVKGRFTISRDNAKNTVHLQMNSLTPEDTAVYYCAASISGYAYNTIERYNYWGQGTQVTVSS
seq1189,QLQLAETGGGFVQAGGSLRLSCVASGRTFSNALMAWFRQAPGKEREFVARINWSTNNTRHADSVKGRFTISGDNAKNTVYLQMNSLKPEDTAVYYCAGDTSLDRWLRNGNPRYWGRGTQVTVSS
seq1190,QVQLAETGGGLVQPGGSLRLSCAASGFTFSTSPMSWFRQAPGKEREFVANVGSRNDITYYADSVKGRFTISRDNAKNVVYLQMNNLKPEDTGVYYCKRPARQIEYENWGQGTQVTVSS
seq1191,QVQLAESGGGLVQPGGSLRLSCAASGFTFSTSPMSWFRQAPGKEREFVANVGSRNDITYYADFVKGRFTISRDNAKNVAYLQMNNLKPEDTGVYYCKRPARQIEYENWGQGTQVTVSS
seq1192,QVQLAESGGGLVQPGGSLRLSCETAGFTFSNHHMSWVRQAPGKGLEWVSGIQADPNITLYAPSVKGRFTISRDNAKNMLYLQMNTLKPEDTAVYYCVNGVFFRTNIPPELLRGQGTQVTVSS
seq1193,QVQLAESGGGLAQSGGSLRLSCVASGRINSIYAMDWHRQAPGKQREWVARLTSGGTETYADAVKGRFTISRDNAKNTAYLQMNHLKPEDTGVYLCDVDVADPGYDDHFWGQGTQVTVSS
seq1194,QVQLVESGGGLVQPGGSLRLSCAASGVTFSDYYIGWHRQDPGKEREFVGAVNWRGDVTYYGDSVKGRFTISRDNARNTVYLQMNSLKAGDTAVYYCKAYREGIEYWGKGTQVTVSS
seq1195,QVQLQQSGGGSVQAGGSLRLSCAASGRTYSMGWFRQAPGKEREGVARIFTVIGATEYADSVKDRFIISRDNAKNTVYLQMNSLKPEDTAMYYCAAKPRSNNVYWSLPHGYNVWGQGTLVTVSS
seq1196,QVQLQESGGGSVQAGGSLRLSCVASGWRYSTGWFRQAPGKEREAVARIFTNIGAIEYADSVKGRFTISRDNDKNTVYLQMNNLKPEDTAVYYCAAKARSNGVDWYLPHGYSIWGQGTLVTVSS
seq1197,QVQLQESGGGSVQAGGSLRLSCAASGYTYRSYCMAWFRQAPGEEREGVAAINSRGGTTYYADSLKGRFTISQDNAKNTVYLEMNSLKPEDTAIYYCAARYSATCPRTLSGFTYWGQGTQVTVSS
seq1198,QVQLQQSGGGLVQAGGSLRLSCVASESSFSNNHMGWYRRAPGNQRELVATISPGGSTHYVDSVKGRFTISRDNAKNTVYLQMDSLKPEDTAVYYCAAKGRGLQAMQYWGQGTLVTVSS
seq1199,QVQLQESGGGLVQAGGSLRLSCVASGNTFSIIAMAWYRQAPGKQREVVASINSIGSTNYADSVKGRFTISRDNAKNTVYLQMSSLKPEDTAVYYCAAGNLLVKRPYWGQGTLVTVSS
seq1200,QVKLQQSGGGLVQAGGPLRLSCAASGRTFSNYAVGWFRQAPGKEREFVAAISRDGGRTYYADSVKGRFAVSRDYAENTVYLQMNSLKPEDTAVYYCNTRAYWGQGTQVTVSS
seq1201,EVQLQESGGGLVQAGGSLRLSCAASGRATSGHGHYGMGWFRQVPGKEREFVAAIRWSGKETWYKDSVKGRFTISRDNAKTTVYLQMNSLKPEDTAVYYCAARPVRVDDISLPVGFDYWGQGTQVTVSS
seq1202,QVQLKESGPGLVAPSQSLSITCTVSGFSLTSYGVHWGRQPPGKGLEWLGVIWADGSTEYNSALMSRLTISKDNSKRQVFLKMNSLQTDDTAMYYCARGGSRYGSSYDSMDFWGQG
seq1203,ELVKPGASVKISCKASGYTFTDYYINWVKQKPGQGLEWIGWIYPGSGNTKYNEKIKGKATLTVDTSSSTAYMQLSSLTSEDTAVYFCARGGYYVPFDYWGQG
seq1204,QVQLVESWGGSVQAGGSLRLSCTAPGFTSNSCRMDWYRQAAGKQREWVSSISTDGRTSYADSVKGRFTISKDKAKDTVYLQMNSLKPEDTAIYYCAVRTNGYRPQSHEFRYWGPGTQVTVSS
seq1205,QVQLVESGGALVQPGGSLRLSCAASGFPVNRYSMRWYRQAPGKEREWVAGMSSAGDRSSYEDSVKGRFTISRDDARNTVYLQMNSLKPEDTAVYYCNVNVGFEYWGQGTQVTVSS
seq1206,AMSWVRQAPGKGLEWVSAISAGYSAYYADSVKGRFTISRDNSKDTLYLQMNSLRADDTAVYYCAKRGDS
seq1207,EVQLQASGGGLAQPGGSLRLSCAASGFTLNHYAIGWFRQAPGKEREGVSCISSSDVSAYYTDSVKGRFTISRDNAKNTVYLQMNSLKPEDTAVYYCATELISSCASTWYDAYSYWGQGTQVTVT
seq1208,EVQLQASGGGLAQPGGSLRLSCAASGFTLNHYAIGWFRQAPGKEREGVSCISSSDVSAYYTDSVKGRFTISRDNAKNTVYLQMNSLKPEDTAVYYCATELISSCASTWYDAYSYWGQGTVTVS
seq1209,EVQLQASGGGLVQAGGSLRLSCAASGRTFSNYAMGWFRQAPGKEREFQAAITWSRGMTFYADSVKGRFTIARDYAKNTVYLQMNSLKPEDTAVYYCAASDEGTGSPGSLYTPDPYDYWGQGTQVTVT
seq1210,EVQLQASGGGLVQAGGSLRLSCAASGRTFSNYAMGWFRQAPGKEREFQAAITWSRGMTFYADSVKGRFTIARDYAKNTVYLQMNSLKPEDTAVYYCAASDEGTGSPGSLYTPDPYDYWGQVTVTVSS
seq1211,EVQLVESGGGLVQPGGSLRLSCVVSGSIFSINGMGWYRQAPGKSRERVATIFSGGSTNYADSVKGRFTISRDNAKNTVYLQMSSLKPEDTAVYYCFRGGVWGQGTQVTVT
seq1212,EVQLQASGGGLVQAGGSLRLSCAASGRTFSDLSMGWFRQAPGKEREFVAAVSWSVGTTYYADSVKGRFTISRDNAKNTVDLQMISLKPEDTAVYYCSATYYTGEYYLLQADRYQHWGQGTQVTVT
seq1213,EVQLQASGGGLVQAGGSLRLSCAASGRTFSDLSMGWFRQAPGKEREFVAAVSWSVGTTYYADSVKGRFTISRDNAKNTVDLQMISLKPEDTAVYYCSATYYTGEYYLVQADRYQHWGQVTVTVSS
seq1214,EVHLQASGGGLVQEGGSLRLSCAASGRTFSDLSMGWFRQAPGKEREFVAAVSWTPGTTYYADSVKGRFTISRDNAKNTVDLQMISLKPEDTAVYYCTATYYTGEYYLVQADRYQHWGQGTQVTVTV
seq1215,QVQLVETGGGLAQAGDSLRLSCVEPGRTLDMYAMGWIRQAPGEEREFVASISGVGGSPRYADSVKGRFTISKDNTKSTIWLQMNSLKPEDTAVYYCAAGGDIYYGGSPQWRGQGTRVTVSS
seq1216,QVQLVESGGGLVQAGGSLRLSCAASGRINGDYAMGWFRQAPGEEREFVAVNSWIGGSTYYTDSVKGRFTLSRDNAKNTLSLQMNSLKPEDTAVYYCAAGHYTDFPTYFKEYDYWGQGTQVTVSS
seq1217,QLQLVESGGGLVQPGGSLRLSCAASGFTLGSYHIGWFRHPPGKEREGTSCLSSRGDYTKYAEAVKGRFTISRDNTKSTVYLQMNNLKPEDTGIYVCAAIRPVLSDSHCTLAARYNYWGQGTQVTVSS
seq1218,QLQLVESGGGLVQPGGSLRLSCAALEFTLEDYAIAWFRQAPGKEREGVSCISKSGVTKYTDSVKGRFTVARDNAKSTVILQMNNLRPEDTAVYNCAAVRPVFVDSVCTLATRYTYWGEGTQVTVSS
seq1219,QVQLVESGGGLVQPGGSLKLSCAASGFTLADYVTVWFRQAPGKSREGVSCISSSRGTPNYADSVKGRATVSRNNANNTVYLQMNGLKPDDTAIYYCAAIRPARLRAYRECLSSQAEYDYWGQGTQVTVSS
seq1220,QVQLVESGGGLVQPGGSLGLSCAMSGTTQDYSAVGWFRQAPGKEREGVSCISRSGRRTNYADSVRGRFTISRDNAKDTVYLQMNSLKPDDTAVYYCAARKTDMSDPYYVGCNGMDYWGKGTLVTVSS
seq1221,QVQLVETGGLVQAGGSLRLSCAASGVPFSDYTMAWFRQAPGKEREVVARITWRGGGPYYGNSGNGRFAISRDIAKSMVYLHMDSLKPEDTAVYYCAASRLRPALASMASDYDYWGQGTQVSVSS
seq1222,QVQLVESGGGLVQPGESLRLSCVASASTFSTSLMGWVRQAPGKGLESVAEVRTTGGTFYAKSVAGRFTISRDNAKNTLYLQMNSLKAEDTGVYYCTAGAGPIATRYRGQGTQVTVSS
seq1223,QVQLVESGGGLVQPGGSLTLSCTASGFTLNSYKIGWFRQAPGKEREGVSCINSGGNLRSVEGRFTISRDNTKNTVSLHMDSLKPEDTGVYHCAAAPALNVFSPCVLAPRYDYWGQGTQVTVSS
seq1224,QLQLVESGGGLVQPGGSLRLSCAASGFSLDPYVIGWFRQAPGKEREGVSCITSRAASRTSVDSVNERFTISRDNAKNTVDLHINNLKPEDSGVYYCAAVPPAKLPLFSLCRSLPAKYDYWGQGTQVTVSS
seq1225,QLQLVESGGGLVQAGGSLRLSCAASGRTFSRYAMGWFRQAPGKEREFVAAISRSGVNTRYEDSVKGRSTISRDNAKRSVFLQMDSLKRDDTAVYYCAARRGPGTSVLSDDYDYWGQGTQVTVSS
seq1226,QVQLVESGGGLVQAGGSLRLSCAASGRTFSRYTMGWFRQAPGKEREFVATIGARGTIYYADSVKGRFTISRDNAKNTVYLQMNSVEPEDTAAYYCATTRTPRVRLPTESREYTYWGQGTQVTVSS
seq1227,QVQLVESGGGLVQPGGSLRLSCAASGFTLDDYAIGWFRQVPGKEREGVACVKDGSTYYADSVKGRFTISRDNGAVYLQMNSLKPEDTAVYYCASRPCFLGVPLIDFGSWGQGTQVTVSS
seq1228,QVQLVESGGGLVQAGGSLRLSCATSGGTFSDYGMGWFRQAPGKEREFVAAIRRNGNGGNGIEYADSVKGRFTISRDNAKNTVHLQMNSLTPEDTAVYYCAASISGYAYNTIERYNYWGQGTQVTVSS
seq1229,QVQLVESGGGLVQAGGSLSLSCAASGGDFSRNAMAWFRQAPGKEREFVASINWTGSGTYYLDSVKGRFTISRDNAKNALYLQMNNLKPEDTAVYYCARSTVFAEITGLAGYQSGSYDYWGQGTQVTVSS
seq1230,QVQLVETGGGLVQAGGSLRLPCSFSGFPFDNYFVGWFRQAPGKEREGVSCISSSDGSTYYADSVKGRFTISRDNAKNTVYLQMNSLKPEDTAVYYCGADFLTPHRCPALYDYWGQGTQVTVSS
seq1231,QVQLVESGGGLVQPGGSLRLHCAASGSIASIYRTCWYRQGTGKQRELVAAITSGGNTYYADSVKGRFTISRDNAKNTIDLQMNSLKPEDTAVYYCNADEAGIGGFNDYWGQGTQVTVSS
seq1232,QVQLVESGGGLVQAGGSLRLSCAASGRTFSRSSMGWFRQAPGKEREFVASIVWADGTTLYGDSVKGRFTVSRDNVKNMVYLQMNNLKPEDTALYYCADNKFVRGLVAVRAIDYDYWGQGTQVTVSS
seq1233,QVQLVESGGLVQAGGSLRLSCAASGRADIIYAMGWFRQAPGKEREFVAAVDWSGGSTYYADSVKGRFTISRDNAKNSVYLQMNSLKPEDTAVYYCAARRSWYRDALSPSRVYEYDYWGQGTQVTVSS
seq1234,QVQLVETGGGLVQPGGSLTLSCAGSGGTLEHYAIGWFRQAPGKEHEWLVCNRGEYGSTVYVDSVKGRFTASRDNAKNTVYLQLNSLKPDDTGIYYCVSGCYSWRGPWGQGTQVTVSS
seq1235,QVQLVESGGGLVQPGGSLKLSCRASGSIVSIYAVGWYRQAPGKQRELLAAITTDGSTKYSDSVKGRFTISRDNAKNTVYLQMNNLKPEDTAIYSCIGDAAGWGDQYYWGQGTQVTVSS
seq1236,QVQLVESGGGLVQAGGSLRLSCAASGSIVNFETMGWYRQAPGKERELVATITNEGSSNYADSVKGRFTISGDNAKNTVSLQMNSLKPEDTAVYYCSATFGSRWPYAHSDHWGQGTQVTVSS
seq1237,QVQLVETGGALVHTGGSLRLSCEVSGSTFSSYGMAWYRQAPGEQRKWVAGIMPDGTPSYVNSVKGRFTISRDNAKNSVYLHMNNLRPEDTAVYYCNQWPRTMPDANWGRGTQVTVSS
seq1238,QLVETGGSLRLTCVTSGSTFNNPAITWYRQPPGKQREWVASLRSGDGPVYRESVKGRFTIFRDNATDALYLRMNSLKPEDTAVYHCNTASPASWLDWGQGTQVTVSS
seq1239,QVQLVETGGGLVQPGGSLRLSCATSGFPFSTERMSWVRQAPGKGLEWVSGITEGGETTLAAPSVKGRFNISRDNARNILYLQMNSLKPEDAAVYYCFRGVFFRTSFPPELARGQGTQVTVSS
seq1240,QVQLVESGGGLVQAGGSLRLSCAASGSAVSDSFSTYAISWHRQAPGKQREWIAGISNRGATSYRDSVKGRFTISRDNAKNTVYLQMNNLKPEDTGVYYCEPWPREGLGGGQGTQVTVSS
seq1241,QVQLVESGGAVVQPGGSLRLSCATSGFTFSDDRMSWARQAPGKGLEWVSGISTASEGFATLYAPSVKGRFTISRDNAKHMLYLQMDTLKPEDTAVYYCLRGVFFRTNIPPEVLRGQGTQVTVSS
seq1242,QVQLVETGGGLVQAGGSLRLSCVVSSPLFNLYDMAWYRQAPGNQRELVAGILTDGRATYSDSVKGRFTISRNNLTNTVFLQMSSLKPEDTAVYYCNRKNSIYWDSWGQGTQVTVSS
seq1243,QVQLVESGGGLVQAGGSLRLSCVASGLTFSRYGMGWFRQAPGQERVVVSVISPDGGSAYYADSVKGRFTISRDNAKNTVYLQMSTLRFEDTGVYYCTAGPRNGATTVLRPGDYDYWGQGTQVTVSS
seq1244,QVKLEESGGGLVQAGGSRRLSCATSGLTFRNFHMAWFRQVAGKEREVVAAISWSRDRQYYPDPVKGRFTITRDNAKNTVYLQMNSLKPEDTAVYYCAARTASASGDWYKGSYQYWGQGTQVTVSS
seq1245,QVKLEESGGGLVQAGGSLRVSCTASVSTFSINALGWYRQAPGKARELVAAIGSDGTVYYTDSVKGRFTISRDNAKNTVSLQMSSLKPEDTAVYYCNAAGKRIGSDGSIWFAVASFGSWGQGTQVTVSS
seq1246,DVQLVESGGGLVQAGGSLRLSCTASGFTFDDYTMGWFRQAPGKEREGVSYIGWSGSTSGSTTYYTDSVKGRFTISRDNAKNTLYLQMNSLKPEDTAMYYCAAARYRGIGSQVRWTDFIYWGQGTLVTVS
seq1247,DVQLVESGGGLVQAGGSLRLSCTASGFTFDDCTMGWFRQAPGKEREGVSYIGWSGSTSGSTTYYTDSVKGRFTISRDNAKNTLYLQMNSLKPEDTAMYYCAAARYRGIGSRVRWTDFIYWGQGTQVTVS
seq1248,DVQLVESGGGLVQAGGSLRLSCTASGFTFDDYTMGWFRQAPGKEREGVSYTGWSGSMSGSTTYYTDSVKGRFTISRDNAKNTLYLQMNSLKPEDTAMYYCAAARYRGIGSQVRWTDFIYWGQGTQVTVSG
seq1249,DVQLVESGGGSVQAGGSLRLSCAGSGYMYSSKAMGWFRQAPGKEREGVAIIYTDGYSPYYADSVKGRFTISQDNAKNTVYLQMNSLKPEDTAMYYCAASKRGPSMGWVPKSASYFGDWGQGTQVTVS
seq1250,QVQLQESGGGSVQAGGSLKLSCAASGGAYRNACMGWFRQAPGKEREGVAIINSVDTTYYADPVKGRFTISRDNAKSTVYLLMNSLKPEDTAIYYCAQVARVVCPGDKLGASGYNYWGQGTQVTVSS
seq1251,QVQLQESGGGSVQAGGSLRLSCAASGPTYSSYFMAWFRQAPGMEREGVAASSYDGSTTLYADSVKGRFTISQGNAKNTKFLLLNNLEPEDTAIYYCALRRRGWSNTSGWKQPGWYDYWGQGTQVTVSS
seq1252,QVQLQESGGGSVQAGGSLRLACAAPGYTFSDYCMGWFRQAPGKEREEVARISGGKRTYYSDSVRGRFTISRDDYKNTVWLQMDSLKPEDTAIYYCARGGYTTGVCAGGFNDWGQGTQVTVSS
seq1253,QVQLQESGGGSVQAGGSLRLSCAASGNTHITLAWFRQAPGKEREGVVFIYTSTGYTYYSDSVKGRFTISQDNAKNTVYLQMDNLKPEDAGMYYCAAGRTRSVRPGGRIDPGAFDYWGQGTQVTVSS
seq1254,QVQLQESGGGSVQAGGSLRLSCADSGYTFSDYCMGWFRQAPGKEREGVAIISNGGLITRYADSVKGRFTVSRDNAKNTLYLEMNSLKPEDTATYFCAKGSYTCNPDRWSQVSDYKYGGQGTQVTVSS
seq1255,QVQLQESGGGSVQAGGSLRLSCESSGMTFSVYNLGWLRQAPGQECELVSTITRDGSTDYADSMKGRFTISRDNAKNTMYLQMTSLKPDDTAVYYCAAGVGVVDCTEGQGTQVTVSS
seq1256,QVQLQESGGGSVQAGGSLRLSCVASGLTFSIYRMYWYRQAPGKACELVSLIIPDGTTTYADSVKGRFTISRDDAKNTVYLQMNSLEPEDTAVYYCAASTAGNWPRACTDFVYQGQGTQVTVSS
seq1257,QVQLQESGGGSVQTGGSLTLSCAASVDTRRINNMAWFRQTPGKEREGVARINVVIGTTDYDDSVKGRFTLSRDNAKNTLYLRMNSLKPEDTAMYYCAAGELIRFSRWRTGREFTYWGQGTQVTVSS
seq1258,QVQLQESGGGSVQTGGSLRLACSYSEYTYRPCGMGWYRQPPGKERGLVSAIFSDGTKYYLNSVKGRFTISQDIAKDRMYLQMNTLKPEDTAIYYCHAVEPRGPGFRGTYKECRGPNYYGQGTQVTVSS
seq1259,QVQLQESGGGSVQVGGSLTISCVASGEQDSMTTLAWFRQGPGEERKGVATMIPRLRLDLLTASVRDRFNISYNNAIHTLYLQMNNLKVEDSGMYYCAAKRRLDREFRNFEYWGKGTQVTVSS
seq1260,QVQLQESGGGSVQVGGSLRLSCVYSGNHDSFQTMGWFRQAPGKEREGVATINYVGLTFVRASVRGRFTISQDDAMKTMYLQMDSLKAEDTGVYYCAAKGVADRDFTNFDYWGQGTQVTVSS
seq1261,QVQLQESGGGSVQAGESLRLSCTVPGYTRNGCVLNWYRLATGKPREWVSSIDTDGNTMYRTPVKGRFTISQDSAKDTAFLQMNSLKVEDTAMYFCRTTGTTRWCRPSDWGQGTQVTVSS
seq1262,DVQLVESGGGSVQTGGSLTLSCAASGSTVTIGSMGWFRQAPGKEREGVALIYTGRGSTNYADSVKGRFTISQGNAKNTVYLQMNSLKPEDTAIYYCAAAPGRPSLKYEMRQVDFRYWGQGTQVTVSS
seq1263,DVQLVESGGGLVQPGGSLRLSCAASGFTFSNYYMSWVRQAPGKGLEWVSSIYSYGTSTYYADSVKGRFTISRDNAKNTLYLQMNSLKPEDTAVHYCAASDSSWRIVIEHNYWGQGTQVTVSS
seq1264,QVKLEESGGGSVQAGGSLRLSCAASGHTYSTYCMGWFRQVPGKEREGVARINVGGSSTWYADSVRDRFTISQDNAKNTVYLQMNSLKLEDTAIYYCTLHRFCNTWSLGTLNVWGQGTQVTVSS
seq1265,QVKLEESGGGLVQAGGSLRLSCAASGRTFSSYAMGWFRQTPGKERELVAAINWSGGNTHYADSVKGRFTISRDNAKSTVYLQMNSLKPEDTAVYYCAAPKGHTGDHYWGPGTQVTVSS
seq1266,QVKLEESGGGLVQAEGSLRLSCVTSGRIEGILLVGWYRQGPGKQRDVVASIDRNGNTRYDGSAEGRFTIARENANTVYLQMNNLRPEDSNVYVCGALSSGVNPWAWGQGTQVTVSS
seq1267,QVKLEESGGGLVQAGGSLRLSCAASGSTFSIYTMGWFRQAPGKEREFVADISWNGGSTYYADSVKGRFTIYRDNYKNTVYLQMNSLKPEDTAVYYCNADDLMIDRDYWGQGTQVTVSS
seq1268,QVQLVESGGGSVQAGGSLSVSCAASGRSSFSRYFMGWFRQAPGKEREFVAAISWTGSSTYYADSVKGRFTISRDNAKNTVYLQMNSLKPEDTAVYYCAADFLRGSRRYGINTTEEYDYWGQGTQVTVSS
seq1269,VQLQQSGGGSVQAGGSLRLACAASASGYTESVKWMGWFRQAPGQEREGVAVISIPGGSTYYDDDVKGRFTISQDNAKNTVYLQMNSLKPEDTAMYYCAARNAGGRFRPSAAGGYNYWGQGTQVTVST
seq1270,QVQLQESGGGLQAGASLRLSCAAGFAYSTYSMGWFRQVSGKEREAVATINSGTFRLWYTDSVKGFTISRDNAKNMLYLQMNSLKPEDTAIYYCAARAWSPYSSTVDAGDFRYWGQGTQVTVSS
seq1271,QVQLQESGGGSVQAGGSLRLSCAAAGLSYRPGYMGWFRQAPGKEREGVAIITTGGVTHYADSVKGRFTISRDNGKSTVYLQMNSLKNEDTAMYYCGLANWVQFPLRVDGYKYWGQGTQVTVSS
seq1272,QVQLQESGGGSVQAGGSLRLSCVASGDTYSSACMGWFRQAPGKEREGVATICTSTSMRTRYYADAVKARFTISQDNAKNTVYLQMNSLKPEDIAMYYCATGHTVGSSWRDPGAWRYWGQGTQVTVSS
seq1273,QVQLQESGGGSVQDGGSLRLSCAASGYAYDTYYMGWFRQAPGKEREWVAGITSLVSGVAYYKYYTDSVKGRFTIFRDDDKNTVDLQMNSLKPEDTAIYYCAASRSGLRARLLRPELYEYWGQGTQVTVSS
seq1274,QVQLVESGGGLVQPGGSLRLSCAASGSSFSRYAMRWYRQAPGKQRELVANINSRGTSNYADSVKGRFTISRDNAKNTVYLQMNSLKPEDTAVYYCNAEWLGRSEPSWGQGTQVTVSS
seq1275,QVQLVESGGGLVQPGGSLRLSCAASGFIFSLYTMRWHRQAPGKERELVATITSATGITNYADSVKGRFIISRDDAKKTGYLQMNSLKPEDTAVYYCNAVRTTVSRDYWGQGTQVTVSS
seq1276,QVQLVESGGGLVQPGGSLRLSCAASGIIFSIYTMGWYRQAPGKQRELVAAIPSGPSANATDSVGGRFTITRDNAENTVYLQMNDLKPEDTAVYYCNARRGPGIKNYWGQGTQVTVSS
seq1277,QVQLVESGGGLVQPGGSLSVSCAASGSIARPGAMAWYRQAPGKERELVASITPGGLTNYADSVTGRFTISRDNAKRTVYLQMNSLQPEDTAVYYCHARIIPLGLGSEYRDHWGQGTQVTVSS
seq1278,QVQLVETGGLVQPGGSLRLSCAASGLTFSSTAMAWFRQAPGKEREFVARISGAGITIYYSDSVKDRFTISRNNVENTVYLQMNSLKTEDTAVYYCAARRNTYTSDYNIPARYPYWGQGTQVTVSS
seq1279,QVQLVETGGLVQPGGSLRLSCAASRSTTATIYSMNWYRQAPGKQRELVAGMTSDGQTNYATSVKGRFTISRDNAKNTVYLLMNSLKLEDTAVYYCYVKPWRLQGWDYWGQGTQVTVSS
seq1280,QVQLVESGGGLVQPGGSLRLSCAAPESIVNSRTMAWYRQAPGKQRERVATITTAGSPNYADSVKGRFAISRDNAKNTVYLQMNSLKPEDTAVYYCNTLLSTLPYGQGTQVTVSS
seq1281,QVQLVESGGGLVQPGGSLGLSCVVASERSINNYGMGWYRQAPGKQRELVAQISSGGTTNYADSVEGRFTISRDNVKKMVHLQVNSLKPEDTAVYYCNSLLRTFSWGQGTQVTVSS
seq1282,QVQLVETGGGLVQPGGSLRLSCAASGFTFSSYRMSWYRQAAGKERDVVATITANGVPTGYADSVMGRFTISRDNAKNTVYLEMNSLNPEDTAVYYCNAPRLHTSVGYWGQGTQVTVSS
seq1283,QVQLVESGGGLVQAGNSLRLSCTASGVIFSIYTMGWFRQAPGKEREFVAAIGVADGTALVADSVTGRFTISRDNAKNTVYLHMNSLKPEDTAVYSCAAYLSPRVQSPYITDSRYQLWGQGTQVTVSS
seq1284,QVQLVETGGGLVQAGGSLRLSCAASGRYAMGWFRQAPGKEREFVATISRSGAIREYADSVKGRFTISRDGAENTVYLEMNSLKPDDTAIYVCAEGRGATFNPEYAYWGQGTQVTVSS
seq1285,QVQLAETGGGLVQAGGSLRLSCSASGLTFGNYAMGWFRQAPGKEREFVASISRSGSNTWYAEPLKGRFAISRDNDKNALYLQMNSLKPEDTAVYYCAGGSYNSDWWNYMYWGQGTQVTVSS
seq1286,QVQLVESGGGGLVQAGGSLRLSCAASGRTFSGYAMGWFRQAPGKEREFVADISWSGHNTYYGDSVKGRFTISRDTAKNTVYLQMNSLKPEDTAVYYCAAEGARTHLSDSYYFPGLWAEPPVGYWGQGTQVTVSS
seq1287,QVQLVETGGGLVQAGGTLRLSCAASGRTFTSYYIGWFRQEPGKEREFVASIGWTDDNTYYADSVKGRFTISRDNAETTAYLQMSGLKPEDTAVYYCAADYGSGIRAWYNWIYWGQGTQVTVSS
seq1288,QLQLAETGGGLVQPGGSLRLSCAASGATLDTYIITWFRQAPGKEREAVSCINRSGSTTYSDSVKGRFTISRDNAQKTVYLQMNSLNPEDTAIYYCAADASYRTCGGSWWNWAYWGQGTQVTVSS
seq1289,QVQLAESGGGSVQPGGSLRLSCAASGFTFSSYTMSWVRQAPGKGIEWVSDINGGGDRTDYADSVKGRFTISRDNARNTLYLQMNSLQPEDTAVYYCAKDLSYVSGTYFANDWGQGTQVTVSS
seq1290,QLQLAESGGGLVQPGGSLRLSCTASGIIFDYYSVDWYRQAPGKERELVATITGDGSPNYADSVKGRFTISRDNAKKTVYLQMNGLKPEETAVYYCHAKRTIGTKSEYWGQGTQVTVSS
seq1291,QVQLAETGGGLVQAGGSLRLSCLASRMSFSRRPMAWYRQAPGKQRERVATISSFGDTTNYTDSVEGRFTISRDNAKNTMYLQMNSLKPDDTAVYYCNTLLATYAWGQGTQVTVSS
seq1292,QVQLAESGGGLVQAGGSLRLSCAASGRTFSSYVMGWFRQAPGKEREFVAAISRNGGKTYYADSVKGRFTISRDGTENTVYLQMNSLKPEDTAVYYCAAAVAASAEFVTARSNFYEYWGQGTQVTVSS
seq1293,EVQLVESGGGSVQAGGSLRLSCAASGYTYCSYGMSWYRQAPGKEREFVSAIDSDGSTSYADSVKGRFTISQDNAKNTVYLQMNSLIPEDTAMYYCKTDQTGGSWWADCRYLEVWGQGTMVTVSS
seq1294,QVQLVESGGGSVQAGGSLRLSCVASGYTCYTDDRSWSRQAPGKEREFVSIIVSDGTTTYADSVKGRFTISRDNAKNTVYLQMNSLKPEDTGMYYCKIVCRDRWNVRQTYWGQGTLVTVSS
seq1295,EVQLVESGGDSVQAGGSLRLSCQPIYTYSSNCIGWFRQAPGKEREGVAGLYTADGSTNYTESVKGRFTISQDNAKNTVFLQMNSLKPEDTATYHCAADFVSLRTCMTAIQAQTRNFTYWGRGTMVTVSS
seq1296,EVQLVESGGGLVQAGGSLRLSCAASGRTFSRTSMGWFRQAPGKEREFVAAINWGRGSTYYADSVKGRFTISRDNAKNTVYLQMNSLKPEDTAVYYCAAGQEGFYTLVPRNSRNWSYWGQGTQVTVSS
seq1297,EVQLVESGGGLVQPGGSLRLSCAASGFTVDNYAIGWFRQAPGKEREGVSCISSGGWKFYPDSMKGRFSISRDNAKNTVYLQMNSLKPQDTAVYYCGTDLTNHCGNYDKGFGSWGQGTQVTVSS
seq1298,EVQLVESGGGLVQPGGSLRLSCAASGNSLRIGTMAWYRQAPGKQREMVATVTSGGSIDYTDSVKGRFTISRDNAKNTVFLQMNSLKPEDTAVYYCYARSYYSASGAMYTVIWGQGTQVTVSS
seq1299,QVQLQESGGGSVQAGGSLKLSCAASGYIASGCGMGGMAWYRQAPGKERELVSTISRDGIRYIGAVKGRFTISRDSAKNTLYLQMSSLKTEDTGVYYCAACRRSIDDYTYWGQGTQVTVSS
seq1300,QVQLQESGGGLAQPGGSLRLSCAASGNTDSLYCMAWFQQAPGKDRKRVARLCVDGTIDYADSVKGRFTISRDNAKRTLYLQMNSLKPEDTAMYYCAARQELRITYPYWGRGTQVTVSS
seq1301,QVQLQESGGDSVQAGGSLKLSCAASGYIFSTCGMGWYRQAPGKERELLSTRSIDGTTRYADSVKGRFTISQDRAKHTLYLQMNSLKTEDTAVYYCRAGGGSGSWCPGNYWGQGTQVTVSS
seq1302,QVQLQESGGGSVHSGGSLRLSCLAAGYTDRNYCMGWFRQAPGSQREGVAVIDSAGNTAYADSVKGRFTISQDNAKNTLWLRMNTLKPEDTAMYYCAAIAKEYNRGGYYCRSSGRVDYWGQGTQVTVSS
seq1303,QVQLQESGGGSVQSGGSLRLSCVASGYRLNLNCMGWFRQAPGKEREGVATIASDSYGRYADSVRGRFAISQDNAKNTLYLQMNTLNPEDTATYYCAAWRGDCGIPDMLRTDNYRGQGTQVTVSS
seq1304,QVQLQESGGGSVQSGGSLRLSCAASGYTITNSYRMAWFRQAPGKEREGVAAINSGGSTTYADSVKGRFTISQDNAQNTLYLQMNSLKAEDTAMYYCAAGRVQWWPVLRALNEDDYLYWGQGTQVTVSS
seq1305,QVQLQESGGGLVQPGGSLRLSCAASGFTFSSYDMHWVRQAPGKGLEWVSRINRHGTTTYYADSVKGRFTISRDNAKNMLYLQLNSLNTEDTAMYYCARDSPIGWSGNNDRGQGTQVTVSS
seq1306,QVQLQESGGGSVQSGGSLRLSCAASAYTYSTYCMGWFRQAPGKEREGVAIIDSDGSTSYADSVKGRFTISQDNAKNTLYLQMNSLKPEDTAMYYCAAESLYSSFRTPLSSCDFDYWGQGTQVTVSS
seq1307,DVQLQASGGGSVQAGGSLRLSCAASGFSFADSDMSWFRQAPGKERELVSTIRRNGNTEYSDSVKGRFTISRDNAKNAVYLQMNSLKPEDTAMYYCAAPKSGLLRPPISHCDSCVVLGVDGYKYWGQGTQVTVS
seq1308,DVQLQASGGGSVQAGGSLRLSCAASGFTFDYSCMGWFRQAPGKEREGVAVINGVGSLLYADSVKGRFTISQDNAKNTVYLQMNSLKPEDTAIYSCAAQPPA
seq1309,DVQLQASGGGSVQAGGSLRLSCAASEYSYDNVCMAWFRQAPGKEREGVATIHSAGGVTWYADSVKGRFTISQDNAKNTVHLTMNNLKPEDTAVYTCAAQMCPRPRAATLLDVGYNYWGQGTQVTVS
seq1310,DVQLQASGGGSVQAGGSLRLSCAASGYTYSTGWMGWFRQAPGKEREGVAAIAIRGTSTYYADSVKGRFTISQDNAKNTVYLLMNSLKPEDTAIYYCAAQT
seq1311,DVQLQASGGGSVQAGGSLRLSCAASGVAANTYCMGWFRQAPGKEREGVAMIHSGMGRTYYAGSVKGRFTISTDNAKNTVYLQMNSLKPEDTAIYYCAART
seq1312,DVQLQASGGGSVQAGGSLRLSCAASGYTYDIDCTMSWFRQGPGKERELVSTFLSDGATYYADSVKGRFTISQDNAKNTVLLQMNNLKPEDTAVYYCAARAGVLCRAQVWGR
seq1313,DVQLQASGGGSVQAGGSLRLSCAASGYSYDNVCMAWFRQAPGKEREGVATIHSAGGVTWYADSVKGRFTISQDNAKNTVHLTMNNLKPEDTAVYTCAAQMCPRPRAATLLDVGYNYWGQGTQVTVST
seq1314,QVQLQESGGGSVQVGGSLRVACAASGDTFSGYLAAWFRQAPGKGREGVAAINSKRHTTSYADSVKGRFTISKDNADNIMYLEMNSLKPEDTAIYYCAAADAIGLAEYWSTPTLSAARYKYWGQGTQVTVSS
seq1315,QVQLQESGGGSVISGGSLRLSCAASGYTYSRYSLGWFRQVPGKEREGVASITSAGSTTYADSVKGRFTISQDNAKSTLYLQMNSLKPEDTAMYYCALAGRFYNPQHWALRSGEYAYWGQGTQVTVSS
seq1316,QVQLQESGGGSVQAGGSLRLSCTASGRTFDDYTMGWFRQAPGKEREGISYISWSGRNTGIADSVKGRFTTSRDSAKNTLYLQMNNLKPEDTAMYYCAAGRRAWSLRTAEYNYWGQGTQVTVSS
seq1317,QVQLQESGGVLVQPGGSLRLSCAASGFTFSSYAMSWVRQAPGKGLEWVSSINSGGGDTHYADSVKGRFTISRDNAKNTLYLELNSLKTEDTAMYYCAKAASEYWSGGYYYTMLEFWREHDYWGQGTQVTVSS
seq1318,GGLVQAGGSLRLSCAASGLTLSTKTMGWFRQSPGKERYFVAAITWIGEPNYANSVKGRFTVSRDNAKNTVYLQMHSLKPEDTAVYYCAAADPVRRPYYYENENNYNYWGQGTQVTVSS
seq1319,QLQLVETGGGLVQAGGSLRLSCAASGFIFRDYAMSWVRQAPGKGFEWVSSINTGGSGAAYSDSVAGRFTISRDNAKNMVYLEMNSLKPEDTAVYYCARTDFGQRVFTTRGRDWGQGTQVNVS
seq1320,QLQLVESGGGLVQAGGSLRLSCAASGLSLSDYAMGWFRQAPGKEREFVSGIGWNGLRIAYADFVKGRFTISRDNAKNTAYLQMNSLKPEDSAVYYCAAARSEWGSRAVYDYWGQGTQVTVSS
seq1321,QVQLVETGGGLVQPGGSLRLSCAASGFTFSDYYMTWVRQAPGKGPEWVSWINSRGTGTGYADSVQGRFTISRDNAKNTLYLQMDSLRPEDTGLYYCARGMIHIETTLPQARGQGTQVTVSS
seq1322,QLQLVESGGGLVQAGGSLRLTCALSERTSTSYAQGWFRQPPGKEREFVASLRTHDGNTHYTDSVKGRFTISRDNAENTLYLQMNSLKTEDTAVYYCAASLGYSGAYASGYDYWGQGTQVTVSS
seq1323,QVQLVETGGGLVQPGGSLRLSCAASGGTLRNYDMAWFRQAPGKEREFVASIGRNGHIISYSDSARGRFTISKDSAKNALYLQMNDLKPEDTAVYYCAAGSGVGYAFQPTRQDWGQGTQVTVSS
seq1324,QLQLVESGGGLVQRGGSLRLSCAASGGTVSTIDMGWFRQVPGKEREFVAGMSSSGHVTSTGDSVKGRFTISKDNAKNTVYLQMNDLKPEDTAVYYCASGNWNSRAREYDSWGQGTQVTVSS
seq1325,QLQLVESGGGFVQPGGSLRLSCAASGLSFNFDWQYWVRQAPGKGIEWVSGINQRGTGTTYADSVAGRFTISRDDAKNTLYLQMNRLKPEDTAVYYCAIDRLGGMRGQGTQVIVSS
seq1326,QLQLVESGGGLVQAGGSLRLSCAASGFTFRNSAMSWVRQAPGKGLEWVSTINTGGSGAAYADAVAGRFTISRDNAKNTLYLQMNSLKPEDTAVYYCKDSDFGQRIFTTRGRDWGQGTQVTVSS
seq1327,QLQLVETGGGLVQPGGSLRLSCAASGFTLSSYDMSWVRQAPGKGLEWVSAISSSGSWSSYADSVKGRFTISRDNAKNTLFLRMNSLKPEDTAVYYCTKGISNNYESPKGQGTQVTVSS
seq1328,QVQLVESGGGVVQAGGSLRLSCAASGFTFRDYAMHWVRQAPGKGLEWVSATNAGGALTAYSDSVAGRFTISRDNAKNTLYLQMNSLKPEDTAVYYCSKNDFGQRLFTSRGRDWGQGTQVTVSS
seq1329,QLQLVETGGGLVQAGGSLRLSCAASGFMFRDYAMSWVRQAPGKGLEWVSSITPSGGGAAYSDSVAGRFTFSRDNAKNTLYLQMNSLKPEDTAVYYCARTDFGQRVFTTRGRDWGQGTQVTVSS
seq1330,QLQLVETGGNLVQAGGSLRLSCAASGFTFPNFDMSWVRQAPGKGLEWVSSINTRGKIEAYADAVKGRFTISRDNAANTLYLRMDSLKPEDTAVYFCVKSDFGQRIFTTRGRDWGQGTQVTVSS
seq1331,QVQLVESGGGLVQAGGSLRLSCATAGRTLSTKTMGWFRQTPGKERDFVAAITWIGDTYYANSVKGRFTISRDIAKNTVYLQMHSLTPEDTAVYYCAAADPVRRPYYYENNNNYNYWGQGTQVTVSS
seq1332,QLQLVESGGDLVQAGGSLRLSCAASGGTLSSYAMGWFRQAPGKEREFVAGIGWSGKRIAYADFVKGRFTISRDNAKNTVYLQMNSLKPEDSAVYSCAAARSEWGSRAEYDYWGQGTQVTVSS
seq1333,QVQLVETGGGLVQAGGSLRLSCAASGIIFRPNYMGWYRQAPGKQREPVATLTSGGTTHIADSVKGRFTISRDNDKNTVDLQMNSLKPEDTAVYYCNYRRSMASNPYDYWGQGTQVTVSS
seq1334,QLQLVESGGGLVQAGGSLTLSCVASGRPFRNYRLGWFRQAPGKEREFVAAINWGGVITNYADSVKGRFTISRDDAKNTVYLQMNSLKPEETAVYYCAAFDSTGSPIVRDNYEYWGQGTQVTVSS
seq1335,QVQLVETGGGLVQAGGSLRLSCVGSGSIASLNGMGWYRQGPGKQRELVARFTNIGETYYADSVKGRFTISRDNANKTVSLQMNSLKPEDTAVYYCNYPLRTMEYWGKGTLVTVSS
seq1336,QVQLVETGGGLVQTGGSLRLSCKASGRTFSNSIMGWFRQAPGKERDFVAKISWRNDYTTYADSVKGRFTISRDNASNMVYLLMNNLKPEDTAVYYCAATKAYNGGETSGRGFYYWGQGTQVTVSS
seq1337,QVQLQESGGELVQPGGSLKLSCAASGLTFTNYSMGWFRQAPGVDREAVAAISWSGDNTYYVSSVKGRFTISRDNAKNTVYLQMNSLKPQDTAVYYCAVKPDDGWWDYWGQGTQVTVSS
seq1338,QVQLQESGGGLVQPGGSLRLSCAASGFAFNLYWMYWFRQAPGKGLEWVSSASPGNGITFNTFYADSVKGRFAISRDNAKNTLYLEMNSLQPEDTAVYYCAADPSYQLADFLTSLPNDYSGQGTQVTVSS
seq1339,QVQLQESGGGLVQAGESLRLSCVASGLSFSEFVMTWFRQAPGKEREFVAAINWMDDRTYYGSSVKGRFFISKDNAKNTVYLQMNGLKPEDTAVYYCAASRDYYGHNANQYRYWGQGTQVTVSS
seq1340,ESGGGLVQAGGSLRLSCAASGRTGSTYDMGWFRQAPGKERESVAAINWDSARTYYASSVRGRFTISRDNAKKTVYLQMNSLKPEDTAVYTCGAGEGGTWDSWGQGTQVTVSS
seq1341,QIQLVQSGPELKKPGETVKISCKSSGYTFTNYGINWVKQAPGKGLKWMGWINTNTGEPTYAEDFKGRFAFSLETSASTAYLQINNLKNEDTASYFCARNYYGSFDVWGAGTTVTVSS
seq1342,QVTLKESGPGILKPSQTLSLTCSFSGFSLSTSGMGVGWIRQPSGKGLEWLAHIWWNDDNYYNPSLKSQLTISKDTSRNQVFLKITSVDTADTATYYCARLSGPHFDVWGAGTTVTVSS
seq1343,QVTLKESGPGILKPSQTLSLTCSFSGFSLSTSGMGVGWIRQPSRKGLEWLAHIWWNDDKYYNPSLKSQLTISKDTSRNQVFLKITSVDTADTATYYCARLAGTHFDVWGAGTTVTVSS
seq1344,EVKLVESGGGLEKPGGSLKLSCAASGFTFSDYAMSWIRQNPEKRLEWVASISYDGSTDYLDSVKGRFTISRDNARNILYLQMSSLRSEDTAMFYCVREGYWYFDVWGAGTTVTVSS
seq1345,QVQLQQSGPQLVRPGASVKISCKASGYSFTSYWMHWVKQRPGQGLEWIGMIDPSDSETRLNQKFKDKATLTVDKSSNTAYMQLSSPTSEDSAVYYCGSRVFPWGQGTSVTVSS
seq1346,EEQLVESGGGLVQPGASLKLSCVASGFTFSSYDMAWIHQAPGKGLEWVTWISYTGGSTKYADSVKGRFTISRDNGKNTLYLQMNSLRSEDTAVYYCARGYYNHGYFDVWGAGTLVTVSS
seq1347,AVQLVDSGGGSVQAGGSLRLSCAASGTTYCTYDIAWYRQAPEKDYEFVSVIDSDGSTRYADSVKGRFTISRDNAKNTVYLQMNSLKPEDTAMYYCKTVFKSWCSDGLGTTLPNYWGQGTQVTVSS
seq1348,DVQLVESGGGSVQAGGSLRLSCAASGATYCTYDMSWYRQAPEKDYEFVSVIDSDGSARYADSVKGRFTISRDNAKNTVYLQMNSLKPEDTGMYYCKTVFKSWCSDGLGTTLPNYWGQGTQVTVSS
seq1349,EVQLVESGGGSVQPGGSLRLSCAARGYDFSANNLYWLRQAPGKECEFVSSIDSDGTTDYADSVKGRFTISRDNAENKVYLQMNSLKPEDTAVYYCAADISAPPGIGGTCAFLGDYYGQGTQVTVSS
seq1350,EVQLVESGGGSVQAGGSLRLSCVASGYTFSSYSMAWFRQAPGKECELVSSIDSDGSTNYADSVKGRFTISRDNAKNTVYLQMNALKPEDTAVYYCAADGGYYSCGVGFERGQGTQVTVSS
seq1351,AVQLVESGGGSVQTGGSLRLSCAASGDTSSTNCMAWLRQRPGKEREGVAHIYTRDGRIYYADSVKGRFTISRDKAKNEVYLQMNGLKPEDTAMYYCAAVSGRAYCSGMSIYGDSDLGQGTQVTVSS
seq1352,EVQLVESGGGSVQAGGSLKLSCGLSGYTSSMNAMGWFRQAPGKEREGVAAVSRGGKAYYADSVKGRFTVSRDNVKNTVDLQMKGLKAEDTATYYCAATDESPLRRRFSLLDRRRYDWWGRGTQVFVSS
seq1353,AVQLVESGGGVVHAGGSLTLSCATSGFPFNGYCMAWFRQAPGQEREGVAAISEGRLTYYNDAVKGRFTISRDNTKSTAELQMNNLRPEDTARYFCATKSYMCGSTLWRRIDQYNDWGQGTQVTVSS
seq1354,AVQLVESGGGSVQTGGSLRLSCVASGYTYSSARIGWFRQAPGKEREGVAAILTDGVTTYYADAVKGRFTISRDNAKNTVYLQMNSLKPEDTAMYYCAIRTSPYSGGWFRVSQYNGWGQGTQVTVSS
seq1355,AVQLVESGGGLVQPGGSLRLSCAASGFFFTTAYMSWVRQAPGKGLEWVSGIDGYGTTAYADSVKGRFTISRDNAKNTLFLQMNSLKSEDTALYYCAPVTRLGIGRYGSWGQGTQVTVSS
seq1356,QVQLVESGGGSVQAGGSLRLSCAASGYTISGICMGWFRQAPGKEREGVAGISPGGTGTYYADSVKGRFTISRDNAKNTVDLQMNGLNPEDTAIYYCAAACATSCVGGYCRGNGYRYWGQGTQVTVSS
seq1357,EVQLVESGGGSVQTGGSLRLSCAASGYTISKNRMAWFRQAPGKEREGVATISSGGSSTLYADSVKGRFTISRDNARNAVYLQMNSLKPEDTGTYYCAGVLRGIGYPNLRSDAYKYWGQGTQVTVSS
seq1358,DVQLVESGGGSEQAGGSLRLSCAAPNITYCTGDRSWYRQAPGKEREFVSSINNDGTASYADSVKGRFTISQDIVKKSVYLRMNSLKPEDTAMYYCKTDFVDGTWCAIKFGRTHWGQGTQVTVSS
seq1359,EVQLVESGGGSVQAGDSLRLSCTTSGFTFANSVMVWYRQGSGNECKLVSSISTDGTTYYSTSVKGRFTISRDNAKNTVYLQMNNLKAEDTAMYYCAADFQASTVGRCDGYGYAKWGQGTQVTVSS
seq1360,AVQLVESGGGSVQAGGFLRLSCVASVNYCMAWFRQAPGKEREGVAAINRDGRTTAYADSVKGRFTISRGNEKNTVYLLMNNLKAEDTATYYCAAYVGGSYSCGTLENDGYKYWGQGTQVTVSS
seq1361,EVQLVESGGGSVQAGGSLRLSCAAPGNTYSTNLMGWFRQAPGKEREGVAAICCGRGTTFYADSVKGRFTISQDNAKKMVYLQMELLRPEDTGIYYCASGSVRGIWSGTSQYKYWGQGTQVTVSS
seq1362,QVQLVESGGGLVQPGGSLRLSCAASGFSFSRSGMSWGRQAPGKGFEWVSRISSGGATWYADSVKGRFSISRDNAKNTVYLQLDSLKTEDTGMYYCAASDRSGSTYRGQGTQVTVSS
seq1363,EVQLVESGGDSVQAGGSLRLSCVASSSTYSGNCMAWFRQAPGKEREGVAVVYTDDDTTYYADSVKGRFTISQDTAKNTLYLQMNSLKPEDTAMYYCATRDAWRRIGSWRDVAIYDYWGQGTQVTVSS
seq1364,EVQLVESGGGSVQAGGSLRLSCAASGYTSGRNYMAWFRQAPGKEREGVGRIYSTGGSARYADSVKGRFTISQDLSNDTMYLQMNNLKPEDTGMYYCAAGKPYGDMLDARGYKYWGHGTQVTVSS
seq1365,QVQLQESGGGSVQAGGSLRLSCAASRYTSCNSDMSWYRQAPGKEREFVSGIDSDGSTSYADSVKGRFTISRDNAKNTVYLQMNSLKPEDTAMYYCKRVVLCGHSDYETYWGQGTQVTVSS
seq1366,EVQLVESGGGSVQAGGSLRLSCVASGYTHCNYDMNWYRQAPGKEREFVSGIDSDGSTSYADSVKGRFTISQDSAKNTVYLQMNSLKPEDTAIYYCKRILLCGDSDYATHWGQGTQVTVSS
seq1367,QVQLVQSGGGPVQAGGSLRLSCAASRYTSCNSDMSWCRQRPGKEREFVSGIDSDGSTSYADSVKGRFTISRDNAKNTVYLQMNSLKPEDTAMYYCKRVVLCGHSDYETYWGQGTQVTVSS
seq1368,EVQLVESGGGSVQAGGSLRLSCAASAYTFCSYDMNWYRQVPGKEREFVSAIDSDGLTSYADSVKGRFTISLDIAKNTVYLQMNSLKPEGTAMYYCKTDPGPFSDSRCAYNAWGQGTQVTVSS
seq1369,EVQLVESGGGSVQAGGSLRLSCAASGYTYCSYDMSWYRQAPGKEREFVSAIDSDGSTSYADSVKGRFTISQDNAKNTVYLQMNSLKPEDTAMYYCKTDTVPFFLMGPYGGSCHGNYWGQGTQVTVSS
seq1370,QVQLVQSGGGLVQPGGSLSLSCAASGFTFSSYYMSWVRQAGGKGLEWVSGINSDGSKTYYVDSVKGRFTISRDNAKNTLYLQMNSLKSEDTALYYCATGPGVVAGAFGYWGQGTQVTVSS
seq1371,QVQLVQSGGGLVQPWGSLRLSCAASGFTFSGYAMSWVRQAPGKGLEWVSAINSGGGSTYYADSVKGRFTISRDNAKNTLYLQLNSLKTEDTAMYYCAKDLFDGGSWYKDLHGFNYWGQGTQVTVSS
seq1372,QVQLVQSGGGSVQAGGSLRLSCTASGFTFDDSDMGWFHQAPGNECELVSSISSNGNTYYVDSVQGRFTISRDNAKNTVYLQMNSLKPEDTAMFYCATRNDLVSSNTPPSNCHPYGYNYWGQGTRVTVSS
seq1373,QVQLVQSGGGSVQAGGSLRLSCAASGYSISSYCMGWFRQAPGKEREGVATIFSGGLIAYYATYAEFVKGRFTISQDNAKNTVYLQMNSLKSEDTAIYYCAARFGRCLSVRRTDFDSWGQGTQVTVSS
seq1374,EVQLVESGGGSVQAGGSLRLSCAGSGFTYSTNCMGRFRQVPGKEREGVATIYTRRCSTYYADSVKGRFTISQDNAKNTVYLQMNSLKPEDTAMYYCAATEQVFFCSWLRGVDFGWWGQGTQVTVSS
seq1375,EVQLVESGGGSVQAGGSLRLSCAVSGYTSSMYCMGWFRQAPGKEREGVAAINSGSGKTYYADFVKGRFTISQDNAKNTVLLQMNSLKPEDTAIYYCAADLRYCGLGTQIMDYRGEGTLVTISS
seq1376,EVQLVESGGGSVQAGGWGRYKWSFGYTFRSYCMGWFRQAPGKECEGVATMYSGGGTAYSADSVKGRFTISQDNAKKTTYLQMNSLKPEDTAMYYCAEKPGCGDYPMGAFVGYYYWGQGTQVTVSS
seq1377,QVQLQESGGGLVQPGGSLRLSCAASGFTFSSFHMSWVRQAPGKGLEWVSTINSGGGSTYYADSVKGRFTISRDNAKNTLYLQMNSLKPEDTAVYYYATGPYDGSSGYNYWGQGTQVTVSS
seq1378,QVQLQESGGGLVQPGGSLRLSCAASGFTFSSYAMSWVRQAPGKGLEWVSAINSGGGSTYYADSVKGRFTISRDNAKNTLYLQLNSLKTEDTAMYYCAKDTVVAAPKWDYSMDYWGKGTLVTISS
seq1379,QVQLQESGGGLVQPGGSLRLSCAASGFTFTSYAMGWVRQAPGKGLEWVSHISNGGGSTYYADSVAGRFTISRDNAKNTLYLQWNSLKTEDTAMYYCARSSCGSSWCYPDRNYWGQGTQVTVSS
seq1380,QVQLQESGGGSVQAGGSLRLSCAATRYTTCNSDMNWYRQAPGKEREFVSGIDSDGSTSYADSVKGRFTISCDNAKNTVHLQMNSLKPEDTAMYYCKRVVLCGHSDYETYWGQGTQVTVSS
seq1381,QVQLVQSGGGSVQAGGSLRLSCAASGHTYCSYDMSWYRQAPGKEREFVSAIDSDGSTTYADSVKGRFTISQDNAKNTVYLQMNSLKPEDTAMYYCKSGVRGGYCPIDNYWGQGTQVTVSS
seq1382,QVQLQESGGGSVQAGGSLRLSCAASGYTTSSCSMAWYRQAPGKERELVSTIISDGSTYYADSVKGRFTISQDNAKNTVDLQMNSLKPEDTAMYYCNMKFKPPLFSCKLGYNSWGQGTQVTVSS
seq1383,QVQLVQSGGGSVQAGGSLRLSCAASGYTYSSNYMGWFRQAPGKEREGVAAIYTGGDSTYYADSVKGRFTISRDNAKNTVYLQMNSLKPEDTAMYYCAAGGYGGYQLSRYAYNIWGQGTQVTVSS
seq1384,QVQLVQSGGGSVQAGGSLRLSCAASGYTSSRYYMGWFRQAPGKEREGVATIFSGGGITYCTDSVKGRFTISQDNAKNTVYLQMSSLKPEDTAIYYCAARALLPGVFLPCGDSGYQYWGQGTQVTVSS
seq1385,QVQLVQSGGGSVQAGGSLRLSCAASGYTYSSYCMGWFRQAPGKEREGVATINSGGGRTYYTDSVKGRFTISQDNAKNTVYLQMNSLKPEDTAIYYCAAEWYGGSWYPISQIPYGDCDFGYWGQGTQVTASS
seq1386,QVQLVQSGGGSVQAGGSLRLSCAASGYTDSNNCMGWFRQAPGKEREGVAVIYTAGNSTYYADSVEGRFTISQDNTKNTLSTLYLQMDSLKPEDTAMYYCAAKPGRCWRDLVAKNFGYWGQGIQVTVSS
seq1387,QVQLQESGGGSVQAGGSLRLSCAASGYTHCNYGMSWHRQAPGKEREFVSAIDSDGSTSYADSVKGRFTISQDNAKNTVYLQMDSLKPEDTAMYYCKRILLCGDSDYATHWGQGTQVTVSS
seq1388,EVQLEESGGGSVQAGGSLSLSCAASGYTYCRYDMSWYRQAPGKEREFVSSIDSDGTTMYADSVKGRFTISRDNAKNTATLQMNSLKPEDTAMYYCKREIMCGDSDYASQWGQGTQVTVSS
seq1389,QVQLVQSGGGSVQAGGSLRLSCAASGYTACSYDMSWYRQAPGKEREFVSAIETDGSTSYADSVKGRFTISQDNAKNTVYLQMNSLKPEDTAMYYCKTDGVYCSGGYRWSDYWGQGTQVTVSS
seq1390,QVQLVQSGGGSVQAGGSLRLACAASGFTARSYFMGWFRLAPGKEREGVAAINSRAGATYYADSVKGRFTISQDNAENTVYLQMNSLKPEDTAIYYCAAAVGWLSGAWTWGSKYQYWGQGTQVTVSS
seq1391,QVQLQEFGGDSVQAGGSLRLSCAASGDTSSANYMGWFRQAPGKEREGVASMRTDGGRVYYADSVKGRFTISQDNAKNTVYLQMNSLKPEDTAMYYCAARRRYGGSWYGDLQEKTFDYWGQGTQVTVSS
seq1392,QVQLQESGGGSVQAGGSLRLSCVASGYTYRSNYMGWFRQAPGKERERVAHINSGGGSTRIADSVKGRFTISQDNAKNTVYLQMNSLKPEDTAMYYCGAGRYWYSMDYWGKGTLVTISS
seq1393,QVQLVQSGGGSVQAGGSLRLSCAASGYTYDSYCMGWFRQAPGKEREGVAVINNPGGTTYYADSVKGRFTISQDNTKNTVYLQMNSLKPEDTAIYYCAADPRFCGLNRRGFNYWGQGTQVTVSS
seq1394,EVQLVESGGGSVQAGGSLRLSCAASGISNRRFCMAWFQPAPGKEREGVAFIERGGSTTLYADSVKGRFTISTDNAKNTMALQMNSLKPEDTAIYYCAANGRIWGLGSWWNKHDAYNFWGQGTQVTVSS
seq1395,QVQLVQSGGGSVQAGGSLRLSCAASGYTYDTYCMGWFREAPGKEREGVASINSGGGITNYADSVKGRFTISRDSAKDTVYLQMNSLKPEDTAIYYCAVDTSKYGGVCALPRYGYEYWGQGTQVTVSS
seq1396,QVQLQESGGGSVQAGGSLRLSCARSGYINCMAWFRQAPGKEREGVAAIYSGTGSTTYADPVKGRFTISRDNAKNTVYLRMNSLKPEDTAMYYCAAKGLTSGACNTALYGYVNWGQGAQVTVSS
seq1397,QVQLQESGGGSVQAGGSLRLSCVASRGTYSTNYMGWFRQAPGKEREGVAAIYTGGRSTDYADAVKGRFTISQDNAKNTVYLQMNSLKPEDTAMYYCAAGFRGLLSRVLSPSNYRYWGQGTQVTVSS
seq1398,QVQLVQSGGGSVQAGGSLRLSCTASRNILSRNCLAWFRQAPGKEREGVAAIYSTSGSRYYASSVKGRFTISQDNAKNTVFLQMNGLKADDTAMYYCAATPRPNSDIEFGGSWTALGGYNVWGQGTQVTVSS
seq1399,QVQLQESGGGSCRLEGLLKLSCTASMYIYCGYSIMTWYRQAPGKEREFVAGTDLDGTTTYADSVKGRFTISQDNAKNTVYLQMNSLKPEDTAMYYCKRCNYWGQGTQVTVSS
seq1400,QVQLQESGPGLVKPSQTLTLTCTVSGGSITTSYYGWSWIRQPPGKGLEWMGAIAYSGSTYYSPSLKSRTSFSRDTSKNQFSLQLSSVTPEDTAVYYCARDSPRLRVGSESRGVYSMDYWGKGTLVTISS
seq1401,QVQLVQSEGGSVQAGGSLRLSCAASGKTYCNYDMNWYRQAPGKEREFVSSIDSDGSTSYADSVKGRFTISQDNAKNTVYLQMNSLKPEDTAMYYCKRILLCGDSDYESHWGPGTQVTVSS
seq1402,EVQLVESGGGSVQAGGSLRLSCAASKYRVCNSDMSWYRQAPGKEREFVSGIDSDSSTSYADSVKGRFTISQDNAKNTVYLQMNSLKPEDTAMYYCKIVVLCGDSDYETTWGQGTQVTVSS
seq1403,QVQLVESGGGSVQAGGSLRLSCAASGYTYRSICMGWFRQAPGKEREGVAVINSDRDYPYYADSVKGRFTISQDNAKNAVYLLMNSLKPEDTAIYTCAADIDGCYFVTWQKELKYNYWGQGTQVTVSS
seq1404,EVQLVESGGGSVQAGGSLRLSCAVSGYTGSTGYCIAWFRQAPGKEREGVATLNSSGGSRYSATSVKGRFTLSQDNAKNTVYLQMNSLKPEDTAVYYCAARRYDCFATSWTYEPAYEYWGQGTQVTVAS
seq1405,AVQLVESGGGSVQTGGSLRLACAASGYTFASHCMAWFRQAPGKEREGVASINSASGSTGYAPSVRDRFTISLDNAKATLYLQMNGLKPEDTAIYYCAVDSARTCVGWLNPSRYDDWGQGTQVTVSS
seq1406,QVKLEESGGGSVQAGGSLKLSCAASGYKFSICGMGWYRQAPGKQRELVSTITRDGRTTYADSVKGRFTISQDNAKSTLYLQMNGLKPEDTAVYFCAAADQFDCSWVGGYNAWGQGTQVTVSS
seq1407,QVQLVESGGGSVQAGGSLKLSCVGSGYTYNTYCVGWFRQAPGMEREGVAGMYSGSVFTYYADSVKGRFTISEDKAKKTWYLQMNSLKPEDTAIYYCAIEGTQLFNRAKCGTWSAYKTWGQGTQVTVSS
seq1408,QVQLVESGGGSVQAGGSLRLSCTASGYTASYIYMAWFRQAPGKEREGVAGIYSEDGRTSYADSVKGRFIISQGVAKNTVDLQMNNLKPEDSATYYCAVVSDYDTGPPLLPLETYGYKYWGQGTQVTVSS
seq1409,QVQLVESGGGSVQAGGSLRLSCTASGYIPFRDYDLNWFRRAPGKECEFVSRIVRDGGTAYAASAKGRFTMSRDNAKSMVYLRMNNLKPEDTAVYYCAEDLSLRCNGGGQGTQVTVSS
seq1410,AVQLVDSGGGLVQPGGSLRLSCAASGFTFSANYMIWLRQAPGKGLEWVSGINLGDSNTYYADSVKGRFTISRDNAKNTLYLQMNSLKSEDTALYYCGFGNYRGQGTQVTVSS
seq1411,QVQLVESGGGSVQAGGSLRLSCVASGDTSGTYCMAWFRQVPGKEREGVASINSGDSGGGTILYADPVKGRFTISQDNAKNSVYLEMNSLKPEDAAIYYCAATPTAYGGSFCLMLSGGYNYWGQGTQVTVSS
seq1412,DCQLVESGGGSVQAGGSLRLSCAASGYDTYCMGWFRQAPGKERDWVAVINTGGGSIAYHDSVKGRFTISQDNVKNTVYLQMNSLKPEDTAIYYCVAARPHAYCNGVTAPLNFLSWGQGTQVTVSS
seq1413,QVQLVESGGGSVQAGGALTLSCGVSGFIRSPYCMAWFRQAPGKEREGVAVINNDGDITNYADSVKGRFTIIRNNAKNTAHLQMDRLKPEDTASYYCAAVRYTGAGDCCLRSRTYADWGQGTQVTVSS
seq1414,EVQLVESGGGSVQAGGSLRLSCTASGFTFDDSEMAWYQQAPGNECELVATISSSGGTSYAESVKGRFIISRDNAKNTVYLQMNSLEPEDTAMYYCATQDCSGAYCYTMDPNPCGGQGTQVTVSS
seq1415,DVQLVESGGGSVQAGGSLRLSCAASGVTYSSNYMGWFRQAPGKEREGVAVICTDGRSTYYADSVKGRFAVSLDNAKNTVSLQINSLKVEDTAMYYCAAVRWRYGSTCRSALFASGVNNYWDWGQGTQVTVSS
seq1416,QVKLEESGGGSVQAGGSLRLSCTASGYSTNRCIMAWYRQAPGKERELVSSINTGTTYYAASVKGRFTISQNNAKNTVYLQMNALKPEDTAMYYCNMPSCGEVADGVLGWGDFSFWGQGTQVTVSS
seq1417,AVQLVESGGGLVHPGESLKLSCAASGFTFGTKFMSWVRQGPGKDLEWVSIINSGGENTWYADSVKGRFIIYRDNAKAMLYLHMHALKTEDTAMYYCAQGNAVLQGVGGIPMGPGTQVTVSS
seq1418,DVQLVESGGGSVQAGGSLRLSCTISGSTYCDIDMGWYRQAPGKEREFVSLMDPDGSATYADSVKGRFTMSQDGAKNTVNLQMNSLKPEDTAKYYCKIEKSRGPRCYGYNTWGQGTQVTVSS
seq1419,AVQLVDSGGGSVQAGGSLRLSCVASGYTADGMDCLGWFRQAPGKGREAVASTFTGTGATYYAASVKGRFAASHDIAKKTVYLQLNSLKFDDTGTYYCAIALNRGCGELRTQETYFEYWGQGTQVTVSS
seq1420,QVQLVESGGGSVQAGQSLRLSCVVSEYPFKDMCLGWFHAAPGEEREGVAGIYTDGGNSRYSDSVKGRFTISVDNAKNTVYLQMNNLKPEDTGIYYCAASEYCSGGYPARVGKYPVWGQGTQVTVSS
seq1421,DVQLVESGGGSVEAGGSLRLSCVASDSGGACMGWFRQAPGKETEGVATIYTTAGIPNYAASVKGRFTISLDKAKNTLYLQMNALAPDDTATYFCARLKYPCGSASMLSHLPPGAARGQGTLVTVS
seq1422,QVQLVESGGGSVQAGGSLRLSCAVSGAGHYYSSRFMAWFRQTPGKEREGIACISPNGLDTFYRDSVKGRFTISRDNDKITGSLQMNSLKPEDTAVYYCAVSSLRNDPNARTWASTSPYDSWGQGTQVTVSS
seq1423,EVQLVESGGGSVQTGGSLNLSCAASGNTYDSFCLGWFRLGSEKDRGAVAAINIGGSGMVYYTDSVKGRFTISQDTAKDTVHLQMNSLKPEDTDKYYCAYYAFCH
seq1424,EVQLVESGGGSGQAGDSLRLSCATSGLPSDVVAMAWYRRAPGKERELVASLPSGNQPYYADFVAGRFIISQDNTKKTLFLQMNSLKPEDTATYYCNSMFFFGPDRKAKITFGQGTQVTVSS
seq1425,AVQLVESGGGSVQAGGSLRLSCYVGGFQYNTYACTGWFRQAPGKEREAVATINRDGRTQYPDSVKGRFTISQINLENPVYLQMNNLEPEDTAIYYCAAGFGRSCDFNYWGQGTQVTVSS
seq1426,QVQLVESGGGSVQAGGSLRLSCSVSGYTYTRYCIFWFRQGRGQEREAVASINSVGGSTYYADSVKGRFTISQDNAKNTVYLQMNSLKPEETDTYYCAVDPHSCGGSWDGGRGVLRGYRMHYWGKGILVTTSS
seq1427,DVQLVESGGGSVQAGGSLRLSCAASGLTISTACMGWFRQAPGKEREGVASINKGIGGTWYAASVKGRFTISQDNAKNTVYLQMNSLEPEDTGIYYCAADLSRLCQYRMTAPRDFAHRGQGTQVTVTS
seq1428,VVQLVESGGGSVQAGGSLRLSCAVSGYTVSSTCMGWFRDVGINERAGVAAISSGGAATWYEESVQGRFTISSDNSKNTIYLQMNNLKPEDSGKYYCAADCDGFPPRSVAAYGRGTQVTVS
seq1429,EVQLVESGGGSVQAGGSLRLSCAASGYTYSSYCMGWFRQAPGKEREGVAHINSFGGSTYYADSVKGRFTISQDNAKKTVYLQMNSLKPEDTAIYYCAASTRWLLPHEQSNSLQYNYWGQGTQVTVSS
seq1430,QVQLVESGGGSVQAGGSLRLSCTASGFTFDDSDMGWYHQAPGNECELVGSISSDGRTYYEDSVKGRFTISRDNAKNTVFLQMNNLKPEDTAMYYCASPSLAGGSWEGYDCGYWGQGTQVTVSS
seq1431,DVQLVESGGGSVQAGGSLRLSCAVSGGTSTNACMGWFRHNREKGAVGVTSINSIDGSTYIADSVKGRFTISQDKAKNTIYLQMDSLKPDDTATYLCVFRSCHS
seq1432,AVQLVESGGDSVRAGGSLRLSCAASGYGYREKCLGFFRQAPGKEREGVALIYTVSGATYYTDSVKGRFTISTDNTNAKNTVYLQMDSLKPEDTAIYYCAGDLSYFGRTRGCPAGFRQPDFAYWGQGTQVTVSS
seq1433,AVQLVDSGGGSVQAGGSLRLSCAASGYTSCPGNMAWYRQAPGKEREFVSIIEGDGSAKYAESVKGRFTISQDNDKNAVYLQMNSLKPEDTATYYCKVERPSSYRLGCIHSYAYWGQGTRVTASS
seq1434,EVQLVESGGGSVQAGGSLRLSCRAAGPVPRRGELGWGWFRQAQGENCEELAQLLDTNGPKYGSLKRGRFTLTRDNTESASFLQMDNLGPEDTAIYYCMAAHQAIY
seq1435,DVQLVESGGGSVQAGGSLRLSCVVSGNVDSNNCMGWFRQAPGKEREVVATIYLGGPGTDYADSVKGRFTISQDNTENTLYLQMNSLKPEDTGMYYCAAAKGFLFTGSCYSGSWSDSLAYWGQGTQVTVSS
seq1436,QVKLEESGGGSVQAGGFLRLSCAASGYAYSLNCMGWFRQAPGKARKELTAIVTGGGGAVYGDSVKDRFTISEDNAKNTVYLQMSSLKPEDTAIYFCAGSRFCSGNQEYDFGYWGQGTQVTVSS
seq1437,QVQLVESGGGSVESGESLTLSCTADADTIRSTSMMGWFRQAPGKECELVATIRTDGSTIYADSVKDRFAISQDNVKNSVYLQMNSLKPEDTAVYYCAVGNCYAGSWCCVAPRRRFNFWGQGTQVTVSS
seq1438,EVQLVVSGGGSVQAGGSLRLSCAASGYTGSWCSMGWFRQAPGREREMIAVITSDGDTYYDDSVKGRFTISQDYAKSMVFLPMNSLEPEDTAMYYCNMETGGRPLRVGYCIDGTMHWGQGTQVTVSS
seq1439,QVQLVESGGGSVQAGGSLKLSCAASGYTGTTCRMAWYRQAPGKERVLVSSITSHGDTYYAESVKGRFTISQDNDKKTVYFQMNSLKPEDTAMYLCNTIACPAGVSCTRCYSEPEFWHWGQGTQVTVSS
seq1440,QVQLVESGGESVEAGGSLRLSCVSSGDSRSGDILASGWFRQAPGKEREGVAAIGRRGGTTYYSNSVKGRFTISQDKSKNTVYLTMNSLAPEDTAIYYCAATTSGLWARRRRSDWNYWGQGTQVTVSS
seq1441,EVQLVESGGGSVEAGGSLRLSCAAATYTSSYPCMAWFRQAPGKEREGVAVADADGGTAYADSVKGRFTISRDGDKNTIDLLINSLKLEDTAIYYCAAKPRRGCVFYRSAYDWWGQGTPVTVSS
seq1442,DVQLVESGGGSVEAGGSLRLSCVASFSPYCMGWFRQAPGGSQEGIAAVNRRGISTFDSDHLKGRFTITQDNAENTVYLIMNSLIPEDTAIYYCAADNRVLYCGEGMLGPTEYNYRGQGTQVTVSS
seq1443,AVQLVDSGGGSVQAGGSLRLSCAASGLTSRRSCMGWFRQAPGKEREAVARINSATASTYYADSVKGRFTISQDNAKNTVYFVMNSLKPEDTAIYYCAATATLSILYTCPSDYNYWGQGTQVTVSS
seq1444,QVKLEESGGGSVEAGGSLTLSCTAPEYTGILTCMGWFRQVPGKEREEVAYIGARSYYTDSVEGRFTISRDNYKNMVQLHMTRLTPEDTGMYYCGAKRTGVCGLGGNFTDWGRGTQVTVSS
seq1445,QVKLEESGGGSVQVGGSLTLSCTVPGLTANRCGVSWYRQVPGGQRRFISSITANGITRSYSPSLKGRFTISLDNSGDTVYLQMNNLEPGDTGTYFCKTTGTGDVCASGTWGRGTQVFVDS
seq1446,QVQLVESGGGSVQAGGSLTLSCKNTVPINTLAWFRQAPGAEREGVAAIYPRYFRRDNTFYADSVKGRFTISEGDDEDTVYLQMNNLQPEDTAMYYCTASAGRLDEPLGARNYLTWGSGLQVTVSS
seq1447,AVQLVESGGGSVQAGGSLSLSCAAFGFTYTAYTMGWFRQTPEKERERVAAISSGGASTYYTDSVKGRFTISRGNMKNTLSLQMLSLIPEDPAVYYCAASPSLSASAWSTGISAFEFWGPGMQVTVFS
seq1448,AVQLVESGGGSVQSGQSLRLSCTVFRYTNDNYCVAWFRQAPGKEQEAVAGLTKVGGGKTWYADSVKGRFTISQDHARSAKYLQMDSLKPEDTAMYYCAAGSTWETCTDYWGQGTQVTVSS
seq1449,QVKLEESGGGSVQAGGSLRLSCKRSGNTLTVNCMGWFRQTPGKEREGVAAIAADGAFSYYMDSVKGRFTISQDSSNTVYLEMDSLKPEDTAMYYCAATTYALCRTWYTAAAAYGYTYWGQGTQVTVSS
seq1450,QVKLEESGGGLVQPGGSLTLSCAASGFDFSSVGMTWVRQAPGKGLERVSTISALGGHTWYSDSVKGQFTISRDNAKNTLYLQLNSLETKDTAMYYCSKTGLTVRTSPKAPRGQGTQVTVSS
seq1451,AVQLVESGGGSVQAGESLKLSCTASLFTYCMAWFRQGPGKEREGVAAIDSGGGTYYFDDSMKPRFTISRETAKNTVHLQMTSLKPEDTAIYYCAVGSVVGCLGHTFGFTDWGQGAQDTVSS
seq1452,AVQLVESGGGSVQAGGSLSLSCADVGRSLNSNAGICWFRQAPGKERECVGTIYLGRYTGTGNGRVTYYSDSVKDRFTISPDNAGKTVYLRMNSLKLEDTATYYCAADPSGMDCRTGNKYWGQGTQVTVTS
seq1453,AVQLVESGGGSVQAGGSLRLSCTASRYTASYFCMAWFRQSPGKEREAVASINVGGMPWYGDSVKGRFTISQDSAKNTVYLQMDNLKPEDTATYLCAAGWRGSGTSGYCYADLGDFGYWGQGTQVTVSS
seq1454,QVQLVESGGGLVESGGSLRLTCAAPGITFNIYAMSWARQAPGKGLEWIARVDPSGEKKYYADSVKGRFTISRDNAKKTLYLQMNSLKSEDTALYYCSTECDDFACSRYQGYWGQGTQVTVSS
seq1455,EVQLVESGGGSVQIGGSLRLSCAASGDDYRGFYMGWFRQAPGKEREGVGSIAIDIYNNARPSGYADSAKGRFTISYDNVKNTMYLQMSNLKAEDTGTYYCAAASDPVYYSATSDRLIDYAYYNWGQGTQVTVSS
seq1456,AVQLVESGGGSVQAGGSLRLSCTASGVGFSFYTMAWFHQAPGKECELVSIISLDGTTNYADSVKGRFTISRDNGKNTADLQMNSLILEDTGVYYCAAGVVSGTVVLDTCPPRSHESAYWGQGTQVTVSS
seq1457,EVQLVESGGGSVQAGGSLRLSCAASGYSFSGYCMGWFRQVPGKEREGVATINTFGGTTLYADSVKARFTISRDNAKNTMWLQMDSLKPEDTAIYYCARCGPRSSFDNCARGESGYFYWGRGTQVTVSS
seq1458,EVQLVESGGGSVQAGGSLRLSCIASGYIGRYYSVGWFRQAGREREAVASIQTGERSISYYAESAKGRFTISQEKAENTVTVHLLMNNLKPEDASTYYCAAGAGRAGDSWIYSTWFDIWGQGTQVSVSS
seq1459,EVQLVESGGGSVQSGGSLTLSCTATGYSYLNTCMAWFRQAPGKEREGVASVYTGGGNEYYADSVKGRFAISIDKTKKNSATRHMNSLEPGDTAMYYCAAVATGNCETGWRSGSYKYWGQGMQVTVSS
seq1460,QVKLEESGGGSVQAGGSLRLSCAASGYTYCRYDMSWYRQAPGKEREFVSAIDGDSSTSYADSVKGRFTISQDNAKNTVYLQMNSLIPEDTAMYYCKTILNTIATMFDDAPVQPCAFGYWGQGTQVTVSS
seq1461,AVQLVESGGASVETGGSLRLSCAVSGDWDSRKWMAWFRKAPGSRREGVASIYTVDDSTYYADSVKGRFAISRDNAKSTLYLQMNGLKPEDTAMYYCASDSMIAGALNDRGYRFWGQGTQVTVSS
seq1462,AVQLVESGGGSVQAGGSLRLSCVASPAAEFRYCVYTISWFRQAPGKEREFVSSINRDGITTYADSVKGRFTISQNNAKNTVFLQMDSLQPGDTAMYFCKTNPPSGSRACPYDVWGQGTQVTVSS
seq1463,DVQLVESGGGSVQAGGSLRLSCTASGNTYTSNSVTWLRQAPGKEREAVAGIYTGTGRTAYADSVKGRFTISRDNARNTVYLQMSSLKPEDSAMYYCAAAQGDYFFLLRAPYNSWGQGTQVTVSS
seq1464,QVKLEESGGGSVQTGGSLRLSCVASELISCMAWFRQAPGKEREEVAAIYTPVSSTFYSDSVKGRFTISQDNATNTVYLQMDSLKPEDTAMYYCAAPGKLYYGCDFWSGYTYWGQGTRVTVS
seq1465,QVQLVESGGGSVQAGGSLGLSCAVSGYIYINYCVSWFRQVPGKDREGVASINSFGGEPYYAHSVKGRFVISQDNRNDAENTVYLQMNSLKSEDTAVYYCAARRYGCYSTTWWADGEFDFWGQGTQVTVSS
seq1466,AVQLVESGGGSVQPGESLRLSCLVSGYAATLGWFRQAPGKECELVATISRDGFTKYGDSVKGRFTVSRDNNKNTMYLEMTSLKPDDAGVYYCAHAFLVWGLGDCPDDRAGAWGQGTQVTVSS
seq1467,QVQLVESGGGSVQAGGSLRLSCIASGLSLTHFCMGWFRQDPGKEREEVATIHPPVDTTYYADSAKGRFTISRDNAKNAVYLQMNSLKPDDTATYYCAACSVCSGLSCGRPVHWGQGTQVTVSS
seq1468,EVQLVESGGGSVQTGDSLTLSCQASGWQFTTYCMGWFRQVPGKEREAVAHIGTNGRTYYANSAKGRFTISQERSKLTAYLQMNSLRPEDTAMYYCAADADVAYSCGRGAGARSSFDHWGRGTQVTVSS
seq1469,EVQLVESGGGSVQAGGSLRLSCAVSGYTHCDYDMSWYRQAPGKEREFVSSFDSDGSVNYADSVKGRFTISQDNAKNTVYLQMNSLKPEDTAMYYCKIHGVTWSASRGGRWQDCQSGLNFWGQGTQVTVSS
seq1470,EVQLVESGGGSVQAGGSLRLSCVASEFPNNVNCVAWVRQGPGKEREGVAGIYTYGSPYLADSVKGRFTVSLDRPENTVYLEMNNLKPEDTGTYICAAGTCHDEDGTMKLNVKGHDAYWGRGTQVTVSS
seq1471,QVQLVESGGGSVQAGGSLRLSCAASGYGYCAYDMSWYRQTPGKEREFVSGIDSDGSTSYADSVKGRFTISRDNAKNAVYLQMNSLKPEETAMYYCKIRLRVSVFGCPMGGNNYWGQGTQVTVSS
seq1472,QVQLVESGGGSVQAGGSLRLSCAASGYGYSTDCMGWFRQAPGKEREGVAAIHGTSITYYADSLKGRFTISRDNARNTLYLQMNSLKPEDTAMYYCALEAGVYPYCSGAWDRRSAYNYWGQGTQVTVSS
seq1473,EVQLVESGGGSVQAGGSLRLSCAASGYTFSSGTMGWFRQAPGKGCELVSSTISDGDTNYADSVKGRFTISRDNAKNTVYLQMNSLKPEDTAVYYCAAPLTLSRYDCYSSSRSNPLGYWGQGTQVTVSS
seq1474,AVQLVESGGGSVQAGGSLRLSCAASGYDHCTYDMSWYRQAPGKEREFVSTIDSDDMITYAESVKGRFTISRDNAKSTVYLQMNSLKPEDTATYYCKSTTAHCSGGECCGSFQMHYWGKGTLVTISS
seq1475,QVKLEESGGGSVQAGGSLRLSCAASGDTYSSHCMGWFRQAPGKEREGVAAIGGGLTYYADSVKGRFTISQDNRKNTVYLQMTSLKPEDTAMYYCAARGGGCWYPWWDAYNYWGQGTQVTVSS
seq1476,AVQLVESGGGSVQAGGSLRLSCTASEYTSRSYCMAWFRQAPGKEREGVATLYPDRGNTWHADSVKGRFAISQDSAKDTVFLQMNSLIPDDTATYYCAAGQCTHYACYVCIARGGYNNWGEGTQVTVSS
seq1477,QVQLVESGGGSVQAGGSLRLSCVASGCTYCRCMGWFRQAPGKEREIVARINRESGTTYSADSVKGRFTISQDNGKNTVYLHMNTLKPEDTAIYYCAAVPTSQWAACPPEYRYWGQGTQVTVSS
seq1478,QVQLVESGGGSVQAGGSLRLSCTAPGFTFNRCGMAWYRQAAGKEREWISSINTDGGGSYADVVKGRFTISQDKAKDKVYLQMNNLKPEDTAMYSCKTQLSPEFGKQCASNWGQGTQVTVSS
seq1479,QVQLVESGGGSVQAGGSLRLSCAVSGTYTTDSMAWFRQTPGKKREGVARIYTSSGRTSYADPVKGRFTISQDNAKNTVYLQMNNLKPEDTGMYYCALSYYRDDHSADLDAAEFHLWGQGTQVTVSS
seq1480,EVQLVESGGGSVQAGGSLRLSCETLESYNMHCMGWFRQTTGEEREGLASIYTGAGEVWYVDSVKGRFTISHDNAKKMLYLEMNNLQPEDTATYYCAADIAPCSGGYCVCSTRQKKYNIWGQGTQVTVSS
seq1481,EVQLVESGGGSVHAGGSLRLSCTTSGFTFDLADMAWYIQPPGNECELVSTINSEGVTYYADAVKGRFTISRDNAKNTVYLPMNSLKPEDTAMYYCAADMGGLWSEWGVPSSHCIDFEYSGQGTQVTVSS
seq1482,EVQLVESGGGSVQPGGSLTLSCAASGYTYCMAWFRQVPGKEREGVAAIYTGDLRTYYTDSVEARFFITRDNAKNTVHLQMNSLEPEDTGAYYCAARSGPGPASYRLTMHMSYDFWGQGIQVTVSS
seq1483,DVQLVESGGGSVHAGGSLRLSCAVSGYTGSTGYCIAWFRQAPGKEREGVATINSSGGSRYSADSVKGRFTLSQDNAKNTVYLHMNSLKPEDTAIYYCAARRYDCFATSWAYEPAYNYWGQGTQVTVSS
seq1484,DVQLVESGGSSVQAGGSLRLSCAASGYASSSPFMGWFRQAPGKEREAVAVTYRDGATKYCVNAVKGRFTISLDNAKNTVYLQMNSLKPDDTAMYYCAAGSLFGDVCHRSLYNYWGQGTQVTVSS
seq1485,QVQLVESGGGSVQAGGSLRLSCAASGYIYSTNYMAWFRQAPGKEREGVARIYFGGGTPYYADSVKGRFTMSVDNAKNTVYLQMNSLKPEDTAMYYCAVGPGGRCPFLSSSGYQYWGQGTQVTVSS
seq1486,EVQLVESGGGSVQAGGSLRLSCTTSNYALGDVCVGWFRQAPGKEREGVAAIYTTYPTGGGATVTSDSVKGRFTISQDRIKNTVYLQMNSLNPEDTAMYYCAAKSRFVKPCAPASDFTYWGQGTQVTVSS
seq1487,DVQLVESGGGSVQAGGSLRLSCAASGFTIGHSVMGWFRQAPGKECELVSTIFSDGRTDYVDSVNGRFTVSRDNADNTIHLQMNSLKPEDTAVYYCATLYLIPHLGAPVQCRRAFGDWGQGTQVTVSS
seq1488,QVQLVESGGGSVQAGGSLTLSCSLSGGTSDYYCLAWFRQAPGKEREGVAGVGTFGRGSTYYTNSVKGRFTVSRDRAKNTVSLLMTSLSPEDTAVYYCAAKGDCMSKGSSWGSVAEYNYWGQGTQVTVSS
seq1489,AVQLVESGGGSVQAGGSLRLSCVTAGDIDRIRCMAWFRQVPGKEREGVAGILTTNSYTYYQDSVKGRFTISRDSAGITLFLQMNSLQPEDTAMYYCEAANRCTLGSWEGFMYWGQGTQVTVSS
seq1490,DVQLVESGGGSVQAGGSLRLSCAASGYTFCKYAMTWYRQAPGKDREFVSGIESDGSINYADSVKGRFTISQDNAKNTVYLQMNSLKPEDTAMYYCKTGFSPYCTDGPYQGQGTQVTVSS
seq1491,QVQLVESGGGSVQAGGSLRLSCSVSGFTTACRYDMSWYRQAPGKEREFVSSIHWDGSTVYADSVKGRFTISQDNAKSTVYLQMNNLKPEDTAMYYCKIDSGSYRTFWCRDDNVHWGQGTQVTVSS
seq1492,QVQLVESGGDSVQAGGSLRLSCAASGYTIRPYCMGWFRQAPGKEREGVAVMTIGGTIPFYADSVKGRFTISQDTAKNTVYLQMDSLLPKDTAIYYCAARSGFCRREFEHDAYDNWGQGTQVTVSS
seq1493,EVQLVESGGGSVQAGGSLRLSCVVSGVTNSRYSIGWFRQAPEKEREAVAAINTGGMTNYVTSVKGRFTISQDNAKNTVYLQMNSLKPDDTAIYYCALGYRSYYRDYALLSDGYNSWGQGTQVSVSS
seq1494,AVQLVESGGGSVQDGGSLRLSCVVSGSTYSVAWFRQTPGKEREGVAVIFTNHRVKYYGDSVKGRFTISQDNTKSTVYLQMNSLKPEDTGMYYCAAKPSYQSGHWSVGNLYNFWGQGTQVTVSS
seq1495,QVKLEESGGGSVQAGGSLRLSCAASGLMYREYYMGWFRQAPGKEREGVAVISAPSNSAQYANSVKGRFTISRDKAKNVMYLQMNNLKPEDTAIYYCAQGRGRFRTGLDAVEFDAWGQGTQVTVSS
seq1496,AVQLVESGGGSVQAGGSLRLSCVASGNIYSMAWFRQAPGKQREGVATVYLGSIIQYYADSVKGRFTASQDRDKRTMYLQMNSLEVEDTGVYYCAVREEYTPGHWAQTSTYHNWGQGIQVTVSS
seq1497,EVQLVESGGGSVQPGGSLRLACTVSEFPYRSNFVGWFRQAPGKEREGVATIGTGDGTSYYSDSVKGRFTISKDDAKNTIYLQMNSLRLEDTAMYYCAAGAKPRTIAISGVAPVGYAYWGQGTQVTVSS
seq1498,QVQLVESGGGSVQAGGSLELSCRASGYIYSMAWFRQAPGKEREGVATTYRGVNITYYADSVKGRFSISQVTAENSVYLQMNSLKPEDTAIYYCAARLSYNSLHWTNLNAYKAWGQGTQVTVSS
seq1499,QVQLVESGGGSVQAGGSLRLSCVASGYTYRRIYMAWFRQAAGKEREGIAAAYRDIYTGHTNTHYADSAKGRFTVSQDNAKTTVYLQMNSLEPEDTGMYYCAAGPLYSGLWYRPSSYEFWGQGTQVTVSS
seq1500,QVQLVESGGGSVQAGGSLRLSCVASGRVYSMAWFRQAPGKQREGVATVYPGSIITYHADSLKDRFTASQDRAKRTMYLQMNSLKVEDTGMYYCAVREYYSPGHWAVESTYRNWGQGIQVTVSS
seq1501,DVQLVESGGGSVQAGGALRLSCQASEFTYSIAWFRQAPGKEREGVATGYRGVDITYYADSVKGRFTVSRDDTKNTMYLQMNSLIPEDTAIYFCAARSTYNSLRWDRPGAYNAWGQGTQVTVSS
seq1502,QVQLVESGGGSVQAGGSLRLSCVASANTWYSVGWFRLAPGKEREGVATIYRGSFITYYADSVKGRFTISHDNAKNTVYLQMNSLKSEDTAIYYCASKPVYKSGHWTDDRGYTYWGQGTQVTVSS
seq1503,QVQLVESGGGSVQAGGSLRLSCIASGSVYSMAWFRQTPGKEREGVATVYRDSTITYYADSVKDRVTASQDRAKRTMYLQMNSLKSEDTGMYYCAVRIQYNPGHWAVESTYINWGQGIQVTVSS
seq1504,QVQLVESGGGSVQAGGSLRLSCVVSGLNYKGYYIGWFRQAPGKEREGVAVISSPSNWPEYANSVKGRFTISRDRAENIVDLQMNSLKPEETAIYYCAQGRGRFKTGLNAAEYDAWGQGTQVAVSS
seq1505,QVQLVESGGGSVQAGGSLRLSCLRSGRPECSYDISWYRQAPGKEREFVAVIETTGRTSVDGRTRYAEAVKGRFTISRDKAKNTVYLQMNSLQPDDTAMYYCHAEGATLICRDYSYWGLGTQVNVSS
seq1506,QVQLVESGGGSVQVGESLRLSCTASGYIYSMAWFRQLPGKEREGVATAYYRVPSIKYYSDSVKGRFAISLDDAKNTVYLQMNSLKPEDTAMYYCAARTAYNPGKWDKPEIYDAWGQGTQVTVSS
seq1507,EVQLVESGGGSVVAGGNLRLSCVASGYVYSTAWFRQTPGQEREGVATIYRDVGITYYADSMKGRFAISQDNPKNTVYLELHNLQPQDTAMYYCAAKPTYQGGPWWKPDGYNSWGQGTQVTVSS
seq1508,EVQLVESGGGSVQAGGSLRLSCVASGSVYSMAWFRQAPGKQREGVATVYPGSRIQYYADSVKDRFTASQDRAKRTMYLQMNSLEVEDTGMYYCAVREEYAPGHWAQTSTYHNWGQGIQVTVSS
seq1509,AVQLVESGGGSVQAGGSLRLSCVLSGNMNSWYSMVWFRQAPGKEREGVATIYRDFDITYYADSVKGRFTISRDNTKNTVYLQMNNLKSEDTAIYYCAAKPVYQGGPWYDEAGYTYWGQGTQVTVSS
seq1510,QVQLVESGGGLVQPGGSLRLSCEASGFIFSAYPMTWYRLAPGKGLESVSRITSDGRNTWYSDSVKGRFTISRDNAKNILYLQMNSLKSEDTALYYCGTGVGRGQGTQVTVSS
seq1511,AVQLVDSGGDSVQAGGSLRLSCVASGYTGNSYCLGWFRQPPGKEREWVAAKDSGGPNTYYADSVKGRFTIPQGSTRLVYLQMNSLKPEDTAIYYCAAARLPEEGTCSNLRFSSDDFEYWGQGTQVIVSS
seq1512,AVQLVESGGGSVPAGGSLRLSCAASGRTYSMAWFRQVPDKEREGVATAYTEASITYYAASVEGRFTISLDRTKSTVYLQMNSLKPEDSGIYYCASRIVYNPGHWAQVSTYNTWGQGIQVTVSS
seq1513,EVQLVESGGGSVQAGGSLRLSCVASEGTYSTAWFRQAPGREREGVAVTYSVPGIQYYADSVKGRFTVSRDNAKNTIYLQMNTLKPSDTAMYYCAAKKSYGSGHWSMTSWYDYWGQGTQVTVSS
seq1514,QVQLVESGGGSVQAGGSLRLSCAVSGYTGRPYSMAWFRQAPGKEREGVATIYKIGPISYYTNNVKGRFTISQDNAENTVYLQMNSLKPEDTATYYCASRATYNTNHWQDVSAYTYWGQGTQVTVSS
seq1515,EVPLVESGGGLVQAGGSLRLSCVASGFSISSCCMKWYRQAPGKERELVSSITSAANTYYLPYADFPVGRFAISRDGAKNILYLQMNSLKPEDTAVYYCAAYCTSGGTCGPPNFNNYRGQGTQVTVSS
seq1516,AVQLVESGGGSVQGGGSLTLSCVASGKTYCMGWYRQAPGKEREGVAVIYPDYNVRYYGTSVEGRFSISKGNNREVLLQMNSLKPEDTAMYYCAAREEYGQCATSNRPNPDGFSSWGQGTQVTVSS
seq1517,EVQLVESGGGSVQVGESLRLSCTASGYIYSVAWFRQLPGKEREGVATAYYRVPSIKYYSDSVKGRFAISLDDAKNTVYLQMNSLKPEDTAMYYCAARTAYNPGKWDKPEVYDAWGQGTQVTVSS
seq1518,AVQLVDSGGGSVQAGGSLRLTCAVSGYSSVTFCVGWFRQVPGKERERVATINSGGGSVHYTDSVKGRFAISQDNGANTVHLVMNNLKPEDTAIYYCAAAATNYGCDRLQYWNYWGQGTQVTVSS
seq1519,EVQLVESGGDSVQTGGSLRLSCVNSANSYSMAWFRQAPGKEREGVATIYTDYNLAYAADSVKGRFTISQDRAKNTVYLQMNSLKPEDTAMYYCATRLQYGLGLHWSDTAAYDYWGQGTQVTVSS
seq1520,QVQLVESGGGSVQAGGSLRLSCTASGYTNVHNSMAWFRRAPGKQREGIATLCTENGRTYYADSVKGRFTVSQDKGKNVVHLQMDNLTPEDTSMYYCAAREGCVYIDYGLRESFYKYWGQGTQVTVSS
seq1521,DVQLVESGGGSVQAGGSLRLSCTASTSEYIYSMAWFRQAPGSPREGVATIYAVADITYVADSVKDRFIISRENAENTVALVMSDLKAEDSAMYYCAARMAYSPDHWQSSSAYQHWGQGTQVTVSS
seq1522,QVQLVESGGGSVQAGGSLRLSCVNSVKAYSMAWFRQAPGKEREGVATIYTDVPGVTYYADDVKGRFAISQDRAKNTIYLQLNSLKPEDTGMYFCATRLQYGKGLHWTNSDAYNYWGQGTQVTVSS
seq1523,QVKLEESGGGSVQAGGSLRLSCATSGYIFSNKNMAWFRQAPGKEREGLAAIYTGSGSAYYADSVKGRFTISRDNAKNTVYLQMNSLKPEDTAMFFCAGDLSGRMRVSRVLVATSYTYWGQGTQVTVS
seq1524,QVQLVESGGGSVQYGGSLRLSCEVSEYNNRDKTVAWFRQAPGKEREGVAAIYTGTGGTWYIDSVKGRFTISQDKAKNTVYLQMHSLQPGDTAMYYCASSWNTVRIRDVLDRRTYSYWGQGTQVTVSS
seq1525,AVQLVESGGGPVQAGGSLTLSCAASGYIYSNMGWFRQAPGKEREGVAATNTGAGTTYYADSVKGRFTISRDNNAKNMLYLHMNSLKPEDTAIYYCATRPYWSRSDYLDPRDYNYWGQGTQVTVSS
seq1526,EVQLVESGGGSVQAGGSLRLSCAASGFTGSTYLMAWFRQAPGKEREGVACINSIGSLPYYADSVKGRFTISQDNAKNTVNLQMNSLKPEDTATYYCAAKTSPFGCADISMAYWGKGTLVTISS
seq1527,AVQLVESGGGSVQAGGSLRLSCEASGYTYSMGWFRQAPGKEREGVAAISTGGLRTYYADSVKGRFTISRDNYKNTVYLQMNSLKPEDTAIYYCASKDRRELIFRPSEAGTYNYWGQGTQVTVSS
seq1528,QVQLVESGGGSVQAGGSLILSCTDSEAAYTRNCMGWFRQAPGKEHEGVAALPYGDGPTYYDDDVRGRFTISRDNAKNTLYLTMKDLEPEDTAMYYCAAKQGPFCGTWYLWRTFAAWSQGTQVTVSS
seq1529,QVQLVESGGGSVQTGGSLRLSCAASGYTYSRPSMGWFRQAVGKERGLRELVSTISSDGTTYYTESVKGRFSISHDNAKNTVYLQMNNLKPEDTAMYYCNMFEEGNYDGGEGATDAWGQGILVTVSS
seq1530,AVQLVESGGGSVQAGGSLRLSCAASGFTYSDSSLAWFRQVPGKEREGVARIYTTSGDTYHAASVKGRFTISQDKANHRVYLQMNSLKPEDTAMYFCAAKRPWYGGTSEFFKEKNYNAWGQGTQVTVSS
seq1531,EVQLVESGGGLVQPGGSLRLSCAASGFTFSTYSMYWVRQASGKGLEWLSQINSNGGGTVYADSLKGRFTISRDNAKNTLYLQLNSLKTDDTGVYYCAKRQGDYGLGGYNYWGQGTQVTVSS
seq1532,AVQLVESGGGLVQPGGSLRLSFAGSGFTFSSYYMSWVRQAPGKGLEWVSGINTDGSNTYYADSVKGRFTIPRDNAKNTLYLQMNSLKSEDTALYYCATEIYELGGSGFGYWGQGTQVTVSS
seq1533,EVQLVESGGGSVQAGESLRLSCAASGNTFCSLDMSWYRQAPGKEREFVSNIDVGGGTTNYADSVKGRFTISRDNAKNTLYLQLNSLKTEDTAMYYCANVGLGYWGQGTQVTVS
seq1534,QVQLVESGGGSVQPGGSLRLSCAVSGFAFSTYTMMWIRQAPGKGLEWVSAISPDGRSPSYADSVKGRFTVSRDNAKNTAVLQLNSLKTEDTAMYYCAPVVGTPVAYWGQGTQVTVSS
seq1535,QVQLVESGGGLVQPGGTLRLSCAASGFTFSSSWIFWVRQDPLKGLEWVSSIDSTGGITYYGDSVKGRFTISKDNTKNTVYLQMNSLKPEDTAVYYCTRRKYSHYADFSDWGQGTQVTVSS
seq1536,QVQLVESGGGLVQPGGSLRLSCAASGFTFSSYGMSWVRQAPGKGLEWVSHITNTGGTYYPDSVKGRFTISRDNAKNTLYLQLNSLKTEDTAMYYCANMNGESLDAWSQGTLVTVSS
seq1537,AVQLVDSGGGLAQPGGSLRLSCVASGFTLSTYWMTWVRQAPGKGLEYMSLINPDGSNINYADSVKGRFTISRDNAKNTLYLQMNSLKSEDTALYYCATDFNWGAAESGYWGQGTQVIVSS
seq1538,QVQLVESGGGLVQPGGSLRLSCVVSGVAFSSSALTWVRQAPGKGLEWVSTIRTESISTDYVDSVKGRFTLSRDNAKNTVYLQLNSLKTEDTAMYYCTKDLLDVPGLNGLRAWGQGTLVTVAS
seq1539,DVQLVESGGGLVQPGGSLGLSCAASGFTYSKNWMHWVRQAPGKGLEWVSSIYSGGGTTYYADSVKGRFTISRDNAKNTLYLQLNSLKTEDTAMYFCAKDGDYFDMDYWGKGTLVFISS
seq1540,DVQLVESGGGLVQPGGSLRLSCAASGFTFSSYDMNWVRQAPGKGLEWVSGINSGGGTTYYTDSVKGRFTISRDNTKNTVYLQMNSLKPEDTAVYYCATGMNDCILASWCWVVGDWGQGTQVTVSS
seq1541,EVQLVESGGGLVQPGGSLRLSCAASGFTFSNYWMYWVRQVPRKGLEWVSKISNGAGGTTYYADSVKGRFTISRDNAENTLYLQMNTLRPEDTAVYYCVGDRPTGWAFGYWGQGTQVTVSS
seq1542,EVQLVESGGGLVQPGGSLRLSCAASGFTFSSYAMNWVRQAPGKGLEWVSAINSGGGSTYYADSVKGRFTISRDNAKNTLYLQLNSLKTEDTAMYYCAKDRYGGRWLSGDYSMDYWGKGTLVTISS
seq1543,QVQLVESGGGLVQPGGSLRHSCEASGFTFSNFWMFWVRQAPGKGLEWVSKINKPGDIILYADSVKGRFTISRDNAKNTVYLQMNSLKADDTAVYYCVRDLTTGWAFGSWGQGTQVTVSS
seq1544,DVQLVESGGGLVQPGGSLRLSCAASGFTFSSASMNWVRQAPGKGLEWVSTIVGRDGTTFYADAVKGRFTISRDNARNTVYLQLNSLKSEDTAMYYCAKDIHRATVGVYHFWGQGTQVTVSS
seq1545,QVKLEESGGDLVQPGGSLRLSCATSGFTFSNFWMSWIRQAPGKGLKWVSGINTDGTITRYEDSVKGRFTISRDNAKNTLYLQMDSLKSEDTALYYCSTAGDMWTFGTWGQGTQVAVSS
seq1546,EVQLVESGGGLVQPGGSLRLSCAASGFTFSNTVMSWVRQAPGKGLEWVSAINSGGSTYYLDSVKGRFTISRDNAKNTLYLQLNSLKTEDTAMYYCATRSYIAEDFWGQGTQVTVSS
seq1547,QVQLVESGGGLVQPGGSLRLSCAASGFTFSSSWMTWVRQAPGKGLEWVTGISTAGTNTYYADSVKGRFTISRDNAKSLLYLQMNSLKSEDTALYYCATNRAGGTGDYWGQGTQVTVSS
seq1548,AVQLVESGGGLVQPGGSLRLSCAASGFTFSSYAMSWVRQGPGKGLERVSAINPDGKYTNYPDSVKGRFTISRDNAKNTLYLQMNSLKSGDTALYYCATSSSNSVDYWGQGTQVTVSS
seq1549,DVQLVESGGDLVQPGVSLRLSCAASGFTFSTYGMNWVRQAPGKGLEWVSTITSGGDKTYYADSVRGRFTVSRDNAKNTLYLQLNSLKTEDTAMYYCSKDEDTIFLFSGSMDYWGEGTLVAISS
seq1550,DVQLVESGGALVQPGGSLRLSCTASGFTFSNFYMSWVRQAPGKGLEWVSAINSAGSNTYYTDDVKGRFTISRDNAKNTLSLQMNSLKSEDTAPYYCATGGSYWGRGTQVTVSS
seq1551,DVQLVESGGGLVQPGGSLRLSCAASGWMSWVRQAPGKGLEWVSAISTDGANTYYTNPVKGRFTISRDNAKNTMYLQMNSLKPEDTAAYYCATEDWGQFAQWGQGVLVTVSS
seq1552,QVQLVESGGGLVQPGGSLRLSCAASGFTFSTYAMSWVRQAPGKGLEWVSAINSGGGSTYYADSVKGRFTISRDNAKNTLYLQLNSLKTEDTAMYYCANMDSLYGDNWLGYNYWGQGAQVTVSS
seq1553,QVQLVESGGGLVQPGGSLRLSCAASGFTSGFTFSSYWMYWVRQAPRKGLEWVSTINSAGYTYSADSVKGRFTNSRDNAKNTVYLQMNSLKPEDTAVYYCVTGLYGPEYSMDDWGKGTLVTISS
seq1554,QVQLVESGGGLVQPGGSLRLSCAASGFTFSNNGMSWVRQAPGKGLEWVSAINSDGDGSGTYYADSVKGRFTISRDNAKNTLYLQMNSLKSEDTALYYCATNWGRYWGQGIQVTVSS
seq1555,DVQLVESGGGLVQPGGSLRLSCAASGFTFSTSDMAWVRQAPGKGLEWVSYSPSGSASTSYADSVKGRFTISRDNAKNTVYLQMNSLKPEDTAVYYCALGGWGAKWGQGTQVFVSS
seq1556,EVQLVESGGGLVQPGGSLRLSCSASGFTFGNYWMRWVRQAPGKGLEWVSSIGIRDESTYYADSLKGRFTISKDNAKNTVYLQMNSLKPEDTAVYYCTRAYMTVIEALGAIDFGYWGQGTQVTVS
seq1557,AVQLVESGGGLVQPGGSLRLSCAASGFTFSNYYMSWVRQAPGKGLEWVSRINEDGRTTLYADSVKGRFTVSRDNAKNTLYLQMNNLKSEDKALYYCASDLFVPTNSWGQGTQVTVSS
seq1558,DVQLVESGGALAQPGGSLRLSCAASGFTFTSYWMSWVRQAPGKGLDWVSTLNGDGTITRYADSVKGRFTISRDNAKNTLYLQMDSLKSEDTALYYCTIETYYNFKNWGQGTQVTVSS
seq1559,AVQLVESGGGLVQPGGSLRLSCAGSGFTFSTSYMSWVRQAPGKGLEWVSGINSGGSSTYYVDSVKGRFTISRDNAKNTLYLQMNNLKSEDTALYYCAKWWNDWGQGTQVTVSS
seq1560,EVQLVESGGGLVQPGGSLTLSCAASGFTFTNYAMTWVRQAPGKGLEWVSSINFGNSDSTYYADSVKGRFTISRDNAKNTLYLQLNSLKTEDTAMYYCAKDAMGGGSNARWFFWGYDYWGQGTQVTVSS
seq1561,AVQLVESGGGLVQPGGSLRLSCAASGFAFSSGHMSWVRQAPGKGLEWVSAIESGGERIYYTDSVKGRFTISRDNAKNTLYLQLNSLKTEDTAVYYCADRGSSWDVLSYWGQGTQVTVSS
seq1562,DVQLVESGGGLVQPGGSLRLSCAASGFTLSSYWMYWVRQAPRKGLEWVSIINGAGVTTYYADSVKGQFTISRDNAKSTVYLQMNSLKPEDTALYYCVRNVPNWTPEYWGQGTQVTVSS
seq1563,AVQLVESGGGLVQPGGSLRLSCAASGFTFSDLGMSWVRQATGKGFQWVAGINSYGGSTWYADSVKGRFTISRDNAKNTLYLQLNSLKSEDTAIYYCAYGLTPDYWGQGTQVTVSS
seq1564,DGAAVESGGGLVAPGGSLRLSCAASGFTFSTYAMMWVRQAPGKGLEWVSAINFAGEKITYADSVKGRFTISRDNAKNTLYLQLNSLKTEDTAMYYCANGAELCSGGYCASFGYWGQGTQVTVSS
seq1565,DVQLVESGGGLVQPGGSLRLSCAASGFTFSDYLISWVRQAPGKGLEWVSGIKSNGGTTYYSDSVKGRFTISRDNAKNTVYLQLDSLKTEDIAMYYCAKDATSGWYVTEFEYWGQGTHVTVSS
seq1566,EVQLVESGGGLVQPGGSLRLSCQASGFTFSTYGMSWVRQAPEKGPEWVSDINSGGGTTYYAGSVKGRFTISRDNAKNTLYLQLNSLKTEDTAMYYCANAYCEGASCYGPRDYWGQGTQVTVSS
seq1567,DVQLVESGGGLVLPGGSLRLSCAASGFASGSAFGSYWMTWVRQAPGKGLEWLSGTNHDATRTWYADSVKGRFTISRDNAKNTLYLQMNSAKFEDTALYYCTTWCWQCMEYWGQGTQVTVSS
seq1568,DVQLVESGGGLVKPGGSLRLSCAASGFTFSTFAMMWVRQAPGKGLEWVSAINSAGGKITYADSVKGRFTISKDNAKNTLYLQSNSLKTEDTAMYYCANGAELCSGGYCASFGYWGQGTQVIVSS
seq1569,AVQLVESGGGLVQPGGSLRLSCAASGFTFSSYDMSWVRQAPGKGLEWVSAINSGGGSTYYADSVKGRFTISRDNAKNTLYLQMNSLKPEDTAVYYCATREYGGSWLVGYYSMDYWGKGTLVTISS
seq1570,DVQLVESGGGLVQPGGSLRLSCAASGFTFSNYYMTWVRQAPGKGLEWVSGINQDGSNTYYLDSVKGRFTISRDNAKNTLYLQMNSLKSEDTALYYCAWPVYAGWVFGYWGQGTQVTVSS
seq1571,QVQLVESGGGLVQPGGSLRLSCTASGSTFSSHWMKWVRQAPGKGLEWVSGINTDGSKTYYVDSVKGRFTISRDNAKNTLYLQMNSLKSEDTALYYCATWSSYCGSGNCPDAYWGQGTQVTVSS
seq1572,AVQLVDSGGALVQPGGSLRLSCAASGFTFSGYYMSWHRQAPGKGLEWVSGIYTDGRNTYYADSVKGRFTISRDNLKNTAYLQMNSLKPEDTAVYYCATVAGNCEHCLTIQKGNHFGYWGQGTLVTVSS
seq1573,QVQLVESGGGLVQPGGSLRLSCAASGFTFSRYWMYWVRQAPGKGLEWVSAIDPSGSRVHDGDSAKGRFTISSDNAKTTLYLQMNSLRPDDTGVYYCGSWEGGIVGQGTQVTVSS
seq1574,DVQLVESGGGLVQPGGSLRLSCAASGFTFSSSHEAWVRQAPGKGLEWIADISIDIRNTYYADSVKGRFTISRDNAKNTVYLQMNSLKPDDTAVYYCTTNRAGGVGIYWGQGTQVTVSS
seq1575,AVQLVESGGGLVQPGGSLRLSCQAVGFSLSAYDMSWVRQAPGKGLEWVSFINIGGSTRSYADSLKGRITVSRDNAKNTLYLQMDNVKPEDTAMYYCANHEQYDFYYYGQGTQVTVSS
seq1576,QVQLVESGGALVLPGGSLPLSCAVSGFTFRDYDMSWVRQAPGKGLEWVSGINSGGGSTYYADSVKGRFTISRDNAKNTLYLQMNSLKPEDTAVYYCAAVGTSSLRWYYWGQGTQVTVSS
seq1577,QVQLVESGGGLVQTGGSLRLSCAASGFTFSGYGAGGYDMAWVRQAPGKGLEWVAIIYGVGSTLYGDSVKGRLTISRDNGKNVLYLQMNSLKPEDTAVYYCVREDDNWDFTYWGQGTQVTVSS
seq1578,EVQLVESGGGLVRPGGSLRLSCAASGLTFSSAAMSWVRQAPGKGLDYVSAINSGGSNSWYADSVKGRFTISRDNAKNTLYLQLNSLKTEDTAVYYCVKNPSTWYFEIWGQGTLVTVSS
seq1579,QVKLEESGGGLVQPGGSLRLSCAASGFPFSSIYMSWVRLTPGKGLEWVSGINSYGTNTHYTDSVKGRFTVSRDNAKNTVTLQMNSLNSEDTGLYYCATSHTSEYHYWGQGTQVTVT
seq1580,QVQLVESGGELVQPGGSLRLSCVASGFTFDNYDMTWVRQAPGKGLEWVSAIKSDETNTYYSDSVKGRFTISRDNAKNTLYLQMNMLKPEDTAKYYCATEGPEDKYLEVCGQGTLVIVSS
seq1581,QVQLVESGGGLVQPGGSLRLSCAASGFTLSSYWMYWVRQAPRKGLEWVSTLTADGTRTYYADSVKGRFTISRDNAKNTLYLQMNSLKLEDMAVYYCVRDLPNSGWSFGDWGQGTQVTVSS
seq1582,DVQLVESGGGLVQPGGSLRLSCAASGFTFSSYSMSWVRQAPGKGLEWVSNINSGGGVTNYADSVKGRFTISRDNAKNTLYLQLNSLKIEDTAMYYCANSLVLQPGPYWGQGTQVTVSS
seq1583,DVQLVESGGGLVQPGGSLRLSCAASGFTFSSYYMSWVRQAPGKGPEWVSGIYSDGRNTYYSDSVKGRFTISRDNAKNTVYLQMSSLKPEDTAVYYCATPAYQTVAWVNHFGYWGQGTQVTVSS
seq1584,QVQLVESGGGLVQPGGSLRLSCTASGFTFSETDMMWVRQTPGKGLEWVSEISSGDGSTFYSDSVKGQFTISRDSAKNTLYLQMNSLKREDTAVYYCTTLDMDGHTWDLRLPDYWGQGTQVTVSS
seq1585,DVQLVESGGGLVQPGGSLRLSCAASGFTLSNYYMKWVRLAPGKGLECVSAINSAGSNIDYSDSVKGRFTISRDNAKNTLYLQMNSLKSEDTALYYCARALDFSMDYWGQGTQVTVSS
seq1586,DVQLVESGGGLVQPGGSLRLSCAASGFTFSSYWIHWVRQAPRKGLEWVSIVNTGSGTTYYADSVKGRFTISRDNTKNTVYLQMNSLTPEDTALYYCVRNRGSWDFDAWGQGTQVTVSS
seq1587,DVQLVESGGGLVQPGGSLRLSCAASGFTFSSYAMSWVRQAAGKGLEWISEVNKDSTYTAYLDSVKGRFTISRDNAKNTLYLQLNTLKSEDTALYYCRTWMWAAAGADYWGQGTQVTVSS
seq1588,EVQLVESGGGLVQPGGSLRLSCAASGFTFSSYTMNWVRQAPGKGLEWVSRILPDGTSTYYADSVKGRVTIARDNAKKTLYLEIDSLKSEDTALYYCVGGIGDFGYWGQGTQVTVSS
seq1589,DVQLVESGGGLGQPGESLRLSCAASGFSFSRYWITWVRQAPGKGLEWVGYINPGSSEKYYADSVKGRFTISRDNAKNTVYLQMNSLKSEDTALYYCVTEDYGLHRWGQGTQVTVSS
seq1590,EVQLVESGGGLVQPGGSLRLSCAASGFTFSNSDMTYVRQASGKGLEGISSINKGGDITYYADSVKGRFTISRDNAKDTLYLQMNSLKPEDTAVYYCVTGHLVNGIGAGGWGQGTQVTVSS
seq1591,QVPLVESGGGLVQPGGSLRLSCAASGFTFSNYYMSWVRQAPGKGLEWVSGVYSDGSNTYYADSVKGRFTISRDNAKNTLYLQMNSLKSEDTALYYCATDARGGYCSGGYCYHYWGQGTQVTVSS
seq1592,QVQLVESGGGLVQPGGSLRLSCAVSGFTFRTYMSWVRQAPGKGLEWVSAISSDGRRTEYADSVKGRFTISRDNAKNTLYLQMNSLKSEDTALYYCATFEFGIAAMNKAGVDYWGQGTQVTVSS
seq1593,EVQLVESGGGVVQPGGSLRLSCAASGFAFSSNWMYWVRQAPKKGLEVVSLINPGANGYYLESVKGRFTISRDNGRNMMYLQMNSLKPEDTAVYFCAGDPNSPVAYWGQGTQVTVSS
seq1594,DVQLVESGGGLVQPGGSLTLSCAASGFTFSSYSISWVRQAPGKGLEWVSAVNSGGSRTFYADSVKGRFTISRDNAKNTVYLQLSSLKTEESAMYFCAKTRADSWWGDHEHTSWGLGTQVTVSS
seq1595,DVQLVESGGGLVQPGGSLRLSCAAAGFTFSDFWMYWVRQVPRKGLEWVSKIDKPGTRTIYADSVKGRFTISRDNAKNTVYLQMNNLKPEDTGTYYCIKDLKGGWALGYWGQGTQVTVSS
seq1596,DVQLVESGGGLVQPGGSLRLSCAASTFTFSTYDMSWVRQAPGKGPEWVSAIDSAGSTYYADSVKGQFTISRDNAKNTLYLQMNSLKPEDTAVYYCATEGEKDKYLEVWGQGTLVTVSS
seq1597,EVQLVESGGGSVQAGGSLRLSCAASGYIGSFQCVGWFRQSPGKERELVSGITSDGAATYYADPVKGRFTISRDNAELTLNLQMNSLKPEDTAVYYCANWVLDYAMDNWTKGTLVTISS
seq1598,DVQLVESGGGLVQPGGSVRLSCAASGFIFSSYDMGWVRQAPGKGLEWVSTIDSGGPTYYANSVKGRFTISRDNAKNTLALQMNNLKPEDTAVYYCAAEGDGDKYIEVWGQGTLVTVSS
seq1599,QVQLVESGGGLVQPGGSLRLSCAASGFTLSTYFTHWVRLAPGKGLEWVSTINADGMQTYYADSVKGRFTIARDKTKNTASLQMNSLKSEDTALYYCGSHAFTNYWGQGTQVTVSS
seq1600,DVQLVESGGGLVQPGGSLTLSCAASGFTFTRYYMNWVRQAPGKGLEWVSGISNDGRDTYYAGSVEGRFTISRDNAKNTLYLQMNSLKSEDTALYYCATDLEYTNDYWGQGTQVTVSS
seq1601,DVQLVESGGGLVQPGGSLRLSCAASGFTFSSMYMSWVRQAPGKGLEWVSGITADGTSTYYTDSIKGRFTISRDNAKNMVYQQMNSLKPEDTAVYYCTTVGWYLTLHWNYWGQGTQVTVSS
seq1602,QVQLVESGGGLVQPGGSLRLSCAASGFTFSEYDMSWVRQAPGKGLEWVSTINSINSVGGRIYYSDSVKGQFTISRDNAKNTLYLQMNSLKPADTAVYYCATEGMGDRYLEHWGQGTLVTVSS
seq1603,EVQLVESGGGLVQPGGSLRLSCAASGFTFSNYSMSWVRQAPGKGLEWVAAINSGGTSTYYTESVKGRFTISRDNAKNTLYVQFNSLKTEDTAMYYCAKGHYNSDYDRTFANWGQGTHVTVSS
seq1604,DVQLVESGGGLVQPGGSLRLSCAASGLTFSSTVMSWVRQAPGKGLEWVSTILSGGDNTYYADSVKGRFAISRDNPKNTLYLQLNSLKTEDTAMYYCAKDDPSGYYWGQGTQVTVSS
seq1605,AVQLVDSGGGLVQPGGSLRLSCAASGFTFSSYAMSWVRPAPGKGLEWVSSINSGGGSTYYADSVKGRFTISRDNAKNTLYLQLNSLKTEDTAMYYCAKAFPSECSGGACYTRADMDYWGKGTLVTISS
seq1606,DVQLVESGGGLVHDGGSLRLSCAASGFTFSTYAIYWVRQAPGKGLEWVSGIGSAGATYYADSVKGRFTIARDSAKSTVYLELNSLKTEDTAMYYCAKGEWEATSCANAYCRSMAYWGKGTLVTISS
seq1607,AVQLVDSGGGLVQPGGSLSLSCAASGFTFSSHAMSWVRQAPGKGLEWVSIINEGGGTTWYGDSVKGRFTISRDNAKNTLYLQLNTLKIEDAAMYYCALLGIPFGDPNTRSFGKWGQGTQVTVSS
seq1608,AVQLVDSGGGLVQPGGSLRLSCAASGFTFSSYWMYWVRQAPGKGLEWVSNIYFGGGGPYYADSVKGRFTISQDNAKNMLYLQMNSLKPEDTAVYYCARDLEPGWVGLHYWGQGTQVTVSS
seq1609,EVQLVESGGGLVQPGGSLRLSCAASGFTFASYAMSWVRQAPGKGLEWVSGINSGTGSTNYLDSVKGRFTISRDNAKNTLYLQLNSLKTEDTAMYYCAKDSGVAAGPDFGSWGQGTQVTVSS
seq1610,AVQLVDSGGGSVQPGGSLKLSCAASGFTFSGAYMSWVRQAPGKGLEWVSGISSDGRNTYYVDSVKGRFTISRDNAKNTLYLQMNSLKSEDTALFYCATVCCNWSFDYWGQGTQVTVSS
seq1611,DVQLVESGGGLVQPGGSLRLSCAASGFTFSSAWMYWVRQAPGKGLEWVSKINPGGDSTWYADSVKGRFTISKDNAKNTLYLQMNSLKPEDTAVYYCTKDSAWSMDYWGKGILVTISS
seq1612,QVQLVESGGGLVQPGGSLKLSCAASGFTFSTYAITWVRQAPGKGLEWVSGSDDGDASIGYADSVKGRFTISRDNAKSTVYLQLNGLTPEDTAMYYCAKVVGTHIWGLEVWGQGTLVTVSS
seq1613,DVQLVESGGGLVQPGGSLRLSCAASGFTFSDYSMSWVRQAPGKGLEWVSGINSGGGNTWYADSVKGRCTISRDNAKNTLYLQLNGLKTEDTAMYYCAKDKAVDWHWAVFHFWGQGTQVTVSS
seq1614,EVQLVESGGGLVQPGGSLRLSCAASGFPFSSSDMCWVRQAPGKGLEWVSGIKGGDGSTYYADSVKDQFTISRDNAKNTLYLQMNSLKPEDTGVYYCAYGGWAKDWGQGTQVTVSS
seq1615,AVQLVESGGGLVQPGGSLRLSCAVSGFTFSSYWMIWVRQAPGLGVEWVSSITTGGDRTWYSSSVKGRFTISRDNAKNTLYLQMNSLKPEDTAVYYCARGGLASTADVDYWGQGTQVTVSS
seq1616,DVQLVESGGGLVQPGGSLRLSCAASGFTFSDYPMNWVRQAPGKGLEWVSGISRGGETAYYADSVKGRFTFSRDNGKNTLYLQLNSLKTEDTAMYYCAKKTGNFWGASMDYWGKGTLVTISS
seq1617,EVQLVESGGGLAQLGGSLRVSCAASGFSFSNCWMYWVRQTPGKGLEWVSLIDGAGTYTAYGDSLKGRFTISRDNAKSTVYLQMNSLKPEDTAVYFCVRDMVCGDGSHDFGYWGQGTQVTVSS
seq1618,AVQLVESGGGLVQTGGSLRLSCAASGFTFSNHAITWVRRAPEKGLEWVSSTNTDGGTTYYADSAKGRFTISRDNAKNTLYLQLNSLKTEDTAMYYCMRDRGSWYSTNRYLDIWGQGTLVTVSS
seq1619,QVQLVESGGDLVKSGGSLSLSCAASGFTTKYFWMHWVRQAPGKGLEWVSMISPDGIKTYYSDSVRGRFTISKDNPKNMLYLLMNGLKPEDTALYYCARQDIAYWGRGTQVTVSS
seq1620,AVQLVDSGGGLVQPGESLRLSCAASGFTFSSYSMYWVRQAPGKGLEWVSKIDSGGSNTWYADSVKGRFTTSKDNAKNTLYLLMNSLKSQDTAVYYCTKDVAWSMDYWGKGTLVTVSS
seq1621,EVQLVESGGGLVQPGGSLRLSCAASGFTFSKFWMHWVRQAPGKGLEWVSGINPVGINTYYADSVKGRFTISRDNAKNTLYLQLDSLKIEDTAMYYCANLFPSGDSYYDYWGQGTQVTVSS
seq1622,AVQLVDSGGGLVQPGYSLRLSCAASGFTFSNMWIHWVRQASGKGLEWVSSINGGGTILYYADSVKGRFTISRDNGKNTLYLQLASLKAEDTAMYYCAKQPDMAHGIGAQWGQGTQVTVSS
seq1623,DVQLVESGGGLVQPGGSLTLSCAASGFTFSAYWMYWVRQTPETGLEWVSAIYGKDGQTVYPDSVKGRFTISKDNAKNTLYLQMNSLKHEDTAVYYCARDVLSGDIVGFDAWSQGTLVTVSS
seq1624,DVQLVESGGGLVQPGGSLRLSCAASGFTFSNYAISWVRQAPGKGLEWVSRINSDGSTYYADSVKGRFTISRDNAKNTAYLQLNSLKTEDTAMYYCMDGSWASNALDAWGQGTLVTVSS
seq1625,EVQLVESGGGLVRPGGSLRLSCGASGFTFSSYYMGWVRQAPGKGLEWVSGIKSDGTDTYYADSMKGRFTISRDNAKNMVYLQMNSLKSEDTGLYYCVSGDRFYNWGQGTPVTVSS
seq1626,QVKLEESGGDLVQPGGPLRLSCAASAFDQWMSWVRQAPGKGLEWVSGIESDGRKTYYAESVKGRFTISRDNAKDTLYLQMNSLKSEDTALYYCTTWSWAAGSVWGKGTLVTISS
seq1627,DVQLVESGGGLVQPGGSLRLSCAASGFTFSSNWMFWVRQAPRKGLEWVSSITGAGDRPYYADSVSGRFTISRDNNKNTVSLQMNSLKPEDTAVYHCVYYSDYHFAYWGQGTQVTVSS
seq1628,QVQLVESGGGLVQPGGSLRLSCAASGFTFSSVGATWVRQAPGKGLEWVSAINMNGDRTYYTDSMKGRFTISRDNTKNTLYLQLSSLKTEDTAMYYCAKDLGDGNHGSWIFDYWGQGTQVTVAS
seq1629,QVQLVESGGGLVQPGGSLRLSCAASGFTFSSAWMYWVRQAPGKGLEWVSSIYTGSVIIYADSVKGRFTISKDNAKNTLYLQMSSLKPEDTAVYYCTRGLYSDYGGATFGYWGQGTQVTVSS
seq1630,EVQLVESGGGLVQPGGSLRLSCIASGFTFTGSWMWWVRQAPRKGLEWVSLINPSGSSTNYADSVKGRFTISRDNAKEMVYLQMNSLKPEDTAVYYCVKWGDFSMDYWGEGTLVTISS
seq1631,EVQLVESGGGLVQPGGSLRLSCAASGFTFSSYAMAWARQAPGKGLEWVSGMDTAGRIIHYGDSVKGRVTISRDNAKNTLYLQMPSLKSEDTALYYCGRVVGGGWPMDNWGQGTQVTVSS
seq1632,QVQLVESGGGLVQPGGSLRLSCAASGFTFSSYAMNWVRQAPGKGLEWVSTIKSAGGSTYYADSVKGRFTISRDNAKNTLYLQLNSLKTEDTAMYYCANLEFGSWYSPRGYWGQGTQVTVSS
seq1633,QVQLVESGGGLAQPGGSLRLSCAGSGLSNYWTSWVRQAPGKGLEWVSSIGRDGSTTKYADSVKGRFTISRDNAKNTMYLQMNSLKFEDTALYYCVTEEWGQFEDWGQGVLTTVSS
seq1634,AVQLVESGGGLVQPGGSLRLSCAASGFTFSSYYMGWVRQAPGKGLEWVSSIRSDGSKSYYPDSVKERFTNSRDNAKNTLYLQINSLKSEDTALYYCATTPTGWGLSSFEHWGQGTQVTVSS
seq1635,EVQLVESGGGLVQPGGSLRLSCAASGFASSSYLMYWVRQAPGKGLEWVSGIDGGGGSTYAADSVKGRFTISRDNAKNTLYLQMNSLKPEDTAVYYCATGNVGYWGQGTQVTVSS
seq1636,AVQLVESGGGLVQPGGSLRLSCAASGFTFSSYCMSWVRQAPGKGLEWVSIIDRLSGRIDYADSVRGRFTIYRDNVKNILYLQMNSLKSEDTGLYYCASGVEVTGLADNALDAWGQGTLVTVSS
seq1637,DVQLVESGGGLVQPGGSLRLSCAASGFTFSGNSMSWVCQAPGKGLEWVAGISHDGSVTNYADSMEGRFTISRDNAKNTLYLQMNSLKSEDTALYYCATDNWSYKSLLVWGQGTLVTVS
seq1638,AVQLVDSGGGLVQPGGSLRLSCAASGFTFSSKTMSWVRQAPGKGLEWVSAINGGGYTHYADSVKGRFTISRDNAKNTLYLQLNSLKTEETAMYYCAKEADGSWLWDYWGQGTQVTVSS
seq1639,AVQLVESGGGLVQPGGSLRLSCVVSGYTFRPNWMHWVRQAQGKGLEWVSGIATGGSTYYTDSVKGRSTVSRDNTKNTLYLQLNNLKTEDAAMYYCWSGSFDYWGQGTQVTASS
seq1640,QVQLVESGGGLVQPGGSLRLSCTASGFTFANLYMSWVRQAPGKGLEWVSGIKDDGTITYYDDSVKGRFTISRDNAKNTLYLQMNSLKSEDTALYYCVQWAWWTMENWGKGTLVTISS
seq1641,QVQLVESGGGLVQPGGSLRLSCSVSGFTFSSYDWRWVRQAPGKGLEWVSSITSSGGSTYYAGSVKGRFTISRDNAKNTLYLQLNSLKIEDTAMYYCTNGGSWSVPDGYWGQGTQVTVSS
seq1642,AVQLVESWGGLVQPGGSLRLSCATSGFTFITNDMSWVRQGPGNGLEWLSCIHTVDGTTYYADSVKGRFTISRDNAKNTLYLQMDNLKPEDTAVYYCATGAYWSEIYNYWGQGTQVTVSS
seq1643,AVQLVESGGGLVQPGGSLRLSCAASGFTFSSNYMAWVRQAPGKGLEWVSGINEDGTKTYYLGSVKGRFTISRDNAKNTLTLQMNSLKSEDLALYYCLRSSYYSMDYWGKGTLVTISS
seq1644,QVQLVESGGGLVQPGGSLRLSCAASGFTFSTSYMSWVRQAPGKGLEWVAGMWNTERQTYYDDSVVGRFTISRDNAKNALYLQMNRLKPEDTAQYYCVAQVYGLGQGTQVTVSS
seq1645,QVQLVESGGGLVQPGGSLRLSCAASGFTFSNYHMNWVRQAPGKGLEWVSNIAMGGDATYYPDSVKGRFTISRDNAKNILYLQLNSLKIDDTATYYCAKEIGEDYCFDYWGQGTQVTVSS
seq1646,EVQLVESGGGLVQPGASLRLSCGASGFTFNSITMSWVRQAPGEGLEWVSCIDPGGDTTYYADSMKGRFTISRDNAKNTLYLQLNNLKTEDTAMYFCAKDGGHWDFGEWGQGTQVTVSS
seq1647,DVQLVESGGGLVQPGGSLRLSCAASGFTFSTYAVYWVRQAPGKGLEWVSAIDEGGGRTYYADSVKGRFTISRDNAKNTLNLQLNSLKTDDTAMYYCTKDIGFSCNSGSVCWSGAGYDYWGQGTQVTVSS
seq1648,QVQLVESGGGLVQPGGSLRLSCAASGFTFSNRWMTWVRQAPGKGLEWVSVIDPSGGANIYYADSVKGRFTISRDNAKNTLYLQLNSLKTEDTAMYYCAKDGSSPEVSMDYWGKGTLVTISS
seq1649,DVQLVESGGGLVQPGGSLRLSCAASGFTFSSYDMNWVRQAPGKGLEWVSRISTRGDVTNYADSVKGRFTISRDNAKNTVSLQMNSLKPEGTAVYYCARDYFALDYWGKGTLVTISS
seq1650,AVQLVESGGGLVQPGGSLRLSCVASGFTFSSNRMYWVRQAPRKGLEWVSSINTAGGEPSYADSVKGRFTISRDNAKNTVYLQMNSLKPEDTAVYYCATTSCSGDGCYTRYNYWGQGTQVTVSS
seq1651,DVQLVESGGGLVQPGGSLRLSCVASGFTFTNHFMSWVRQDPEKGLEWVSAISNDGTYTTYADSVKGRFTISRDNAKNTVYLQMNSLKSEDTALFYCTAITVLAGKFNILDAWGQGTLVTVSS
seq1652,EVQLVESGGGLVQPEGSLRLSCTASGFSFSNFGMMWVRQAPGKGLEWVSGINTVGSRIYYAMSVKGRFTISRDNAKNTLFLQLNSLKTEDTAMYYCAKDDDGGLIDFVWDWGQGTQVTVSS
seq1653,EVQLVESGGGLVQPGGSLRLSCAASGFTFTGYGISWVRQAPGKGLEWVSTINGGGSTTTYADSVKGRFTISRDNAKNTVYLQLNTLKTEDAAMYYCVKDMRWRGTSDNDGMDYWGKGTLVTISS
seq1654,DVQLVESGGGLVQPGGTLRLSCAASGFTLSSHDMNWVRQAPGKGLEWVSAINVEGRRFSTETVSGRFTISRDNAKNTLHLQMYGLKPEDTAVYYCATGVYGNDGSNYWGRGTQVTVSS
seq1655,DVQLVESGGGLVQPGGSLRLSCATSGFIFSSYDMSWVRQAPGKGLEWVSGIKKDSSSTYYTASMKGRFTISRDNAKETLYLQMNSLKPEDTAVYYCATDLDGSWHGEGGLDAWSQGTLVTVSS
seq1656,QVQLVESGGDLVQPGGSLSLSCAGSGFIFSSAYMCWVRQAPGKGLEWVSGINGDSKNIYYADSVKGRFTISRDNAKNTLYLQMNSLKTEDTALYYSATCGGYGDYGGWGFRFWGQGTLVTVSS
seq1657,EVQLVESGGGLVQPGGSLRLSCAASGFTLSNYFMSWVRQAPGKGLEWVSNIISGDSTWYADSVKGRFTISRDNAKNTLYLQLNSLKTEDTAMYYCIKGGGIRWPEFFDDWGQGTQVTVSS
seq1658,EVQLVESGGGSVQAGGSLRLSCAAPRYAANRYTVGWFRQAPGKAHEGVASINPAGTVTEYADSVKGRFTISQDDAKNTVYLQMNNLKPEDTGIYYCVAGRALVGPGFKGFTIWGQGTQVTVSS
seq1659,QVQLVESGGGSVQAGGSLRLSCKHIGYLFSRHAMGWFRHRPGKECELVSMVLSDGTTDYADSVKGRFTISRDNAKNTVDLQMDSLKPEDTAVYYCAADNPGPPVCRGGNCRVCDTQAGYFGQGTQVTVSS
seq1660,QVQLVESGGGSVQAGGSLSLSCTASRDSFDVSDIGWYRQVEGNGCELVSIAKSDGTTYYSETVKGRFTISRDNAKNTVVLQMTSLKPEDTAIYYCAADSGGGFVPWFQGSRSGCSAAASLHTWGQGSRVTVSS
seq1661,QVQLVESGGGSVQAGGSLRLSCEVPGYTGAFHLMGWFRQAPGKEREGVASINGAEGTTYYADSVKGRFTISKDTAKNTVYLQMNSLKPEDTAIYYCAAVFHRYPGSTSPPLGASGYNYWGQGTQVTVSS
seq1662,EVQLVESGGGSVQAGGSLNLGCSASGFVFDDSDMGWYRQAPGRECELVATVSDDGSTYYHESVQGRFTISRDNVKNLMTLQMNNLKVEDTARYYCAAGSRQFQRTSTTWCLGVWAQGTQVTVSS
seq1663,QVQLVESGGGSVQAGGSLRLSCVVSGYSPGSNNCMGWFRQAPGKEREGVATIAGRDGSTMYGNSVKGRFTISRDDAVNTMYLQMNNLKVEDTATYYCAHSRGYCRTLNLWEAHGYNYWGRGTQVNVSS
seq1664,EVQLVESGGGTVQAGGSLRLSCAASGHRTGTTCSMNWYRQAPAKERELVSSINDFGSTWYADSVKGRFTISEDKAKHVLFLQMNNLRPEDTAMYYCATGNCNYTCHACFPPDYNYWGQGTQVTVSS
seq1665,DVQLVESGGGSVQAGGSLRLSCTVSGIIASNLCMAWFRQVPEKQREAVASIAGRPGTTTLYDSSVAGRFKITRDHDKNTVFLQMNSLKQEDTAIYYCALGRGWSCPSNYDYWGQGTQVAVSS
seq1666,QVQLVESGGGSVQVGESLRLSCAASGFPASQYTMAWFRQSPGKEREGIAAINSIDIKTHRTSVVKGRFTISQDNAKNTVYLQTNRLNLDDTGTYYCAAVPRIYSPPLLTPGQYEFWGQGIPVTVSS
seq1667,AVQLVDSGGGSVQAGGSLTLSCTGSGFSFDDSELGWYHQAPGNECELVSFIGVDGTTYYATSVKGRFAISRDNAKNTVYLRMNSLKPEDSAMYYCATDAGLNDIELKYTRTDCGPLAGYNYWGQGTQVTVSS
seq1668,QVKLEESGGGSVQAGGSLRLSCAPSGFGSEYCIGWFRQAPEKEREVVASMNSGGGNKDYADSVKGRFTISQDNAKNTVYLQMNSLKPEDTAIYYCAAVPLCSRPPPMIRGAQHGYTNWGQGTQVTVSS
seq1669,QVQLVESGGGSVQAGGSLRLSCVITEYSYSTYCMGWFRQAPGKDREGVASINSATGTTYYADSVKGRFTITQIKNTVYLQMTSLTPEDTAIYYCAADSASSVGFCSNPLEDMDYWGKGTLVTISS
seq1670,VVQLVESGGGSVQAGGSLRLSCAASGYTDSVKWVAWFRQAPGKEREGVACIYSGGFNTYYADSVKGRFTISQDIAKNTVYLQMNSLKLEDTAMYYCATDFLSGNLLDGRYRYWGQGTQVTVSS
seq1671,QVQLVESGGGSVQAGGSLRLSCAPSGGPTCSHQMEWYRQAPGKEREFLSGIELDGRTMYQDSVKGRFAISHDNLKSTVFLQMNSLKPEDTAKYYCKLTARRCGFTTTWLELWGQGILVNVSS
seq1672,AVQLVESGGGSVQAGGSLRLSCTVSGYTYMDYCAGWFRQVPGEAREAVAFINSGGGKTKYADSVKGRFTISQINANNTVSLQMNSLNLEDTAVYYCASVNSRDGADCPTGRYDYHAWGQGSQVTVSS
seq1673,DVQLVESGGGSVQAGGSLRLSCTVSGDPGINLYITWFRQPPGKEREAVGFINTDQNGIYIADSVKGRFTISQDKAKKTVYLEMNNLKLEDTAMYYCAAGVAASLSPHYGYNYWGQGTQVTVSS
seq1674,QVQLVESGGASVQAGGSLRLSCTASGYTGKMNTMGWFRQAAPGKVREAVAAMYTGTGGRTFYADSVKGRFTISQDNGKNTVYLQMNRLAPEDTAIYYCAAEPADSDSGDYPPLLEYGYDYWGQGTQVTVSS
seq1675,QVQLVESGGGSVQAGGSLSLSCVASGSAGRQNCMAWFRQAPGKERQEIAKIWTSGTGTWYRDSVKGRFTISHDNAKNTVYLQMNSLRPEDTAMYYCTAGPCTYSDPSAPHYWGQGTQVTVSS
seq1676,AVQLVESGGGSAQAGGSLRLACVAAELSNRQLCMAWFRQAPGKAREIVAGKKSRGIDAVYADSVKGRFTISEDSASNTVYLQMDDLKPEDTAIYYCAAALAYAWSCSRAEAGYNYWGQGTQVTVSS
seq1677,QVKLEESGGDSVQAGGSLRLTCAAGTYTYNSACVGWFRQAPGREREAVAAIYPSVGRSFIADSVKGRFTVSHANAGQVTVYLQMDRLNPNDTAVYYCAAGDPYRCTSDSWFEGPGYNYWGQGTQVTVSS
seq1678,EVQLVESGGGSVQAGGSLRLSCTASQPLYSAYCMSWFRQAPGKGREWIATINRDGSSTVETDSVQGRFTPSQDFPSNTVYLQMNSLKPEDTAIYYCAAAGRRSECDSERHSFPYWGQGTQVTVSS
seq1679,AVQLVESGGGSVKAGGSLRLSCATSRDSDSSFCMAWFRQGPGKEREGVAAIRTYDGSTDYADSVKGRFAISQDNHKNIYLQLHSLKPEDTAIYFCAAVRVLAGVPCLPPPYEYKYWGQGTQVTVSS
seq1680,DVQLVESGGGSVQAGGNLTLSCEASGYTLASDLMGWFRQAPGEEREGVAALNTVGVTTWYADSVKGRFTISQDNNKNTVYLRMNNLKPEDTAMYYCSASFSGGRWSDRSRYKSWGQGTQVTVSS
seq1681,AVQLVDSGGDSVQAGGSLRLSCTFSGYTYPNYYMAWFRQAPGKEREGVAAINSGGNTLYAASVQGRFTIAQDNAKNTLYLIMNSLKPEDTAIYYCAADQGQLQRLPNLGTYGYKYWGQGTQVTVSS
seq1682,EVQLVESGGGSVQAGGSLRLSCVASGHTANKWCMAWFRQVPGKEREGVAAINTYGDVTYFRDSVKGRFIISQDNVKNTVHLLMNSLKPEDTAAYYCAALRLQDLWRGSCPETLGYNYWGQGTQVTVSS
seq1683,QVQLVESGGGSVQAGGSLRLSCAASAYTDSENYYCIGWFRQAPGNDPEGVAYITTRAGTTIYADSVKGRFTISQDKAKNTSYLQMTSLTPDDMAMYYCAATGPSCLSDSSLRPWHFAGVAFGYRGQGTQVTVSS
seq1684,EVQLVESGGGSVQAGGSLRLSCVASGPTICITDISWHRQAPGKEREFLSSIVASGSTRYAESVKGRFTVSRDSATNTVYLDMNSLTPDDSAMYTCQSTRVGGFCYDGTWGQGTQVTVSS
seq1685,QVQLVESGGGSVQAGGSLRLSCANSRFASTTNCMGWFRQAPGKEREGVAVINLGGGHSTYYADSVKGRFTISQDKAENTVYLQMNSLKPEDTAIYYCAARWAYCRSFRDSPNYWGQGTQVTVSS
seq1686,QVQLVESGGGSVQAGGSLRLSCTPSGFTFDNFDMGWYYQSPGKGCELVSRISSDGRTYYKDSVKGRFTISLDNAKNTVYLQMNSLKSEDAAMYYCAADRGPLRSEYARCDYGKPYYGVDYWGDGTLVTISS
seq1687,AVQLVESGGGSVQAGGSLRLSCVASSYSYCMGWFRQAPGKEREGVATINSGSGTTHYADSVKGRFTISQDIAKNTVYLEMNSLKPEDTAIYYCVAGQVQCYTEFALRWLLSWNDRGQGTQVAVSS
seq1688,AVQLVESGGGSVQTGGSLRLTRALSGNMGRFNSMGWIRQAPGKGREAVACIHTGGGSAWYADSVKGRFTISQDNTKNTMNLNMNTLKPEDTAIYYCAADRYNCEYIRRGGEFESRGQGTQVTVSS
seq1689,QVKLEESGGGSVQAGGSLRLSCVVSASGYVSSYYIGWFRRAPGKEREGVAAIVSGGDSTYYADSVKGRFTISQDNAKNTVYLQMNSLKPEDTAIYYCAAEGPTNIAAIYWGRAFGYWGQGTQVTVSS
seq1690,QVQLVESGGTPVQAGGSLRLSCTASGYTKDTFSTYPMGWFRQAPGKQCEKVSALAPDGSTNYADSVKGRFTISRDNAKMTVTLQMNSLKPEDTAVYYCAADGPRGQMQSSSLDCINEFLLSGLNYWGQGTQVTVSS
seq1691,AVQLVESGGGSVQAGGSLKLSCAATTYIFTGCGMGWYRQAPGKEREMVSTISPDGTTTYAESVKGRFTISQDNAKQTLFLQMNSLKPEDTAVYFCAVLSYYSDSELGDCGDGENFWGQGTQVTVSS
seq1692,QVQLVESGGGSVQAGGSLNLSCVASGYMYVSTSMGWFRQAPGKEREGVAAIYPFGPKTYYADSVKGRFTISRDNAKHTLRMQMTNLKPEDSAMYYCGVLASGEEETVRSWFYG
seq1693,AVQLVESGGGSVQAGGSLSLSCAASGDTTNNYYCMGWFRQAPGKGLEGVAAINSGGDSSYYADSVKGRFTISQDSAKNTVFLEMNSLKPEDTAIYVCAAQFAR
seq1694,QVKLEESGGGSVQAGGSLRLSCVVSGVPDEGNCMGWFRQAPGNEREWVAQIETRRSITFYNPSVKGRFTISRDTIKNTVYLQMDSLKPEDSAMYYCAAVSTAWTLCPRTPGAYNYWGQGTQVTVSS
seq1695,QVQLVESGGGSVQAGGSLTLSCVASGNIYCDYDMNWYRQAPGKEREFVSAIDSDGSTNYADSVKGRFTISQDNALDPVYLQMNGLKPEDTAMYICKFECYSTDYGGNVTAGPGLGYWGQGTQVIVSS
seq1696,DVQLVESGGGSVQAGGSLRLSCKASGITYDSYCMGWFRQAPGKEREGVASIHSRSGSTNFADSVKGRFTISQDNAEKTMYLQMNNVKPEDTAIYYCAAVSSWCRDGYCLCPPGPDVYNFWGQGTQVTVSS
seq1697,DVQLVESGGGSVQAGGSLRISCLASGYTYHTDCIGWFRQAPEKEREGVAVLYFRSGERYYADAVKGRFTIYQDNAKNTVSLQMTMLKPEDSGMYYCAVSSTERCSRFEKDDFPYWGQGTQVTVSS
seq1698,QVKLEESGGGLVQAGGSLRLSCEASGITYPSCCMSWYRQLPGKERELVATISADGGNRRYADSARGRFTISKGNAKNSLYLQMNSLKPEDTAVYYCAADQACGSWTGPCHANYGAWGQGTQVTVSS
seq1699,DVQLVESGGGSVQAGGSLRLSCAASGFTYSRFTSSRYCVGWFRQAPGKEREPVATINSDGTTTNYIDSVKGRFTISQDNAKNTVYLQMNSLKPEDTAIYYCAAQTHGGYCWLLPSEYNYWGQGTQVTVSS
seq1700,DVQLVESGGGSVQAGGSLRLSCAASGYTYSTYYMGWFRQAPGKKREGVAAIVNGGSTVYATSVKGRFTISQGNAQKTVYLQMNSLKPEDTAIYYCAAAQGLTWGSLLTPTRYNYWGQGTQVTVSS
seq1701,DVQLVESGGGSVHVGGSLRLSCVVSPSRKNIASTDCMGWFRQAPGKDREVVATLLRGTTNEIYADSVKGRFTISRDNAQSMSLQMDRLKPEDTALYYCAACQDSYCYKGGFYAVYPGYGCALWGQGTQVNVSS
seq1702,QVQLVESGGGSVQAGGSLRLSCTASGFIFDASDMGWYHQVPGNECELVSTISSKGNTYYADSVKGRFTISRDNAKNTMYLQMNSLKPEDTAMYYCDTAPGEVNGWRGLGTTRSDCWGQGTQVTVYS
seq1703,EVQLVESGGGSVQAGGSLRLTCTASELSARSRCLAWLRQAPGKEREGVAVINSDDYSANYADSVKGRFTVSLDSAKNTVYLLMNSLKAGDTGIYYCAVDRHRCLAVRTSFDSYGQGTQVTVSS
seq1704,AVQLVESGGGSVQAGGSLRLSCASSGFTVSDYSMAWFRQVPGQEREVVAHINADTGTTFYADSVKGRFTISLDNAKAAVYLQMNSLNTDDTAVYYCAAETAPRYYNDAVWPSDSDFSFWGQGIQVTVSS
seq1705,DVQLVESGGGSVQPGGSLRLSCEVSGDTYTGNCLGWFRQAPGKERVMVATINIKHGRPYYADSVKGRFTISQDSATTTYLQMESLQPEDTAMYFCAAIQPTYGIDFFGSCPSESADFDYWGQGTQVTVSS
seq1706,QVKLEESGGGSVQAGGSLRLSCATSGYTYSSNCIGWFRQAPGKEREGVAVIYTGSGSSTFYADSVKGRFTISQDNAKNTVYLQMNSLKPEDTAMYYCAAVGYTDYCKSPWPEAYRFWGQGTQVTVSS
seq1707,DVQLVESGGGAVKIGGSLRLSCAAYGFSIANSCLGWFRRAPGKDREGVAAFYVGGRKTYYADSVKGRFKISHDSAENAMYLEMENLTPEDTAVYYCAADLVNSEYTCRVFPWQLGYKDWGQGTQVTVSS
seq1708,EVQLVESGGGSVQAGGSLRLSCVLSGVTYSNRCMAWFRQGPGKEREWVAVINTRGESPDYAASVKGRFTISQDNAKNTVYLQMNSLKPEDTATYVCATRTAEWFACPPAASVDYNDWGPGTQVTVSS
seq1709,QVQLVESGGGSVQTGGSLRLSCAGSEYAYSSFCWAWFRQAPGKEREGVAAIHHGRTYFGEFVKGRFTISQDNAKNNVYLQMDNLKPEDTAIYYCAAGCGAIQPLGAGYNRWGRGTQVTVSS
seq1710,AVQLVESGGGSVQAGGSLRLSCAASGYTSSVYCMGWFRQAPGKEREGVAAINSGGGSTYIADSVKGRFTISHDNAKNTVYLQMNNLKPEDTAIYYCAAHPGRNLAIQYLNALPGGGASYFGYWGQGTQVTVSS
seq1711,QVQLVESGGGSVQAGGSLTLSCTASGFTFADADIGWYKESPGKQCELVSSIGSDGRKWYEEHVKGRFTISRDNAENTVYLQMNNLRPEDTATYACAGFPYGGSLFVCRDDRYSVWGQGTQVTVSS
seq1712,AVQLVESGGGSVPAGGSLKLSCAASGYTFGIYPMAWVRQAPGKECELVATLGSDGSTNYYDSAKGRFTISRDNAKNTVYLQMNSLKPEDTARYYCAADGPDDIATPCPCGAQYRFLEVWGQGTLVNVSS
seq1713,DVQLVESGGDSVQAGGSLRLSCAVSGNPYDSGCVAWFRQAPGKEREAVVSINSGGGILVHTDSVKGRFTISRDNTKNTVYLQMNGLKPEDTAIYYCASDSYDRHSGKADKFVAWGQGTQVTVSS
seq1714,AVQLVDSGGGSVQAGGSLRLSCAASGYTYSDYCMGWFRQAPGKEREGVASINTGAGLTYYADSVKGRFTISQDNAKNTVYLLMNSLKPEDTAIYYCAAGCQGLYSSCRYCSVYHDWGQGTQVTVSS
seq1715,QVQLVESGGGSVQAGGSLRLSCSASGFAYTSYCLGWFRQVPGKEREGVARIVPSSGATTYPDSTKGRFTISQNDAWYTVYLQMNDLKPEDTATYYCSAGHCKFWYPRLVASWGQGTQVTVSS
seq1716,QVQLVESGGGSVQAGGSLRLSCAASGYTYSNFCMAWFRQAPGQAREGVAYIYTGGNSYYADSVKGRFTISQDNAKNTVYLQMNSLKPEDTAIYYCAADNGPGTCIGRPEYLFRYWGRGTQVTVSS
seq1717,DVQLVESGGGSVQPGESLRLSCRVSGDPYMTYCMGWFRQAPGKERGGVAYMNSAGRPTYYADSVKGRFTISQGDARYTMFLQMNSLKPEDTAIYYCAAVKCGSPDIIPSEHDFRYWGQGTQVTVSS
seq1718,QVQLVESGGGSVQAGGSLTLSCAASRYTRCRYDMNWYRQAPGKNREFVSGIDSDGTTTYATSVKGRFTISQDNAKNTATLQMASLKPEDTAMYYCNRVILCGDSDMANYWGQGIQATVSS
seq1719,QVQLVESGGGSAQAGGSLRLACGASGYTDRYCTMGWYRQAPGKQRELVANVIKNSRPWYKDSVKGRFTISLNKDNSSLELQMDNLKPEDTATYYCNIWADRCSPGYGLHLWGHGTQVTVSS
seq1720,DVQLVESGGGSVQPGGSLRLSCTASGFSFSRYCTGWFRQASGKEREGVAAINGAGMPTYYADSVKGRFTISRDNSKDMLYLQINLLKTEDAAIYYCAARSTFCTGGTWRDRDEVNYWGQGTQVTVSS
seq1721,QVQLVESGGGSVQASGSLRLSCDASEYTFSSNIMAWFRQAPGKECELVARMTSDGDTFYGNSVKGRAAISRDDADNTVHLQMNSLKPEDTAVYYCVARVFVPPINCPADFGYWGQGTQVTVSS
seq1722,DVQLVESGGGSVQAGGSLRLSCDASGYIDRRDCIGWFRQAPGQEREGVAAIYTVGGNTYYSDSVKGRFTISLDTTNNTVYLEMTSLKPEDTAMYYCAANFLVSTSSVLSPLNFGDWGQGTQVTVSS
seq1723,EVQLVESGGGSVQAGGSLRLSCAASKTTDIFAYMAWFRQAPGKEREGVAAAYTGLGFTYYADSVKDRFTISRDNAKNTVYLQMNSLKPDDTAMYYCAATSGALGGSKLRREGYNFWGQGTQVTVSS
seq1724,EVQLVESGGGSVQIGGSLRLSCVGSGYTDSNYCVAWFQQAPGKVREGVAVINFGRGTTQYSDSVKGRFTISQANAERTVKTVYLQMNNLKPEDTANYTCAAVLCDRRLSLVPGGYNWWGQGTQVTVSS
seq1725,EVQLVESGGGSVQAGGSLRLSCEVSELIGDTYCLGWFRQAPGKEREGVCSINTFGNAYYADSVKGRFTISQDNAEKKVFLEMNSLKPEDTATYYCAYVFTSLRCSRWLQYSSPQNTYWGQGTQVTVSS
seq1726,QVQLVESGGGSVQAGGSLRLSCVVSGFSGSTACMGWFRQAPGKEREGLAIINRRGGSAYYADSVKGRFTISQDVGKNTIYLQMNSLKPEDTAIYYCAAEMGLTIATESWGVDDFHEWGQGTQVTVSS
seq1727,EVQLVESGGGSVHVGGSLRLSCAASGSTSRLFCMAWYRHVPGKERERVAAMYLVSYTTTIKTYYHDSVKGRFALSRDNAGPTWYLQMDDLKLDDTAMYSCAALPGQCGRQDDEYRYWGQGTQVNVSS
seq1728,AVQLVESGGGSVQAGGSLRLSCVLSGDIDKMSCMGWFRQAPGKGRKPVATTYIGSSHITYYHDSIKGRFTISQSQDNAKRMVYLQMNSLKPEDTGLYYCAAGGGGCGASMSPGGFDYWGQGTQVTVSS
seq1729,QVQLVESGGGSVEAGGSLRLSCTVSGYVYTEYTCMGWFRQAPEKKREGVACIRRDSGSSYYDDFVAGRFTISQDNAKATVYLQMDTVKPEDTASYVCAIGIRVPDGSCLSENTIWTHWGQGTQVTVSS
seq1730,EVQLVESGGGSVQAGGSLKLSCSVTGFTFTASKWALGWYRLTPENKCEFISTIHSDGNRWSSDSVKARFTMSSDNAKNTVYLEMNSLKPEDSAMYFCAAVLFDVKQGVVPNAPSPNCTGYFDYWGQGTQVTVSS
seq1731,QVQLVESGGVSVQTGGSLTLSCAASGTTFSTYTLGWFRQAPGKECESFSLILADGTTHYSDSVKGRFTVSRDNVKNTAYLQMKTLKLDDTAVYYRAADPQVGFRGDPSNWGRCSAMYGYNYWGQGTQVNVSS
seq1732,QVQLVESGGGSVQAGGSLRLSCASSEHRFIHNCMGWFRQAPGKEREGVASIYTGDGFTYYADSVKGRFTISQGNAKNTVYLEMNSLKPEDTAMYYCASAPYHCDSASWRVKEGIFWGEGTQVTVSS
seq1733,QVQLVESGGGSVQAGGSLRLSCAASVITYSNNCMAWFRQAPGKEREGVAAIYTSDGSTHYADSMKGRFTMSQDNAKNTVYLQMNSLKPEDTALYYCVARKGGAGPCGGNWAANLGRFGYWGQGTQVTVSS
seq1734,EVQLVESGGGSVQAGGSLRLSCAASGLTDSFYCMAWFRQAPGKEREGVGIINTSGGTTYYADSVKGRFTISQDNAKKTNVLLMNNLKPEDTAIYYCAAVPRFLRCDYYFSRGTFDYWGQGTQVTVSS
seq1735,AVQLVESGGGSVQAGGSLRLSCAASGLTYSLCTMDWYRQAPGKEREGLAAIYRGSLKTYYADSVKGRLNISKDNAKSTFYLQLRSLKPEDTAMYYCAGGRAYLDDPTWLKGTGFDYWGQGTQVTVSS
seq1736,QVQLVESGGGSVQAGGSLRLSCAVSGDTGTGGHYCMGWFREAPGKEREEIVALYTGGGVTWYADSVRGRFAASQDNAKNTVSLQMNSLESEDTAMYYCAAADSCVTFARVQGGTLDYSSIPYWGKGTLVTVSS
seq1737,DVQLVESGGGSVQAGGSLTLSCVASGYPGNNYNAGWFRQSPGKEREGVAAINGDGTVTFYADSVKGRFTISREIDANPAQDLGKNPVLLKLNSLKPEDTAIYYCAAGGSMSKGNWRTGRGFDHWGQGIQVTVSS
seq1738,QVQLVESGGGSVQAGGSLRLSCAFSGFTYNRYCLGWFRQAPGKEREGVASIHSGGGAPYYADSVKGRFTISFDNAKSAVDLVIKNLQPEDTAVYTCAADWPSRGWLENCVAFNYWGQGTQVTVSS
seq1739,QVKLEESGGGSVQVGGSLTLSCVVSGDTGSLHYLAWFRQHSGKEREGVASINISNGVGGRTYYADSIKGRFTISRDPGKEITLYLKMDNLNSEDTASYYCAAGRTKYLRLVASGLSTLSTQAYHYWGQGTPVTVSS
seq1740,DVQLVESGGGSVQAGGSLRLSCEASSYSIYCRYDMSWYRRAPGEDPEEREFVSGIDNDGSTTYADSVKGRFTISQDNAKKTVYLQMNSLKPEDTAMYYCKIHPSGPICPYGLDFWGQGTQVTVSS
seq1741,EVQLVESGGDSVQAGGSLRLSCAASEYTSCMGWFRRQVLGKEREGIAAICAGDGLTSYADSVKGRFNISRDNAKNMRYLQMNSLEPEDTAMYFCAADAKVPGGGWIGLRLKSLRGDFRYWGKGTQVTVSS
seq1742,QVQLVESGGGSVQAGGSLRLSCAASGATYNLYNGKCLGWYRQAPGKEREGVAHIGVHDGSTYYADSVKGRFTISQDNAQNTVYLQMNGLKPEDTAIYYCAQDRSCLPLGNRLCLLGPGDQVTVSS
seq1743,QVQLVESGGGSVQAGGSLNLACKASQSIDNGYCIAWFRQAPGEEREVVAVIEGGGGSSEYAYDGSMTGRVTISQDTTKTTVFLEMSSLRPDDTAIYYCAARRRVAICSPGVGWTAYGDWGQGIQVNVSS
seq1744,QVKLEESGGGSGQAGGSLRLSCASSGYTSSRYCMGWFRQAPGKEREWVARINSGGYNTDYADSVKGRFTISQDNTKNTVYLQMNSLKPEDTAIYYCAANFSPNYALSCRTTLGDYYWGQGTQVTVSS
seq1745,AVQLVESGGGSVQAGGSLRLSCTGSGFSFAGSDMGWYRRAPGKACELVSRINTDGSTYYTESVEGRFTISRDNAKRMVYLQMNTLEPLDTAMYYCAGPSMQSTGGCLGPPYSGRGIQVTVSS
seq1746,AVQLVESGGGSVQAGGSLTLSCVASGYNFSTDCMAWFRQAPGNEDPEESDEVASIDKGAGGLPDYANVNFADSVKGRFTISRDVAKNTVYLQMTKLKPEDTAIYLCAVDGCGFSRGPRGYNYWGQGTQVTVSS
seq1747,AVQLVDSGGGSVQAGGSLRLSCTSTSQYMFDTRAMAWFRQPPGKECELVSIIKSDGSTGVADSVKGRFAISQDSNENTVYLQMNSLKPEDTAVYYCAADVGLR
seq1748,QVQLVESGGGSVQAGGSLSLSCALSEHSFRTFCMAWFRQAPGKEREGVAVINSGIGKAYYADSVKGRFTISLDNAETTVYLAMENLKPEDTAIYYCAATPGVCGGSFLGRGADQLYSYWGQGTQVTVSS
seq1749,QVQLVESGGASAQAGESLRLSCTASGFDFADSDMGWYRQVPGNECELASSISSAGIPLYADSVKGRFTISRDNAKNAVYLQMNSLKVGDTGMYYCAADRIRLGFPRQTPACTDLRALFSDWGQGTQVTVSS
seq1750,AVQLVESGGGSVQAGGSLRLSCAASGDTARNYYWAWFRQVPGQEREWVAWIDTGAGSSIQRNYADSVKDRFTISRDDTKNAIYLQMSTLKPEDTAMYYCGADARTGGDLRRASTYQSWGRGTQVTVSS
seq1751,AVQLVESGGGSAQAGGSLRLSCVVSGRTDSRDYVGWFRQGPGKEREGVACIATETGNTAYTDSVKGRFTIAQDKAKNTVYLQMNSLKPEDTGVYYCASFGTRPWSETCIPVEGAYNYWGQGTQVTVSS
seq1752,DVQLVESGGGSVEAGGSLRLSCKVSGATSRSSCMGWFRQAPGKEREAIAGISSTAISTNYADSVKGRFIISRDNAENEVYLQMNNLKPEDTAIYYCASGRYGIVNFARCEESDFVHWGQGTQVTVSS
seq1753,QVQLVESGGGLVQAGGSLTLSCAPSGSGISYIMCCMTWYRQAPGKERELISTISSDGSTYYAVSVRGRFTISKGRAKNTLSLQMNNLNVNDTAVYYCAQSLECCPVSPSDGTPRLTKVEFDYWGQGTQVTVSS
seq1754,QVQLVESGGGSVQAGGPLALSCEASGANYCSYDIGWYRQAPGKEREFVSRIDLDGRTDYADSVKGRFTVSQDNSKRTSYLQMNSLKPEDTAMYFCKAELLCYGDYSFMTGQYRWGQGTQVTVSS
seq1755,EVQLVESGGGLVQAGGSLTLSCAASGFTHSSYCIGWFRQTPGQERENVANINSGGGSTYYADSVKGRFTISQDKAKNTVSLQMNNLQPEDTATYYCAADIASYDTSPCTVIAGLEYFDYGQGTQVTVSS
seq1756,QVQLVESGGGSVQAGGSLRLSCSASGFDGIHCMAWYRLAPGTEREGVATFSSGGRTAYADSVKGRFTISRDNTKNTVFLQMNSLKPEDTAIYLCAANPFRCDWSYVPPATAFLYWGQGTQVTVSS
seq1757,DVQLVESGGGSVQAGGSLRLSCTVSGNTYDAYCVAWFRQGPGKEREGVARAHSNGGGTYLADSVKGRFTLSQDHAKSTAYLQMNSLKPEDTAMYTCAFISSWCRDGNCICPSDGYQYWGQGTQVTVSS
seq1758,DVQLVESGGGSVQAGGSLKLSCSASGYTYRSYCMGWFRQAPGKQRTGVAHIHSDSGETYYIDSVKGRFTISQDNAKNTLYLQMTNLKPEDTAIYYCAALYTQGAGSCPGSYNYWGQGTQVTVSS
seq1759,AVQLVESGGGSVQAGGSLKLSCAVSGYTYTSSSGCMGWFRQAPGKEREGVATIDSGGGNAFYADSVKGRFIISQDHVQNTVYLQMNNLKPEDTAIYYCAADPKLVCGSVAPTILLFRLLSMGSYWGQGTQVTVSS
seq1760,QVQLVESGGGSVQTGGSLKLSCVISEYTHCASWFRQAPGADREGLANIIRDDGSTYYGTSAKGRFTIAQDNATNTMYLQMDALKPEDTATYFCAYGRKSLPGARCQIAAWGQGTQVTVSS
seq1761,QVQLVESGGGSVQAGGSLRLSCKASGFTFEDFDVGWYYRTPGNVCVLVSSITGDGATAYADSVKGRFTITRDNAKNTVYLQMNNLKLEDTAMYYCAADDSLHGSWRVYCRGKFGYWGQGTQVTVS
seq1762,DVQLVESGGDSVQAGGSLRLSCAASGDTYNKRLTWFRQSPGREREGIATIFYDRTNYADSVKGRFTISQAKSTVYLQMNSLNPEDTAMYYCALRRSSNKPYFDLRSYNYWGQGTQVTVSS
seq1763,QVQLVESGGGSVQAGGSLRLSCTASGDTDNLYSLSWFRQAPGKEREGVAGIRRGGGNPKYSDSVKGRFTISQDVASNMVYLQMNSLKPEDTAIYYCAARKDAHVWTSLLYPNQYNYWGQGTQVTVSS
seq1764,QVQLVESGGGSVQPGGSLSLSCEVSGTTNLNMCMGWFRQSPGKEREGVASFYAGGPSTYDATTYYDDSVRGRFVISRDITKKTVYLQMNSLKAEDTAVYYCAAKRLSCADNWVRVSAPDYWGRGTQVTVSS
seq1765,DVQLVESGGGSVQAGGSLRLSCVASGFADSRMCMGWFRQAPGTEREGIAEMYTVGDLTYYADSVKGRFTMSADNAKMTVYLQMNNLADDDTATYTCAASPRPCATGGLSPNDYKFWGRGTQVTVSS
seq1766,EVQLVESGGGSVQAGGSLRLSCVVSGYRYSFCSMAWYRQAPGKERELVSSTIDDGSTYYADSVKGRFTISQDNAKKTVYLQMNNLKPEDTAMYYCKIVVGGYCYHPYTMDYWGKGTLVTISS
seq1767,QVKLEESGETSVMAGGSLRLSCSVSDLTFDNVHMGWYRKTPGSECEMVAEIKSSGEIWYHMSVQGRFTISRVNEKRTAYLQMDNLAPSDTAMYYCSAEGVDWFKGGCSGRWSQGTRVTVSS
seq1768,QVQLVESVGDSVQAGGSLRLSCVASGFTETTCVMGWYRQAPGKERELVSSILSDGGTWYKDSVKGRFTISQEYVKKTVYLEMNSLEPEDTAMYYCMIIVAPPHERCGELERAYRYWGQGTQVIVSS
seq1769,QVKLEESGGGSVQAGGSLRLSCAASGYTYDSNIMGWFRQAPGKEREGVAWIYTAGGGASYATSVQGRFIISQDDNKNAVYLQMNNLKPEDTAMYYCAADYDPDYSDYNAGKELLPSDFGYWGQGTQVTVSS
seq1770,AVQLVDSGGGSAQTGGSLRLSCVASGYTDSSGCMGWFRPAPGKEREGVAIIKGELGSTYYADSVKGRFTISQDTAKNTVVLLMNSLKPEDTAIYYCGARPRAGPYDDCLGSYWGGRFEYVWGQGTQVTVSS
seq1771,QVQLVESGGDSVQPGGSLRLSCVVSASLFSRSCIGWFRQVTGKEYEGVATICPGANRSGYADNVQGRFVISRDNAKNTVYLQMNKLQPEDTAVYACAAGRAQTLVTKYYDSWGQGTQVTVSS
seq1772,DVQLVESGGGSVQAGGSLRLSCAASGFTFSKCSMGWYRQAPGKERELVSSIQIDGTTYVVDSVKGRFVISQDNAKDTVYLQMNSLKPEDTAMYYCYTRDAPLGDCYVSSWSSQTMDYWGKGTLVTISS
seq1773,EVQLVESGGGSVQAGGSLRLSCAASGFTNSDRCMGWFRQTPGKEREGVASINFDGDIIYYADSVKDRFLISRDNAKSTLYLQMNSLKPEDTAIYYCAARQFSVCAGALMPSAYDDWGQGTQVTVSS
seq1774,QVQLVESGGGSVQAGGSLRLSCAASGFTSNSDYCIAWFRQAPGKEREGVAAISSGGGATHYAESVTGRFTISRDNAKNVVILHMNNLKPEDTAIYYCAADYGGWCRVKERGYTYWGQGTQVTVSS
seq1775,QVKLEESGGGSVQAGGSLRLSCETSEHLDSEYCMAWFRQAPGKEREGVASLKRHGDSTTYGDSVKGRFTISQDNAKNAVYLQMDSLKVEDTAIYYCALQYFCLKATMTSNRYILWGQGTQVTVSS
seq1776,AVQLVDSGGGSLQAGGSLRLSCVASGYVTRNKCIGWFRQLPGKEREGVAAIFTGGYAVYYADSVKGRFTISQDNNKNTKTVYLEMNNLKPEDTAMYYCAGGDIYQDYDEGPWGGCTDYWGKGTLVAISS
seq1777,DVQLVESGGGSVQAGGSLRLSCVASVYIYSSSCMGWIRQVPGKEREGVGGIYSGGGTTHYHPSVKDRFTISQDNAKNTIYLQMNTLKPEDTAIYYCAASNRSRFCLSYYSDYVDMGVIDVWGQGTQVTVSS
seq1778,QVQLVESGGGSVQAGGSLRLSCTVSGWISSRYCLIWFRQAPGKEQEGVASINTGGGVTYYSDSVKGRFTISQGNTKNTWYLQMNNLKPEDTSIYTCGTFLVGFDDLVCRPDVSIYPSNFWGQGLQVTVSS
seq1779,QVQLVESGGGSVQAGGSLRLSCVASGYTFRGYAMGWFRQAPGKECELVSTMFTDADKAYADSVKGRFTISRDNDKNTLYLQMNDLKPEDTAVYYCGAVEMGHIDPGMRCRAGPSPGTQVTVS
seq1780,QVQLVESGGGSVQTGGSLRLSCTTSGFTFDSSDMGWYRQAPGNECELVATITSGRAIYYGDSVKGRFTISRDNNKNTVYLQMNSLKPEDTAMYYCAAYVD
seq1781,QVQLVESGGGSVQAGGSLRLSCAISGYTYSTAYMGWFRQVPGKEREGVAAINSDGTSTWYADSVKGRSTLSQDNAKNMVYLLMNNLKPEDTAIYYCAAGNWLGYYSDSYPAGITYWGQGTQDTVSS
seq1782,QVQLVESGGGSVQAGGSLRLACEVSGTFDINACVSWFRQPPGKDREGVAGINYSDDGTYYADSVKDRFTISQDNENTKKTVYLQMDNLKPEDTAIYYCAVGSLRGQCLGRRLPYNFWGQGTQVTVSS
seq1783,QVQLVESGGGLVQPGGSLRLSCAASGFTFANDAMTWVRQAPGKALEWVSSITLIGAGIPYYSDSVKGRFTISRDNTKNMLYLQMNSLKPEDTAVYYCAKGFKSDYPRGQGTQVTVSS
seq1784,QVQLVESGGGLVQPGGSLRLSCAASGFTFANDAMTWVRQAPGKALEWVSSVTLIGGGIPYYSDSVKGRFTISRDNTKNMLYLQMNSLKPEDTAVYYCAKGFKTNYPRGQGTQVTVSS
seq1785,QVQLVESGGGLVQPGGSLRLSCAASGFTFSNDAMTWVRQAPGKALEWVSSITLLGGGTPYYSDTVKGRFTISRDNTKNMLYLQMNSLKPEDTAVYYCAKGFKSDYPRGQGTQVTVSS
seq1786,QVQLVESGGGLVQPGGSLRLSCAASGFTFANDAMTWVRQAPGKALEWVSSITLIGTGIPYYSDSVKGRFTISRDNTKNMLYLQMNSLKPEDTAVYYCAKGFKTNYPRGQGTQVTVSS
seq1787,QVQLVESGGGLVQPGGSLRLSCAASGFTFANDAMTWVRQAPGKALEWVSSITLIGGGIPYYSDSVKGRFTISRDNTKNMLYLQMNSLKPEDTAVYYCAKGFKSDYPRGQGAQVTVSS
seq1788,QVQLVESGGGLVQPGGSLRLSCAASGFTFSNDAMTWVRQAPGKALEWVSSITLLGGGIPYYSDTVKGRFTISRDNTKNMLYLQMNSLKPEDTAVYYCAKGFKSDYPRGQGTQVTVSS
seq1789,QVQLVESGGGWVQPGGSLRLSCAASGFSFASDAMTWVRQAPGKALEWVSSITLIGGGIPYYSDSVKGRFTISRDNTKNMLYLQMNSLKSEDTAVYYCAKGFKSDYPRGQGTQVTVSS
seq1790,QVQLVESGGGLVQPGGSLRLSCAASGFTFANDAMTWVRQAPGKALEWVSSITLIGGGIPYYSDSVKGRFIISRDNTKNMLYLQMNSLKPEDTAVYYCAKGFKSDYPRGQGTQVTVSS
seq1791,QVQLQQSGGGSVQAGGSLRLACAASASGYTESVKWMGWFRQAPGQEREGVAVISIPGGSTYYDDDVKGRFTISQDNAKNTVYPQMNSLKPEDTAMYYCAARNAGGRFRPSAAGGYNYWGQGTLVTVSS
seq1792,QVQLQESGGDSVQAGGSLRLACAASASGYTESVKWMGWFRQAPGQEREGVAVISIPGGSTYYDDDVKGRFTISQDNAKNTVYPQMNSLKPEDTAMYYCAARNAGGRFRAWAGGGDNYWGQGTQVTVSS
seq1793,QVQLQESGGDSVQAGGSLRLACAASASGYSVCVGWVGWFRPAPGRERGGVAVVSVPGGGSFFGGDVGGRFSLSPDHAQNTVYPQMNSLKPEDTAMYYCAARNAGGRFRPSANGGYNYWGQGTQVTVSS
seq1794,QVQLQESGGGLVQPGGSLRLSCAASGFTFSSYGMSWVRQAPGKGLAWVSTIDSGGGDRYYTDSVKGRFTISRDNAKNTLYLQLNSLKTEDTAMYYCAKLPGGGPELRLRDIATMPKGQGTLVTVSS
seq1795,QVQLQESGGGSVQAGGSLRLSCAASGYIYSNYCMAWFRQAPGKEREGVAHIKGRDDRTIYAASLQGRFTISRDNAKNTVYLQMNNLKPEDTAIYYCAADTSPLCGPATWRNINGYDYWGQGTQVTVSS
seq1796,QVQLQESGGGLVQPGGSLRLSCAASGFTFSSYSMNWVRQAPGKGLEWVSGIGAAGTYTYYADSLEGRFTISRDNAKNTLYLQMNSLKSEDTARYYCARGVPRCTDNCAYRGQGTLVTVSS
seq1797,QVQLQDSGGGSVQAGGSLRLSCAASGYTGVVGWFRQAPGKEREGVAIIYSVGGSTYYTDSVKGRFTISRDNAKNTVYLQMNSLNPEDTGMYYCAARERGFVSSIWAGFSSWGQGTLVTVSS
seq1798,QVQLQESGGGLKQAGGSLRLSCTASTRVPGTFCVGWFRQVPGKVYQKVAVTGIGGDYTSYADSVKGRFTISQDNAKNTVYLLMNNLKPEDTAIYYCAAGYCNSAFTSGTVATARGQGTQVTVSS
seq1799,AVQLVESGGGSVQAGGSLRLSCAASGYTFSSYAMGWFRQAPGKECELVSTIISDGSTNYADSVKGRFTISRDNAKNTVYLQMNSLKPEDTAVYYCAATLAG
seq1800,QVQLVESGGGLVQPGGSLRLSCAASGFTLDYYAIGWFRQAPGKEREGVSCISSSDGSTYYADSVKGRFTISRDNAKNTVYLQMNSLKPEDTAVYYCAAMELGLSLVVLAALLQGVLA
seq1801,QVQLVESGGGLVQPGGSLRLSCAASGFTLDDYAIGWFRQAPGKEREGVSCISSSDGSTYYADSVKGRFTISRDNAKNTLYLQMNSLKPEDTAVYYCAAMELGLSWVVLAALLQGVQ
seq1802,QVQLVESGGGLVQAGGSLRLSCAASGDTICISAMGWYRQAPGKERELVAAITSGGSTNYADSVKGRFTISRDNAKNTVYLQMNSLKPEDTAVYYCNAMELGLSWVVLAALLQGVQA
seq1803,QVQLVESGGGLVQAGGSLRHSCAASGLTFGSYAMGWYRQAPGKERELVAAISSGGSTYYADSVKGQFTISRDNAKNTLYLQMNSLKPGDTAVYYCAKMEL
seq1804,QVQLVESVGGLVQDGGSLRLSCAASGRTFSRSAMRWFRQAPGKEREWVSCISSSDGSTNYADSVKARFTISRDNAKNTLYLQMNSLKPEDTAVYYCAMELGLSWVVLAALLQGVQA
seq1805,QVQLQESGGGLVQPGGSLRLSCAASEFTLDYYSIAWFRQAPGKEREGVSCISSYDGSTSYADSVKGRFTISRDNAKNTVYLQMNSLKPEDTAIYYCAAGIRDWATLREYEYDDWGQGTQVTVSS
seq1806,AVQLQESGGGLVQDGDSLRLSCAASGRTFSSYVMGWFRQAPGKEREFVAAIGWSGGSTAYADSVKGRFTISRDNARNTVYLQMNSLKPEDTAVYYCASAPTRWVPRDSRFYDRWGQGTQVTVSS
seq1807,EVQLQASGGGLVQAGGSLRLSCAASGFKITHYTMGWFRQAPGKEREFVSRITWGGDNTFYSDSVKGRFTISRDNAKNTVYLQMNSLKPEDTADYYCAAGSTSTATPLRVDYWGKGTQVSSMA
seq1808,DVQLQESGGGSVQVGGSLKLSCAISGYDNDNYCMGWFRQTPGKEREKVAALNIGGGSPVYADFVRGRFTISLDSSKDTLYLLMNAVTPEDTAMYSCAAIRKPQLYTCRMWKPRADFDIWGQGTQVTVSS
seq1809,VQQQASGGGLVQAGGSLRLSCTASGRTLVGWRMGWFRQAPGKERDFVASITWSGGTTDYADSVKGRFTISRDISRKTVTLQMNSLKPDDTAVYYCAARHTRYGSHWSSWGQGTLVTVSS
seq1810,DVQQQASGGGLVQAGGSLRLSCTASGRTLVGWRMGWFRQAPGKERDFVASITWSGGTTDYADSVKGRFTISRDISRKTVTLQMNSLKPDDTAVYYCAARHTRYGSHWSSWGQGTLVTVSS
seq1811,GGGVVQPGDSLRLSCAASGRTLRTYTLGWFRQVPGKEREFVASIRWNGETRYGDSVKDRFTISRDNAKNTMYLQMSSLKLEDTAVYYCAADNDPRLQRPRFRGQGTQVTVSS
seq1812,QVQLQESGGGSVQPGGSLRLSCAASEYTASGNSMGWFRQAPGKEREGVAAINVGGRSTHYADSVAGRFTISQDSPKNTVYLQMNSLKPEDTAIYYCAAARGWKNRDTWLSGYNYWGQGTQVTVSS
seq1813,DVQLQASGGGSVQTGGSLRLSCAASGYSGSRYSMAWFRQVPGKEREGLAFINDDGSRTHYEGSAKDRFGISRDNAQNTMYLQMNGLKPEDTAMYYCAARESTWWITVPLGEAEYPYWGQGTQVTVSS
seq1814,EVQLQASGGGLVQPGGSLRLSCAASGFSFSDNYMSWIRQVPGKGLEWVSSISGKGTRIHYSDSVKGRFTISRDNAAATLYLQMTNLTPDDSGVYYCAKGGGLDPIVSALGTRGQGTQVTVSS
seq1815,EVQLQASGGGSVHPGESLRLSCVASGFDFSLNYMSWVRRAPGKGDEWVSSISGQGTRIHYKDSVKGRFTVTRDNAKSTLYLQMNDLEPEDSAVYYCAKGGGLDPIVSALGTRGQGTQVTVSS
seq1816,QVQLVESGGRLVQAGDSLRLSCAASGRTFSTSAMAWFRQAPGREREFVAAITWTVGNTILGDSVRGRFTISRDRARNTVDLQMDNLEPEDTAVYYCSARSRGYVLSVLRSVDSYDYWGQGTQVTVS
seq1817,QVQLVESGGALVQPGGSLRLSCAASGFPVNRYSMRWYRQAPGREREWVAGMSSAGDRSSYEDSVRGRFTISRDDARNTVYLQMNSLRPEDTAVYYCNVNVGFEYWGQGTQVTVSS
seq1818,DVQLQASGGGFVQAGGSLRLTCVASGHTFGSYAMGWFRQAPGKEREFVAAISWSGGDTYADSVKGRFTISRDNAKNTVYLQMNSLEPEDTAVYSCAAVGARYYISKDAKDYGYWGQGTQVTVSS
seq1819,DVQLQASGGGLVQPGGSLRLTCAASGLIFGSYAMGWFRQAPGKAREFVAAISWSGGDTYADSVKGRFTISRDNAKNTVYLQMNSLEPEDTAVYSCAAVGSKYYISKDAKDYGYWGQGTQVTVSS
seq1820,EVQLQASGGGLVQPGGSLRLPCAASGLIFGSYAMGWFRQAPGKAREFVAAISWSGGDTYADSVKGRFTISRDNAKNTVYLQMNSLEPEDTAVYSCAAVGSKYYISKDAKDYGYWGQGTQVTVSS
seq1821,EVQLQASGGGLVQAGDSLRLPCAASLRTFGSYALGWFRQAPGKEREFVAAISWSGGDTYADSVKGRFTISRDNAKSTVYLQMNSLEPEDTAVYSCAAVRARYYISKHATDYGFWGQGTQVTVS
seq1822,EVQLQASGGGLVQAGGSLRLTCAASGRTFGSYAMGWFRQAPGKEREFVAAISWSGGDTYADSVKGRFTISRDNAKNTVYLQMNSLEPEDTAVYWCAAVRARYYISKVAEDYGYWGQGTQVTVSS
seq1823,DVQLQASGGGLVQAGGSLRLTCAASGRTFGSYAMGWFRQAPGKEREFVAAISWSGGDTYADSVKGRFTISRDNAKNTVYLQMNSLEPEDTAVYWCAAVRARYYISKVAEDYGYWGQGTQVTVSS
seq1824,EVQLQASGGGLVQAGGSLRLPCAASGRTFGSYAMGWFRQAPGKEREFVAAISWSGGDTYADSVKGRFTISRDNAKNTVYLQMNSLEPEDTAVYWCAAVRARYYISKVAEDYGYWGQGTQVTVSS
seq1825,EVLLVESGGGLVRPGMSRTLACVGSGFSFGSYTINWVRQAPGKELRGVSSISSGSSYINYAESMRGRCTTSRDNDRKSVSLRINRLTPGDTAVYYCARSGVDIAVISAALHLEGDYYYYVDVWGRGTTLIVSS
seq1826,EVQLLESGGGLAQPGGSLRLSCEASGFTLSNYAMSWVRQAPGTELRGVSDISGTGGRTDYADSVKGRFTISRDNSKNTLYLEMNSLRAEDTAVYYCARDGYNFVPFDYWGQGALVTVSS
seq1827,QVRLVQSGAEVKKPGSSVKVSCKASGGTFNSYGISWLRLAPGQELRGMGGIIPMFGRANYAQNFQGRVTITADESTNTVYMELSSLRSDDTAMYYCARNRDAVFGVVSDNYMDVWGKGTTVTVSS
seq1828,EVQLVESGGGSVQPGGSLTLSCGTSGRTFNVMGWFRQAPGKEREFVAAVRWSSTGIYYTQYADSVKSRFTISRDNAKNTVYLEMNSLKPEDTAVYYCAADTYNSNPARWDGYDFRGQGTQVTVSS
seq1829,EVQLQASGGGLVQAGGSLRLSCTASGRTGTIYSMAWFRQAPGKEREFLATVGWSSGITYYMDSVKGRFTISRDNAKNSAYLQMNSLKPEDTAVYYCTATRAYSVGYDYWGQGTQVTVSH
seq1830,QVQLQESGGGSVRPGESLRLSCIAAGTLFSGKAVGWYRQAPGKDRELVAALSSGRETYYIGPVKGRFIISRDDNKDTLYLQMNNLKLEDTAIYTCRLGLHWGQGTQVTVSS
seq1831,QGQLVESGGGSVQAGGSLRLSCAASGIDSSSYCMGWFRQRPGKEREGVARINGLGGVKTAYADSVKDRFTISRDNAENTVYLQMNSLKPEDTAIYYCAAKFSPGYCGGSWSNFGYWGQGTQVTVSS
seq1832,QVQVLPSGGGLVQPGGSLRLSCAASGFTFSNFAMTWVRQAPGKGLEWVSSINMYGSTSYADSVKGRFTISSDNAKNTLYLQMNSLKPEDTAVYYCADMDYGMDYWGKGTLVTVS
seq1833,QVEVQASGGGLVQAGGSLRLSCAASRSIDDINVMGWYRQVPGKTRELVAVFISGGSITTYADSVKGRFTVSKDNAKNTVYLQMNNLLAQDTAVYYCGAKFQYGTSTYWGQGTLVTVS
seq1834,QVQVVASGGGLVQPGGSLRLPCAASGFTFSSYDMSWVRQAPGKGLEWVSGINTSGGSTYYADSVKGRFTISRDNAKNTLYLRMNSLKPEDTALYYCARGPVPYGLETLYEHDYLGQGTQVTVS
seq1835,EVEVEESGPGLVKPSQTLSLTCTVSGDSITIAYAYWNWIRQPPRKGLEWVGAIADSGTTYYSPSLKSRTSIARDTSKNQFTLQLKSVTPEDTAVYYCARVGPTGNQSPIPCGHYWGQGTLVTVS
seq1836,EVELLASGGDLVQPGGSLRLSCAASGFTFSTYAMSWVRQAPGKGLERVSRVNQNGGTTTYADAMKGRFTISRDNAKNTLYLQMINVKPEDTAIYYCARWDGGSWSYDPWGRGTLVTVS
seq1837,EVEVVQSGGGLVQPGGSLRLSCAASGFTFGSYAMNWVRQAPGKGPEWVSDIDSGGGFTYYVDSVKGRFTISRDNAKNTLYLQMNSLEPEDTAVYYCLKDHRVYDRGNYYYRAEETAHWGQGTLVTVS
seq1838,EVEVVASGGGLVQPGGSLRLSCAASGFTVSSYGMNWVRQAPGKGLEWVSLIYSSGSTGYADSVKGRFTISRDNAKNTLYLQMNSLKPEDTAVYYCAKYTTGYGMDYWGKGTQVTVSP
seq1839,EVEVVESGGGLVQPGGSLRLSCAASGFTFSSYRMYWVRQAPGKGLEWVSYMNTGGGTTYYTDSVKGRFTISRDNAKNTLYLQMNSLKPEDTALYYCARPYYSGDWYYTGYNYWGQGTQVTVS
seq1840,EVEVEESGGGLVQPGGSLRLSCAASGFALSSFAMSWVRQAPGKGLEWVSASSSVGSQLYHDSVKGRFTISRDNTKNMLYLQMNNLRPEDTALYYCAKFGGNYYLEYDSWGQGTQVTVS
seq1841,EVEVEESGGGLVQPGGSLRLSCATSAFTFSNYGTSWVRQAPGKGLEWVSGINSDGRYTITTDSLKGRFTISRDNAKNTLYLQMNSLKPEDTAVYYCAKADYWGPTLGDYWGKGTLVTVS
seq1842,EVEVEESGGGLVQPGGSLRLSCAASGFTFSSYWMYWVRQAPGKGLEWVSAINTGGGSTYYADSVKGRFTISRDNAKNTLYLQMNSLKPEDTALYYCARDGIGPLYGLGTEYDYWGQGTQVTVS
seq1843,QVELVESGGGLVQPGGSLRVSCAASGFTFGSYYMNWVRQAPGKGLEWVSGIHNSGDNTNYADSVKGRFTISRDNAKNTLYLQINSLSPEDTALYYCARRYEMDYWGKGTQVTVS
seq1844,EVEVVESGGALVQPGGSLRLSCAASGFTFDDYAMSWVRQAPGKGLEWVSTINWNGGSTYYAESMKGRFTISRDNAKNTLYLQMNGLKSEDTAVYYCAKHTMLYYSDYVSVDYWGQGTQVTVS
seq1845,QVEVVASGGGLVQAGGSLRLSCAASGFTFSTYWMYWVRLAPGKGLEYIAEINAGGGATYYSESVKGRFTVSRDNAKNTVYLQMNSLKPEDTGLYYCARDAEWTGHASDYWGQGTQVTVS
seq1846,QVEVVESGGGLVQPGGSLRLSCAASGFTFSNYWMYWVRQAPGKGLEWVSAINIGGGSTDYADSVKGRFTISRDNAKNTLYLQMNSLKSEDTAVYYCVAGGIVSYAMDYWGTGALVTVS
seq1847,QVEVEESGGGLVQPGGSLRLSCAASGFTFSSRTMSWVRQAPGKGLEWVSAIDTGGASLNYADSVKGRFSISRDNAKNTLYLQMNSLKPEDTAVYYCVKLWGYRFPYDYWGQGTQVTVS
seq1848,EVEVVASGGGLVQPGGSLRLSCAASGFTFSSYAMSWVRQAPGKGLEWVSAINSGGVTSYADSAKGRFTISRDNAKNTLYLQMNSLKPEDTAVYYCARTIFPQDYSGTYYSYGMDYWGKGTLVTVS
seq1849,EVEVVASGGGLVQPGGSLRVSCAASGFTFSNYWMNWVRQAPGKGLEWVSSINSGGAQAYYADSVKGRFTLSRDNAKNTLSLQMNSLKPEDTALYYCARGALYYIDYDVSDYWGQGTQVTVST
seq1850,DVQLVESGGDLVQPGGSLRLSCAASGFTFSTHAMTWIRQRPGKGLEWVSTINSGRGATYYADSVKGRFTISRDNDKNTLYLQLNSLNTEDTATYYCANAKHWPPYYGMDYWGKGTQVTVSS
seq1851,QVQLVESGGGLVQPGGSLRLSCAASGADAFVIIGGWFRQAPGKGLEAVAAIAWTDQHEYYADSVKGRFTISRDNSKNTLYLQMNSLRAEDTAVYYCAAQDSAYIKSKGSRAYEYWGQGTQVTVSS
seq1852,QVQLVESGGGLVQPGGSLRLSCAASGLAQSKWAYGWFRQAPGKGLEAVAAIDVATGPWYYADSVKGRFTISRDNSKNTLYLQMNSLRAEDTAVYYCAAHHIPTKHPAFPDFRDYWGQGTQVTVSS
seq1853,QVQLVESGGGLVQPGGSLRLSCAASGGNAAERMAGWFRQAPGKGLEAVAAIYYAKFGPYYADSVKGRFTISRDNSKNTLYLQMNSLRAEDTAVYYCAAEAFVQSPYSGSHTTKYWGQGTQVTVSS
seq1854,QVQLVESGGGLVQPGGSLRLSCAASGNIDSTRYHGWFRQAPGKGLEAVAAIKGVWPEDYYADSVKGRFTISRDNSKNTLYLQMNSLRAEDTAVYYCAADQYEWWVPGEVGPYLYWGQGTQVTVSS
seq1855,QVQLVESGGGLVQPGGSLRLSCAASGRQAVVFGWFRQAPGKGLEAVAAIHVPAKNRYYADSVKGRFTISRDNSKNTLYLQMNSLRAEDTAVYYCAAHYEFNDFVWQGYSSDYWGQGTQVTVSS
seq1856,EVQLLESGGGLVQPGGSLRLSCAASGDRFSHKTMGWVRQAPGKGLEWVSAIWAPDGSTYYADSVKGRFTISRDNSKNTLYLQMNSLRAEDTAVYYCAGGDPALNNTVQYWGQGTLVTVSS
seq1857,DVQLQESGGGSVQTGGSLRVSCAAPKYTYSNYCMGWVRQAPGKEREGVASVNTEGTGVYAKSVKGRFTISRDNINNTVYLQMDSLKPEDTAIYYCAATETPYCWGDLTGYKLWGQGTQVTVSS
seq1858,DVQLQESGGGSVQTGGSLRVSCAGPKYTYSNYCMGRVRQASGRERVEVASVNTEGTGVYAKSVKGRFTISRDNINNTVYLQMDSLKPEDTAIYYCAATETPYCWGDLTGYKLWGQGTQVTVSS
seq1859,DVQLVESGGGLVQPGGSLRLSCAASGFTASSYYISWVRQAPGKGLEWVSGICSAGSNTRYADSVKGRFTISRDNDKNMVYLQMNSLNPEETAVYYCATTPCGGSYCNSFVPVGMDAWSQGTLVTVSS
seq1860,DVQLVESGGGLVQPGGSLRLSCAASGFTFSNSYIGWVRQAPGKGLEWVSGIHSDGRNPSYADSVKGRFTISRDNAKNSVYLQMNSLKPEDTAVYYCVRDPYGMGSWGQGTQVTVSS
seq1861,QVQLLESGGGLVQPGGSLRLSCAASGDRFSHKTMGWVRQAPGKGLEWVSAIWAPDGSTYYADSVKGRFTISRDNSKNTLYLQMNSLRAEDTAVYYCAGGDPALNNTVQYWGQGTLVTVSS
seq1862,EVQVVESGGGLVQPGGSLRLSCVASGFTLSSRFMCWVRQAPGKGLEWVSSIDFDGRNTGYADSVKGRFTISRDNAKNTLYLQMNSLKAEDMALYYCAAHIGGWDMDYWAKGTLVTISS
seq1863,QLQLAESGGGLVQAGGSLNLSCIASRRTLSTSFMAWFRQVPGKEREFVAALRSSDGRPYYGDSVKGRFTVSRDNANTVYLQMNSLKPEDTAIYYCALNRGYSGTGYPSKQYEYNDWGQGTQVTVSS
seq1864,QVQLVETGGGLVQPGGSLKLSCAASGSISSPNVMGWYRQAPGKQRELVATMTSGGNTYSEDSVKGRFTISRDNAKNTVYLQMNSLKPEDTAVYYCNARDMWDRSHEYWGQGTQVTVSS
seq1865,QVQLVESGGGLVQAGGSLRLSCAASGRTYTMGWFRQAPGKEREFVAAMRWSDTDYADSLKGRFTISRDNANNAMYLQMNSLGPEDTAVYYCAAGEAWLARSTHHYDYWGQGTQVTVSS
seq1866,QVQLVESGGGLVQPGGTLRLSCAASGFTLDYYAIGWFRQAPGKEREGVSCISGSGGITNYTDSVKGRFTISRDNAKNTVYLQMNSLKPEDTAVYYCAPVSHTVVAGCAFEAWTDFGSWGQGTQVTVSS
seq1867,QLQLVESGGGLVQAGGSLRLSCAASERTFSGGVMGWFRQRPGKEREFVAAIRWNGASTFYADSVKGRFTCSRDNAKNTGYLQMNSLTPEDTAVYYCARAVRTYASSDYYFQERTYDYWGQGTQVTVSS
seq1868,QVQLQESGGGSAQAGGSLRLSCAASGYTYSLPFMAWFRQAPGKEREGVAVIAPGAGMAYYASSVKGRFTISQANAKNTVYLQMNSLKPEDTAMYYCAARTSSGAYYWQDRGRYPYWGQGTQVTVSS
seq1869,QVQLQESGGDSVQAGGSLRLSCAASEYTFTTACMGWFRQTPGKEREGVAIMYPSSGRTYVASSVLGRFTISQDSAKNTLYLQMNGLKPEDTAMYYCAAVRPRTTAGVVSCPTRRYEYNFWGQGTQVTVSS
seq1870,QVQLQESGGGSVQTGGSLRLSCAASGSVYCMGWIRQAPGKEREGVARINSDGSVTYYARSAKGRFSISRDSAKNTVTLLMNSLKPEDTAIYTCTADTRKCMDLGSWIDSDYRGQGTQVTVSS
seq1871,QVQLQESGGGSVQAGGSLRLSCAASGYTYSSYCMGWFRQAPGKGPEGVAAISSDGGSTYYAYSAKGRFTISQDNAKNTVYLQMNSLKPEDTAIYYCAARSPCGNLFDVGVVNYTYTGQGTQVTVSS
seq1872,QVQLQESGGGSVQAGGSLRLSCEASGYISSMYCMGWFRQAPGKEREGVALFNRSTGVEYYRASVKGRFTISHDNAKNTVYLQMNSLKLEDTAVYYCAAGPTCGGWYPGLYNYWGQGTQVTVSS
seq1873,QVQLQESGGGSVQAGGSMRLSCAASGYTYSMYCMGWIRQAPGKEREGVARINADGSTTYYGSSAKGRFSISRDSAKNEVTLLMNSLKPEDTAVYTCTADTRKCRDLSSWIDSDYWGQGTQVTVSS
seq1874,QVQLQESGGGSVQAGGSLRLSCAASGYTASSYCMGWFRQAPGKERVGVAAINSGGDWTYYAGSVKGRFTISQDNAKNTVALLMSSLKPEDTAVYYCAAAYAIECTQLTGPADFGYWGQGTQVTVSS
seq1875,QVQLQESGGGSVQAGGSLRLSCAASGSVYCMGWIRQAPGKEREGVARINSNGSVTYYGSSAKGRFSISRDSAKNTVTLLMNSLKPEDTAIYTCAANTRKCMDLSSWIDVDYWGQGTQVTVSS
seq1876,QVQLQESGGGLVQPGGSLRLSCIASGFAFNEYYMSWVRQAPGKELEWLSGINPDGSNTDYADSVKGRFTISRDNAKNTLYLEMNSLTSEDTALYYCATDFARVYTGGWFLESLSEGTGQLGQGTQVTVSS
seq1877,QVQLQESGGGSVQVGGSLRLSCAASGFTSSRYCVGWFRQAPGKEREGVATINSGGDWTHYANSVKGRFTISQDIAKNTVDLLMNSLKPEDTAIYYCAAATFGCLLVTGPADFEYWGQGTQVTVSS
seq1878,QVQLQESGGGSVQAGGSLRLSCAASGSVYCMGWIRQAPGKEREGVARINSNGSVTYYGSSAKGRFIISRDSAKNTVTLLMNSLKPEDTAIYTCAANTRKCMDLSSWIDVDYWGQGTQVTVSS
seq1879,QVQLQESGGGSVQAGGSLRLSCAASGSVYCMGWIRQAPGKEREGVARINSNGSVTYYGRSAKGRFSISRDSAKNTVTLLMNSLKPEDTAIYTCAANTRKCMDLSSWIDVDYWGQGTQVTVSS
seq1880,QVQLQESGGGSVQAGGSLRLSCEASGYIFSMYCMGWFRQAPGKEREGVALFNRSTGVEYYRASVKGRFTISHDNAKNTVYLQMNSLKPEDTAVYYCAAGPSCGGWYPGLYNYWGQGTQVTVSS
seq1881,QVQLQESGGGSVQTGGSLRLSCAASGSVYCMGWIRQAPGKEREGVARINSDGSVTYYGSSAKGRFSISRDSAKNTVTLLMNSLKPEDTAIYTCTANTRKCMDLGSWIDFDYRGQGTQVTVSS
seq1882,QVQLQESGGGSVQTGGSLRLSCAASGSVYCMGWIRQAPGKEREGVARINSDGSVTYYGSSAKGRFSISRDSAKNTVTLLMNSLKPEDTAIYTCTAGTRKCMDLGSWIDFDYRGQGTQVTVSS
seq1883,QVQLQESGGGSVQAGGSLRLSCAASGDTYRRACMGWFRQAPGKEREEIASIYTNGGNTYIADSVKGRFTISRDNAKNTVYLQMNSLKPEDSAMYYCVADVQVRGYCTTKNLYEYESWGQGTQVTVSS
seq1884,QVQLQESGGGSVQAGGSLRLSCAVSGYTYTSYCMTWFRQAPGKEREGVAAINSDGSVTYYGSSAKGRFSISRDSAKNTVTLLMNSLKPEDTAIYTCTAATRKCMDLGSWIDFDYRGQGTQVTVSS
seq1885,QVQLQESGGGSVQAGGSLRLSCAASGSVGCMGWIRQAPGKEREGVARINSDGSITYYSSSAKGRFSISRDSAKNTVTLLMNSLKPEDTAIYTCTADTRKCMDLGSWIDSDYWGQGTQVTVSS
seq1886,QVQLQESGGGSVQIGGSLRLSCAASGFTSSRYCVGWFRQPPGKEREGVATINSGGDWTHYANSVKGRFTISQDIAKNTVDLLMNSLKPEDTAIYYCAAATFGCLLVTGPADFEYWGQGTQVTVSS
seq1887,QVQLQESGGGSVQAGGSLRLSCAATGRVYCMGWIRQAPGKEREGVARINSDGSVTYYGSSAKGRFSISRDSAKNTVTLLMNSLKPEDTAIYTCAANTRKCMDLSSWIDVDYWGQGTQVTVSS
seq1888,QVQLQESGGGSVQAGGSLRLSCAASGYTSEYTYDKYYNYMGWFRQAPGKERETVATINSRDITYYGDSVKGRFTISQDIAKNTVYLQMNSLKPEDTAMYYCATGRLGSSWNSWGQGTQVTVSS
seq1889,QVQLQESGGGSVQTGGSLRLSCAASGSVHCMGWIRQAPGKEREGVARINSDGSVTYYASSAKGRFSISRDSAKNTVTLLMNSLKPEDTAIYTCAADTRKCMDLSSWIDSDYWGQGTQVTVSS
seq1890,QVQLQESGGGSVQAGGSLRLSCAASGSVYCMGWIRRAPGKEREGVARINSDGSVTYYGSSAKGRFSISRDSAKNTVTLLMNSLKPEDTAIYTCAANTRKCMDLSSWIDVDYWGQGTQVTVSS
seq1891,QVQLQESGGGSVQAGGSLRLSCAASGSVYCMGWIRQAPGKEREGVARINSNGSVTYYGSSAKGRFSISRDSAKNTVTLLMNSLKPEDTAIYTCAANTRKCMDLSSWLDVDYWGQGTQVTVSS
seq1892,QVQLQESGGGSVQAGGSLRLSCAASGITTYTTYFMAWFRQAPGKEREGLAAINSRGDWTYYARSVKDRFTISQDNAKNTMYLLMNSLKPEDAAIYYCAAAPGAIYPPSISEYNIWGQGTQVTVSS
seq1893,QVQLQESGGGSVQAGGSLRLSCAASLSPNSSYCVGWFRQVPGKAREGVAGINSGGDWTYYAASVKGRFTISRDNDKNTVYLRMNSLKPEDTAIYYCAADPVITGDFCDRPVVGYAHWGQGTQVTVSS
seq1894,QVQLQESGGGSVQAGGSLRLSCAASGITTYSTYFMAWFRQAPGKEREGLAAIDSRGSWTYYARSVKGRFTVSQDNAKNTMYLLMNSLKPEDTAIYYCAAAPGATHPPSISDYNYWGQGTQVTVSS
seq1895,QVQLQESGGGSVQAGGSLTLSCAASGSVFCMGWIRQAPGKNREGVARINSDGSVTYYSSSAKGRFSISRDSAKNTVTLLMNSLKPEDTAIYTCTADTRKCMDLGSWIDSDYWGQGTQVTVSS
seq1896,QVQLQESGGGSVQAGGSLRLSCAASGSVSCMGWIRQAPGKEREGVARINSDGSITYYASSAKGRFSISRDSAKNTVTLLMNSLKPGDTAIYTCAADTRKCMDLSSWIDARYWGQGTQVTVSS
seq1897,QVQLQESGGGSVQTGGSLRLSCAASGSVYCMGWIRQAPGKEREGVARINSDGSVTYYASSAKGRFSISRDSAKNTVTLLMNSLKPEDTAIYTCTANTRKCMDLGSWIDFDYRGQGTQVTVSS
seq1898,QVQLQESGGGSVQAGGSLRLSCAASGSVYCMGWIRQAPGKEREGVARINSDGSVTYYGSSAKGRFSISRDSAKNTVTLLMNSLKPEDTAIYTCAANTRKCMDLSSWIDVDYWGQGTQVTVSS
seq1899,QVQLQESGGGSVQTGGSLRLSCAASGSVYCMGWIRQAPGKEREGVARINSDGSVTYYSRSAKGRFSISRDSAKNTVTLLMNSLKPEDTAIYTCTANLRECMDLGSWIDFDYRGQGTQVTVSS
seq1900,QVQLQESGGGSVQAGGSLRLSCAASGSVYCMGWIRQAPGKEREGVARINSDGSVTYYARSAKGRFSISRDSAKNTVTLLMNSLKPEDTAIYTCTADTRKCIDLGSWIDSDYRGQGTQVTVSS
seq1901,QVQLQESGGGSVQAGGSLRLSCAASGYTSSNYCVGWFRQGPGKEREGVATINIGRGVETYAHSAKDRFTISQDAAKNTVYLIIHSLKPEDTAIYYCAARTPIWDGSCPRDASGMRDWGQGTQVTVSS
seq1902,QVQLQESGGGSVQAGGSLRLSCVVSGVIYSNTCMGWFRQAPGKEREGVAGINSGGGVTIYAGSVKGRFTISQNNAKNTVYLLMNSLKPEDTAIYYCATDYL
seq1903,QVQLQESGGGSVQAGGSLRLSCAVSVYPNSSYCVGWFRQVPGKAREGVAAINSGGDWTYYAASVRGRFTISRDNAKNTVYLRMNSLKPEDTAIYYCAAHPVGSGVFCDRPVVEYNHWGQGTQVTVSS
seq1904,QVQLQESGGGSVQAGGSLRLSCAASVYPNSSYCVGWFRQVPGKAREGVAAINSGGDWTYYAASVKGRFTISRDNAKSTVYLRMNSLKPEDTAIYYCAADPLASGDFCDRPVVEYNHWGQGTQVTVSS
seq1905,QVQLQESGGGSVQAGGSLRLSCAASGGSYSNYCVGWFRQGPGKEREGVATINIGRGVETYAASVKGRFTISQDNAKNTVYLIMNSLKPEDTAIYYCAARMPSWDDSCPRDASGMRYWGQGTQVTVSS
seq1906,QVQLQESGGGSVQAGGSLRLSCAASGYTGSMYCMGWFRQAPGKERERVATIDSRSSVETYAGSVKGRFTISQNNAKNTVYLQMSSLKPEDTAIYYCATDNLAWCSGDYHLYKYWGQGTQVTVSS
seq1907,QVQLQESGGGSVQAGGSLRLSCAASGDTSSNYCVGWFRQGPGKEREGVATINIGRGVETYARSAKDRFTISQDNAKNTVYLIIHSLKPEDTAIYYCAARTPIWDGSCPRDASGMRDWGQGTQVTVSS
seq1908,QVQLQESGGGSVQAGGSLRLSCALSVYPNSSYCVGWFRQVPGKAREGVTAINSGGDWTYYAASVKGRFTISRDNAKSTVYLRMNSLKPEDTAIYYCAADPVASGGFCDRPVVGYKHWGQGTQVTVSS
seq1909,QVQLQESGGGSVQAGGSLRLSCVASGVIYNNTCIGWFRQAPGKEREGVAGINSGGGNTYNAASVEGRFTISQDNVKNTVYLLMNSLKPEDTAIYYCATNWRRGVRCTDPSWRDGYNYWGQGTQVTVSS
seq1910,QVQLQESGGGSVQAGGSLRLSCAASGSVYCMGWIRQAPGKEREGVARINSNGSITYYGSSAKGRFSISRDSAKNTVTLLMNSLKPEDTAIYTCAANTRRCMDLSSWIDVDYWGQGTQVTVSS
seq1911,QVQLQESGGGSVQAGGSLRLSCAASGSVYCMGWIRQAPGKEREGVARINSNGSITYYGSSAKGRFSISRDSAKNTVTLLMNSLKPEDTAIYTCAANTRKCMDLSSWIDVDYWGQGTQVTVSS
seq1912,QLQLQESGGGSVQAGGSLRLSCAVSVYPNSSYCVGWFRQVPGKAREGVAAINSGGDWTYYAASVRGRFTISRDNAKNTVYLRMNSLKPEDTAIYYCAAHPVGSGVFCDRPVVEYNHWGQGTQVTVSS
seq1913,QVQLQESGGGSVQAGGSLRLSCAASGYTSSNYCVGWFRQGPGKEREGVATINIGRGVETYAHSAKDRFTISQDNAKNTVYLIIHSLKPEDTAIYYCAARTPIWDGSCPRDASGMRDWGQGTQVTVSS
seq1914,QVQLQESGGGSVQAGGSLRLSCAASWHTYSSNCLGWFRQAPGKERDLVAALYINGGSTYYADSVKGRFAISQDSARNSVYLQMNSLKPEDTAMYYCAADDPALDDLSSGGYCSRAYGYHYWGQGTQVTVSS
seq1915,EVQLQASGGGLAQPGGSLRLSVTVSGSIDVINNMAWYRQAPGNARELVATITSGFSTNYASSVKGRFTISRDNAKKAVYLQMNSLKPEDTADYYSAAAAAAAAAAAAAAAWGQGTQVTVS
seq1916,EVQLQASGGGLAQPGGSLRLSVTVSGSIDVINNMAWYRQAPGNARELVATITSGFSTNYASSVKGRFTISRDNAKKAVYLQMNSLKPEDTADYYSAAAAAAAAAAAAAAAWGQGTQVTVSA
seq1917,QVQLVESGGGSVQAGGSLRLSCTASGGSEYSYSTFSLGWFRQAPGQEREAVAAIASMGGLTYYADSVKGRFTISRDNAKNTVTLQMNNLKPEDTAIYYCAARNAGGRFRPSAAGGYNYWGQGTLVTVSS
seq1918,DVQLQASGEGLQAGGSLRLSCVTSGFTFEDYSIGWFRQAPGREREGVSCTTLDDGLKYYTDSAKGRFTISSDNAKKTVYLQMNNLKPEDTADYYCAADLGSWCGRPYGLGLGYIGHGTQVTVSS
seq1919,EVQLQALGGGLVQPGGSLRLSCAASGFTFSSFTMTWVRQAPGKGLEWVSSIDPDGHSPTYAGSVKGRFTISRDNRKNTLYLQLNNLKPEDTAVYYCRRFRGVRGSDDASRGRGTLVTVSS
seq1920,DVQLQASEGGLVQAGGSLSLSCAASGSTGGVKAMGYYRQAPGKQRELVAVLGSDGYTVYADSVKGRFTISTDNAKNTVFLQMNSLTPEDTAVYYCAEVVTGKGWNSRPEFNYWGHGTLVTVSS
seq1921,DVQLQASEGGLVQPGGSLRLSCAGSGFSSDNYIIGWFRQAPGKEREAVYSNIDGSTIYADSVKGRFTLSSLHTNKTVYLQMNSLKPEDTAVYYCTADQTFSCSWYAQGYKFWGQGTQVTVSS
seq1922,EVQLQASGEGLVQPGGSLRLSCAASGFTLNYYGIGWFRRAPGKEREGVSCINLSDDETYYSESVKGRFSTTRDNAKTTVYLQMNSLNSEDTAVYYCTVGPRGIDLSNRFWSSFASWGRGTLVTVSS
seq1923,EVQLQASGEGGLVQPGGSLRLSCAASGFTFSSYWMYWVRQPPGKGLEWVSQINTNGDITAYRFSAKGRFTISRDNAKNTLYLQMNSLKSEDTAVYYCVKDRDREFDSWGQGTQVTVSS
seq1924,EVQLQESGGGLVQPGGSLRLSCTASGVTISALNAMAMGWYRQAPGERRVMVAAVSERGNAMYRESVQGRFTVTRDFTNKMVSLQMDNLKPEDTAVYYCHVLEDRVDSFHDYWGQGTQVTVSS
seq1925,QVQLVESGGGLVQAGGSLRLSCAASGYIFGRNAMGWYRQAPGKERELVAAITRGGSTYYADSVKGRFTISRDNAKNTVYLQMNSLKPEDTAVYYCAADPGDVGSDFDYWGQGTQVTVSS
seq1926,QVQLVESGGGLVQAGGSLRLSCAASGFIFGRNAMGWYRQAPGKERELVAGINWGGDNTYYADSVKGRFTISRDNAKNTVYLQMNSLKPEDTAVYYCNADPYFWEFDSWGQGTQVTVSS
seq1927,QVQLVESGGGLVQAGGSLRLSCAASGGIFIGNAMGWYRQAPGKERELVATIRNIGGTTYYADSVKGRFTISRDNAKNTVYLQMNSLKPEDTAVYYCNTDPAPGNPLLRYPDFDYWGQGTQVTVSS
seq1928,QVQLVESGGGLVQAGGSLRLSCAASGYIFGRNAMGWYRQAPGKERELVAAITRGGSTYYADSVKGRFTISRDNAKNTVYLQMNSLKPGDTAVYYCNADPYLWEFDSWGQGTQVTVSS
seq1929,QVQLVESGGGLVQAGGSLRLSCAASGYIFGRNAMGWYRQAPGKERELVAAITRGGSTYYADSVKGRFTISRDNAKNTVYLQMNSLKPEDTAVYYCNTDPAPGNPLLRYPDFDYWGQGTQVTVSS
seq1930,QVQLVESGGGLVQAGGSLRLSCAASGYIFGRNAMGWYRQAPGKERELVAAITRGGSTYYADSVKGRFTISRDNAKNTVYLQMNSLKPEDTAVYYCNADPYFWEFDYWGQGTQVTVSS
seq1931,QVQLVESGGGSVESGGSLRLSCAASGYTYNSYCMAWFRQAPGKEREGIAAIDVDGSTDYADSVKGRFTISQDNAKNTLYLQMNSLKPEDTAMYYCAAYGGSCRRGVGSGYWGQGTQVTVSS
seq1932,QVQLVESGGGSVQSGGSLRLSCAASGYTYSSYCMAWFRQAPGKKREGVAAIDTDGSTDYADSVKGRFAISQDNAKNTLYLQMNSLKPEDTAMYYCAAYGGSCRRGSGSGYWGQGTQVTVSS
seq1933,QVQLVESGGGSVQSGGSLRLSCAASGYTYSSYCMAWFRQAPGKKREGVAAIDTDGSTDYADSVKGRFAISQDNAKNTLYLQMNSLKPEDTAMYYCAAYGGSCRRGTGSGYWGQGTQVTVSS
seq1934,QVQLVESGGGLVQAGGSLRLSCAVSGAGAHRVGWFRRAPGKEREFVAAIGASGGMTNYLDSVKGRFTISRDNAKNTIYLQMNSLKPQDTAVYYCAARDIETAEYIYWGQGTQVTVSS
seq1935,QVQLQESGGGLVQPGGSLRLSCAASGRTSSSYAMGWFRLAPGKEREFVAAIRWSGGITYYADPVKGRFTISRDNAKNTVYLQLNSLKPEDTAVYYCAADLSGVGSLDSGGYTTMDYWGQGTQVTVSS
seq1936,QVQLQESGGGLVQPGGSLRLSCAASGFTLDYYAIGWFRQAPGKEREGVSYISRSDGSTYYADSVKGRFTISRDNAKNTVYLQMNSLKPEDTAVYYCAADEGMSGSYYPPRTYDPAQYDYWGQGTQVTVSS
seq1937,QVQLQESGGGLVQAGDSLRLSCAASERTFGSYAMAWFRQAPGKEREFVAVVSWNGDSTDYADSVNGRFTISRDNAKNMVYLQMNNLKPEDTAVYYCAADHEGSGWYLANRPRQEYDYWGQGTQVTVSS
seq1938,QVQLQESGGGLVQAGGSLTLSCAASGRTLSRYSMGWFRQTPGKEREFVGAISSSGGTTYDSDSVKGRFTISRDNTKNMVYLQMNSLKPEDTAVYYCAADSRLWSIGTTRKDEYDYWGQGTQVTVSS
seq1939,QVQLQESGGGLVQAGGSLRLSCAASGRTDSIYAMAWVRQAPGKEREFVATINWSGGSTTSANSVKGRFTISRDNAKNTVHLQMNSLKPEDTAVYYCAARLSTHAGYYYWGQGTQVTVSS
seq1940,QVQLQESGGGLVQAGGSLRLSCAASGRTFSSYAMGWFRQAPGKERELVAVISWSGGSTYYADSVKGRFTISRDNAKNTVYLRMNSLKPEDTAVYYCAADPADPASTWLSNYWGQGTQVTVSS
seq1941,QVQLQESGGGLVQLGGSLRLSCAATGFTFDDYAMSWVRQAPGKGLEWISTITWNGGFTYYAESMKGRFTISRDNAKNTLYLQMNSLKSEDTAVYYCAKGNYPFFEPSSMSRNIEKDDYWGQGTQVTVSS
seq1942,QVQLQESGGGLVQPGGSLRLTCEASGRTFGNYAMSWFRQAPGKEREFVAAIYTSNGSTYYADSVKGRFTLSRDNVKDAVSLQMNSLKPEDTAVYYCAADSIGGMGGSSWHYWGQGTQVTVSS
seq1943,QVQLQESGGGLVQPGGSLRLSCAASGRTFHNYAMGWFRQAPGKERELVCWSGVTTYYADSVKGRFTISRDNAKNTMYLQMNSLKPKDTAVYYCAADPGGGTIWSYWGQGTQVTVSS
seq1944,EVQLVESGGGLVQAGDSLTLSCAASGRTFSSVAMGWFRQAPGKERKFVANISWNGNSTYYTDSVKGRFTISRDNAKNTVYLQMSSLKPEDTAVYYCAADVRWTGDGHRADYWGQGTQVTVSS
seq1945,EVQLVESGGGLVQAGDSLTLSCAASGRTFSSVAMGWFRQAPGKERKFVANISWDGGSTYYTDSVKGRFTISRDSAKNTVYLQMSSLKPEDTAVYYCAADVRWTGDGHRADYWGQGTQVTVSS
seq1946,EVQLVESGGDLVQAGDSLTLSCAASGRTFSGVAMGWFRQAPGKERKFVANISWNGVSTYYTDSVKGRFTISRDNAKNTVYLQMSSLKPEDTAVYYCAADVRWTGDGHRADYWGQGTQVTVSS
seq1947,EVQLVESGGGLVQAGDSLTLSCAASGRTFSSVAMGWFRQAPGKERKFVANISWNGDSTYYTDSVKGRFTISRDNAKNTVYLQMSSLKPEDTAVYYCAADVRWAGDGHRADYWGQGTLVTVSS
seq1948,EVQLVESGGGLVQAGDSLTLSCAASGRTFSSVAMGWFRQAPGKERKFVANISWNGDSTYYTDSVKGRFTISRDNAKNTVYLQMSSLKPEDTAVYYCAADVRWTGEGHRADYWGQGTQVTVSS
seq1949,EVQLVESGGGLVQAGDSQTLSCAASGRTFSSVAMGWFRQAPGKERKFVANISWNGDSTYYTDSVKGRFTISRDNAKNTVYLQMSSLKPEDTAVYYCAADVRWAGDGHRADYWGQGTQVTVSS
seq1950,EVQLVESGGGLVQAGDSLTLSCAASGRTFSSVAMGWFRQAPGKERKFVANISWNGDSAYYTDSVKGRFTISRDNAKNTVYLQMSSLKPEDTAVYYCAADVRWTGDGHRADYWGQGTQVTVSS
seq1951,QVQLVESGGGSVQAGGSLRLSCAASGSISSITYLGWFRQAPGKEREGVAALITNWGHTYYADSVKGRFTVSLDNAKNTVYLQMNSLKPEDTALYYCAAAFHGEQYPLYTNKYHYWGQGTQVTVSS
seq1952,QVQLVESGGGLVQAGGSLRLSCAASGFPVSQSVMAWYRQAPGKEREWVAAIYSKGQYTHYADSVKGRFTISRDNAKNTVYLQMNSLKPEDTAVYYCNVKDAGSSYWDYDYWGQGTQVTVS
seq1953,QVQLVESGGGSVQAGGSLRLSCAASGTIAYIKYLGWFRQAPGKEREGVAALMTRWGETYYADSVKGRFTVSLDNAKNTVYLQMNSLKPEDTALYYCAAANYGANFPLQANTYFYWGQGTQVTVSS
seq1954,QVQLVESGGGSVQAGGSLRLSCAASGSISSITYLGWFRQAPGKEREGVAALVTHSGSTYYADSVKGRFTVSLDNAKNTVYLQMNSLKPEDTALYYCAAAYWGWDWPLNSQDYWYWGQGTQVTVSS
seq1955,QVQLVESGGGSVQAGGSLRLSCAASGSISSITYLGWFRQAPGKEREGVAALKTASGQTYYADSVKGRFTVSLDNAKNTVYLQMNSLKPEDTALYYCAAADWGYNWPLIREEYEYWGQGTQVTVSS
seq1956,QVQLVESGGGSVQAGGSLRLSCAASGDINAIGYLGWFRQAPGKEREGVAALDTDEGQTYYADSVKGRFTVSLDNAKNTVYLQMNSLKPEDTALYYCAAAMNGYNEPLYSYDYEYWGQGTQVTVSS
seq1957,QVQLVESGGGSVQAGGSLRLSCAASGTINNITYLGWFRQAPGKEREGVAALITTSGYTYYADSVKGRFTVSLDNAKNTVYLQMNSLKPEDTALYYCAAASWGYEWPLVYDDYWYWGQGTQVTVSS
seq1958,QVQLVESGGGSVQAGGSLRLSCAASGSISSITYLGWFRQAPGKEREGVAALITSNGRTYYADSVKGRFTVSLDNAKNTVYLQMNSLKPEDTALYYCAAATWGYHWPLGAWDYWYWGQGTQVTVSS
seq1959,QVQLVESGGGSVQAGGSLRLSCAASGSISSITYLGWFRQAPGKEREGVAALVTTSGNTYYADSVKGRFTVSLDNAKNTVYLQMNSLKPEDTALYYCAAATWGYSWPLEHDEYWYWGQGTQVTVSS
seq1960,QVQLVESGGGSVQAGGSLRLSCAASGSISSITYLGWFRQAPGKEREGVAALYTTHGYTYYADSVKGRFTVSLDNAKNTVYLQMNSLKPEDTALYYCAAADWGYNIPLNITDYWYWGQGTQVTVSS
seq1961,QVQLVESGGGSVQAGGSLRLSCAASGSIGQIEYLGWFRQAPGKEREGVAALNTWTGRTYYADSVKGRFTVSLDNAKNTVYLQMNSLKPEDTALYYCAAARWGRTKPLNTYYYSYWGQGTPVTVS
seq1962,QVQLVESGGGLVQAGGSLRLSCAASGFPVDNGYMHWYRQAPGKEREWVAAIDSYGWHTIYADSVKGRFTISRDNAKNTVYLQMNSLKPEDTAVYYCNVKDKGQMRAAYDYWGQGTQVTVS
seq1963,QVQLVESGGGLVQAGGSLRLSCAASGFPVSWHSMYWYRQAPGKEREWVAAIFSEGDWTYYADSVKGRFTISRDNAKNTVYLQMNSLKPEDTAVYYCNVKDYGSSYYKYDYWGQGTQVTVS
seq1964,QVQLVESGGGLVQAGGSLRLSCAASGFPVYWHHMHWYRQAPGKEREWVAAIISWGWYTTYADSVKGRFTISRDNAKNTVYLQMNSLKPEDTAVYYCNVKDHGAQNQMYDYWGQGTQVTVS
seq1965,QVQLVESGGGLVQAGGSLRLSCAASGFPVYYNWMEWYRQAPGKEREWVAAIHSNGDETFYADSVKGRFTISRDNAKNTVYLQMNSLKPEDTAVYYCNVKDIDAEAYAYDYWGQGTQVTVS
seq1966,QVQLVESGGGLVQAGGSLRLSCAASGFPVYHVWMEWYRQAPGKEREWVAAITSSGSHTYYADSVKGRFTISRDNAKNTVYLQMNSLKPEDTAVYYCNVKDSGQWRVQYDYWGQGTQVTVS
seq1967,QVQLVESGGGLVQAGGSLRLSCAASGFPVEWSHMHWYRQAPGKEREWVAAIVSKGGYTLYADSVKGRFTISRDNAKNTVYLQMNSLKPEDTAVYYCNVKDYGVHFKRYDYWGQGTQVTVI
seq1968,QVQLVESGGGLVQAGGSLRLSCAASGFPVFHVWMEWYRQAPGKEREWVAAIDSAGWHTYYADSVKGRFTISRDNAKNTVYLQMNSLKPEDTAVYYCNVKDAGNTTSAYDYWGQGTQVTVS
seq1969,QVQLVESGGGLVQAGGSLRLSCAASGFPVAGRNMWWYRQAPGKEREWVAAIYSSGTYTEYADSVKGRFTISRDNAKNTVYLQMNSLKPEDTAVYYCHVWVGSLYKGQGTQVTVS
seq1970,QVQLVESGGGLVQAGGSLRLSCAASGFPVKHARMWWYRQAPGKEREWVAAIDSHGDTTWYADSVKGRFTISRDNAKNTVYLQMNSLKPEDTAVYYCYVYVGASYWGQGTQVTVS
seq1971,QVQLVESGGGLVQAGGSLRLSCAASGFPVNSHEMTWYRQAPGKEREWVAAIQSTGTVTEYADSVKGRFTISRDNAKNTVYLQMNSLKPEDTAVYYCYVYVGSSYLGQGTQVTVS
seq1972,QVQLVESGGGLVQAGGSLRLSCAASGFPVEQREMEWYRQAPGKEREWVAAIDSNGNYTFYADSVKGRFTISRDNAKNTVYLQMNSLKPEDTAVYYCYVYVGKSYIGQGTQVTVS
seq1973,QVQLVESGGGLVQAGGSLRLSCAASGFPVKHHWMFWYRQAPGKEREWVAAIKSYGYGTEYADSVKGRFTISRDNAKNTVYLQMNSLKPEDTAVYYCFVGVGTHYAGQGTQVTVS
seq1974,QVQLVESGGGLVQAGGSLRLSCAASGFPVYAAEMEWYRQAPGKEREWVAAISSQGTITYYADSVKGRFTISRDNAKNTVYLQMNSLKPEDTAVYYCFVYVGKSYIGQGTQVSVS
seq1975,QVQLVESGGGLVQAGGSLRLSCAASGFPVHAWEMAWYRQAPGKEREWVAAIRSFGSSTHYADSVKGRFTISRDNAKNTVYLQMNSLKPEDTAVYYCNVKDFGTHHYAYDYWGQGTQVTVS
seq1976,QVQLVESGGGLVQAGGSLRLSCAASGFPVNTWWMHWYRQAPGKEREWVAAITSWGFRTYYADSVKGRFTISRDNAKNTVYLQMNSLKPEDTAVYYCNVKDKGMAVQWYDYWGQGTQVTVS
seq1977,QVQLVESGGGLVQAGGSLRLSCAASGFPVYNTWMEWYRQAPGKEREWVAAITSHGYKTYYADSVKGRFTISRDNAKNTVYLQMNSLKPEDTAVYYCNVKDEGDMFTAYDYWGQGTQVTVS
seq1978,QVQLVESGGGLVQPGGSLRLSCAASGGNAAERMAGWFRQAPGKGLEAVAAIYYAKFGPYYADSVKGRFTISRDNSKNTLYLQMNSLRAEDTAVYYCAAEAFVQSPYSGSHTTKYWGQGTQVTVSS
seq1979,QVQLVESGGGLVQPGGSLRLSCAASGNIDSTRYHGWFRQAPGKGLEAVAAIKGVWPEDYYADSVKGRFTISRDNSKNTLYLQMNSLRAEDTAVYYCAADQYEWWVPGEVGPYLYWGQGTQVTVSS
seq1980,QVQLVESGGGLVQPGGSLRLSCAASGADAFVIIGGWFRQAPGKGLEAVAAIAWTDQHEYYADSVKGRFTISRDNSKNTLYLQMNSLRAEDTAVYYCAAQDSAYIKSKGSRAYEYWGQGTQVTVSS
seq1981,QVQLVESGGGLVQPGGSLRLSCAASGLAQSKWAYGWFRQAPGKGLEAVAAIDVATGPWYYADSVKGRFTISRDNSKNTLYLQMNSLRAEDTAVYYCAAHHIPTKHPAFPDFRDYWGQGTQVTVSS
seq1982,QVQLVESGGGLVQPGGSLRLSCAASGRQAVVFGWFRQAPGKGLEAVAAIHVPAKNRYYADSVKGRFTISRDNSKNTLYLQMNSLRAEDTAVYYCAAHYEFNDFVWQGYSSDYWGQGTQVTVSS
seq1983,QVQLQESGGGLVQAGGSLRLSCAASGSIFLPGFMGWYRQAPGKERELVASITPGTTTNYADSVKGRFTISRDNAKNTVYLQMNSLKPEDTAVYYCAAYVFVYRNYWGQGTQVTVSS
seq1984,QVQLQESGGGLVQAGGSLRLSCAASGSISDSTRMGWYRQAPGKERELVATITYGSTTYYADSVKGRFTISRDNAKNTVYLQMNSLKPEDTAVYYCAAFDENVYVYRPYHYYWGQGTQVTVSS
seq1985,QLQLVESGGGLVQAGGSLRLSCAASGRTFSSATMGWFRQAPGKEREFVAAISWSGLSRYYADSVKGRFTISRDNAENTVYLQMNSLKTEDTAVYYCAADSWGCSGLGCYDARQYDVWGQGTQVTVSS
seq1986,QVQLVESGGGLVQPGGSLRLSCAASGFTSGHYAIGWFRQAPGKEREGVSCIGSSDGSTYYADSVKGRFTISRDNAKNTVYLQMNSLKPEDTAVYYCAAGLWYGRSLNSFDYDYWGQGTQVTVSS
seq1987,QLQLVESGGGLVQAGGSLRLSCAASERTFSGGVMGWFRQRPGKEREFVAAIRWNGASTFYADSVKGRFTCSRDNAKNTGYLQMNSLTPEDTAVYYCARAVRTYASSDYYFQERTYDYWGQGTQVTVSS
seq1988,QVQLVESGGGLVQPGGTLRLSCAASGFTLDYYAIGWFRQAPGKEREGVSCISGSGGITNYTDSVKGRFTISRDNAKNTVYLQMNSLKPEDTAVYYCAPVSHTVVAGCAFEAWTDFGSWGQGTQVTVSS
seq1989,QVQLVQSGGGLVQPGGSLRLSCAASDFDFYDYEMSWVRQAPGKALEWIGEIHHSGSTYYNPSLKSRVTISRDNSKNTLYLQMNTLRAEDTAIYYCVKDFVGADGPFVFDYWGQGTLVTVSS
seq1990,QVQLQESGGGLVQAGGSLRLSCAASGRTFSSNAMGWFRQAPGKEREFVAAISSGSGSTNYADSVKGRFTISRDNAKNTVYLQMNSLKPEDTAVYYCAAAYRYNGRDYYDRYDYWGQGTQVTVSS
seq1991,EVKLKESGAELVKPGASVKLSCTASGFNIKDTYMHWVKQRPGQGLEWIGYINPSTGYTEYNQKFKDKATLTADKSSSTAYMQLSSLTSEDSAVYYCARDALGWYFDVWGAGTLVTVST
seq1992,QLQLVESGGGLVQPGGSLRLSCAASGRTFGSFMGWFRQAPGQERDFVAAITWSGGSTYYADSVKGRFTISRDNAENTVYLQMNSLKPEDTAVYYCAARISSAYYTRSSSYAYWGQGTQVTVSS
seq1993,QVQLVESGGGSVQAGGSLRLSCAASGSISSITYLGWFRQAPGKEREGVAALITDSGRTYYADSVKGRFTVSLDNAKNTVYLQMNSLKPEDTALYYCAAAEWGYEWPLYYASSWYWGQGTQVTVSS
seq1994,QVQLVESGGGLVQAGGSLRLSCAASGFPVEVWRMEWYRQAPGKEREGVAAIESYGHGTRYADSVKGRFTISRDNAKNTVYLQMNSLKPEDTAVYYCNVYDDGQLAYHYDYWGQGTQVTVSS
seq1995,QVQLVESGGGLVQAGGSLRLSCAASGFPVEVWRMEWYRQAPGKEREGVAAIESYGHGTRYADSVKGRFTISRDNAKNTVYLQMNSLKPEDTAVYYCNVKDDGQLAYHYDYWGQGTQVTVSS
seq1996,QVQLVESGGGLVQAGGSLRLSCAASGFPVMYTHMHWYRQAPGKEREWVAAIVSLGEYTTYADSVKGRFTISRDNAKNTVYLQMNSLKPEDTAVYYCNVKDWGAANKYYDYWGQGTQVTVSS
seq1997,QVQLVESGGGLVQAGGSLRLSCAASGFPVEVWRMEWYRQAPGKEREGVAAIESYGHGTRYADSVKGRFTISRDNAKNTVYLQMNSLKPEDTAVYYCNVWDDGQLAYHYDYWGQGTQVTVSS
seq1998,QVQLVESGGGLVQAGGSLRLSCAASGFPVEVWRMEWYRQAPGKEREGVAAIESYGWGTRYADSVKGRFTISRDNAKNTVYLQMNSLKPEDTAVYYCNVKDDGQLAYHYDYWGQGTQVTVSS
seq1999,QVQLVESGGGLVQAGGSLRLSCAASGFPVNSWMEWYRQAPGKEREWVAAITSYGYKTYYADSVKGRFTISRDNAKNTVYLQMNSLKPEDTAVYYCNVKDEGYFSDEYDYWGQGTQVTVSS
seq2000,QVQLVESGGGLVQAGGSLRLSCAASGFPVEDTWMEWYRQAPGKEREWVAAITSWGFKTYYADSVKGRFTISRDNAKNTVYLQMNSLKPEDTAVYYCNVKDEGDTSASYDYWGQGTQVTVSS
seq2001,QVQLVESGGGLVQAGGSLRLSCAASGFPVANTWMEWYRQAPGKEREWVAAITSYGYRTYYADSVKGRFTISRDNAKNTVYLQMNSLKPEDTAVYYCNVKDEGATTKVYDYWGQGTQVTVSS
seq2002,QVQLVESGGGLVQAGGSLRLSCAASGFPVEWAHMHWYRQAPGKEREWVAAIVSAGHYTVYADSVKGRFTISRDNAKNTVYLQMNSLKPEDTAVYYCNVKDWGSSNQYYDYWGQGTQVTVSS
seq2003,QVQLQASGGGLVQTGGSLRLSCASSGRAFTLNEVGWYRQAPGKQRELVATITRGGDINYADSVKDRFTITRDNARNTLYLQMTNLKSEDTAVYYCAPRNGSPSVFEILLVSVYWGKGTQVTVSS
seq2004,QVQLVESGGGLVQAGGSLRLSCAASGFPVNAEIMFWYRQAPGKEREWVAAIKSAGTTTLYADSVKGRFTISRDNAKNTVYLQMNSLKPEDTAVYYCNVKDYGAQAHYYDYWGQGTQVTVSS
seq2005,QVQLVESGGGLVQAGGSLRLSCAASGFPVMWAHMAWYRQAPGKEREWVAAIVSAGAYTHYADSVKGRFTISRDNAKNTVYLQMNSLKPEDTAVYYCNVKDWGTYNSYYDYWGQGTQVTVSS
seq2006,QVQLVESGGGLVQAGGSLRLSCAASGFPVDAAWMEWYRQAPGKEREWVAAITSYGYRTYYADSVKGRFTISRDNAKNTVYLQMNSLKPEDTAVYYCNVKDMDRWRTTYDYWGQGTQVTVSS
seq2007,QVQLVESGGGLVQAGGSLRLSCAASGFPVVAWQMTWYRQAPGKEREWVAAIRSFGVSTHYADSVKGRFTISRDNAKNTVYLQMNSLKPEDTAVYYCNVKDWGYEYEGYDYWGQGTQVTVSS
seq2008,QVQLVESGGGLVQAGGSLRLSCAASGFPVQHEWMEWYRQAPGKEREWVAAITSYGYRTYYADSVKGRFTISRDNAKNTVYLQMNSLKPEDTAVYYCNVKDTGTYQAWYDYWGQGTQVTVSS
seq2009,QVQLVESGGGLVQAGGSLRLSCAASGFPVEQEHMYWYRQASGKEREWVAAIVSEGAYTAYADSVKGRFTISRDNAKNTVYLQMNSLKPEDTAVYYCNVKDWGGYQWYYDYWGQGTQVTVSS
seq2010,QVQLVESGGGLVQAGGSLRLSCAASGFPVNYNWMEWYRQAPGKEREWVAAITSWGYKTYYADSVKGRFTISRDNAKNTVYLQMNSLKPEDTAVYYCNVKDEGMWQHYYDYWGQGTQVTVSS
seq2011,QVQLVESGGGLVQAGGSLRLSCAASGFPVWNTWMEWYRQAPGKEREWVAAITSYGFKTYYADSVKGRFTISRDNAKNTVYLQMNSLKPEDTAVYYCNVKDEGNSQSHYDYWGQGTQVTVSS
seq2012,QVQLVESGGGLVQAGGSLRLSCAASGFPVEMWSMEWYRQAPGKEREWVAAIMSFGYQTWYADSVKGRFTISRDNAKNTVYLQMNSLKPEDTAVYYCNVKDAGNSKALYDYWGQGTQVTVSS
seq2013,QVQLVESGGGLVQAGGSLRLSCAASGFPVEHDHMHWYRQAPGKEREWVAAIVSQGAYTVYADSVKGRFTISRDNAKNTVYLQMNSLKPEDTAVYYCNVKDWGRAGARYDYWGQGTQVTVSS
seq2014,QVQLVESGGGSVQAGGSLRLSCAASGSISSITYLGWFRQAPGKEREGVAALITVNGHTYYADSVKGRFTVSLDNAKNTVYLQMNSLKPEDTALYYCAAAAWGYAWPLHQDDYWYWGQGTQVTVSS
seq2015,QVQLVESGGGLVQAGGSLRLSCAVSGSTLGINAIGWYRQPPGKQRELVASISSLGTTLYAESVKGRFAISRDNAKNTGYLQMNSLKPDDTAVYYCNMRTPYMRDYWGQGTQVTVSS
seq2016,HVQLVESGGGLVQAGGSLRLSCAASGSIFRHYNMGWFRQAPGKEREFVSAISWTNIGTYYADSVKGRFSISRDNNRNTAYLEMNSLKPEDTAVYYCAADRSEFGSRLYSDENEYDYWGQGTQVTVSS
seq2017,EVQLVESGGGLVQAGGSLRLTCAASGRTFSSSTMDMGWFRQAPGKEREFVAVDAWNDGRTYYADSVKGRFTISRDNAKNTLYLQMNSLKPEDTAIYYCNLRQGCSYNGCDEYWGQGTQVTVSS
seq2018,DVQLVESGGGLVQAGGSLRLTCAASGRTFSSSTMDMGWFRQAPGKEREFVAASSWGFTNYADPVKGRFTISRDNAKNTVYLEMSSLKPEDTAVYYCAARTPETGQYDYWGQGTQVTVSS
seq2019,DVQLVESGGGLVQAGGSLRLSCAASGFTFSNYVMYWGRQAPGKGREWVSGIDSDGSDTAYASSVKGRFTISRDNAKKTLYLQMNDLKPEDTALYYCVKSKDRYGSPWTRSEFEDYWGQGTQVTVSS
seq2020,HVQLVESGGGLVQAGESLRLSCVASGSIFSINAMGWFRQAPGKQRELVASISNIGTTIYAESVKGRFTISRDNAKNTADLQMNSLKPEDTAIYYCNLRQGCSYNGCDEYWGQGTQVTVSS
seq2021,QVQLVESGGGLVQTGGSLRLSCAASGRTFSNYVMGWFRQAPGKEREFVSSIEWNSENTFYANSVKGRFTISRDNAKNTVYLQMNSLKAEDTAVYYCAADRGSSYYYTRASEYTYWGQGTQVTVSS
seq2022,QVQLVESGGGLVQAGGSLRLSCAASGRTFRFSAIDWYRQAPGQQREFVASISTSGRISYGHFVKGRFTISRDNAKNTMYLQMNSLKPEDTAVYYCHLAQPDVFGGGDYWGQGTQVTVSS
seq2023,QVQLVESGGGLVQAGGSLRLSCAASGSTFSINAIGWYRQAPGKQRELVAGITSGGNTNYADSVKGRFTISRDNAKNTVDLQMNSLKPEDTAVYYCNTVAPVEGTGRIRAYWGQGTQVTVSS
seq2024,HVQLVESGGGLVQAGGSLRLSCAASERTFTSYVVGWYRQAPGKGREFVARINEIGDITYYADSVKGRFTISRDNAKNTVYLQMSALKPEDTAVYYCGARKDSVVLSSVGYDYWGQGTQVTVSS
seq2025,HVQLVESGGGLVQAGGSLRLTCAASGRTFSISTMDMGWFRQAPGKEREFVAADAWNDGRTYYADSVKGRFTISRDNAKNTLYLQMNSLKPEDTAVYYCTADTYSNYKKDDSWGYWGQGTQVTVSS
seq2026,QVQLVESGGGLVQAGGSLRLTCAASGGTFSTSTMDMGWFRQAPGKEREFVALDSWNGGRTYYADSVKGRFTISRDNAKNTLYLQMNSLKPEDTAVYYCAADTYSNYEKDDSWGYWGQGTQVTVSS
seq2027,QVQLVESGGGLVQAGGSLRLSCAVSGLGAHRVGWFRRAPGKEREFVAAIGANGGNTNYLDSVKGRFTISRDNAKNTIYLQMNSLKPQDTAVYYCAARDIETAEYTYWGQGTQVTVSS
seq2028,HVQLVESGGGLVQAGGSLRLSCAASGRTFSSYAMGWFRQAPGKQRELVAGITSGGNANYEDSVKGRFTISRDKNTVYLEMSSLKPADTAVYYCNAVGQEGSARAPRAYWGQGTQVTVSS
seq2029,DVQLVESGGGLVQAGGSLRLSCAASGRTFSSDTMDMGWFRQAPGKEREFVALHSWNGGKTYYADSVKGRFTISRDNAKNTLYLQMNNLKPEDTAVYYCAAETYTLYEKDSSWGYWGQGTQVTVSS
seq2030,HVQLVESGGGLVQAGGSLRLTCAASGGTFSTSTMDMGWFRQAPGKEREFVAVDSWNDGRAYYADSVKGRFTISRDNAKNTLYLQMNSLKPEDTAVYYCAAETYSNYEKAYSWGYWGQGTQVTVSS
seq2031,HVQLVESGGGLVQAGGSLRLSCAASGRTFSTSTMDMGWFRQAPGKEREFVGADSWNDGRTYYADSVKGRFTISRDNAKNTLYLQMNNLKPEDTAVYYCAAETYSLYEKSDSWGYWGQGTQVTVSS
seq2032,HVQLVESGGGLVQAGGSLTLTCAASGRTFSSETMDMGWFRQAPGKEREFVAADSWNDGSTYYADSVKGRFTISRDSAKNTLYLQMNSLKPEDTAVYYCAAETYSIYEKDDSWGYWGQGTQVTVSS
seq2033,DVQLVESGGGLVQAGGSLRLSCAASGFTFSNYVMYWGRQAPGKGREWVSGIDSDGSDTAYASSVKGRFTISRDNAKNTLYLQMNNLKPEDTALYYCVKSKDPYGSPWTRSEFDDYWGQGTQVTVSS
seq2034,EVQLVESGGGLVQPGGSLRLSCAASGFTFDDYAMSWVRQAPGKGLEWIGRMYNNGRTSYNPSLKSLVTISRDNSKNTLYLQMNSLRAEDTATYYCARDNLGYRPSENLYGMDVWGQGTTVTVSS
seq2035,EVQLVESGGGLVQPGGSLRLSCAASAFDFYDYEMSWVRQAPGKALEWIGEIHHSGSTYYNPPSLKGRFTISRDNSKNTLYLQMNSLRAEDTAVYYCAKDVSYHADVWGQGTTVTVSS
seq2036,EVQLVESGGGVVQPGRSLRLSCAASGFTFSSYAMHWVRQAPGKGLEWIGNIYHDGSTFYNPSLKSLVTISRDDSTNTLYLQMNSLRAEDTAIYYCARVWLYGSGYMDVWGKGTLVTVSS
seq2037,KVQLQQWGAGLLKPSETLSLTCAVYGGSFSGYYWSWIRQPPGKGLEWIGEINHSGSTNYNPSLKSRVTISVDTSKNQFSLKLSSVTAADTAVYYCVRLPMIKKSFDIWGPGTLVTVSS
seq2038,HVQLVESGGGLVQPGGSLRLSCAASGFTFNSYDFTWVRQAPGKGLEWVSAITANGGSTFYAGSVKGRFTVSRDNAKNVVSLQMSSLTLEDTAVYYCARTSEARYRGYPRFRVMFYWGKGTQVTVSS
seq2039,HVQLQESGPGLVKSSQTVSLTCSDSGGSITTTHYYWSWIRQPPGKGLEWIGYIAYIGDTFYNSSLKSRTAISWDTSKNQFTLHLNSVTPEDTAVYYCADRNRVRGYDPCLHGYWGKGTQVTVSS
seq2040,HVQLLESGPGLVKPSQTLSLTCTVSGGSITTDVAYWSWLRQPPGKGLEWMGAIASSGSTYNSPFFGSRTFISRDTSKSQFTLQLSSVTPEDTAVYYCAAIAVRDPHYVGVGGYWGKGTQVTVSS
seq2041,EVQLVESGGGLVQPGGSLRLSCKGSGFTLSDYYIGWVRQAPGKGLEWIGSMYHSGRTYINPSLKSRVTISRDNSKNTLYLQMNSLRAEDTAVYYCARGGITGTTPIDYWGQGTLVTVSS
seq2042,QVQLVESGGGLVQAGGSLRLSCAASGRTYTMGWFRQAPGKEREFVAAMRWSDTDYADSLKGRFTISRDNANNAMYLQMNSLGPEDTAVYYCAAGEAWLARSTHHYDYWGQGTQVTVSS
seq2043,QVQLVESGGGLVQPGGSLRLSCAASGLTLDYYAIGWFRQAPGKEREGVSCISHPGGSTNYADSVKGRFTISRDNAKNTVYLQMNSLKPEDTAVYYCAASPLALFRLCVLPSPLPYDYWGQGTQVTVSS
seq2044,EVQLQESGGGSVQAGGSLRLSCAASGSVSCMGWIRQAPGKEREGVARINSDGSITYYASSAKGRFSISRDSAKNTVTLLMNSLKPGDTAIYTCAADTRKCMDLSSWIDARYWGQGTQVTVSS
seq2045,EVQLEQSGGGSVQAGGSLRLSCEASGYISSMYCMGWGRQAPGKEREGVALFNRSTGVEYYRASVKGRFTISHDNAKNTVYLQMNSLKLEDTAVYYCAAGPTCGGWYPGLYNYWGQGTQVTVSS
seq2046,EVQLQESGGGSVQVGGSLRLSCAASGFTSSRYCVGWFRQAPGKEREGVATINSGGDWTHYANSVKGRFTISQDIAKNTVDLLMNSLKPEDTAIYYCAAATFGCLLVTGPADFEYWGQGTQVTVSS
seq2047,EVQLQESGGGSVQAGGSLRLSCEASGYIFSMYCMGWFRQAPGKEREGVALFNRSTGVEYYRASVKGRFTISHDNAKNTVYLQMNSLKPEDTAVYYCAAGPSCGGWYPGLYNYWGQGTQVTVSS
seq2048,EVQLQESGGGSVQAGGSLRLSCAASGSVYCMGWIRQAPGKEREGVARINSNGSVTYYGSSAKGRFSISRDSAKNTVTLLMNSLKPEDTAIYTCAANTRKCMDLSSWIDVDYWGQGTQVTVSS
seq2049,EVQLQESGGGSVQAGGSLRLSCAASGYTASSYCMGWFRQAPGKERVGVAAINSGGDWTYYAGSVKGRFTISQDNAKNTVALLMSSLKPEDTAVYYCAAAYAIECTQLTGPADFGYWGQGTQVTVSS
seq2050,EVQLQESGGGSVQTGGSLRLSCAASGSVYCMGWIRQAPGKEREGVARINSDGSVTYYGSSAKGRFSISRDSAKNTVTLLMNSLKPEDTAIYTCTANTRKCMDLGSWIDFDYRGQGTQVTVSS
seq2051,EVQLQESGGGSVQAGGSLRLSCAASGITTYTTYFMAWFRQAPGKEREGLAAINSRGDWTYYARSVKDRFTISQDNAKNTMYLLMNSLKPEDAAIYYCAAAPGAIYPPSISEYNIWGQGTQVTVSS
seq2052,EVQLQESGGGSVQAGGSLRLSCAASGYTYSSYCMGWFRQAPGKGPEGVAAISSDGGSTYYAYSAKGRFTISQDNAKNTVYLQMNSLKPEDTAIYYCAARSPCGNLFDVGVVNYTYTGQGTQVTVSS
seq2053,EVQLQESGGGSVQTGGSLRLSCAASGSVYCMGWIRQAPGKEREGVARINSDGSVTYYARSAKGRFSISRDSAKNTVTLLMNSLKPEDTAIYTCTADTRKCMDLGSWIDSDYRGQGTQVTVSS
seq2054,QVQLQESGGGLVQAGGSLRLSCAASGNIFAKVWMGWYRQAPGKEREFVASIANGATTYYADSVKGRFTISRDNAKNTVYLQMNSLKPEDTAVYYCAARNWSGLGHFYWGQGTQVTVSS
seq2055,QVQLQESGGGLVQAGGSLRLSCAASGNIFAKVWMGWYRQAPGKGREFVASIANGATTYYADSVKGRFTISRDNAKNTVYLQMNSLKPEDTAVYYCAARNWSGLGYFYWSQGTQVTVSS
seq2056,QAQLQESGGGLVQAGGSLRLSCAASGNISDFRFMGWYRQAPGKERELVAAIGRGSNTRCADSVKGRFTISRDNAKNTVYLQMNSLKPEDTAVYYCAARNATYPYYVYWGQGTQVTVSS
seq2057,QVQLQESGGGLVQAGGSLRLSCAASGSISTTYLMGWYRQAPGKEREFVATINRGGSTYYADSVKGRFTISRDNAKNTVYLQMNSLKPEDTAVYYCAVGWPDPDYGLAYHRYWGQGTQVTVSS
seq2058,QVQLQESGGGLVQAGGSLRLSCAASGNISDFRFMGWYRQAPGKERELVAAIGRGSNTYYADSVKGRFTISRDNAKNTVYLQMNSLKPEDTAVYYCAARNATYPYYVYWGQGTQVTVSS
seq2059,QAQLQESGGGLVQAGGSLRLSCAASGNISDFRFMGWYRQAPGKERELVAAIGRGSNTRYADSVKGRFTISRDNAKNTVYLQMNSLKPEDTAVYYCAARNATYPYYVYWGQGTQVTVSS
seq2060,QVQLQESGGGLVQAGGSLRLNCAANGSISTTYLMGWYRQAPGKEREFVATINRGGSTYYAISVKGRFTISRDNAKNTVYLQMNSLKPEDTAVYYCAVGWPDPDYGLAYHRYWGQGTQVTVSS
seq2061,QVQLQESGGGLVQAGGSLRLSCAASGTIFQVGSMGWYRQAPGKGRKFVATIADGGSTNYAGSVKGRFTISRDNAKNTVYLQMNSLKPEDTAVYYCAALGQVSEYNSASYEWTYPYWGQGTQVTVSS
seq2062,QVQLQESGGGLVQAGGSLRLSCAASGTIFQVGSVGWYRQAPGKGRKFVATIADGSSTNYAGSVKGRFTISRDNAKNTVYLQMNSLKPEDTAVYYCAALGQVSEYNSASYEWTYPYWGQGTQVTVSS
seq2063,QVQLQESGGGLVQAGGSLRLSCAASGTIFQVGSMGWYRQAPGKEREFVATIADGSSTNYADSVKGRFTISRDNAKNTVYLQMNSLKPEDTAVYYCAALGQVSEYNSASYEWTYPYWGQGTQVTVSS
seq2064,DVQLQASGGGLVQGGGSLRVSCTYSGRTFSRNIMGWFRQSPGKTREFVAAIGWSRVTTLYADSVKGRFTISRDNAKNTMYLQMNSLKPEDTAVYYCASGAVPAHQIGFRSTTLYWGKGTQVTVSS
seq2065,QVQLVESGGGSVQAGGSLRLSCAASGYIKHIEYLGWFRQAPGKEREGVAALKTSSGSTYYADSVKGRFTVSLDNAKNTVYLQMNSLKPEDTALYYCAAARYGRSDPLHYHEYSYWGQGTQVTVSS
seq2066,QVQLVESGGGSVQAGGSLRLSCAASGGITHIVYLGWFRQAPGKEREGVAALMTRWGTTYYADSVKGRFTVSLDNAKNTVYLQMNSLKPEDTALYYCAAAKYGQNFPLSYHAYRYWGQGTQVTVSS
seq2067,QVQLVESGGGLVQAGGSLRLSCAASGFPVWAHHMLWYRQAPGKEREWVAAIASWGANTAYADSVKGRFTISRDNAKNTVYLQMNSLKPEDTAVYYCNVKDSGQYRENYDYWGQGTQVTVSS
seq2068,QVQLVESGGGSVQAGGSLRLSCAASGSISSITYLGWFRQAPGKEREGVAALVTSRGKTYYADSVKGRFTVSLDNAKNTVYLQMNSLKPEDTALYYCAAASWGYTWPLYTYDYWYWGQGTQVTVSS
seq2069,QVQLVESGGGSVQAGGSLRLSCAASGYINQIYYLGWFRQAPGKEREGVAALNTYQGQTYYADSVKGRFTVSLDNAKNTVYLQMNSLKPEDTALYYCAAARWGRDEPLYHYYYSYWGQGTQVTVSS
seq2070,QVQLVESGGGSVQAGGSLRLSCAASGNIQHIKYLGWFRQAPGREREGVAALMTRYGQTYYADSVKGRFTVSLDNAKNTVYLQMNSLKPEDTALYYCAAAHYGDNFPLAYQAYLYWGQGTQVTVSS
seq2071,QVQLVESGGGSVQAGGSLRLSCAASGYIKSIKYLGWFRQAPGKEREGVAALMTRYGETYYADSVKGRFTVSLDNAKNTVYLQMNSLKPEDTALYYCAAANYGNNWPLTGVNYWYWGQGTQVTVSS
seq2072,QVQLVESGGGLVQAGGSLRLSCAASSFPVDTYHMAWYRQAPGKEREWVAAIVSWGWRTYYADSVKGRFTISRDNAKNTVYLQMNSLKPEDTAVYYCNVKDIGAQEVHYDYWGQGTQVTVSS
seq2073,QVQLVESGGGSVQAGGSLRLSCAASGHIAQIEYLGWFRQAPGKEREGVAALSTNQGYTYYADSVKGRFTVSLDNAKNTVYLQMNSLKPEDTALYYCAAARWGRTYPLSYMAYTYWGQGTQVTVSS
seq2074,QVQLVESGGGSVQAGGSLRLSCAASGAINQIYYLGWFRQAPGKEREGVAALSTKYGETYYADSVKGRFTVSLDNAKNTVYLQMNSLKPEDTALYYCAAARWGRQYPLTFVYYSYWGQGTQVTVSS
seq2075,QVQLVESGGGLVQAGGSLRLSCAASGGTFSSYAMGWFRQTPGKEREFVGAISRSGGGTSYLDSVKGRFTISRDNAKNTMYLQMNSLKPEDSAIYYCAGGTYGSTSVRDFGPWGQGTQVTVSS
seq2076,HVQLVESGGGLVQAGGSLRLSCAAPGRTFSTSAMGWFRQAPGKEREFVAAIDWSNTNIHYADTVKGRFTISTDTAKNTVYLQMNNLKPEDTAVYYCAQGGWGLTQPISVDYWGKGTQVTVSS
seq2077,HVQLVESGGGLVQAGDSLRLSCAASGRDFSSYAMGWFRQAPGKEREFVGVISSGDVGTFYEDSVKGRFTISRDDAKNTVDLQMNSLKPEDTAVYYCAAALYVTSTRGSYAYWGQGTQVTVSS
seq2078,QVQLVESGGGLVQAGGSLRLSCAASGRTFSSYSMGWFRQAQGKEREFVATINGNGRDTYYTNSVKGRFTISRDDATNTVYLQMNSLKPEDTAIYYCAADKDVYYGYTSFPNEYEYWGQGTQVTVSS
seq2079,QVQLVESGGGLVQAGGSLRLSCTASGGTFRSFTMAWFRQAPGKEREFVATLSWTGVGTYYADSVKGRFTISRDIAKNTVYLEMNSLIPEDTAVYYCAASPYTYSLLSRTGDYGYWGQGTQVTVSS
seq2080,EVQLVESGGGLVQPGGSLRLSCAASGFTFSSYAMSWVRQAPGKGREWVAGITPGSGTFYADSVKGRFTISRDNAKNTLSLEINSLKPEDTALYYCAKCRQEFSWDFSSRDPDDFDYWGQGTQVTVSS
seq2081,HVQLVESGGGLVQAGGSLRLSCAASGRTFSAYGMGWFRQAPGKEREFVAGIARSGSEYYGDSVKGRFTISRDNAKNTVYLQMASLKAEDTGVYYCAADPTILYHALSQRTQNYRYWGPGTQVTVSS
seq2082,HVQLVESGGGLVQPGGSLRLSCAASGLTLNDYAIGWFRQAPGKEREGVSCISSSDGTTYYADSVKGRFTISRDNAKNTVYLQMNSLKPEDTAVYYCATDIAPFYCSWPLRTRLVEYWGQGTQVTVSS
seq2083,HVQLVESGGGLVQAGGSLRLSCAVSGRTVSSYVMGWFRQAPGKEREFVAGIGRTGMTITADSVKGRFTISRDNAKNLVYLQMNSLKSEDTAVYWCAAGVRDFAPRIDSYDYWGQGTQVTVSS
seq2084,HVQLVESGGGLVQAGGSLRLSCAASGGTFTTFRMAWFRQTPGKEREFVAASSWGFVNYADPVKGRFTISRDNAKNTVYLEMSSLKTEDTAVYYCAARNPGTGQYDYWGQGTQVTVSS
seq2085,QVQLVESGGGSVQAGGSLRLSCAASGSISSITYLGWFRQAPGKEREGVAALVTSDGRTYYADSVKGRFTVSLDNAKNTVYLQMNSLKPEDTALYYCAAANWGYSWPLYQTEYWYWGQGTQVTVSS
seq2086,QVQLVESGGGLVQAGGSLRLSCAASGRTFSNSHMGWFRQAPGKEREFVAVISRSGGSTLYADSVKGRFTISRDNAKNTVYLQMNSLKPEDTAVYYCAASRTAGLTSNRSLYDYWGRGTQVTVSS
seq2087,HVQLVESGGGLVQAGGSLRLSCAASGRTFSSYAMGWFRQAPGKEREFVARVSAAGSITDYADSVKGRFTIAKDNAKSTVYLRMNSLRLEDTAVYYCAADVATIGSRLANYDYWGQGTQVTVSS
seq2088,QVQLVESGGGLVQTGGSLRLSCAASGSTRSIWYSGWYRQAPGKQRELVASLTSGGTTYYPDSMKGRFTISGSSGLNMVYLQMNSLRPEDTAVYSCNVRTGSGVYWGQGTQVTVSS
seq2089,EVQLVESGGGLVQAGGSLRLSCAASGLTFSSYNMGWFRQAPGKEREFVAFIRWSGTSTYYADSVKGRFTISRDTAKNTVYLQMNSLKLEDTAVYYCAATSRTMIHTSQTMRINWDYWGQGTQVTVSS
seq2090,QVQLVESGGGLVQAGGSLRLSCAASGRTFSNYAMGWFRQAPGKGREFVAGISWSTRNTYYADSVKGRFTVSRDNEQTTMSLQMNRLKPEDTAVYYCAARFGIVTTRDEYEFYGQGTQVTVSS
seq2091,HVQLVESGGGLVQAGGSLRLSCAASGRAIGIHRMAWFRQAPGKERAFVAAIQWTGDMPTYADSLKGRFTISADNAKNTVSLQMTSLKPDDTAVYYCAARSATTALYDYWGQGTQVTVSS
seq2092,QVQLVESGGGLVQAGGSLRLSCAVSGSTLGINAIGWYRQPPGKQRELVASISSLGTTLYAESVKGRFAISRDNAKNTAYLQMNSLKPDDTAVYYCNMRTPYRRDYWGQGTQVTVSS
seq2093,HVQLVESGGGLVQAGGSLRLSCAVSGRTFSTYGMAWFRQAPGKERDFVATITRSGETTLYADSVKGRFTISRDNAKNTVYLQMNSLKIEDTAVYYCAVRRDSSWGYSRDLFEYDYWGQGTQVTVSS
seq2094,DVQLQASGGGLVQPGGSLRLSCAASRFTFSTYWMYWVRQAPGKGLEWVSGFNIGGGSTYYADSVKGRFTIFGDNAKNTLYLQMNNLKPEDTAVYYCAPLLASAFVLMYGSRHLYWGKGTQVTVSS
seq2095,DVQLVESGGGLVQPGGSLPLSCAASGFIFDNYAMSWVRQAPGKGLEWVSKLHTGVLNTYYANSVKGRFTISTDNAKNTLYLQMNSLQSEDTAVYYCAFGPAPKPQNVLTTALPYWGKGTQVTVSS
seq2096,QVQLVESGGGLVQPGGSLRLSCAASGFTFDDYGMSWVRQAPGKGLEWVSSIYSYISNSYYADSVKGRFTGSTDNAKNTLYLQMNSLKSEDTAVYYCAHRFQTRVRTTNPIESEYWGKGTQVTVSS
seq2097,QVQLVESGGGLVQPGGSLRLSCAASGFTFSAYAMSWVRQAPGKGLEWVSAIHSGGDNTNYAESVKGRFTISRDNAKNTLYLQMNSLKPEDTAVYYCAPGPGFTTMDRSQARIAYWGKGTQVTVSS
seq2098,QVQLVESGGGLVQPGGSLRLSCAASGFTFSSADMSWVRQAPGKGPEWVSVIESSGSTYYAESVKGRFTISRDNAKNTVYLQMNNLKPEDTAVYYCAYVVPYAIAAGAPDQIGYWGKGTQVTVSS
seq2099,QVQLQASGGGLVQAGGSLRLSCASTGSIFSGDVDGVGWFRRAPGKERELLARIRDGGTTYYADSVKGRFTISGDDAMNTVYLQMNSLKPEDTAVYYCAFGHTHMVRPGSTVMIMYWDKGTQVTVSS
seq2100,EVQLLESGGGLVQPGGSLRLSCAASGSTSSSYAMSWVRQAPGKGLEWVSAISSGGSRTYYADSVKGRFTISRDNSKNTLYLQMNSLRAEDTAVYYCAALASSGYSRDYGAYDYWGQGTLVTVSS
seq2101,QVQLAESGGGLVQPGGSLRLSCAASGFALSSNWMYWVRQAPGKGLEWVTLIRPTNGNKDYVDSVKGRFTISRDDAKNTLYLQMNSLKSEDTAVYYCAPRVRLKVRFQDRVMVTYWGKGTQVTVSS
seq2102,QVQLQESGGGLVQAGGSLRLSCAASGYTNSRYYMGWFRQAPGKEREFVAAISAIGRTYYADSVKGRFTISRDNAKNTVYLQMNSLKPEDTAVYYCAASDRLSGLRSYGYWGQGTQVTVSS
seq2103,EVQLLESGGGLVQPGGSLRLSCAASGSTFSSNAMSWVRQAPGKGLEWVSAINWGSSSTNYADSVKGRFTISRDNSKNTLYLQMNSLRAEDTAVYYCAAYLSSSRSGDYYWGQGTLVTVSS
seq2104,QLQLVESGGDLVQPGESLRLSCVASGHTGSTYIIGWFRQAPGKEREGVSCISRSGILRSYADSVRGRFTISRENAKNAVYLEMNSLKPEDTAVYYCAARDSLTGVIGNTPGEYDYWGQGTQVTVSS
seq2105,QVQLVESGGGLVQAGGSLRLSCAASGFPVDYMEMEWFRQAPGKEREWVAAITSNGRETYYADSVKGRFTVSRDNAKNTVYLQMNSLKPEDTAVYYCYVYVGSSYIGQGTQVTVSS
seq2106,QVQLVESGGGLVQAGGSLRLSCAASGFPVWFQEMEWYRQAPGKEREWVAAISSQGTHTYYADSVKGRFTISRDNAKNTVYLQMNSLKPEDTAVYYCYVYVGASYLGQGTQVTVSS
seq2107,QVQLVESGGGLVQAGGSLRLRCAASGFPVETTEMEWYRQAPGKEREWVAAISSYGSETYYADSVKGRFTISRDNAKNTVYLQMNSLKPEDTAVYYCYVYVGTSYLGQGTQVTVSS
seq2108,QVQLVESGGGLVQAGGSLRLSCAASGFPVWSNEMEWYRQAPGKEREWVAAITSYGTTEYADSVKGRFTISRDNAKNTVYLQMNSLKPEDTAVYYCYVYVGYSYIGQGTQVTVSS
seq2109,QVQLVESGGGLVQAGGSLRLSCAASGFPVNQEEMEWYRQAPGKEREWVAAIKSWGTLTAYADSVKGRFTISRDNAKNTVYLQMNSLKPEDTAVYYCAVHVGQTYIGQGTQVTVSS
seq2110,QVQLVESGGGLVQAGGSLRLSCAASGFPVYFSYMAWYRQAPGKEREWVAAINSEGDSTTYADSVKGRFTISRDNAKNTVYLQMNSLKPEDTAVYYCNVKDYGWYNSQYDYWGQGTQVTVSS
seq2111,QVQLVESGGGLVQAGGSLRLSCAASGFPVWQGEMAWYRQAPGKEREWVAAISSMGYKTYYADSVKGRFTISRDNAKNTVYLQMNSLKPEDTAVYYCAVMVGFWYAGQGTQVTVSS
seq2112,QVQLVESGGGLVQAGGSLRLSCAAGGFPVKDHEMEWYRQAPGKEREWVAAITSSGWGTNTYYADSVKGRFTISRDNAKNTVYLQMNSLKPEDTAVYYCYVYVGSSYIGQGTQVTVSS
seq2113,QVQLVESGGGLVQAGGSLRLSCAASGFPVNAHFMYWYRQAPGKEREWVAAIYSYGRTLYADSVKGRFTISRDNAKNTVYLQMNSLKPEDTAVYYCNVKDYGAASWEYDYWGQGTQVTVSS
seq2114,QVQLVESGGGLVQAGGSLRLSCAASGFPMYAWEMAWYRQAPGKEREWVAAIRSMGVHTHYSDSVKGRFTISRDNAKNTVYLQMNSLKPEDTAVYYCNVKDFGGHQAYYDYWGQGTQVTVSS
seq2115,QVQLVESGGGLVQAGGSLRLSCAASGFPVSNEEMTWYRQAPGKEREWVAAIASNGNQTEYADSVKGRFTISRDNAKNTVYLQMNSLKPEDTAVYYCYVYVGASYIGQGTQVTVSS
seq2116,QVQLVESGGGLVQAGGSLRLSCAASGFPVNHTRMYWYRQAPGKEREWVAAIQSHGQNTFYADSVKGRFTISRDNAKNTVYLQMNSLKPEDTAVYYCYVWVGNQYWGQGTQVTVSS
seq2117,QVQLVESGGGLVQAGGSLRLSCAASGFPVAQQEMTWYRQAPGKEREWVAAISSIGSITHYADSVKGRFTISRDNAKNTVYLQMNSLKPEDTAVYYCYVYVGASYIGQGTQVTVSS
seq2118,QVQLVESGGGLVQAGGSLRLSCAASGFPVKSYEMEWYRQAPGKEREWVAAISSYGEYTEYADSVKGRFTISRDNAKNTVYLQMNSLKPEDTAVYYCYVWVGDSYLGQGTQVTVSS
seq2119,QVQLVESGGGLVQAGGSLRLSCAASGFPVNAEEMEWYRQAPGKEREWVAAISSSGDWTYYADSVKGRFTISRDNAKNTVYLQMNSLKPEDTAVYYCLVYVGSTYIGQGTQVTVSS
seq2120,QVQLVESGGGLVQAGGSLRLSCAASGFPVQLYWMEWYRQAPGKEREWVAAITSDGDYTEYADSVKGRFTISRDNAKNTVYLQMNSLKPEDTAVYYCYVKVGEWYYGQGTQVTVSS
seq2121,QVQLVESGGGLVQAGGSLRLSCAASGFPVGQQHMYWYRQAPGKEREWVAAIYSYGHITKYADSVKGRFTISRDNAKNTVYLQMNSLKPEDTAVYYCWVYVGDYYEGQGTQVTVSS
seq2122,QVQLVESGGGLVQAGGSLRLSCAASGFPVYEHYMRWYRQAPGKEREWVAAIQSHGNHTAYADSVKGRFTISRDNAKNTVYLQMNSLKPEDTAVYYCFVVVGNGYTGQGTQVTVSS
seq2123,QVQLVESGGGLVQAGGSLRLSCAASGFPVENYYMRWYRQAPGKEREWVAAIESSGAETRYADSVKGRFTISRDNAKNTVYLQMNSLKPEDTAVYYCYVVVGWGYAGQGTQVTVSS
seq2124,QVQLQESGGGLVQAGGSLRLSCAASGTISYENFMGWYRQAPGKERELVAGINDGTNTYYADSVKGRFTISRDNAKNTVYLQMNSLKPEDTAVYYCAVIGTSVLGHAYWGQGTQVTVSS
seq2125,EVQLLESGGGLVQPGGSLRLSCAASDFYFADYEMSWVRQAPGKGLEWIGSIYHSGSTYYNPSLKSRVTISRDNSKNTLYLQMNSLRAEDTAMYYCAREWHSGYDYWGQGTLVTVSS
seq2126,EVQLLESGGGLVQPGGSLRLSCAASSFDFSDYEMSWVRQAPGKGLEWIGEIHHSGSTYYNPSLKSRVTISRDNSKNTLYLQMNSLRAEDTATYYCVKDFVVGETAEFSYWGQGTLVTVSS
seq2127,EVQLLESGGGLVQPGGSLRLSCAASSFDFSSYEMSWVRQAPGKALEWIGEIHHSGSTYYNPSLKSRVTISRDNSKNTLYLQMNSLRAEDTAMYYCVKDLGFADHWGQGTLVTVSS
seq2128,EVQLLESGGGLVQPGGSLRLSCAASDFAFSSYEMSWVRQAPGKGLEWIGEIHHSGSTYYNPSLKSLVTISRDNSKNTLYLQMNSLRAEDTAVYYCVKDFGHLGQMASWGQGTLVTVSS
seq2129,QLQLVESGGDLVQPGESLRLSCVASGRTLSTYEIGWFRQAPGKEREGVSCVTPTGFGTSYADSVRGRFTISRENAKNAVYLEMNSLKPEDTAVYYCAGSGKGLGSLQRSPDDWGQGTQVTVSS
seq2130,QLQLVESGGDLVQPGESLRLSCVASGRTFGTYRIGWFRQAPGKEREGVSCIFWSGGGASYADSVRGRFTISRENAKNAVYLEMNSLKPEDTAVYYCAARAPTTQEYDYWGQGTQVTVSS
seq2131,QLQLVESGGDLVQPGESLRLSCVASGFTFSSYAIGWFRQAPGKEREGVSCLDVTGRSTSYADSVRGRFTISRENAKNAVYLEMNSLKPEDTAVYYCAAVYTPFRFAFKTDPDRQDHWGQGTQVTVSS
seq2132,QVQLQESGGGLVQAGGSLRLSCAASGTISYENFMGWYRQAPGKGRKLVAGINDGTNTYYADSVKGRFTISRDNAKNTVYLQMNSLEPEDTAVYYCAVIGASVLGHAYWGQGTQVTVSS
seq2133,QVQLQESGGGLVQAGGSLRLSCAASGTISYENFMGWYRQAPGKERKLVAGINDGTNTYYADSVKGRFTISRDNAKNTVYLQMNSLKPEDTAVYYCAVIGASVLGHAYWGQGTQVTVSS
seq2134,QVQLQASGGGLVQAGGSLRLSCAASGVIFSLNYMGWYRQAAGKGRELVATINRSGGASYGDSVKGRFTISRDNAKNTVDLQMNSLKPEDTAVYYCANVIGTVNAYGAASKPAYWGKGTQVTVSS
seq2135,QLQLVESGGDLVQPGESLRLSCVASASGRTSSTIGWFRQAPGKEREGVSCITWSGGSTSYADSVRGRFTISRENAKNAVYLEMNSLKPEDTAVYYCAAGLSPLMLTASRRYEYWGQGTQVTVSS
seq2136,QVQLVESGGGLAQSGDSLRLSCAASGRTFDINYMAWFRRAPGKEREFVAASSWTGVGTYYADSVKGRFTISRDNNKNTLYLQMDSLKPEDTAVYYCAADSNIDRLHSAGSDYRYWGQGTQVTVSS
seq2137,HVQLVESGGGLVQAGGSLRLSCAASGRTFSTHATGWFRQAPGKEREFLATSVWLDDISRDSTYYAESVKGRFSISRDNAKDTVYLQMNSLKPEDTAVYYCAVKQRVGPGIMSAPTYDYWGQGTQVTVSS
seq2138,HVQLVESGGGLVQTGGSLRLSCAFSGYTFSTFPTAWFRQAPGKEREFVAGIRWNGGSRDYTEYADFVKGRFTISRDNAKNMIYLQMISLKPEDTALYYCAASHGVVDGTSVNGYRYWGQGTQVTVSS
seq2139,DVQLVESGGGLVQAGGSLKLSCTASESTFNFNHIDWYRQAPGKQRESVAVITNTDVTNYADSVKGRFTISRDNAKNTVYLQMNSLKPEDTAVYLCNAWRFGPTGVKVDYWGQGTQVTVSS
seq2140,HVQLVESGGGLVQAGGSLRLSCAVSGASAERVGWFRRAPGKEREFVAAIGANGGSTNYLDSVKGRFTISRDNAKNTVYLQMNSLKPQDTAVYYCAARNLETFDYTYWGRGTQVTVSS
seq2141,HVQLVESGGGLVQAGGSLRLTCAASGGTFSTSTMDMGWFRQAPGKEREFVAVDSWNDGRAYYADSVKGRFTISRDSAKTTLYLQMNSLKPEDTAVYYCAARTERGVYDYWGRGTQVTVSS
seq2142,EVQLVESGGGLVAAGGSLRLSCVPSTNIFSANAMGWYRQAPGKQRELVASITSGGNTNYADSVKGRFTISRDNADTVILQMNSLKPEDTAVYYCKGTAYSTTYNSVRDYWGQGTQVTVSS
seq2143,DVQLVESGGGLVQAGESLRLSCAASGDMFSSNAMAWYRQAPGKQRELVASITSGGNTNYADSVKGRFTISRDNAKNTVYLQMDSLKPEDTAVYYCNGVAYDYSWGRPRNFWGQGTQVTVSS
seq2144,HVQLVESGGGLVQAGGSLRLSCAASGSIFSSNAMSWYRQAPGKQRELVASITSGGNADYADSVKGRFTISRDKNTVYPEMSSLKPADTAVYYCHAVGQEASAYAPRAYWGQGTQVTVSS
seq2145,DVQLVESGGGLVQAGGSLRLSCAASGRTFSSYNVGWFRQAPGKEREFVAFIRWSGTSTYYADSVKGRFTISRDNAKNTVYLQMNSLKPEDTAVYYCAATSRTMIHTSQAMPINWDYWGQGTQVTVSS
seq2146,QVQLVESGGGLVQAGGSLRLSCAASGFPVYSWNMWWYRQAPGKEREWVAAIESHGDSTRYADSVKGRFTISRDNAKNTVYLQMNSLKPEDTAVYYCYVWVGHTYYGQGTQVTVSS
seq2147,QVQLVESGGGLVQAGGSLRLSCAASGFPVAAYEMEWYRQAPGKEREWVAAINSMGDQTYYADSVKGRFTISRDNAKNTVYLQMNSLKPEDTAVYYCYVYVGFSYIGQGTQVTVSS
seq2148,QVQLVESGGGSVQAGGSLRLSCAASGSIQAITYLGWFRQAPGKEREGVAALVTWNGQTYYADSVKGRFTVSLDNAKNTVYLQMNSLKPEDTALYYCAAADWGYDWPLWDEWYWYWGQGTQVTVS
seq2149,QVQLVESGGGSVQAGGSLRLSCAASGTIAHIKYLGWFRQAPGKEREGVAALMTKWGQTYYADSVKGRFTVSLDNAKNTVYLQMNSLKPEDTALYYCAAASYGANFPLKASDYSYWGQGTQVTVS
seq2150,QVQLVESGGGSVQAGGSLRLSCAASGEIESIFYLGWFRQAPGKEREGVAALYTYVGQTYYADSVKGRFTVSLDNAKNTVYLQMNSLKPEDTALYYCAAASYGAAHPLSIMRYYYWGQGTQVTVS
seq2151,QVQLVESGGGSVQAGGSLRLSCAASGSISSIKYLGWFRQAPGKEREGVAALMTRWGMTYYADSVKGRFTVSLDNAKNTVYLQMNSLKPEDTALYYCAAANYGANEPLQYTHYNYWGQGTQVTVS
seq2152,QVQLVESGGGSVQAGGSLRLSCAASGSISSITYLGWFRQAPGKEREGVAALKTQAGFTYYADSVKGRFTVSLDNAKNTVYLQMNSLKPEDTALYYCAAANWGYSWPLYEADDWYWGQGTQVTVS
seq2153,QVQLVESGGGSVQAGGSLRLSCAASGSISSITYLGWFRQAPGKEREGVAALNTFNGTTYYADSVKGRFTVSLDNAKNTVYLQMNSLKPEDTALYYCAAATWGYSWPLIAEYNWYWGQGTQVTVS
seq2154,QVQLVESGGGSVQAGGSLRLSCAASGSISSITYLGWFRQAPGKEREGVAALVTYSGNTYYADSVKGRFTVSLDNAKNTVYLQMNSLKPEDTALYYCAAATWGHSWPLYNDEYWYWGQGSQVTVS
seq2155,EVQLQESGGGSVQAGGSLRLSCAASGDTYRRACMGWFRQAPGKEREEIASIYTNGGNTQIADSVKGRFTISRDNAKNTVYLQMNSLKPEDSAMYYCVADVQVRGYCTTKNLYEYESWGQGTQVTVSS
seq2156,EVQLQESGGGSVQAGGSLRLSCAASGYTSEYTYDKYYNYMGWFRQAPGKERETVATINSRDITYYGDSVKGRFTISQDIAKNTVYLQMNSLKPEDTAMYYCATGRLGSSWNSWGQGTQVTVSS
seq2157,EVQLQESGGGSVQAGGSLRLSCAVSGYTYTSYCMTWFRQAPGKEREGVAAINSDGSVTYYGSSAKGRFSISRDSAKNTVTLLMNSLKPEDTAIYTCTAATRKCMDLGSWIDFDYRGQGTQVTVSS
seq2158,EVQLQESGGGSVQAGGSLRLSCAASGSVGCMGWIRQAPGKEREGVARINSDGSITYYSSSAKGRFSISRDSAKNTVTLLMNSLKPEDTAIYTCTADTRKCMDLGSWIDSDYWGQGTQVTVSS
seq2159,EVQLQESGGGSVQAGGSLRLSCAVSVYPNSSYCVGWFRQVPGKAREGVAAINSGGDWTYYAASVRGRFTISRDNAKNTVYLRMNSLKPEDTAIYYCAAHPVGSGVFCDRPVVEYNHWGQGTQVTVSS
seq2160,EVQLQESGGGSVQAGGSLRLSCAASGSVYCMGWIRQAPGKEREGVARINSNGSVTYYGSSAKGRFSISRDSAKNTVTLLMNSLKPEDTAIYTCAANTRKCMDLSSWLDVDYWGQGTQVTVSS
seq2161,EVQLQESGGGSVQAGGSLRLSCVASGVIYNNTCIGWFRQAPGKEREGVAGINSGGGNTYNAASVEGRFTISQDNVKNTVYLLMNSLKPEDTAIYYCATNWRRGVRCTDPSWRDGYNYWGQGTQVTVSS
seq2162,ELQLQESGGGSVQAGGSLRLSCAVSVYPNSSYCVGWFRQVPGKAREGVAAINSGGDWTYYAASVRGRFTISRDNAKNTVYLRMNSLKPEDTAIYYCAAHPVGSGVFCDRPVVEYNHWGQGTQVTVSS
seq2163,EVQLQESGGGSVQAGGSLRLSCAASGSVYCMGWIRQAPGKEREGVARINSDGSVTYYARSAKGRFSISRDSAKNTVTLLMNSLKPEDTAIYTCTADTRKCIDLGSWIDSDYRGQGTQVTVSS
seq2164,EVQLQESGGGSVQAGGSLRLSCAASGYTGSMYCMGWFRQAPGKERERVATIDSRSSVETYAGSVKGRFTISQNNAKNTVYLQMSSLKPEDTAIYYCATDNLAWCSGDYHLYKYWGQGTQVTVSS
seq2165,EVQLQESGGGSVQAGGSLRLSCALSVYPNSSYCVGWFRQVPGKAREGVTAINSGGDWTYYAASVKGRFTISRDNAKSTVYLRMNSLKPEDTAIYYCAADPVASGGFCDRPVVGYKHWGQGTQVTVSS
seq2166,EVQLQESGGGSVQAGGSLRLSCAASGGSYSNYCVGWFRQGPGKEREGVATINIGRGVETYAASVKGRFTISQDNAKNTVYLIMNSLKPEDTAIYYCAARMPSWDDSCPRDASGMRYWGQGTQVTVSS
seq2167,EVQLQESGGGSVQAGGSLRLSCVVSGVIYSNTCMGWFRQAPGKEREGVAGINSGGGVTIYAGSVKGRFTISQNNAKNTVYLLMNSLKPEDTAIYYCATDYLA
seq2168,EVQLQESGGGSVQAGGSLRLSCAASVYPNSSYCVGWFRQVPGKAREGVAAINSGGDWTYYAASVKGRFTISRDNAKSTVYLRMNSLKPEDTAIYYCAADPLASGDFCDRPVVEYNHWGQGTQVTVSS
seq2169,EVQLQESGGGSVQTGGSLRLSCAASGSVHCMGWIRQAPGKEREGVARINSDGSVTYYASSAKGRFSISRDSAKNTVTLLMNSLKPEDTAIYTCAADTRKCMDLSSWIDSDYWGQGTQVTVSS
seq2170,EVQLQESGGGSVQTGGSLRLSCAASGSVYCMGWIRQAPGKEREGVARINSDGSVTYYSRSAKGRFSISRDSAKNTVTLLMNSLKPEDTAIYTCTANLRECMDLGSWIDFDYRGQGTQVTVSS
seq2171,EVQLQESGGGLVQPGGSLRLSCIASGFAFNEYYMSWVRQAPGKELEWLSGINPDGSNTDYADSVKGRFTISRDNAKNTLYLEMNSLTSEDTALYYCATDFARVYTGGWFLESLSEGTGQLGQGTQVTVSS
seq2172,EVQLQESGGGSVQAGGSLRLSCAASGSVYCMGWIRQAPGKEREGVARINSNGSITYYGSSAKGRFSISRDSAKNTVTLLMNSLKPEDTAIYTCAANTRRCMDLSSWIDVDYWGQGTQVTVSS
seq2173,EVQLQESGGGSVQAGGSMRLSCAASGYTYSMYCMGWIRQAPGKEREGVARINADGSTTYYGSSAKGRFSISRDSAKNEVTLLMNSLKPEDTAVYTCTADTRKCRDLSSWIDSDYRGQGTQVTVSS
seq2174,QLQLVESGGDLVQPGESLRLSCVASFDDFAIGWIGWFRQAPGKEREGVSCSARGIVNTSYADSVRGRFTISRENAKNAVYLGMNSLKPEDTAVYYCAALVGLNDRSLPHEAEEYDYWGQGTQVTVSS
seq2175,QLQLVESGGDLVQPGESLRLSCVASGFTFDDYSIGWFRQAPGKEREGVSCFSSLDGSTSYADSVRGRFTISRENAKNAVYLEMNSLKPEDTAVYYCAATRGSSWYWYRPSEYDYWGQGTQVTVSS
seq2176,QVQLVESGGGLVQAGGSLRLSCAASGFPVFSGHMHWYRQAPGKEREWVAAILSNGDSTHYADSVKGRFTISRDNAKNTVYLQMNSLKPEDTAVYYCRVHVGAHYFGQGTQVTVS
seq2177,QVQLVESGGGLVQAGGSLRLSCAASGFPVEQGRMYWYRQAPGKEREWVAAIISHGTVTVYADSVKGRFTISRDNAKNTVYLQMNSLKPEDTAVYYCYVYVGAQYWGQGTQVTVS
seq2178,QLQLVESGGDLVQPGESLRLSCVASGRTFTRYPIGWGRQAPGKEREGVSCISGSGIITSYADSVRGRFTISRENAKNAVYLEMNSLKPEDTAVYYCAVDNAPTSSLPLTPGEYDYWGQGTQVTVSS
seq2179,QLQLVESGGDLVQPGESLRLSCVASGRTFSSYAIGWFRQAPGKEREGVSCISSGGITSYADSVRGRFTISRENAKNAVYLEMNSLKPEDTAVYYCAANRGRFTGWRSLTDYTYWGQGTQVTVSS
seq2180,QLQLVESGGDLVQPGESLRLSCVASGRTFSTYAIGWFRQAPGKEREGVSCISPSRIITSYADSVRGRFTISRENAKNAVYLEMNSLKPEDTAVYYCAADSSYGGRLGRRIDDYEYWYQGTQVTVSS
seq2181,QLQLVESGGDLVQPGESLRLSCVASGSGVSTGSIGWFRQAPGKEREGVSCYTSVGSISYADSVRGRFTISRENAKNAVYLEMNSLKPEDTAVYYCAFFVPFGDTYWGQGTQVTVSS
seq2182,QVQLVESGGGSVQAGGSLRLSCAASGAISTIEYLGWFRQAPGREREGVAALYTERGYTYYADSVKGRFTVSLDNAKNTVYLQMNSLKPEDTALYYCAAARYGHAQAPLHYFWYGYWGQGTQVTVSS
seq2183,QLQLVESGGDLVQPGESLRLSCVASGRTVSMYAIGWFRQAPGKEREGVSCISRSGRSTSYADSVRGRFTISRENAKNAVYLEMNSLKPEDTAVYYCAARDGGLHYALYVEASHYNYWGQGTQVTVSS
seq2184,QVQLVESGGGSVQAGGSLRLSCAASGYITMIEYLGWFRQAPGKEREGVAALNTHTGGTYYADSVKGRFTVSLDNAKNTVYLQMNSLKPEDTALYYCAAARWGRYEPLHYAYYSYWGQGTQVTVSS
seq2185,QVQLVESGGGSVQAGGSLRLSCAASGNIYNIKYLGWFRQAPGKEREGVAALMTRYGETYYADSVKGRFTVSLDNAKNTVYLQMNSLKPEDTALYYCAAASYGANWPLVSAAYTYWGQGTQVTVSS
seq2186,QVQLVESGGGLVQAGGSLRLSCAASGFPVNYKTMWWYRQAPGKEREWVAAIWSYGHTTHYADSVKGRFTISRDNAKNTVYLQMNSLKPEDTAVYYCVVWVGHNYEGQGTQVTVS
seq2187,QVQLVESGGGLVQAGGSLRLSCAASGFPVYAQNMHWYRQAPGKEREWVAAIYSHGYWTLYADSVKGRFTISRDNAKNTVYLQMNSLKPEDTAVYYCEVQVGAWYTGQGTQVTVS
seq2188,QVQLVESGGGLVQAGGSLRLSCAASGFPVRKANMHWYRQAPGKEREWVAAIMSKGEQTVYADSVEGRFTISRDNAKNTVYLQMNSLKPEDTAVYYCRVFVGWHYFGQGTQVTVS
seq2189,QVQLVESGGGLVQAGGSLRLSCATSGFPVYQANMHWYRQAPGKEREWVAAIQSYGDGTHYADSVKGRFTISRDNAKNTVYLQMNSLKPEDTAVYYCRAVYVGMHYFGQGTQVTVS
seq2190,DVQLVESGGGLVQAGGSLRLSCAASGRTFSSYSMGWFRQAPGKEREFVAFIRWSGTSTYYADSVKGRFTISRDNAKNTVYLQMNSLKPDDTAVYYCAASSRTMNTISQTMRINWDYWGQGTQVTVSS
seq2191,HVQLVESGGGLVQAGGSLRLSCAASGSDFSILAIGWYRQAPGKQRELVAAISRVGSTNYADSVKGRFTISRDNAKNTVSLQMNSLKPEDTAVYYCNAGIPMSTVLLGQGFWGQGTQVTVSS
seq2192,HVQLVESGGGLVQPGGSLRLSCAASGNFFLINVMSWWRQAPGNEHELHELVATITSDGRTNYGDAVQGRFTISRDNAKNTLYLQMNSLKPEDTAVYYCYAQGQGNREYWGQGTQVTVSS
seq2193,EVQLVESGGGLVQAGGSLRLSCAASGSIFSILNMGWYRQAPGKQRDLVARITPGGSTDYADSVKGRFTISRDNAKNTLYLQMNSLKPEDTAVYLCYAKIFGPGSGSYWGQGTQVTVSS
seq2194,DVQLVESGGGLVQAGGSLGLSCAASGSIFRLTAMGWYRQAPGKQRDLVTTITSAGIPHYADSVKGRFTISRDNAKNTVYLQMNGLKPEDTAVYYCYANTLNSQLLPRAYWGQGTQVTVSS
seq2195,HVQLVESGGGLVQPGGSLRLSCAASGRSFNSYLMGWFRQAPGKEREFVAWISGSPHDIIRYRDSVKDRFTISRDNAKNTVYLQMNSLKPVDTAVYYCAVGSLRVGSFSPDYWGQGTQVTVSS
seq2196,QVQLVESGGGLVQAGGSLRLSCAASGRTFSSHAMAWFRQAPGKEREFVAGISWSGPYYVDSVKGRFTISADNAKNIVYLQMNSLTPEDTAVYYCASNRGPNLYPHIGDIEYWGQGTQVTVSS
seq2197,HVQLVESGGGLVQAGGSLRLSCAASGRTFSSHAMAWFRQAPGKEREFVAGISWSGPYYVDSVKGRFTISTDNAKNTVYLQMNSLTPEDTAVYYCASSRGPNLYPHIGDVEYWGQGTQVTVSS
seq2198,DVQLVESGGGLVQAGGSLRLSCAVSGRTFSISTMGWFRQAPGKERLFVAGITWHDGSTNYADSVKGRFTISRDNAKNTVYLQMNSLKPEDTALYYCAARKSINYVQEYDYWGRGTQVTVSS
seq2199,QVQLVESGGGLVQAGGSLRLSCAISGASANRVGWFRRAPGKEREFVAAIGASGGMTNYLDSVKGRFTISRDNAKNTVYLQMNSLKPQDTAVYYCAARNIETAEYTYWGQGTQVTVSS
seq2200,QVQLQASGGGWVQPGGSLRLSCAASGFTFSSYAMTWVRQALGKGLEWVSDINYGGHTSYADSVKGRFTISRDNAKNTLYLQMNSLKPEDTAVYYCAAVAMLPFLTAVTPRPGYWGKGTQVTVSS
seq2201,EVQLQESGGGSVQAGGSLRLSCAASLSPNSSYCVGWFRQVPGKAREGVAGINSGGDWTYYAASVKGRFTISRDNDKNTVYLRMNSLKPEDTAIYYCAADPVITGDFCDRPVVGYAHWGQGTQVTVSS
seq2202,EVQLQESGGGSVQAGGSLRLSCAASGYTSSNYCVGWFRQGPGKEREGVATINIGRGVETYAHSAKDRFTISQDAAKNTVYLIIHSLKPEDTAIYYCAARTPIWDGSCPRDASGMRDWGQGTQVTVSS
seq2203,EVQLVESGGSLVQPGGSLRLSCAASGFTLDYYAIGWFRQAAGKERERVSCIDISGTMTTYARFVKGRFTISRDNAKNTVYLQMNSLEPEDTAVYYCAANKVTGPLGANDYCSGNWREYEYWGQGTEVTVSS
seq2204,QVQLVESGGGLVQPGESLRLSCAASGSIFGIYAVHWFRMAPGKEREFTAGFGSHGSTNYAASVKGRFTMSRDNAKNTTYLQMNSLKPADTAVYYCHALIKNELGFLDYWGPGTQVTVSS
seq2205,QVQLVESGGGLVQPGESLRLSCAASGNIFGIAAVHWFRKAPGKEREFTAGFGSDGSTNYANSVKGRFTISRDNAKNTTYLQMNSLKPEDTAVYYCHALIKNELGFLDYWGPGTQVTVSS
seq2206,EVQLQESGGGSVQTGGSLRLSCAASGSVYCMGWIRQAPGKEREGVARINSDGSVTYYGSSAKGRFSISRDSAKNTVTLLMNSLKPEDTAIYTCTAGTRKCMDLGSWIDFDYRGQGTQVTVSS
seq2207,EVQLQESGGGSVQAGGSLRLSCAASGITTYSTYFMAWFRQAPGKEREGLAAIDSRGSWTYYARSVKGRFTVSQDNAKNTMYLLMNSLKPEDTAIYYCAAAPGATHPPSISDYNYWGQGTQVTVSS
seq2208,QVQLVESGGGLVQAGGSLRLSCAASGFPVKASEMVWYRQAPGKEREWVAAILSQGHATEYADSVKGRFTISRDNAKNTVYLQMNSLKPEDTAVYYCYVWVGRSYIGQGTQVTVSS
seq2209,QVQLVESGGGLVQAGGSLRLSCAASGFPVYSAEMEWYRQAPGKEREWVAAISSYGTNTYYADSVKGRFTISRDNAKNTVYLQMNSLKPEDTAVYYCYVYVGSSYIGQGTQVTVSS
seq2210,QVQLVESGGGLVQAGGSLRLSCAASGFPVESENMHWYRQAPGKEREWVAAIYSTGGWTLYADSVKGRFTISRDNAKNTVYLQMNSLKPEDTAVYYCAVQVGYWYEGQGTQVTVSS
seq2211,QVQLVESGGGLVQAGGSLRLSCAASGFPVESTEMTWYRQAPGKEREWVAAIESEGHGTEYADSVKGRFTISRDNAKNTVYLQMNSLKPEDTAVYYCYVYVGAGYIGQGTQVTVSS
seq2212,QVQLVESGGGLVQAGGSLRLSCAASGFPVKESEMTWYRQARGKEREWVAAINSHGMTTHYADSVKGRFTISRDNAKNTVYLQMNSLKPEDTAVYYCYVYVGGSYIGQGTQVTVSS
seq2213,QVQLVESGGGLVQAGGSLRLSCAASGFPVNHYEMEWYRQAPGREREWVAAIMDSTGYETAYADSVKGRFTISRDNAKNTVYLQMNSLKPEDTAVYYCYVYVGASYIGQGTQVTVSS
seq2214,QVQLVESGGGLVRAGGSLRLSCAASGFPVASQEMTWYRQAPGKEREWVAAISSSGRQTEYADSVKGRFTISRDNAKNTVYLQMNSLKPEDTAVYYCYVYVGGSYIGQGTQVTVSS
seq2215,QVQLVESGGGLVQAGGSLRLSCAASGFPVKASEMEWYRQAPGKEREWVAAIASIGYNTYYADSVKGRFTISRDNAKNTVYLQMNSLKPEDTAVYYCLVYVGATYIGQGTQVTVSS
seq2216,QVQLVESGGGLVQAGGSLRLSCAASGFPVWYKEMEWYRQAPGKEREWVAAITSAGHHTYYADSVKGRFTISRDNAKNTVYLQMNSLKPEDTAVYYCYVYVGESYIGQGTQVTVSS
seq2217,QVQLVESGGGLVQAGGSLRLSCAASGFPVAHKSMWWYRQAPGKEREWVAAIESTGDTTRYADSVKGRFTISRDNAKNTVYLQMNSLKPEDTAVYYCVVWVGEVYRGQGTQVTVSS
seq2218,QVQLVESGGGLVQAGGSLRLSCAASGFPVYHAYMEWYRQAPGKEREWVAAIYSNGEHTYYADSVKGRFTISRDNAKNTVYLQMNSLKPEDTAVYYCNVKDSGSFNQAYDYWGQGTQVTVS
seq2219,QVQLVESGGGLVQAGGSLRLSCAASGFPEIAWEMAWYRQAPGKEREWVAAIRSFGERTLYADSVKGRFTISRDNAKNTVYLQMNSLKPEDTAVYYCNVKDFGWQHQEYDYWGQGTQVTVS
seq2220,QVQLVESGGGLVQAGGSLRLSCAASGFPVEHEMAWYRQAPGKEREWVAAIRSMGRKTLYADSVKGRFTISRDNAKNTVYLQMNSLKPEDTAVYYCNVKDFGYTWHEYDYWGQGTQVTVS
seq2221,QVQLVESGGGLVQAGGSLRLSCAASGFPVYHSTMFWYRQAPGKEREWVAAIYSSGQHTYYADSVKGRFTISRDNAKNTVYLQMNSLKPEDTAVYYCNVKDSGQWRQEYDYWGQGTQVTVS
seq2222,QVQLVESGGGLVQAGGSLRLSCAASGFPVNSHFMEWYRQAPGKEREWVAAIQHSSGFHTYYADSVKGRFTISRDNAKNTVYLQMNSLKPEDTAVYYCNVKDTGTTEDYDYWGQGTQVTVS
seq2223,QVQLVESGGGLVQAGGSLRLSCAASGFPVTMAWMWWYRQAPGKEREWVAAIRSEGVRTYYADSVKGRFTISRDNAKNTVYLQMNSLKPEDTAVYYCNVKDYGQAHAYYDYWGQGTQVTVS
seq2224,QVQLVESGGGLVQAGGSLRLSCAASGFPVAHAWMEWYRQAPGKEREWVAAITSYGYKTYYADSVKGRFTISRDNAKNTVYLQMNSLKPEDTAVYYCNVKDTGTYRFYYDYWGQGTQVTVS
seq2225,QVQLDESGGGLVQAGGSLRLSCAASGFPVYHAWMEWYRQAPGKEREWVAAITSSGRHTYYADSVKGRFTISRDNAKNTVYLQMNSLKPEDTAVYYCNVKDAGRVYNSYDYWGQGTQVTVS
seq2226,QVQLVESGGGLVQAGGSLRLSCAASGFPVEHYWMEWYRQAPGKEREWVAAITSFGYRTYYADSVKGRFTISRDNAKNTVYLQMNSLKPEDTAVYYCNVKDWGFASHAYDYWGQGIQVTVS
seq2227,QVQLVESGGGLVQAGGSLRLSCAASGFPVWNQTMVWYRQAPGKEREWVAAIWSMGHTYYADSVKGRFTISRDNAKNTVYLQMNSLKPEDTAVYYCNVKDAGVYNRYYDYWGQGTQVTVS
seq2228,QVQLVESGGGLVQAGGSLRLSCAASGFPVQSHYMRWYRQAPGKEREWVAAIESTGHHTAYADSVKGRFTISRDNAKNTVYLQMNSLKPEDTAVYYCTVYVGYEYHGQGTQVTVS
seq2229,QVQLVESGGGLVQAGGSLRLSCAASGFPVSSSTMTWYRQAPGKEREWVAAINSYGWETHYADSVKGRFTISRDNAKNTVYLQMNSLKPEDTAVYYCYVYVGGSYIGQGTQVTVS
seq2230,QVQLVESGGGLVQAGGSLRLSCAASGFPVNAGNMHWYRQAPGKEREWVAAIQSYGRTTYYADSVKGRFTISRDNAKNTVYLQMNSLKPEDTAVYYCRVFVGMHYFGQGTQVTVS
seq2231,QVQLVESGGGLVQAGGSLRLSCAASGFPVLFTYMHWYRQAPGKEREWVAAIWSSGNSTWYADSVKGRFTISRDNAKNTVYLQMNSLKPEDTAVYYCFVKVGNWYAGQGTQVTVS
seq2232,QVQLVESGGGLVQAGGSLRLSCAASGFPVQAREMEWYRQAPGKEREWVAAIKSTGTYTAYAYSVKGRFTISRDNAKNTVYLQMNSLKPEDTAVYYCYVYVGSSYIGQGTQVTVS
seq2233,QVQLVESGGGLVQAGGSLRLSCAASGFPVYASNMHWYRQAPGKEREWVAAIESQGYMTAYADSVKGRFTISRDNAKNTVYLQMNSLKPEDTAVYYCWVIVGEYYVGQGTQVTVS
seq2234,QVQLVESGGGLVQAGGSLRLSCAASGFPVKASRMYWYRQAPGKEREWVAAIQSFGEVTWYADSVKGRFTISRDNAKNTVYLQMNSLKPEDTAVYYCYVWVGQEYWGQGTQVTVS
seq2235,QVQLVESGGGLVQAGGSLRLSCAASGFPVETENMHWYRQAPGKEREWVAAIYSHGMWTAYADSVKGRFTISRDNTKNTVYLQMNSLKPEDTAVYYCEVEVGKWYFGQGTQVTVS
seq2236,QVQLVESGGGLVQAGGSLRLSCAASGFPVKNFEMEWYRKAPGKEREWVAAIQSGGVETYYADSVKGRFTISRDNAKNTVYLQMNSLKPEDTAVYYCFVYVGRSYIGQGTQVTVS
seq2237,QLQLVESGGDLVQPGESLRLSCVASGFRLGGYAIGWFRQAPGKEREGVSCISGSGIISSYADSVRGRFTISRENAKNAVYLEMNSLKPEDTAVYYCAAPSGSSYGSRRLPCGIDSQDYQTWGQGTQVTVSS
seq2238,QLQLVESGGDLVQPGESLRLSCVASFKSYHIAWIGWFRQAPGKEREGVSCSLTGASITSYADSVRGRFTISRENAKNAVYLGMNSLKPEDTAVYYCAARDYASSLYCSRNEAMYAYWGQGTQVTVSS
seq2239,QLQLVESGGDLVQPGESLRLSCVASGATSDIYAIGWFRQAPGKEREGVSCISPSGGSTSTADSVRGRFTISRENAKNAVYLEMNSLKPEDTAVYYCAAASPSWHYCSGYEHEYDDWGQGTQVTVSS
seq2240,QLQLVESGGDLVQPGESLRLSCVASGFTLDYYAIGWFRQAPGKEREGVSCISSSGTSTSYADSVRGRFTISRENAKNAVYLEMNSLKPEDTAVYYCAALQGSYYYTSLHQTEYDYWGQGTQVTVSS
seq2241,QLQLVESGGDLVQPGESLRLSCVASGFTFHYYAIGWFRQAPGKEREGVSCISSGGGRTSYADSVRGRFTISRENAKNAVYLEMNSLKPEDTAVYYCAALQGSLHYCSGLVGEYEYWGQGTQVTVSS
seq2242,QLQLVESGGDLVQPGESLRLSCVASGFTLDYYAIGWFRQAPGKEREGVSCISPSGTSTSYADSVRGRFTISRENAKNAVYLEMNSLKPEDTAVYYCAAANPSYYYCSGYPHEYDDWGQGTQVTVSS
seq2243,QLQLVESGGDLVQPGESLRLSCVASGFTLGNYAIGWFRQAPGKEREGVSCISLSGDIISYADSVRGRFTISRENAKNAVYLEMNSLKPEDTAVYYCAAPFPSLLYCSLCPSNPEFCRHWGQGTQVTVSS
seq2244,QLQLVESGGDLVQPGESLRLSCVASGFTLGNYEIGWFRQAPGKEREGVSCISRSGVIFSYADSVRGRFTISRENAKNAVYLEMNSLKPEDTAVYYCAARFRAGLVQSLCQSTPEFYQDWGQGTQVTVSS
seq2245,QLQLVESGGDLVQPGESLRLSCVASGFTLDRYAIGWFRQAPGKEREGVSCISSGGTTSYADSVRGRFTISRENAKNAVYLEMNSLKPEDTAVYYCAAGTQLRYGCSRQARRYDYWGQGTQVTVSS
seq2246,QLQLVESGGDLVQPGESLRLSCVASGFSLDGYAIGWFRQAPGKEREGVSCIGRLGTTTSYADSVRGRFTISRENAKNAVYLEMNSLKPEDTAVYYCAAKRSTWFGCSTLDDYDYWGQGTQVTVSS
seq2247,QLQLVESGGDLVQPGESLRLSCVASGRTVSSYVIGWFRQAPGKEREGVSCISRSGIITSYADSVRGRFTISRENAKNAVYLEMNSLKPEDTAVYYCAAAQTQVLPTEDRSYDYWGQGTQVTVSS
seq2248,QVQLVESGGGLVQAGGSLRLSCAASGRTFSIYNMGWFRQAPGKEREFVIHMNWSNGNTATAASVKDRFTISRDNAKNTVYLQMSSLKPEDTAVYYCHATTNDYDYWGQGTQVTVSS
seq2249,QVQLVESGGGLVQAGGSLRLSCVASGSGFEPNAMGWYRQAPGKQRELVAGITSGGNANYADSVKGRFTISRDNVKNTVYLQMNSLKPEDTAVYYCNAVGPRFNPRGSPTNYWGQGTQVTVSS
seq2250,HVQLVESGGGLVQAGGSLRLSCVASGSGFEPNAMGWYRQAPGKQRELVAGITSGGNTNYADSVKGRFTISRDNVKNTVYLQMNSLKPEDTAVYYCNAVAPRINPRGSPTNYWGQGTQVTVSS
seq2251,QVQLVESGGGSVQAGGSLRLSCAASGFIYGITYLGWFRQAPGKEREGVAALVTWNGQTYYADSVKGRFTVSLDNAKNTVYLQMNSLKPEDTALYYCAAADWGYDWPLWDEWYWYWGQGTQVTVS
seq2252,QVQLVESGGGSVQAGGSLRLSCAASGTIADIKYLGWFRQAPGKEREGVAALMTRWGSTYYADSVKGRFTVSLDNAKNTVYLQMNSLKPEDTALYYCAAANYGANYPLYSQQYSYWGQGTQVTVS
seq2253,QVQLVESGGGSVQAGGSLRLSCAASGYIDKIVYLGWFRQAPGKEREGVAALYTLSGHTYYADSVKGRFTVSLDNAKNTVYLQMNSLKPEDTALYYCAAATEGHAHALYRLHYYWGQGTQVTVS
seq2254,QVQLVESGGGLVQAGGSLRLSCAASGFPVYQGEMHWYRQAPGKEREWVAAIRSTGVQTWYADSVKGRFTISRDNAKNTVYLQMNSLKPEDTAVYYCRVWVGTHYFGQGTQVTVS
seq2255,QVQLVESGGGSVQAGGSLRLSCAASGNIQRIYYLGWFRQAPGKEREGVAALMTYTGHTYYADSVKGRFTVSLDNAKNTVYLQMNSLKPEDTALYYCAAAYVGAENPLPYSMYGYWGQGTQVTVS
seq2256,QVQLVESGGGSVQAGGSLRLSCAASGQISHIKYLGWFRQAPGKEREGVAALITRWGQTYYADSVKGRFTVSLDNAKNTVYLQMNSLKPEDTALYYCAAADYGASDPLWFIHYLYWGQGTQVTVS
seq2257,QVQLVESGGGSVQAGGSLRLSCAASGKIWTIKYLGWFRQAPGKEREGVAALMTRWGYTYYADSVKGRFTVSLDNAKNTVYLQMNSLKPEDTALYYCAAANYGSNFPLAEEDYWYWGQGTQVTVS
seq2258,QVQLVESGGGSVQAGGSLRLSCAASGNISQIHYLGWFRQAPGKEREGVAALNTDYGYTYYADSVKGRFTVSLDNAKNTVYLQMNSLKPEDTALYYCAAAYYFGDDIPLWWEAYSYWGQGTQVTVS
seq2259,QVQLVESGGGSVQAGGSLRLSCAASGNISTIEYLGWFRQAPGKEREGVAALYTWHGQTYYADSVKGRFTVSLDNAKNTVYLQMNSLKPEDTALYYCAAARWGRHMPLSATEYSYWGQGTQVTVS
seq2260,QVQLVESGGGSVQAGGSLRLSCAASGNIESIYYLGWFRQAPGKEREGVAALWTGDGETYYADSVKGRFTVSLDNAKNTVYLQMNSLKPEDTALYYCAAAAWGNSAPLTTYRYYYWGQGTQVTVS
seq2261,QVQLVESGGGLVQAGGSLRLSCAASGFPVQYEHMHWYRQAPGKEREWVAAIVSEGAYTHYADSVKGRFTISRDNAKNTVYLQMNSLKPEDTAVYYCNVKDWGWLAQYYDYWGQGTQVTVSS
seq2262,QVQLVESGGGLVQAGGSLRLSCAASGFPVVWAHMHWYRQAPGKEREWVAAITSEGAHTIYADSVKGRFTISRDNAKNTVYLQMNSLKPEDTAVYYCNVKDWGTYSTYYDYWGQGTQVTVSS
seq2263,QVQLVESGGGLVQAGGSLRLSCAASGFPVNYTIMFWYRKAPGKEREWVAAIKSHGATTLYADSVKGRFTISRDNAKNTVYLQMNSLKPEDTAVYYCNVKDVGNDQKSYDYWGQGTQVTVSS
seq2264,QVQLVESGGGLVQAGGSLRLSCAASGFPVAGTWMEWYRQAPGKEREWVAAITSYGYRTYYADSVKGRFTISRDNAKNTVYLQMNSLKPEDTAVYYCNVKDEGKSSQVYDYWGQGTQVTVSS
seq2265,QVQLVESGGGLVQAGGSLRLSCAASGFPVEWTHMHWYRQAPGKEREWVAAIASSGAYTVYADSVKGRFTISRDNAKNTVYLQMNSLKPEDTAVYYCNVKDWGSQDRYYDYWGQGTQVTVSS
seq2266,QVQLVESGGGLVQAGGSLRLSCAASGFPVYNTWMEWYRQAPGKEREWVAAITSWGFKTYYADSVKGRFTISRDNAKNTVYLQMNSLKPEDTAVYYCNVKDEGYTGYYYDYWGQGTQVTVSS
seq2267,QVQLVESGGGLVQAGGSLRLSCAASGFPVQGTWMEWYRQAPGKEREWVAAITSVGYRTYYADSVKGRFTISRDNAKNTVYLQMNSLKPEDTAVYYCNVKDEGAIAKNYDYWGQGTQVTVSS
seq2268,QVQLVESGGGPVQAGGSLRLSCAASGFPVMWSHMHWYRQAPGKEREWVAAIVSYGAYTIYADSVKGRFTISRDNAKNTVYLQMNSLKPEDTAVYYCNVKDFGGYRYYYDYWGQGTQVTVSS
seq2269,QVQLVESGGGLVQAGGSLRLSCAASGFPVYWAHMTWYRQAPGKEREWVAAIVSSGAYTAYADSVKGRFTISRDNAKNTVYLQMNSLKPEDTAVYYCNVKDFGTQEHYYDYWGQGTQVTVSS
seq2270,QVQLVESGGGLVQAGGSLRLSCAASGFPVYNTWMEWYRQAPGKEREWVAAITSYGFHTYYADSVKGRFTISRDNAKNTVYLQMNSLKPEDTAVYYCNVKDEGNTTAYYDYWGQGTQVTVSS
seq2271,QVQLVESGGGLVQAGGSLRLSCAASGRDFSSTVMGWFRQAPGKERELVAWMTVTYDITYYADSVKGRFTISKDNAKNTVYLQANSLKPDDTAVYYCASGALRVGSFSPDYWGQGTQVTVSS
seq2272,DVQLVESGGGLVQAGGSLRLSCAASGRTFGSTMAWFRQAPGKERDFVAAITWSADRISYADSVKGRFTISRDNDKNIVHLQMNSLKPEDTAVYVCAARASSNTYDDPRSFAFWGQGTQVTVSS
seq2273,HVQLVESGGGLVQAGDSLRLSCAASERTNINYAMGWFRQAPGKERDFVAAIGWNGSIIKYAESVKGRFTISRDDAKNTVSLQMNSLKPEDTAVYYCAARIGSIANLQPREYEFAYWGQGTQVTVSS
seq2274,HVQLVESGGGLVQAGGSLRLSCAASGRTFSSYAMSWVRQAPGKGQEWVAGIQREGTETNYADSVKGRFTISRDNAKRTLYLQMNNLKPEDTGVYYCAKVLGRPYGSRWLDDVDSWGRGTQVTVSS
seq2275,QVQLVESGGGLVQAGGSLRLSCVASGSGFEPNAMGWYRQAPGKQRELVAGITSGGNANYADSVKGRFTISRDNVKNTVYLQMNSLKPEDTAVYYCQGPACSGSGCRNYWGQGTQVTVSS
seq2276,HVQLVESGGGLVQAGGSLRLTCAASGRTFSSSTMDMGWFRQAPGKEREFVAVDAWNDGRTYYADSVKGRFTISRDNAKNTLYLQMNSLKPGDTAVYYCHAVDVSVGGDYWGQGTQVTVSS
seq2277,QVQLVESGGGLVQAGGSLRLSCSASGFDFSHNTWAWYRQAPGKQRELVATISNSGSTNYADSVKGRFTIARDNAKNTVSLQMNTLKPEDTAVYFCKKESGVNYWGQGTQVTVSS
seq2278,QVQLVESGGGLVQAGGSLRLSCAVSGRTFSIAGMGWFRQAPGKDREFLGGITWNDGTTWYADSVKGRFTISRDNAKNMLSLRMNSLKPEDTAVYYCAAGPRLGSTPRAYDYWGQGTQVTVSS
seq2279,QVQLVESGGGLVQAGGSLRLSCAASGGTLRSYNMGWFRQGPGKEREFVAAISWTGLGTYYGDSVKGRFTISRDVIKNTLYLQMDSLKPEDTAIYYCAADSSTSRLHSAGSDYRYWGQGTQVTVSS
seq2280,HVQLVESGGGLVQAGGSLRLSCAASGRTFSVNSIAWFRQAPGKEREFVATINWSGGDIYYADSVKGRFTISRDNGKNTVYLQMNSLKPTDTAVYYCAAARFYGRSIAQDYDSWGQGTQVTVSS
seq2281,QLQLVESGGDLVQPGESLRLSCVASGLSLEHYAIGWFRQAPGKEREGVSCIDSSGGSTSYADSVRGRFTISRENAKNAVYLEMNSLKPEDTAVYYCAALQGSYYYTSLHQTEYDYWGQGTQVTVSS
seq2282,QLQLVESGGDLVQPGESLRLSCVASGLTLNNNTIGWFRQAPGKEREGVSCISPSGIVTSYADSVRGRFTISRENAKNAVYLEMNSLKPEDTAVYYCAVLQWNGAGLPSPLGSWGQGTQVTVSS
seq2283,QLQLVESGGDLVQPGESLRLSCVASGLSLEHYAIGWFRQAPGKEREGVSCISDSGATRSYADSVRGRFTISRENAKNAVYLEMNSLKPEDTAVYYCSATPGAFRTCAFRDFSHLANWGQGTQVTVSS
seq2284,QVQLVESGGGSVQAGGSLRLSCATSGSSACMGWFRQAPGKEREGVAAINRAGITSYADSLKGRFTISLDKNRNTLYLLQMNSLKPEDTAMYYCATRTNWFYGACLPKVSDFGSWGQGTQVTVSS
seq2285,QVQLVESGGGLVQAGGSLRLSCVASGRRYGGDIVGWFRQAPGKEREGVACISMREGGTNYADSVKGRFTISRDNAKNVAYLQMNGLKPEDTAIYYCAAGGRCRYAGPLRSDFTYWGQGTQVTVSS
seq2286,QVQLVESGGGSVQAGGSLTLSCAASEFTNAMAWFRQAPGKEREAVARIYTNFEVTYYTDSVKGRFTISQDSAKNTMYLRMNNLKPEDTAIYYCAAGPIYRAEVRQSDFPYWGQGTQVTVSS
seq2287,QVQLQESGGGLVQAGGSLRLSCAASGSIFFQAYMGWYRQAPGKERELVAGIDAGTTTYYADSVKGRFTISRDNAKNTVYLQMNSLKPEDTAVYYCAAEYFWNYNPYRGTNSTHPYWGQGTQVTVSS
seq2288,QVQLVESGGGPVQAGGSLNLSCEVSGIPYRTYKLAWFRQIPGKEREGIAGITNEGVTNYADSMEGRFTISRDTAKNILYLQMNSLKPEDTAMYYCAASPFKSVVLGPGLYHHWGQGIQVTVSS
seq2289,QVQLQESGGGLVQPGGSLRLSCAASGFTFDYYAVGWFRHAPGKEREGVSCISGGSTNYADSVKGRFTISRDNAKNTVYLQMNSLKPEDTAIYYCAAIKRGFCTSWGGEVPAPKSADYDYWGQGTQVTVSS
seq2290,EVQLVESGGGSVQIGGSLRLSCIASGRIFSNYAMAWFRQAAGKEREFVARISWSGSTTYYGDSVKGRFTISRDNAANTAYLQMANLKPEDSAVYYCAVGGDKDILYYHTERYGYWGQGTQVTVSS
seq2291,QVKLQASGGGLVQAGASLRLSCAASGPTFNRFYTLGWFRQSPGKEREFVAAIDWRGSSSYGDSVKGRFTIARDTAKATIDLQMNSLKPEDTAVYYCTARNSFNFSNRPGDFGSWGQGTQVTVSS
seq2292,QGQLVESGGGLVQPGGSLRLSCVASGFDFSNYTMSWVKGLEWVSDISSGGGSTYYADSVKGRFTISRDNAKNTVYLQMTLKPEDTAVYLCTELGVAPPGQGTRVTVSS
seq2293,GSVQAGGSLRLSCAASGDADSRNCMGWIRQAPGKEREGVAGIYIGGGRTWYAAAVKGRFTISQDNAKNTVYLQMNSLKPEDTAMYYCAIGEIKVVDGKSSCAAEDAGGQGTLVTVSS
seq2294,EVQLVESGGGSVQAGGSLRLTCLASGDTTSVDYLGWFRQAPGKKREAVAGLYLEHSRSGLREFYEDDVEGRFTIFQHGARKMVHLQMTNLKPEDSATYYCAAKGESGYWSWRHTIEYWGQGTQVTVSS
seq2295,QVKLEESGGGLVQAGGSLRLSCAASERTFSRYPVAWFRQAPGAEREFVAVISSyGTSTYYADSVKGRFTISRDNAKVTVYLQMNNLKREDTAVYFCAVNSQRTRLQDPNEYDYWGQGTQVTVSS
seq2296,QVKLEESGGGLVQAGGSLRLSCAASERTFSRYPVAWFRQAPGAEREFVAVISSTGTSTYYADSVKGRFTISRDNAKVTVYLQMNNLKREDTAVYFCAVNSQRrRLQDPNEYDYWGQGTQVTVSS
seq2297,QVQLVESGGGLVQPGGSLRLSCAASGSIDSINAMAWYRQAPGKERELVAGISKNGIPWYLDSLKGRFNVSRDNAKNTLYLQIHNLKPEDAAMYYCASSSRTIATTTNEFDFWGQGTQVTVSS
seq2298,EVQLVESGGGLVQAGDSLQLSCAAPGRPVRTYTMGWFRQAPGKEREFVCANNWRGTRYAGSVRGRFSCSRDNSKNTVYLQMNSLKPEDTAVYYCACAVTADLLLSGNYFRGDDYDYWGQGTQVTVS
seq2299,QVKLQESGGGLVQAGGSLRLSCAASGRTFRSVAMGWFRQAPGQEREFVAAITWDSGSTYYTDSVKGRFTISRDNAKNTGNLEMNSLKSEDTAVYYCAARRYFSSDYTSADAYHYWGQGTQVTVSS
seq2300,QVQLQESGGGSVQAGGSLKLSCAASGYIFSSCGMGWYRQAPGKERELVATIRLDGTTNYADSVKGRFTISQDNAKNTLYLQMNSLKPEDTAMYYCAADHSLGGYCSGIAYEYWGQGTQVTVSS
seq2301,EVQLRVSGGGLVQPGGSLRLSCAASGFTFSNYAMYWLRQAPGKGIEWVSRIGPGGSHTEYADSVKGRFTISRDNAKNTLSLQMNSLKPEDTAAYYCAITQQGSGRGQGTQVTVSS
seq2302,EVQLVESGGGLVQPGGSLRLSCVVSGSIFSINGMGWYRQAPGKSRERVATIFSGGSTNYADSVKGRFTISRDNANNTVYLQMSSLKPEDTAVYYCFRGGVWGQGTQVTVTV
seq2303,QVKLQASGGGLVQAGDSLKLSCAASGRTYTMGWFRQAPGKEREFVAAILWSGENIGNEDWVKGRFTISRDVAKNTVFLEMNSLKPEDTAVYYCAATAHGALSSRQNSYDYWGQGTQVTVSS
seq2304,QVQLQESGGGLVQAGGSLRLSCAASGETFSSYAMGWFRQAPGQEREFVSTISLNSDSAFYADSVKGRFTISKGDAKNTVYLQMNDLKPEDTAVYYCAAGLLGARSNYYSHWGQGTQVTVSS
seq2305,QVQLQESGGGLVQAGGSLRLSCAASGRSFNSYAVGWFRQAPGKEREFVARISWSGRSTYHADSVKGRFTISRDNAKNAVYLQMNSLKPEDTAVYYCAADPFPTLSTSPESWGQGTQVTVSS
seq2306,HVQLVESGGGLVQAGGFLRLSCTASGFTFDNLALAWFRQAPGKEREGVSCISWSGTRTYYADSVQGRFAISRDNAKNTLYLQMASLKPEDTAMYYCAAESSWVKTCPGDTTDWGSTYWGQGTQVTVSS
seq2307,dvqlqesgggsvqaggslrlscaasgyidssyylgwfrqapgkeregvaaitdgggstyyadsvkgrftisqdnakntvyllmnslkpedtaiyycaadpwgistmtslnrewynywgqgtqvtvss
seq2308,QVQLVQSGGGSVQIGGSLRLSCLVSGRIFSNYAMAWFRQPAGKEREFVARISWNGGSTYYGDSVKGRFTISRDNVRNTAYLQMTSLKPEDSAVYYCAVGGAKDILYYHTERYGYWGQGTQVTVSS
seq2309,QVQLVESGGGLVQAGGSLRLSCAASGGTFGAVVVAWFRQAPGKEREGVAAINWNGRVTHYADSVKGRFTISRDNAKNTVYLQMNSLKPEDTAVYYCAAGSAVARYMYAPARDWGQGTQVTVSS
seq2310,QVQLVESGGGLVQPGGSLRLSCAASGFTLDGYAIGWFRQAPGKEREGVSCISSSGKSTNYADSVKGRFTISRDNQQNTVYLQMNSLKPEDTAVYYCAATVGLFCVGGTYGMDYWGKGTLVKMSS
seq2311,EVQLQASGGGLVQAGGSLRLSCAASGRTFSNYAMGWFRQAPGKEREFQAAITWSRGMTFYADSVEGRFTIARDYAKNTVYLQMNSLKPEDTAVYYCAASDEGTGSPGSLYTPDPYDYWGQGTQVTVTV
seq2312,QVQLQESGGGSVQAGGSLRLSCAASGYTYSSNCMGWFRQAPGKEREGVATIRSPSDIIYYSDSVKGRFTISRDNAKNTMYLQMNSLKPEDTAIYYCAAGPKTLLAGYWGQGTQVTVSS
seq2313,EVELVASGGGLVQAGGSLRLSCSASGRTFGNSDMGWFRLAPGQQQRELVARISVRGTTTYSDFAKGRFAISRDNTKDMLYLQMNSLKPEDTAVYYCNFWYTDELLSGHWGQGTQVTVS
seq2314,QVKLQASGGGLVQAGGSLKLSCTASGRTYTMGWFRQPPGKEREFVAAILWSGESIGNEGRFTISRDVAKKTVSLEMNSLKPEDTAVYYCAATAHGALSSRSNSYDYWGHGTQVTVSS
seq2315,QVKLQASGGGLVQAGGSLRLSCAASGQFYSTWAMGWFRQAPGKEREFVAAVNWNGRVKDYVNSVKGRFTISRDNAKNTIYLQMNSLSPEDTAAYYCATGRYPNVDTIRSMRIDYWGQGTQVTVSS
seq2316,DVQLVESGGGTYHPGGSLRLSCAASGFTFSRWTMNWVRQAPGKGLEWVATILPGGIVTSYADSVKGRFTISRDNAKNTLIHLQLNSLKTEDTAMYYCEKDGANKERGRGTQVTVSS
seq2317,QVKLQASGGGLVQPGGSLRLSCVGSGSEFSLNAMGWYRQAPGKQREVVAIIGARGTTSYADSVRGRFIISRDNAKNMVYLQMNSLNVEDTAVYLCNTRGPNTNWTTYWGQGTQVTVSS
seq2318,VQAGDSLRLACTLFKYPTNNLCLAWFRQAPGKEREGVAALNTDGVGTYYAKSVEGRFTISQDKSKNEGYLQMDNLKPEDTAIYYCAADPTSRCNNYVQGRWWHEIGSRVWDWGQGTQVTVSS
seq2319,QVQLQESGGGLVQTAGSLRLSCAGSGLPYSNYCMGWFRQAPGKEREGVAAINNFGTTKYADSVKGRFTISKDSGKNTLDLOMNSLKPEDTAMYYCAAVRSCYGTGNLFNERQYPDWGQGTQVTVSS
seq2320,QVQLQESGGGSVQAGGSLRLVCAASGSTGMIGYMAWFRQAPGKEREGVARIWADGRTGHADSVRGRFTISQDKAKNTVFLQMNSLQPDDTAMYYCAAVIGRIPAPGLRREKYVYWGQGTQVTVSS
seq2321,EVQLVESGGGSVQAGGSLRLSCVASGVAYGSCTMRWYRQAPGKEREWVSTFMHSGLTYYTASVKGRFTNSQANAKNTVYLQMNSLKPEDTALYFCNALCGAYDYWGRGTQVTVSS
seq2322,QVQLQESGGGLVQPGGSLRLSCAASGFTISTTAMSWVRQAPGKGIEWVSTIFASGETTSYADFVQGRFITSRDNTKNTLYLQLNNLKTEDTAMYFCAAADDFGGLNNRYRGQGTQVTVSS
seq2323,dvqlqesgggsvqaggslrlscaaaespfsyifgryaigwfrqapgkkcetvstinadgttnhadsvkgrftisrdnakntvylqmnslkpedtaiyycaapgsrlfrsepcwgqgtqvtvss
seq2324,dvqlqesgggsvqaggslrlscvvsgytynsycmgwfrqtpgneregvatintlsgrtyyadsvkgrftisqdnakntvllqmnslkpedtaiyycaagryciggypgggtywgqgtqvtvss
seq2325,QVKLEESGGGLVQAGGSLRLSCAASERTFSRYPVAWFRQAPGAEREFVAVISSTGTSTYYADSVKGRFTISRDNAKVTVYLQMNNLKREDTAVYFCAVNSQRTRLQyPNEYDYWGQGTQVTVSS
seq2326,QVQLQESGGGLVQAGDSLRLSCAASGRTSNQYHMGWFRQAPGKEREFVARITWSSGIQYYGDSGKGDLTISRDDAAKMVYLQMNSLKPEDTAVYYCAASKSWTDDSRYYDYWGQGTQVTVSS
seq2327,QVKLQASGGGLVQPGGSLRLSCAASGFTFSSYWMYWVRQAPGKGLEWVSIINTGGGNTYYADSVKGRFTISRDNAKNTLYLQMNSLKSEDTAVYYCARDPTLGSWQYDYWGQGTQVTVSS
seq2328,QVQLQESGGGLVQPGASLTLSCAASGFTFSGDWMYWVRQAPGKGLEWVSGINFSGGVKKYNNFVKDRFTISRDNAKNTLYLQMNSLKSEDTAVYYCAKDMTGEGRGQGTQVTVSS
seq2329,QVQLQESGGGLVQAGGSLRLSCAASGRTFSDYAMGWFRQAPGKDREFVAAISWSGDRTYYADSVKGRFTISRDNAKNTVYLQMNSLKPEDTAVYHCAANDLMVPELLMPRVESYDYWGQGTQVTVSS
seq2330,QVKLEESGGGLVQAGGSLRLSCAASERTFSRYPVAWFRQAPGAEREFVAVISSTGTSTYYADSVKGRFTISRDNAKVTVYLQMNNLKREDTAVYFCAVNSQRTRLQrPNEYDYWGQGTQVTVSS
seq2331,QVQLQESGGGLVQPGGSLRLSCVASGFTFSSVGSWVRQAPGKGLEWVSAISSFSGLRSYADSVKGRFTISRDNAKNTLYLENSLKPEDTAVYYCAKGTVRVGPWLRGQGTQVTVSS
seq2332,QVQLVESGGGSVQAGGSLNLSCVASGGSLEFFAIAWFRQAPGKEREKISCISSAGGNIEYADSIKGRFIASRDNSKNTVYLQMKDLRPEDTAVYYCAACDFGHLNPRRSSSTTVYYYMGQGTQVTVSS
seq2333,QVQLQESGGGLVQAGASLRLSCAASGRTGSSYAMGWFRQAPGKEREFVAALNWSGDNTNYADSVKGRFTISRDNAKNTVYLQMNSLKPEDTAVYYCAADPRPYCSGYTCYAGLPIGYEYDYWGQGTQVTVSS
seq2334,QVKLQESGGGLVQAGDSLRLSCAWSGRTFIGSYVLAWFRRAPGKEREFVSTINWNGDLTSYADSVKGRFTISRDNARDTVYLQMNSLKPEDTAVYYCAAGRRTGARNINDYNYWGQGTQVTVSS
seq2335,QVKLQASGGGLVQAGGSLRLSCVASGPMGTFSNYPMAWFRQASGKDREFVGAITGSGGSTWYADSVKGRFTISRDNAKNTVYLQMNSLEPEDTAVYYCATGAEGSIRLPSNYNTWGQGTQVTVSS
seq2336,QVQLVQSGGGSVQIGGSLRLSCLVSGRIFSNYAMAWFRQPAGKEREFVARISWNGGSTYYGDSVKGRFTISRDNARNTAYLQMTSLKPEDSAVYYCAVGGDKDILYYRTERYGYWGQGTQVTVSS
seq2337,QVQLLESGGGSVQAGGSLRLSCAASGYTGCMGWIRQVIGKGREAVAYIYNEDGSTYYADSVKGRFTISQDNAKNTAYLQMNSLKPEDTAMYYCAVPKGGSCSVMTLRSGYWGQGTQVTVS
seq2338,EVQLQASGGGSVPPGGSLRLSCTASLRAFSTYTMGWFRQAPGKEREFVAASNWRGTDFHDSVRGRFIISRDNTEKTVQLQMNSLKPEDTAIYYCAADGSTWLKRSDYSYWGQGTQVTVS
seq2339,QVQLQESGGGLVQTGDSLRLSCVVSGGTFSAYHMGWFRQAPGKDREFVARISQKGGTTLYSDSVKERFTISRDNAKDTMYLQMNDLRPEDTAVYYCAGDKSYYDLIYMASVDYWGQGTQVTVSS
seq2340,QVQLQESGGGLVQAGGSLRLSCAASGITYSRSTMGWYRQVPGKQRELVSSIRWNGSALYADSVKGRFTISRDNAKNTAYLQMNSLRPEDTAVFYCKAEVVAGPYAGHDYWGQGTQVTVSS
seq2341,QLQLVESGGGLVQPGGSLRLSCAASGFTFSSVAMSWVKGLEWVSDINSVGSTYYADSVKGRFTISRDNAKNTVYLQMSLKPEDTAVYYCVPLGERPEIHGGKGTPVTVSS
seq2342,QVQLVESGGGLVKPGGSLRLSCTASGFTLNYDDVVWFRQAPGKEREGVACISGMNGNANYADSVKGRFAISRDTAKNTVYLQVNSLKPEDTAVYYCAAAAACDDGLLMNSSYYYWGQGIQVTVSS
seq2343,QVQLQESGGGLVQAGGSLRLSCAASGRTFSSYAMGWFRQAPGKEREFVAAISWNGGSTYYADSVKGRFTISRDNAENTGYLQMNSLKPEDTAVYYCAANDLMVPELLMPRVETYDYWGQGTQVTVSS
seq2344,XVQLQESGGGTVQPGGSLKLSCSAAPERAFSNYAMGWFRQAPGQEREFVAGITGSGRSQYYADSVKGRFTISRDNAMNAVYLQMNSVKAEDTAVYYCAARVVPVFSDSTKGYVYWGQGTQVTVSS
seq2345,VQLVESGGGSVQAGGSLRLSCTASGFTFDDFDMGWYHQAPGNECELVSTISNAGHTYYADSVKGRFAISRDNAKNMVYLQMNNLKPEDTAMYYCAAVGALLGFPLVLARPRGGYNYWGQGTMVTVSS
seq2346,QVQLQESGGGLVQAGGSLRLSCAASGRTFSSYAMGWFRQAPGKEREFVAAISWSGDTTYYADSVKGRFTISRDNAKNTVSLQMNSLKPEDTAVYYCAANDLMVPALLMPRLESYDYWQGTQVTVSS
seq2347,QVKLEESGGGLVQAGGSLRLSCAASERTFSRYPVAWFRQAPGAEREFVAVISSTGTSTYYADSVKGRFTISRDNAKVTVYLQMNNLKREDTAVYFCAVNSQRTwLQDPNEYDYWGQGTQVTVSS
seq2348,QVQLVESGGGSVQAGGSLKLSCAASGYFYSSNYALGWFRQAPGKEREGVAQINIAPGRIYYADSVKGRFTISRDNAKNTVYLQMDSLKPEDTAIYYCASTAGNMYYGLRGPADFDYWGQGTQVTVSS
seq2349,QVQLVESGGGSVQAGGSLRLSATASGGSEYSYSTFSLGWFRQAPGQEREAVAAIASMGGLTYYADSVKGRFTISRDNAKNTVTLQMNNLKPEDTAIYYVAAVRGYFMRLPSSHNFRYWGQGTQVTVSS
seq2350,QVQLQESGGGSVQAGGSLKLSCDASTYTYGGKCMGWFRQAPGKEREFVAFIESDGRTSYADSVKGRFTISQDDAKNTVYLQMNSLKREDTSMYYCKTAAGAFCGTRSYGFWGQGTQVTVSS
seq2351,QVQLQESGGGVVQAGDSLRLSCVASGRSSFSVYTVAWYRQATGKDREFVASTTWSGRTIDYSDSLKARFTISRDKDTVYLQMDNLKPEDTAVYYCAAGVTPNRIQDYSYWGQGTQVTVSS
seq2352,QVQLVESGGGLVQPGGSLRLSCAASGYFYSSNYSLGWFRQAPGKGLEOVAQINIAPGRIYYADSVKGRFTISRDNSKNTLYLQMNSLRAEDTAVYYCASTAGNMYYGLRGPADFDYWGQGTLVTVSS
seq2353,QVKLQESGGGLVQTGGSLRLSCTPSERTFRWYVMGWFRQAPGKEREFVAAILRSGESELNERSVLGRFTISRDTAKNTVFLQMNSLKLEDTAVYYCAASAQGALSRRSNSYDYWGQGTQVTVSS
seq2354,DVQLVESGGGSVQAGGSLRLSCAVSGSTYSPCTCGWYRQAPGKEREWVSSISSPGTIYYQDSVKGRFTISRDNAKNTCYLQMNSLQREDTGMYYCQIQCGVRSIREYWGQGTQVTVSS
seq2355,QVQLQESGGGSVQGGGSLRLSCAASGDTFSRKIMAWFRQAPDKEREGLATIDPDGTMKSYADSARGRFTISRDNAKSAVYLQMNSLKPEDTAVYYCATKLTWYGAYQSWGQGTQVTVSS
seq2356,QLQLVESGGGLVQPGGSVRLSCAASGFTFSLYLMSWHRQAPGKERELVATISTTDGSTNGVDSVKGRFTISRDNAKNTVDLQMNSLKPEDTAVYYCKAEALLPVLRPREVWGQGTLVTVSS
seq2357,QVQLQESGGGSVQAGGSLRLSCAASGYSSYCMGWFRQAPGKERKGVAAIDSDGSTSYADSVKGRFTISKDNAKNTLYLQMNSLKPEDTAMYYCAADSPDRYGGSCLPSGGVYEYNYWGQGTQVTVSS
seq2358,QVKLQASGGGLVQAGGSLRLSCAASGRTFSGYGMGWFRQAPGQERDFVAAIESSGGGAEYANSVQGRFSIFRDNAKNTVYLQMNSLKPEDTAVYYCAARTVWATSIYANDYTYWGQGTQVTVSS
seq2359,QVKLQASGGGLVQAGGSLRLSCAASGRTVSSYAMGWFRQAPGKEREFVASILWSGESELNEDFALGRFTISRDSARNSVSLELNVLKPEDTAVYYCAASAQGVLSRRSNSYDYWGQGTQVTVSS
seq2360,EVQLVESGGGLVQPGGSLRLSCAASGFTFSTYSMSWVRLAPGKALEWVSVINSGGDATYYADSVKGRFTISRDNAKNMLYLQMNSLKPVDTAMYYCVTGLYMSTGPVVAVPFGYWGQGTQVTVSS
seq2361,QVQLQESGGGLVQAGGSLRLSCAASRVFSISTMSWYRQAPGKQREWVATITSGGSTNYADSVKDRFTISRDNARNTMYLQMNSLKPEDTAAYYCKMITRPPDLRTYWGQGTQVTVSS
seq2362,QVKLQASGGGLAQAGGSLRLSCAASPPTSILVIMGWFRQAPGKAREFVARLNLAGDTADYADSVRGRFAISRANARNQVDLLINNLQPEDTAVYYCAAGVRLGARFDVWGQGTQVTVSS
seq2363,QVQLQESGGGLVQAGGPLRLSCAASWRTFSSYAMGWFRQAPGKEREFVAAISWSGGSTYYADSVKGRFTISRDNAKNTVYLQMNSLKPEDTAVYYCAVLHEDLYEYDYWGQGTQVTVSS
seq2364,QVKLQASGGGLVQPGGSLRLSCAASGFTFSEHWMYWLREAPGKGLEWVSFIDTEGSAAYTDSVKGRFTISRDNAKNTLYLQMNSLKSEDTAVYYCAQNAAGAFRGQGTQVTVSS
seq2365,QVKLQASGGGVVQAGGSLRLSCTASGRTVTNYAMGWFRQAPGKEREFLARIRWRGTDTYYADSVKGRFTVSRDNAKDTVYLQMNSLKPEDTAVYYCAVHTSSGSFSDTKTYDYWGQGTQVTVSS
seq2366,EVQLEESGGGLVQAGGSLRLSCAASGYTFGNSDMGWFRLAPELSQRELVARITKHGTTSYADFVKGRFAISRDNDKDTVYLQMNNLKPEDTATYYCNFWYTDELLSGHWGQGTLVTVS
seq2367,EVQLVESGGGLVQTGDSLRLSCLVSGRTFSNYAVGWFRQAAGKEREFVSRINWSDGRTYYGDSVKGRFTISRDNARNTAYLQMTSLKPEDSAVYYCAVGGSKDILYYRTERYGYWGQGTQVTVSS
seq2368,QVQLQESGGGLVQSGGSLRLSCAASGSFFRTYIVSWYRQAPGKRREAVAVMSNSGNTNYADSVKGRFTISRDNAVNTVYLQMNSLKPEDTAVYYCNLLKVTVPPANYWGQGTQVTVSS
seq2369,QLQLVESGGGLVQAGGSLRLSCAASGRTFSSYAMGWFRQAPGKEREFVAAISWSGGSTYYTDSVKGRFTINRDNAKNTVYLQMNSSLKPEDTAVYYCAAGFWSGNYYRTPDYWGQGTQVTVSS
seq2370,QVQLVESGGGSVQAGGSLKLSCAASGYFYSSNYSLGWFRQAPGKEREGVAQINIAPGRIYYADSVKGRFTISRDNAKNTVYLQMDSLKPEDTAIYYCASTAGNMYYGLRGPADFDYWGQGTQVTVSS
seq2371,QVQLQESGGGSVQAGGSLRLSCLASGYTYSSYCMGWFRQAPGKEREGVAAIGSDGSTSYADSVKGRFTISQDNAKNTLYLQMNSLKPEDTAMYYCAASKSEYDCYSGSGGLFGYWGQGTQVTVSS
seq2372,QVQLVESGGALVQPGGSLRLSCAASGFPVNRYSCRWYRQAPGKEREWVCGMSSAGDRSSYEDSVKGRFTCSRDDARNTCYLQMNSLKPEDTAVYYCNVNVGFEYWGQGTQVTVSS
seq2373,QVQLQESGGGLVQAGGSLRLSCAASGRTFSAYAMGWFRQAPGKERDFVSGISLSGGNWGYAGSVKGRFTISRDHAQNMLYLQMNSLKPEDTAVYYCAANPTTSYNNIYYTRESDYQYWGQGTQVTVSS
seq2374,QVKLQASGGGLVLPGGSLTLSCAASGTIFGISVMAWYRQAPGKQRELVASLTTGGTPNYQDSVKGRFTISRDIAKRTVTLQMHSLKAEDTAVYYCNANVRSSRSSYNYPEYWGQGTQVTVSS
seq2375,QVQLQESGGGLVQPGGSLRLSCEASGFTFSAYPMSWVRQAPGKGLEWVATITNGGGFTDYADSVKGRFTISRDNAKNTMYLQLNKLKTEDTALYYCAQGSAMTSVLPPTPKGQGTQVTVSS
seq2376,QVQLQESGGGSVQAGGSLRLSCAASGWTYSTATMGWYRQAPGKERELVSSIFSDENTYYKDSVKGRFTISRDAAKNTVYLQMNSLKPEDTAMYYCYIRPTTSLANWRWGQGTQVTVSS
seq2377,QVQLQESGGGLVQPGGSLRLSCVASGFPFSSYYMTWVRQAPGKGPEWVSAINTGGGSTAYADSVKGRFTISRDNAKNALYLQMNSLKPEDTALYFCAGKSTSDYAHAEAVRGQGTQVTVSS
seq2378,QVKLQASGGGLVQAGGSLRLSCIASGRTFSRYAMGWFRQAPGKEREFVAGISWSGSTTYYADSMKGRFTVSRDNAKNTVYLQMNSLKPEDTAVYYCAAERQTDTWYSPRYYSTSDEYDYWGQGTQVTVSS
seq2379,DVQLQASGGGLVQAGGSLRLSCAASGLALNSYAVGWFRQGTGKERDFVAAISWGSGPTYYEDSVKGRFTISRDNAGDTVILQMTSLKPEDTAVYYCAARLGDRGTNSYDYKYWGQGTQVTVSS
seq2380,QLQLVESGGGLVQPGGSLRLACAASGFNIDDYADIGWFRQAPGKERERVSCITISDGTTYYEDSGKGRFSISTDIAKNTVYLQMDSLKAEDTAVYYCAGDPAPFCIYNTYVPRTWGQGTQVTVSS
seq2381,qvqlqesgggsvqaggslrlscaasgytlstycmgwfrqapgkehegvafinsgggneyyadsvkgrftisqdnakntvllqmnslkpedtaiyycaagryciggypgggtywgqgtqvtvss
seq2382,QVKLQASGGGLVQAGDSLRLSCAASGRTLVIYAIAWFRQAPGKEREFVSAVRSTGSDTYYANSVKGRFTISRDNSRNNVYLQMDSLQPEDTAVYYCAAGRGQRLGVSRRQNDYDFWGQGIQVTVSS
seq2383,QVKLQASGGGLVQSGGSLRLSCAASASIGGIKTMGWIRLAPGKQRVPGEQRELVAVIGGNFETHYLDSVKGRFSISREGAKNTVYLQMDSLKPEDTADYYCFAMRSAGWIPSTNDYWGQGTQVTVSS
seq2384,QVESGGGLVQPGGSLRLSCAASRSIFSTYTMGWYRQPPGRGRELVAASNSFGTTYYANSVKGRFAISRDNAKNTVYLQMNSLKPEDTAMYYCTARDRSDATIRVWGQGTQVTVSS
seq2385,qvqlqesgggsvqaggslrlscvasvdiynlysmgwfrqapgkeregianlgnggirtyyadsvkgrftisqdkakktmylqmnslkpedtaiyycatgrpfesygrlvkpneyanwgqgtqvtvss
seq2386,QVQLQESGGGLVQPGGSLRLSCAASGFTFRDYYMTWVRQAPGQGLEWVSSISFGGGRTYYADSVKGRFTISRDNPENTLYLQLSNLKTEDTAMYYCARGRPNADYDRRGQGTQVTVSS
seq2387,QVKLQESGGGSVQAGGSLRLSCAASGRAASNHAMGWFRQAPGKEREFVVLISWSGRSTYYADSVKGRFTISRDFAQNAVNLQMNSLKPEDTGVYYCAAVRQYGTSWYQFREDTSRYDYWGQGTQVTVSS
seq2388,QLQLVESGGGLVQPGGSLSVSCAVRGRDIDYYVIGWFRQAPGKEREGVSCINNSDDTTYYSDSVKGRFTISRDHAKNTVYLQMNNLKPEDTALYYCAADFDRIDFTVKAMCVMKFFYYWGQGTQVTVSS
seq2389,QVQLQESGGGLVQAGGSLRLSCAASGRTFSNYAMGWFRQAPGKEREFVAAISWNGGSTYYADSAKGRFTISRDNAENTVYLQMNSLKPEDTAVYRCAANDLMVPELLMPRVETYDYWGQGTQVTYSS
seq2390,QVQLQESGGGLVHPGGSLRLSCATSGSIFSIISMGWYRQAPGKQRELVALVFRGGSTVYADSVKGRFTISGDIAKSTVYLQMDSLKPEDTAVYYCNAKPIGTAQYWGQGTQVTVSS
seq2391,QVQLQESGGGLVQPGGSLRLSCKASGFTFRNYGMTWARQAPGKELEWVSSDSGSGEYTYYAPSVAGRFTISRDNAKNTLYLQLNDLKTEDTAMYYCGKAIDCNSHRCPANLPMGWGQGTQVTVSS
seq2392,qvqlqesgggsvqaggslklscaasayifsscemgwfrqapgkerelvstisrdggtiytdfvkgrftisqdnakntlylqmnslkpedtavyfcaadcdlvsdydfeywgqgtqvtvss
seq2393,QVQLVESGGGSVQAGGSLRLSATASGGSEYSYSTFSLGWFRQAPGQEREAVCAIASMGGLTYYADSVKGRFTCSRDNAKNTVTLQMNNLKPEDTAIYYVAAVRGYFMRLPSSHNFRYWGQGTQVTVSS
seq2394,QVQLQESGGGLVQAGGSLRLSCVGSGSMSSINGMGWYRQAPGREREFLAAISWSGGSTYYAGSVKGRSTISRDLAKNTGYLEMTRVKPEDTAVYYCAASETGLPYEYDYWGQGTQVTVSS
seq2395,QVQLQESGGGLVQAGGSLRLSCAASGRTFNSYVMGWFRQAPGKEREFVAAISWSGGNAYYADSVKGRFTISRDNAENTVYLLMNSLKPEDTAVYYCAAALTRLARNEYDYLGQGTQVTVSS
seq2396,QVKLEESGGGLVQAGGSLRLSCAASERTFSRYPVAWFRQAPGAEREFVAVISSTGTSTYYADSVKGRFTISRDNAKVTVYLQMNNLKREDTAVYFCAVNSQRTRLQDPrEYDYWGQGTQVTVSS
seq2397,EVQLQVSGGGSVQPGGSLRLSCAAPGFTFSNYAMYWLRQAPGKGIEWVSRIGPGGSHTEYADSVKGRFTISRDNAKNTLSLQMNSLKPEDTAAYYCAITQQGSGRGQGTQVTVSS
seq2398,QVKLQASGGGLVHPGGSLRLSCAASGLTFSRYNMNWFRQAPGKERELVAAINWSGSNTYYPDSVKGRFTISRDNAKNTVYLRMSSLKPEDTAVYYCAAPRAFAQVANIDYWGQGTQVTVSS
seq2399,QVQLQESGGGLVQAGGSLRLSCAASGFSVGNYDMSWIRQARGKGPEGVSGIVSGGVTTWYADSVKGRFTISRDNAENMLYLQMNNLKPEDTAVYYCAPASGHLRGVRGLGTQVTVSS
seq2400,QVKLQASGGGLVQPGGSLRLSCAASGFRFSNYAMSWVRRAPGKGLEWVSGISDSGSLTNYIDSVKGRFTISRDNARSTLTLQMDSLKPEDTAVYYCTKSRYSNIAVIRGRNDFGDDWGPGTQVTVSS
seq2401,DVQLQESGGGSVQAGGSLRLSCAASGYTYSSNVMGWFRQAPGKEREAVAAIYTGGGGTYYADSVKGRFTISQDNAKNTVYLHMNSLKPEDTAMYYCAADRPSLFWAVLAGEADFDYWGQGTQVTVSS
seq2402,EVQLQASGGGLVQPGGSLRLSCTASGSIFSINAMGWYRQTPRKERELVAAISEGGSTKYGDSVKGRFTISRDFAKNTQMVYLQMNSLKREDTAVYYCKAQTEGPIADWGTSQYEYWGQGTQVTVS
seq2403,QLQLVESGGGLVQPGGSLRLSCAASEFTLDYYEIGWFRQAPGKDREGISCIGYSDRIAYYSESVKGRFTTVRDDATSTVSLYMDMMIPEDTGTYYCAGSVVEPYELLPAAEYDYWGQGTRVTVSS
seq2404,QVQLQESGGGLVQAGGSLRLSCAASGRTFSDYAMGWFRQAPGKEREFVAAINWSGGRTYYADSVKGRFAISRDNAKNTVYLQMNSLKPEDTAVYYCAARRGGGSGSYWGQGTQVTVSS
seq2405,QVQLQESGGGLVQAGGSLRLSCAASGTDFSNSILSWYRQPPGKQREWVATLSTRGNTNYADSVKGRFTISTDNAKNTVYLQMLSLKPEDTAIYYCKSIRNTITSWGQGTQVTVSS
seq2406,qvqlqesgggsvqaggslrlscaaseytysncdmgwyrqapgkerdlvsfivsdgstyyadsvkgrftisqdnakntvylqmnslkpedtamyycntvpdvdfdeplcqrgyndwgqgtqvtvss
seq2407,QVQLQESGGGLVQAGGSLRLSCAASGYIFPSAVMGWYRQAPGKERELVATITYGGSTYYADSVKGRFTISRDNAKNTVYLQMNLKPEDTAVYYCAAGIFTFIKGLVDPGYSLAYWGQGTQVTVSS
seq2408,QVQLQESGGGLVQAGGSLRLSCAASGRTFSNYGMGWFRQTPEKERDLLAAVTWSGGRTYYADSVKGRFTISRDNAKNTVYLQMNSLKPEDTAVYYCAAGELFYSDYGPEGEWDYWGQGTQVTVSS
seq2409,GGGSVQAGGSLKLSCEASLPSTTTPYSMAWFRQAPGREREAVATISARGGTKLYSDSVRERFTISRDNRKNTVYLKMDHLNTDDTAIYYCAATGSILFNSRPFAESTYPFWGQGTLVTVSS
seq2410,QVKLQASGGGLVQAGGSLRLSCVASGRTFNSYIMGWFRQAPGKEREFVAAIRWIGSSTYYGDSVRGRFTISRDNARNTVYLQMNSLKPEDTAVYYCASGSRFYPRDAAKYEYWGQGTQVTVSS
seq2411,DVQLVESGGGLVQAGGSLRLSCAASSGTFSSYTMGWFRQAPGKERELVCRLSQSLTTLYADSVKGRFTCSRDNAENTVYLQMNSLKPEDTGVYYCAAHPGTYGSAWLISPHDYAYWGQGTQVTVS
seq2412,QVKLQASGGGLVQPGESLTLSCVASGFTFSSFWMYWVRQAPGKGLEWVSAVNAGGGSQFYPDSVKGRFTTSRDNAKNTVYLQMNSLKPEDTALYYCARGSDPTIGPLRSDYWGQGTQVTVSS
seq2413,QVQLQESGGGLVQPGGSLSLSCAASGFPFSSYTMGWYRQAPGSERELVAAVSRGGSTYYIDSVKGRFAISRDNDRNTLYLQMNDLKPEDTGVYQCRQGSTLGQGTQVTVSS
seq2414,QVQLQESGGGLVQAGGSLRLSCATSGSIFSIISMGWYRQAPGKQRELVALVFRGGSTVYADSVKGRFTISGDIAKNTVYLQMDSLKPEDTAVYYCNVKSIGTAQYWGQGTQITVSS
seq2415,DVQLVESGGGSVQAGGSLRLSCAVSGSTYSPCTCGWYRQAPGKEREWVCSISSPGTIYYQDSVKGRFTCSRDNAKNTCYLQMNSLQREDTGMYYCQIQCGVRSIREYWGQGTQVTVSS
seq2416,QVQLVESGGGLVQAGASLRLSCATSGRTLSGYAMGWFRQAPGKERELTAAISWSGISTYYTDSVKGRFTISRDNAKNTVYLQMNSLNSEDTGVYYCVADVGWPLRADRGSWGQGTQVTISS
seq2417,QVQLQESGGGLVQAGGSLRLSCAASGRAVSMYNMGWFRQAPGQERELVAAISRGGSIYYADSVKGRFTISRDNAKNTLYLQMNNLKPEDTGVYQCRQGSTLGQGTQVTVSS
seq2418,HVQLVESGGGSVQAGGSLRLTCAASGFTFSNYYMSWVRQAPGKGLEWVSSIYSVGSNGYYADSVKGRSTISRDNAKNTLYLQMNSLKPEDTAVYYCAAEPGGSWWDAYSYWGQGTQVTVSS
seq2419,VQLVESGGGLVQAGGSLRLSCAAAARTMSTNAVGWFRLAPGKEREFVATISWTGGKTDYVDSVKGRFTISRDNAKGTVYLQMNNLKPEDTAVYYCARRSGSDRYYASARESDYDSWGQGTQVTVSS
seq2420,QVQLQESGGGLVQPGGSLRLSCAASGTIDNFNGMGWYRQAPGKQREWLARITMNGRTIYAESVEGRFTISRDKVKNTLALQMNSLKPEDTAVYYCNARGVLTPRGIHDYWGQGTQVTVSS
seq2421,QVQLQESGGGLVQPGGSLRLSCAASGRTFRSYDMGWFRQAPGKEREFVAASAWSAGRTIYKNSVKGRFTISRDNTKDTMYLQMNDLKPEDTAVYFCAADRNPPPIYNEFYYYRASAYDYWGQGTQVTVSS
seq2422,QVKLQASGGGLVQAGGSLRLSCAASGLTFGNYHMAWFRQGPGKEREFVAAIRWSGSNTYYADSVKGRFTISRDNAKNTVYLQMNSLKPEDTAVYYCAAELGSTVPSGLRDAGRIDYWGQGTQVTVSS
seq2423,qvqlqesgggsvqaggslrlscvasgytytysrcsmgwyrqapgkerelvstiisdgstyyadsvkgrftisqdnakntvylrmnslkpedtamyycntledydcysgsesardywgqgtqvtvss
seq2424,qvqlqesgggsvqaggslrlscaasgfafnlnamswfrqapgkecefvsiigsdgrtnyadsvkgrftisrdnakntvylqmnslkpedtavyycaarydygirsggacttsgyynwgqgtqvtvss
seq2425,EVQLQASGGGLVQAGGSLRLSCTASLRAFSTYTMGWFRQAPGKEREFVAASNWRGTDFHDSVKGRFIISRDNTKKTVQLQMNSLKPEDTAIYYCAADGSTWLKRSDYSYWGQGTQVTVS
seq2426,QVQLQESGGGLVQAGGSLRLSCAASGFTLDDYGIGWFRQAPGKEHEGVSSISSGDGSTYYADSVKGRFTISSDNAKNTVYLQNSLKPEDTAVYYCAAGGLHRPLTIATTRGYGIDYWGKGTQVTVSS
seq2427,QVQLQESGGGLVRPGGSLRLSCAASGFSVGNYDMSWIRQARGKGPEGVSGIVSGGVTTWYADSVKGRFTISRDNAENMLYLQMNNLKPEDTAVYYCAPASGHLRGVRGLGTQVTVSS
seq2428,QVKLQASGGGLVQAGGSLRLSCAASGRTTSSYAMGWFRQAPGKEREFVAAHSWAGPSTSYADSVKGRFTISRDNAENMVYLQMDSLKPEDTAVYYCTARATRVGVGSFAFSSPGSYPYWGQGTQVVSS
seq2429,QVKLQASGGGSVQAGGSLNLSCVVSGRSSGNYVVGWFRQTFGKERDVVAAIKWTTGAPYYVDSVKGRFTIFRYAAQMTVYLQMSSLKPEDTAVYYCAATRDRSTFININDYTNSHEYDYWGQGTQVTVSS
seq2430,QVKLVESGGGSVQAGGSLILSCTASGSDYRWMYIARPRQCPGKEREGVAAIYTDDTDDSSPIYATSAKGRFTISQDKDKNAVYLQMNSPKPEDTAMYYCAARAFGGTWSLSSPDDFSAWGQGTQVTVSS
seq2431,EVQLQASGGGLVQAGGSLRLSCAASGRTFSNYAMGWFRQAPGKEREFQAAITWSRGMTFYADSVKGRFTIARDYAKNTVYLQMSSLKPEDTAVYYCAASDEGTGSPGSLYTPDPYDYWGQVTVTVSS
seq2432,QVQLQESGGGSVQAGGSLRLSCAASGLTYSGYGMGWFRQAPGKEREGVASIHTSGGRTRYADSVKGRFTISKDNAKNTLYLQMNSLKPEDTAMYYCAADVGRWSPQHYRGRLQYYGQGTQVTVSS
seq2433,QVQLQESGGGLVQAGGSLRLSCAVSGRTTSGLVITWFRQAPGNEREFVATSAPIGSRDTTRYADSVAGRFTTSRDNAKNTIYLQMDSMKPDDTAVYYCAAKPMFLGYTDPQRYDDWGQGTQVTVSS
seq2434,QVQLQESGGGLVQPGGSLRLSCAASGYPYGYTFSSYCMRWFRQAPGKDREGVARFERNGLTTYYDDSVKGRFTISQDNVKNTVYLQMNSLKPEDTATYYCAAAPKQLRTCGDYNYWGQGTQVTVSS
seq2435,QVQLQESGGGLAQAGGSLRLSCAASGRMFSINNMGWYRQAPGKQRELVAFITRGGTTTYADSMKGRVTISRDNAKNTVYLQMNSLKPEDTAVYYCAADDINNPRRTTTYWGQGTQVTISS
seq2436,QVQLQESGGGSVQAGGSLRLSCAASENTQGNYCLAWFRQAPGKEREGVASISSGGIKTYYADTVKGRFTISRDNAENTVYLQMNSLKPEDTAIYYCAARTSVTCFASSWARLNAYAYWGQGTQVTVSS
seq2437,PGGAVPSGGGLVQAGGSLRLSCVDFGNLFSTYHMAWFRRAPGKERLFVASITSGGESTDYADSVKGRFTISRDNAKNTMHLQMNYLKPEDTAVYYCAASNTALGHHDFRSWGQGTLVTVS
seq2438,QVKLQASGGGLVQPGGSLRLSCAVSGNTDSTMSMGWFRQAPGKEREFVGASIISIDSFVYADSVKGRFAISRDTAKNSVYLQMNSLSPDDTAVYYCAAIYLPSIANAYSTPSSWRQWGQGTQVTVSS
seq2439,EVQLEESGGGSVQSGGSLRLSCAGSGFTGSAYYMGWFRQAPGKEREGVATVIRSGNFTYYADSVRGRFTLSQENAKNTVYLQMNIVKPEDTAIYYCAAGLTSTVRARGGVLKASAYNYWGQGTQVTVSS
seq2440,QVQLQESGGGLVQAGGSLRLSCAASGRAFSDYAMGWFRQAPGKERDFVAAISWNGGNTYYSDSVKGRFTISRDNAENTVYLQMNSLKPEDTAVYYCAANDLAVPELLMPRVETYDYWGQGTQVTVSS
seq2441,QVQLVESGGGLVQPGGSLRLSCAASGSTFRIRTYGWYRQAPGKQRELVAVSTNSGGSVNYADSVKGRFTISIDSVKKTTDLQMNSLKPEDTAVYYCNAYDSDYLDYYGQGTQVTVSS
seq2442,QVKLQASGGGLVQAGGSLRLSCAPSGRASSYYAIGWFRQAPGKEREFVAAISYTGGSTYLADSLKGRFTISGNTGKNTVHLQMNSLMPEDTAVYFCAARSYGRGTYISISDYEYWGQGTQVTVSS
seq2443,QVQLQESGGGLVQAGGSLRLSCAASGYIFVYAYMGWYRQAPGKEREFVAAIDVGTTTNYADSVKGRFTISRDNAKNTVYLQMNSLKPEDTAVYYCAVVVAPQYFYWSTADRRYLYWGQGTQVTVSS
seq2444,QVKLQASGGGLVQPGGSLRLSCAVSGFSLEGNAAGWFRQAPGKEREGVACISQFIKGTYYVDSVWGRFTISRDIANNAVYLQMNNLEPEDTAVYYCAVRPGYSCSSGAHHYDYWGQGTQVTVSS
seq2445,QLQLVESGGGLVQAGGSLRLSCAASGRTFSSYAMGWFRQAPGKEREFVAVVNWSGRRTYYADSVKGRFTISRDNAKNTVYLQMNSSLKPEDTAVYNCAAGKWDGSYYGAPDYWGQGTQVTVSS
seq2446,QVQLQESGGGLVQPGGSLRLSCAASGFTFSGSASWVRQAPGKELEWVSSISGFGGITDYADSVKGRFTISRDNSKNTLYLQNSLKPEDTAVYYCAKGRTGWTSSFLRGQGTQVTVSS
seq2447,QVQLQESGGGSVQAGGSLRLSCAASGYPDSAYYWGWFRQRPGKEREGLATIYSRGDDSIVADSVKGRFTISADIAKNQVKLIMNSLKPEDTAMYYCAAAADGKLLNPRRSTVYGQGTQVTVSS
seq2448,QVQLVESGGGLAQPGGSLRLSCAASGFTFSSYAYSWVRQAPGKGLEWVSGITSGGSSTYYASSVKGRFTISRDNTKNTLYLQMDNLKSDDTAVYYCAKAWGSASSSRGQGTQVTVSS
seq2449,QVQLQESGGGSVQAGGSLRLSCEASENTYNSVYMAWFRQAPEKEREGVAVLSTGGGRTYYTDSVKGRFTISRDNAKNMVYLQMNSLKPDDTAMYYCAATYTGDSYGPSLYYLTPGRYEYWGQGTQVTVSS
seq2450,QVKLEESGGGLVQAGGSLRLSCAASERTFSRYPVAWFRQAPGAEREFVAVISSrGTSTYYADSVKGRFTISRDNAKVTVYLQMNNLKREDTAVYFCAVNSQRTRLQDPNEYDYWGQGTQVTVSS
seq2451,QVKLEESGGGLVQAGGSLRLSCAASERTFSRYPVAWFRQAPGAEREFVAVISSTGTSTYYADSVKGRFTISRDNAKVTVYLQMNNLKREDTAVYFCAVNSkRmRLQDPNEYDYWGQGTQVTVSS
seq2452,QVKLQASGGGLVQAGGSLRLSCAASGLAFSTYAIGWFRQAPGKEQEFVAAIKSTDGASTSYADSVRGRFTISRDNAKSTVYLQMSYLKPEDSAVYYCAAPESRYVYAGAWDTANWYTYWGQGTQVTVSS
seq2453,QVQLQESGGGLVQAGGSLRLSCAASGRTFSDYAMGWFRQAPGKDREFVAAISWSGDRTYYADSVKGRFTISRDNAENTVYLQMNSLKPEDTAVYHCAANDLMVPELLMPRVESYDYWGQGTQVTYSS
seq2454,QVKLQASGGGVVQAGGSLRLSCAASSRAFSQYIMAWYRQPPGKEREFLAAITWNGDSTYYADSVKGRFTISKDNAKNTAYLQMNSLIPREDTAVYHCAAAPGITTPQTMEDKRVLKFWGQGTQVTVSS
seq2455,QVKLQASGGGLAQPGGSLRLSCQASGIYSSINRMGWYRQSPGKQRELVAQIGGPLSLNYADSVKGRFTISRDNAKKTVYLQMNSLKPEDTAVYYCSVGTWTDHYWGQGTQVTVSS
seq2456,QVKLQASGGGLMQAGGSLTLSCVASGRTFSRYFVGWFRQAPGKEREFVAALSGSGSTIEYADSVKGRFTISRDNAKKTVTLQMNNLKPEDTAVYVCAATSFYSSTLHSGAEYHYWGQGTQVTVSS
seq2457,QVQLVESGGALVQPGGSLRLSAAASGFPVNRYSMRWYRQAPGKEREWVAGMSSAGDRSSYEDSVKGRFTISRDDARNTVYLQMNSLKPEDTAVYYVNVNVGFEYWGQGTQVTVSS
seq2458,QVKLQASGGGSVQAGGSLRLSCAVFGHTLNGVVSGWFRQAPGKDREFVAALSGSGISTYYADSEKGRFTISRDIAKQTVYLQMDSLKPEDTAVYFCAASPEGAVRSPSSYRFWGQGTQVTVSS
seq2459,QVKLQASGGGLVQSGGSLRLSCVASESIFKGNTMGWYRRAPGNPGKQRELIARIIDSGIAVYSESVKGRFTIAKDNAGNTVSLQMDNLKPDDTAIYYCNKVPAFSFDHWGQGTQVTVSS
seq2460,QVQLQESGGGLVQAGGSLRLSCAASGRAFSDYAMGWFRQAPGKERDFVAAISWNGGNTYYSDSVKGRFTISRDNAKNTVYLQMNSLKPEDTAVYYCAANDLAVPELLMPRVETYDYWGQGTQVTVSS
seq2461,DVQLVESGGGSVQAGGSLRLSCAVSGSTYSPCTTGWYRQAPGKEREWVCSISSPGTIYYQDSVKGRFTCSRDNAKNTVYLQMNSLQREDTGMYYCQIQCGVRSIREYWGQGTQVTVSS
seq2462,QVQLQESGGGLVQTGGSLRLSCTASTSSLNTYAKGWFRQAPGKEREFVAVISWTGGDEKYADYAEGRFTISRDNAKNTVDLQMNSLQPEDTAVYFCAAGTQFSTFPTMGPHRDYWGQGTQVTVSS
seq2463,EVQLVESGGGSVQAGGSLRLSCAASGVSNTDMIMIWFRQAPGKEREGVLAAIYKNSTYYADSVKGRFTISQDNAKNTVYLQMNSLKPEDTAIYYCAAISAVIGRHIRPHIYWGQGTQVTVGG
seq2464,EVQLQASGGGLVQPRGSLRLSCAASGSIFSINAMGWYRQTPEKQRELVATISSSGSTKYGDSVKGRFTISRDNAKNTVYLQMNSLKPEDTAVYYCNTQTAGLVADWGTSHYDYWGQGVQVTVS
seq2465,qvqlqesgggsvqaggslrlscvwsgytanvvqvgwfrqvpgkerevvatifvnsgsaeyddsvkgrftisqnaaantaylemdslkpedtamyycaartlgrsqyaywgqgtqvtvss
seq2466,QVEVLASGGGLVQPGGSLRLSCAASGFTFSSYAMSWLRQAPGKGLEWVSSINSKGGGTTYPDSVKGRFTISRDNAKNIVYLQMNSLKPEDTAVYYCANWGAGSSWPRSWGQGTLVTVS
seq2467,qvqlqesgggsvqaggslrlscvcsgysdnvvqmgwfrqapgkervvvatifvnsgnagyvdsvkgrftisqnaakntvylqmdslrpedtamyycaaralgasqwhywgqgtqvtvss
seq2468,VQLVESGGGLVQPGGSLRLSCAASGFTFSGYDMSWVRQAAGKGLEWVSAIHSGGGSTYYVDFLKGRFTISRDNAKNTLYLQMNSLKPEDTAVYFCATHLRLGDFGYWGQGTLVTVSS
seq2469,QVQLQESGGGLVHRGESLRLSCKASEWIFTTKAMGWYRQAPGEKRDLVAAMHVGGTTYYADVVKGRFTISKDTAKSTLYLQMDDLRPEDTAVYYCRSAGRGGDYWGQGTQVTVSS
seq2470,QVKLQASGGGLVQPGGSLRLSCAASGGSFSTLNMAWFRQAPGNEREVIIAISGNEDYGYYADSVKGRFTISKDSAKTTVYLQMNNLKPEDTAVYYCAATRRARNWLGAPFDYWGQGTQVTVSS
seq2471,QVQLQESGGGLVQPGGSLRLSCVASGSTFAINVMGWYRRAPGKQRELVATVTSGSTTYSRVRSSDTTYADSVKGRFTISRDNAKNMVYLQMNSLKPEDTAVYYCNARTRNTIATSDGMDYWGKGTQVTVSS
seq2472,QVQLQESGGGLVQAGGSLRLSCAASGRSVRTWSMGWFRQPPGKERELVAGISWSGSGTYHADSVKGRFTISRDNAKNMVYLQMNSLKPEDTAVYYCAAGQTGWNPGSDFHRWGKGTQVTVSS
seq2473,QVQLQESGGGLVQAGGSLRLSCAASGFTFDDYVIGWFRQAPGKEREGVSCISRSDGSTYYADSVKGRFTISSDNAKNTIYLQMNSLKPEDTAVYHCAAAMTHFGLGPGPNEYDYWGQGTQVTVSS
seq2474,QVQLQESGGGLVQAGGSLKVSCAVSGSTVSSSTMAWWRQTPGNQRELVALVDSGGKSNYVDSVKGRFTISTDNAKNTMYLQMNSLKPEDTAVYYCRILSVKGIWYWGQGTQVTVSS
seq2475,QVQLQESGGGSVQAGGSLRLSCEBSGMTFSVYNLGWLRQAPGQECELVSTITRDGSTDYADSMKGRFTISRDNAKNTMYLQMSLKPDDTAVYYCAAGVGVVDCTEGQGTQVTVSS
seq2476,QVQLVESGGGLVQAGGSLRLSCAASGFTLDLYAIGWFRQAPGKEREGVSCISSSGYGTNYTDSVKGRFTISRDNAKNTVYLQMNSLKPEDTAVYYCAADTLNNGEMSQQADYWGQGTQVTVSS
seq2477,QVQLQESGGGLVQAGGSLRLSCAASGTISPLPAMGWYRQAPGKEREFVAGIDTGAITNYADSVKGRFTISRDNAKNTVYLQMNSLKPEDTAVYYCAVFPAAYDYYERYYTYWGQGTQVTVSS
seq2478,QVQLVQSGGGLVQIGGSLRLSCLASGRTFSNYAMGWFRQAAGKEREFVARINWSDGRTYYGDSVKGRFTISRDNARNTAYLQMTSLKPEDSAVYYCAVGGSKDILYYRTERYGYWGQGTQVTVSS
seq2479,QVQLQESGGGLVQPGGSLRLSCAASGSIFSINAMGWYRQAPGKERELVAAISSGGDRTYYADSVKGRFTISRSNTKNTLYLQMNDLKPEDTGVYQCRQGSTLGQGTQVTVSS
seq2480,QVQLQESGGGLVQPGGSLRLSCVASGSISSFNFMGWYRQAPGKQRELVALSTNSGVTNVAGSVKGRFTISRDNAKTTVYLQMNSLKPEDTAVYYCRVGAMGNLYWGQGTQVTVSS
seq2481,QVQLQESGGGLVQPGGSLRLSCAASGRTFSYYTMAWFRQAPGKEREFVASISWSGGITYYADSVKGRFTISRDNAKNTVYLQMNSLKPEDTAVYYCAARKEPGSAYFGSWGQGTQVTVSS
seq2482,QVQLQESGGGLVQTGGSLRLSCAASGSTVSSSTMAWWRQTPGNQRELVALVASGGNTNYVDSVKGRFTVSRDNAKNTMYLQMNSLKPEDTAVYYCRILSMNGIWYWGQGTQVTVSS
seq2483,QVQLQESGGGLVQTGGSLRLSCAASGSTVSSSTMAWWRQTPGNQRELVALVASGGNTNYVDSVKGRFTVSRDNAKNTMYLQMNSLKAEDTAVYYCRILSVNGIWYWGQGTQVTVSS
seq2484,QVKLQASGGGLVQAGGSLRLSCAASGGAFSSYSMAWVRQVPGKEREFVAAISTGGAVTKYADSVKGRFTISRDNPKNTVSLQMNSLKTEDTAVYYCAGRRGTGRTWNDGYNYWGQGTQVTVSS
seq2485,QVQLQESGGGLVQGGGSLRLSCAASGDTFSRKIMAWFRQAPDKQREGLATIDPDGTMASYADSARGRFTISRDNAKSAVYLQMNSLRPEDTAVYYCATKLTWYGAYQSWGQGTQVTVSS
seq2486,QVQLQESGGGLVQPGGSLRLSCAASGFTFSKYPMSWVRQAPGKGLEWISTITSTGASTTYADSVSGRFTISRDNAKNTLYLQMNSLKPEDTAVYYCRNSRGSRGQGTQVTVSS
seq2487,RREVVESGGGLVQPGESLRVACAASGFTVSSYIMHWVRQAPGKGLEWVSYIDHGGNTVYGDSVKGRFTISRDNAKNTLALQMNSLKPEDTALYYCVRDGDNTHFVAYDYWGQGTLVTVS
seq2488,QVQLVESGGGSVQAGGSLKLSCAASGYFYSSNYTLGWFRQAPGKEREGVAQINIAPGRIYYADSVKGRFTISRDNAKNTVYLQMDSLKPEDTAIYYCASTAGNMYYGLRGPADFDYWGQGTQVTVSS
seq2489,QVQLLESGGGLVQPGGSLRLSCAASGYSVINDFMTWVRQAPGKGLEWVSSISVADGSTYYADSVKGRFTISRDNSKNTLYLQMNSLRAEDTAVYYCAARVGGRDLGWPYELDYWGQGTLVTVSS
seq2490,EVQLVQSGGDSVDTGGSLRLSCASSGYILNKNCMAWFRQAPGKEREGVAGIYTANRKTFYGDSVKGRFTISRDNAKNTLYLQMDSLKPEDTAMYYCAAAPLSYDCSSRSWSRVNGYNRWGQGTQVTVSS
seq2491,QVKLEESGGGLVQAGGSLRLSCAASERTFSRYPVAWFRQAPGAEREFVAVISSTGTSTYYADSVKGRFTISRDNAKVTVYLQMNNLKREDTAVYFCAVNSkRTRLQDPNEYDYWGQGTQVTVSS
seq2492,QVQLQESGGGLVQPGGSLRLSCAASGFSVGNYDMSWIRQARGEGPEGVSGIVSGGVTTWYADSVKGRFTISRDNAENMLYLQMNNLKPEDTAVYYCAPASGHLRGVRGLGTQVTVSS
seq2493,QVKLQASGGGLAQAGGSLTLSCAASGRSFSTYVMGWFRQAPGKEREFVAAIRWNGGNVYYGDSMKGRFTISRDSAKNTVYLQMNNLNSDDTAVYFCAARGPNSGTRYFYTDEKSADWFRDWGQGTQVTVSS
seq2494,QVKLQASGGGLVQPGGSLRLSCAGDGSIFRDSSIGWYRQAPGEQREFVAIIASGGSTNYADSAKGRFTISRDNAKNTVYLQMNSLKPEDTGVYYCNLKRYSFGEKNYWGQGTQVTVSS
seq2495,QVKLQASGGGLVQAGGSLSLACTASGRTSNPLNMGWFRQAPEKEREFVSSISASGTTAGYAVSVKGRFTISRDDAANTVYLQMNSLKPEDTAVYYCAADPASYYSNARYSKAVEYRYWGQGTQVTVSS
seq2496,QVQLQESGGGLVQPGGSLRLSCAVSGNIFSNNAMGWYRQAPGKERKLVAAVSSGGSTYYADSVKGRFTISRSNTKNTLYLQMNDLKPEDTGVYQCRQGSTLGQGTQVTVSS
seq2497,QVEVEASGGGLVQPGGSLRLSCAASGFTLSSSGMSWVRQAPGKGLEWVSVIYSASSDRYYADSVKGRFTISTDNAKNMLSLQMNSLKSEDTAVYYCAKEDSNFGYGLNYWGKGTLVTVS
seq2498,QVQLVESGGGLVQAGGSLRLSCAASGFNLNSVAVGWFRQAPGKEREGVSCTSSADGTTYYTDSVKGRFTISRDNAKNTVYLQMNSLKPEDTAVYYCATGNRCTGYWGQGTQVTVSS
seq2499,QVQLQESGGGSVQAGGSLRLSCAASTSSNVNVCMGWFRQAPGKEREGVAVIARDSETNYAASVKGRFTISQDNAKNTLYLQLNSLKPEDTAMYYCAAGPCANIRGSWSNSRLLRYNFWGQGTQVTVSS
seq2500,QVKLEESGGGLVQAGGSLRLSCAASERTFSRYPVAWFRQAPGAEREFVAVISSTGrSTYYADSVKGRFTISRDNAKVTVYLQMNNLKREDTAVYFCAVNSQRkRLQDPNEYDYWGQGTQVTVSS
seq2501,QVKLQASGGGLVQVGGSLGLSCAASGGSFSNDYIAWFRQAPGKEREFVAALPWSGGRDYFGRSVKGRFSISRDIAKNTVYLQMNSLKPEDTAVYYCAVSRGTSGDINSPYFYKVWGQGTQVTVSS
seq2502,QVKLQASGGGLVQAGGSLRLSCTASGLISSAYGMGWFRQAPGKEREFVGTITWRNSRYYGDSVKGRFTVSRGNARNMVILQMDSLKPEDTAVYYCAVRTRGPANYGSDYKRSVEYDFWGPGTQVTVSS
seq2503,QLQLVETGGGLVQPGGSLRLSCVASGFAFSIYHMKWFRQAPGKDRELVAVIATTGGTATYADSVKGRFTISRDNAKKTVYLQMNSLKPEDTAVYYCNAEGLVSPDVYWGQGTQVTVSS
seq2504,QVQLVESGGGSVHPGGSLRLSCAVPGSIFDFSAMTWYRQAPGKERESVAAMNKVGNTYYKASVKGRFTISRDDAKNTLYLQMNDLKPEDTAMYYCAAAALGSAAYTYWGQGTQVTVSS
seq2505,QVKLQASGGGLVQTGDSLRLSCAASELTFSDYVMGWFRQAPGKEREFVAAINRSGVSTRHVDSVRGRFTISRDNAKNTLFLQMNSLKAEDTAVYYCAAGRNMWTENIWTYSSPEYWGQGTQVTVSS
seq2506,QVKLQASGGGLVQPGGSLRLSCAASGRPLRLYQVGWFRQAPEKEREFVGRFLWNQNYTIYSRSLPGRFTISRDNAENTVYLQMNNLQPEDTAVYFCAADITGGGHNYAYWGQGTQVTVSS
seq2507,QVQLQESGGGSVRPGESLRLSCIAAGTLFSGKAVGWYRQAPGKDRELVAALSSGRETYYIGPVKGRFIISRDDNKDTLYLQMNNLKLEDTAIYTCRLGLHWGQGTQVTVSS
seq2508,QVQLQESGGGSVQAGGSLRLSCTVSGRAFGNMAWFRQPPGKEREFVGTIRANGERTYYSDSVKGRFTISRDNAKNSIYLQLNNLRPEDTAVYYCAARNSIQLFTSPREADYWGQGTQVTVSS
seq2509,QVQLQESGGGVVQPGGSLTLSCTRTGFTASTNAYGWYRQAPGKKCELVSYITIPSGRTTYADAVKGRFAISRDKAKNTVFLQMNSLKPEDTAVYYCGDVPFSTLPAMCTNDGPWGQGTQVTVSS
seq2510,VQAGGSLRLSCAASGYRYCRYDMSWYRQAPGKEREFVSAIDSYGSPTYADTVLGRFTISRDNAKNTVYLQMNSLKAEDTAMYYCKIDSTGWSSRCGKTYWGQGTQVTVSS
seq2511,QVQLQESGGGLVQPGGSLRLSCAASGSIFSINAMGWYRQAPGKERELVAAISSGGSTYYADSVKGRFTISRDNAKNTLYLQMNNLKPEDTGVYQCRQGSTLGQGTQVTVSS
seq2512,QLQLVETGGGLVQSGGSLRLSCAASGFTLGSYAIGWYRQAPGKERERVSCISSSGISTNYADPVKGRFTISRDNAKNTVYLQMDSLKPEDTAVYYCAADSFFCLGPNMDYWGKGTLVIVSS
seq2513,QVQLQESGGGLVQPGGSLRLSCAASGSISSINTMAWYRQAPGKERTVVAIVRLSGSTTYADSVKGRFTASTDSTKNTMYLQMNSLKPEDTAVYYCNAYNRFTYPTDLYWGQGTOVTVSS
seq2514,QVQLQESGGGLAQPGGSLRLSCTASGRIYRMAWFRQAPGKERELVASITHIGATNYADSVKGRFTISRDNFKNTMYLQMNDLKPEDTAVYYCNAASSWGKGTQVTVSS
seq2515,EVQLVESGGGSVQAGGSLRLFCEASGYTSSHYIMGWSRQAPGKECELVARITSAGITDYASSVKGRFTISRGDATNGMALQMNNLKPEDTAVYYCGVVVPTIGISRWCGYDYWGQGTQVTVSS
seq2516,VQAGGSLSLSCAASGYTYVSRYMGWFRQAPGNEREGVATIYTAGISTYYDASVKGRFTISKDNAKNTVYLQMNSLKPEDTAMYYCAATHDDYGGSGSRLSPASYAYWGQGTQVTVSS
seq2517,QVKLQASGGGLVQPGGSLRLTCVASESIVSFRAMSWYRQAPGKQREAVATISNGGNIGYADSVKGRFTISRDNAKNTVYLQMNSLKPEDTGVYYCKARRDYGADHWGNGTQVTVSS
seq2518,EVQLVESGGGLVQPGGSLRPSCAASGFAFSNSDMSWVRQAPGKGFEWVSSISRGGGVTDYYSFVKGRFTISRDNAKNALYLQLNSLKTADTAMYYCAKGFSFGSVNDLVRGGQGTQVTVS
seq2519,QVKLQASGGGLVQPGGSLRLSCAASGFTFGNYWMYWVRQAPGKGLEWVSSINEDGTTGYYRNSVKGRFAVSRDNAKNTLYLQMNSLKSEDTAVYFCAKDKTPYRSTSGQGENVEYEYGGQGTQVTVSS
seq2520,QVQLVESGGGLVQAGGSLSLSCAASGRTFRRYSMGWFRQAPGKEREFVAAIAWNDLMTYYADSAKGRFTISRDNAKNTLYLQMNSLKLEDTSVYYCASLGTPYTAGGVRSSSAYDYWGQGTQVTVSS
seq2521,EVQLVESGGGSVQAGGSLRLSCAVSENTGRMGWFRQAPGKEREKVAIITRLGGYTSYAGPVKGRFTISQDNAKNTVYLLMNSLKPEDTAIYYCAADSRPIYSGTWRYWGQGTQVTVSS
seq2522,QVQLQESGGGLVQPGGSLRLSCAASGRTFGSFVMAWFRQPPGKEREFVASVRWPDGHQYYGDSAKDREFTISRDTAKNTIYLQMNSLRPEDTAVYYCTAMSGRSLWSRDERSYDYWGQGTQVTVSS
seq2523,QVKLQASGGGLVQPGGSLRLSCLASGFTFEHYSMAWFRQAPGKDRLFVARISRNGVITDYADSLKGRFTVSRDNAKNTVYLQMNSLTPEDTAVYYCAADAQRSQTTYVGAYEYWGQGTQVTVSS
seq2524,QVQLVESGGGLVQPGESLRLSCEYSRSFFSNYAIGWYRQAPGKQRELVAGILSDGSTNYADSVEGRFTISRDNAADTVYLQMNNLRPEDTAVYYCKLGLSPALGSWGQGTQVTVSS
seq2525,EVQLQESGGGSVGAGGSLRLSCAASGYTSSNYCVGWFRQGPGKEREGVATINIGRGVETYAHSAKDRFTISQDAAKNTVYLIIHSLKPEDTAIYYCAARTPIWDGSCPRDASGMRDWGQGTQVTVSS
seq2526,qvqlqesgggsvqaggslrlscaasgftfsnyymgwfrqapgkeregvatidrggvgtyyadsvkgrftisrdngkstlylqmnslspedtaiyycaadrrsswyymlvdgydvwgqgtqvtvss
seq2527,QVQLQESGGGLVQAGGSLRLSCAASGRAFSTYIMGWFRQGPGKEREFVAAIRWSGGSTYYADSVKGRFTISRDNAKNTVYLQINSLKPEDTAVYYCAADLSMSPYSGSYYSDSYDYWGQGTQVTVSS
seq2528,dvqlqesgggsvqaggslrlscvvsgytysrctmgwyrqapgkerelvstflvdgstryadsvqgrftisqdkakntaylqmnslkpedtamyycktvcalggaywgqgtqvtvss
seq2529,qvqlqesgggsvqaggslklscaasghifsrcamgwyrqapgkerewvgsifsggrstytdavkgrftltqdnaknmvylqmnslnaedtamyfcgaaterehgicaykywgqgtqvtvss
seq2530,QVKLQASGGGLVHTGGSLRLSCAASGRMSSIYMMAWFRQAPGNEREFVGGVTWRGGRADYADSVKGRFTISRDTTRNTVYLQMNSLQVEDTAVYYCAAQEGTGVGYFRASGRYDYWGQGTQVTVSS
seq2531,QVQLQESGGGLVQPGGSLRLSCAASGFSVGNYDMSWIRQARGKGPEGVSGIVSGGVTTWYADSVKGRFTISRDNAENMLYLQMNNLKPEDTAVYYCAPASGHLRGVRGLGTQVTVSS
seq2532,QVQLQESGGGSVQAGGSLRLSCAASGYIDRNHVVGWFRQAPGEERDWIGVIISSGSFTNYADSVKGRFTISRDNPKNTVSLQMNSLKPEDTAVYYCAADRLDIATTTWPCRGQGTQVTVSS
seq2533,QVKLQASGGGLVQPGGSLRLSCVGSGRTFTNSRMGWFRQAPGKEREFVSVVSWSGETTYYSDSVKGRFTISRDNAKNTVYLQMNSLKPEDTAVYFCAADFPPLTHWHTRPSVYDYWGQGTQVTVSS
seq2534,QVKLVESGGGSVQAGGSLRLSCTASGSDYRWMYIARPRQCPGKEREGVAAIYTDDTDDSSPIYATSAKGRFTISQDKDKNAVYLQMNSPKPEDTAMYYCAARAFGGTWSLSSPDDFSAWGQGTQVTVSS
seq2535,qvqlqesgggsvqaggslrlscaasgytyssdvmgwfrqapgkeregiaaiypgggstyyadsvkgrftisqdnakntvylqmnnlkpedtamyycaadrpsrfwavlageadfdywgqgtqvtvss
seq2536,QVKLQASGGGLVQAGGSLRLSCAASGRTFSTYALGWFRQAPGKEREFAAAISRNGIIKDYAESVKGRFTISRDNAKNTIYLEMNSLKPEDTAVYYCAATGTVYDYMAHALARSYEFWGQGTQVTVSS
seq2537,QVQLQESGGGLVQAGGSLKLSCDASTYTYGGKCMGWFRQAPGKQREFVAFIESDGRASYADSVKGRFTISQDDAKNTVYLQMNSLRPEDTSVYYCKTAAGAFCGTRSYGFWGQGTQVTVSS
seq2538,QLPLVESGGGSVQTGGSLRLSCAPNGFISSHNNMGWFRQIPGKEREGVALIYIALGGTYYADSVRGRFTISLDHDKNIMYMDMNNLEPEDTAMYYCAADKLSGSWLDGRFRFWGQGTQATVSS
seq2539,EVHLMESGGAWVQAGASLKLSCTGSGFNFSKDSLNWLRRAPGEQLEWVSGISGDGEDRRYSDFAEGRFTISRDNAKNTLYLEMDGLQTEDTAMYYCSDMGVYRDRDVSAYRYRGQGTDVYVYK
seq2540,QVQLQESGGGLVQTGGSLRLSCAASGSTVSSSTMAWWRQTPGNQRELVALVASGGNTNYVDSVKGRFTVSRDNAKNTMYLQMNSLKPEDTAVYYCRILSVNGIWYWGQGTQVTVSS
seq2541,VQLQESGGGTVQPGGSLKLSCSAAPERAFSNYAMGWFRQAPGQEREFVAGITGSGRSQYYADSVKGRFTISRDNAMNAVYLQMNSVKAEDTAVYYCAARWPVFSDSTKGYVYWGQGTQVTVSS
seq2542,QVKLQASGGGLVQPGGSLRLSCTVSGHAFSDINLGWFRSKTGEERAFVAAISTSGGTWYADSVKGRFTISRDSAKNAVYLQMNSLKAEDTAVYYCAVLREGGIYSSSSYAYWGQGTQVTVSS
seq2543,dvqlqesgggsvqaggslrlsceasrdistvnymawfrqtpgkeregvatintrigaitayadsvkgrftisrdnakntvylqmnslkpedtamyycaagrkhrsgttwssdgynywgqgtqvtvss
seq2544,QVQLQESGGGLVQAGGSLRLSCAASRNITGISVMSWYRQTPGKQREWVATISASGITNYVDPAKGRFTISGDNAEGTVSLKMNNLKPEDTATYYCKMISRDMLSYWGRGTQVTVSS
seq2545,QVQLQESGGGLVQAGESLRLSCAVSGRAFGNMAWFRQPPEKEREFVGTIRANGERTYYSDSVKGRFTISRDNAKDSIYLQLNNLRPEDTAVYYCAARNSIQLFTSPREADYWGQGTQVTVSS
seq2546,QVKLQASGGGLVQPGGSLRLSCVGSGGVLSQNAMAWYRQAPGKQREVVAVIGSRGTISYADSVKGRFIISRDNAKNMVDLQMNSLKPEDTAVYFCHTRGPNTNWVVYWGQGTQVTVSS
seq2547,QVKLQASGGGLVQPGASLRLSCAASVRTLGNYVMGWFRQAPGKEREFVTAMTGTGEWIWSDSVKGRFTPSRDNAKNTVYLQMNSLKPEDTALYYCAARTGTVLTRTASDYSFWGQGTQVTVSS
seq2548,EVQLQASGGGLVQAGGSLRLSCAASGRTFGRYKMGWFRQAPGKEREFVATISRSGSSTYYADSVQGRFTISRDNAKNTVYLHMNSLKPEDTAIYYCAAGSTYTGWRTTAPVSWGQGTQVTVSS
seq2549,QVQLVESGGGLVQAGGSLRLSCAASGRTSSPYATGWFRQAPGKEREGVGATDTSGKTTRYADSVKGRFTISRDNAKNTVYLQMNSLKPEDTAVYYCSLPANYDYWGQGTQVTVSS
seq2550,dvqlqesgggsvqaggslrlscaasgvtynrcimgwyrqapgkerelvstftidgsalyvdsvkgrftitrdnakgmvnlqmnslkpedtamyyckavcsgpysgiywgqgtqvtvss
seq2551,dvqlqesgggsvqagealrlscvgsgytsinpymawfrqapgkeregvaaissggqytyyadsvkgrftisrdnakntmylqmpslkpddsakyycaadfrrggswnvdplrydyqhwgqgtqvtvss
seq2552,QLQLVESGGGLVQAGGSLRLSCAASGSTFSNYAMGWFRQAPGKEREFVASIRWIGGSTRYADSVKGRFTTSRDNAKNALYLQMNSLKTEDTAVYYCAASLGYSASYASGYDYWGQGTQVTVSS
seq2553,QVKLQASGGGLVQAGGSLTLSCADSGHTFSIMAWFRQAPGKEREFVASRTWRNWTYYPDSVKGRFTISRDSAKNTLYLQMNSLKPEDTAVYYCAARRMDSGSYRYNDRETYDYWGQGTQVTVSS
seq2554,QVQLQESGGGLVQPGGSLTLSCAASGFTFSQYPMNWVRQAPGKGLEWISTITSSGLGTTYADSVKGRFTISRDNAKNTLYLQMNSLKPEDTAVYYCRNSRGSRGQGTQVTVSS
seq2555,QVQLQESGGGLVQAGESLRLSCAASGSTVSSSTMAWWRQTPGNQRELVALVASGGNTNYVDSVKGRFTVSRDNAKNTMYLQMNSLKPEDTAVYYCRILSMNGIWYWGQGTQVTVSS
seq2556,EVQLVESGGGLVQAGDSLQLSCAAPGRPVRTYTMGWFRQAPGKEREFVCANNWRGTRYAGSVRGRFSCSRDNSKNTVYLQMNSLKPEDTAVYYCASAVTADLLLSGNYFRGDDYDYWGQGTQVTVS
seq2557,QVQLQESGGGSVQVGGSLRLSCAASGYTYSSACMGWFRQAPGKEREWVGSIVSDSDDRTNYADAVKGRFTITQDNAKNTVYLQMNSLKPEDTAMYYCAARPGNCFIATKTRRYDYWGQGTQVTVSS
seq2558,dvqlqesgggsvqaggslrlscavsgytyssycvgwfrqapgkeregvatintaggstyyadsvkgrftisqdyakntvylqmnslnpedtaiyycaararsgvscgntygynywgqgtqvtvss
seq2559,QVKLEESGGGLVQAGGSLRLSCAASERTFSRYPVAWFRQAPGAEREFVAVISrTGTSTYYADSVKGRFTISRDNAKVTVYLQMNNLKREDTAVYFCAVNSQRTRLQDPNEYDYWGQGTQVTVSS
seq2560,QVQLVESGGGSVQAGGSLRLSCTASGGSEYSYSTFSLGWFRQAPGQEREAVCAIASMGGLTYYADSVKGRFTCSRDNAKNTVTLQMNNLKPEDTAIYYCAAVRGYFMRLPSSHNFRYWGQGTQVTVSS
seq2561,QVKLEESGGGLVQAGGSLRLSCAASERTFSRYPVAWFRQAPGAEREFVAVISSTGrSTYYADSVKGRFTISRDNAKVTVYLQMNNLKREDTAVYFCAVNSQRrRLQDPNEYDYWGQGTQVTVSS
seq2562,dvqlqesgggsvqaggslrlscaaprdiyisycmawfrqvpgkeregvaaldtwitstyyadsvkgrftisqdyaknmaylqmnslkpedtatyycaagprglcytrltqngykywgqgtqvtvss
seq2563,QVKLQASGGGLAQAGGSLTLSCAASAGSISMYDMGWFRQAPGKEREFVARVFYNGARTDYSDSVKGRFILNRDNPKNAIYLIMHSLKLEDTAVYYCAAKKTYGGSWSGYEDYYWGQGTQVTVSS
seq2564,QVKLQASGGGLVQAAGSLRLSCAVSGITDSTMSMGWFRQAPGKEREFVGASIISIDSFVYADSVKGRFTISRDTAKNTVYLQMNSLSPDDTAVYYCAAIYLPSSANSYSTPSSWRQWGQGTQVTVSS
seq2565,QVQLVESGGGSVQAGGSLRLSCAASGYTISTDCMGWFRQTPGKEREGIATLYTGDGRTYYADSVKGRFTISQDNAKNTMWLEMNSLKPEDTAMYYCAARPKSGARGCADLWDWYTYRGQGTQVTVSS
seq2566,QVKLQASGGGLVQPGGSLRLSCAGSGSIFSDSSVGWYRQAPGKEREYVGVIASGGSTNYADFVKGRFTISRDNAKNTVYLQMNSLKPEDTAVYYCKMIRRGGPDYWGQGTQVTVSS
seq2567,dvqlqesgggsvqaggslrlscaasgstysscavgwwrqapgkerelvssigtdgstyytesvkgrfaisrnvakntvslqmnslkpedtamyycstfcaggrlwtgwgqgtqvtvss
seq2568,QVQLQESGGGVVQPGGSLTLSCTRTGFTASTNAYGWYRQGPGKKCEWVSYMTIPSGRTTYADAVKGRFAMSRDKAKSTVFLQMNSLKPEDTAVYYCGDVPFSTLPAMCTNDGPWGQGTQVTVSS
seq2569,qvqlqesgggsvqaggsltlscvaseftssrrcmgwfrrapgkehegvafissisgntyyadsvkgrftisqdnakntvllqmnslnpedtgvyycaagrycssgyphggtywgqgtqvtvss
seq2570,QVQLQESGGGLVQAGGSLRLSCAASGRTFSSNLMGWLRQAPGKEREFVAAMSMSGGDTFYADSVKGRFTISRDNAKNMVHLQMNSLKPEDTAIYYCAAADVRLSAYEYDYWGQGTQVTVSS
seq2571,QLQLVESGGGLVQSGGSLRLSCAASGFTENDYSMSWVRQAPGKGIEWVSDINSGGSSTYYADSVKGRFTVSRDNAKNTLYLQMNSIKPEDTAIYYCVALIGRGCSGIVQGAPGPWGQGTQVTVSS
seq2572,QVKLEESGGGLVQAGGSLRLSCAASERTFSRYPVAWFRQAPGAEREFVAVISSTGrSTYYADSVKGRFTISRDNAKVTVYLQMNNLKREDTAVYFCAVNSQRmRLQDPNEYDYWGQGTQVTVSS
seq2573,QVQLQESGGGLVQAGDSLRLSCATSRLTFSSTSMGWFRQAPGKEREFVADITWGGGSTSLEDSVKGRFTISRDNAKNMVYLQMNSLKPEDTGVYYCAAREPFRNTGPYKYWGQGTQVTVSS
seq2574,QVQLVESGGGSVQAGGSLRLSCASSTHTLRSHYMAWFRQVTGKEREGVAYISGIGSTATDYADSVEGRFIISRDNTENTVYLQMADLKPEDAAMYYCAVRTGFSGSWTRQTDYAYWGQGTQVTVF
seq2575,QVQLQESGGGLVQAGGSLRLSCAASGRTVSSYAMGWFRQAPGKEREFVAAISWSGSTTYYSDSVKGRFTFSRDKPKNTVYLQMNSLKPEDTAVYYCAASRIITSQPMTTMGEYHYWGQGTQVTVSS
seq2576,QVQLQESGGGLVQPGGSLRLSCAASGSISGINAMGWYRQAPGKERELVAAIDTVGSTYHAEAVKGRFTVSRDNAKNTVYLQMNSLKPEDTGVYQCRQGSTLGQGTQVTVSS
seq2577,QVKLQASGGGLAQAGGSLRLSCAASARSTRAYDMAWFRQAPGKEREFVASITWGSSSTDYSDSVKGRFAITSDAGIFSGGSAKKTAYLQMNSLKTEDTAVYYCAATFDRRWTDTGRAPYPYWGQGTQVTVSS
seq2578,QVKLQASGGGLVQPGGSLRLSCAASGSIFNTYSIGWYRQGPGKQREYIAVIGVAGSTNYGDSMKGRITISRDNDKNMVYLQMNSLKPEDTAVYYCKAFRRDGDYWGQGTQVTVSS
seq2579,QVQLQESGGGSVQAGGSLRLSCTASGYTYSSYCMGWFRQAPGKERKGVAAIDVDGSTSYADSVKGRFTISQDFAKNTLYLQMNSLKTDDTAVYRCAADCYSGSADPLQPYDMDYWGKGTQVTVSS
seq2580,QVQLQESGGGLVQAGGSLRLSCAASGRTFRRYDMGWFRQAPGKEREFVAASTWSADDTYYAGSVKGRFTISRDNAKNTVYLQMNSLKPEDTAVYYCAAGETRKYGFRTTEGYYDSWGQGTQVTVSS
seq2581,qvqlqesgggsvqaggslrlscaasgysfssgiatwfrrapgkecelvsimysdgstnygdsvkgrftisrdnakntvflqmnslkpedtgvyyclvgfgkgcggqgtqvtvss
seq2582,QVQLQESGGGLVQPGESLRLSCVASGSFFRTYIVSWYRQAPGKRREAVAVMSNSGNTNYADSVKGRFTISRDNAVNTVYLQMNSLKPEDTAVYYCNLLKVTVPPANYWGQGTQVTVSS
seq2583,QVQLQESGGGLVQAGGSLRLSCAASRNITGISVMSWYRQTPGKQREWVATISASGITNYVDPVKGRFTISGDNAEGTVSLKMNNLKPEDTATYYCKMISRDMLSYWGQGTQVTVSS
seq2584,QVQLQESGGGLVQAGDSLRLSCAASGRTFSTTGMGWFRQAPGKEREFVAAVSWRSGNTYYADSVKGRFTISRDNAKTTVFLQMNSLKPEDTAVYYCAANPTGSYGAATSRYNYWGQGTQVTVSS
seq2585,QVQLLESGGGLVQPGGSLRLSCAASGVTITDEDMTRVRQAPGKGLEWVSSILNTGGSTYYADSVKGRFTISRDNSKNTLYLQMNSLRAEDTAVYYCAAVHEKAADMNFWGQGTLVTVSS
seq2586,QVQLQESGGGSVQAGGSLRLSCAASKVTASRYCMGWFRQAPGKEREGVARVWPGGGRTYYAESVKGRFTISQDNAKNTVYLQMNSLKPEDTAMYYCAATPAEYYSGGYYCGGAPREYDYWGQGTQVTVSS
seq2587,EVQLQASGGGLAQPGGSLRLSCTVSGSIDVINNMAWYRQAPGNARELVATITSGFSTNYASSVKGRFTISRDNAKKAVYLQMNSLKPEDTADYYCKVHLIRLGAARAYDYWGQGTQVTVSS
seq2588,QVQLVESGGGLVQSGGSLTLTCAASGFTFSAASMRWVRQVPGKGLEWVATIDGTGANSYYSESAKGRFTISRDNARNTLYLQMNNLKPDDTAVYYCANFGRNYWGKGTQVTVSS
seq2589,QVQLQESGGGLVQPRGSLRLSCTASERDFGLVVMGWHRQAPGKQRELVAQIGTGGRTNYADSVKGRFTISIDAAKNTVYLQMNNLKPEDTAVYYCNAPLSGIWGQGTQVTVSS
seq2590,QVQLVESGGALVQPGGSLRLSCAASGFPVNRYSCRWYRQAPGKEREWVAGMSSAGDRSSYEDSVKGRFTISRDDARNTCYLQMNSLKPEDTAVYYCNVNVGFEYWGQGTQVTVSS
seq2591,QVQLQESGGGLVQAGDSLRLSCAASGNAFILYGMAWYRQPPGKAREFVAGITWSGGNPHYAASVKGRFTISRDNAKNTVYLQMDSLKSDDTAVYYCAANPSPRGSHNDYWGQGTQVTVSS
seq2592,EVELQVSGGGSVQPGGSLRLSCAASGFTFSNYAMYWLRQAPGKGIEWVSRIGPGGSHTEYADSVKGRFTISRDNAKNTLSLQMNSLKPEDTAVYYCAITQQGSGRGQGTQVTVSS
seq2593,QVQLQESGGGSVQAGGSLRLSCAASGITYSRSTMGWYRQVPGKERELVSSIRWNGSTLYADSVKGRFTISRDNAKNTAYLQMNSLKPEDTAMFYCKAEVVAGPYAGHDYWGQGTQVTVSS
seq2594,RGGVVASGGGLVQPGGSLRLSCVASGFTFSSYWMYWVRQAPGKGLEWVSDINPGGDRTVNRDSVKGRFTTSRDNAKNTLYLQMNSLKPEDTVLYYCARDPDYGMDYWGRGTLVTVS
seq2595,QVKLQASGGGLVQAGGSLRLSCTASGRSVSRYFMGWFRQAPGKEREFVAAITWRDGITGYADSVQGRFIVSRDNAQNTVYLQMHRLQPEDTAVYYCGAASYYEGEIRNLAPAYWGQGTQVTVSS
seq2596,QVKLEESGGGLVQAGGSLRLSCAASERTFSRYPVAWFRQAPGAEREFVAVISSTGTSTYYADSVKGRFTISRDNAKVTVYLQMNNLKREDTAVYFCAVNSQRTRLlDPNEYDYWGQGTQVTVSS
seq2597,dvqlqesgggsvqtggslrlscavspyigsrislgwfrqapgkvregvalinsrdgstyyadtvkgrftisqgdantvylqmnslkpedtaiyycaarwgqitdiqalavasfpdwgqgtqvtvss
seq2598,QVKLQASGGGLVQAGGSLRLSCAGPGLTFANYHMGWFRQGPGKEREFVGAIRWSGSNTYYADSVKGRFTISRDNAKSTVYLQMTNLKPEDTAVYYCAAELGSTVPAGLRDAGRYDYWGQGTQVTVSS
seq2599,QVQLQESGGGLVQTGGSLRLSCAASGSTVSSSTMAWYRQTPGNQRDLVALVGSGGNINYVDSVKGRFTVSIDNAKNTMYLQMNSLKPEDTAVYYCRILSVNGIWYWGQGTQVTVSS
seq2600,QVQLQESGGGLVQAGGSLRLSCSASGNVFDHSTMAWYRAAPGKQREMVAVMTRVGITTYEDSVKGRFTISRDSTKNTWYLQMNNLKPEDTAVYYCKLIILPNTYWGQGTQVTVSS
seq2601,QVQLQESGGGSVEAGGSLRLSCTASVNTFSRYRLAWFRQAPGKGREGVATIAHDGVTKYADSVKGRFSISRDNAKSTLYLQMNNLIPEDTAMYYCVLGRTAIAPTSWGQGTQVTVSS
seq2602,EVQLQASGGGLVEPGGSLRLSCAVSGINFNINHWGWYRQAPGKQREWVATIAIGGATDYADSLKGRFTISRDNNKNTVYLQMNSLRPEDTAVYYCNGVGSKWSVRWGQGTQVTVS
seq2603,QVQLQESGGGLVQPGGSLRLSCVASGSFLDYYGIGWFRQAPGKEREGVAYRRDSDDSTYYADSVAGRFTIYRDSATNTVYLQMDNLRPEDTAVYSCAATLRVGNSWRDESLYDYWGQGTQVTVSS
seq2604,EVQLVESGGGSVQAGGSLRLSCAVSGYTYSSYSIGWFRQAPGKEREGVAAINSGGSTNYAGSVEGRGFISQDNAKNTVSLLMNSLKPEDTATYYCAVGAFFTLRPTLYNYWGQGTQVTVSS
seq2605,QVQLVESGGGLVQAGGSLRLSCAASGRTFSSYTIGWFRQAPGKEREGVAANSWSDADIVYADSVKGRFTISRDNAKNTVYLQMNSLKPEDTAVYYCAADQVSTRMEQPAYDYWGQGTQVTVSS
seq2606,QVKLQASGGGLVQPGGSLRLSCTGSGVTYAVGWFRQAPGKEREGVACISSSGDRTYYRDSVKGRFTVSRDKDNNTVNLQIDGLKPDDTAVYYCAAEPSLYYGCSVNRYTHTYWGQGTQVTVSS
seq2607,QVQLQESGGGLVQPGGSLTLSCAASGFTFSQYPMNWVRQAPGKGLEWISTITSSGGYTTYADSVKGRFTISRDNAKNTLYLQMSSLRPEDTAVYYCRNSRGSRGQGTQVTVSS
seq2608,QVQLVESGGGLVQPGGSLRLSCAASGYFYSSNYCLGWFRQAPGKGLEOVAQINIAPGRIYYADSVKGRFTISRDNSKNTLYLQMNSLRAEDTAVYYCASTAGNMYYGLRGPADFDYWGQGTLVTVSS
seq2609,QVQLQESGGGLVQAGGSLRLSCAASGFTFDDYAIGWFRQAPGKEREGVSCISSGDGGTYYRDSVKGRFTISSDNAENTVALQMNSLKPEDTAVYYCAAVYGSCWDGLLYRTDSYEYDGWGQGTQVTVSS
seq2610,QVQLQESGGGSVQAGESLRLACAASGSILSINIMRWYRQAPGKQRELVATIGRSGNTDLADFAKGRFTGSRDNGKNTVYLQMNNLKPEDTAVYYCNALLTTLSAQTGVYWGQGTQVTVSS
seq2611,QVQLQESGGGSVEAGGSLRLSCTASVNTFSRYRLAWFRQAPGKGREGVATIAHDGVTKYADSVKGRFTISRDNAKSTLYLQMNNLIPEDTAMYYCVLGRTAIAPTSWGQGTQVTVSS
seq2612,QVQLQESGGGLVQPGGSLRLSCAASGFTFSEYTMKWIRQVPGKGVEFVSSINSGSTIILHEDSVKGRFTISRDNAKNMVYLQMNNLRSEDTAVYYCARGPRYTTLKDRGQGTQVTVSS
seq2613,QVQLQESGGGLVQAGESLRLSCAGSGSTVSSSTMAWWRQTPGNQRELVALVASGGNTNYVDSVKGRFTVSRDNAKNTMYLQMNSLKPEDTAVYYCRILSMNGIWYWGQGTQVTVSS
seq2614,QVQLVESGGGLVQAGGSLRLSCAASGASLDGYAIGWFRQAPGKEREGVSCIVHSSGSTNYADDVKGRFTISRDNAKNTVYLQMNSLKPEDTAVYYCRRVLLRYDAWGQGTQVTVSS
seq2615,EVQLQASGGGLVQTGGSLRLACAGSGRSFNNYGMGWFRQAPGKERQFVAAISGNDHTTHYSDSVKGRFTISRDNAKTTVYLQMNSLKPEDTAVYYCAADRLGSFFFPRASPSDYGYWGQGTQVTVS
seq2616,QVQLQESGGGLVHPGGSLRLSCAASGFSLDNYAIGWFRQAPGKEREGVSCISSGSEGRRYYADFVKGRFTISRDNAKNTAFLQMNSLKPEDTADYYCATVGFCSSQYGMEFVGDYWGQGTQVTVSS
seq2617,QVQLQESGGGLVQAGGSLRLSCAFSGSIFKMGWYRQAPGKERELVATITHIGVTDYAEFVKGRFTISRDNAKNTVYLLMNSLKPEDTAVYYCNVASRWPDYWGQGTQVTVSS
seq2618,QVKLQASGGGLVQPGGSLRLSCAASGRGFNTYSIGWFRQAPGKDREFVAAISGGGGATNYADPVKGRFIIARDNAKNTVYLQMNNLKPEDTAVYYCAASQLYIRPDYDDPIPYWGQGTQVTVSS
seq2619,QVKLQASGGGLVQAGGSLRLSCGVSGQTFDAASMGWFRQAPGKEREFVAAIRSSGGSTIYADSVKGRFTISRDDGKTTGLLQMNSLKPEDTAAYYCAAQVRRWPAFSPGDYVYWGQGTQVTVSS
seq2620,QVQLVQSGGGLVQPGGSLRLSCAASGRIPGMVTGAWFRQAPEKEREFVASVRWSGTYYADSVKGRFTLSRDNAKNTVYLQMNNLKPEDTAVYYCAARATSYSDHYDYTSSDEYHYWGRGTQVTVSS
seq2621,QVQLQESGGGLAQAGESLRLSCVVSGRAFGNMAWFRQPPGKEREFVGTIRANGERTYYSDSVKGRFTISRDNAKNSIYLQLNNLRPEDTAVYYCAARNSIQLFTSPREADYWGQGTQVTVSS
seq2622,QVKLQASGGGLVQAGGSLRLSCVASGRTYTMAWFRQAPGKEREFVAAILWSGEWIGNEGRFTISRDTATNTVSLEMNNLRPEDTAVYYCAATAQGALSSRSNSYDYWGQGTQVTVSS
seq2623,QVQLQESGGGLVQPGASLTLSCAASALTFSGDWMYWVRQAPGKGLEWVSGINFSGGVKKYNNFVKDRFTISRDNAKNTLYLQMNSLKSEDTAVYYCAKDMTGEGRGQGTQVTVSS
seq2624,QVKLQASGGGLVQAGGSLRLSCAASERTFSTWTMGWFRQAPGKEREFVAHITWGGDGPYYADSVKGRFTVSKDDAKKTVYLEMNNLKPEDTAVYFCAAARGFIPGPRGPTDFGSWGQGTQVTVSS
seq2625,QVQLQESGGGLVQPGGSLRLSCAASGFSVGNYDMGWIRQARGKGPEGVSGIVSGGVTTWYADSVKGRFTISRDNAENMLYLQMNNLKPEDTAVYYCAPASGHLRGVRGLGTQVTVSS
seq2626,EVQLQVSGGGSVQPGGSLRLSCAASGFTFSNYAMYWLRQAPGKGIEWVSRIGPGGSHTEYADSVKGRFTISRDNAKNTLSLQMNSLKPEDTAVYYCAITQQGSGRGQGTQVTVSS
seq2627,QVKLQASGGGLVQPGGSLRLSCAASETIFSTYSMGWDRQVPGKQRELVAVITTGSSTNYADSVKGRFTISRDNAKNTVYLEMHNLKPEDTAVYYCRTWVAPGRGTAYWGQGTQVTVSS
seq2628,QVQLQESGGGLVQPGGSLRLSCAASGATLGVLTISWFRQTPGSACEFVAFVSMRGRTDYADSVKGRFTVDRDNAKNTVYLQMNSLKPEDTAMYYCAAACPRSSTEGQGTQVTVSS
seq2629,QVQLQESGGGLVQAGGSLRLSCAASGITVSINAMAWYRQPPGKQRELVALIIGGSTRYADSVKGRFTISRDNAKNTVYLQMNSLKPEDTAVYACNTRAYWGQGTQVTVSS
seq2630,QVQLVESGGGLVQPGGSLRLSCAASGFTLDDYVMGWFRQAPGKEREGVSCISTSDGRTYYADSVKGRFTISRDNAKNTLYLQMNSLKPEDTAVYYCAALRTPYITYLITPSEYDYWGQGTQVTVSA
seq2631,QVQLVQSGGGLVQAGGSLRLSCAASGFTFDGYDIGWFRQAPGKEREGVSRISSSDGSTYYADSVKGRFTISSDNTKNTVYLQMNDLKPEDTAVYYCAAVSGTPDRQIWRRFMEMYASWGQGTQVTVSS
seq2632,QVQLQESGGGLVQPGGSLRLSCAASGFTFSTYYMTWVRQAPGKGPEWVSAINPGGGVTSYADSVKGRFTISRDNAKHTLYLQMNSLKPEDTALYYCATTNRRGDYYKGQGTQVTVSS
seq2633,QVQLQESGGGSVQAGGSLTLACTASGSIDTINTMGWFRQAPGKQRELVAQIFISRGGTTNYAESVRGRFTISRDDAKNTVYLQMNSLKPEDTAVYYCNALIIKATVNNYWGQGTQVTVSS
seq2634,QVTLKESGGGLVQPGGSLRLSCAASGGISRVNVAGWYRQAPGQQREMVAVIRSGGRINYADFVKGRFTFSRDDAKQTIYLQMDNLKSEDTAVYYCYGSLLETGTFQYREYWGQGTQVTVSS
seq2635,QVKLEESGGGLVQAGGSLRLSCAASERTFSRYPVAWFRQAPGAEREFVAVISSTGTSkYYADSVKGRFTISRDNAKVTVYLQMNNLKREDTAVYFCAVNSQRTRLQDPNEYDYWGQGTQVTVSS
seq2636,EVQLQASGGGLVEPGGSLRLSCAASGFTFSNYAMYWLRQAPGKGIEWVSRIGPGGSHTEYADSVKGRFTISRDNAKNTLSLQMNSLKPADTAVYYCAITQQGSGRGQGTQVTVSS
seq2637,QVQLQESGGGLVQPGGSLRLSCATSGSIFSIISMGWYRQAPGKQRELVALVFRGGSTVYADSVKGRFTISGDIAKNTVYLQMDSLKPEDTAVYYCNVKSIGTAQYWGQGTQVTVSS
seq2638,QVQLQESGGGLVQTGGSLRLSCAASGSTVSSSMMAWWRQTPGNQRELVALVARGNNTNYVDSVKGRFTVSRDNAKNTMYLQMNSLKPEDTAVYYCRILSVNGIWYWGQGTQVTVSS
seq2639,VQLVESGGGLVQAGGSLRLSCAASGSILSFVAMGWARQAPGKQREYVASITSSGNTRVADSVKGRFTISRDSAKNTLYLQMNSLKPEDTAVYYCTAWRSFANNQLASGQGAQVTVSS
seq2640,QVQLQESGGGLVQAGGSLRLSCAASGRTSSSYAMGWFRQAPGKEREFVTAISWNGSKAYYSDSVKGRFTISRDNAKNTVYLQMNSLKPEDTAVYYCAQGAYRVVADPGEYDYWGQGTQVTVSS
seq2641,QVQLQESGGGLVQAGGSLRLSCAASGRAVSMYNMGWFRQAPGKEREFVAVISTASTYYVDSVKGRFTISRDYAKNAVYLQMNSLKPEDTAVYYCAATLKTYRWPPTTYDYWGRGTQVTVSS
seq2642,EVQLEQSGGGSVQAGGSLRLSCAASGYAFSKFDMGWFRQAPGKEREGVAEISRGGATYYADSVKGRFTISQDNAKNTVYLQMNSLKPEDTAMYYCAAVAYSSPLGDGYKFWGQGTQVTVSS
seq2643,qvqlqesgggsvqaggslrlscaasgvtnsrcamgwfrqapgkerelvsslnsdgttyyvdsvkgrftisqdnakntvylqmnslkpedtamyycrrfcingntylgqgtqvtvss
seq2644,QVQLQESGGGLVQAGGSLRLSCATSGSIFSIISMGWYRQAPGKQRELVALVFRGGSTVYADSVKGRFTISGDIAKNTVYLQMDSLKPEDTAVYYCNVKSIGTAQYWGQGTQVTVSS
seq2645,QVQLQESGGGLVQPGGSLRLSCAASGFSVGNYDMSWIRQARGEGPEGVSGIVSGGVTTWYADSVKGRFTISRDNAENMLYLQMNNLKPEDTAVYYCAPASGYLRGVRGLGTQVTVSS
seq2646,QVKLQASGGGLVQPGGSLRLSCAASGFIFSSYSMSWVRQAPGKGPERVSSISNGGGYTYYTDSVKGRFTISRDNAKNTLYLQMNSLKPEDTALYYCTKRRNPGSAMGSFPGDYESRGQGTQVTVSS
seq2647,QVQLQESGGGSVQTGGSLRLSCAASGLSGSRSCMGWFRQAPGKEREEVARINKINGYTNYADSVKGRFTISRDNNKNTLYLQMNSLKPEDTAIYYCAVTTTTIYCSGTNWNYWGQGTQVTVSS
seq2648,QVQLQESGGGSVQAGGSLRLSCTASGFGVDGTDMGWYRQAPGNECELVSSISSIGIGYYSESVKGRFTISRDNAKNTVYLQMNSLRPDDTAVYYCGRRWIGYRCGNWGRGTQVTVSS
seq2649,QVQLVESGGALVQPGGSLRLSCAASGFPVNRYSMRWYRQAPGKEREWVCGMSSAGDRSSYEDSVKGRFTCSRDDARNTVYLQMNSLKPEDTAVYYCNVNVGFEYWGQGTQVTVSS
seq2650,QVQLQESGGGLVQAGDSLRLSCAASGSTVSSSMMAWWRQTPGNQRELVALVASGNNTNYVDSVKGRFTVSRDNAKNTMYLQMNSLKPEDTAVYYCRILSVNGIWYWGQGTQVTVSS
seq2651,QVQLQESGGGLVQAGGSLRLSCTASRTTSSINIMAWYRQAPGKRRELVALSIRGGNTHYADSVKGRFTISGVHANNTVYLQMNSLKPEDTAVYYCNTGGYWGQGTQVTVSS
seq2652,QVKLQASGGGLVQAGGSLRLACAASGRTLSEYTLAWFRQAPGKERESVATITWNGGSTVYSDSVMGRFTISRDKPKSTVYLQMNSLKPEDTAVYFCAAKLSRLYCLSAGCYPYWGQGTQVTVSS
seq2653,DVQLVESGGGLVQAGGSLRLSCAASGTIVSRYDMAWYRQAPGKQRELVSIMTKSGSTNYADSVKDRFTISGDNAKNTMYLQHNSLKPEDTAVYYCDGINNRWYYWGRGTQVTVSS
seq2654,QLNLEETGGGSVNSGGSLRLSCRAPRFISDICGMDWYRQAPGKGREFVASIANDGTTKYAHSVKGRFAVSKDKADDTVYLQMNSLKPEDTAMYSCKTDCGSSWDYGLGSNPDFNYWGRGTQVEVSS
seq2655,QVQLVQSGGGLVQPGGSLRLSCVASGHIPGMVTGAWFRQAPEKEREFVASVRWTGTDYADSVKGRFTLSRDNARNTVFLQMNNLKPEDTAVYYCAARFTSYSDHYDYTSSDEYHYWGRGTQVTVSS
seq2656,EVQLQESGGGLVQPGGSLRLSCAASGFIFSNDAMTWVRQAPGKGLEWVSSINWSGTHTNYADSVKGRFTISRDNAKRTLYLQMNSLKDEDTALYYCVTGYGVTKTPTGQGTQVTVSS
seq2657,QVEVVASGGGLVQAGESLRLSCTASGFTFDNVAAGWFRQAPGKEREGVACISKNGRTTDSADSVKGRFTISRDTAKNTVYLQMDKLKVEDTAEYYCAATYLNTCVLSSPPENIHYWGKGTQVTVS
seq2658,QVQLQESGGGSVQAGGSLRLSCAVSGYTRVASDTNYMGWFRQVLGKEREGVAAIYPEDGSTNYADSVKGRFTISQDNAKNILYLQMNSLKPEDTAMYYCAADLAARRSNFRWSDARRPGYWGQGTQVTVSS
seq2659,QVKLQASGGGLVQGGGSLRLSCAASGRTFSTYGVGWFRQAPGKEREFVAGISWNGDSTYYAPSVKGRFTISRDNTKNTAYLQMNSLKPEDTAVYYCAVGTISYSLRYAAPASYDYWGQGTQVTVSS
seq2660,QVQLQESGGGLVQPGGSLRLSCAASGFTLDYYAIGWFRQAPGKEREGVSCISSSDGSTYYADSVKGRFTISRDNAKNTVYLQMSSLKPEDTAVYYCGISGSCLLEDYGMDYWGKGTQVTVSS
seq2661,QVQLQESGGGLVPAGDSLRLSCAASGRTFSSYAMAWFRQAPGKEREFVGTITLSGAMTYYADSVKGRFTISRDNAKNTVYLQMNSLKPEDTAIYYCAAGRLAVTGMESYNYWGQGTQVTVSS
seq2662,QVKLQASGGGLVQAGGSLRLACAASGFTFSSYAMGWFRRGPGVEREFLAAITRDGFESMYGDSVKGRFTISRENAKSTVFLQMNSLKPEDTAVYYCAASRNYMYHDMPPISEDYRGQGTQVTVSS
seq2663,EVQLQASGGGLVQPGGSLRLSCSSSGFTSDYYAFAWLRQAPGKEREGVSCISSRGDRTNYADSVKGRLTISRDNAKNTVFLQMNSLKPEDTAVYWCAAKWVPYGSRWCSWEKEADFGSWGQGNQVTVSS
seq2664,QVKLEESGGGLVQAGGSLRLSCAASERTFSRYPVAWFRQAPGAEREFVAVISSTGrSTYYADSVKGRFTISRDNAKVTVYLQMNNLKREDTAVYFCAVNSrRTRLQDPNEYDYWGQGTQVTVSS
seq2665,SLGGGLVQSGGSLTLSCAASGFTFTNAYMSWVRQGPGKEPEWVSGINARGVGTRYADFVKGRFTISRDNAKTILYLQMNSLKPEDTALYYCASDFGPSGGRWDPPRRRGQGTWVTVSS
seq2666,QVQLVESGGGLVQPGGSLRLSCTASEATLDDYAIGWFKEREGVSCIGSSGDVTHYADSVKGRFTISRDNAKNTGYLQMNLRPEDTAVYYCAAAHRILGGCLVIHSSDYTSSSKGTRVTVSS
seq2667,EVQLVESGGGSVQAGGSLRLSCAVSGYTYCSYDMSWYRQAPGKEREFVSGIDSDGSTSYADSVKGRFTISQDNAKNTLYLQMNSLKPEDTAMYYCAVDSVWRLCSLDPADFGYWGQGTQVTVSS
seq2668,QVQLQESGGGLVQPGGSLRLSCVTSGFTLDYYNIGWFRQAPGKEREGVSCISISDGSTYYADSVKGRFTISRDNAKNTVYLQMNSLKPEDTAVYYCAIRLDGSSCDPEEYDYWGQGTQVTVSS
seq2669,QVQLQESGGGLVQVGGSLRLSCAASGFSVGNYDMSWIRQARGKGPEGVSGIVSGGVTTWYADSVKGRFTISRDNAENMLYLQMNNLKPEDTAVYYCAPASGHLRGVRGLGTQVTVSS
seq2670,QLQLVESGGGLVQVGGSLRLSCAASGRTFSRYAMGWFRQAPGKEREFVAAISWSGDNTYYVDSVKGRFTISRDNTKNTVFLQMNSLKPEDTAVYFCAADGPVAGSWYYSPYEYEYDYWGQGTQVTVSS
seq2671,QVQLQESGGGSVQAGGSLRLSCAASGYIGGNYVVGWFRRAPGKQCELVSSIISRGSGDITNYADSVKGRFTISRDNPKNTVSLQMNSLKPEDTAVYYCAADRLDIATTTWPCLGQGTQVTVSS
seq2672,QVQLQESGGGLVQAGGSLRLSCVASGYLFSLRGMGWYRQAPGKQRELVSIISRYGPAKYADSVKGRFTISQDNAKNTLYLQMNSLRPEDTAVYFCAASRPNSDKLDYWGQGTQVTVSS
seq2673,QVQLQESGGGLVQAGGSLRLSCAASGRTFSSYAMGWFRQAPGREREFVALISWSGGSTTYADSVKGRFTISRDNAQNTVYLQMNSLKPEDTAVYYCTAAGSFEGEYDYWGQGTQVTVSS
seq2674,QVKLQASGGGLVPAGGSLRLSCVASGGTFSDYNMAWFRQAPDNEREFVAAIRWIGATYYADSVKGRFTISRDNAVNTVNLQMNNLEPEDTAVYYCSAHHRRDSANVYYPSNYDNWGHGTQVTVSS
seq2675,QVQLQESGGGLVQPGGSLRLSCAVSRTIFNFNNMGWYRQPPGKPRELVARITMNGRTDYADPVKGRFTISRDSAKNTLALQMNDLKGDDTAVYYCAARGAVRTGNLMPTDYWGQGTQVTVSS
seq2676,EVQLVESGGGLVQAGDSLRLSCKASGRIPGMVTAAWFRQTPEKEREFVASVRWSGTDYQDSVKGRFTLSRDDAKSTVYLQMNNLKPEDTAVYYCAARFTSYNDHYDYTSSDEYHYWGRGTQVTVSS
seq2677,EVQLVESGGGSVQAGGSLRLSCAASGWTYSTATMGWYRQAPGKERELVSSIFSDENTYYKDSVKGRFTISRDAAKNTVYLQMNSLKPEDTAMYYCYIRPTTSLANWRWGQGTQVTVSS
seq2678,GGGTVQAGGSLKLSCAARGWRFSGYCVAWFRQAPGKEREAVAIIPGAGVMYTDDSVKGRFTYSRDNVKNTVSLQMNSLEPEDTATYYCAVDWAYSHSCPKNTEDYRYWGQGTQVTVSS
seq2679,QVQLQESGGGLVQAGGSLRLSCTASGLTFDDSAMAWFRQAPGKEREGVSCISWSSNTVVYADSVKGRFTISRDNDKNTLYLQMNSLKPEDTAMYYCAAKGHPYCLGSLQEDPYKYWGQGTQVTVSS
seq2680,HVQLVESGGGSVQAGGSLRLSCAASGYSYCSYDMSWYRQAPGKEREFVATIDSYGDTSYADSVKGRFTISQDNAKNTLYLQMNSLKPEDTAMYYCATTPYGGWRYFGYWGQGTQVTVSS
seq2681,QVQLQESGGGLVQAGGSLRLSCAASGTIFRVSFMGWYRQAPGKEREFVASITYGGITNYADSVKGRFTISRDNAKNTVYLQMNSLKPEDTAVYYCAAYILVSVDGAYYYRYWGQGTQVTVSS
seq2682,QLQLVESGGGLVQPGGSLRLSCAASGFTLDYYAIGWFKEREGVSCISSSGGSTNYADSVKGRFTISRDNAKNTVYLQMSLKPEDTAVYYCAADYAGRGFCAGLYDYWSQGTPVTVSS
seq2683,QVQLQESGGGLVQAGGSLRLSCAASGFTLDDYGIGWFRQAPGKEREGVSFISSSDGTTDYADSVKGRFTISSDNAKNTVYLQMNSLKPEDTAVYYCAAVEQRVPFLSVLHEAIYDYWGQGTQVTVSS
seq2684,QVQLQESGGGSVRAGGSLRLSCAASGATYTTYCMGWFRQAPGKEREGVATIRSPSDIIYYSDSVKGRFTISRDNAKNTMYLQMNSLKPEDTAIYYCAAGPKTFGSPCRTTLLTGYWGQGTQVTVSS
seq2685,QVQLQESGGGLVQPGGSLRLSCVGSGIIFSGKAMGWYRQAPGKQREMVATIDSGGQSNYADPVKGRFTISKDNAKNTLYLQMNSLKPEDTAVYTCQTLGLYYSGQGTQVTVSS
seq2686,QIQLVESGGGLVQPGGSLRLSCTASKFHIDSYAVAWFRQTPGKEREAVSFINTSDDVTYFADSVKGRFTISRDNDKNTVYLQMNVLKPEDTSIYVCAAVRSPGPTGPSMQPMWSVPDIYDYWGQGTQVTVSS
seq2687,QVQLQESGGGLVQSGGSLTLSCAASRYTYRPRTMAWYRQAPGKQREFVSTISSNGNAKYRDSVKGRFTISQNNAKNTVYLQMNSLRPEDTAVYYCYMYNGDPFWGQGTQVTVSS
seq2688,QVQLQESGGGLVQTGASLTLSCAASGFTFSGDWMYWVRQAPGKGLEWVSGINFSGGVKKYNNFVKDRFTISRDNAKNTLYLQMNSLKSEDTAVYYCAKDMTGEGRGQGTQVTVSS
seq2689,QVQLQESGGGSVQAGGSLRLSCAASGYIGRNYVVGWFRRAPGKQCELVSSIISRGSGDITNYADSVKGRFTISRDNPKNTVSLQMNSLKPEDTAVYYCAADRLDIATTTWPCLGQGTQVTVSS
seq2690,QVQLQESGGGLVQPGGSLRLSCAASGFTEKDYGMSWVRQAPGKGLEWVSSIRNDGTKVTYYAESVKGRFTISRDNAKNTVYLQMNSLKSGDTALYYCATDSGGGNRGQGTQVTVSS
seq2691,QVQLQESGGGSVQAGGSLTLACTASGSIDTINTMGWFRQAPGKQRELVAQIFISRGGTTNYAESVRGRFTISRDNAKNTVYLQMNSLKPEDTAVYYCNALIIKATVNNYWGQGTQVTVSS
seq2692,dvqlqesgggsvqaggslrlscaasgfpfsnycmgwfrqapgkeregvatisrlgmfteyadsvqgrfiisrdnaqnmvflqmnnltpedtaiyycaavstsssdcrprlpsqeytywgqgtqvtvss
seq2693,DVQLQESGGGSVQPGGSLRLSCAASGGTSTSYCMGWFRQAPGKEREDVAAIGSGGSTYYADSVKGRFTISQGNAKNTVYLQMNNLKPEDTAIYYCAAESRLSCGYKDYSRTKDYAYWGQGTQVTVSS
seq2694,QVQLVESGGGSVQAGGSLRLSCTYNYSTACMGWFRQAPEKEREGVASHYFGSDSTSYADSVKGRFAISRDNTRNTLDLQMISLKPEDTAMYYCAADNLASWGSRCALGGRTPRFWGQGTQVTVSS
seq2695,QVKLQASGGGLAQAGGSLRLSCKASGRAFSNLNMAWFRQTPDNDEREFVAAIRWVGTTYYADSVKGRFTISRDSAENTMNLQMNNLKPEDTAVYYCSAHDRSNSANVYYPQNYGYWGQGTQVTVSS
seq2696,qvqlqesgggsvqaggslrlscaasgytlstycmgwfrqapgkehegaafinsgggneyyadsvkgrftisqdnakntvllqmnslkpedtaiyycaagryciggypgggtywgqgtqvtvss
seq2697,QVQLQESGGGLVQTGGSLRLSCAASGRTFMDYVMGWFRQAPGKEREFVASISWTDSTRYTDSVKGRFTASRDDAKATVYLQMNNLQFEDTAVYYCARGAGRGHSVSAGDYVYWGQGTQVTVSS
seq2698,QVQLQESGGGLVQAGGSLRLSCAASGSIFRVAWMGWYRQAPGKERELVASINGGATTNYADSVKGRFTISRDNAKNTVYLQMNSLKPEDTAVYYCAVPSTLGGDFYYWGQGTQVTVSS
seq2699,QVKLQASGGGLVQAGGSLRLSCAASGRPLRLYQVGWFRQAPEKEREFVGRFLWNQNYTIYSRSLPGRFTISRDNAENTVYLQMNNLQPEDTAVYFCAADITGGGHNYAYWGQGTQVTVSS
seq2700,dvqlqesgggsvqaggslrlscaaspyfslrscvawfrqapgkeregvaaiftstgstyyadsvkgrftisqdnantvslqmnslkpedaamyycaiegrpmiggpscsmgspnsytywgqgtqvtvss
seq2701,EVQLRASGGGSVQPGGSLRPSCVASGSILNIRDMGWYRQAPGKQRESVATIPVTSGGRTRYAEFVKGRFTISRDNAKNTMYLQMNSLEPEDTAVYYCYAEALTDWGTGEDYWGQGTQVTVSS
seq2702,QVQLQESGGGSVQAGGSLRLSCEVSGYTGSTGYWAWFRQGPGTEREGVAASYTGGSGGSMTYYADSVKGRFTISQDNAKKTLYLQMNSLKPEDIGMYYCASTRFAGRWYRDSEYKYWGQGTQVTVSS
seq2703,QVQLLESGGGLVQPGGSLRLSCAASGVRVNYKSMSWVRQAPGKGLEWVSTITSRNGSTYYADSVKGRFTISRDNSKNTLYLQMNSLRAEDTAVYYCATGRAHHAPVRYWGQGTLVTVSS
seq2704,QVQLQESGGGLVQPGGSLRLSCAASGSIFDMNAMGWYRQAPGRQRELVAIITDGGDTNYSNSVKGRFTISRDHAKNTVYLQMNSLKPEDTAVYVCNYRSLLVGRYDYWGQGTOVTVSS
seq2705,DVQLVEFGGGLVQPGGSLRLSCAASGFTFSSYYMSWARQAPGKGPEWVSTINTGGGRMGYADSVKGRFTISRDNTKNTLYLQMNSLKPEDTALYYCARGDYDDSLRRRYWGQGTQVTVSS
seq2706,EVQLQESGGGSVQAGGSLRLSCAASGYTSEYTYDKYYNYMCWFRQAPGKERETVATINSRDITYYGDSVKGRFTISQDIAKNTVYLQMNSLKPEDTAMYYCATGRLGSSWNSWGQGTQVTVSS
seq2707,QAGGSLRLACAASASGYTESVNWMGWFPQAPGREREGVAVFFIPGGSTYYDDNVKGGFTISQNNAKNTVFQMNSLKPEDTAVYYCAARNAGGRFRPSAAGGYNYWGRGTQVTVSS
seq2708,EVQLQASGGGLVEPGGSLRLSCAVSGINFNINHWGWYRQAPGKQREWVATIAIGGATDYADSLKGRFTISRDNMKNTVYLQMSSLRPEDTAVFYCNGVGSKWSDRWGQGTQVTVS
seq2709,QVQLQESGGGWVQPGGSLRLSCAASGTDFSNSILSWYRQPPGKQREWVTTLSTRGNTNYADSVKGRFTISTDNAKNTVYLQMLSLKPEDTAIYYCKSIRNTITSWGQGTQVTVSS
seq2710,QVKLQASGGGLVQAGGSLRLSCAASGRTINMGWFRQAPGKEREFVAAIRWTISSGYYADSVKGRFTISGDDAKNTVYLQMNSLKPEDTAVYTCAASIKPSSLSIMNPLKYNYWGQGTQVTVSS
seq2711,QVQLQESGGGSVQAGGSLRLSCAASKYTSCMGWFRQAPGKEREVVAHIDSGPRTLYADSVKGRFTISKDNAKNTLYLEMSTLKPDDTAMYYCAAGPMYSGSCNYNYWGQGTQVTVSS
seq2712,EVQLQESGGGSVQAGGSLRLSCAASGDTYRRACMGWFRQAPGKEREEIASIYTNGGNTYIADSVKGRFTISRDNAKNTVYLQMNSLKPEDSAMYYCVADVQVRGYCTTKNLYEYESWGQGTQVTVSS
seq2713,QVQLVQSGGGLVQPGGSLRLSCAASGHIPGMVTGAWFRQAPEKEREFVASVRWRGTDYADSVKGRFTLSRDDAKQTIFLQMDNLKPEDTAVYYCAARFTSYSDRYDYTSSDEYPYWGRGTQVTVSS
seq2714,DVQLQASGGGLVQAGGSLRISCAASGGALSDYNMGWFRQAPGKEREFVAVVTWSGGSTRYADSVNGRFTISRDNAKNTVYLQMNSLKPEDTAVYYCAAAPLTPFQSLGDNKAYNYWGQGTQVTVS
seq2715,QVKLQESGGGAVQAGVSLRLSCAASGRAISTYNMAWFRQVPGKEREFLAGSHWNGRSTYYDDSAKGRFTISRDNAKNTVYLQMNALMPGDTAVYFCAQDQSPYGTSLSLRGSKYWGQGTQVTVSS
seq2716,QVKLQASGGGLVQPGGSLRLSCEASGSDVSMYSMGWYRQAPGNQRAFVAVMASGGSTNYADSVKGRFTISRDNAKNTVYLQMNNLQPEDTGVYYCKVYRRAGDYWGKGTQVTVSS
seq2717,QVQLQESGGGLVQAGGSLRLSCAASGRTFSNYNMGWLRQAPGNEREFVAAITSSGTSTYYADSVNGRFTISRDNAKNTVYLQMNSLNPEDTAVYYCAAGRYNNLRDVSGYLYRGQGTQVTVSS
seq2718,QVKLQESGGGLAQSGDSLRLSCKLSGRASSTQTLAWFRQAPGKEREFVAAIDYTGRTTEYTDSVKGRCTISRNNAKNMVFVQMINLKPEDTAVYYCAATPVLKYPLSVPIRADQYDLWGQGTQVTVSS
seq2719,QVQLVESGGGLVQSGGSLTLSCAASGIMISRYHMGWYRQAPGKERELVAVVTTGGSTNYADSVXGRFTISRDNAKNTVYLLMSSLKPEDTAVYNCADGKNRWYYWGQGTQVTVSS
seq2720,QVQLVESGGGLVQPGGSLRLSCAASGYFYSSNYCLGWFRQAPGKEREOVAQINIAPGRIYYADSVKGRFTISRDNSKNTLYLQMNSLRAEDTAVYYCASTAGNMYYGLRGPADFDYWGQGTLVTVSS
seq2721,QVQLQESGGGLVQSGGSLRLSCRASGFTFSHYPMSWYRQAPGKKRELVAGIYTDGSTNYADSVKGRFTISRDNAKNTVYLQMSSLKPEDTAVYYCRRSMVSVYWGQGTQVTVSS
seq2722,QVKLQASGGGLVQAGGSLRLSCAASGLTFTNYHMGWFRQGPGKEREFVAGIRYTGSNTYYVDSVKGRFTISRDNAKNMVYLQMNSLKPGDTAVYYCAAELGSTVPSGLRDAGRYDYWGQGTQVTVSS
seq2723,QVKLQASGGGSVQAGGSLRLSCTASGSTFRNYAVGWFRQAPGKERECVSSITWPDGMDVYYSWSVKGRFTISRDTAKNTVYLQMDSLKPEDTALYYCAVDLRARACTRLELYEYWGQGTQVTVSS
seq2724,QVQLQESGGGVVHIGGSLRLSCAASGTDFSNSILSWYRQPPGKQREWVTTLSTRGNTNYADSVKGRFTISTDNAKNTVYLQMLSLKPEDTAIYYCKSIRNTITSWGQGTQVTVSS
seq2725,QVQLQESGGGLVQAGGSLRLSCAASGSIFSILSMGWYRQAPGKERELVAGITDGTTTNYADSVKGRFTISRDNAKNTVYLQMNSLKPEDTAVYYCAVHAVPDEYTFPSSYDYWGQGTQVTVSS
seq2726,QVKLQASGGGLVEDGGSLKLSCSASGDTFTYWNMGWFRQAPGKEREFVGASTWSGGATYYADSVKGRFTVSNDNAKNTVYLEMNTLKPEDTAVYYCAVSRRGGYIRLPSEYEYWGQGTQVTVSS
seq2727,QVQLQESGGGLVQPGGSLRLSCAASGTDFSNSILSWYRQPPGKQREWVTTLSTRGNTNYADSVKGRFTISTDNAKNTVYLQMLSLKPEDTAIYYCSIRNTITSWGQGTQVTVSS
seq2728,QVQLQESGGGFVQPGGSLRLSCAASGFAFSSYHMSWVRQSPGKGFEWVGDIDGGGYTYHTDSLKDRFTISRDNAKNTLYLQMSSLKPEDTAVYYCGKEDESLKWALDKWGQGTQVTVSS
seq2729,QVQLQESGGGLVHRGESLRLSCKASEWIFTTKAMGWYRQAPGEKRDLVAAMHVGGTIYYADVVKGRFTISKDTAKSTLYLQMDSLKPEDTAVYFCRIGNIRGQGTQVTVSS
seq2730,QVQLQESGGGLVQAGGSLRLSCAASGRTFSSYAMGWFRQAPGKEREFVAFISWSGGSTSYADSVKGRFTISRDNAKNTVYLQMNSLKPEDTAVYYCVASGSFEGEYDYWGQGTQVTVSS
seq2731,QVQLQESGGGAVQAGGFLRLSCTASGYKFGNLIMGWFRQAPGKEREAVAIISKGGSITYYADSVKGRFTISREVGKNTVALLMNASKPEDTDIYVCAAADFGKNNQQPSSSWYYWGQGTQVTVSS
seq2732,QVKLEESGGGLVQAGGSLRLSCAASERTFSRYPVAWFRQAPGAEREFVAVISSTGrSTYYADSVKGRFTISRDNAKVTVYLQMNNLKREDTAVYFCAVNSkRkRLQDPNEYDYWGQGTQVTVSS
seq2733,QVQLQESGGGLVQPGGSLRLSCAASNSHFSINTMGWYRQAPGKQRELVAAITSGGSTNYTDSVKGRFTISRDNAKNTVYLQMNSLEPEDTAVYYCNADGWDPLYNSYWGQGTQVTVSS
seq2734,QVQLQESGGGLVQPGGSLRLSCAASGIIFSDRAVGWYRQAAGKQRELVAAATSGGNIKYADFVKGRFTISRDDAKNTVYLQMNSLKPEDTAVYYCRVGRHIRQYGYDYWGAGTQVTVSS
seq2735,QVELVPSGGDLVQPGGSLRLSCAASGFIFSRYDMSWVRQAPGKGLEWVSDIHAAGGSTFYQDSVKGRFTTSRDNAKNTLYLQMNSLKPEDTAVYYCVVQASYYSLDYWGQGTQVTVS
seq2736,QVQLQESGGGLVQAGGSLRLSCVASGSIASASSMSWYRQVPGKQREWVATISSGGNSAYTDSVKGRFTISRDNDKNTMYLQMNRLNTEDTAVYYCKMIRVGATYWGQGTQVTVSS
seq2737,QVQLQESGGGLVQPGGSLRLSCAASGFTFSQYPMNWVRQAPGKGLEWISTITSSGLGTTYADSVKGRFTISRDNAKNTLYLQMNSLKPEDTAVYYCRNSRGSRGQGTQVTVSS
seq2738,QVQLVESGGGLVQAGGSLTLSCAASGRTFSSSAMGWFRQAPGKEREFVAGISSSGGTTYYADPVEGRFTISRDNAKNTVYLQMNSLKPEDTAVYYCAAVLGTYYGFPSSPTGYNYWGQGTQVTVSS
seq2739,QVKLQASGGGLVQAGDSLTLSCGVSGHTFDALSMGWFRQAPGKEREFVAAIRSSGGSTIYADSVKGRFTISRDAGMTTGLLQMNNLKPEDTAAYYCAAQVRRWPAFSPGDYVYWGQGTQVTVSS
seq2740,QVQLVESGGGSVQAGGSLRLSATASGGSEYSYSTFSCGWFRQAPGQEREAVAAIASMGGLTYYADSVKGRFTISRDNAKNTCTLQMNNLKPEDTAIYYVAAVRGYFMRLPSSHNFRYWGQGTQVTVSS
seq2741,QVQLQESGGGLVQTGDSLRLSCAASGRTFSSYAMGWFRQAPGKEREFVAAITWGDGSADYADSVKGRFTISRDNAENTVYLQMNSLKPEDTAVYYCAAETVGAPIYTLGYSEAYDYWGQGTQVTVSS
seq2742,QVQLVESGGGLVQAGGSLRLSCAASGSIFSIISMNWYRQAPGKQREWVATIYSGNLTDYADSVKGRFTISRDNAKNTVYLQMNTLKPEDTAVYYCNAESGSRAGYWGQGTQVTVAS
seq2743,QLQLVESGGGLVQAGGSLRLSCAASGSTLSIHSFGWYRQAPGKQREAVATITNGGAPTYTDSVKGRFNIFRDYRENTAYLQMNTLKPEDTAVYYCRVLFGVDGRAWGQGTQVTISS
seq2744,QVKLQASGGGLVPAGDSLRLTCAASGRAFAMGWFRQAPGKEREFVAAIDRNYGLTKYGNSVKGRFTISRDNAKNTVYLQMDSLKPEDTTVYYCAVKSDLDDWSAGVQYSQFYNYWGQGTQVTVSS
seq2745,QVQLQESGGGSVQSGGALRLSCVVSGYTGSTGYWAWFRQGPGTEREGVAATYTAGSSTSMTYYADSVKGRFTISQDNAKKTLYLQMNSLKPEDTGMYRCASTRFAGRWYRDSEYRAWGQGTQVTVSS
seq2746,QVQLQESGGGSVQPGGSLRLSCAASGSIFSINAGGWYRQAPGKERELVAAISSDGRIYYADSVKGRFTISRDNAKNTLYLQMDSLKPEDTAVYFCRRGFSGIEHWPTPGQGTQVTVSS
seq2747,QVQLQESGGGLVQPGGSLRLSCAASGRTFSRFSDNYVMGWFRQAPGKEREVVGAIRWSVASTYYADFVKGRFTISRDSAMNTMYLQMNNLKPEDTAVYYCATKFSGPINGGQTSYNYWGQGTQVTVSS
seq2748,EVQLOESGGGSVQAGGSLRLSCAASGITTYSTYFMAWFRQAPGKEREGLAAIDSRGSWTYYARSVKGRFTVSQDNAKNTMYLLMNSLKPEDTAIYYCAAAPGATHPPSISDYNYWGQGTQVTVSS
seq2749,DVQLVESGGGLVQPGGSLRLSCAASGVTFDEYAIGWFRQAPGKEREAVACIGSSDGRTYYRDSVKGRFTISNNNAENTMYLQMNSLKPEDTAVYYCAACDDEGGLPRRTVKYYYWGRGTQVTVSS
seq2750,QVQLQESGGGLVQPGGSLRLSCATSGSIFSIISMGWYRQAPGKQRELVALVFRGGSTVYADSVKGRFTISGDIAKSTVYLQMDSLKPEDTAVYYCNAKPIGTAQYWGQGTQVTVSS
seq2751,QVQLQESGGGLVQTGGSLRLSCTASTSSLNTYAKGWFRQAPGKEREFVAVISWTGGDEKYADYTEGRFTISRDNAKNTVDLQMNSLQPEDTAVYFCAAGTQFSTFPTMGPHRDYWGQGTQVTVSS
seq2752,QVKLQASGGGLVQPGGSLRLSCAASGRAISAYIMAWFRQVPGKEREFVAGTHWNARSTYYDDSAEGRFTISRDNAKNTVYLEMNSLKPEDTAVYFCAQDQSPYGTSLSLRGSKYWGQGTQVTVSS
seq2753,DVQLQESGGGSVQAGGSLRLSCSVSGYTFSMLAMAWFRQAPGKEREWVAVISPGSGFTYYDDSVKGRFTISRDNAKNTVYLQMNRLKSEDTAMYYCSAGLWSEGISNVRAPDGYKYWGQGTQVTVSS
seq2754,QVKLQASGGGVVQAGGSLRLSCAASGRTVTNYAMGWFRQAPGKEREFLARIRWRGTDTYYADSVKGRFTVSRDNAKNTVYLQMNSLKPEDTAVYYCAVHTSSGSFSDTKTYDYWGQGTQVTVSS
seq2755,QVKLEESGGGLVQAGGSLRLSCAASERTFSRYPVAWFRQAPGAEREFVAVISSTGTSTYYADSVKGRFTISRDNAKVTVYLQMNNLKREDTAVYFCAVNSQRTRLfDPNEYDYWGQGTQVTVSS
seq2756,dvqlqesgggsvqaggslrlsceasgyflssysmgwyrqapgkeregvavistgggityyadsvkgrftisqdnaktmvylemnrlkpedtaiyycaatrmvvagilpsrywtywgqgtqvtvss
seq2757,QVQLQESGGGSVQAGGSLRLSCTGSRYTYTMGWFRQAPGKEREGVVAITAFGSPFYADSVKGRFTISRDNANNTIFLQMNSLKPEDSAMYYCAARGSSGTSYKWNEYGSYNYWGQGTQVTVSS
seq2758,dvqlqesggglvqpggslrlscaasgftfssyymswvrqapgkglewvsgiredgskafyadsvkgrftisrdnakntlflqmnslksedtalyscaagslysdyrprgqgtqvtvss
seq2759,QVQLQESGGGLVQPGGSLRLSCTVSGINFDTTYMYWVRQAPGKGLEWVSGIAPSGYTQKYADFVKGRFTISRDSAKNTLYLQMNSLQPEDTAVYYCAKDRAGDSRGQGTQVTVSS
seq2760,QVKLEESGGGLVQAGGSLRLSCAASERTFSRYPVAWFRQAPGAEREFVAVISSTGTSTYYADSVKGRFTISRDNAKVTVYLQMNNLKREDTAVYFCAVNSQRTRLQnPNEYDYWGQGTQVTVSS
seq2761,QVQLQESGGGLVQPGGSLRLSCAFSGRTSRNYAMAWFRQAPGKEREFVAATSWNGDITPYGVVVKGRFTISRDNAKSTVYLKMNDLKPEDTAVYYCAAEPRFAPPVVAKEYDYWGRGTQVTVSS
seq2762,QVQLVESGGGSVQAGGSLRLSCTASGGSEYSYSTFSCGWFRQAPGQEREAVAAIASMGGLTYYADSVKGRFTISRDNAKNTCTLQMNNLKPEDTAIYYCAAVRGYFMRLPSSHNFRYWGQGTQVTVSS
seq2763,QVQLQESGGGLVQTGGSLRVSCAVSGSTVSRSTMAWWRQTPGNQRELVALVDSGGKSNYVDSVKGRFTISTDNAKNTMYLQMNSLKPEDTAVYYCRILSVQGIWYWGQGTQVTVSS
seq2764,QVQLQESGGGVVQPGGSLTLSCTRTGLTASTNAYGWYRQAPGKKCELVSYITIPSGRTTYADSVKGRFAISRDKAKNTVFLQMNSLKPEDTALYYCGDVPYSTIQAMCTDDGPWGQGTQVTVSS
seq2765,dvqlqesgggsvqaggsltlacavsgytystrtmswyrqapgkervllssifadgdtsyadsvegrftisrdnakntvylqmnslkpedtamyycnllsyglglkptnywgqgtqvtvss
seq2766,EVQLLESGGGLVQPGGSLRLSCAASGFTFSTFSMNWVRQAPGKGLEWVSYISRTSKTIYYADSVKGRFTISRDNSKNTLYLQMNSLRAEDTAVYYCARGRFFDYWGQGTLVTVSS
seq2767,QVKLQASGGGLVQAGDSLRLSCAASGRTSNPYAVAWFRQAPGEEREFVAVINWAGDTDRYRNFEKGRFTISRDNAKNTAYLQMVSLKPEDTAVYYCAARLTRLGVGSWDSDKEDMYQYWGLGTQVTVSS
seq2768,QVQLAESGGGLVQPGGSLRLSCAASGFTGFTLDYYAIGWFRQAAGKEREGVSSISSSSDGNIYYADSVKGRFTISRDNAKNTVYLQMNSLKPEDTAVYYCAARLGGWASFYPTEFDSWGRGTQVTVSS
seq2769,QVKLEESGGGLVQAGGSLRLSCAASERTFSRYPVAWFRQAPGAEREFVAVISSTGTSTYYADSVKGRFTISRDNAKVTVYLQMNNLKREDTAVYFCAVNSQRmRLQDPNEYDYWGQGTQVTVSS
seq2770,QVKLQASGGGLVQAGGSLRLSCAASGRSFSSNPMGWFRQAPGKDREFVAAISRSGGVDYADFVQGRFTISRDNAKNMVYLQMDSLRPEDTALYYCAAVKAYSSNRNWAPRGAGMYDYWGQGTQVTVSS
seq2771,QVKLQASGGGLVQPGGSLRLSCVGSGSVLSQNAMAWYRQAPGKQREVVAVIGSRGTISYADSVKGRFIISRDNAKNMVDLQMNSLKPEDTAVYFCHTRGPNTNWVVYWGQGTQVTVSS
seq2772,QVKLQESGGGLVQPGGSLRVSCAASGFTFSSYYMSWVRQAPGKGLEWVSGINTGGGSTYYADSVKGRFTISRDNAENTLYLQMNSLKPEDTALYYCARGVPGRAWYVYDDWGQGTQVTVSS
seq2773,QVQLVESGGGSVQAGGSLRLSCASSTHTLRSHHMAWFRQVTGKEREGVAYISGIGSTATDYADSVECRFIISRDNTENTVYLQMADLKPEDAAMYYCAVRTGFSGSWTRQTDYAYWGQGTQVTVFS
seq2774,QVKLQASGGGLVEPGGSLRLSCTASETIFSGNSMGWYRQAPGKERAFVAVIGAGGSTNYADSVKGRFTISRDNAKNTVYLQMNDLKPEDTAVYFCTAWVNRLNRWGQGTQVTVSS
seq2775,QVKLQASGGGLVQAGGSLRLSCAASGRTSMMNAMVWFRQPPGKEREFVAGISWGGPSTAYADSVKGRFTISRDSAKNTAYLQMDSLKPEDTAVYYCAYRATRVGIGSFSYTSPDSYDYWGQGTQVTVSL
seq2776,QVKLQASGGGLVQPGGSLRLSCAASGRSFTDYRMGWFRQAPGKEREFVAAVRSNGGLLHAGSVKGRFTVSRDNGKNMLFLQMTSLKPEDTGVYTCAVGSNWKGSSTSSGGYDYWGQGTQVTVSS
seq2777,QVQLQESGGGSVQTGGSLRLSCAASGLSGSRSCMGWFRQAPGKEREEVARINKINKYTKYADSVKGRFTLSQDNNKNTLYLQMNSLKPEDTAIYYCAATTTTVYCSGANWNYWGQGTQVTVSS
seq2778,QVQLVESGGGLVRPGESLRLSCEYSRSFFSMYAIGWYRQAPGKQRELVAGILSDGSTNYADSVEGRFTISRDNADFTVHLQMNDLRPEDTAVYYCKVGLSPALGSWGQGTQVTVSS
seq2779,QVQLQESGGGLVQAGESLRLSCAVSGRAFGNMAWFRQPPGKEREFVGTIRANGERTYYSDSVKGRFTISRDNAKNSIYLQLNNLRPEDTAVYYCAARNSIQLFTSPREADYWGQGTQVTVSS
seq2780,QVQLQESGGGLVQTGGSLRLSCASSEDILSLNAMGWFRQAPGKQRELVARITRAGSVTYGDSVKGRFTISRDNAKNTVYLQMNSLKPEDTAVYYCAASDSPVAIGTTGGGIAYWGQGTQVTVSS
seq2781,QVQLQESGGGLVQAGGSLRLSCAASRNITGISVMSWYRQTPGKQREWVATISASGITNYVDPVKGRFTISGDNAEGTVSLKMNNLEPEDTATYYCKMISRDMLSYWGRGTQVTVSS
seq2782,QVQLVESGGGLVQAGGSLRLSCATSGFTFSDYAMGWFRQAPGKEREFVAAISWSGHVTDYADSVKGRFTISRDNVKNTVYLQMNSLKPEDTAVYSCAAAKSGTWWYQRSENDFGSWGQGTQVTVSK
seq2783,QVKLQASGGGLVQAGGSLRLSCAASGRTFSSYVMGWFRQAPEKEREFVAAANRDGTSTYHADSVRGRFTISRDDAKNTVYLQMNSMKPEDAAVYYCAAAEDPYHLSPYFYRKEDKYTYWGQGTQVTVSS
seq2784,QVQLQESGGGLVQAGGSLRLSCATSGSIFSIISMGWYRQAPGKQRELVALVFRGGSTVYADSVKGRFTISGDIAKSTVYLQMDSLKPEDTAVYYCNAKPIGTAQYWGQGTQVTVSS
seq2785,EVQLQESGGGSVQAGGSLRLSCEASGTISSMYCMGWFRQAPGKEREGVALFNRSTGVEYYRASVKGRFTISHDNAKNTVYLQMNSLKPEDTAVYYCAAGPSCGGWYPGLYNYWGQGTQVTVSS
seq2786,QVQLQESGGGSVQAGGSLRLACAAPGYTFSDYCMGWFRQAPGKEREEVARISGGKRTYYSDSVRGRFTISRDDYKNTKNTVWLQMDSLKPEDTAIYYCARGGYTTGVCAGGFNDWGQGTQVTVSS
seq2787,QVKLEESGGGLVQAGGSLRLSCAASERTFSRYPVAWFRQAPGAEREFVAVISSTGTSTYYADSVKGRFTISRDNAKVTVYLQMNNLKREDTAVYFCAVNSkRkRLQDPNEYDYWGQGTQVTVSS
seq2788,EVQLLESGGGLVQPGGSLRLSCAASGFTFSTFSMNWVRQAPGKGLEWVSYISRTSKTIYYADSVKGRFTISRDNSKNTLYLQMNSLRAEDTAVYYCARGGWALGDEIPSSFLEFDYWGQGTLVTVSS
seq2789,QVEVLPSGGGFVQAGGSLRLSCQFSGTDFRVHDMGWYRQAPGKERELVASYSKYGARDYGDFAKGRFTITRDDRKNTADLQMNSLKPEDTAVYYCRARDSGRFIGNEYWGQGTQVTVS
seq2790,QVQLQESGGGLVQAGESLRLSCVVSGRAFGNMAWFRQPPGKEREFVGTIRANGERTYYSDSVKGRFTISRDNAKNSIYLQLNNLRPEDTAVYYCAARNSIQLFTNPREADYWGQGTQVTVSS
seq2791,QVQLQESGGGLVQPGGSLRLSCAASGSITSTNAMGWYRQAPGKERELVAQITNYGASNYGDSVKGRYTISRDYAKNTVYLQMNSLKPEDTALYYCNVREYRFEVADYWGQGTQVTVSS
seq2792,QVKLQASGGGLVQAGDSLRLSCAASGRTLSIYATGWFRQAPGKEREFVSAIRSTGSDTYYANSVKGRFTIARDNAKNMVYLQMNSLKPEDTAVYYCAAGRGIRLGVSRRANDYDYWGQGTQVTVSS
seq2793,QVQLQESGGGLVQAGGSLRLSCKASGTIISINNMGWYRRSPGKERDMVARIFSSGTINYTDSVKGRFTISRDNAKNTVYLEMNSLKPEDTAIYYCNARLTTTAMGTIPNSWGQGTQVTVSS
seq2794,QVQLQESGGGLVQVGDSLRLSCAASGRTFSTYGMGWFRQAPGKEREFVAAVSWRSGNTYYADSVKGRFTISRDNAKTAVFLQMNSLKPEDTAVYYCAANPTGSYGATGSRYNYWGQGTQVTVSS
seq2795,QVKLQASGGGLVQPGGSLRLSCAASGNIFSDRSMGWYRQAPGKQREYVAAIGAGGSTNYADFVKGRFTISRDNAKNTGYLQMNSLQPEDTAVYYCKLYSAPTTRDARREYWGQGTQVTVSS
seq2796,QVQLQESGGGLVQTGGSLRLSCAASGSTVGSSTMAWWRQTPGNQRELVALVGLGGNTNYVDSVKGRFTVSIDNAENTMYLQMNSLKFEDTAVYYCRILSVNGIWYWGQGTQVTVSS
seq2797,QVQLVHSGGGLVQPGGSLRLSCVASGFTFSDYWYYWVRQAPGKGLHWVSGISPGGTTTYADSVKGRFTTSRDNTRNTLYLQMNELKPEDTAVYYCAKDLNWVDSDDYWGRGTQVTVSS
seq2798,QVQLQESGGGSVQAGGSLRLSCAASGYPYTTNCMAWFRQAPGTGREGVAAIYTPASMTYYADSVKGRFTISQDNAKNTVYLQMNSLKPEDTATYYCAADPPDPRYCSGEYNYWGQGTQVTVSS
seq2799,QVQLQESGGGLVQPGGSLRLSCAASGFTFSNYAMSWVRQAPGKGPEGVSGIVSGGVTTWYADSVKGRFTISRDNAENMLYLQMNNLKPEDTAVYYCAPASGHLRGVRGLGTQVTVSS
seq2800,QVQLQESGGGLVQPGGSLRLSCTASGFTFSSYEMDWFRRAPGKELEWVAGITSGGEGTSYRNSVKGRFTISRDNAKNTLYLHLNSLKNEDTAMYYCAKDRRALGEVGQGTQVTVSS
seq2801,QVKLQASGGGLVQAGGSLKLSCTASGRTYTMGWFRQAPGKEREFVAAILWSGENIGNEDWVKGRFTISRDVAKNAVFLEMNSLKPEDTAVYYCAATASGALSSRQNSYDYWDQGTQVTVSS
seq2802,QVQLVESGGGSVQPGESLSLSCVYSRSFFSNYAIGWYRQAPGKQRELVAGILSDGSTNYADSVEGRFTISRDNAADTVYLQMNNLRPEDTAVYYCKLGLSPALGSWGQGTQVTVSS
seq2803,QVQLQESGGGLVQAGGSLRLSCAASGRTFSSRGMGWFRQAPGKEREFVAAISWGGGTTYYADSVKGRFTISRDNAKNTVYLQMNSLKPEDTAVYYCAAHTGFPHEYDYWGQGTQVTVSS
seq2804,QVQLQESGGGSVQAGGSLRLSCVVSGYTYSSKCMSWYRQAPGKQREFVSYIDSDGSTKYADSVTGRFTISQDNAKNTVYLQMNSLKPEDTAMYYCKMRTVSCRGGVFDQVDNYWGQGTQVTVSS
seq2805,QVQLQESGGGSVQAGGSLRLSCATSGLTYSARITWFRQAPEKEREGVATFSTGSGSTGYADSVKGRFTISQDNAKNTLYLQMNNLKPEDTAMYYCAADTSTSWRDIVLVARYKYWGQGTQVTVSS
seq2806,QVQFVESGGGLAQAGSSLSLSCRSRGRALSRFAVGWFQERRWVAAISLDGDKTFYEDSVKGRFTIYRDNIANTVSLDMDLKSEDTAVYYCAARKAIVSNTAGSYSMWSKGTPVTVSS
seq2807,QVKLEESGGGLVQAGGSLRLSCAASERTFSRYPVAWFRQAPGAEREFVAVISSTGTSTYYADSVKGRFTISRDNAKVTVYLQMNNLKREDTAVYFCAVNSQRwRLQDPNEYDYWGQGTQVTVSS
seq2808,QVQLQESGGGSVQAGGSLRLSCADSGYTFSDYCMGWFRQAPGKEREGVAISNGGLITRYADSVKGRFTVSRDNAKNTLYLEMNSLKPEDTATYFCAKGSYTCNPDRWSQVSDYKYGGQGTQVTVSS
seq2809,QVKLQASGGGLVQPGGSLRLSCVGSGSLFSVSSVGWYRQAAGKQREFVAVITSGSSTNYADSVKGRFTISRDNAKNTVDLQMTSLKPEDTAVYYCNLKRAPHYHPSDYWGRGTLVTVSS
seq2810,QVKLQASGGGLVQAGGSLKLSCTASGRTYTMGWFRQAPGKEREFVAAILWSGESIGNEDSVKGRFTISRDVAKKTVSLEMNSLKPEDTAVYYCAATAHGALSSRSSSYDYWGHGTQVTVSS
seq2811,QVKLEESGGGLVQAGGSLRLSCAASERTFSRYPVAWFRQAPGAEREFVAVISSTGTSTYYADSVKGRFTISRDNAKVTVYLQMNNLKREDTAVYFCAVNSQRTRLyDPNEYDYWGQGTQVTVSS
seq2812,QRQLVESGGGLVQAGGSLRLSCAASGRTFSSYVMGWFKEREAVASISWSGGSTYYADSVKGRFTISRDNAKNTVYLQMSLKPEDTAVYYCAADHRTYYTGTYSPDYWGKGTPVTVSS
seq2813,QVKLQASGGGLAQAGSSLRLSCKASGRAFSNLNMAWFRQAPDNNEREFVAAIRWVGTTYYSDSVKGRFTISRDSAENTMNLQMNNLKPEDTAVYYCSAHDRSNSANVYYPQNYGYWGQGTQVTVSS
seq2814,QVQLQESGGGSVQPGGSLRLSCAASGSGFSLNAVGWYRQSPGKERELVAELTRDGKSKYANSVKDRFAISLDSAKNTWYLEMNNMKPEDTAVYYCHLGWYFEVEYWGQGTQVTVSS
seq2815,QVKLQASGGGLVQAGGSLRLSCAASGRTFSNFAMGWFRQAPGKEREFVAALSWSNGSTAYPDAMKGRFTISRDNAGNTGYLQMNTLKPEDTAVYYCAAVERPRARIPVHSYEFTSWGQGTQVTVSS
seq2816,QLQLVESGGDLAQPGGSLTLSCTASGTFKIYSMGWYRRPQREIVAEMINGGDTQYSDSVKGRFTISRTNNTMYLHMNNIKPEDTAVYYCNIQDWYSEPAGDYWGPGTQVTVSS
seq2817,QVQLQESGGGLVQAGGSLRLSCAASGSIFAAAYMGWYRQAPGKEREFVAAISDGSNTYYADSVKGRFTISRDNAKNTVYLQMNSLKPEDTAVYYCAVIRWNYTYFRYWGQGTQVTVSS
seq2818,QVKLEESGGGLVQAGGSLRLSCAASERTFSRYPVAWFRQAPGAEREFVAVISSTGrSTYYADSVKGRFTISRDNAKVTVYLQMNNLKREDTAVYFCAVNSQRTRLQDPNEYDYWGQGTQVTVSS
seq2819,QVQLVESGGASVQPGGSLRLSCAVSGGTVDYYTIGWFRQALGKEYEGVSTEYEGVSTISKTGSTNYADSVKGRFTISRDSAKNTVYLQMNSLKPEDTGLYYCAAGDTGSNYPTLLSDWFAIWGRGTQVTVSS
seq2820,QVQLVESGGGSVQAGGSLRLSCAASEYPSHTCMGWFRQAQGKEREEVAAIYTGGGSTAYANSVKGRFTISQDNAKNTVYLQMNSLKPEDTATYFCAATPSLGCARWSTGSWFNYWGQGTRVTVSS
seq2821,QVQLQESGGGLVQAGGSLRVSCAASGRALSDYAMGWFRQTPGKERERVAAISWNGGNTYYADSVKGRFTISRDNAENTVYLQMNSLKPEDTAVYYCAANDLAVPGLLMPRVETYDYWGQGTQVTVSS
seq2822,QVQLVESGGGLVQAGGSLRLSCAASGFTMKDYSIGWFRQAPGKEREGVGCVSGRGTSFYADSVKGRFTISRDNAKNTVYLQMNSLKPEDTAVYYCATNYGCPSGCRYPQDAWGQGTQVTVSS
seq2823,QVQLQESGGGVVQPGGSLTLSCTRTGFTASTNAYGWYRQGPGKKCEWVSYMTIPSGRTTYADAVKGRFAMSRDKAKSTVLLQMNSLKPEDTAVYYCGDVPFSTLPAMCTNDGPWGQGTQVTVSS
seq2824,QVKLEESGGGLVQAGGSLRLSCAASERTFSRYPVAWFRQAPGAEREFVAVISSwGTSTYYADSVKGRFTISRDNAKVTVYLQMNNLKREDTAVYFCAVNSQRTRLQDPNEYDYWGQGTQVTVSS
seq2825,DVQLQESGGGSVQAGGSLRLSCAVSGNTYSGGIMGWFRQAPGKGREGVAAIGAGGYSAVYADSVKGRFTISQDNAKNTVYLQMNSLKPEDTAMYYCAAGGSSAGVGGWALLPPVYDSWGQGTQVTVSS
seq2826,QVKLQASGGGLVQAAGSLRLSCAVSGVTSSTMSMGWFRQAPGKERDFVGAFIISIDSFVYADSVKGRFTISVDNADNTMYLQMNNLKPDDTAVYYCAAIYLPSTTNSWSTPSSWRQWGQGTQVTVSS
seq2827,QVQLQESGGGLVQPGGSLRLSCAASGSTVSSSMMAWWRQTPGNQRELVALVASGNNTNYVDSVKGRFTVSRDNAKNTMYLQMNGLKPEDTAVYYCRLSVNGIWYWGQGTQVTVSS
seq2828,QVQLQESGGGVVQPGGSLTLSCTRTGLTPSTGAYGWYRQAPGKKCELVSYITIPSGRTTYTDSVKGRFAISRDKAKNTVFLQMNSLKPEDTALYYCGDVPYSTIQAMCTDDGPWGQGTQVTVSS
seq2829,QVQLQESGGGLVQAGESLRLSCAVSGRAFGNMAWFRQPPGKEREFVGTIRANGERTYYSDSVKGRFTISRDNAKNSIYLQLNNLRPEDTAVYYCAVRNSIQLFTSPREADYWGQGTQVTVSS
seq2830,QVKLEESGGGLVQAGGSLRLSCAASERTFSRYPVAWFRQAPGAEREFVAVISSTGTSTYYADSVKGRFTISRDNAKVTVYLQMNNLKREDTAVYFCAVNSQRTRLQDPNqYDYWGQGTQVTVSS
seq2831,VQLVESGGGSVQAGGSLRLSCTVSGYTDNRYCMGWFRQAPGKEREGVAGINDFGGTTYYVDSVKGRFTISQNNAKNTVYLQMNSLKPEDTAIYYCAIAPRIWGSICSPGTQYNYWGQGTMVTVSS
seq2832,QVQLQESGGGSVQAGGSLRLSCAASGFTFSNYGMRWVRQAPGKGLERVASISSSGDVRSYADSVKGRFTISRDNAKSTLYLQLNSLKTEDTAMYYCAANALNLNGRGQGTQVTVSS
seq2833,EVQLVESGGALVQPGGSLTLSCAASGFTFRTTVMNWVRQAPGKELEWLATIYSHGNDKFYADSVKGRFTISSDRTKATVMLQMNLDNPESTASGYCTKDGTFGPRGQGTQVTVSS
seq2834,VQLVESGGDLVQPGGSLRLSCAASAFTFSTYYMTWVRQPPGKGLEWVSGINSDGSTYYRDSVKGRFTISRDNAKNMLYLEMTSLKPEDTAVYYCAGGAGNAWLFGDWGQGTMVTVSS
seq2835,QMQLVESGGGLVQPGGSLRLSCAAPESTLDDYAIGWFKEREGVSCIGSSGDSTNYADSVKGRFTVSRDNAKNTVYLQMDLRPEDTAVYYCAAAHRIFGGCLVIHSSGYVSWGQGTPVTVSS
seq2836,QVQLQESGGGSVQAGGSLRLSCAASGITYCNYDMRWYRQAPGKEREFVGGIASAGSSAYADSVKGRFTISRDNAKNTGYLQMNSLKPEDTAMYYCACGGILLNNPRRSSTTVVYWGQGTQVTVPS
seq2837,QVKLEESGGGLVQAGGSLRLSCAASERTFSRYPVAWFRQAPGAEREFVAVISSTGTSTYYADSVKGRFTISRDNAKVTVYLQMNNLKREDTAVYFCAVNSQRTRLwDPNEYDYWGQGTQVTVSS
seq2838,QVQLQESGGGLVQPGASLTLSCAASGFTFSGDWMYWVRQAPGKGLEWVSGINFSGGVKKYNNFVKDRFTISRDNAKNTLYLQMNSLKSEDAAVYYCAKDMTGEGRGQGTQVTVSS
seq2839,DVQLQESGGGSVQAGGSLRLSCAASGDTFSSYSMAWFRQAPGKECELVSNILRDGTTTYAGSVKGRFTISRDDAKNTVYLQMVNLKSEDTARYYCAADSGTQLGYVAVGLSCLDYVMDYWGKGTQVTVSS
seq2840,QVKLQASGGGSVQAGGSLRLSCAASGFSYSVYGVGWFRQAPGKEREFLATISFSGGVADYADSVKGRFTISRDNAKNTVYLQMNSLKPEDTAVYYCAASLGRGKYAHFGQGTQVTVSS
seq2841,QVQLVESGGGSVQAGDSLRLSCAASGNTFSIKVMGWYRQAPGKQRELVAVSTNSGASVNYANSVKGRFTISIDSVKKTTYLQMNSLKPEDTAVYFCNAYDGRYEDYYGQGTQVTVSS
seq2842,QVKLEESGGGLVQAGGSLRLSCAASERTFSRYPVAWFRQAPGAEREFVAVISSTGTSTYYADSVKGRFTISRDNAKVTVYLQMNNLKREDTAVYFCAVNSQRkRLQDPNEYDYWGQGTQVTVSS
seq2843,QVQLQESGGGLVQAGGSLRLSCAASGSISSFNFMGWYRQAPGKQRELVALSTNSGVTNVAGSVKGRFTISRDNAKTTVYLQMNSLKPEDTAVYYCRVGAMGNLYWGQGTQVTVSS
seq2844,QVQLQESGGGLVQAGGSLRLSCVVSGHTFSGYVMGWFRQAPGKEREFVSSISGYGGITDYADSVKGRFTMSRDNAKNTVYLRMNSLKPEDTAVYYCAVRRSGSSREYDYWGQGTQVTVSS
seq2845,QVQLLESGGGLVQPGGSLRLSCAASGFKITNKTMAWVRQAPGKGLEWVSSIGSSSGSTYYADSVKGRFTISRDNSKNTLYLQMNSLRAEDTAVYYCARRKGNRLGPAALRSWGQGTLVTVSS
seq2846,EVQLVESGGGSVQSGGSLRLSCAASGDTFSKRIMAWFRGAPDKEREGLATIDPDGTMKSYADSARGRFTISRDNAKSAVYLQMNSLKPEDTAVYYCATKLTWYGAYQSWGQGTQVTVSS
seq2847,QVKLQASGGGLVQAGGSLRLSCAASLSTASDFVAGWFRQAPGKDREFVAALSGSGLSTYYGDSVKGRFTISRDNAKKMVYLQMDDLKPEDTAVYYCAATPEGPVRSPTAYRYWGQGTQVTVSS
seq2848,QVQLQESGGGSVQAGESLTLSCTASGSSLSHKSVGWWRQTPGNQRELVALVASGNNTNYVDSVKGRFTVSRDNAKNTMYLQMNSLKPEDTAVYYCRILSVNGIWYWGQGTQVTVSS
seq2849,QVKLQASGGGLVQPGASLRLSCAASGRTVSSYNMGWFRQAPGKEREFVAAISWGGARTLYADSVKGRFTISRDNANNTVYLQLSSLKPEDTAVFYCAGDSNRARLSRRNNEYEYWGQGTQVTVSS
seq2850,EVQLVESGGGSVQAGGSLRLSCTASEFTTKYMAWFRQAPGKERELVAVIYTITSGANYGDSVKGRFTIYRDNENNTVHLEMNNLKPEDTAMYICAASTYWGAALRETAYNSWGRGTQVTVSS
seq2851,QVQLVESGGGSVQAGGSLRLSATASGGSEYSYSTFSCGWFRQAPGQEREAVCAIASMGGLTYYADSVKGRFTCSRDNAKNTCTLQMNNLKPEDTAIYYVAAVRGYFMRLPSSHNFRYWGQGTQVTVSS
seq2852,QVKLQASGGGLVQPGGSLRLSCVASGNIFSSRPWAWFRQAPGKQREFVALITGPGTRTYAPFAKGRFTISRDNARNTVFLQMNNLKPEDTAVYYCKDYQSDYWGQGTQVTVSS
seq2853,QVQLQESGGGSVQAGGSLTVSCAASGNTIRRYIMGWFRQAPGKEREGVAVINSDGSAYYTDSVKGRFTISRDNAKNTVYLVLNNLKPDDTAIYYCAAAADEFGGLLQRRTVWWYYWGQGTQVTVSS
seq2854,QVQLQESGGGSVQAGGSLRLSCVASGYLFSLRGMGWYRQAPGKERELVSIISRYGPTKYADSVKGRFTISQDNAKNTLYLQMNSLKPEDTAVYFCAASRPNSDKLDYWGQGTQVTVSS
seq2855,EVQLQESGGGSVQAGGSMRLSCAASGYTYSMYCMGWIRQAPGKEREGVARINADGSTTYYGSSAKGRFSISRDSAKNEVTLLMNSLKPEDTAVYTCTADTRKCRDLSSWIDSDYWGQGTQVTVSS
seq2856,QVKLQASGGGLVQAGGSLRLSCAASGRTFSSYAMGWFRQAPGKEREFVATITWDGDSTAYADSVKGRFTVSRDNAKNTVYLQIHSLKPEDTAVYYCAADRTRYRTRWWPGRSDEYTGWGQGTQVTVSS
seq2857,DVQLVEFGGGLVQPGGSLRLSCAASGFTFSSYYMSWARQAPGKGPEWVSTINTGGGRMGYADSVKGRFTISRDNTKNTLYLQMNSLKPEDTALYYCARGDYDDSLRRRYWGKGTQVTVSS
seq2858,QVQLQESGGGSMQAGGSLRLSCVVSGNTSRFTYKAWFRQAPGKEREGVAANTAAAGTIYADSVKGRFTISQDNAKNTIYLQMNSLKPEDTAMYYCAAAEGGKLLLLNNQPSSSVYWGQGTQVTVSS
seq2859,QVQLVESGGGLVQPGESLTLSCSTSGFTLVYSAVAWFRQAPGKDREGVSCISSRGDSAVYADSVKGRFTISRDNFKNTVYLQINDLKSEDSGTYLCAAAACDDDGGGGIINRITVVYYFGKGTQVTVSS
seq2860,QVKLQASGGGLVQAGGSLRLSCAASGRTFNNLHVAWFRQAPGNEREPVTAKSWSGDYEYYADSAKGRFTISMDSGKTTVYLQMNNLKPEDTALYYCAATTRARNWLGAPFDYWGRGTQVTVSS
seq2861,QVQLQESGGGLVQPGGSLRLSCAASGSISSFNFMGWYRQAPGKQRELVALSTNSGVTNVAGSVKGRFTISRDNAKTTVYLQMNSLKPEDTAVYYCRVGAMGNLYWGQGTQVTVSS
seq2862,QVQLQESGGGLVQPGWSLRLSCAASSIFEINAMGWYRQPPGKQRERVATITDGFGTNYADSVKGRFTISRDNAKNTVYLQMNSLRPEDTAVYYCSAQRTVPYKMTYWGQGTQVTVSS
seq2863,qvqlqesgggsvqaggslrlscaasgvtynrcvmgwyrqapgkerelvstftidgsalyvdsvkgrftitrdnakgmvnlqmnslkpedtamyyckavcsgpysgiywgqgtqvtvss
seq2864,DVQLVESGGGLVQAGGSLRISCAASGGALSDYNMGWFRQAPGKEREFVCVVTWSGGSTRYADSVNGRFTCSRDNAKNTVYLQMNSLKPEDTAVYYCAAAPLTPFQSLGDNKAYNYWGQGTQVTVS
seq2865,QVKLEESGGGLVQAGGSLRLSCAASERTFSRYPVAWFRQAPGAEREFVAVISSTGrSTYYADSVKGRFTISRDNAKVTVYLQMNNLKREDTAVYFCAVNSkRmRLQDPNEYDYWGQGTQVTVSS
seq2866,QVQLQESGGGSVQAGESLRLSCTVSGRAFGNMAWFRQPPGKEREFVGTIRANGERTYYSDSVKGRFTISRDNAKNSIYLQLNNLRPEDTAVYYCAARNSIQLFTSPREADYWGQGTQVTVSS
seq2867,QVQLQESGGGSVQAGGSLRLSCAASGYTYSSNCMGWFRQAPGKEREGVATIRSPSDIIYYSDSVKGRFTISRDNAKNTMYLQMNSLKPEDTAIYYCAAGPKTFGSPCRTTLLAGYWGQGTQVTVSS
seq2868,DVQLVESGGGLVQAGGSLKLSCKASGSTYSIHVYGWYRQAPGKQRELVAVSTNSGASVNYANSVKGRFTISIDSVKKTTYLQMNSLKPEDTAVYFCNAYDGRYEDYYGQGTQVTVSS
seq2869,QVQLQESGGGSVQAGGSLRLSCVVSGITGSTGYWAWFRQGPGTEREGVAATYTAGSGTSMTYYADSVKGRFTISQDNAKKTLYLQMNSLKPEDTGMYRCASTQFAGRWYRDSEYRAWGQGTQVTVSS
seq2870,QVQLVHSGGGLVQPGGSLRLSCLASGFSFGSYRMHMVRQAPGKGLERVSGISSGGGTTYYADSVKGRFTISRDNAKNMLYLQMNNLQPFDTAVYYCLGGDWADWGQGTQVTVSS
seq2871,QVQLQESGGGLVQTGGSLRLSCAASGRTFMDYVMGWFRQAPGKEREFVASISWTDSTRYTDSVKGRFTASRDDAEATVYLQMNNLQFEDTAVYYCARGAGRGHSVSAGDYVYWGQGTQVTVSS
seq2872,QVQLQESGGGLVQAGGSLRLSCAASGFTFDDYAIGWFRQAPGKEREGVSCISSSDGVTYYVDSVKGRFTISSDNAKNTVYLQMNSLKPEDTAVYHCAASPDYYCDAGFLNYGIDYWGEGTQVTVSS
seq2873,QVQLQESGGGSVQAGGSLRLSCAVSTNTFSTYYMGWFRQAPGKEREGFAHINPDGNTVYASSVKGRFTISKDDAKNTLYLHMNSLKPEDTAMYYCAADPRPKTAIQPLGSSSYIYWGQGTQVTVSS
seq2874,QVQLVESGGGLVQAGGSLRLSCTASGRTFNYLGMGWFRQAPGKEREFVAAITWVGRIIYYADSVKGRFTISRDNANNKVYLHMTTLKSEDTAVYFCAAGDTRDRTISKQSAYGVWGQGTQVTVSS
seq2875,QVKLQASGGGLVQAGGSLRLSCAASGRTFSSYVTGWFRQAPEREREFVAAANRNGTSTYHADSVRGRFTISRDDAKNTVYLQMNSMKPEDAAVYYCAAAEDTYRLSPYFYRTEDKYAFWGQGTQVTVSS
seq2876,DVQLQESGGGSVQAGGSLRLSCAASGFTTSNNYCVGWFRQAPGKEREGVAAINIGRGNTYYADSVKGRFTISQDNAKNTVYLLMNSLKPEDTAVYYCAAVDWEYSDGWRTPPLSDFDHWGQGTQVTVSS
seq2877,QVQLQESGGGSVQAGGSLRLSCAASGSSYSRFRMGWFRQVPGKEREGVAAIYRSDGRTYYADSVKGRFTISQDNTKNTVYLQMNSLKREDTAMYYCAAGAYSSYLMDANFAYWGQGTQVTVSS
seq2878,QVKLQASGGGLVQPGGSLRLSCAASGFTFSSSDLTWVRQAPGKGLEWVSSIYSGGSITYYADSVKGRFTISRDNAKNTLYLQMNSLKSEDTAVYYCARGGSYYYSPNDDWGQGTQVTVSS
seq2879,QVQLVESGGGLVQPGESLRLSCVYSRSFFSVYAIGWYRQAPGKQRELVAGILGDGSTNYADSVEGRFTISRDNANDTVYLQMNNLRPEDTAVYYCKLGFNPALGSWGQGTQVTVSS
seq2880,QVQLQESGGGLVQAGDSLRLSCAASGGTFSNYVLGWFRQAPGKEREFVAAIRWSGERTYYADSVKGRFTISSDNAKYRQVTVYLEMNSLKPEDTAVYYCAARAPNYYSDSQPPVTLSEYKVWGQGTQVTVSS
seq2881,QVKLQASGGGLVQAGGSLRLSCAASGLTFSRYNMNWFRQAPGKERVLVAAINWSGSNTYYADSVKGRFTIFKDNAKNTLYLQMSSLKPEDTAVYYCAAPRAFAQVTNITNWGQGTQVTVSS
seq2882,QVQLQESGGGLVQAGGSLRLSCAASGLTFDDYAIGWFRQAPGKEREGVSCIRRSDGMTYYADSVKGRFTISSDNAKNTVYLQMNSLKPEDTAVYYCAASDYSDYGLRPYEYDYWGQGTQVTVSS
seq2883,QVKLQASGGGMVQPGGSLRLSCTASESIFSGNAMGWYRQAPGKDRAFVAVIGSGGSTNYDDSVKGRFTISRDNAKNTVYLQMNSLKPEDTAVYFCTAWVNRQNRWGQGTQVTVSS
seq2884,QVQLVESGGGLVQAGGSLRLSCAASGVEFSRNDFAWFRQAPGKEREGVAKITSGGYTSYSDSVKGRFTISRDNAKNTVYLQMNSLKPEDTAVYYCNVVGLVFQADYAPAWGQGTQVTVSS
seq2885,QVQLQESGGGLVQPGGSLRLSCAASGSIFNMNAMGWYRQAPGRQRELVAIVTDCGDTNYSNSVKGRFTVSRDHAKNTVYLQMNSLKPEDTAVYVCNYRSLLVGRYDYWGQGTOVTVSS
seq2886,EVQLQESGGGSVQAGGSLRLSCEASGTISSMYCMGWFRQAPGKEREGVALFNRSTGVEYYRASVKGRFTISHDNAKNTVYLQMNSLKLEDTAVYYCAAGPTCGGWYPGLYNYWGQGTQVTVSS
seq2887,QVQLQESGGGLVQAGGSLRLSCAASGWTYSTATMGWYRQAPGKQRELVSSIFSDENAYYKDSVKGRFTISRDAAKNTVYLQMNSLRPEDTAVYYCYIRPTTSLANWRWGQGTQVTVSS
seq2888,DVQLQASGGGLVQAGGSLRLSCAASSGTFSSYTMGWFRQAPGKERELVARLSQSLTTLYADSVKGRFTISRDNAENTVYLQMNSLKPEDTGVYYCAAHPGTYGSAWLISPHDYAYWGQGTQVTVS
seq2889,QVKLQASGGGLVQAGGSLRLSCAASELTFSDYVMGWFRQAPGKEREFVAAINRSGVSTRHVDSVRGRFTISRDNAKNTLFLQMNSLKAEDTAVYYCAAGRNMWTENIWTYSSPEYWGQGTQVTVSS
seq2890,QVQLQESGGGLVQTGGSLRLSCAASGSISSFNFMGWYRQAPGKQRELVALSTNSGVTNVAGSVKGRFTISRDNAKTTVYLQMNSLKPEDTAVYYCRVGAMGNLYWGQGTQVTVSS
seq2891,QVKLQASGGGLVQAGGSLRLSCGVSGHTLSGVVAGWIRQAPGKDREFVAALSGSGLSTYYADSVKGRFTISRDNAKNTVYLQMDSLQPEDTAVYYCAASPEGPVRTPASYRFWGQGTQVTVSS
seq2892,QVKLEESGGGLVQAGGSLRLSCAASERTFSRYPVAWFRQAPGAEREFVAVISSTGiSTYYADSVKGRFTISRDNAKVTVYLQMNNLKREDTAVYFCAVNSQRTRLQDPNEYDYWGQGTQVTVSS
seq2893,qvqlqesgggsvqaggslrlsctasglvfhasymgwyrqapgngcelvstiggdgatyyddsvkgrftisrdnakntvylemislkpedtamyycaadppfsdyvrtrcrknswgqgtqvtvss
seq2894,QVQLQESGGGLVQPGGSLTLSCAASGSISSINTMAWYRQAPGKERTVVAIVRLTGSTTYADSVKGRFTASTDSTKNTMYLQMNSLKPEDTAVYYCNAYNRFTYPTDLYWGQGTOVTVSS
seq2895,QVQLVESGGGLVQAGGSLRLSCAASGRTFNIRAIGWFRQAPGKEREGVSATTSSGDTTNYADSVKGRFTISRDNAKNTVYLQMNSLKPEDTAVYYCTAAITLPPYVYWGQGTQVTVSS
seq2896,QVKLQASGGGKVQSGGSLRLSCAASEESFNRYGVGWYRQAPGKERVFIANIRGRTGSTHYHASVAGRFALSRDIAKKTVYLQMNNLRPEDTAMYYCAADRSGGSTYQFWGQGTQVTVSS
seq2897,QVQLQESGGGSVQSGGSLTLSCAASRYTYRPRTMAWYRQAPGKEREFVSTISSNGNTKYRDSVKGRFTISQNNAKNTVYLQMNSLKPEDTAMYYCYMYNGDPFWGQGTQVTVSS
seq2898,QVQLVESGGGLVQAGGSLRLSCAASGRTFSSYGMAWFRQAPGKEREFVATISWAGGTTYYADSVKGRFTISRDNGKNTLFLQMNSLQPEDTAVYCCAASKQRYGGTSFRSYEYWGQGTQVTVSS
seq2899,QSGGGSVQAGGSLRLSCITSGYNFDSDCMGWFRQAPGEERDWIGVIFTGTSMTYYADSVKGRFAISQDNAKNTVYLQMDSLKPEDTAMYYCSAGRHPYGATCTIFWGQGTQVTVSS
seq2900,QVKLQESGGGVVQPGGSLKLSCAVSGVSISTYRMDWYRQAPGKQRELVAGITSASTPDYADSVKGRFAISRDNAKSLVYLQMNSLRPEDTAVYYCHAAKRNRYDREFWGQGTQVTVSS
seq2901,QVQLVESGGGLVQPGGSLRLSCAASGYFYSSNYSLGWFRQAPGKEREOVAQINIAPGRIYYADSVKGRFTISRDNSKNTLYLQMNSLRAEDTAVYYCASTAGNMYYGLRGPADFDYWGQGTLVTVSS
seq2902,QVQLVQSGGGLVQPGGSLRLSCAASGGISRVNVAGWYRQAPGQEREMVARIRSGGRIDYADFVKGRCTISRDDAKQTIYLQMDNLKPEDTAAYYCYGSLLQVGSFQYRDYWGQGTQVTVSS
seq2903,VQLVESGGGLVQAGGSLRLSCAVSGSILSFVAMGWSRQGPGKQREYVASITSSGNTNIADSVKGRFTISRDNAKNTLYLQMNSLKPEDTGVYYCTAWRSFADSRLASGQGTQVTVSS
seq2904,QVKLQASGGGLVQAGGSLRLSCAASGRTISMGWFRQAPGKEREFVSAMRWTSSNTYDAEFVKGRFTMSGDDAKNTVYLQMNSLKSEDTAVYYCAASTIPKSFSIMNPLKYDYWGQGTQVTVSS
seq2905,QVKLEESGGGLVQAGGSLRLSCAASERTFSRYPVAWFRQAPGAEREFVAVISSTGrSTYYADSVKGRFTISRDNAKVTVYLQMNNLKREDTAVYFCAVNSkRrRLQDPNEYDYWGQGTQVTVSS
seq2906,QVKLEESGGGLVQAGGSLRLSCAASERTFSRYPVAWFRQAPGAEREFVAVISSTGTSTYYADSVKGRFTISRDNAKVTVYLQMNNLKREDTAVYFCAVNSkRrRLQDPNEYDYWGQGTQVTVSS
seq2907,QVQLQESGGGLVQAGGSLRLSCAASGRSFSSYAMGWFRQAPGKEREFVATITWSGGSTYYADSVKGRFTISGDSAENTVYLQMNSLKPEDTAVYYCAADETSAPLYRAYEAQYDYWGQGTQVTVSS
seq2908,QVQLQESGGGLVQAGGSLRLSCAASGRTFSSYAMGWFRQAPGKEREFVAAISWNGSSTYYADSVKGRFTISRDNAKNTVYLQMNSLKPEDTAVYYCAANDLLVPELLMSRVEVYDYWGQGTQVTYSS
seq2909,QVQLQESGGGLVQTGGSLRLSCAASGSTVSSSMMAWWRQTPGNQRELVALVASGNNTNYVDSVKGRFTVSRDNAKNTMYLQMNSLKPEDTAVYYCRILSVNGIWYWGQGTQVTVSS
seq2910,DVQLVESGGGLVEAGGSLRLSCAASGRTFSPYVMGWYRQAPGNQRELVAVSTNSGASVNYANSVKGRFTISIDSVKKTTYLQMNSLKPEDTAVYFCNAYDGRYEDYYGQGTQVTVSS
seq2911,QVQLQESGGGLVQAGEYLRLSCKASGRTFGSFVMAWFRQAPGKEREFVASIRWADEHQYYGDSAKDREFTISRDTAKNTIYLQMNSLRSEDTAIYYCAAMSGRNLWSRDERSYDYWGQGTGVTVSS
seq2912,QVQLQESGGGLVQVGGSLRLSCAASGRTFSNYAMGWFRQAPGEEREFVAAISWSDNNTLYTDSVKGRFTISRDNAENTVYLQMNSLEPEDTAVYYCAAGRRPRLRVGLNEFDYWGQGTQVTVSS
seq2913,EVQLQASGGGLAQAGGSLQLSCAAPGRPVRTYTMGWFRQAPGKEREFVAANNWRGTRYAGSVRGRFSISRDNSKNTVYLQMNSLKPEDTAVYYCACAVTADLLLSGNYFRGDDYDYWGQGTQVTVS
seq2914,QVQLQESGGGLVQAGGSLRLSCAASGRTFSSYVMGWFRQAPGKERESVAAISWSGGSTYYADSVKGRFTISRDNAKNTLYLQMNSLKPEDTAMYHCAALTGYSDYAPIGQGTQVTVSS
seq2915,QVQLVESGGGSVQAGGSLRLSCTASGGSEYSYSTFSCGWFRQAPGQEREAVCAIASMGGLTYYADSVKGRFTCSRDNAKNTCTLQMNNLKPEDTAIYYCAAVRGYFMRLPSSHNFRYWGQGTQVTVSS
seq2916,QVKLQASGGGLVQAGGSLRLSCAASGRAFNGYSMAWFRQAPRKEREFVARIEWSDGTTSYSDPVKGRFTISGDRAKNTVYLQMNAMKPEDTAVYYCAQSAGRGRFDQWGHGTQVTVSS
seq2917,QVQLVESGGGSVQAGGSLRLSCTYSVYTYSSDSMAWFRQAPGKEREGVAGIYIGSGSTLYADSAKGRLTISQDKAKNTVYLQMNSLKPEDTALYYCAAGGNWYDGVLNVERAFAYWGQGTQVTVSS
seq2918,QVKLQASGGGLAQPGGSLTLSCAASGRTLDTYVMGWFRQAPGKEREFVAAIRWNGGNVYYGDSPKGRFTISRDSAKNTVYLQMNSLNSEDTAVYFCAARGPNPGTRYFYTDEKSTDWFRDWGQGTQVTVSS
seq2919,QVKLQASGGGLVQAGGSLRLSCAASGRTFSTSAMGWFRRAPGKERAFVAGISWNGARTYYADSVEGRFTISRDNAKNTVYLQMNSLNPEDTAVYYCAATNTGGSYYQPPDYEYEYWGQGTQVTVSS
seq2920,QVQLQESGGGLVQTGGSLRLSCAASGETFSSYAMGWFRQAPGQEREFVSTISLNSDSAFYADSVKGRFTISKGDAKNTVYLQMNDLKPEDTAVYYCAAGLLGARSNYYSHWGQGTQVTVSS
seq2921,QVQLQESGGGLVQPGGPLRLSCAASGFTFDNYAMGWFRQAPGKEREFVAAISWSAGTTYYADSVKGRFTISRDNAKNTVSLQMNSLKPEDTAVYYCAAAYDGITMVVEYTNEYEYDYWGQGTQVTVSS
seq2922,QVQLQESGGGSVQAGGSLRLSCAASSYTYSYSCMAWFRQAPGKERERVASIHTGTGTANYADSAKGRFTISQDIAANTVYLQMNSLKLEDTAMYYCAARPGSAALRCTTDYSKPHDFTYWGQGTQVTVSS
seq2923,QVQLQESGGGLVQPGGSLRLSCAASGSFFRTYIVSWYRQAPGKRREAVAVMSNSGNTNYADSVKGRFTISRDNAVNTVYLQMNSLKPEDTAVYYCNLLKVTVPPANYWGQGTQVTVSS
seq2924,QVQLQESGGGLVQAGGSLRISCAASGRTFSDYAMGWFRQAPGKEREFVAAISWNGDNTYYADSVKGRFTISRDNAKNTVYLQMNSLKPEDTAVYYCAANDLAVPGLLMPRVETYDYWGQGTQVTVSS
seq2925,QVKLQASGGGLVQPGGFLRLSCTGSGITYAIGWFRQAPGKEREGVACISASGDRTFVRDSAKGRFTVSRDNANNMVYMQIDGLNAEDTAVYYCAAEPSLTFGCSVNRNTYTYWGQGTQVTVSS
seq2926,QVKLQASGGGLVQPGGSLRLSCAASGSLFSVSSMGWYRQAPGKEREYVAAITSGSSTNYADFVKGRFTISRDNAKNMVYLQMNNLKPEDTAVYYCKLIRRSGPEYWGQGTQVTVSS
seq2927,dvqlqesgggsvqaggslrlscaasgdtfssysmawfrqapgkecelvsnilrdgtttyagsvkgrftisrddakntvylqmvnlksedtaryycaadsgtqlgyvgavglscldyvmdywgkgtqvtvss
seq2928,QVQLQESGGGLVQPGGSLRLSCVASGRTINNYGVVWFRQAPGKDRECVAAIGVIVVTTLYADSVKGRSTISRDNTKNTLYLQMNSLKPEDTAVYYCAAAAIKLPSSTTTVYYWGQGTQVTVSS
seq2929,QVKLQQSGGGSVQAGDSLRLSCAASGGSFSTLNMAWFRQAPGNEREVIIAISGSEDYGYYADSVKGRFTISKDSAKTTVYLQMNNLKPEDTAVYYCAATRRARNWLGAPFDYWGQGTQVTVSS
seq2930,QVQLQESGGGLVQAGGSLRLSCAASGTIISLNSMGWYRQAPGKQRELVAALTSGGTTNYADSVKGRFTISRVNAKNTVYLQMNSLKPEDTAVYYCNAKLITTAQGMVLASWGQGTQVTVSS
seq2931,QVQLVESGGGLVQPGGSLRLSCAVSGLEMQDYAIGWFRQAPGKEREGVSCINNDGSTTRYGDSVKGRFAMSRDNAKNTVYLQMNSLKPEDTAVYFCAAKSVWFCSVIRSDEFGSWGQGIQVTVSS
seq2932,QVKLQASGGGLVQAGGSLRLSCAASGRTLSVYRMGWFRQAPGKEREYVAAINWRGGGDTYIPASVKGRFTISRDNAENTMYLQMNSLEPEDTAVYYCAAGNRYGPTWIRDSEYNYWGRGTQVTVSS
seq2933,QVQLQESGGGLVQAGGSLRLSCAASRSITGISVMSWYRQTPGKQREWVATISASGITNYVDPVKGRFTISGDNAEGTVSLKMNNLKPEDTATYYCKMISRDMLSYWGQGTQVTVSS
seq2934,QVKLQASGGGSVHTGDSLRLSCAASGGTFERLNMAWFRQAPGKEREVINAVSGDGGYGYYADSVKGRFTISKDSAKTTVYLEMNNLKPEDTAIYYCAATRRARNWLGAPFDYWGQGTQVTVSS
seq2935,QVQLQESGGGLVQAGGSLRLSCAASRNITGISVMSWYRQTPGKQREWVATISASGITNYVDPVKGRFAISGDNAEGTVSLKMNNLKPEDTATYYCKMISRDMLSYWGQGTQVTVSS
seq2936,EVQLOESGGGSVQAGGSLRLSCAASGITTYTTYFMAWFRQAPGKEREGLAAINSRGDWTYYARSVKDRFTISQDNAKNTMYLLMNSLKPEDAAIYYCAAAPGAIYPPSISEYNIWGQGTQVTVSS
seq2937,EVQLVESGGGSVQAGGSLRLSCAASGYTYGSNSMGWFRQAPGKEREGVATIDRGGGRTLYTDSVKGRFTISQDNAKNTVYLQMNSLKPEDTAMYYCAADDNWRGDGLDPSDFDYWGQGTQVTVSS
seq2938,QVQLQESGGGLVQAGGSLRLACVASSTIFSINNMAWYRQAPGKQRELVARITAGGNTNYADSVKGRFTISKDKGKNTVRLQMNSLKPEDTGVYYCKCGGCGTPYSLSEDYWGQGTQVTVSS
seq2939,QVQLQESGGGLVQAGGSLRLSCAASGSTVSSSMMAWWRQTPGNQRELVALVASGNNTNYVDSVKGRFTVSRDNAKNTMYLQMNSLKPEDTAVYYCRILSVNGIWYWGQGTQVTVSS
seq2940,QVQLQESGGGLVQPGGSLRLSCAASGFTFSRYPMNWVRQAPGKGLEWVAAINSSGEATLYADSVKGRFTISRDNAKNTLYLQMTGLKPEDTAVYYCADDGKLLPQSTTTWYRGQGTQVTVSS
seq2941,QVQLQESGGGLVQAGGSLRLSCAASGSIFSIHAMGWYRQAPGKQRELVAAITSGGSTNYGDSVKGRFTISEDNAKNTVYLQMNGLKPEDTAVYYCAADNDGLGYVYWGQGTQVTVSS
seq2942,QVQLGESGGGSVQAGGSLRLSCAASGGTRSSHDMGWFRQAPGKEREFVAAIRWSGGSTYYADSVKGRFTISRDNAKNTVYLQMDSLKPEDTAVYYCAATWDLAGWNTVDEYDYWGQGTQVTVSS
seq2943,QVQLQESGGGSVQAGGSLRLSCAASGYIDSYYIVGWFRRAPGKQCELVSSIISRGSGDITNYADSVKGRFTISRDNPKNTVSLQMNSLKPEDTAVYYCAADRLDIATTTWPCLGQGTQVTVSS
seq2944,QVKLQASGGGSVQAGDSLRLSCAASGGSFSTLNMAWFRQAPGNEREVIIAISGNEDYGYYADSVKGRFTISKDSAKTTVYLQMNNLKPEDTAVYYCAATRRARNWLGAPFDYWGQGTQVTVSS
seq2945,DVQLVESGGGLVQPGGSLRLSCAASGFTFSSYYMSWARQAPGKGPEWVSTINTGGGRMGYADSVKGRFTISRDNTKNTLYLHMNSLKPEDTALYYCARGDYDDSLRRRYWGQGTQVTVSS
seq2946,QVQLQESGGGLVQAGDSLRLSCAASGRTSNKYHMAWFRQAPGKEREFVARITWSSGIMYYSDSVKGDLTISRDDAAKMVYLQMNSLKPEDTAVYYCAASKSWTDDSRYYDYWGQGTQVTVSS
seq2947,QVQLVESGGGLVEPGGSLRLSCAASGIIFKINDMGWYRQAPGKRREWVAASTGGDEAIYRDSVKDRFTISRDAKNSVFLQMNSLKPEDTAVYYCTAVISTDRDGTEWRRYWGQGTQVTVSS
seq2948,QVQLVESGGLVQPGGSLRLSCAASGIIFRINDMGWYRQAPGKRREWVAASTGGEEAIYRDSVKDRFTISRDNAKNSVFLQMNSLKPEDTAVYYCTAVISTDRDGTEWRRYWGQGTQVTVSS
seq2949,QVQLVETGGGLVQPGGSLRLSCAASGIIFRINDMGWYRQAPGKRREWVAASTGGEEAIYRDSVKDRFTISRDNAKNSVFLQMNSLKPEDTAVYYCTAVISTDRDGTEWRRYWGQGTQVTVSS
seq2950,QVQLVETGGGSVHPGGSLRLSCAASGFTFSSYAMSWVRQAPGKGLEWVSSISTRGGFETYADSVKGRFTISRDNAKNTLSLQMNSLKPEDTAVYYCIKGGGAIDSRPRGQGTQVTVSS
seq2951,EVQLVESGGGFVQAGESLTLSCTSSTLTFTPYRMAWYRQAPGKQRDLVADISSGDGRTTNYADFAKGRFTISRDNIKNTVFLRMTNLKPEDTAVYYCNTFVSFVGIARSWGQGTQVTVSS
seq2952,EVQLVESGGGLVQAGGSLTLSCTSSTLTFTPYRMGWYRQTPGKQRDLVADISPGDGSTKNYAGFAQGRFTISRDNIKNTVYLQMNDLKPEDTAVYYCNTYVAFVGRARTWGQGTQVTVSS
seq2953,EVQLVESGGGLVQAGDSLTLTCTSPTLTFTPYRMGWYRQAPGKQRDLVADISGGDGRTTNYADFAKGRFTISRDNVKNAVYLQMNNLKPEDTAIYYCNTYVAIVGHARSWGQGTQVTVSS
seq2954,EVQLVESGGGLVQAGGSLRLSCTSSTVTFTPYQMGWYRQAPGKQRALVADISTGGSRTNYADFAKGRFTISRDDVKNTVYLQMNNLKPEDTAVYYCNTYYAMIGHARNWGQGTQVTVSS
seq2955,EVQLVESGGGLVPAGGSLRLSCQFSGIDFNLNAMGWFRQAPGKQRELVAAITSADGRNYRDFVKGRFTISINDAKNTLYLQMDSLKPEDTAVYYCNTPFPTPSHYHWGQGTQVTVSS
seq2956,QVQLVESGGGLAQPGGSLRLSCAVSGFRFSFYQMTWVRQAPGKGLEWVADINSAGGTTYYADSVKGRFAISRDNAKNTLYLQMNSLKPEDTAVYYCAKGKFPVESRRHGGTAQWDEYDYWGQGTRVTVSS
seq2957,QVQLVESGGGLVQAGDSLRLSCVASGRSLDGATMRWYRQAPGKEREFVAGIFWDEIGTEYADTAKGRFTISRDNAKNTIYLQMTNLRSEDTAMYYCNGLVFGGEYWGQGTQVTVSS
seq2958,QVQLVESGGGWVQPGGSLRLSCAASGFTFSDTAMMWVRQAPGKGREWVAAIDTGGGYTYYADSVKGRFTISRDNAKNTLYLQMNSLKPEDTARYYCAKTYSGNYYSNYTVANYGTTGRGTLVTVSS
seq2959,QVQLVESGGGLVQPGGSLRLSCAASGFTFSNYDMSWVRQAPGKGLEWVSAISSGGGSTYYVDSVKGRFTISRDNAKNTVYLQMNSLKPEDTAVYYCATGSGPAFRLSGGSWSPRGDGSRGQGTLVTVSS
seq2960,QVQLVESGGGEVQAGGSLRLSCAASGRTFSRNVMGWFRQAPGKEREFLAAINWSGNSIGYRDSVKGRFTASRDNVNNTLYLRMNNLKPEDTAVYYCAARGSSDYDVAMQGHEYTYWGQGTQVTVSS
seq2961,QVQLVESGGGLVQPGGSLRLSCAASGFTFSDTWMNWVRQAPGKGLYWISAINPDGGNTAYADSVKGRFTISRDNAKNMVYLQMDNLRPEDTAMYYCAKGWVRLPDPDLVRGQGTQVTVSS
seq2962,QVQLVESGGGLVQAGGSLRLSCAASGSIFSINAMAWYRHRPGMQRERVAAISSGGTTSYADSVKGRFTISRDNARDTLYLQMNSLKPEDTAMYYCAACPGDYTSTICNSDGMDYWGKGTLVTVSS
seq2963,QVQLVESGGGLVQPGGSLRLSCVVSGGTMNAYAIGWFRQAPGKEREAVSCITSNSKYTNYADSVKGRFTISRDNAKSTAYLQMNSLEPEDTAVYYCAAAQFFNDGHQYCPNPNYWGQGTQVTVSS
seq2964,QVQLVESGGGLVQPGGSLRLSCTASGFTFSDSPMTWARQAPGKRLEWVSTISSDGEKIGYRDAVKGRFTISRDNAKNTLYLQMNSLKPEDTAVYYCLNVVLVGREVFSNGTLVTVSS
seq2965,QVQLVESGGGLVQPGGSLRLSCAAFGFTFSNYYMNWVRQAPGKGLEWISGINSGGGTTAYADSVKGRFTISRDNAKNTLYLQMNSLKPEDTAVYYCAKGAVRLVAGALRPADWGQGTQVTVSS
seq2966,QVQLVESGGGLVQPGGSLTLSCATSGFSLDYYSIGWFRQAPGKEREGVSCISSTGGSTNYVDSVKGRFTISRDNAKNTVYLQMNSLKPEDTGVYYCAAYRRSGAYCTSGGQDYWGKGTLVTVSS
seq2967,QVQLVESGGGLVQPGGSLRLSCAASGFTLDYYAIGWFRQAPGKEREGVACITSSEGSTYYADSVKGRFTISRDNAKNTVYLQMNSLKPEDTAVYYCAAAVTYASCNEYDYSGQGTQVTVSS
seq2968,QVQLVESGGGLVQPGGSLTLSCVISGFRMDIATMSWVRQAPGKGLEWVAGIINYRNFTWYSDSVKGRFTISTDTAKSEVYLQMNSLKSEDTAVYYCAHGGSDTATSRAIRGQGTQVTVSS
seq2969,QVQLVESGGGLVQPGGSLRLSCAVSGLTLDFKGIGWFRQAPGKEREGVSCINPSDSSAAYADSVKGRFTISRDNAKNTVYLQMNNLQPEDTAVYYCVAFEQKNIYCSGYSLTLSARGVMDHWGKGTLVTVSS
seq2970,QVQLVESGGGLVQPGGSLRLSCAASGFTLDYYAIGWFRQAPGKEHEGVSCISPSGGSTNYADSVKGRFTISRDNAKNTVYLQMNSLKPEDTAVYSCVAVARGTWGRG
seq2971,QVQLVESGGGLVQAGGSVRLSCAASGFTFSSYYMTWVRQAPGKGPEWVSAINTGGDATRYAESVKGRFTISRDNAKNMLYLQMNSLKPEDTALYYCGRVPGYSDYRQGYDYRGQGTLVTVSS
seq2972,QVQLVESGGGLVQPGGSLRLSCAASGFTFANYYMSWVRQAPGKGPEWVSAINTLGGKTKYADSVKGRFTISRDNAKSTLYLQMNSLKPEDTALYYCAREVTYYSGTYYLFGTKQEYDYRGQGTQVTVSS
seq2973,QVQLVESGGGLVQAGGSLRLSCAASGRTFSTYIMGWFRQAPGKEREFVAAITWIGGSTYYADSVKGRFTISRDYAKNTLYLQMNSLKPEDTAVYYCAAQMKFQITTMDSDYDYWGQGTQVTVSS
seq2974,QVQLVESGGGLVQDGGSLRLSCAASGRTFSVYAMGWFRQAPGKEREFVAAISWIGGSTYSADSVKGRFTISREYAKNTLYLQMNSLRPEDTAVYYCAAIFHREITTVPRKYDYWGQGTQVTVSS
seq2975,QVQLVESGGGLVQAGDSLRLSCTASGRTFSTYAMGWFRQAPGKEREFVAAISWIGGSTYYADSVKGRFTISRDYAENTLYLQMNSLKPEDTAVYYCAASTMRSIDFYVTDFGSWGQGTLVTVSS
seq2976,QVQLVESGGEAVQTGGSLRLSCAASGRTFSTYLMGWFRQAPGKEREFVAAISWIGGSTYYADSVKGRFTISRDYAENTLYLQMNSLKPEDTAVYYCAATFKWEVTTTPDGYDYWGQGTQVTVSS
seq2977,QVQLVESGGGLVQPGGSLRLYCAASGRTDTTYALGWFRQPPGKERQFVASITWIGGATNYAASVKGRFTISKDLGTNTFNLQMNSLTPDDTAVYYCAAAVVRQWPNAHQGAYDYWGQGTQVTVSS
seq2978,QVQLVESGGGLVQPGGSLRLSCVASGFTFSSAYMSWVRQAPGKGPEWVSTISTGGGIVNYADSVKGRFAISRDNAKNTLYLQMNKLKPEDTALYYCASNKGPHYHSDYFDSNLYDFWGQGTLVTVSS
seq2979,QVQLVESGGGLVQPGGSLRLSCAASGFTFSSYYMSWVRQAPGKGLEWVSDISTDGGRTLYADSVKGRFTISRDNAKNTLYLQMNSLKPEDTALYFCAREGWEDTITEEPNDENYWGKGTLVTVSS
seq2980,QVQLVESGGGLVQPGESLTLSCAASGFTFSNVAMSWVRQAPRKGLEWVSSISSDGGRTLYAASVKGRFTVSRDNAKNTLTLQMDSLKAEDTAVYYCTEEEGGTRGQGTQVTVSS
seq2981,QVQLVESGGGLVQAGGSLRLSCAASETIFSINVMGWFRQAPGKERELVAKISSVGSTYYADPVKGRFTISRDDTKNTLSLQMNSLKPEDTAMYYCAACARCFFVPRMTSAAAYGYWGQGTQVTVSS
seq2982,QVQLVESGGGLVQPGGSLRLSCAASGFTLDSYGIGWFRQAPGKARQAILCISSRGETTTYGDSVQGRFTSSRDNAKNTAYLQMNHLKPEDTAVYYCAAVRLSRGYLCRNYDMDYWGKGTQVTVSS
seq2983,QVQLVESGGGLVQPGGSLRLSCAASGFTLDYYAIGWFRLAPGKEREGVSCISSSGGSTNYADSVKGRFTISRNNAKNTVYLQMNSLKPEDTAVYYCALGVGDGSSCPDSAYEYAYWGQGTQVTVSS
seq2984,QVQLVESGGGLVQGGGSLRLSCAASRSIFSINAMGWYRQALGKERELVAAISSGGSTYYVDSVKGRFTISRDHVKNTLYLQMNSLKPEDTAMYYCAALQSWGSYPHDDYWGQGTQVTVSS
seq2985,QVQLVESGGGLVQPGGSLRLSCAASGFTFSSYAMTWVRQAPGKGLEWVGDINGVGNYTYYADSVKGRFTISRDNAKNTLYLQMNNLKPEDTAVYYCAPGGAATVVGGPYDYWGQGTQVTVSS
seq2986,QVQLVESGGGLVQPGGSLRLSCAASGFTLDYYAIGWFRQAPGKEREGVSCISSSSGRTDYVDSVKGRFTISRDNARNTVYLQMNSLKPEDTAVYYCAALERATMCPRDPTWYDYWGQGTQVTVSS
seq2987,RCKLQESGGGLVQAGGSLRLSCTAAGRTFSSYILAWFRQAPGEERKFVAGITGNGETGYSNSVKGRFTISRDNAKNTVLLQMNNLKPEDTAVYYCAAHSRSTYYYRGPDLYDYWGQGTQVTVSS
seq2988,QVQLVQSGGGLVQAGGSLRLSCTASGRTFGSYILAWFRQTPGEERKFVAGITGNGGTGYSDSVKGRFTISRDNAKNTVLLQMNNLKPEDTAVYYCAAHSRSSYYYKGPDLYDYWGQGTQVTVSS
seq2989,KVQLVEVWGRIGAKRGGSLRLSCTAAGRTFSSYILAWFRQAPGEERKFVAGITGNGETGYSNSVKGRFTISRDNAKNTVLLQMNNLKPEDTAVYYCAAHSRSIYYYRGPDLYDYWGQGTQVTVSS
seq2990,EVQLVESGGGLVQAGGSLRLSCTASGRTFSSYIFAWFRQAPGEERKFVAGITGNGGTGYSNSVKGRFTISRDNAKNTVLLQMNNLKPDDTAVYYCAAHSRSSYYYRGPDLYDYWGQGTQVTVSS
seq2991,EVQLVESGGGLVQPGGSLRLSCTAAGRTFSTYILAWFRQAPGEERKFVAGITGNGETGYSNSVKGRFTIARDNAKNTVFLQMNNLKPEDTAVYYCAAHSRSTYYYKGPDLYDYGQGTQVTVSS
seq2992,QVQLVQSGGGLVQAGGSLRLSCAASGRTFENYIMAWFRQAPGEERKFVAAITGNGGTGYADSVKGRFTISRDNAKNTVLLQMNSLKPEDTAVYYCAAHSRSSYYYKGPDLYDYWGQGTQVTVSS
seq2993,QVQLVQSGGGLVQAGGSRRLSCTASGRTFSSYILGWFRQAPGEERKFVAAITGNGGTGYADSVKGRFTISRDNAKNTVLLQMNSLKPEDTAVYYCAAHSRSSYYYRGPDLYDYWGQGTQVTVSS
seq2994,RLLLVQSGGGLVQAGGSLRLSCAASGRTFSNYAMYWFRQTPGKDREFVASISYSGTFTDYAGSVKGRFTISRDNAKNTLYLQMNSLRPEDTAVYYCSLDRHYWGPGTQVTVSS
seq2995,QVQLVQSGGGLVQAGGSLRLSCAASGRTFSNYAMYWFRQTPGKDREFVASISYSGTFTDYAGSVKGRFTISRDNAKNRLYLQMNSLKPEDTAVYYCSLDRLYWGQGTQVTVSS
seq2996,QVQLLESGGGLVQPGGSLRLSCAASGDNITPDNMAWVRQAPGKGLEWVSTIESTNGSTYYADSVKGRFTISRDNSKNTLYLQMNSLRAEDTAVYYCARGLGNRNDACWPSEQPMDYWGQGTLVTVSS
seq2997,QVQLLESGGGLVQPGGSLRLSCAASGDSVINQNMSWVRQAPGKGLEWVSGIEKPNGSTYYANSVKGRFTISRDNSKNTLYLQMNSLRAEDTAVYYCARVLGYSAKAFGYWGQGTLVTVSS
seq2998,QVQLLESGGGLVQPGGSLRLSCAASGFMLSYFMGWVRQAPGKGLEWVSAIYRGNGSTYYADSVKGRFTISRDNSKNTLYLQMNSLRAEDTAVYYCATLQGGFAHPVDFWGQGTLVTVSS
seq2999,QVQLLESGGGLVQPGGSLRLSCAASGDSVTNNMTWVRQAPGKGLEWVSGITGANGSTYYADFVKGRFTISRDNSKNTLYLQMNSLRAEDTAVYYCASPVLVRTSWGMNEMPSWGQGTLVTVSS
seq3000,QVQLLESGGGLVQPGGSLRLSCAASGDRVSDVMGWVRQAPGKGLEWVSSIYNPDGSTYYADSVKGRFTISRDNSKNTLYLQMNSLRAEDTAVYYCAGTPKEYTSLRSWGQGTLVTVSS
seq3001,QVQLLESGGGLVQPGGSLRLSCAAPGDRISHVMSWVRQAPGKGLEWVSSIGGAGGSTYYADSVKGRFTISRDNSKNTLYLQMNSLRAEDTAVYYCASAYRRGNEYLEYWGQGTLVTVSS
seq3002,QVQLLESGGGLVQPGGSLRLSCAASGVSLNNVMSWVRQAPGKGLEWVSTIRTQNGSTYYADSVKGRFTISRDNSKNTLYLQMNSLRAEDTAVYYCAANHSTNAYVGFLGQGTLVTVSS
seq3003,QVQLVESGGGLVQPGGSLRLSCAASGFTFANDAMTWVRQAPGKALEWVSSITLIGAGIPYYSDSVKGRFTISRDNTKNMLYLQMNSLKPEDTAVYYCAKGFKSDYPRGQGTQVTVSS
seq3004,QVQLVESGGGLVQPGGSLRLSCAASGFTFANDAMTWVRQAPGKALEWVSSITLIGGGIPYYSDSVKGRFTISRDNTKNMLYLQMNSLKPEDTAVYYCAKGFKSDYPRGQGAQVTVSS
seq3005,QVQLVESGGGLVQPGGSLRLSCAASGFTFANDAMTWVRQAPGKALEWVSSVTLIGGGIPYYSDSVKGRFTISRDNTKNMLYLQMNSLKPEDTAVYYCAKGFKTNYPRGQGTQVTVSS
seq3006,QVQLVESGGGLVQPGGSLRLSCAASGFTFSNDAMTWVRQAPGKALEWVSSITLLGGGTPYYSDSVKGRFTISRDNTKNMLYLQMNSLKPEDTAVYYCAKGFKSDYPRGQGTQVTVSS
seq3007,QVQLVESGGGLVQPGGSLRLSCAASGFTFANDAMTWVRQAPGKALEWVSSITLIGTGIPYYSDSVKGRFTISRDNTKNMLYLQMNSLKPEDTAVYYCAKGFKTNYPRGQGTQVTVSS
seq3008,QVQLVESGGGLVQPGGSLRLSCAASGFTFANDAMTWVRQAPGKALEWVSSITLIGGGIPYYSDSVKGRFTISRDNTKNMLYLQMNSLKPEDTAVYYCAKGFKSDYPRGQGTQVTVSS
seq3009,QVQLVESGGGLVQPGGSLRLSCAASGFTFSNDAMTWVRQAPGKALEWVSSITLLGGGIPYYSDTVKGRFTISRDNTKNMLYLQMNSLKPEDTAVYYCAKGFKSDYPRGQGTQVTVSS
seq3010,QVQLVESGGGWVQPGGSLRLSCAASGFSFASDAMTWVRQAPGKALEWVSSITLIGGGIPYYSDSVKGRFTISRDNTKNMLYLQMNSLKSEDTAVYYCAKGFKSDYPRGQGTQVTVSS
seq3011,QVQLVESGGGLVQPGGSLRLSCAASGFTFANDAMTWVRQAPGKALEWVSSITLIGAGIPYYSDSVKGRFIISRDNTKNMLYLQMNSLKPEDTAVYYCAKGFKSDYPRGQGTQVTVSS
seq3012,EVQLVESGGGLVQAGGSLRLSCAASGRTFSRTSMGWFRQAPGKEREFVAAINWGRGSTYYADSVKGRFTISRDNAKNTVYLQMNSLKPEDTAVYYCAAGQEGFYTLVPRNSRNWSYWGQGTQVTVSS
seq3013,EVQLVESGGGLVQPGGSLRLSCAASGNSLRIGTMAWYRQAPGKQREMVATVTSGGSIDYTDSVKGRFTISRDNAKNTVFLQMNSLKPEDTAVYYCYARSYYSASGAMYTVIWGQGTQVTVSS
seq3014,EVQLVESGGGLVQPGGSLRLSCAASGFTVDNYAIGWFRQAPGKEREGVSCISSGGWKFYPDSMKGRFSISRDNAKNTVYLQMNSLKPQDTAVYYCGTDLTNH
seq3015,QVQLVESGGGLVQAGGSLRLSCAASGFPVNTSEMAWYRQAPGKEREWVAAIESSGDETYYADSVKGRFTISRDNAKNTVYLQMNSLKPEDTAVYYCYVYVGGSYLGQGTQVTVS
seq3016,QVQLVESGGGLVQAGGSLRLSCAASGFPVSNEEMTWYRQAPGKEREWVAAIASNGNQTEYADSVKGRFTISRDNAKNTVYLQMNSLKPEDTAVYYCYVYVGASYIGQGTQVTVS
seq3017,QVQLVESGGGLVQAGGSLRLSCAASGFPVSHTEMTWYRQAPGKEREWVAAIESQGVYTHYADSVKGRFTISRDNAKNTVYLQMNSLKPDDTAVYYCYVYVGGGYIGQGTQVTVS
seq3018,QVQLVESGGGLVQAGGSLRLSCAASGFPVNGFNMEWYRQAPGKEREWVAAITSEGNYTYYADSVKGRFTISRDNAKNTVYLQMNSLKPEDTAVYYCYVYVGQSYIGQGTQVTVS
seq3019,QVQLVESGGGLVQAGGSLRLSCAASGFPVAQQEMTWYRQAPGKEREWVAAISSIGSITHYADSVKGRFTISRDNAKNTVYLQMNSLKPEDTAVYYCYVYVGASYIGQGTQVTVS
seq3020,QVQLVESGGGLVQAGGSLRLSCAASGFPVNHTRMYWYRQAPGKEREWVAAIQSHGQNTFYADSVKGRFTISRDNAKNTVYLQMNSLKPEDTAVYYCYVWVGNQYWGQGTQVTVS
seq3021,QVQLVESGGGLVQAGGSLRLSCAASGFPVNAEEMEWYRQAPGKEREWVAAISSSGDWTYYADSVKGRFTISRDNAKNTVYLQMNSLKPEDTAVYYCLVYVGSTYIGQGTQVTVS
seq3022,QVQLVESGGGLVQAGGSLRLSCAASGFPVKSYEMEWYRQAPGKEREWVAAISSYGEYTEYADSVKGRFTISRDNAKNTVYLQMNSLKPEDTAVYYCYVWVGDSYLGQGTQVTVS
seq3023,QVQLVESGGGLVQAGGSLRLSCAASGFPVGQQHMYWYRQAPGKEREWVAAIYSYGHITKYADSVKGRFTISRDNAKNTVYLQMNSLKPEDTAVYYCWVYVGDYYEGQGTQVTVS
seq3024,QVQLVESGGGLVQAGGSLRLSCAASGFPVESAEMEWYRQAPGKEREWVAAITSQGTITEYADSVKGRFTISRDNAKNTVYLQMNSLKPEDTAVYYCYVYVGASYIGQGTQVTVS
seq3025,QVQLVESGGGLVQAGGSLRLSCAASGFPVRTENMHWYRQAPGKEREWVAAIYSFGATMLYADSVKGRFTISRDNAKNTVYLQMNSLKPEDTAVYYCAVNVGEWYEGQGTQVTVS
seq3026,QVQLVESGGGLVQAGGSLRLSCAASGFPVQLYWMEWYRQAPGKEREWVAAITSDGDYTEYADSVKGRFTISRDNAKNTVYLQMNSLKPEDTAVYYCYVKVGEWYYGQGTQVTVS
seq3027,QVQLVESGGGLVQAGGSLRLSCAASGFPVENYYMRWYRQAPGKEREWVAAIESSGAETRYADSVKGRFTISRDNAKNTVYLQMNSLKPEDTAVYYCYVVVGWGYAGQGTQVTVS
seq3028,QVQLVESGGGLVQAGGSLRLSCAASGFPVATAEMVWYRQAPGKEREWVAAIMSAGQETEYADSVKGRFTISRDNAKNTVYLQMNSLKPEDTAVYYCYVWVGKSYIGQGTQVTVS
seq3029,QVQLVESGGGLVQAGGSLRLSCAASGFPVYEHYMRWYRQAPGKEREWVAAIQSHGNHTAYADSVKGRFTISRDNAKNTVYLQMNSLKPEDTAVYYCFVVVGNGYTGQGTQVTVS
seq3030,QVQLVESGGGLVRAGGSLRLSCAASGFPVASQEMTWYRQAPGKEREWVAAISSSGRQTEYADSVKGRFTISRDNAKNTVYLQMNSLKPEDTAVYYCYVYVGGSYIGQGTQVTVS
seq3031,QVQLVESGGGLVQAGGSLRLSCAASGFPVKASEMEWYRQAPGKEREWVAAIASIGYNTYYADSVKGRFTISRDNAKNTVYLQMNSLKPEDTAVYYCLVYVGATYIGQGTQVTVS
seq3032,QVQLVESGGGLVQAGGSLRLSCAASGFPVDYKSMWWYRQAPGKEREWVAAIDSAGDTTTYADSVKGRFTISRDNAKNTVYLQMNSLKPEDTAVYYCTVWVGTTYTGQGTQVTVS
seq3033,QVQLVESGGGLVQAGGSLRLSCAASGFPVYNEEMTWYRQAPGKEREWVAAIASYGRLTEYADSVKGRFTISRDNAKNTVYLQMNSLKPEDTAVYYCYVYVGQSYIGQGTQVTVS
seq3034,QVQLVESGGGLVQAGGSLRLSCAASGFPVKESEMTWYRQARGKEREWVAAINSHGMTTHYADSVKGRFTISRDNAKNTVYLQMNSLKPEDTAVYYCYVYVGGSYIGQGTQVTVS
seq3035,QVQLVESGGGLVQAGGSLRLSCAASGFPVNHYEMEWYRQAPGREREWVAAIMDSTGYETAYADSVKGRFTISRDNAKNTVYLQMNSLKPEDTAVYYCYVYVGASYIGQGTQVTVS
seq3036,QVQLVESGGGLVQAGGSLRLSCAASGFPVESENMHWYRQAPGKEREWVAAIYSTGGWTLYADSVKGRFTISRDNAKNTVYLQMNSLKPEDTAVYYCAVQVGYWYEGQGTQVTVS
seq3037,QVQLVESGGGLVQAGGSLRLSCAASGFPVSTAEMEWYRQAPGKEREWVAAISSSGTWTYYADSVKGRFTISRDNAKNTVYLQMNSLKPEDTAVYYCYVWVGSSYLGQGTQVTVS
seq3038,QVQLVESGGGLVQAGGSLRLSCAASGFPVESTEMTWYRQAPGKEREWVAAIESEGHGTEYADSVKGRFTISRDNAKNTVYLQMNSLKPEDTAVYYCYVYVGAGYIGQGTQVTVS
seq3039,QVQLVESGGGLVQAGGSLRLSCAASGFPVGQENMHWYRQAPGKEREWVAAIYSYGNFTLYADSVKGRFTISRDNAKNTVYLQMNSLKPEDTAVYYCEVXVGVWYAGLGTQVTVS
seq3040,QVQLVESGGGLVQAGGSLRLSCAASGFPVKASEMVWYRQAPGKEREWVAAILSQGHATEYADSVKGRFTISRDNAKNTVYLQMNSLKPEDTAVYYCYVWVGRSYIGQGTQVTVS
seq3041,QVQLVESGGGLVQAGGSLRLSCAASGFPVYSAEMEWYRQAPGKEREWVAAISSYGTNTYYADSVKGRFTISRDNAKNTVYLQMNSLKPEDTAVYYCYVYVGSSYIGQGTQVTVS
seq3042,QVQLVESGGGLVQAGGSLRLSCAASGFPVHYTYMRWYRQAPGKEREWVAAIKSYGQHTTYADSVKGRFTISRDNAKNTVYLQMNSLKPEDTAVYYCEVVGETYRGQGTQVTVS
seq3043,QVQLVESGGGLVQAGGSLRLSCAASGFPVWYKEMEWYRQAPGKEREWVAAITSAGHHTYYADSVKGRFTISRDNAKNTVYLQMNSLKPEDTAVYYCYVYVGESYIGQGTQVTVS
seq3044,QVQLVESGGGLVQAGGSLRLSCAASGFPVWSAEMTWYRQAPGKEREWVAAINSHGRITEYADSVKGRFTISRDNAKNTVYLQMNGLKPEDTAVYYCYVYVGKSYIGQGTQVTVS
seq3045,QVQLVESGGGLVQAGGSLRLSCAASGFPVAHKSMWWYRQAPGKEREWVAAIESTGDTTRYADSVKGRFTISRDNAKNTVYLQMNSLKPEDTAVYYCVVWVGEVYRGQGTQVTVS
seq3046,QVQLVESGGGLVQAGGSLRLSCAASGFPVKTAEMEWYRQAPGKEREWVAAISSTGKSTFYADSVKGRFTISRDNAKNTVYLQMNSLKPEDTAVYYCHVYVGRTYIGQGTQVTVS
seq3047,QVQLVESGGGLVQAGGSLRLSCAASGFPVNYTIMFWYRQAPGKEREWVAAIKSTGEHTLYADSVKGRFTISRDNAKNTVYLQMNSLKPEDTAVYYCNVKDAGQGWQEYDYWGQGTQVTVS
seq3048,QVQLVESGGGLVQAGGSLRLSCAASGFPVEWKHMTWYRQAPGKEREWVAAIASTGAYTHYADSVKGRFTISRDNAKNTVYLQMNSLKPEDTAVYYCNVKDWGSKTTYYDYWGQGTQVTVS
seq3049,QVQLVESGGGLVQAGGSLRLSCAASGFPVYNTWMEWYRQAPGKEREWVAAITSYGFHTYYADSVKGRFTISRDNAKNTVYLQMNSLKPEDTAVYYCNVKDEGNTTAYYDYWGQGTQVTVS
seq3050,QVQLVESGGGLVQAGGSLRLSCAASGFPVYWAHMTWYRQAPGKEREWVAAIVSSGAYTAYADSVKGRFTISRDNAKNTVYLQMNSLKPEDTAVYYCNVKDFGTQEHYYDYWGQGTQVTVS
seq3051,QVQLVESGGGPVQAGGSLRLSCAASGFPVMWSHMHWYRQAPGKEREWVAAIVSYGAYTIYADSVKGRFTISRDNAKNTVYLQMNSLKPEDTAVYYCNVKDFGGYRYYYDYWGQGTQVTVS
seq3052,QVQLVESGGGLVQAGGSLRLSCAASGFPVQGTWMEWYRQAPGKEREWVAAITSVGYRTYYADSVKGRFTISRDNAKNTVYLQMNSLKPEDTAVYYCNVKDEGAIAKNYDYWGQGTQVTVS
seq3053,QVQLVESGGGLVQAGGSLRLSCAASGFPVEHQHMHWYRQAPGKEREWVAAIVSTGHYTIYADSVKGRFTISRDNAKNTVYLQMNSLKPEDTAVYYCNVKDWGDTSQYYDYWGQGTQVTVS
seq3054,QVQLVESGGGLVQAGGSLRLSCAASGFPVYNTWMEWYRQAPGKEREWVAAITSWGFKTYYADSVKGRFTISRDNAKNTVYLQMNSLKPEDTAVYYCNVKDEGYTGYYYDYWGQGTQVTVS
seq3055,QVQLVESGGGLVQAGGSLRLSCAASGFPVEWTHMHWYRQAPGKEREWVAAIASSGAYTVYADSVKGRFTISRDNAKNTVYLQMNSLKPEDTAVYYCNVKDWGSQDRYYDYWGQGTQVTVS
seq3056,QVQLVESGGGLVQAGGSLRLSCAASGFPVERKHMLWYRQSPGKEREWVAAIVSYGNYTTYADSVKGRFTISRDNAKNTVYLQMNSLKPEDTAVYYCNVKDHGFNTVLYDYWGQGTQVTVS
seq3057,QVQLVESGGGLVQAGGSLRLSCAASGFPVAGTWMEWYRQAPGKEREWVAAITSYGYRTYYADSVKGRFTISRDNAKNTVYLQMNSLKPEDTAVYYCNVKDEGKSSQVYDYWGQGTQVTVS
seq3058,QVQLVESGGGLVQAGGSLRLSCAASGFPVNYTIMFWYRKAPGKEREWVAAIKSHGATTLYADSVKGRFTISRDNAKNTVYLQMNSLKPEDTAVYYCNVKDVGNDQKSYDYWGQGTQVTVS
seq3059,QVQLVESGGGLVQAGGSLRLSCAASGFPVVWAHMHWYRQAPGKEREWVAAITSEGAHTIYADSVKGRFTISRDNAKNTVYLQMNSLKPEDTAVYYCNVKDWGTYSTYYDYWGQGTQVTVS
seq3060,QVQLVESGGGLVQAGGSLRLSCAASGFPVAHWWMEWYRQAPGKEREWVAAIFSEGNWTHYADSVKGRFTISRDNAKNTVYLQMNSLKPEDTAVYYCNVKDTGATQFAYDYWGQGTQVTVS
seq3061,QVQLVESGGGLVQAGGSLRLSCAASGFPVHYTHMHWYRQAPGKEREWVAAIASSGAYTVYADSVKGRFTISRDNAKNTVYLQMNSLKPEDTAVYYCNVKDWGTYNTYYDYWGQGTQVTVS
seq3062,QVQLVESGGGLVQAGGSLRLSCAASGFPVQYEHMHWYRQAPGKEREWVAAIVSEGAYTHYADSVKGRFTISRDNAKNTVYLQMNSLKPEDTAVYYCNVKDWGWLAQYYDYWGQGTQVTVS
seq3063,QVQLVESGGGLVQAGGSLRLSCAASGFPVKETWMHWYRQAPGKEREWVAAITSFGYKTYYADSVKGRFTISRDNAKNTVYLQMNSLKPEDTAVYYCNVKDAGDVTHQYDYWGQGTQVTVS
seq3064,QVQLVESGGGLVQAGGSLRLSCAASGFPVNYNWMEWYRQAPGKEREWVAAITSWGYKTYYADSVKGRFTISRDNAKNTVYLQMNSLKPEDTAVYYCNVKDEGMWQHYYDYWGQGTQVTVS
seq3065,QVQLVESGGGLVQAGGSLRLSCAASGFPVYATVMHWYRQAPGKEREWVAAIYSTGMWTLYADSVKGRFTISRDNAKNTVYLQMNSLKPEDTAVYYCNVKDEGYDYYYYDYWGQGTQVTVS
seq3066,QVQLVESGGGLVQAGGSLRLSCAASGFPVWNTWMEWYRQAPGKEREWVAAITSYGFKTYYADSVKGRFTISRDNAKNTVYLQMNSLKPEDTAVYYCNVKDEGNSQSHYDYWGQGTQVTVS
seq3067,QVQLVESGGGLVQAGGSLRLSCAASGFPVEMWSMEWYRQAPGKEREWVAAIMSFGYQTWYADSVKGRFTISRDNAKNTVYLQMNSLKPEDTAVYYCNVKDAGNSKALYDYWGQGTQVTVS
seq3068,QVQLVESGGGLVQAGGSLRLSCAASGFPVEHDHMHWYRQAPGKEREWVAAIVSQGAYTVYADSVKGRFTISRDNAKNTVYLQMNSLKPEDTAVYYCNVKDWGRAGARYDYWGQGTQVTVS
seq3069,QVQLVESGGGLVQAGGSLRLSCAASGFPVDAAWMEWYRQAPGKEREWVAAITSYGYRTYYADSVKGRFTISRDNAKNTVYLQMNSLKPEDTAVYYCNVKDMDRWRTTYDYWGQGTQVTVS
seq3070,QVQLVESGGGLVQAGGSLRLSCAASGFPVVAWQMTWYRQAPGKEREWVAAIRSFGVSTHYADSVKGRFTISRDNAKNTVYLQMNSLKPEDTAVYYCNVKDWGYEYEGYDYWGQGTQVTVS
seq3071,QVQLVESGGGLVQAGGSLRLSCAASGFPVQHEWMEWYRQAPGKEREWVAAITSYGYRTYYADSVKGRFTISRDNAKNTVYLQMNSLKPEDTAVYYCNVKDTGTYQAWYDYWGQGTQVTVS
seq3072,QVQLVESGGGLVQAGGSLRLSCAASGFPVEQEHMYWYRQASGKEREWVAAIVSEGAYTAYADSVKGRFTISRDNAKNTVYLQMNSLKPEDTAVYYCNVKDWGGYQWYYDYWGQGTQVTVS
seq3073,QVQLVESGGGLVQAGGSLRLSCAASGFPVNAEIMFWYRQAPGKEREWVAAIKSAGTTTLYADSVKGRFTISRDNAKNTVYLQMNSLKPEDTAVYYCNVKDYGAQAHYYDYWGQGTQVTVS
seq3074,QVQLVESGGGLVQAGGSLRLSCAASGFPVYNRYMLWYRQAPGKEREWVAAITSYGYHTTYADSVKGRFTISRDNAKNTVYLQMNSLKPEDTAVYYCNVKDYGQHQQVYDYWGQGTQVTVS
seq3075,QVQLVESGGGLVQAGGSLRLSCAASGFPEVNTWMEWYRQAPGKEREWVAAITSYGYRTYYADSVKGRFTISRDNAKNTVYLQMNSLKPEDTAVYYCNVKDEGSQSWAYDYWGQGTQVTVS
seq3076,QVQLVESGGGLVQAGGSLRLSCAASGFPVMWAHMAWYRQAPGKEREWVAAIVSAGAYTHYADSVKGRFTISRDNAKNTVYLQMNSLKPEDTAVYYCNVKDWGTYNSYYDYWGQGTQVTVS
seq3077,QVQLVESGGGSVQAGGSLRLSCAASGTITNIGYLGWFRQAPGKEREGVAALKTYDGYTYYADSVKGRFTVSLDNAKNTVYLQMNSLKPEDTALYYCAAARHGRDEPLSYMYYSYWGQGTQVTVS
seq3078,QVQLVESGGGSVQAGGSLRLSCAASGYISEISYLGWFRQAPGKEREGVAALITGWGHTYYADSVKGRFTVSLDNAKNTVYLQMNSLKPEDTALYYCAAAQTGAWYPLETYIYHYWGQGTQVTVS
seq3079,QVQLVESGGGSVQAGGSLRLSCAASGNIQHIKYLGWFRQAPGREREGVAALMTRYGQTYYADSVKGRFTVSLDNAKNTVYLQMNSLKPEDTALYYCAAAHYGDNFPLAYQAYLYWGQGTQVTVS
seq3080,QVQLVESGGGSVQAGGSLRLSCAASGKIYQIGYLGWFRQAPGKEREGVAALMTTDGYTYYADSVKGRFTVSLDNAKNTVYLQMNSLKPEDTALYYCAAARHGRERPLHYWYYSYWGQGTQVTVS
seq3081,QVQLVESGGGSVQAGGSLRLSCAASGYINQIYYLGWFRQAPGKEREGVAALNTYQGQTYYADSVKGRFTVSLDNAKNTVYLQMNSLKPEDTALYYCAAARWGRDEPLYHYYYSYWGQGTQVTVS
seq3082,QVQLVESGGGLVQAGGSLRLSCAASSFPVDTYHMAWYRQAPGKEREWVAAIVSWGWRTYYADSVKGRFTISRDNAKNTVYLQMNSLKPEDTAVYYCNVKDIGAQEVHYDYWGQGTQVTVS
seq3083,QVQLVESGGGSVQAGGSLRLSCAASGSISSITYLGWFRQAPAKSVRAVAALDTEQGETYYADSVKGRFTVSLDNAKNTVYLQMNSLKPEDTALYYCAAANQHGGYYPLDSAWYTYWGQGTQVTVS
seq3084,QVQLVESGGGSVQAGGSLRLSCAASGYIKSIKYLGWFRQAPGKEREGVAALMTRYGETYYADSVKGRFTVSLDNAKNTVYLQMNSLKPEDTALYYCAAANYGNNWPLTGVNYWYWGQGTQVTVS
seq3085,QVQLVESGGGSVQAGGSLRLSCAASGYIHTIEYLGWFRQAPGKEREGVAALYTLKGQTYYADSVKGRFTVSLDNAKNTVYLQMNSLKPEDTALYYCAAARWGRDTPLHYQYYSYWGQGTQVTVS
seq3086,QVQLVESGGGSVQAGGSLRLSCAASGYIHRIEYLGWFRQAPGKEREGVAALSTISGNTYYADSVKGRFTVSLDNAKNTVYLQMNSLKPEDTALYYCAAARFGRAYPLHYYQYTYWGQGTQVTVS
seq3087,QVQLVESGGGSVQAGGSLRLSCAASGTINSIHYLGWFRQAPGKEREGVAALDTYIGYTYYADSVKGRFTVSLDNAKNTVYLQMNSLKPEDTALYYCAAARWGRTSPLHWYYYTYWGQGTQVTVS
seq3088,QVQLVESGGGSVQAGGSLRLSCAASGGITHIVYLGWFRQAPGKEREGVAALMTRWGTTYYADSVKGRFTVSLDNAKNTVYLQMNSLKPEDTALYYCAAAKYGQNFPLSYHAYRYWGQGTQVTVS
seq3089,QVQLVESGGGSVQAGGSLRLSCAASGYIKHIEYLGWFRQAPGKEREGVAALKTSSGSTYYADSVKGRFTVSLDNAKNTVYLQMNSLKPEDTALYYCAAARYGRSDPLHYHEYSYWGQGTQVTVS
seq3090,QVQLVESGGGSVQAGGSLRLSCAASGSISSITYLGWFRQAPGKEREGVAALVTSRGKTYYADSVKGRFTVSLDNAKNTVYLQMNSLKPEDTALYYCAAASWGYTWPLYTYDYWYWGQGTQVTVS
seq3091,QVQLVESGGGSVQAGGSLRLSCAASGTIASIIYLGWFRQAPGKEREGVAALNTWNGKTYYADSVKGRFTVSLDNAKNTVYLQMNSLKPEDTALYYCAAAYSGMWYPLSNEHYGYWGQGTQVTVS
seq3092,QVQLVESGGGLVQAGGSLRLSCAASGFPVWAHHMLWYRQAPGKEREWVAAIASWGANTAYADSVKGRFTISRDNAKNTVYLQMNSLKPEDTAVYYCNVKDSGQYRENYDYWGQGTQVTVS
seq3093,QVQLVESGGGSVQAGGSLRLSCAASGAINQIYYLGWFRQAPGKEREGVAALSTKYGETYYADSVKGRFTVSLDNAKNTVYLQMNSLKPEDTALYYCAAARWGRQYPLTFVYYSYWGQGTQVTVS
seq3094,QVQLVESGGGSVQAGGSLRLSCAASGHIAQIEYLGWFRQAPGKEREGVAALSTNQGYTYYADSVKGRFTVSLDNAKNTVYLQMNSLKPEDTALYYCAAARWGRTYPLSYMAYTYWGQGTQVTVS
seq3095,QVQLVESGGGSVQAGGSLRLSCAASGYITMIEYLGWFRQAPGKEREGVAALNTHTGGTYYADSVKGRFTVSLDNAKNTVYLQMNSLKPEDTALYYCAAARWGRYEPLHYAYYSYWGQGTQVTVS
seq3096,QVQLVESGGGSVQAGGSLRLSCAASGNIYNIKYLGWFRQAPGKEREGVAALMTRYGETYYADSVKGRFTVSLDNAKNTVYLQMNSLKPEDTALYYCAAASYGANWPLVSAAYTYWGQGTQVTVS
seq3097,QVQLVESGGGSVQAGGSLRLSCAASGAISTIEYLGWFRQAPGREREGVAALYTERGYTYYADSVKGRFTVSLDNAKNTVYLQMNSLKPEDTALYYCAAARYGHAQAPLHYFWYGYWGQGTQVTVS
seq3098,QVQLVESGGGSVQAGGSLRLSCAASGSISSITYLGWFRQAPGKEREGVAALVTSDGRTYYADSVKGRFTVSLDNAKNTVYLQMNSLKPEDTALYYCAAANWGYSWPLYQTEYWYWGQGTQVTVS
seq3099,EVQLQASGGGFVQPGGSLRLSCAASGRTFRRTAMGWFRQAPGKEREFVSAISADPNWHSYYADSVKGRFTISRDNSKNTVYLQMNSLRAEDTATYYCATWYGKPKKHYWGQGTQVTVSS
seq3100,EVQLQASGGGFVQPGGSLRLSCAASGSTWFREIMGWFRQAPGKEREFVSAISSDPTWHAYYADSVKGRFTISRDNSKNTVYLQMNSLRAEDTATYYCAPLAGTESIHWWDPWHESSYWGQGTQVTVSS
seq3101,EVQLQASGGGFVQPGGSLRLSCAASGDTWSLEIMGWFRQAPGKEREFVSAISSEDGWHAYYADSVKGRFTISRDNSKNTVYLQMNSLRAEDTATYYCAKIENWIQAVEGEMSDYWGQGTQVTVSS
seq3102,EVQLQASGGGFVQPGGSLRLSCAASGYYSYSSTMGWFRQAPGKEREFVSAISFYSDMAHYYADSVKGRFTISRDNSKNTVYLQMNSLRAEDTATYYCAAFSKLGKIKYWGQGTQVTVSS
seq3103,QVQLQESGGGSVQDGGSLRLSCAASGYAYDTYYMGWFRQAPGKEREGVAGITSLVSGVAYYKYYTDSVKGRFTIFRDDDKNTVDLQMNSLKPEDTAIYYCAASRSGLRARLLRPELYEYWGQGTQVTVSS
seq3104,QVQLQESGGGSVQAGGSLRLSCVASGDTYSSACMGWFRQAPGKEREGVATICTSTSMRTRYYADAVKARFTISQDNAKNTVYLQMNSLKPEDIAMYYCATGHTVGSSWRDPGAWRYWGQGTQVTVSS
seq3105,QVQLQESGGGSVQAGGSLRLSCAAAGLSYRPGYMGWFRQAPGKEREGVAIITTGGVTHYADSVKGRFTISRDNGKSTVYLQMNSLKNEDTAMYYCGLANWVQFPLRVDGYKYWGQGTQVTVSS
seq3106,QVQLQESGGGSLQAGASLRLSCAASGFAYSTYSMGWFRQVSGKEREGVATINSGTFRLWYTDSVKGSFTISRDNAKNMLYLQMNSLKPEDTAIYYCAARAWSPYSSTVDAGDFRYWGQGTQVTVSS
seq3107,QVQLQESGGGSVQSGGSLRLSCVASGYRLNLNCMGWFRQAPGKEREGVATIASDSYGRYADSVRGRFAISQDNAKNTLYLQMNTLNPEDTATYYCAAWRGDCGIPDMLRTDNYRGQGTQVTVSS
seq3108,QVQLQESGGGSVHSGGSLRLSCLAAGYTDRNYCMGWFRQAPGSQREGVAVIDSAGNTAYADSVKGRFTISQDNAKNTLWLRMNTLKPEDTAMYYCAAIAKEYNRGGYYCRSSGRVDYWGQGTQVTVSS
seq3109,QVQLQESGGDSVQAGGSLKLSCAASGYIFSTCGMGWYRQAPGKERELLSTRSIDGTTRYADSVKGRFTISQDRAKHTLYLQMNSLKTEDTAVYYCRAGGGSGSWCPGNYWGQGTQVTVSS
seq3110,QVQLQESGGGLAQPGGSLRLSCAASGNTDSLYCMAWFQQAPGKDRKRVARLCVDGTIDYADSVKGRFTISRDNAKRTLYLQMNSLKPEDTAMYYCAARQELRITYPYWGRGTQVTVSS
seq3111,QVQLQESGGGSVQAGGSLKLSCAASGYIASGCGMGGMAWYRQAPGKERELVSTISRDGIRYIGAVKGRFTISRDSAKNTLYLQMSSLKTEDTGVYYCAACRRSIDDYTYWGQGTQVTVSS
seq3112,QVQLQESGGGLVQAGGSLRLSCAASGYISDAYYMGWYRQAPGKEREFVATITHGTNTYYADSVKGRFTISRDNAKNTVYLQMNSLKPEDTAVYYCAVLETRSYSFRYWGQGTQVTVSS
seq3113,QVQLQESGGGLVQAGGSLRLSCAASGNISWVYGMGWYRQAPGKEREFVAAINYGSITNYADSVKGRFTISRDNAKNTVYLQMNSLKPEDTAVYYCAVAYATYAVFDPYFWYWGQGTQVTVSS
seq3114,QVQLQESGGGLVQAGGSLRLSCAASGSISYYSSMGWYRQAPGKERELVASIDTGTSTYYADSVKGRFTISRDNAKNTVYLQMNSLKPEDTAVYYCAVYTSWYSPYIYWGQGTQVTVSS
seq3115,QVQLQESGGGLVQAGGSLRLSCAASGSISYDGHMGWYRQAPGKERELVAGIDFGGITYYADSVKGRFTISRDNAKNTVYLQMNSLKPEDTAVYYCAADPGVQSSSLETFFTFFLYWGQGTQVTVSS
seq3116,QVQLQESGGGLVQAGGSLRLSCAASGTIFYDTAMGWYRQAPGKERELVATIDDGTSTYYADSVKGRFTISRDNAKNTVYLQMNSLKPEDTAVYYCAAYSHTYTIFPWTLFYWGQGTQVTVSS
seq3117,QVQLQESGGGLVQAGGSLRLSCAASGTIFGTVLMGWYRQAPGKEREFVAGISVGGSTNYADSVKGRFTISRDNDTVYLQMNSLKPEDTAVYYCAVFDISFLVFPWSHDYWGQGTQVTVSS
seq3118,QVQLQESGGGLVQAGGSLRLSCAASGTISYYYGMGWYRQAPGKERELVAAIADGSSTYYADSVKGRFTISRDNAKNTVYLQMNSLKPEDTAVYYCAVFELRGFLWDWYYTYWGQGTQVTVSS
seq3119,QVQLQESGGGLVQAGGSLRLSCAASGYIFITVPMGWYRQAPGKEREFVASIDYGTTTYYADSVKGRFTISRDNAKNTVYLQMNSLKPEDTAVYYCAVHDINSYLSLEGFWVDHVYWGQGTQVTVSS
seq3120,QVQLQESGGGLVQAGGSLRLSCAASGNISYWYYMGWYRQAPGKEREFVAGIDGGSNTYYADSVKGRFTISRDNAKNTVYLQMNSLKPEDTAVYYCAALAWRDSYSDPWFYYWGQGTQVTVSS
seq3121,QVQLQESGGGLVQAGGSLRLSCAASGNIFSYYYMGWYRQAPGKERELVAAIGVGANTNYADSVKGRFTISRDNAKNTVYLQMNSLKPEDTAVYYCAVTNPWYWIGVPAADSYYDYWGQGTQVTVSS
seq3122,QVQLQESGGGLVQAGGSLRLRCAASGSISVYFFMGWYRQAPGKERELVASINPGGNTYYADSVKGRFTISRDNAKNTVYLQMNSLKPEDTAVYYCAVPVLGYATAINYHWYWGQGTQVTVSS
seq3123,QVQLQESGGGLVQAGGSLRLSCAASGSIFRQDLMGWYRQAPGKEREFVAGIGQGTSTYYADSVKGRFTISRDNAKNTVYLQMNSLKPEDTAVYYCAVARQLWDYYYDTHYYWGQGTQVTVSS
seq3124,QVQLQESGGGLVQAGGSLRLSCAASGSIFGDVDMGWYRQAPGKEREFVAAIAYGGSTYYADSVKGRFTISRDNAKNTVYLQMNSLKPEDTAVYYCAAHSWVTDYYPFEHYYWGQGTQVTVSS
seq3125,QVQLQESGGGLVQAGGSLRLSCAASGYIFLRLTMGWYRQAPGKERELVATITTGGNTYYADSVKGRFTISRDNAKNTVYLQMNSLKPEDTAVYYCAAPVPIFRSLGTFFGPNHWYWGQGTQVTVSS
seq3126,QVQLVESGGGLVQAGGSLRLSCAASGRTFSNYAMGWFRQAPGKEREFVAAISWTGVSTYYADSVKGRFTISRDNDKNTVYVQMNSLIPEDTAIYYCAAVRARSFSDTYSRVNEYDYWGQGTQVTV
seq3127,QVQLVESGGGLVQAGGSLRVSCAASGRTYSDYAMGWFRQAPGKERDFVAGISGSGGDTYYADSVKGRFTISRDNAKNTMYLQMNSLKPEDTAVYFCAARTGTVLFTSRVDYRYWGQGTQVTV
seq3128,QVQLVESGGGLVQAGGSLRLSCAASGSIFSSNAMAWYRQTPEKQRELICDITRGGITKCADSVKGRFTISRDNTKNTVYLQMNSLKSEDTAVYYCAAKSEGYFGFPRVENEYPYWGQGTQVTV
seq3129,QVQLVESGGGLVQAGGSLRLSCAASGRTFSTSAMAWFRQAPGKEREFAAGITWISSSTYYTDSVKGRFTISRDNAKNTVYLQMNSLKPEDTAVYYCAAKSEGYFGFPRVENEYPYWGQGTQVTV
seq3130,QVQLVESGGGLVQHGGSLRLSCVTSGFTFDIHDMGWFRQAPGKERDIVARISKSGDITYYADSVKGRFIISRDNTKNTVYLQMNSLKPEDTAVYYCAATLRATITSFDEYVYRGQGTQVTVS
seq3131,DVQLVESGGGLVQAGGSLRLSCAASGRTFSTSAMGWFRQAPGKEREFVARITWSAGYTAYSDSVKGRFTISRDKAKNTVYLQMNSLKPEDTAVYYCASRSAGYSSSLTRREDYAYWGQGTQVTVS
seq3132,QVQLVESGGGLVQAGDSLQLSCAFSGGTFSTYAMGWFRQAPGKEREFVGGISRSGATTNYEDSVKGRFTISKDNTKNTVYLQLNSLKPEDTAVYYCAARNNILPVTTIDKYEYWGQGTQVTV
seq3133,DVQLVESGGRSVRAGDSLRLSCLASGGTFSLYAMGWFRQAPGKEREFVAAVTWSGGSTYYTDSVKGRFSISRDNAKNTVYLQMNSLKPEDTAVYYCAVRTSGFFGSIPVTERAFDYWGQGTQVTVS
seq3134,GEGLVQAGGSLRLSCAASGRTFNSYPMAWFRQAPGKEREFVAALGWSGGSTDYADSVKGRFTISRDNSKNTVYLEMNSLKPDDTGVYYCALRRRGGVYNTYSGEKDYDYWGQGTQVTVS
seq3135,QVQLVESGGGLVQAGGSLRLSCAASGRTYSISAMGWFRQAPGKEREFVAGISRSGGTTYYADPVKGRFTISRDNAKNTVYLQMNSLKPEDTAVYYCAARARGWTTFPAREIEYDYWGQGTQVTV
seq3136,QVQLVESGGRLVQAGDSLRLSCAASGRTFSTSAMAWFRQAPGREREFVAAITWTVGNTILGDSVKGRFTISRDRAKNTVDLQMDNLEPEDTAVYYCSARSRGYVLSVLRSVDSYDYWGQGTQVTVS
seq3137,DVQLVESGGGLVQAGGSLRLSCAASGRTISMAAMSWFRQAPGKEREFVAGISRSAGSAVHADSVKGRFTISRDNTKNTLYLQMNSLKAEDTAVYYCAVRTSGFFGSIPRTGTAFDYWGQGTQVTVS
seq3138,QVQLVESGGGLVQTGGSLKLSCTASVRTLSYYHVGWFRQAPGKEREFVAGIHRSGESTFYADSVKGRFTISRDNAKNTVHLQMNSLKPEDTAVYYCAQRVRGFFGPLRSTPSWYDYWGQGTQVTVS
seq3139,QVQLVESGGGLVQAGGSLRLSCAASGPTGAMAWFRQAPGKEREFVGGISRSGTDTYYVDSVKGRFTIDRDNAKNTVYLQMNSLKPEDTAVYYCAARRSQILFTSRTDYEFWGQGTQVTV
seq3140,QVQLVESGGGLVQAGGSLRLSCAASGPTGAMAWFRQAPGMEREFVGGISGSETDTYYADFVKGRLTVDRDNVKNTVDLQMNSLKPEDTAVYYCAARRRVTLFTSRADYDFWGQGTQVTVS
seq3141,DVQLVESGGGLVQPGGSLRLSCAASGEIASIIAIGWYRQAPGKQRESVALITRSGMITYGDSAQGRFTISRDDAKNTVYLHMDDLVPEDTAVYYCNAKKVSFGDYWGQGTQVTVS
seq3142,QVQLVESGGGLVQAGASMRLSCAASGITFSLYHWVWFRQAAGREHEFVAGIIRSGGETLSADSVKDRFIISRDDAKNTLYLQMNMLQPEDTATYYCAATHRADWYSSAFREYIFRGQGTQVTVS
seq3143,DVQLVESGGGLVQAGGSLRLSCTASGLTISTYNIGWFRQAPGKEREFVGIIIRNGDTTYYADSVKGRFTISRDNAKNTVYLQMNSVKPADAAVYSCGATVRAGAAAEQYNSYIFRGQGTQVTV
seq3144,QVQLVESGGGLVQAGAALRLSCAASGGTFSFYNMGWFRQAPGKEREFVVSISRSGGGTAYADSVKGRFTISRDNAKNTAYLQMNSLKPEDTAVYYCAAGLRDWGREGEPHYWGQGTQVTVS
seq3145,QVQLVESGGGLVQAGGSLRLSCAASGRTFSTSAMGWFRQAPGREREFVAAITWTVGNTIYGDSMKGRFTISRDRTKNTVDLQMDSLKPEDTAVYYCTARSRGFVLSDLRSVDSFDYKGQGTQVTVS
seq3146,DVQLVESGGGLVQAGGSLRLSCTVSGRTFSNYAMGWFRQAPGKEREFVAGISWTGGHTLYTDSVKGRFTISRDNAKNTVYLQMNSLKPEDTALYYCAADRAADFFAQRDEYDYWGQGTQVTVS
seq3147,QVQFVESGGGTVQDGDFLRLSCTASGDTFSNYHAGWFRQPPGREREFVAAISWTGEGTLYADSVKGQFTISRDNAKNAMYLQMNRLKPEDTAVYYCAAARSVGFTWRSSKSNDYAYWGQGTQVTV
seq3148,DVQLVESGGGLVQAGGSLRLSCAASGPTGAMAWFRQAPGKEREFVGGISGSETDTYYVDSVKGRFTVDRDNVKNTVYLQMNSLKPEDTAVYYCAARRRITLFTSRTDYDFWGRGTQVTV
seq3149,DVQLVESGGGLVQAGDSLRLSCAASGPTGAMAWFHQGLGKEREFVGGISPSGDNIYYADSVKGRFTIDRDNAKNTVSLQMNSLKPEDMGVYYCAARRRVTLFTSRTDYEFWGRGTQVTVS
seq3150,DVQLVESGGGLVQPGGSLRLSCEASGGAFSTVAMGWFRQAPGKEREFVGAITWTAGSTYYADSAKGRFTISRDNAKNTVHLQMNSLKPEDTAVYYCAQRVRGFFGPLRTTPSWYEYWGQGTQVTVS
seq3151,QVQLVQSGGGLVQAGGSLRLSCAASGRTFSDIAVGWFRQTPGKEREFVAAISWSGLIINYGDSVEDRFTISRDNAKSAVYLQMNSLKPEDTAVYYCAARIGMNYYYAREIEYPYWGQGTQVTVSK
seq3152,QVQLVESGGSLVQPGGSLRLSCAASGRFAESSSMGWFRQAPGKEREFVAAISWSGGATNYADSAKGRFTLSRDNTKNTVYLQMNSLKPDDTAVYYCAANLGNYISSNQRLYGYWGQGTQVTVSS
seq3153,QVQLVESGGGLVQAGGSLRLSCVASGSAPSFFAMAWYRQSPGNERELVAALSSLGSTNYADSVKGRFTISMDNAKNTVYLQMNNVNAEDTAVYYCAAGDFHSCYARKSCDYWGQGTQVTV
seq3154,QVQLVESGGGLVQAGGSLRLSCAVSGRPFSEYNLGWFRQAPGKEREFVARIRSSGTTVYTDSVKGRFSASRDNAKNMGYLQLNSLEPEDTAVYYCAMSRVDTDSPAFYDYWGQGTQVTVST
seq3155,QVQLVESGGGLVQAGDSLRLSCAVSGRTFSSNVIGWFRQAPGKEREFVAAISWSTGSTYYGRS
seq3156,DVQLVESGGGLVQPGGSLRLSCEASGFSFDDYAIGWFRQAPGKEREGVSYISMSDGRTYVADS
seq3157,QVQLVESGGGLVQAGGSLRLSCAASGRTFSSYAMGWFRQAPGKEREFVAVISWSTGSTYYAGSVKGRFTISRDNAKNTVYLQMNSLKPEDTAVYYCAATLDWGKTLSYEYDYWGQGTQVTVSS
seq3158,QVQLVESGGGLVQAGGSLRLSCAASESTFSNYAMGWFRQAPGPEREFVATISQTGSHTYYRNSVKGRFTISRDNAKNTVYLQMNNMKPEDTAVYYCAAGDNYYYTRTYEYDYWGQGTQVTVSS
seq3159,QVQLVESGGGLVQPGGSLRLSCVHSGSIFSDNAMGWYRQAPGNQRERVALITSGGNTNYADSVKGRFTISRDNSKSTVYLQMDSLMPEDTAVYYCNTPYMRKEDEYWGPGTQVTVSS
seq3160,QVQLVESGGGLVQAGDSLRLSCAASGRTFSGYAVAWFRQAPGKEREFVAVIWRSGTGAYYVHADYAESVRGRFTISIDNAKNTVYLQMNSLKLEDTAVYYCAATTRGVALIRPAGYDYWGQGTQVTVSS
seq3161,QVQLVESGGGLVQPGGSLRLSCVASGSIFSRAVMGWYRQAPGKQRELVATITIHGYTTYADSVKGRFTISRDSAKNTVYLQMNSLKPEDTAVYYCNALRGIPNDYWGPGTQVTVSS
seq3162,DVQLVESGGGLVQAGGSLRLSCVASGRTFSINTLSWFRQAPGKVREFVSGIEWSSGWPTYADSVKGRFTISREPAKNTVYLQMTNLTPEDTAVYYCAARRSAVGTYEYWGQGTQVTVSS
seq3163,DVQLVESGGGLVQAGTSRRLSCVASGTSFSRRQMGWFRQAPGKERTFVAAISGSGNWLDVTDSLQGRFTISRDNAKNTVYLQMNDLKPEDTAVYYCVSKEPTRWDSTLSGDVRGYSYWGPGTQVTVSS
seq3164,QVQLVESGGGLVQPGGSLRLSCVASGRTFNTPDMGWFRQAPGNQREFVGRIRTSDGRTYYADSVKGRFTISRDAAKKTMYLQMNSLKPEDTAVYYCASRERIGQDYDYWGQGTQVTVSS
seq3165,QVQLVESGGGLVHPGGSLRLSCAASGRTFSDYALGWFRQAPGKDREFVAAISWSGGSTYYADSVQGRFTISRDNDKNSVYLQMNSLKPEDTAVYYCAADKYYTGPGGESVYDYWGRGTQVTVSS
seq3166,QVQLVESGGGLVQAGDSLRLSCAYSGRTFSGYRMGWFRQAPGKEREYVGGPTSSSGKIYYADSVNGRFTISRDYAKNTVYLQMNSLKPEDTAVYYCAAARTTTALYEYWGQGTQVTVSS
seq3167,QLQLVESGGGLVQAGGSLRLSCAASGRTFSSYAMGWFRQAPGKEREFVAVVNWSGRRTYYADSVKGRFTISRDNAKNTVYLQMNSLKPEDTAVYNCAAGKWDGSYYGAPDYWGQGTQVTVSS
seq3168,QLQLVESGGGLVQAGGSLRLSCAASGRTFSSYAMGWFRQAPGKEREFVAAISWSGGSTYYTDSVKGRFTINRDNAKNTVYLQMNSLKPEDTAVYYCAAGFWSGNYYRTPDYWGQGTQVTVSS
seq3169,DVQLVESGGGSVLTGGSLRLSCAAPGITVRMYCMAWFRQPPGQEREMVATVNRIDRAGGRTYYADSVKGRFTISQDNAKDTLYLQMNSLKPEDTAIYLCAARDFGCDSGSAQGTEFAYWGRGTQVTVSS
seq3170,DVQLVESGGGSVLTGGSLRLSCAAPGITARMYCMAWFRQPPGQEREMVATVNRIDRAGGRTYYADSVKGRFTISQDNAKDTLYLQMNSLKPEDTAIYLCAARDFGCVSGSAQGTEFAYWGRGTQVTVSS
seq3171,DVQLVESGGGSVLTGGSLRLSCAAPGITYRMYCMAWFRQPPGQEREMVATVNRIDRAGGRTYYADSVKGRFTISQDNAKDTLYLQMNSLKPEDTAIYLCAARDFGCFSGSAQGTEFAYWGRGTQVTVSS
seq3172,DVQLVESGGGSVLTGGSLRLSCAAPGITLRMYCMAWFRQPPGQEREMVATVNRIDRAGGRTYYADSVKGRFTISQDNAKDTLYLQMNSLKPEDTAIYLCAARDYGCSSGSAQGTEFAYWGRGTQVTVSS
seq3173,DVQLVESGGGSVLTGGSLRLSCAAPGITVRMYCMAWFRQPPGQEREMVATVNRIDRAGGRTYYADSVKGRFTISQDNAKDTLYLQMNSLKPEDTAIYLCAARDYGCYSGSAQGTEFAYWGRGTQVTVSS
seq3174,DVQLVESGGGSVLTGGSLRLSCAAPGITYRMYCMAWFRQPPGQEREMVATVNRIDRAGGRTYYADSVKGRFTISQDNAKDTLYLQMNSLKPEDTAIYLCAARDIGCASGSAQGTEFAYWGRGTQVTVSS
seq3175,DVQLVESGGGSVLTGGSLRLSCAAPGITYRMYCMAWFRQPPGQEREMVATVNRIDRAGGRTYYADSVKGRFTISQDNAKDTLYLQMNSLKPEDTAIYLCAARDTGCTSGSAQGTEFAYWGRGTQVTVSS
seq3176,QVKLQASGGGLVQAGGSLRLSCAASGRTFNNYVMGWFRQAPGKEREFIAAITGSGRTTTFPDSVKGRFTISRDNAKNTAYLQMNSLKPEDTAVYSCAADLNISRLQHYPDGVAYWGKGTQVTVSS
seq3177,QVKLQASGGGLVQAGGSLRLSCAASGGTLSNYVMGWSRQAPGKEREFIAAITWSGRTTTFPDSVKGRFTISRDNAKNTAYLQMTSLKPEDTAVYSCAADLNISRLQYYPDGVAYWGKGTQVTVSS
seq3178,QVKLQASGGGLVQAGDSLRLSCAASRRTFSEYTLAWFRQAPGKEREFVTGISYNGVTTWYADSVKGRFTISRDNAKNTLYLRMNSLKREDTAVYYCAADPRTADYSGSYRYWGQGTQVTVSS
seq3179,QVKLQASGGGSVQAGGSLRLTCAASGRPFSTVYMGWFRQAPGKEREFVIGIDSNGGITYARNSVKGRFTISRDNAKNSVYLQMNDLKPEDTAVYYCVADTKRGAGHWDSWGQGTQVTVSS
seq3180,QVKLQASGGGLVQAGGSLRLSCAASGRTFRNVVMGWFRQAPGKEREFIAAITWSGRTTTFPDSVKGRFTISRDNAVNTVYLQMNSLKPDDTAVYSCVADMNISRLEELSDGIDYWGKGTQVTVSS
seq3181,QVKLQASGGGLVQPGGSLRLSCAGSGSGFSIIPMGWYRQAPGNEREFVATISMGGNIE~YADSVKGRFTISRDNAKPTMALQMNSLKPEDTAVYYCNANIRRYGTNRWNIEWGQGTQVTVSS
seq3182,QVKLQASGGGLVQAGGSLRLSCTASGRPGSTYYMGWFRQAPGKEREFVIGIDSNGGITYPRNSVKGRFTISRDNAKNTIYLQMNDLKPEDTAVYYCVADTGRGAGHWDSWGQGTQVTVSS
seq3183,QVKLQASGGGLVQTGGSLRLSCAASGRTTSISDMGWFRQAPGRERQFVTAISWSIGSTWYADSVKGRFTISRDNAENMVFLQMNSLKPEDTAVYYCAARSSGSTFYETVGQGTQVTVSS
seq3184,QVKLQASGGGLVQAGGSLRLSCAASGRTFSNYVMGWFRQAPGKEREFIVAITWSGRTTTFPDSVKGRFTISRDNAKNTAYLQMNSLKPEDTAVYSCAADLNISRLQHYPDGVAYWGKGTQVTVSS
seq3185,QVKLQASGGGLVQAGDSLRLSCAASGRTFSNYAMAWFRQAPGEERAFVAGISTRSGSTYYTSSVRGRFTISRDNANNTVYLHMNSLKPEDTAVYYCALSMDSGHYYDIRVDQWHYWGQGTQVTVSS
seq3186,QVKLQASGGGEVQAGGSLRLSCAVSGLTFSSYSMGWFRQAPGKEREFVAAIHRAGVNTYYADSVKGRFTISRDNGKNMVYLQMNSLKPEDTAVYYCATGPRLRFATPRTSTDYASWGQGTQVTVSS
seq3187,QVKLQASGGGTVQSGGSLRLSCVASGRALNEYTVGWFRQAPGKEREFAGAISRSGSSTYYADSVRGRFTISRDNTKNTVHLQMNRLKPEDSGVFYCAAYGRPYSISFRTKASEYDYWGQGTQVTVSS
seq3188,QVKLQASGGGLVQAGGSLRLSCAVSGRTWSISDMGWFRQAPGKEREFVTAVSWSIGTTWYADSVKGRFTISRDNAESMVFLDMTSLKPEDTAVYYCAARLSDRSFYDTLGQGTQVTVSS
seq3189,QVKLQASGGGLVQPGGSLRLSCAASGFALSSYWMYWVRQAPGKGLDWVSGISPDGGRTYYADSVKGRFTISRDNAKNTLTLQMNSLKSEETAVYYCVRDVGAGTGYTFGSWGQGTQVTVSS
seq3190,QVKLQASGGGLVQPGGSLRLSCSASGFSFSGYYMHWVRQAPGKGLEWISAITSLGKLTYYSDSVKGRFTISRDNAKNTLYLHMNSLESDDTAVYYCVKDQGSGRARPDYWGQGTQVTVSS
seq3191,QVKLQASGGGLVQAGGSLRLSCAASGRSFRNVVMGWFRQAPGKEREFIAAITWSGRTTTFPDSVKGRFTISRDNAVNTVYLQMNSLKPDDTAVYSCVADMNISRLEELSDGIDYWGKGTLVTVSS
seq3192,QVKLQESGGGLVQAGGSLRLSCAASGRPFSTYYMGWFRQAPGKEREFIIGIDSNGGITYARTSVKGRFTISRDNAKNTVYLQMNDLKPEDTAVYYCVADTGRGAGHWDSWGQGTQVTVSS
seq3193,QVKLQESGGGLVQAGDSLRLSCAASRRTFSEYTLAWFRQAPGKEREFVTGISYNGVTTWYADSVKGRFTISRDNAKNTLYLQMNSLKREDTAVYYCAADPRTADYSGSYRYWGQGTQVTVSS
seq3194,QVKLQASGGGSVQAGGSLRLSCTASGSTFRNYAVG~WFRQAPGKERECVSSITWPDGMDVYYSWSVKGRFTISRDTAKNTVYLQMDSLKPEDTALYYCAVDLRARACTRLELYEYWGQGTQVTVSS
seq3195,QVKLQASGGGLVQPGGFLRLSCTGS~GITYAIGWFRQAPGKEREGVACISASGDRTFVRDSAKGRFTVSRDNANNMVYMQIDGLNAEDTAVYYCAAEPSLTFGCSVNRNTYTYWGQGTQVTVSS
seq3196,QVKLQASGGGLVQPGGSLRLSCVGSGRTFTNSRMGWFRQAPGKE~REFVSVVSWSGETTYYSDSVKGRFTISRDNAKNTVYLQMNSLKPEDTAVYFCAADFPPLTHWHTRPSVYDYWGQGTQVTVSS
seq3197,QVKLQASGGGLVQAGGSLRLSCGVSGHTLSGVVAGWIRQAPGKD~REFVAALSGSGLSTYYADSVKGRFTISRDNAKNTVYLQMDSLQPEDTAVYYCAASPEGPVRTPASYRFWGQGTQVTVSS
seq3198,QVKLQASGGGLVQPGGSLRLSCVGSGSVLSQNAMAWYRQAPGKQREVVAVIGSRGTISYA~DSVKGRFIISRDNAKNMVDLQMNSLKPEDTAVYFCHTRGPNTNWVVYWGQGTQVTVSS
seq3199,QVKLQASGGGLVQAGGSLRLSCAASGRPLRLYQVGWFRQAPEKE~REFVGRFLWNQNYTIYSRSLPGRFTISRDNAENTVYLQMNNLQPEDTAVYFCAADITGGGHNYAYWGQGTQVTVSS
seq3200,QVKLQASGGGLVQPGGSLRLSCVGSGGVLSQNAMAWYRQAPGKQ~REVVAVIGSRGTISYADSVKGRFIISRDNAKNMVDLQMNSLKPEDTAVYFCHTRGPNTNWVVYWGQGTQVTVSS
seq3201,QVKLQASGGGKVQSGGSLRLSCAASEESFNRYGVGWYRQAPGKERVFIA~NIRGRTGSTHYHASVAGRFALSRDIAKKTVYLQMNNLRPEDTAMYYCAADRSGGSTYQFWGQGTQVTVSS
seq3202,QVKLQESGGGSVQAGGSLRLSCAASGRAASNHAMGWFRQAPGKEREFVVLISWSGRSTYYADSVKGRFTISRDFAQNAVNLQMNSLKPEDTGVYYCAAVRQYGTSWYQFREDTSRYDY~WGQGTQVTVSS
seq3203,QVKLQASGGGLVQAGGSLRLSCAASGRTTSSYAMG~WFRQAPGKEREFVAAHSWAGPSTSYADSVKGRFTISRDNAENMVYLQMDSLKPEDTAVYYCTARATRVGVGSFAFSSPGSYPYWGQGTQVVSS
seq3204,QVKLQASGGGLVQAGDSLRLSCAASGRTSNPYAVA~WFRQAPGEEREFVAVINWAGDTDRYRNFEKGRFTISRDNAKNTAYLQMVSLKPEDTAVYYCAARLTRLGVGSWDSDKEDMYQYWGLGTQVTVSS
seq3205,QVKLQASGGGLVQAGGSLRLACAASGFTFSSYAMG~WFRRGPGVEREFLAAITRDGFESMYGDSVKGRFTISRENAKSTVFLQMNSLKPEDTAVYYCAASRNYMYHDMPPISEDYRGQGTQVTVSS
seq3206,QVKLQASGGGLVQAGGSLRLSCTASGRSVSRYFMG~WFRQAPGKEREFVAAITWRDGITGYADSVQGRFIVSRDNAQNTVYLQMHRLQPEDTAVYYCGAASYYEGEIRNLAPAYWGQGTQVTVSS
seq3207,QVKLQASGGGLVQAGGSLRLSCAASGRAFNGYSMA~WFRQAPRKEREFVARIEWSDGTTSYSDPVKGRFTISGDRAKNTVYLQMNAMKPEDTAVYYCAQSAGRGRFDQWGHGTQVTVSS
seq3208,QVKLQASGGGLVQPGGSLRLTCVASESIVSFRAMS~WYRQAPGKQREAVATISNGGNIGYADSVKGRFTISRDNAKNTVYLQMNSLKPEDTGVYYCKARRDYGADHWGNGTQVTVSS
seq3209,DVQLVESGGGLVQAGGSLRLSCAASGRTFGSTMAWFRQAPGKERDFVAAITWSADRISYADSVKGRFTISRDNDKNIVHLQMNSLKPEDTAVYVCAARASSNTYDDPRSFAFWGQGTQVT
seq3210,HVQLVESGGGLVQAGGSLRLSCAASGRTFSSYAMSWVRQAPGKGQEWVAGIQREGTETNYADSVKGRFTISRDNAKRTLYQMNNLKPEDTGVYYCAKVLGRPYGSRWLDDVDSWGRGTQVTVSS
seq3211,QVQLVESGGGLVQAGGSLRLSCSASGFDFSHNTWAWYRQAPGKQRELVATISNSGSTNYA
seq3212,EVEVVASGGGLVQPGGSLRLSCAASGFTVSSYGMNWVRQAPGKGLEWVSLIYSSGSTGYADSVKGRFTISRDNAKNTLYLQMNSLKPEDTAVYYCAKYTTGYGMDYWGKGTQVTVSS
seq3213,EVEVVQSGGGLVQPGGSLRLSCAASGFTFGSYAMNWVRQAPGKGPEWVSDIDSGGGFTYYVDSVKGRFTISRDNAKNTLYLQMNSLEPEDTAVYYCLKDHRVYDRGNYYYRAEETAHWGQGTLVTVSS
seq3214,EVELLASGGDLVQPGGSLRLSCAASGFTFSTYAMSWVRQAPGKGLERVSRVNQNGGTTTYADAMKGRFTISRDNAKNTLYLQMINVKPEDTAIYYCARWDGGSWSYDPWGRGTLVTVSS
seq3215,EVEVEESGPGLVKPSQTLSLTCTVSGDSITIAYAYWNWIRQPPRKGLEWVGAIADSGTTYYSPSLKSRTSIARDTSKNQFTLQLKSVTPEDTAVYYCARVGPTGNQSPIPCGHYWGQGTLVTVST
seq3216,QVQVLPSGGGLVQPGGSLRLSCAASGFTFSNFAMTWVRQAPGKGLEWVSSINMYGSTSYADSVKGRFTISSDNAKNTLYLQMNSLKPEDTAVYYCADMDYGMDYWGKGTLVTVSR
seq3217,QVQVVASGGGLVQPGGSLRLCAASGFTFSSYDMSWVRQAPGKGLEWVSGINTSGGSTYYADSVKGRFTISRDNAKNTLYLRMNSLKPEDTALYYCARGPVPYGLETLYEHDYLGQGTQVTVST
seq3218,QVEVQASGGGLVQAGGSLRLSCAASRSIDDINVMGWYRQVPGKTRELVAVFISGGSITTYADSVKGRFTISKDNAKNTVYLQMNNLLAQDTAVYYCGAKFQYGTSTYWGQGTQVTVSS
seq3219,EVQLVQSGGGLVQAGGSLRLSCAASGSTFSMYHMSWFRQAPGKQREPVATSHHGGTTNYAGSVKGRFTIFRDNAKNTVYLQMNSLKPEDTGVYYCKADHGYNGRGYWGQGTQVTVKP
seq3220,VQLVESGGGLMQAGGSLRLSCAVSGRTFSTAAMGWFRQAPGKEREFVAAIRWSGGSAYYADSVKGRFTISRDKAKNTVYLQMNSLKYEDTAVYYCASSSVTRSLLSDYATWPYDYWGQGTQVTVSS
seq3221,EVQLVESGGGLVQPGGSLRLSCAASGRTFSSLSMGWFRQAPGKERAFVAALTRNGGYRYYADSVKGRFTISRDVAKKTLYLQMNSLKPEDTAVYYCAADSLSGSDYLGTNLDYWGQGTQVTVSS
seq3222,QVQLQESGGGLVRPGGSLRLSCEASGTTFRSLVMKWYRQAPGKEREWVAFISSPGDRTRYTEAVKGRFTISRDNAKNALYLQMNGLKPEDTAVYYCNANGIYWGKGTQVTVSS
seq3223,QVQLVESGGGVVQAGRSLTLSCAYSGVTVNVYRMGWFRQAPGKEREFVANINWSGNNRDYADSVRGRFTISRDNSKNTLYLQMNSLRAEDTAVYYCASEKPGRLGEYDYGSQGTLVTVSS
seq3224,EVQLVESGGGLVHPGGSLRLSCAASERTFGNDAGGWFRQAPGKERDFVAAITSGGSTDYANSVKGRFTISRDNAKNTVYLQMNSLRPEDTAVYYCAADSNVNTVKLGWGRYWGQGTQVTVSS
seq3225,EVQLVESGGGLVQAGGSLSLSCSASGSIFSINSMGWYRQTPGNQRELVATITSGGRTNYADSVKGRFTISRDNAKNTAYLQMLGLKPEDTAVYYCNADVRWATRRRPTYNYWGQGTQVTVSS
seq3226,EVQLVESGGGLVQAGGSLRLSCAASGRTFSSYAMGWFRQAPGKEREFVAAISWSGGSTYYADSVKGRFTISADNAKNTVYLQMNSLKPEDTAVYYCAAERYRYSGYYARDSWGQGTQVTVSS
seq3227,QVQLVESGGGLVQPGGSLRLSCTASGISFSISTMGWYRQAPGKQRELVATITSGGEAYYANSMKDRFTISRDNAENTVYLQMNRLKPEDSAVYYCNTKFPWSTDWNARGQGTQVTVSG
seq3228,QLQLVESGGGLVQPGGSLRLSCAASGFTFGSYDMSWVRQAPGKGPEWVSRITSGGGSTYADSVKGRFTISRDNAKNTLSLQMNSLKSEDTAVYYCAAGQYSDGYYPYDYWGQGTQVTVSS
seq3229,EVQLVESGGGLVQPGGSLRLSCAASGLTIDDYAIGWFRQAPGKEREGVSSIRDNGGSTYYADSVKGRFTISSDNSKNTVYLQMNSLRPEDTAVYYCAAVPAGRLRFGEQWYPIYEYDAWGQGTLVTVSS
seq3230,QVQLQESGGGLVQPGGSLRLSCAASESTFSINAVAWYRQAPGKRRELVAGISGGGVTNYPDSVKGRFTVSRDNAKNIVYLQMSSLKPEDTAVYYCNLWPPRASPGGRVYWGQGTQVTVSS
seq3231,QVQLQESGGGLVQAGGSLRLSCAASGSTFGIDFMGWYRQAPGKSRDLVARISRAGTTAYADSVKDRFTISIDNAKNTVYLQMNNLKPEDTGVYYCAAESEDILGEIGSWGQGTQVTVSS
seq3232,EVQLVESGGGLVQPGGSLRLSCAASGRINSMNWYRQAPGKEREWVASITSSGTTIYADSVKGRITISEDNAKNTVYLQMNSLKTEDTGVYYCAANLRNARGSYYGQGTQVTVSS
seq3233,EVQLVESGGGLVEAGGSLRLSCAAAGRTLSSYSMAWFRQAPGKEREFVAIIRGNPSRTYHSDSVKGRFTASRDNAKNTVYLQMNRLEPEDTAVYYCAADPPPFASDYSAPQSYDYWGQGTQVTVSS
seq3234,QVQLQESGGGLVQAGGSLRLSCAASGITFRRKAIGWYRQAPGKQRELVARIDSDDITDYADSVKGRFSISRDNAKNMVYLQMNSLKSEDTAVYYCNLRGSNYWGQGTQVTVSS
seq3235,DVQLVESGGGMVQPGGSLRLSCAASGFIFSRHDMHWVRQGPGKGPEWVSLITTGGEGTWYVDSVKGRFSISRDNAKNTVYLQMNALKPEDTAVYYCAAHRAEIPREICYGDSLSYNYWGQGTQVTVSS
seq3236,QVQLQESGGGLVQAGGSLRLSCSASGSTFSTFSRYAMAWYRQAPGQQREWVAGISSGGSTTYADSAKGRFTISRDNAKNTVYLQLHSLKPEDTAVYYCNMRQLPSWSQLLGSWGQGTQVSVSS
seq3237,QVKLEESGGGLVQPGGSLRLSCETSATIVSIYRINWYRQAPGKQREWVAGITSSGRTIYADSVKGRFTISRDNAKNTVYLQMNNLKPEDTAVYYCNAASTVTAWPYYGPDYWGKGTLVTVSS
seq3238,EVQLVESGGGLVQAGGSLRLSCSASGLLFSVNSAGWYRQAPGKQRDLVARIRSGGSTNYADSVKGRFTISRDKATNTLYLQMNNLKPEDTAVYYCSSWRTEAYEYWGRGTQVTVSS
seq3239,QVQLQESGGGSVQAGGSLRLSCAASGNISSRRCMAWFRQAPGKERERVANILTTTGNTYLADSVKGRFTISQNNAKSTVYLQMNSLKPEDTAMYYCAADSFHDPTCTVVASSGAFQYWGQGTQVTVSS
seq3240,EVQLVESGGGLVQPGGSLRLSCAASGRTFAMGWMGWFRQAPGKEREFVARVSWDGRNAYYANSRFGRFTISADNSKNTAYLQMNSLKPEDTAVYYCPRYVSPARDHGCWGQGTLVTVSS
seq3241,ESGGGSVQAGGSLRLSCAASGYTVSRGCMAWFRQAPGKEREGVAAINSGDGTTYYADSVKGRFTISQDNAKNTVYLQMNSLEPEDTSIYYCAASRLRCPWNLVSASWYDFWGQGTQVTVSS
seq3242,QVQLQESGGGSVQPGGSLRLSCTASRNIFNFVSMGWYRQAPGKERDLVARITRGGRTEYGEFVKGRFTISRDNAWRTVTLQMNSLQAEDTAVYYCHIDSTMIAGIPEGYWGQGTQVTVSS
seq3243,VKLEESGGGLVQPGGSLRLSCAVSGSIFSINAMGWYRQAPGKQRELVAAITKSNNINYADSVKGRFTISTDNAKNTVYLQMNSLKPEDTAVYYCNGFFALPGYSSEEFGPWGQGTQVTVSS
seq3244,QVQLVESGGGSVQAGGSLTLSCKNTVPINTLAWFRQAPGAEREGVAAIYPRRDNTFYADSVKGRFTISEGDDEDTVYLQMNNLQPEDTAMYYCTASAGRLDEPLGARNYLTWGSGLQVTVSS
seq3245,VQLQESGGGLVQPGGSLRLSCTASGSISSINAMGWYRQAPGSKREFVAHITNTGVTEFADSVKGRFTISRDNAKTTVDLQMNSLKPEDTAVYYCAATDWGTLLIKGIDHWGKGTQVTVSS
seq3246,QVQLQESGGGLVQAGDSLRLSCAASGPSFNNGAMSWFRQAPGKEREFVAAIRWSGGGIRYADSVKGRFTISRDNAKNTLYLQMNSLKPEDTAVYYCAIDPRADLVATMTSIRYWGQGTQVTVSS
seq3247,KVQLVESGGGLVQAGGSLRLSCAASGHTFSSYAMGWFRQAPGKEREFVAAINWSSRSTVYADSVKGRFTISRDNAKNTVWLQMSSLKPEDTAVYYCAAGSAYVAGVRRRNAQYDYWGQGTQVTVSS
seq3248,QVQLVESGGGSVQAGGSLRLSCVVSGYTCSVYDMIWYRQPPGKEREFVSLINSNGRTTYADSVKGRFTISQNNAKNTVYLQMNSLKPEDTAMYYCHAACYSPSRLNYWGQGTLVTVSS
seq3249,EVQLVESGGGLVQTGGSLRLSCAASGSTFRTDMMGWYRQAPGKQREFVASITKFGSTNYADSVKGRFTISNDNAKDTVYLQMNSLKSEDTAVYYCRNFNRDLWGQGTQVTVSS
seq3250,QVQLQESGGGLVQPGGSLRLSCAASGRTFSMGWFRQAPGKEREFVAAITYSGGSPYYASSVRGRFTISRDNAKNTVYLQMNSLKPEDTAVYYCAANPTYGSDWNAENWGQGTQVTVSS
seq3251,QVQLQESGGGLVQPGGSLRLSCAASGRLLSISTMGWYRRTPEDQREMVASITKDGTTNYADSVKGRLTISRDNAKNTVYLQMNSLKPDDTAVYVCNARATTWVPYRRDAEFWGQGTQVTVSS
seq3252,EVQLVESGGGLVQPGGSLRLSCAASGFTFDRSWMGWFRQAPGKERELVASITSGGTTSYADSVKGRFTISADNSKNTAYLQMNSLKPEDTAVYYCAADVWYGSTWRNWGQGTLVTVSS
seq3253,EVQLVESGGGLVQAGGSLRLSCAVSGRRVSIYGMGWYRLAPGKQREMVASITSGGITTYADSVKGRFSISRDNAKNTVYLQMNSLKPEDTAVYYCNYHDYRVQGESWGQGTQVTVSS
seq3254,EVQLVESGGGLVQAGGSLRLSCAASGSIFSINTMGWYRQTPGQQRDWVASISSGGTTAYADSVKGRFSISRDGPKNTVYLQMNSLKPEDTAVYYCKAQRRWSQDYWGQGTQVTVSS
seq3255,EVQLVESGGGLVQAGGSLRLSCATSGRTFNTYAMGWFRQAPGKEREFVASVSWRYDRTYYTDTVKGRFTISRDNAKNTVYLQMNSLKPEDTAVYFCAADTNWRAGPRVGIDEYAYWGQGTLVTVSS
seq3256,EVQLVESGGALVQAGGSLRLSCVASGRTFNSIGMGWFRQAPGKERDFIGGITWDGRDTYYTDSVKGRFTISRDNAKNTVYLQMNSLKPWDTAVYYCAANRDPWIATSYQDYAYWGQGTQVTVSS
seq3257,QVQLQESGGGSVQAGGSLRLSCAASVDTFSTTCMGWFRQTPGKEREGVAVIKTFYAGTVYADSVKGRFTISQDIAKNTVYLQMNSLNPEDTAMYYCAATGGPYNGRCPLASQPFRYWTQGTQVTVSS
seq3258,EVQLVESGGGLVQPGGSLTLSCAASMSDVSFLSMAWYRQAPGKKRELVAGISAEGSTLYMESVKGRFTISRDNAKNSVYLQMNSLRAEDTAVYYCYAYRWTSRLSYWGQGTLVTVSS
seq3259,EVQLVESGGGLVQAGGSLRLSCSASGLLFSVNSAGWYRRAPGKQREFVARLRRGGETNYGDSVKGRFTISRDKATNTLYLQMNSLRTEDTAVYYCSSWRTGSYEYWGQGTQVTVSS
seq3260,EVQLVESGGGLVQAGGSTRLTCKASGSIFNINSINVMAWYRQAPGKQRELVAIIGKGGGTNYADFVKGRFTISRDAAKNTVNLQMNSLKPEDTAVYYCYADYEDHDSPFNASWGQGTQVTVSS
seq3261,QVQLQQSGGGLVQAGGSLRLSCAASGRTFRNYVMGWFRQAPGKDPEFIAGINRSGAITYYGDSVKGRFTISRDNAKNTVSLQMNSLEPEDTAVYYCAAGETTWSIRRDDYDYWGQGTQVTVSS
seq3262,EVQLVESGGGLVQAGGSLRLSCIATGKVFSIYDMGWYRQAPGKQRELVAEITSSGTTHYDDFVSGRFTISRDNAKNTVYLQMNTLKAEDTAVYYCRANHVFGGSYWGQGTQVTVSS
seq3263,EVQLVESGGGLVQAGDSLRLSCAASGRTHSNYVMGWFRQAPGQEREFVAGISRTYGNTYYRDSVEGRFTISVDNPKNTVYLQMNSLKPEDTAVYYCAADPTRSEVILTTSHRYVYWGQGTLVTVSS
seq3264,QVQLVESGGGLVQPGGSLTLSCAASGTGSIFSINLMGWYRQAPGKQRELVARITSGDSTVYADSVKGRFTISRDNSKNTLYLQMNSLRPEDTAVYYCNLLLRSSPGATTPYWGQGTLVTVSS
seq3265,EVQLVESGGGLVQAGGSLRLSCAASGSTFDTYGMGWFRQAPGKEREFVASITWSGSSTYYADSVKGRFTISADNAKNTVYLQMNSLKPEDTAVYYCAANRIHWSGFYYWGQGTQVTVSS
seq3266,DVQFVESGGGSVHAGGSLRLNCATSGYIYSTYCMGWFRQAPGKEREGVAHIYTNSGRTYYADSVKGRFTISQDNAKNTVYLQMNSLKPEDTAIYYCAARPSIRCASFSATEYKDWGQGTQVTVSS
seq3267,EVQLVESGGGLVQAGGSLRLSCAASDSARTFTNYAIAWFRQAPGKERKFVAVVNWSTYYADSVKGRFTISRDNAKNTVNLQMNSLKPEDTAVYYCAVGDYRSDYRSPVAYNYWGQGTQVTVSS
seq3268,EVQLVESGGGEVQPGGSLRLSCAASEIIFSDKTVGWYRQAPGKQRVLVAVISNVDATNYAESVKGRFTISRDNAKNTVYLQMSSLRAEDTAVYYCYARDFESEYWGQGTLVTVKP
seq3269,EVQLVESGGGLVQAGGSLRLSCAASGSGRTFTSYTMGWFRQAPGKEREFVSALTWADDSTYYKYYADSMKGRLTISRDNAKNTVYLQMNSLKPEDTAVYYCVATGRGLTYDPRDRRKYDYWGQGTQVTVSS
seq3270,EVQLVESGGGLVQPGGSLRLSCAASGRTFSDDAMGWFRQAPGKEREFVAGISWNGGSIYYADSVKGRFTISADNSKNTAYLQMNSLKPEDTAVYYCATDPPLFWGQGTLVTVSS
seq3271,EVQLVESGGGLVQPGGSLRLSCAASGRTFSYNPMGWFRQAPGKGREVVAAISRTGGSTYYARSVEGRFTISRDNAKRMVYLQMNSLRAEDTAVYYCAAAGVRAEDGRVRTLPSEYNFWGQGTQVTVSS
seq3272,QVQLQESGGGLVQAGGSLRLSCVASGGTFSGYAMAWFRQRPGKVREFVATISRSAASTDYADSVKGRFTISRDNAKNTVYLQMNSLKPEDTAVYYCAAKLGVTSFYRSTYSYWGQGIQVTVSS
seq3273,EVQLVESGGGLVQPGGSLTLSCAASGTSVSLLSLAWYRQAPGKKRELVAGISTGGSTHYIESVKGRFTISRDNAKNSVYLQMNSLRAEDTAVYYCYAYNWTDSLQYWGQGTLVTVSS
seq3274,VQLVESGGGLVQPGGSLRLSCAASGGIFSIGVMGWYRQAPGKGLELVATITSRGSTNYADSVKGRFTISRDNSKNTLYLQMNSLRAEDTAVYYCYADLIRPGDFYGMDYWGQGTLVTV
seq3275,QVQLQESGGGLVQPGGSLRLSCAASGNIFSINTMGWYRQAPGKQRELVASITTGGTTNYEDSVKGRFTISRDNAKKTVYLQMNRLKPEDTAVYYCNHRRSYSGRDYPVYGMDYWGKGTQVTVSS
seq3276,QVQLQESGGGLVQAGGSLRLSCVVSGSIISIRVMGWYRQAPGKQRELVATMSRGGTINYADSVRGRFTISRDNAKSTVFLEMNSLKPEDTAVYYCAALLDSYYWGQGTQVTVSS
seq3277,EVQLVESGGQLVQAGGSLRLSCTATGHTYNTYPLGWFRQAPGKEREFVAAISPSGTLRAYADSVKGRFTISRDNAKNTVYLQMNNLKPEDTAVYYCARHRSVGWRASHHLSDYDNWGQGTQVTVSS
seq3278,QVQLVESGGGLVQAGGSLRLSCAASGGTFSSYSMGWFRQAPGKEREFVAAITWNGVSTYYADSVKGRFTISRDNAKNTVYLQMNSLKPTDTAVYYCAAEITTRYSGFYYYEDNKSYDYWGQGTQVTVSS
seq3279,EVQLVESGGSLVQPGESLRLSCAASGFTFDDYAMSWVRQAPGKGLEWISSINWSGTHTDYADSVKGRFTISRNNANNTLYLQMNNLKFEDTAVYYCAKNWRDAGTTWFEKSGSAGQGTQVTVSS
seq3280,VQLQESGGGLVQPGGSLRLSCAASGFTFGDSGMGWYRQAPGNECELVSSVSSDGSTYYADSVKGRFTISQDNAKNTVYLRMNSLKPEDTAVYYCAADDHKYELGTCEALDYWGRGTQVTVSS
seq3281,EVQLVESGGGLVQAGGSLRLSCAASGRTFSTNPMGWFRQSPGKERSLIAAARWADGNTFYADSVKGRFTISRDNAKKTVYLQMNSLKSEDTATYYCAAGRPWSAYHSPAEYVHWGQGTQVTVSS
seq3282,QVQLQQSGGGSVQAGGSLRLSCVGPQRTFSTYGMGWFRQAPGKEREFVAGINYKGDTTYYADSVKGRFTISRDNAKNTLYLQMDSLKPEDRAVYQCARKGGLGGDYRDAGQYRYWGQGTQVTVSS
seq3283,VQLVESGGGLVQPGGSLRLSCAASGSIFSSTAMAWYRQAPGKRRDLVAAISTVGVTKYADSVKGRFTISRDNSKNTVYLQMNSLRPEDTAVYYCTSDPRRGWDTRYWGQGTLVTVSS
seq3284,QVQLVESGGGLVQPGGSLRLSCAASGFTFSNYDMSWVRQAPGKGLEWVSAISSGGGSTYYVDSVKGRFTISRDNAKNTVYLQMNSLKPEDTAVYYCATGSGPAFRLSGGSWSPRGDGSRGQGTLVTVSS
seq3285,EVQLVESGGGLVQPGGSLRLSCTASGVTISALNAMAMGWYRQAPGERRVMVAAVSERGNAMYRESVQGRFTVTRDFTNKMVSLQMDNLKPEDTAVYYCHVLEDRVDSFHDYWGQGTQVTVSS
seq3286,QVQLQESGGGLVQPGGSLRLSCAASGFPFSSYVMKWYRQAPGKERELVAEISSRGGTTNYADPVKGRFTISRDNFKNMVYLQMNSLKPEDTAVYYCNRPHPDYWGQGTQVTVSS
seq3287,QVQLVESGGGLVQPGGSLRLSCAASGFTFGSYWMSWVRQAPGKGLEWVSTINTGSTTYYTDSVKGRFTISRDNAKNTLYLQMNSLKSEDTAVYYCAKIRSGWAYDYWGQGTQVTVSS
seq3288,QVQLQESGGGLVQTGGSLRLSCAASGRTFGGYAMAWFRQAPGKGREFVAAVTWSAGTTNYAGSVKDRFTVSRDNANNTMYLQMNSLKPEDTAVYICGAATGYRSTDRLTEPAWVNYWGQGTQVTVSS
seq3289,DVQLVESGGGLVQAGGSLRLSCAASGPTGAMAWFRQAPGKEREFVGGISGSETDTYYVDSVKGRFTVDRDNVKNTVYLQMNSLKPEDTAVYYCAARRRITLFTSRTDYDFWGRGTQVTV
seq3290,QVQLQESGGGLVQAGGSLRLSCAASGFTFDDYAIAWFRQAPGKEREGVSCIERSDGSTYYADSVKGRFTISSDNAKNTVYLQMNSLKPEDTAVYYCAVGSANSGEFRFGWVLKPDLYNYWGQGTQVTVSS
seq3291,QVQLVESGGGLVQPGGSLRLSCAASGSISSIYAMGWYRQAPGKQREVVAVITNGNSPNYADSVKGRFTISRDNAKNTVYLQMNSLKPEDTAVYYCNVEGVRYGDSWYDGVYWGQGTQVTVSS
seq3292,QVQLQESGGGLVQAGGSLRLSCAVSGRTGSIYAAMGWFRQAPGKQREFVASDSWNALSTDYGDSVKGRFTISRDNAKNTVYLQMTTLKPEDTAVYYCAAKIGLYGTTRFENEYDYWGQGTQVTVSS
seq3293,VQLQESGGGLVQAGGSLRLSCTASGRISSSYDMGWFRQAPGKEREFVAAISWSGGTTDYADSVKGRFAISKDNAKNAVYLQMNSLKPEDTAVYYCAAKWRPLRYSDYPSNSDYYDWGQGTQVTVSS
seq3294,DVQLVESGGGLVQPGGSLRLSCAASGRTFRHYAMGWFRQAPGKEREFVAAISSYGSTDYADSVKGRFTISRDNSKNTVPLQMNSLRPEDTAVYYCAAADETLGAVPNFRLHEKYEYEYWGQGTLVTVSS
seq3295,DVQLQESGGGSVQAGGSLTLSCTASGLLFRLASMGWYRQAPGKERELIATITVGGKTNYKDSVQGRFIITRDNTGDNTKSTVTLQMNRLKPEDTAVYYCNTASPAVGADTWGQGTRVTVSS
seq3296,EVQLVESGGGSVQAGETLRLSCTASGFTFAEADMGWYRQAPGHECELVSTITTEGITSEASSYYADSVRGRFTISRDNAKNMVYLQMNSLKPEDTAVYYCAPDPYAYSTYSDYCTWAQGTQGALVTVSS
seq3297,VQLQESGGGLVRPGGSLKLSCAASGFTFNWYTMAWYRQVPGEERKMVATITGASGDTKYADSVKGRFTISRDNAKNTVTLQMNSLKPGDTAVYYCHAYLTYDSGSVKGVNYWGQGTQVTVS
seq3298,DVQLQESGGGLVQAGGSLRLSCVISGMDFSHKPAGWFRQAPGKEREFVASITTRASTHYADSVKGRFTISRDNAKNTVYLEMNSLKPEDTAVYSCNSEYYWGQGTQVTVSS
seq3299,EVQLQASGGGLVQPGGSLTLSCVVTGSPAEPNAVGWYRQAPGKQREWVGRIIPSGTRYADFVKGRFIISRDSAKSTVYLQMNSLKPEDTAAYYCSPLTGSGTYYRSTTFGQGTQVTVSS
seq3300,QVQLQESGGGNVTAGGSLRLSCAASGRTYGGYGMGWFRQVPGKERELVAAIRWSGTSTYYADSVKGRFTISRDNVKNMVYLQMNSLKPEDTAVYHCAARTVRVVDISSPVGFAYWGQGTQVTVSS
seq3301,QVQLVESGGGLVQPGGSLRLSCAASGFRFDSVAMTWVRQAPGKGLEWVSSISWDGTTTSYAASVKGRFTISRDNAKNTLYLQLDSLNTEDTAMYYCTKTGVDYRDSRSRGQGTQVTVSS
seq3302,QVQLQESGGGLVQAGGSLRLSCAASGRATSGYGMGWFRQVPGKEREFVAAIRWSGKETWYKDSVKGRFTISRDNAKTTVYLQMNSLKPEDTAVYYCAARPVRVDDISLPVGFDYWGQGTQVNVSS
seq3303,QVQLVESGGGLVQAGGSLRLSCAGSGRSFSAAVMGWFRQAPGKEREFVAALRQIIGSTHYADSVKGRFTISRDNAKNMLYLDMNSLKPTDTAAYYCTAGPPTMLDVSTDREYDTWGQGTQVTVSS
seq3304,HVQLVESGGGSVQAGGSLKLTCAGSAYILEQCGMGWFRQAPGKEENLVSLRRDGTTVYSDSVKGRFTISQDRTKNILYLQMNDLKDEDTGMYYCAALNSSSGGRFAWCSDFRGQGTQVTVS
seq3305,EVQLVESGGGLVQPGGSLRLSCAASGFTFSSYRMYWVRQPPGKGPEWVSAISSGGGSTYYGDSVKGRFTISRDNAKNTVYLQMNSLKTEDTAVYYCANRAGWGMGDYWGQGTQVTVSS
seq3306,QVRLVESGGGLVQPGGSLRLACAASGRILADTPMAWYRQAPGKQRELVAAITSGGTTNYAGSVKGRFTISRDNAKNTVYLQMNSLKPEDTAVYYCAANAEGSGSRYWGQGTQVTVSS
seq3307,QVQLVESGGGLVQAGGSLRLSCAASGRTFSSYTMGWFRQAPGKEREFVAGINWSGVRTYYGDSVKGRFTISRDNAKNTMYLQMNSLKAEDTAVYYCNVRGRYSNTDYWGQGIQVTVSS
seq3308,SGGGLVQPGGSLRLSCAASGIIFSIYTMGWYRQAPGKQRELVAAIPSGPSANATDSVGGRFTITRDNAENTVYLQMNDLKPEDTAVYYCNARRGPGIKNYWGQGTQVTVSS
seq3309,EVQLVESGGGLVQPGGSLRLSCVASGFDFYSHWMYWVRQAPGKGLEWVSEINTNGLITKYIDSVRGRFTVSRDNAANTLYLEMTNLEPEDTALYYCARNQKGLNKGQGTQVTVSS
seq3310,EVQLVESGGGLVQAGGSLRLSCAASGRTSSTFSMAWFRQAPRKEREFVAAINWSGGSTRYADSVSDRFAISRDNAKNTVYLQMNNLKPEDTAVYYCAARRGGIYYSTQNDYDYWGQGTQVTVSS
seq3311,QVKLQQSGGGLVQAGGSLRLSCAASGNFFTLNGVAWYRQAPGKQRELVAGITSGGWTNYADSVKGRFTISADNAKNTVYLQMNSLRPEDTAVYYCNANLQIHRDSSGDVRNVWGQGTQVTVSS
seq3312,EVQLVESGGGLVQPGGSLRISCAASGSIYLINYMGWYRQAPGKQRELVATLTSGGSTNYAGSVKGRFAISRDNAKNTVYLQMNSLKPEDTAVYYCNIGGTLYDRRRFESWGQGTLVTVKS
seq3313,QVQLQESGGGLVQAGGSLRLSCAASGRTFSSYAMGWFRQAPGKEREFVAAIGWNIGNTYYADSVKGRFTTYRDNAKNTVYLQMNSLKPEDTAVYYCAADASGSWYPMTVEDYDYWGQGTQVTVSS
seq3314,QVQLQESGGGLVQSGGSLRLSCVASGFRFSNFPMMWVRQAPGKGLEWVSLISIGGSTTNYADSVKGRFTISRDNAKNTLFLQMNSLKPEDTAVYYCAKYLGRLVPPTTEGQGTQVTVSS
seq3315,QVQLVESGGGLVQAGGSLRVSCAASGRAFSVRDMGWFRQAPGKEREFVAAISWNGRNITYADSVKGRFTISRDNAKNTLYLQMNSLKLEDSAVYYCAVRGASETEYSYWGQGIQVTVSS
seq3316,EVQLVESGGGLVQPGGSLRLSCAASGFTFRSNAMGWFRQAPGKEREGVAAISTSGGITYYADSVKGRFTISADNSKNTAYLQMNSLKPEDTAVYYCAAERDGYGYWGQGTLVTVSS
seq3317,QVQLQESGGGLVQAGGSLRLSCAASGSVFSLPTAGWYRQAPGKQRELVALITGSGSTHYADSVKGRFAISREYSKKTMDLQMNSLHREDTAVYFCYYRSTFTEYWGQGTQVTVSS
seq3318,DVQLQASGGGLVQPGESLTLSCAAYGFTLDYCAVGWFRQAPGKEREGVACIGSSLGRTDYADSVKGRFTISRDNAKNTMYLQMNDLKPEDAAVYYCAAKIGGAMCVPNEYDYWGQGTQVTVSS
seq3319,EVQLVESGGGLVQPGGSLRLSCAASGNIFTRNVMGWYRQAPGNQRDLVASITPGGNIYYADSVKGRFTISRDGAKSTVILQMNSLKPEDTAVYYCNARGSILLDRVNYWGQGTQVTVSS
seq3320,EVQLVESGGGLVQPGGSLRLSCAASGRTSTVNGMGWFRQAPGKEREFVASISQSGAATAYADSVKGRFTISADNSKNTAYLQMNSLKPEDTAVYYCAADRTYSYSSTGYYWGQGTLVTVSS
seq3321,QVELVESGGALVQAGGSLKLSCVDSGRSFSSYVVAWFRQAPGKEREFVARVSASGAIRTYADSVRGRFTISRDNTKATVYLQMNSLKSEDTAVFFCAAGGVSTAVHPFKPTSYDFWGQGTQVTVSV
seq3322,EVQLVESGGGLVQPGGSLRLSCAASRSIGRLDRMGWYRHRPGEPRELVATITGGSSINYGDSVKGRFTISIDNSKNTVYLQMNSLRPEDTAVYYCNFNKYVTSRDTWGQGTLVTVGG
seq3323,QVQLQESGGGLVQAGASLSLSCEFSGRGFNNYAMGWFRQAPGKEREFVAGITWTTGSTTYADSVKGRFTVSRDNAENTMYLQMNSLEPEDTAVYYCAASRATDHVNWYQYRDYNNWGQGTQVTVSS
seq3324,QVQLQESGGGLVQAGGFLRFSCAASGFTFDYHAIGWFRQAPGKEREGISSISINDGSAYYADSVKGRFTISNNNTKNTVYLQMTSLKFEDTAIYYCAADESVLPYTNWNPLHEVWYTYWGQGTQVTVSS
seq3325,EVQLVESGGGLVQPGRSLTLSCAASTNIFSKSPMGWYRQAPGKQRELVAAIHGKSTLYADSVKGRFTISRDNAKNSIYLQMNSLRPEDTALYYCNKVPWGDYHPRNVVWGQGTQVTVSS
seq3326,EVQLVESGGGLVQAGGSLRLSCAASGFALDYYAVGWFRQAPGKEREGVSCISSRGGSTYYADSVKGRFTTSRDNAKNTVYLQMNSLKPEDTAVYYCAADPIHNCYSGIYYASPEAVYDYWGQGTQVTVSS
seq3327,EVQLVESGGGEVQPGGSLRLSCGASEIIFSDKTVGWYRQAPGKQRVLVAVISNVDSTNYAESVKGRFTISRDNAKNTVYLQMSSLRAEDTAVYYCYARDFESEYWGQGTLVTVK
seq3328,EVQLVESGGGVVQPGGSLKLSCVASGTAFSINFIRWYRQAPGKQREFVAGFTATGNTNYADSMKGRFTISRDNTKNAVYLQIDSLKPEDTAVYYCYMLDKWGQGTQVTVSS
seq3329,QVQLQQFGEVLVQEGGSLRFSCTASGRKFKDYTVGWFRQAPGKERELVASISKIEGRTAIGDSVKGRATISRDNAKNTVFLQMNSLKLEDTAVYYCAARSPGAFSYDLWGQGTQVTVSS
seq3330,EVQLVESGGGLVQPGGSLRLSCAASGNIFSNNAMAWYRQAPGKQRELVARISSGGGFTYYLDSVKGRFTVSRDNAKNTVYLQMNSLKPEDTAVYYCNAAYRTYNYWGQGTQVTVSS
seq3331,EVQLVESGGGLVQPGGSLRLSCAASGTTFKVNVMAWYRQAPGKGRELVAGIITGGSTTYADSVKGRFTISRDNAKNTLYLQMNSLRPEDTAVYYCAFVTTNSDYDLGRDYWGQGTLVTVSS
seq3332,EVQLVESGGGQVQAGGSLRLSCTESGRAFNTRAMGWFRQAPEKEREFVAGITMSGFNTRYADSVKGRFTISRDNAKGTVYLQMSSLKPEDTAVYYCAADSITDRRSVAVAHTSYYYWGQGTQVTVSS
seq3333,EVQLVESGGGLVQPGRSLTLSCAASTNIMSISPMGWYRQAPGKQRELVAAIHGFSTVYADSVKGRFTISRDNAKNSIYLQMNSLRPEDTALYYCNKVPWGDYHPGNVYWGQGTQVTVSS
seq3334,EVQLVESGGGLVQPGGSLTLSCVASGSTSYINAMGWYRRAPGKQRELVAGISSDGSKVYADSVKGRFTISRDNAKNSVYLQMNSLRAEDTAVYYCYYFRTVSGQSMGYWGQGTLVTVSS
seq3335,EVQLVESGGGLVQPGGSLKLSCAASGFDFSSHWMYWVRQAPGKELEWLSEINTNGLITKYGDSVKGRFTVSRNNAANKMYLELTRLEPEDTALYYCARNQKGLNKGQGTQVTVSS
seq3336,EVQLVESGGGLVQPGGSLRLSCAASGRTFSSYVVGWFRQAPGKEREFVGAISGSGDSIYYAVSEKDRFTISRDNSKNTLYLQMSSLRAEDTAVYYCTADQEFGYLRFGRSEYWGQGTLVTVSS
seq3337,QVKLEESGGGLVQAGGSLRLSCAASGWNLGNYALGWFRQAPGKEREFVAAIDWRHSSYYADSVKGRFTISRDNTKNMVYLQMSSLKLEDTRLYYCAASSLFPSSAPRQYDYWGQGTQVTVSS
seq3338,EVQLVESGGGLVQAGGSLRLSCSASGLLFSVNSAGWYRQAPGKQRIFVARLRRGGDTNYADSVKGRFTISRDNAKNTVYLQMNSLKPEDTAVYYCSAWRAGTYEYWGQVTQVTVSS
seq3339,QVQLVESGGGLVQPGGSLRLSCAVSGGTVSPTAMGWFRQAPGKGLEFVGHITWSRGTTRYASSVKGRFTISRDNSKNTVYLQMNSLRAEDTAVYYCAASTFLRILPEESAYTYWGQGTLVTVSS
seq3340,EVQLVESGGGVVQPGGSLRLSCAASRSIGRLDRMGWYRHRPGEPRELVATITGGSSINYGDSVKGRFTISIDNSKNTVYLQMNSLRPEDTAVYYCNFNKYVTSRDTWGQGTLVTVQS
seq3341,EVQLVESGGGLVQPGGSLRLSCAASGSIFKVNAMGWYRQAPGKGRELVAGIISGGSTNYADSVKGRLTISRDNAKNTVYLQMNSLRPEDTAVYYCSFVTTNSDYDLGRDYWGQGTLVTVSS
seq3342,QVQLQESGGGLVQAGGSLRLSCAGVGRTISPYNMGWFRQALGKERDFVAAIRWSGSDTNYADSVKGRFTISRDNAENTVYLQMRNLNPEDTAVYYCAAGGDVFGSALTYHHWGQGTQVTVSS
seq3343,QVQLVESGGGLVQPGGSLRLSCAASGYIYSAYCMGWFRQAPGKERVGVAAISIGGGSTYYADSVKGRFTISRDNSKNTLYLQMNSLRAEDTAVYYCAADVIPTETCLGGSWSGPFGYWGQGTLVTVSS
seq3344,EVQLVESGGGLVQPGGSLRLSCAVSGNIYNRNFMGWFRQAPGKGREGVSAIYTGTSRTYYADSVKGRFTISRDNAKNTVYLQMNSLRPEDTAVYYCAADLREGFWDTGVWNTWGQGTLVTVSS
seq3345,QVQLQESGGGLVQAGGSLRLSCAVSGNTLSRYAMGWFRQTPGNEREFVAAIRWNNGATYYADAVEGRFTISRDNGKNTVYLQMNNLKPEDTAVYYCAGRFLGYASSNAYHEALYNYDYWGQGTQVTVSS
seq3346,EVQLVESGGGLVQAGGSLRLSCAASGSIFSSNTMAWYRQAPRKQREFVASIMTDGTITYADSVKGRFAISRDTAKNTVALQMNSLKPEDTAVYYCNARQYGEYWQAAGSWGQGTQVTVSS
seq3347,QVQLQESGGGLVQPGGSLRLSCAASGFTFSDAFMYWVRQAPGKELEWVSSISNRGLKTAYKESVKGRFTISRDNTKNMLFLEMNRLEPEDTGLYYCSRDVDGDFRGQGTQVTV
seq3348,EVQLVESGGGLVQPGGSLTLSCAASGSSVSRLSMAWYRQAPGKKRELVAGISARGSTDYIDSVKGRFTISRDNAKNSVYLQMNSLRAEDTAVYYCYAYRWTTRSTYWGQGTLVTVSS
seq3349,EVQLVESGGGLVQPGGSLRLSCAASGFTLDYDAIGWFRQAPGKEREGVSCITSSDGITYYADSVKGRFTISRDNAKNTVYLQMNSLKPEDTAVYYCATGNRRIYYSDYALACFPYEYDYWGQGTQVTVSS
seq3350,QVQLQDSGGGLVQAGGSLRLSCAASGSIFSINVAYWYRQAPGKQREWVAGIMSGGTTNYADSVKGRFTISRDNDKNMVYLQMNSLTPADTAVYYCNANVRQKSGHNISAWGQGTQVTVSS
seq3351,QVQLQESGGGSVQAGGSLRLSCTASGYTYRKYCMGWFRQAPGKEREGVACINSGGGTSYYADSVKGRFTISQDNAKDTVFLRMNSLKPEDTAIYYCALSSNSVCPPGHVAWYNDWGQGTQVTVSS
seq3352,DVQLQESGGGSVQDGGTLQLSCEDSKWSYTYYCMGWFRQAPGKEREPVAHIDSEGTVAYADTVKGRFTISRGDAKHRVYLQMETNNLKADDTAIYYCAANGGYCLRPRQLAADYEYWGQGAQVTVSS
seq3353,EVQLVESGGGLVQPGGSLTLSCAASGSSVSFLSMAWYRQAPGKKRELVAGISATGSTDYIDSVKGRFTISRDNAKNSVYLQMNSLRAEDTAVYYCYAYRWSTRYTYWGQGTLVTVSS
seq3354,EVQLVKSGGGLVQAGDSLKLSCIASGRTFTMGWFRQAPGKEREFVAAISWSGGRTYYADSVKGRFTISRENAKNTVYLQMNSLKPEDSAVYYCAAENLASSGSVYSDERYNFRSQGTQVTVSS
seq3355,QLQLVESGGGLVQPGGSLRLSCAASGFTLDYYAIGWFRQAPGKEREGVSGISFVDGSTYYADSVKGRFAISRGNAKNTVYLQMNSLKPEDTAVYYCAADQSSIPMHYSSTYSGPSGMDYWGKGTLVTVSS
seq3356,QVQLQESGGGLVQAGGSLRLSCAASGGTFSRLTMGWFRQAPGEEREFVAAVSWVAETTDYADSVKGRFSISRDNSKNTVYLQMNSLKPVDTAVYYCAAGPRDMIRSRNIRSYVSWGQGTQVTVSS
seq3357,EVQLVESGGGLVQAGGSLRLSCAASGRSFSSYVMGWFRQAPGKEREFVAAIIGRDIGTYYADSVKGRFTISRDNAKTTVYLQMNALKPEDTAVYYCAADSRSRLSGIRSAYDYWGQGTVTVS
seq3358,VQLQESGGGLVQAGASLRLSCAASGRTFSSYIMGWFRQAPGKEREFVAAIGWSADITVYADSVKGRFTISRDNAENMVYLQMNSLNPEDTAVYYCAANSRAYYSSSYDLGRLASYDYWGQGTQVTVSS
seq3359,EVQLVESGGGVVQPGGSLRLSCAASGLTFSSYAMGWFRQAPGKERERVASISRGGGYTYYADSVKGRFTISRDNSENTVYLQMNSLRPEDTATYYCAAARYWATGSEYEFDYWGQGTLVTVSS
seq3360,QVQLQESGGGLVQAGGSLRLTCTASGRTLSYWTMGWFRQAPGKEREFVAAINWSSGTRYSDSVKDRFTIDGDSDKTTVYLQMNSLNLDDSAVYYCAAHRASFGLGYQTHEYDFWGQGTQVTVSS
seq3361,QVQLQESGGGLVQAGGSLRLSCAASGSIFSIRVMGWYRQAPGKQRELVATMSRGGTINYADSVRGRFTISRDNAKSTVYLQMNSLKPEDTAVYYCAALLDSYYWGQGTQVTVSS
seq3362,EVQLLESGGGVVQPGGSLRLSCVHSGPTFRTDTMGWFRQAPGKGREFVAAVTWNSGRINYADSVKGRFTISRDNSKNTALLQMNSLRPEDTAVYYCAAHRFVVGGNRVEDWRYWGQGTLVKVSS
seq3363,QVQLQELGEALVQPGGSMRLSCAASGNIFSINSMAWYRQPSGKRRELVAAFTRGGNINYADSVKERFTISRDNAKNTMYLQMNNLKPEDTAVYYCFVDWSDSDDSEYEDWGQGTQVTVSS
seq3364,EVQLVQSGGGLVQAGGSLRLSCAASGRTVSNYPMAWFRQAPGKEREFVAHISWSGITSILNSVNDRFTISRDNAKNTIYLQMNSLKPEDTAVYYCAAAQRPTAGPKGPFGYWGQGTQVTV
seq3365,EVQLVESGGGLVQAGGSLRLSCSASGLLFSVNSAGWYRQAPGKQRDFVARIRSSGSTNYADSVKGRFTISRDKATNTVYLQMNSLKPEDTAVYYCSSWRTGAYEYWGQGAQVTVSS
seq3366,EVQLVESGGGSVQAGGSLRLTCAASGRTSRSYGMGWFRQAPGKEREFVSGISWRGDSTGYADSVKGRFTISRDNAKNTVDLQMNSLKPEDTAIYYCAAAAGSTWYGTLYEYDYWGQGTLVTVSS
seq3367,QVQLQESGGGLVQTGESLRLSCAASGGFNRVSYMGWYRQAPGSKRELVASVTSGGEITVADSVKGRFTVSRDNNKNTLYLQMNGLKPEDGATYWCNADIWVSDARMYNYWGQGTQVTVSS
seq3368,EVQLQASGGGLAQPGGSLRLSVTVSGSIDVINNMAWYRQAPGNARELVATITSGFSTNYASSVKGRFTISRDNAKKAVYLQMNSLKPEDTADYYSKVHLIRLGAARAYDYWGQGTQVTVSG
seq3369,DVQLQASGGGLVQPGGSLRLSCVVSGRGVNLDAMGWSRVAPGKQRDFVAHIDDRGTAYYADFVKGRSTISRDNAKNTVYLQVDTLKPEDTAVYYCFAWQGAETYWGLGTRVTVSS
seq3370,QVQLVESGGGWVQTGGSLRLSCAASGRTVSSYYMGWFRQTPGKEREFVAAISWVGSSTYKYYTDSAKGRFTISRDNAKNTVYLQMNSLKPEDTAVYYCAARPRVGDPRSRYDDDNWGQGTQVTVSS
seq3371,EVQLLESGGGVVQPGGSLRLSCVHSGPTFRTDTMGWFRQAPGKGREFVAAVTWNSGRINYADSVKGRFTISRDNSKNTAYLQMNSLRPEDTAVYYCAAHRFVVGGNRVEDWRYWGQGTLVKVSS
seq3372,EVQLVESGGGLVQSGGSLTLSCVLSGSIFSSNTMGWHRQAPGKQREWVAITTSGGTTKYADSVKGRFTISRDNAKNTVYLRMNNLKPEDTGVYFCYASLAGIWGQGTQVTVSS
seq3373,ELQLVESGGGLVRPGGSLRLSCAASGFTFSNYYMSWVRQAPGKGLEWLSSIYSDGGYTYYADSVKGRFTISRDNAKNTLYLQMNSLKSEDTAVYYCAKDLKPRNSGTYHDEGYDDWGQGTQVTVSS
seq3374,EVQLVESGGGLVQPGGSLRLSCAASGSTFKINIMAWYRQAPGKGRELVAGVITGGNTNYADSVKGRFTISRDNAKNTLYLQMNSLRPEDTAVYYCAFVTTNSDYDLGRDYWGQGTLVTVSS
seq3375,EVQLVESGGGLVQPGGSLRLSCEASGFTFDDYGMSWVRQAPGKGLEWVSSLTPNGGSTYYADSVKGRFTISRDNAKNTLYLQMNSLKPEDTALYYCAKNSYYGAMDYWGQGTQVTVSS
seq3376,EVQLVESGGGLVQAGGSLRLSCAFSDGRTVSRYHMGWFRQGPGKEREFVAAVSSLGPFTRYADSVKGRFTISRDNAKNAVYLQMNSLKPEDTAVYYCAADSSGYSGSYSSEYRYDYWGQGTQVTVSS
seq3377,QVQLVESGGGLVQPGGSLKLSCAASGFTLADYVTVWFRQAPGKSREGVSCISSSRGTPNYADSVKGRATVSRNNANNTVYLQMNGLKPDDTAIYYCAAIRPARLRAYRECLSSQAEYDYWGQGTQVTVSS
seq3378,VQLQESGGGLVQAGDSLRLSCAASGRTFSRGVMGWFRRAPGKEREFVAIFSGSSWSGRSTYYSDSVKGRFTISRDNAKNTVYLQMNGLKPEDTAVYYCAAGYPEAYSAYGRESTYDYWGQGTQVTVSS
seq3379,VKLQESGGGLVQAGGSLRLSCAASGFTFATYAMAWYRQAPGKQRELVASISNFGSTAYGDSVKGRFTISRDNAKNTVYLEMNSLKSEDTAVYYCKRVRDVIGRPELWGQGTQVTVSS
seq3380,EVQLLESGGGLVQPGGSLRLSCVHSGPTFRTDTMGWFRQAPGKGREFVAAVTWNSGRINYADSVKGRFTISRDNSKNTALLQMNSLRPEDTAVYYCAAHRFVVGGNRVEDWRYWGQGTLVQVSS
seq3381,QVQLQESGGGLVQPGESLRLSCVAAASTSITTFNTMAWYRQAPGKQRELVAQINNRDNTEYADSVKGRFIISRGNAKNTSNLQMNDLKSEDTGIYYCNAKRWSWSTGFWGQGTQVTVSS
seq3382,EVQLVESGGGLVQAGGSLRLSCAASGSIVTFNPMGWYRQAPGNQRELVASITSGGGANYVDSVKGRFTISVDSAKNTVYLQMNSLKPEDTAVYYCNADIFSSSRLSWDNYWGQGTQVTVSS
seq3383,QVQLQESGGGLVQAGGSLRLSCATSGFTFDDYAIAWFRQAPGKEREGVSCISNTDSSTYYADSVKGRFTISSDNAKNTVYLQMSSLKPEDTAVYYCAADGNVWSPPICGSAGPPPGGMDYWGKGTQVTVSS
seq3384,LQESGGGWVQPGGSLRLSCAASEMIFDFNDMGWYRQAPGKERELVASISRFGRTNYIDSVKGRFSISNDPAKWTVYLQMNSLKPEDTAVYSCNTDPPLFAWGQGTQVT
seq3385,DVQLVESGGGLVQPGGSLRLSCAASRSIGRLDRMGWYRHRTGEPRELVATITGGSSINYGDFVKGRFTISRDNSKNTVYLQMNNLRPEDTAVYYCNFNKYVTSRDTWGQGTLVTVSS
seq3386,EVQLVESGGGLVQPGGSLTLSCVASGSTSSINAMGWYRRAPGKQRELVAGISSDGSKVYADSVKGRFTISRDNAKNSVYLQMNSLRAEDTAVYYCYYFRTVSGSSMRYWGQGTLVTVSS
seq3387,EVQLVESGGGLVQPGGSLRLSCAASGFTLDYYNIGWFRQAPGKEREWVSCINSSDGSTYYADSVKGRFTISRDNAKNTVYLQMNSLKPEDTAVYYCAAPFEYYSNLCGVNGYDYWGQGTQVTVSS
seq3388,EVQLVESGGGLVQAGGSLRLSCEASGFTLDYSGVGWFRQAPGKERELVSCISRGGDRAGYANSVKGRFTMSRDNAKNILYLQMNSLKPEDTAVYYCAATHSGSGCYDGAIDYWGKGTLVTVSS
seq3389,EVQLVESGGGLVQAGGSLRLSCAASGSTFSSYAMGWYRQAPVKQRELVAVISNGGSTNYADSVKGRFTISRDNAKNTVYLQMNSLKPEDTAVYYCFYSGSYYYPTDVHEYDYWGQGTQVTVSS
seq3390,QVQLVQSGGGLVQPGGSLRLSCAASGFSLDGYVIGWFRQAPGKERQGVSCISSSGGTVYKDPVKGRFTISRDNAKNTVYLQMNNLNVEDTAVYYCAAVKTLSWPVCRGEAFDSWGQGTQVG
seq3391,EVQLVESGGGLVQPGGSLRLSCAASGGTFSIYAMGWFRQAPGKERELVAAISSSGSITYYADSVKGRFTISADNSKNTAYLQMNSLKPEDTAVYYCAAAAALDGPGDMYDYWGQGTLVTVSS
seq3392,QVQLVESGGGSVQSGGSLRLSCAASGFTYGTYAMSWFRQAPGKEREGVACIDIYGRTSYTDPVKGRFTISQDNAKNTLYLQMNSLKPEDTAMYYCAARDFGYCTASWVHAGFSRYWGQGTQVTVSS
seq3393,EVQLLESGGGEVQPGGSLRLSCAASGSIFSIDATAWYRQAPGKQRELVAIITSSGSTNYPESVKGRFTISRDNAKNTVYLQMSSLRAEDTAVYYCNAITRYGGSTYDFWGQGTLVTVKP
seq3394,EVQLVESGGGLVQPGGSLTLSCAASGSKVSFLSMAWYRQAPGKKRELVAGISADGSKDYIDSVKGRFTISRDNAKNSVYLQMNSLRAEDTAVYYCYAYRWTTRYTYWGQGTLVTVSS
seq3395,EVQLVESGGGLVQAGGFLRLSCELRGSIFNQYAMAWFRQAPGKEREFVAGMGAVPHYGEFVKGRFTISRDNAKSTVYLQMSSLKPEDTAIYFCARSKNTYISYNSNGYDYWGRGTQVTVSS
seq3396,QVQLVESGGGLVQAGGSLRLSCAASGGTFSSFPMGWFRQAPGKGREFVAGISQSGGSTHYSDSVKGRFTISRENAKNTVYLQMNSLKPEDTAVYYCAARGRTLALRNYAYTTEVGYDDWGQGTQVTVSS
seq3397,EVQLVESGGGLVQAGGSLRLSCAASETIFASAMGWYRQPPGKQRELVARITRGGSTNYAESVKGRFAISRDNADSTLYLRMNNLKPEDTAVYYCNADTIGHSSSYITYWGQGTQVTVSS
seq3398,EVQLVESGGGLVQPGGSLTLSCAASGTAVSNLSIAWYRQAPGKKRELVAGISDDGSTVYVDSVKGRFTISRDNAKNSVYLQMNSLRAEDTAVYYCYAYEWTNALPYWGQGTLVTVSS
seq3399,EVQLVQSGGGLVQPGGSLRLSCAASGFTFDDYGKTWVRQAPGKGLEWVSSIYIFVGNTYYADSVKGRFTISRDNAGNTLYLQMTNLKPEDTAKYFCVKSPEWTYYYGMDSWGKGTLVTVSS
seq3400,GSLRLSCAASGRTFSLSMMGWFRQAPGKEREFVAGISWSRGSTYYADSVKGRFTISRDNTKNTVILQMNSLKPEDTAVYVCAARRRGYISIPTTPDEFDYWGQGTQVTVSS
seq3401,EVQLVESGGGLVPAGGSLRLSCAASGLTDRRYTMSWFRQDPGKEREFVAAVPLSGNTYYADPVRGRFTISRDNAKNTVDLQMNSLKPEDTAVYYCAARASGSIFNRGSYAYWGQGTQVTVSS
seq3402,EVQLVESGGGLVQPGGSLRLSCAASGRTFSRYIMGWFRQAPGKEREFVAAISWSGGDNTYYADSVKGRFTISADNSKNTAYLQMNSLKPEDTAVYYCAAYRIVVGGTSPGDWRWGQGTLVTVSS
seq3403,EVQLVESGGGLVQPGGSLRISCAASGFTFGSYDMAWVRQAPGKGLEWVSGINSGGGNAMYADSVKGRFTISRDNAKNTLYLQMNSLKPEDTAVYYCNVGDWYSRGSYYYAYPYWGQGTQVTVSS
seq3404,EVQLVESGGGLVQAGGSLRLSCVPSTTIRSINLMAWYRQAPGKQRELVASISGGGSINYADSVEGRFTISRDSAKNAVYLQMNSLELEDTAVYSCNVRVILRSGTASWYRDYWGQGTQVTVSS
seq3405,EVQLVESGGGLVQAGGSLRLSCAASGRTFSRYVMGWFRQAPGKEREFVAVINWSGGSTDYSTYVKGRFTIFRDNAKNTVFLEMTSLEPEDTAVYYCAAGEYYTGDSSRYDHWGQGTPVTVSS
seq3406,QVQLQESGGGLAQAGGSLSLSCAASGFTVSNSVMAWYRQTPGKQREFVAIINSVGSTNYADSVKGRFTISRDNAKNTVYLQMNNLKPEDTAVYVCNRNFDRIYWGQGTQVTVSS
seq3407,DVQLVESGGGVVQPGGSLRLSCAASGFILDYYAIGWFRQAPGKEREGVLCIDASDDITYYADSVKGRFTISRDNSKNTVYLQMNSLRPEDTAVYYCATPIGLSSSCLLEYDYDYWGQGTLVKVSS
seq3408,AVQLVESGGGLVQAGGSLRLSCAASGRTLSAYDMGWFRQAPGKERELVGGIRWSGGTTLYPDSVKGRFTISRDNAKNTVYLQMNSLKPEDSAVYYCYARTVIGGFGAFRAHWGQGTQVTVSS
seq3409,AVQLQESGGGLVQDGDSLRLSCAASGRTFSSYVMGWFRQAPGKEREFVAAIGWSGGSTAYADSVKGRFTISRDNARNTVYLQMNSLKPEDTAVYYCASAPTRWVPRDSRFYDRWGQGTQVTVSS
seq3410,DVQLVESGGGLVQPGGSLRLSCAAPGSIFSDGAMGWYRQAPGKQRELVAVISGGRTGYADFVKGRFTISRDNGKNTVNLQMNRLEPEDTAVYFCNTYPFPIYKKGYPFWGQGTQVTVSS
seq3411,EVQLVQSGGGLVQAGGSLRLSCAASGGTFATSPMGWLRQAPGKGTEFVAAISPSGGDRIYADSVKGRFTISRDNAGNFIYLQMNSLKPEDTAVYYCAVRRRFDGTSYYTGDYDSWGQGTLVTVSS
seq3412,EVQLVESGGGWVQAGDSLRLSCAASGRTLSSYAMAWFRQAPGKERDFVTGITWNGGSTYYADSVKGRFTISRDNAKNTVYLQMNSLKPEDTAVYYCAADQNTYGYMDRSDYEYDYWGQGTQVTVSS
seq3413,EVQLVESGGGLVQAGGSLRLSCAASGRTFSRDVMGWFRQAPGKEREFVAAKTWSGASTYYADSVRGRFTISRDNAKNAVYLQMNSLKPEDTAVYYCAARDSSTLDSTYYVGGSYNYWGRGTQVTVSS
seq3414,EVQLVESGGGLVQPGGSLTLSCAASKSSVSHLSLAWYRQAPGKKRELVAGISADGSHVYTNSVKGRFTISRDNAKNSVYLQMNSLRAEDTAVYYCYAYSQTTRDPYWGQGTLVTVSS
seq3415,QVQLVESGGGSVEAGGSLRLSCAASGFRYAAYCMGWFRQADGKEREGVATIDIDGQTTHADSVKGRFTISRDNVKNTLSLQMNDLKPEDTAMYYCAADRDRCGSIWTYAYKYRGQGTQVTVSS
seq3416,EVQLVESGGGLVQPGGSLRLSCAVSISIFDIYAMDWYRQAPGKQRDLVATSFRDGSTNYADSVKGRFTISRDNAKNTLYLQMNSLKPEDTAVYLCHVSLYRDPLGVAGGIGVYWGKGALVTVSS
seq3417,QVRLVESGGGSVQAGGSLRLSCAASGYSFRGDFMCMGWFRQTPGKGREGVAVFYPGGGSTNYADSAKGRFTISQDNAKNTMYLQMNTLKPEDTAMYYCAARRWVSGTCYWDSDFHYWGQGTQVTVSS
seq3418,EVQLVESGGGVVQPGGSLKLSCVASGTDFSINFIRWYRQAPGKQREFVAGFTATGNTNYADSMKGRFTISRDNTKNAVYLQIDSLKPEDTAVYYCYMLDAWGQGTQVTVSS
seq3419,QVQLVESGGGLVQAGGSLRLSCAASGRAFSSYAMGWFRQAPGKERELVAAISWSDDSTYYANSVKGRFTISRDNAKSAVYLQMNSLKPEDTAVYYCAAHKSLQRPDEYTYWGQ
seq3420,QVQLVESGGGLVQPGGSLRLSCTISGFTFDRFPMTWYRQVPGMERELVARVSTTGLTEYFANALEGRFTASRDNAKNTGYLQMNDLKPGDTAVYYCNVVPPLRQWGQGTQVTVSS
seq3421,QVQLQDSGGGLEQAGGSLRLSCAVSGRTSSTYAMGWFRQAPGKEREFVAAISWSGGSIHYADSVKGRFTISRDNAKSTVYLQMNSLKPEDTAVYYCAGNFAAWVGRNNAYIRGDEYNYWGQGAQVTVSS
seq3422,EVQLVESGGGLVQAGGSLRLSCAASGFTFDDYAIGWFRQAPGKEREGVSCIRCNDGSTYYADSVKGRFTISSDNAKNTVYLQMNSLKPEDTAVYYCAADFSLAQYKTIHTMPPYAMDYWGKGTLVTVSS
seq3423,EVQLVESGGGEVQPGGSLRLSCAASGSTLNIDHIGWYRQAPGKERELVGVISSGAGPNYAESVKGRFTISRDNAKNTVYLQMSSLRAEDTAVYYCNAWIDYGSGLPQNYWGQGTLVTV
seq3424,EVQLVESGGGLVQAGGSLSLSCAASGASGIIYSINAMGWYRQAPGKQREVVAVVTNGGSTEYADFVKGRFTVSREYAKNAVYLQMNSLKPEDTAVYYCYARGIIARWGSAPGNYWGQGTQVTVSS
seq3425,QVQLVESGGGLVQPGGSLRLSCAASGRTFSSYAMGWFRQAPGMEREFVASIRWSDQTTYVPNSVKGRFTISRDNSKNTLYLQMNSLRPEDTAVYYCATGPTRLSFYSGNYRTYDSWGQGTLVTVSS
seq3426,QVQLQDSGGGLVQVGDRLSLSCAASGRTFSSYDMAWFRQAPGKEREFVAAITTSEGTWYGDAGKGRFTIARVNAKNTVYLHMNRLKPEDTAVYYCAASNQGGSLQISTNYNYWGQGTQVTVSS
seq3427,EVQLVESGGGLVQAGGSLSLSCAASARAFSNYAMGWFRQVPGREREFVAVITRSPSNTYYTDSVKGRFTISRDNAKNIVYLQMNSLKPEDTAVYYCAAHYWNSDSYTYTDSRWYNYWGQGTQVTVSS
seq3428,QVQLQESGGGLVQAGGSLRLSCAASGGFDSRNAMGWYRQAPGKRREWVATITSDGRTNYADSVKARFTISRDNSKNTVYLQMNSLKPEDTAVYYCNAAPPIFGSWGQGTQVTVSS
seq3429,EVQLVESGGGLVQAGGSLRLSCAASGRTFSSYVMGWFRQATGKEREFVATIAWDSGSTYYADSVKGRFTISRDNAKNTVHLQMNSLKPEDTAVYYCAASYNVYYNNYYYPISRDEYDYWGQGTLVTVSS
seq3430,EVQLLESGGGEVQPGGSLRLSCAASGRTVSNYAMGWFRQAPGKDREFVSALNWGGDTTYYAESVKGRFTISRDNAKNTLYLQMSSLRAEDTAVYYCAAAQSFRRGGAPYGDNYWGQGTLVTVKP
seq3431,EVQLVESGGGVVQPGGSLRLSCAASGGTFSTYVMGWFRQAPGKEREFVAAISQNSIHTYYADSVKGRFTISRDNSKNTVYLQMNSLRPEDTALYYCAASRFTSWYTADYEYDYWGQGTLVTVSS
seq3432,EVQLVESGGGLVQPGGRLRLSCAASGFTLDYYALAWFRQAPGKEREGVSCISSSEGSTDYADYADSVKGRFTISRDTAKNTVYLQMNNLKPEDTAVYYCATDETTFFSGSCTLSAATFGSWGQGTLVTVSS
seq3433,EVQLVESGGGLVQPGGSLRLSCEASGNIFKINVMGWYRQAPGKQREWVAAIISGGSTNYADSVKGRFTISRDNAKNTVYLQMNSLRPEDTAVYYCNAILTYNDYDLGSDYWGQGTLVTVSS
seq3434,EVQPVESGGGLVQTGGSLRLSCAASGRTFSNYTMGWFRQAPGKDREFVAAISRSGNLKAYADSVKGRFTISRDNAKKMAYLQMNSLKPEDTAVYYCAAAPVPWGTRPSLFTYDSWGQGTQVTVSS
seq3435,VQLQESGGGLVQAGDSLRLSCAGSGRTISNHAMGWFRQAPGKEREFVAAISWTGLTTNYADSVKGRFFISRDDAENTVYLQMNSLEPEDTAVYYCAARQSGYVSKFVDDYGYWGQGTQVTVSS
seq3436,EVQLVESGGALVQPGESLRLSCVVSGDTSTYHAIGWFRQAPGKGREGVSCINRSDGTTAYADSVKGRFTISRDKAKNTVYLQMNALRPEDTAVYSCAADPMLYCDTDYEPQTTDFTSWGRGTQVTVSS
seq3437,VQLQESGGGSVQTGGSLRLSCAASTSIYSNNYMAWFRQAPGKGREGVAAVYIDDGRTYYADSVKGRFAISLDSAKNTVYLQMNSLKPEDTAMYYCAAAPGPLSRHYWYTSANYDYWGPGTQVTVSS
seq3438,VQLVESGGGLVQPGGSLRLSCAASGSTFGDSDMGWYRQAPGKGCELVSIISSDGRTYYVDSVKGRFTISQDNAKNTLYLQMNSLRPEDTAVYYCAADLRLNCRDGRCCGYWGQGTLV
seq3439,DVQLVESGGGLVQPGGSLRLSCAASGFKITHYTTGWFRQAPGKEREFVCRITWGGDNTFYSNSVKGRFTCSRDNSKNTVYLQMNSLRAEDTAVYYCAAGSTSTATPLRVDYWGQGTLVTVSS
seq3440,EVQLVESGGGLVQPGGSLRLSCAASGSIASIHAMGWERQAPGKEREEVAVITWSGGITYYADSVKGRFTISRDNSKNTVYLQMNSLRPEDTAIYYCAGDKHQSSWYDYWGQGTLVTVSS
seq3441,EVQLMESGGGLVQAGGSLRLSCAASGRTVSDYGMGWFRQAPGKLREFVASINWSGIYTRYIDSVEGRFTISRDNTKNTLYLQMNNLKAEDTAVYYCAYFLGPNWYSNYGRPSSYDFYGQGTQVTVSS
seq3442,QVQLVESGGGLVQPGGSLKVSCTASGFTFNNYAMRWVRQAEGKGLEWVSSIDSGGDRTKYGDSVKGRFSISRDNAKNTVYLQMDALKPEDTGVYYCVSQGYIFWGQGAQVTVSS
seq3443,EVQLVESGGGLVQPGRSLTLSCAASTNITSISPMGWYRQAPGKQRELVAAISGFSTLYADSVKGRFTISRDNAKNSIYLQMNSLRPEDTALYYCNEVPWGDYHPRNVYWGQGTQVTVSS
seq3444,QVQLQESGGGLVQAGESLRLSCVASGLSFSEFVMTWFRQAPGKEREFVAAINWMDDRTYYGSSVKGRFFISKDNAKNTVYLQMNGLKPEDTAVYYCAASRDYYGHNANQYRYWGQGTQVTVSS
seq3445,EVQLVESGGGLVQPGGSLTLSCVASGSTSSINAMAWYRRAPGKQRELAAGISSDQSKVYADSAKGRFTISRDNAKNSVYLQMNSLRAEDTAVYYCYYFRTVSGSSMSYWGQGTLVTVSS
seq3446,EVQLVESGGGLVQAGGSLRLSCAASGSTFSIDVMGWFRQAPGKERELVAATGRRGGPTYYADSVKGRFTISADNAKNTVYLQMNSLKPEDTAVYYCAARTSYSGTYDYGVDWGQGTQVTVSS
seq3447,QVQLVESGGGLVQTGQSLRLSCAAAGRTFSVYAMGWFRQAPGKEREFVASVSWRTGFPNYADSVKGRFTISRGNAKNTVYLQMNNLIPADAAVYYCASRSGLWVGAPPSDPSHYDYWGQGTQVTVSS
seq3448,QVQLQESGGGLVQTGGSLRLSCTASGGTFSSYGMGWFRQAPGKERELVAHITFSTGSAYYEESVKGRFTISRDNAKNTVYLQMNSLKPEDTAVYYCAVRTGSQWYGGARASDYGYWGQGTQVTVSS
seq3449,EVQLQASGGGLVQAGGSLRLSCAASERTFSNARMAWFRQAPGQEREFVAAISWSGTTTNYADSVKGRFTISRDNAKNTVYLQMNSLKPEDTAVYYCAADGSWRGVCNNVYDYWGQGTQVTVSS
seq3450,QVQLQESGGGLVQPGGSLRLSCVPSQNIKSINAMAWHRQAPGKQRELVASITSDGSTNYADSVKARFTISRDNAKNTVYLQMNSLKPEDTAVYYCNADRVLYYTDRYDTANDVWGQGTQVTVSS
seq3451,VQLVESGGGLVQPGGSLRLSCAASGRTFVTYGMGWFRQAPGKGREFVSAISWSGSMTSYGDSVKGRFTISRDNAKNTLYLQMNSLRPEDTAVYYCAAALGAVVYTTREPYTYWGQGTLVTVSS
seq3452,QVQLVESGGGLVQTGDSLRLSCVASGGTFSRYAMGWFRQPPGKERDFVARIGYSGQSISYATSVEGRFAISRDNAKNTVYLQMNSLKPEDTAVYYCASLVSGTLYKPNYWGQGTQVTVSS
seq3453,QVQLVESGGGLVQPGGSLRLSCAASGSIESINRMAWYRQAPGQQREFVARISKGGSTNYPDSVKGRFTISRDNSKNTLYLQMNSLRAEDTAVYYCAAGPVWEQFWGQGTLVTVSS
seq3454,KVQLVESGGGLVQAGGSLRLSCAASGRTFSSYFMGWFRQAPGKEREVVATIRWSDGSTYYEDSVKGRFTISRDNAKNTVYLQMNSLKPEDTAVYYCAAAKGIGVYGYWGQGTQVTVSS
seq3455,EVQLVESGGGEVQPGGSLRLSCAASRRPFSSKTMAWFRQAPGKEREFVAAVRWIGGATRYTESVKGRFTISRDNAKNTVYLQMSSLRAEDTAVYYCAAGQAWGTKFTDYSDWGQGTLVTVKP
seq3456,EVQLVESGGGLVQAGGSLRLSCAASGRTINTYVMGWFRQAPGKEREFVARIDWSGSSTDYADSVKGRFTTSRDNAKNTVYLQMNGLKPEDTAVYYCAGSAYYSGYVTHRDFGSWGQGTLVTVSS
seq3457,QVQLQESGGGLVQPGGSLRLSCAASGFTLDYYYIGWFRQAPGKEREGVSCISSSHGSTYYADSVKGRFTISRDNAKNTVYLQMNSLKPEDTAVYYCATVAVAHFRGCGVDGMDYWGKGTQVTVSS
seq3458,EVQLVESGGGLVQPGGSLRLSCAASGLTFDDHSMGWFRQAPGKEREFVAAVPLSGNTYYADSVKGRFTISADNSKNTAYLQMNSLKPEDTAVYYCASFSGGPADFDYWGQGTLVTVSS
seq3459,EVQLVESGGGSVQAGGSLRLSCKVSGIMFSDKGMGWFRQAPGKERETVAATNWSGGSTYYADSVKGRFTISRDNYKNTLHLQMASLKPEDTGIYYCAAAGDSWNSRRIEDYDYWGQGTPVTVSS
seq3460,EVQLVESGGGLVQAGGSLRLSCAASGFTFDDYAIGWFRQAPGKEREAVSCISSSDGTYYADSVKGRFTISSDNAKNTVYLQMNSLKPEDTAVYYCAADLLRTAVGCLHYRGSYYPRTTIDYWGKGTLVTVSS
seq3461,VQLQESGGGLVQPGGSLRLSCAASARIFSIYAMVWYRQAPGKQREWVAAITTGGTTNYADSVKGRFTISRDNAKNTVYLQMNSLKPEDTAVYYCNAPGYWGQGTQVTVS
seq3462,EVQLVESGGGLVQAGGSLRLSCAASGFTFDDYAIGWFRQAPGKEREGVSCMRGRDGSTYYADSVNGRFTISSDNAKNTVYLQMNSLKPEDTAVYYCAAHTDFACYIGYYSDYDPHDYWGQGTQVTVSS
seq3463,EVQLVESGGGLVQAGGSLRLSCAASGFTFDDYAIGWFRQAPGKEREGVSCISSSDGSTYYADSVKGRFTISSDNAKNTVYLQMNSLKPEDTAVYYCAAGITPCSDYTQTYEYDVWGQGTQVTVSS
seq3464,EVQLVESGGGLVQIGGSLRLSCAASGRTFSSYAMGWFRQTPGKEREFVAAIGRNGGSIGYADSVKGRSTISRDNAKNMVYLQMNSLKPEDTAVYYCAATNKFSYSTLRNDYNYWGQGTQVTVSS
seq3465,QVQLQESGGGSVHPGGSLTLSCLASGFSLSNYGMGWFRQAPGKEREAVSCTSVPNGHIYYAESVKGRFTIVRDNAGNSVYLQMNSLKPEDAANYFCATTDCEAAHWGTWVNYYGQGTQVTVSS
seq3466,QVQLQDSGGGLVQAGGSLRLSCAASGRTFSSFRMGWFRRAPGEEREFVAFVRSNGTSTYYADSVEGRFTITRDNAKNTVYLRMDSLKPEDTAVYYCAAATRDYGGSFDYWGQGTQVIVSS
seq3467,DVQLVESGGGSVQAGGSLRLSCTVSGDPGINLYITWFRQPPGKEREAVGFINTDQNGIYIADSVKGRFTISQDKAKKTVYLEMNNLKLEDTAMYYCAAGVAASLSPHYGYNYWGQGTQVTVSS
seq3468,EVQLVESGGGLVQPGGSLRLSCAASGEEFSDHWMGWFRQAPGKEREFVGAIHWSGGRTYYADSVKGRFTISADNSKNTAYLQMNSLKPEDTAVYYCAADRRGLASTRAADYDWGQGTLVTVSS
seq3469,LQESGGGLVQAGDSLRLSCVASGRTFSNYTMGWFRQAPGKEREFVAHITGSGKLAYVADSVKGRFIISRDNAKNTVYLQMNNLKPEDTALYYCAATILARRPSPGAYDYWGQGAQVT
seq3470,QVQLQESGGGLVQSGGSLRLSCIASGSTVSGNTMGWYRQAPGKQRELVAVISSVGVSNVAQSVKGRFAISRDNAKNTVYLQMSSLKPEDTAVYYCNALGTGRANWGQGTQVTVSS
seq3471,EVQLVESGGGLVQPGGSLRLSCAASGFTFGSADMSWVRQAPGKGPEWVSAINSNGGSTYYAASVKGRFTISRDNAKNTLYLQMNSLKPEDTAVYYCAQGNWYTEEYHYWGQGTQVTVSG
seq3472,QVQLQESGGGLVQAGDSLRLSCAASGLTFSNYIMGWFRQAPGKEREFVAAITWGGGSTVYADSVEGRFTISRDGTKNTVSLQMNSLLPEDTAVYYCAAAGGSGRLRDLKVGQNYDYWGQGTQVTVSS
seq3473,QVQLQESGGGLVQTGASLRLSCVASGRTLSRYTMAWIRQAPGKGREFIGRITWTDGSTYYEDTMKGRVAISRDNVKNTIYLQMDNLKPEDTAVYYCAAGSNIGGSRWRYDYWGQGTQVTVSS
seq3474,EVQLVESGGGLVQPGGSLRLSCITSGETFKINIWGWYRQAPGKQRELVASLTIGGATNYADSVKGRFTISEDSAKNTVYLQMNSLKPEDTAVYFCNAKSRLYPYDYWDQGTQVTVSS
seq3475,EVQLVESGGGLVQAGGSLRLSCAASGFTLDDYAIGWFRQALGKEREGVSCISSSDGFTYYADSVKGRFTISSDNAKNTVYLQMNNLKPEDTADYYCAPFSATCNGDSSWWSVSRYFGSWGPGTQVTVSS
seq3476,EVQLVESGGGLVQPGGSLTLSCAASGSKVSFMSMAWYRQAPGKKRELVAGISVDGSTDYIDSVKGRFTISRDNAKNSVYLQMNSLRAEDTAVYYCYAYRWRTRYTYWGQGTLVTVSS
seq3477,DVQLVESGGGLVQPGGSLRLSCAASGRTFSSYVVGWFRQAPGKEREFVGAISGSGESIYYAVSEKGRFTISRDNSKNTLYLQMNSLRPEDTAVYYCTADQEFGYLRFGRSEYWGQGTLVTVSS
seq3478,EVQLVESGGGLVQPGGSLRLSCAASGSSFSINAMGWFRQAPGKEREFVAVVTRWSGARTVYADSVKGRFTISRDNAENTVYLQMNSLKPEDTAVYTCAADSTNRNSGAVYYTWAYDYWGQGTQVTVSS
seq3479,EVQLMESGGGLVQAGGSLRLSCAASGRTISSYTMAWFRQAPGKEREFVAYVFGGGEITDYADFVKGRFTISKDNAKNTGYLQMNSLKPEDTAVYYCAMECVGDVYRSRDYTYWGQGTQVTVSS
seq3480,QVQLQESGGGLVQPGGSLRLSCAASRTDISFNPMGWYRQAPGKQRELVATMTSGGTTGYADSVKGRFTISRDNPKNTLYLQMNSLEPEDTAVYYCHARGPRYATTGWFTDDYWGQGTQVTVSS
seq3481,EVQLQESGPGLVKPSQTLSLTCTVSGGSITSRYYAWSWIRQPPGKGLEWIGVIDYDGDTYYSPSLKSRVTISWDTSKNQFSLQLSSVTAEDTAVYYCARDPDVVTGFHYDYWGQGTQVTVSS
seq3482,QVQLVESGGDLVQPGGSLRLSCAASGFRVEGSAIGWFRQAPGKERDLVAAITRRGTTTYVDSVQGRFTVSRDNAKNTVYLQMNSLKPEDTAVYYCYAKPTVARAYWGQGTQVTVSS
seq3483,DVQLVESGGGLVQPGGSLRLSCAASGRSFSTYIMGWFRQAPGKEREFVATISRSGITTRSADSVKGRFTISRDNSKNTVYLQMNSLRPEDTAVYYCAAGPYVEQTLGLYQTLGPWDYWGQGTLVTVSS
seq3484,EVQLVESGGGLVQAGGSLRLSCVASGIAQSIRVMAWYRQPPGKQRDWVGTISSDGTANYADSVKGRFTISRDNAKKTMYLQMNSLKPDDTAVYYCRDVNRDYWGQGTQVTVSS
seq3485,DVQLQESGGGSVQAGGSLRLSCAASGYIDSSYYLGWFRQAPGKEREGVAAITDGGGSTYYADSVKGRFTISQDNAKNTVYLLMNSLKPEDTAIYYCAADPWGISTMTSLNREWYNYWGQGTQVTVSS
seq3486,EVQLVESGGGSVQPGGSLRLSCAASRSIGRLDRMGWYRHRPGEPRELVATITGGSSINYGDSVKGRFTISIDNSKNTVYLQMNSLRPEDTAVYYCNFNKYVTSRDTWGQGTLVQVSS
seq3487,DVQLQESGGGSVQAGGSLRLSCAVSGFSYSPYYMGWFRQAPGKEREGVAAIRKGIGTTYYADSVKGRFTFSQDDAKNTMYLQMNSLKPEDTAIYFCAVGHYRAYATTSFDPRRYDYWGQGTQVTVSS
seq3488,EVQLVESGGGLVQPGGSLRLSCAASGFTLDYYNIGWFRQAPGKEREWVSCITSSYGSTYYTDSVKGRFTISRDNAKNTVYLQMNSLKPEDTAVYYCAAPFAHYSDLCGVNGYDYWGQGTQVTVSS
seq3489,QVQLVESGGGLVQPGGSLRLSCAASGYIYSAYCMGWFRQAPGKEREGVAAIYIGGGSTYYADSVKGRFTISRDNSKNTLYLQMNSLRAEDTAVYYCAADVIPTETCLGGSWSGPFGYWGQGTLVTVSS
seq3490,CVQLLESGGGLVQFGGSLRLSCAASGNSFSISNMGWYHQAPGKERELVAIITSGGVAEYAASVKGRFTISRDYAKNTVYLQMNSLQPEDTAVYYCHCESGFPTLIAYWGQGTQVTVSC
seq3491,QVQLVESGGGLVQPGGSLRLSCLASGRIFSIGTMGLYRQAPGKQRELVATITSGGSTNYADSVKGRFTISRDGAKNTVYLQMNSLRPEDTAVYYCYANLKQGDYGYRFNDYWGQGTQVTVSS
seq3492,QVQLQESDPGLVKPSQTLSLTCTVAGGSITTNYYYWNWIRQPPGKGLEWMGAIHNSGNPVYNPSLKARTSISRDTSKNQFTLQLNSVTPEDTAAYYCARGSPYGSRWNYDYWGQGTQVTVSS
seq3493,EVQLVESGGGLVQPGRSLRVSYAASGFTFSSHYMSWVRQDPEKGLEWVSEIATGGTITSYADSVKGRFTISRDNANNMLFLQMNNLKPEDTALYYCVRRGRAIAFDVWGQGTLVTVSS
seq3494,EVQLVESGGGLVQAGGSLRLSCAASGRTFSSYVMGWFRQAPGKEREFVAAHSWYADYADSVKGRFSISRDNDKNTVYLQMNSLKPEDTAVYYCAASRSQGRRYANSYESWGQGTQVTVSS
seq3495,QVQLQESGGGLVQPGGSLRLSCATFGFPFDDYAIAWFRQAPGKEREGVSCISNTDSSTYYADSVKGRFTISSDNAKNTVHLQMSSLKPEDTAVYYCAADGNVWSPPICGSAGPPPGGMDYWGKGTQVTVSS
seq3496,EVQLVESGGGLVQAGGSLRLSCAASGVDASNSAMGWYRQAPGKQREWVARITGGGLIAYTDSVKGRFTISRDNAKSTVYLQMWSLEPEDTAVYYCNTINSRDGWGQGTQVTVSS
seq3497,EVQLVESGGGLVQSGGSLRLSCAASGLTLDDYAIGWFRQAPGKEREGVSSIRDNDGSTYYADSVKGRFTISSDNDKNTVYLQMNSLKPEDTAVYYCAAVPAGRLRFGEQWYPIYEYDAWGQGTLVTVSS
seq3498,QVQLVESGGGLVQAGGSLRLSCAASGRSTSDINIMAWYRQASGKQRELVANKARGGLPKYADSAKGRFTISRDNAKNTVYLEMNSLKPEDTAIYYCNAVLDWKLGEYWGQGTQVTVSS
seq3499,EVQLVESGGGPVQAGGSLRLSCANSGRTYRGYSMAWFRQSPGKEREFVAAITWSEGNAYYEDFVRGRFTISRDNAKNTLYLQMTNLKPEDTALYYCAAKIRPYIFKIAGQYDYWGQGTLVTVSS
seq3500,VQLVETGGGLVQAGASLRLSCAASGRTFSTDHMGWFRQAPQKEREFVAAINAWSGLSIYYADSVKGRFTISRDNDKKTAYLQMNSLKPEDTAVYYCAAKEMGRGWVPQSSDDYDAWGQGTQVTVSS
seq3501,QLQLVESGGALVQPGGSLRLSCAASGFTFDDYAMSWVRQAPGKGLEWVSHISGNGFSTFYAESMKGRATISRDNAKNTLYLQMNSLKSEDTAVYYCAKDDYGSGLYAYWGQGTQVTVSS
seq3502,DVQLVESGGGLVQPGGSLRLSCAASGLTFSIRVMGWFRQAPGKERDFVAAIMWSGGATYYADSVKGRFTISRDNAKNTVYLQMNSLKPEDTAVYYCKAVVVTTTPYSDYWGQGTLVTVSS
seq3503,QVQLQDSGGGLVQAGGSLRLSCAASGSIFSSDLMGWYRQAPGKEREAVARITRGGTTSYADSVKGRFTISRDNAKNTMYLQMNSLKPEDTAVYYCNARRSNYDRSWGDYWGQGTQVTVSS
seq3504,QVQLQESGPGLVKPSQTLSLTCTVSGGSITTSYYAWSWIRQPPGKGLEWMGVIGYDGSTYYSPSLKSRTSISRDTSKNQFSLQLSSVTPEDTAVYYCARDAGWYVGYEYDYWGQGTQVTVSS
seq3505,VQLVESGGGLVQPGGSLRLSCAASGFIFSLYTMRWHRQAPGKERELVATITSATGITNYADSVKGRFIISRDDAKKTGYLQMNSLKPEDTAVYYCNAVRTTVSRDYWGQGTQVTVSS
seq3506,EVQLVESGGGLVQAGGSLRLSCAASGRTFSSYTMGWFRQAPGKERTFVSAISWSGGVTTYADSVQGRFTISRDNAKNTMYLQMNSLKPEDTAVYYCARVRHTNWQIADYWGQGTQVTVSS
seq3507,EVQLVESGGGLVQAGGSLRISCEYSGRTFSTHRMAWFRQAPGKDREFVASLKWSDGETTYADSVKGRFTISRENAKNSLYLQMNNLEPGDTAVYFCAAGTWWPPSYDYWGQGTQVTVSS
seq3508,EVQLVESGGGEVQPGGSLRLSCAASGGTFSSYGMAWFRQAPGKEREWVASNSWIAGSTYYAESVKGRFTISRDNAKNTVYLQMSSLRAEDTAVYYCAADLLATADDEYDYWGQGTLVTVKP
seq3509,LQESGGGLVQIGASLRLSCAASGGTDSIYTMGWFRQAPGKEREFVAAMTRSGALTDYTDSVKGRFTISRDDAKNTVYLQMNSLKPEDTAIYYCAADKTTYWNIPRDEYDYWGQGTQVT
seq3510,EVQLVESGGGLVQAGGSLRLSCAASGFTFDDYDIGWFRQAPGKEREGVSCFTSSDGRTFYADSVKGRFTVSADNAKNTVYLQMNSLEPEDTAVYFCAAVNTFDESAYAAFACYDVVRWGQGTQVTVSS
seq3511,EVQLVESGGGLVQAGDSLRLSCVISGLSLDTYAVGWFRQAPGKEREGITCISSGHGMTYYADSVKGRFTVSTDNAKNTVYLQMNGLQPEDTARYYCATESRYYCSDNWPAPQRYIYWGQGTQVTVSS
seq3512,EVQLVESGGGLVQAGGSLRLSCAASGPTFSSYTMGWFRQAPGKEREFVATIPWSGGIPYYSDSVKGRFTMSSDNAKNTVDLQMNSLKPEDTALYYCAGSSRIYVYSDSLSEGSYDYWGRGTQVTVSS
seq3513,EVQLVESGGGLVQPGGSLRLSCAASGLTFDDYAMSWVRQAPGKGLEWVSTIYTHSRNTYYADSVKGRFTISRDNAKNTLYLQMNSLKSDDTALYYCAKEWVGSVVEGRYRGWGQGTLVTVSS
seq3514,EVQLVESGGGLVQSGGSLRLSCAASGRTFDQFTVGWFRQAPGKEREFVTAIRWSGSTTYRYYADSVKGRFTISRDNARNTVDLQMNSLKPEDSAVYYCAGQMSQWSDPRGDDYDSWGQGTLVTVSS
seq3515,EVQLVESGGGLVQAGDSLRLSCTASERPFSTYVMGWFRRAPGKEREFVGGITWSGINAWYTDSVLGRFTISSDNAKNTVYLQMNSLKPEDTAVYYCAAASGVGRYRYELQYDYWGQGTQVTVSS
seq3516,EVQLVASGGGLVQAGGSLRLSCAVSGTTFSVATLGWYRQAPGQQRALVADISSGGSTNYADSVRGRFTISRDNAKNLAYLQMNSLKPEDTAVYYCNARTSGWRTRSNYWGQGTQVTVSS
seq3517,EVQLVESGGGLVQAGGSLRLSCAASGMTTIGPMGWYRQGPGKQRELVARITGGGSTNYVDSAKGRFTISRHNAKNMVYLQMNNLKLDDTAVYYCNAYGSGSDYLPMDYWGQGTQVTVSS
seq3518,LQESGGGLVQAGGSLRISCSASGFTFEDYSIGWFRQAPGKEREAVSCISIEGGYTHYADSVKDRFTISSDNAKNTVYLQMNSLKPEDTAIYYCVAARVLWCTVAPENGYWGQGTQVT
seq3519,QVQLQESGGGLVQAGGSLKLSCADSGRSFSNYIMGWFRQAPGKEREFVAGLGWSPGNTYYADSVKGRFTISRDNAKNMVYLQMNSLNPEDTAVYYCAARRGDVIYTTPWNYVYWGQGTQVTVSS
seq3520,EVQLVESGGGLVQPGRSLTLSCAASTNIFSRSPMGWYRQAPGKQRELVAAIHGDSTLYADSVKGRFTISRDNAKNSIYLQMNSLRPEDTALYYCNKVPWGDYHPRNVTWGQGTQVTVSS
seq3521,EVQLVESGGGLVQPGGSLRLSCAASGRTFNAMGWFRQAPGKEREFVAAIRWSGDMSVYADSVKGRFTISADNSKNTAYLQMNSLKPEDTAVYYCAAQDRRRGDYYTFDYHWGQGTLVTVSS
seq3522,QVQLQESGGGLVQPGGSLRLSCAASGSTFSIYAVAWYRQAPGKRRELVAGISGGGVTNYPDSVKGRFTISRDNAKNTVYLQMSSLKPEDTAVYYCNLWPPRASPGGRVYWGQGTQVTVSS
seq3523,QVQLQESGGGLVQAGDSLSISCAASGDTFNHYSWGWFRQAPGKAREFVAAISWNGGSKYADSVKGRFAISRDIAKNTVSLQMNSLEPEDTAVYYCAADRRPYNDWWDDWSWWVYWGQGTQVTVSS
seq3524,QLQLVESGGGLVQPGGSLRLSCAASGFTFDDYAMSWVRQAPGKGLEWVSDISWNGGNTYYAESMKGRFTISRDNAKNTLYLQMNSLKSEDTAVYYCAKEGGAVVAGTVGYYGMDYWGKGTLVTVSS
seq3525,EVQLVESGGALVQAGGPPGLSCSASGLLFSRNSAGWYRQAPGKQREFVARIRMGGSINDGDSVKGRFTVSRDIDKNTMYLQMNDLKPENTAKYFCSSWREGFYKYWGQGTQVTVSS
seq3526,EVQLMESGGGLVQAGGSLRLSCAANGLTFRRYDMGWYRQAPGQQREWVAAISGAGDINYADSVKGRFTMARDNANHTVHLQMNSLKPEDTAVYYCNANWKMLLGVENDYWGQGTQVTVSS
seq3527,VQLQESGGGLVQAGGSLRLSCAASGFSSDDYTIAWFRRAPGKEREGISCISSSDGSTGYADSVKGRFTISSDNAKNTVYLQMTSLKPEDTAVYYCAADSNVWSPPICGKTWYGPPPGGMDYWGKGTQVTVSS
seq3528,EVQLVESGGGLVQPGGSLTLSCVASGSTSSINAVGWYRRAPGKQRELVAGISSDGSTVYADSVKGRFTISRDNAKNSVYLQMNSLRAEDTAVYYCYYFRTVSGHSMRYWGQGTLVTVSS
seq3529,QVQLQESGGGLVQAGGSLRLSCAASGSISSLNAMGWYRQAPGKQREWVAGITSGGSTNYADSVKGRFTILRDNAKNTVYLQMSSLKFEDTAVYYCNLWPPRASPSGAVYWGQGTQVTVSS
seq3530,QVQLVESGGGVVQPGGSLRLSCAASISIFDIYAMDWYRQAPGKQRELVAVSFRDGSTYYADSVKGRFTISRDNSKNTLYLQMNSLRAEDTAVYYCHVSLYRDPLGVAGGIGVYWGQGTLVTVSS
seq3531,EVQLVESGGGLVQPGRSLTLSCAASTNIFSSSPMGWYRQAPGKQRELVAAIHGFSTWYADSVKGRFTISRDNAKNSIYLQMNSLRPEDTALYYCNKVPWGRYHPRNVYWGQGTQVTVSS
seq3532,GSLRLSCAASGRTFSVSNMGWFRQAPGKERVFVAAIGWTTGSTYYADSVKGRFTISRDNTKNTVYLQMNSLKPEDTAVYRCAARRRGYSRVPMTPDEYEYWGQGTQVTVSS
seq3533,GLVQAGGSLRLSCAASGRTFSSYAMGWFRQAPGKEREFVAAISWSGGSTYYADSVKGRFTISRDNAKNTVFLHMNSLKPEDTAVYFCAAGMEILTRGHYGMDYWGKGT
seq3534,EVQLVESGGGLVQAGGSLRLSCAASGSILSSYTMGWFRQAPGKEREFVSTISRSSTRTYYADSVKGRFTISADNAKNTVYLQMNSLKPEDTAVYYCAARLWGTWTAGDYDYWGQGTQVTVSS
seq3535,EVQLVESGGGEVQPGGSLRLSCGPSEIITSDKSMGWVRQAPGKQRNLVAGISNVGSTNYAQSVKGRFTISRDNAKNTVYLQMSSLRAEDTAVYYCYARDFENEYWGQGTLVTVKP
seq3536,GQLVESGGGSVQAGGSLRLSCAASGIDSSSYCMGWFRQRPGKEREGVARINGLGGVKTAYADSVKDRFTISRDNAENTVYLQMNSLKPEDTAIYYCAAKFSPGYCGGSWSNFGYWGQGTQVTVSS
seq3537,QVQLVETGGLVQPGGSLRLSCAASGFTLDYSSIGWFRQAPGKEREGVSCISSSGDSTKYADSVKGRETTSRDNAKNTVYLQMNSLKPDDTAVYYCAAFRATMCGVFPLSPYGKDDWGKGTLVTVSS
seq3538,QVQLQQSGGGLVQPGESLRVSCAASGFTFSSYYMSWVRQAPGKGLEWVSAISTGGDTTYYADSVKGRFTISRDNAKNTLYLQMNSLKPDDTALYYCAREAVAGSDDYWGQGTQVTVSS
seq3539,QVQLQESGGGLVQAGDSLRLSCAASERTFSSDGMAWFRQATGKEREFVAGISRTGSATAYAEFVKSRFTISRDNAKNTVYLQMNSLKAEDTAVYYCAANSGGHWWRGATYDYWGQGTQVTVSS
seq3540,QVQLVESGGGLVQAGDSLRLSCAASGRTFSSYAMAWFRRPPGKAREFVALIRWSNGRTAVVDSVKGRFTASRDNAKNTGYLQMDSLKSEDTAVYYCAACDQALDPPRCNDWGQGTQVTVSS
seq3541,QVQLQESGGGLVQAGGSLRLSCAASGRTFSSYGMGWFRQAPGKEREYVAVINRFGGTYYADFVKGRFTISRDNAKNTVYLQMNSLKPEDTAVYYCAASRILGLSTAREDYNYWGQGTQVTVSS
seq3542,QVQLVESGGGLVQPGGSLRLSCAASGYTYSSYCMGWFRQAPGKGLEGVAAIDSDGRTSYADFVKGRFTISKDNSKNTLYLQMNSLKPEDTAVYYCATEQRIGGSWYDLCGGADFGYWGQGTLVTVSS
seq3543,VQLVETGGGLVQAGGSLRLSCAASGRYAMGWFRQAPGKEREFVATISRSGAIREYADSVKGRFTISRDGAENTVYLEMNSLKPDDTAIYVCAEGRGATFNPEYAYWGQGTQVTVSS
seq3544,EVQLVESGGGLVQPGGSLRLSCAASGDVHKINILGWYRQAPAKEREMVAHITIGDATDYAGSAKGRFTISRDEAKNMVYLQMNSLKPEDTAVYFCRAYSRIYPYNYWGQGTLVTVSS
seq3545,QVQLQESGGGLVQAGGSLRLSCVASGRTFSGYGMGWFRQVPGKEREFVAAIRWSGKETWYVDSVKGRFTISRDNAKTTVYLQMNSLKPEDTAVYYCAARPVRVDDISLPVGFDYWGQGTQVTVSS
seq3546,EVQLLESGGGLVQPGGSLRLSCAASGRTFNNYNMGWFRQAPGKGREFVAAVSRSGVSTYYADSVKGRFTISRDNSKNAVYLQMNSLRPEDTAIYYCGAAYRGTAINVRRSYDSWGQGTLVTVSS
seq3547,GGSVQAGGSLRLSCAASGDTYSSQCMGWFRQAPGKQREGVAVINSGSGSTAYADSVKGRFTISRDNAKNTVYLQMNSLIPEDTAIYYCAADSESYGCGYSIVPGFDYRGQGTQVTVSS
seq3548,QVQLQESGGGLVQPGGSLRLSCAATGSIYSLDAMGWYRQAPGEQRELVATWTSRGITTYADSVKGRFTISRDNAKNTVTLQMNILKPEDTAVYYCHAVVYYGDWEGSEPVQHEYDYWGQGTQVTVSS
seq3549,QVQLQESGGGLVQPGGSVRLSCAASVFTLNNFIMSWVRQAPGKGLERVSDINMVGITDYSDPVKGRFTISRDNKQNTVYLQGNTLKPEDTAVYFCAAGRPIGLYYPSPRIRDYNDWGQGTQVTVSS
seq3550,DVQLVESGGGLVQPGGSLRLSCAASGSIFTINAMAWFRQAPGKEREIVAAVNGGSSSTYVADSVKGRFTISRDNAKNTVYLQMNSLKPEDTAVYYCKAVVVTTTPYSDYWGQGTLVTV
seq3551,QLQLVESGGGLVQPGGSLRLSCAASGGTFITYAMGWFRQAPGKDREFVAGISWSGSSTYYTDSVKGRFTISRDNAQNTVYLQMNSRKPGDTAVYYCAAKISGATREHLRTSYDYGGQGTQVTVSS
seq3552,EVKLQQSGGGLVQSGGSLRLSCIASGSTVSDNTMGWYRQAPGKQRELVAVISSVGVTNVAQSVKGRFTISRDNAKNTVTVYLQMSSLKPEDTAVYYCNALGTGRGNWGQGTQVTVSS
seq3553,EVQLVESGGGLVQPGGSLRLSCAASGFTFSTNIMTWVRQAPGKGLEWISTINSGGGTTTYADSVRGRFTISRDNAKNMLYLQMSSLKPEDTALYYCITPRGVKGRGTQVTVSS
seq3554,QVQLQESGGGLVQPGGSLRLSCTASGFTFSTYYMSWVRKAPGKGPEWVSVMNSSGGDTRYADFVKGRFTISRDNAKNTLYLQMNSLKPEDTALYYCAQGRSDIYPTFTRGQGTQVTVSS
seq3555,VKLQQSGGGLVQPGGSLRLSCAASGFTFRNYAMSWVRQAPGKGLEWVSAIAAGGAVTKYADSVKGRFTISRDNARDTLYLQMNSLKPEDTAVYYCAKPRDFWYSPEFDFRGQGTQVTVSS
seq3556,QLQLVESGGGLVRAGGSLRLSCAASGCTFSSYAMGWFRQAPGKEREFVAAISWSGGSTYYADSVKGRFTISRDNAKNTVYLQMNSLKPEDTAVYYCAAEAVVAGLLRPPPYEYDYWGQGTQVTVSS
seq3557,QVQLQESGGGLVQAGDSLRLSCAASEGTFSNYRMGWFRQAPGKEREFVAAISRDGAVPLSGNSPLGRFTISRDNAKNTLYLQMNSLKPEDTAVYYCAASRQGLPYVETSYDYWGQGTQVTVSS
seq3558,VKLEESGGGLVQAGGSRRLSCATSGLTFRNFHMAWFRQVAGKEREVVAAISWSRDRQYYPDPVKGRFTITRDNAKNTVYLQMNSLKPEDTAVYYCAARTASASGDWYKGSYQYWGQGTQVTVSS
seq3559,QVQLQESGGGLVQPGGSLRLSCGATGIIFSINDMGWYRQAPGKQRELVAEITRGGSTNYADSVKGRFTISRDNAKNTVYLQMNSLNPEDTAVYYCNAAHTFSGSFWGQGTQVTVSS
seq3560,QVQLVESGGGSVQAGGSLRLSCTASGGSEYSYSTFSLGWFRQAPGQEREAVAAIAEAHVMHKVAPRPDSVKGRFTISRDNAKNTVTLQMNNLKPEDTAIYYCAAVRGYFMRLPSSHNFRYWGQGTQVTVS
seq3561,QVQLVESGGGLVQAGDSLRLSCVVSGRTFSVYGVGWFRQAPGKEREVVAAVSASGGYTWYADSVKGRFTISRDNAKSTAFLQMNSLQPEDTAVYYCKAAPRWGGATAYWGQGTQVTVSS
seq3562,VQLQESGGGSVQAGETLRLSCTASGDTFDASGVGWFRQVSGNECDLVSSINRDGTTYYAPSVAGRFTMSQNNAKNTVYLQMNSLKPDDTAVYYCATDPAVGIVVRSTCRGPFGYWGQGTQVTVSS
seq3563,EVQLVASGGGLVQTGGSLRLSCAASGSGFSIDGMNWSRQAPGKGRELVGYITSSGSTDYADSVKGRFTISRDNADNTVYLQMNSLKPEDTAVYYCAVATRSRLGLQQNYWGQGTQVTVSS
seq3564,VKLVESGGGSVQAGGSLRLSCAASGYTYSSNFMGWFRQAPGKEREGVATIVSGGGTTYYADSVRGRFTISQDNAKNTVYLQMNSLKPEDTAMYYCAAGGPVTNAPRWYPLRPPGYNYWGQGTQVTVSS
seq3565,VQPGGSLRLSCAASGSIFTINAMGWYRQAPGKQREEVAAITSGGSTNYADSVKGRFTISRDNAKNTVYLQMNSLKPEDTAVYYCKAVVVTTTPYSDYWGQGTLVTV
seq3566,EVQLVESGGGLVQAGDSLRLSCEASGGTFSNYAAWFRQGPGKGRELVVSIFRSGTITYTADSVKGRFTASRVNTKNTVYLQMNSLKPEDTGIYYCASAYNPGIGYDYWGQGTQVTVSS
seq3567,EVQLVESGGGLVLAGGSLRLSCVHSGPTFWTDTMGWFRQAPGKEREFVAAVTWSSGRANYADSVKGRFTVSRDNTRNAAYLQMSGLKDEDTAVYYCTAHRGVVGGWVVVDWRYWGQGTQVTVSS
seq3568,EVQLVESGGGLVQPGGSLTLSCAASGDSVSFLSMAWYRQAPGKKRELVAGISDEGSTVYIGSVKGRFTISRDNAKNSVYLQMNSLRAEDTAVYYCYAYSWTTRRQYWGQGTLVTVSS
seq3569,EVQLVESGGGLVQAGGSLRLSCSSSGFTSTDYAIGWFRQAPGKARTGVSIISRSDGSTWYADSVKGRFTISSDNAKNTVYLQMNSLKPEDTAVYYCAAQLRHNFGMGDYDYWGQGTQVTVSS
seq3570,QVQLVESGGGVVQPGGSLRLSCAGSFSGYGVSTMAWFRQAPGKGREGVAAITVGSGNTYYADSVTGRFTISRDNSKNTVYLQMNSLRAEDTAMYYCAAGWLSGGSWHVPGRYNYWGQGTLVTVSS
seq3571,QVQLQESGGGLVQPGGSLRLSCAASGSIFRLNAMGWYRQAPGKQRELVAAITPGGGNTTYADSVKGRFTISRDNALNTIYLQMNSLKPEDTAVYYCNAGGSSRWYSSRYYPGGYWGQGTQVTVSS
seq3572,VQLQQSGGGLVQPGGSLRLSCAASGSIFSINSMAWYRQAPGNQRELVATISSRSTTYYAPSVKGRFTISRDNAKNIVYLQMNSLKPEDTAVYYCKAGSVGRVYWGQGTLVTVSS
seq3573,DVQLQESGGGSAQPGGSLRLSCAVSGSTASMYCLAWFRQAPGKEPEGVAAISGDDKGFTNYADSVKGRFTISQNKANKTVNLQMNSLKPEDTAIYYCAVDARATTTGERLHARTYEFWGQGTQVTVCS
seq3574,QVQLQESGGGLVQPGNSLRLSCAASGFAFGNFGMSWVRQAPGKEPEWVSSIDSIGSDTLYADFVKGRFTISRDNAKSTLYLQMNSLKPEDTAVYYCTIGGSLSRSSQGTQVTVSS
seq3575,LQESGGRLVEAGGSLRLSCAVSGGTFSWYAMGWFRQAPGKEREFVATISRGGGSSYYADSVKGRFTISRDNVKNTVYLQMNSLKPEDTAVYYCAAGRGAPSDTGRPDEYDYWGQGTQVT
seq3576,QVQLQESGGGLVQPGGSLGLSCAASGSIFSINSMGWYRQAPGKQRELVAAITSDGSTNYADSVKGRFTISRDNAKNTVYLQMNSLKPEDTAVYVCNADSVYSDFLGKYEYDYWGQGTQVTVSS
seq3577,QVQLQESGGGLVQAGGSLRLSCAASGITFSTFAMGWYRQAPGKQRELVAQISNDGYINYADSVKGRFTISRDNAKNTVSLQMNSLKPDDTAVYSCRAGTFYWGQGTQVTVSS
seq3578,QVQLQESGGGLVQAGGSLRLSCAASGRTFSVYAVGWFRQAPGKEREFVGYFGTRGGRTYYADSVKGRFTIAIDNAKNTVYLQMNSLKLDDTAVYYCAVRMPYSGDYRSSGTYDYWGQGTQVTVSS
seq3579,EVQLVESGGGLVQAGDSLRLSCIDSGRTFSDYPIGWFRQAPGKEREFVAAIYPTDDNPTGPNAYYADSVKGRFTISRDNAKNTVYLQMSSLKPEDTAIYSCAVASGGGSIISARRYDYWGQGTQVTVSS
seq3580,QVQLQQSGGGVVQAGGSLSLSCSPYQRASSLFAMGWFRQSPGKEREFVAGISWNGDKSQYADSVKDRFTISRDNDKNTVFLQMNSLKPEDTAVYYCAAHRASFELGFATHDYDFWGQGTQVTVSS
seq3581,QVQLVESGGGLVQPGGSLKLSCAASGFTLGHHRVGWFRQAPGKKREGVACISATGLSTHYSDSVTGRFTVSRDNLNNVAYLQLNSLKPEDAGVYYCASRFSLNSVDANMCLSEPQYDNWGQGTQVRISS
seq3582,EVQLVESGGGVVQPGGSLRLSCAASRSIGRLDRMGWYRHRPGEPRELVATITGGSSINYGDSVKGRFTISIDNSKNTVYLQMNSLRPEDTAVYYCNFNKYVTSRDTWGQGTLVQVSS
seq3583,QVQLQESGGGLVQAGDSLRLSCKGSGRNFGSYNMGWYRQAPGKEREFVAAVAWIGGTTYYADSVKGRFTISRDNAERMVYLQMTNLKPEDTAIYYCNADIERRPLFGSWGPGTQVTVSS
seq3584,EVQLVESGGGLVQAGGSLRLSCAASGFTFDDYAIGWFRQAPGKEREAVSCISSSDGVTYYSDSVKGRFTISSDNAKNTVYLQMNSLKPEDTAVYYCAADLLRTAVGCLYYRGTYYPRTTMDYRGKGTLVTVSS
seq3585,QVQLVESGGGLVQPGGSLRLSCSASGSISSIVTMGWYRQAPGKERELVAVIGNYGNTNYADSVKGRFTVSRDNAKNTVYLQMNSLNVEDTAMYVCKFSSTVAPHEYWGQGTQVTVSS
seq3586,EVQLVESGGGVVQPGGSLRLSCAASGFAFSSNWMYWVRQAPKKGLEVVSLINPGANGYYLESVKGRFTISRDNGRNMMYLQMNSLKPEDTAVYFCAGDPNSPVAYWGQGTQVTVSS
seq3587,EVQLVESGGGLVQPGGSLRLSCAASGRTFVTYGMGWFRQAPGKGLEFVAAIQWSGSMTSYGDSVKGRFTISRDNSKNTVYLQMNSLRAEDTAVYYCAAALGAVVYTTREPYTYWGQGTLVTVSS
seq3588,EVQLVESGGGLVQPGGSLRLSCATSGTIFSNNAMGWYRQAPGKKRDLVASISNSGSTNYADFVKGRFTVSRDNDKNTGYLQMNSLKPEDTGVYYCTVDARRGWNTAYWGQGTQVTVSS
seq3589,EVQLVESGGGVVQPGGSLRLSCAASGLTFSSYAMGWFRQAPGKEREFVVSISRGGGYTYYADSVKGRFTISRDNSKNTVYLQMNSLRPEDTATYYCAAARYWATGSEYEFDYWGQGTLVTVSS
seq3590,VQLQESGGGLVQAGGSLRLSCAASGTMSSINAMGWYRQAPGKQRELVAGILSDGTTKYVESVKGRFTISRDNAKNTVHLQMNSLKVEDTAVYYCNFFPPPVPASWGQGTQVTVSS
seq3591,AVQLVDSGGGLVQPGGSLRLSCAASGSIFSRLAMDWYRQAPGKQRELVASIAVSGTTMLDDSVKGRFTISRDNAENTVYLQMNSLKPEDTAVYYCMAFDGYTGSDYWGRGTQVTVSS
seq3592,EVQLVESGGGLVQAGGSLRLSCAASGRTFSDYVMGWFRQARGNEREFVAAISESGGRTHYADAVKGRFTISRDNAKNTLYLQMNSLKPEDTAVYYCATTLLWWTSEYAPIKANDYDYWGQGTLVTVSS
seq3593,VQLVESGGGSVQAGESLRLTCMSSGHAFATNTMAWFRLVAGKEREFVAAASRGIETALYADSVRGRFTISRDNAKNTVYLQMNSLKSEDTAVYYCAQSIDRTGYSLGNIRSYSYWGQGTQVTVSS
seq3594,QVQLQESGGGLVQPGGSLRLSCAASGRVFSINAMGWYRQAPGKQRELVAAITNQGATTYADSVKGRFTISRDTAGNTVYLQMNSLRPEDTAVHYCKAFTRTDDYWGQGTQVTVSS
seq3595,KVQLVESGGSLVPPGGSLRLSCAASGFTFDDYAMTWVRQAPGKGLEWVSSINWSGTHTDYTDSVKGRFTISRNNANNTLYLQMNSLKSEDTAVYYCAKNWGDAGTTWFEKSGSAGQGTQVTVSS
seq3596,EVQLVESGGGLVQPGGSLRLSCAASGRIFTNTAMGWFRQAPGKEREGVAAINWSGGSTAYADSVKGRFTISADNSKNTAYLQMNSLKPEDTAVYYCARTSGSYSFDYWGQGTLVTVSS
seq3597,QVQLVESGGGLVHRGGSLRLSCAASGSISSINIMGWYRQAPGKERELVARITNIGLPNYADSVKGRFTISRDNAKSTVYLQMNSLNAEDTAVYYCYLVALKAEYWGQGTQVTVSS
seq3598,QVQLQESGGALVQPGGSLRLSCLLSGGSLRNYAMGWFRQGLGLEREFVSAISWSGGIIKFADSVKGRFTISRDNAKNTFDLQMNRLKPEDTGVYYCAAKENVRHLIGSPWYLGPYDYWGPGTQVTVSS
seq3599,QVQLVESGGGLVQPGGSLRLSCAASGSTFSSSSVGWYRQAPGQQRELVAAITSGGSTNTADSVKGRFTISRDNAKNTVYLQMNSLRAEDTAVYYCNVAGRNWVPISRYSPGPYWGQGTLVTVSS
seq3600,EVQLVESGGGLVQAGGSLRLSCASSGSTFSIDVMGWYRQAPGKVRERVAIIGTGGFPVYADSVKGRFTISRDNAKNTVYLQMNSLKPEDTAVYYCNAARLVALGSWGQGTQVTVSS
seq3601,EVQLLESGGGEVQPGGSLRLSCAASGLTFPNYGMGWFRQAPGKEREFLAVIYWSGGTVYYAESVKGRFTISRDNAKNTVYLQMSSLRAEDTAVYYCAVTIRGAATQTWKYDYWGQGTLVTVKP
seq3602,EVQLVESGGGLVQAGGSLRLSCAASGRTFSTYAMAWFRRAPGKEREFVVAIRWSGDRTYYADSVKGRFTISRDNAKNTVYLQMNSLKPEDTAVYYCALRRFSGFDYSGNYYAWDAYDYWGQGTQVTVSS
seq3603,QVQLVESGGGLVQPGGSLRLSCAASGFTFSGYVMSWVRQAPGKGLEWVASIGSGGGYPSYTDSVEGRFTISRDNAKNTLYLLMDNLKPDDTAVYYCEMLGRRGQGTQVTVSS
seq3604,EVQLVESGGGLVQDGGSLRLSCAASGQLANFASYAMGWFRQAPGKAREFVAAIRGSGGSTYIADPARSTYYADFVKGRFTISRDNAKNTVYLQMNSLKPEDTAVYYCACETFNSISNLPGEYDYWGQGTQVTVSS
seq3605,QVQLQDSGGGLVQAGGSLRLSCAASGGTFSSYAMGWFRQAPGKEREFVAAIGLNTYYADSVKGRFTISRDNAKNTVYLQMNSLKPEDTAVYYCAARTSGVVGGTPKRYDYWGQGTQVTVSS
seq3606,QVQLVESGGGLVQPGGSLRLSCAASGFTFSNYYMTWVRQAPGKGLEWVSSIYSFSGDTAYADSVKGRFTISRDNAKNTLYLQMNKLKSEDTAVYYCTRDLGGVVVTANGYDYWGQGTQVTVSS
seq3607,QVQLQESGGGLVQPGGSLRLSCAASGRTFINYGMAWFRQSPGKEREFVAAVSSSGAGTAYVEPVKDRFTISRNNTKNTVYLQMNSLKPEDTALYYCAAAKAGQWGRYANYDYWGQGTQVTVSS
seq3608,EVQLVESGGGLVQPGGSLRLSCAASGGTLSAMAWFRQAPGKEREFVAGVSWSGSSTTYADSVKGRFTISRDNAKKTVSLQMSSLRPEDTAVYSCAKVRDSNWKIADYWGQGTQVTVSS
seq3609,QVQLQASGGGVVQSGGSLRLSCVASGNIFRINAMGWYRQAPGKQRELVAHIISGGSTNYADSVKGRFTISREYAKNMVYLQMNSLKPEDTAVYYCNARTFVRTYWGQGTQVTVSS
seq3610,EVQLVESGGGLVQAGGSLRLSCVASGHTFSSYAMGWFRQAPGKEREFVAAINWSSRSLVYADSVKGRFTISRDNAKNTVYLQMNSLKLEDTAVYYCAAGSAYVAGVRRRNAEYDSWGQGTQVTVSS
seq3611,QVQLQDSGGGLVQAGGSLRLSCAATGNMARINALNWYRQTPGKQRESVAVFSESGTANYDDSVKGRFTISRGATKDIAYLQMNNLQPEDTAVYFCNAERSSGWYSGRYYRSATYWGQGTQVTVSS
seq3612,QVQLQESGGGSVQAGEALRLSCVGSGYTSINPYMAWFRQAPGKEREGVAAISSGGVYTYYADSVKGRFTISRDNAKNTMYLHMPNLKPEDSAKYYCAADFRRSGSWNVDPLRYDYQHWGQGTQVTVSS
seq3613,EVQLVESGGGLVQAGGSLRLSCAASGSIASIHAMGWFRQAPGKEQEFVADIRTSAGRTYYADSVKGRFTISRDNAKNTVYLQMNSLKPEDTALYYCAAEMSGISGWDYWGQGTLVKVSS
seq3614,QVQLVESGGGLVQPGGSLRLSCVASGFTFSSAYMSWVRQAPGKGPEWVSTISTGGGIVNYADSVKGRFTISRDNAKNTLYLQMNKLKPEDTALYYCASNKGPHYYSDYFDSNQYDFWGQGTQVTVSS
seq3615,EVQLVESGGGLVQAGGSLRLSCAASGRTFSRYAMGWFRQAPGKEREFVAAIAWSGGAIYYADFVKGQFTISRDNAKNTVDLEMNRLKPEDTAVYYCGSTRDPRVGDKKFYDYWGQGTQVTVSS
seq3616,EVQLVESEGGTVEPGESLRLACAAPGPGIRTNFMAWYRQAPEKEREMVASISRDGSTHYADSVKGRFTISSDNATSTFYLQMNSLQVEDTAVYYCATDPHILHNDRAGAFLVEDYDHWGQGTQVTVSS
seq3617,QVQLVESGGGSVQAGGSLRLSCAVSGYTHSNYYMGWFRQAPGKEREGVAAIRSGSASAHYADSVKGRFTISQDNAKNTVYLLMTSLKPEDTAVYYCATRDFSVYFAYDPLDPDAYRFWGQGTQVTVSS
seq3618,QVQLQESGPGLVKPSQTLSLTCTVSGGSITTNYMYWSWIRQPPGKGLEWMGAKAYSGSTYYSPYYSPSLKSRTSISRDTSKNQFTLQLSSVTPEDTAVYYCAGGYYSDSDFTSGSLEVWGQGILVTVSS
seq3619,EVQLVESGGGLVQPGGSLRLSCAASGDVHKINILGWYRQAPAKEREMVAHITIGDATDYADSAKGRFAISRDEAKNMVYLQMNSLKPEDTAVYFCRAYSRIYPYNYWGQGTLVTVSS
seq3620,EVQLVESGGGLVQPGGSLRLSCAASRSIGRLDRMGWYRHRPGEPRELVATITGGSSINYGDSVKGRFTISIDNSKNTVYLQMNSLRPEDTAVYYCNFNKYVTSRDTWGQGTLVQVGG
seq3621,QLQASGGGFVQPGGSLRLSCAASGRTFRIDTMGWFRQAPGKEREFVSAISFDTSHENYYADSVKGRFTISRDNSKNTVYLQMNSLRAEDTATYYCAPESMWFSIEYWGQGT
seq3622,GSLRLSCAASGRTFSTAAMGWFRQAPGKERDFVAGIYWTVGSTYYADSAKGRFTISRDNAKNTVYLQMDSLKPEDTAVYYCAARRRGFTLAPTRANEYDYWGQGTQVTVSS
seq3623,QVQLIESGGGLVQAGGSLGLSCAASGRPVSNYAAAWFRQAPGKEREFVAAINWNKTATYADSVKGRFTISRDNAKSTVALQMNSLKPEDTAVYYCAAVFRVVAPKTQYDYDYWGQGTQVTVSS
seq3624,QVQLQESGGGLVQAGGSLRLSCAASTRIFSTFGIRWYRQASGQERELVASISGGYLTNYADSVKGRFTISRDNAKSTIYLQMDSLKPEDTAVYYCSRRRFGTDYWGQGTQVTVSS
seq3625,EVQLVESGGGLVQPGGSLRLSCAASGRTFNNYAMGWFRQTPGKGREFVAAISWIIGSTYYADSVKGRFTISRDNSKNTLYLQMNGLRPEDTAVYYCAAEGGYSGTYYYTGDFDSWGQGTLVTVSS
seq3626,QVQLVESGGGLVQPGGSLRLSCAASGFIFINYGMHWVRQAPGKGLEWVSAVNSGGASTDYADSVKGRFTISRDDAKNTLYLQMNSLKSEDTAVYYCVKGWFYGIHYWGKGTLVTVSS
seq3627,DVQLQASGGGFVQPGDSLSLSCAASGGTFSSYSIGWFRQGPGKEREFVATISSSDSPWYGEPAKGRFTVARVNAKNTAYLHLNRLKPEDTATYYCAAGSVQHMANENEYVYWGQGTQVTVS
seq3628,ELQLVESGGGLVQPGGSLRLSCAASGFTFSSYGMSWVRQAPGKGLEWVSAINSYGGSTSYADSVKGRFTISRDNAKNTLYLQMNSLKPEDTAVYYCAKEVRADLSRYNDYESYDYWGQGTQVTVSS
seq3629,EVQLVESGGGLVQPGGSLRLSCAASGNIVSIDAAGWFRQAPGKQREPVATILTGGATNYADSVKGRFTISRDNAENTVYLQMNSLKPEDTAVYYCYAPMIYYGGRYSDYWGQGTQVTVSS
seq3630,VQLVESGGGLVHPGGSLRLSCAASGFTFFAYTMGWFRQAPGKEREVLSGIDWTGSSSNYADSVRGRFTISRHNAKNTLYLQMNSLKPDDTAVYYCATLCSLLLRVARPIIADGGVWSQVTQVTVSS
seq3631,QVQLQESGGGSVQAGGSLRLSCAVSGYSISNYCMGWFRQPPGKEREGVANIDTWGVTSYTDSVKGRFTISKDNAKNTLYLQMNSLKPEDTALYYCARRQFVNCGTLAPVNYVNWGQGTQVTVSS
seq3632,EVQLVESGGGLVQAGGSLRLSCVASGRTFNNLAMGWFRQARGKEREFVATISWSHPNTYYTDSVKGRFTISRDDAQNAVYLQMNSLKPEDTAVYYCAANPSYVYSDYLSLAGYTYWGQGTQVTVSS
seq3633,VQLVESGGGSVQAGGSLRLSCVVSAATNCRYIAWYRQAPGKAREFVSTLGSDGNTNYADSVKGRFTISQGNIKNMAYLEMNSLKPEDTGMYYCGTRCQIGDDWRSSDWAQGTQVTVSS
seq3634,DVQLQESGGGWVQAGDSLRLSCVASGRPLSSFTMGWFRQAPEKEREFLGGKSRDGRTTYYSNSVKGRFTIDRDDAQNTVYLQMNSLNPDDTAVYYCAAHTTSGVPVRVKSYAYWGQGTQVTVSS
seq3635,EVQLVESGGGLVQAGGSLRLSCAASGRTFNTYTMGWFRQTPGTEREFVAAIRWTVNITYYADSVKGRFTISRDIVKNTVYLQMNSLKPEDTAVYYCAAQTSAPRSLIRMSNEYPYWGQGTQVTVSS
seq3636,LQESGGGLVQAGGSLRLSCAASGSVASINVMGWFRQVPGREREFVGAIGWSSGNTYYHHFVEGRFTVSRDRAKNTVYLQMNSLKSEDTAIYYCAADTGLQYFSYAYSRRPSDYVYWGQGTQVT
seq3637,QVQLQESGGGLVQAGGSLRLSCAASGGTFSSYIMGWFRQAPGKDREFVGAISWSGGVTHYADSVKGRFTISRDNAKNTVYLQMNSLKPEDTAVYYCAADSRISAGGSYYEADFGSWGQGTQVTVSS
seq3638,EVQLVESGGGLVQAGGSLRLSCAASGGTFSSYAMGWFRQAPGKEREFVAAISPSGLTSYKDSVVGRFTISRDNAKNTVYLQMNSLKPEDTAVHYCAAGQWTWSPLRVSRLAEYNYWGQGTQVTVSS
seq3639,EVQLQESGPGLVKPSQTLSLTCTVSGGSITSRYYAWSWIRQPPGKGLEWIGVIDYDGDTYYSPSLKSRTTISWDTSKNQFSLKLSSVTAEDTAVYYCARDPDVVTGFHYDYWGQGTQVTVSS
seq3640,QVQLQESGGGLAQAGGSLRLSCAASGRTLSSYDMGWFRQAPGKEREFVTAINWGDLSTYYADSVKGRFTISRDNAKNTVYLQMNSLKPEDTAVYYCAARLRYTVSDPIFSRPDRYNYWGQGTQVTVSS
seq3641,QVKLEESGGGLVQPGGSLRLSCSASGSIFSINDMGWYRRAPGKRRELVAAITSGGIPNYADSVKGRFTISRDNAKNTGYLQMNSLKPEDTAVYYCAAQFGTVAAALRRHEYDYWGQGTQVTVSS
seq3642,AVQLVDSGGGSVQAGGSLRLSCAASGLTSRRSCMGWFRQAPGKEREAVARINSATASTYYADSVKGRFTISQDNAKNTVYFVMNSLKPEDTAIYYCAATATLSILYTCPSDYNYWGQGTQVTVSS
seq3643,QLQLVESGGGLVQPGGSLRVSCTASGFTFNTYYMTWVRQAPGKGLEWVSDINSGGGTYYADSVKGRFTISRDNAKNTLYLQMNSLKPEDTALYYCVRVRIWPVGYDYWGQGTQVTVSS
seq3644,EVQLVESGGGVVQPGGSLRLSCAASGSIFRSVFSSSTMEWYRQAPGKKRELVARIAPGEGTYYGALYADSVKGRFTISRDNAKNTVYLQMNSLRPEDTALYYCASGVAWGQGTLVTVSS
seq3645,EVQLVESGGGLVQAGGSTRLTCKASGSIFNINSINVMAWYRQAPGKQRELVAIIGKGGGTNYADFVKGRFTISRDAAKNTVNLQMNSLKPEDTAVYYCYADYEDRDSPFNASWGQGTQVTVSS
seq3646,VQLVESGGGSVQAGGSLRLSCAASGMITPATLVIWFRQAPGKEREGVLAAIYKNSTYYADSVKGRFTISQDNAKNTVYLQMNSLKPEDTAIYYCAAIRAVIGRHIRPHIYWGQGTQVTV
seq3647,EVQLEESGGGLVQPGGSLTLSCAASGYTFTNCAAGWYRQAPGKECELVASIFSGNRTNYADSVKGRFTISRDNTKDIVYLQMNSLKPEDTTVYYCDARTPCWGQGTQVTVSS
seq3648,EVQLVESGGGVVQPGGSLRLSCAASGFSLDYYGVGWFRQAPGKEREGVSCISSSEGDTYYADSVKGRFTISRDNAKNTVYLQMNSLRPEDTALYYCATDLSDYGVCSRWPSPYDYWGQGTLVKVSS
seq3649,QVQLQESGGGLVQAGGSLRLSCAASGRTFSSYTMGWFRQAPGKEREFVAAISWSGGTTYYADSVKGRFAIARDNAKNTAYLQMNSLKPEDTAVYYCAADTYYGSRMWNEYDYWGQGTQVTVSS
seq3650,EVQLVESGGGLVQAGGSLRLSCAASGGTFNNYAMGWFRRAPGKEREFVAAISRSGVRTGVSALYGDSVKDRFTISRDNAKNTLYLQMNKMKPEDTAVYTCAASAIGSGALRRFEYDSSGQGTQVTVSS
seq3651,EVQLVESGGGLVQAGDSLRLSCAASGRTFSFDARGWFRQAPGKEREFVAAINWSGSDAHYADSVKGRFTISRDNAKNTAYLRMNSLKPEDTAVYFCAAAFDYSGSYNSVGLWDYWGQGTQVTVSS
seq3652,EVTLQESGPGLVKPSQTLSLTCAVSGGSVIRNYYWHWIRQRPGRGLEWMGCWSETTYYSPAFRGRISITIDAATDQFSLHLNSMTTDDTAVYYCARALYPTSSWYDGMDYWGHGASVVVSS
seq3653,AVQLVESGGGLVQAGGSLRLSCAASGGTFSAFPMGWFRQAPGKEREFVAGISQSGGSTHYSDSVKGRFTISKENAKSTVYLQMNSLKPEDTAVYYCAARGRTLALRNYAYTTEVGYDDWGQGTQVTVSS
seq3654,EVQLVESGGGLVQPGGSLTLSCAASGSRVSFLSMAWYRQAPGKKRELVAGISRDGSTDYIDSVKGRFTISRDNAKNSVYLQMNSLRAEDTAVYYCYAYRWTTRRTYWGQGTLVTVSS
seq3655,EVQLVESGGGLVEAGGSLRLSCTASGGTFSTYAMGWFRQAPGKEREFAAAISRNGGSKGYKESVKGRFTISRDNAKNTVYLQMNSLKPEDTAVYYCAASRTYTYSTAMKDYNYWGQGTQVTVSS
seq3656,EVQLVESGGGLVQAGGSLRLSCAASGSTFNSYAMGWYRQAPGKQREWVAAFSTGGSTNYADSVKGRFTISRDNAKNTVYLQMNSLKPEDTAVYYCFYSGSYYYPTDVFEYDYWGQGTQVTVSS
seq3657,QVQLVESGGGLVQAGGSLRLSCAASGLTFSRYVMGWFRQAPGKEREFVAAITWGGTPNYADSVKGRFTISRDNSKNTQYLQMNSLKPEDTAVYYCAAGLGWDSRYSQSYNYWGQGTQVTVSS
seq3658,QVQLQEFGGGLVLPGGSLRLSCAASGRTFNSYAWGWFRQAPGKERGFVARISFSGGHTYYSDSVKGRFTISRDNAKNSVYLQMNSLKPEDTAVYYCAADPTPYGLRNERNYHYWGQGTQVTVSS
seq3659,EVQLVESGGGLVQAGGSLRLSCAASGTIFGIRVNTMGWYRQAPGEQRELVATITRSGGTNYADSVKDRFTISGDFAKDTVYLQMMHLKPEDTAVYYCNGRWALTDYWGQGTQVTVSS
seq3660,QVQLVESGGGLVQPGGSLRLSCAASGHTFSTYVMGWFRQAPGKEREVVAAISQSGGSTYYAGSVKGRFTISRDNAKNTVYLQMNSLKPEDTAVYYCAADAPPLGTYDYWGQGTQVTVST
seq3661,EVQLVESGGGLVQAGGSLRLSCAVSGITLDDYAIGWFRQAPGKEREGVSSIRDNDGSTYYADSVKWRFTISSDNDKNTVYLQMNSMKPEDTAVYYCAAVPAGRLRFGEQWYPIYEYDAWGQGILVTVSS
seq3662,EVQLQASGGGFVQPGGSLRLSCAASGSTSYSSTMGWFRQAPGKEREFVSAISFDGTSKPYYADSVKGRFTISRDNSKNTVYLQMNSLRAEDTATYYCAAGEWEALMWPPVHDFWIYYWGQGTQVTVSS
seq3663,QVQLQESGGGSVQAGGSLRLSCAASGYTYSTYCMAWFRQVPEKERERVASIYTGGGTTYYADSVKGRFTISLDNAKNTLYLQMNSLKPEDTAMYYCAKSAARCDSSRDVNRLGYWGQGTQVTVSS
seq3664,EVQLVESGGGLVQPGGSLRLSCAASGGSLSAMSWFRQAPGKEREFVAGVSWSGSSTTYADSVKGRFTISRDNAKNTVSLQMSSLRPEDTAVYSCAKVRDSNWKIADYWGQGTQVTVSS
seq3665,EVQLVESGGGLVQPGGSLRLSCAASGITLDSIAICWFRQAPGKEREGVSCSRGSDGSTYYADSVKGRFTISRVNAKNTVYLQMNSLKPEDTAVYYCAAAPSIFYSGGYFPSGMDYWGKGTQVTVSS
seq3666,KVQLVESGGGLVQAGGSLRLSCEASGGSFSSYAMGWFRQAPGKEREFVAAISGWIGPRPVYADSVKGRFTISRDNAENTVYLQMNSLQPEDTAVYTCAADATNRNSGAYFYTWAYDYWGQGTQVTVSS
seq3667,EVQLVECGGGLVQPGGSLRLSCAASGSIAGINTMAWYRQAPGQQRELVAGITRSGSTKYADSVKGRFTISRDNAKNTLYLQMNSLKPEDTAVYYCTDYSRGYYQDYWGQGTQVTVSS
seq3668,EVQLVESGGGLVQAGGSLRLSCAASGRTSSSYDMTWYRQVPGKEREFVAVISWSGGSTYYADSVKGRFTISRDNAKNTVYLQMNSLKPEDTAIYYCNAYTGGGDDYWGQGTQVTVSS
seq3669,VQLVESGGGLVQAGGSLRLSCAASGRIFSLPASGNIFNLLTIAWYRQAPGMQRELVATINSGSRTNYADSVKGRFTISRDNAQKTVYLQMNNLKPEDTAVYYCQTSGSGSPNFWGQGTQVTVSS
seq3670,QVQLQESGGGLVQPGGSLRLSCRVSESLFSLYAMGWYRQAPGKQPELIATISGGGEGTGNYADPVKGRFTISRNNANNTVFLQMNSLKPEDTAVYYCNVYGTNLAPWGQGTQVTVSS
seq3671,QVQLVESGGGLVQAGGSLRLSCAASGRTFGSDAAGWFRQASGKEREFVASISWSGGYTYYADSGTGRFTISSDNVKNTVYLQMNSLTPEDTAVYFCATGNRDSDYRISLVTPSQYEYWGQGTQVTVS
seq3672,EVQLVESGGGLVQAGGSLRLSCAASGRTVSSYYMGWFRQAPGNEREFVAAFSWSSSKPYYADSVKGRFTISRDSAGNTVYLQMNSLKPEDTAVYWCGARQIGTYYSDYENYDYWGQGTQVTVSS
seq3673,EVQLVESGGGLVQAGDSLRLSCAASGLTFSSFAMGWFRQAPGKEREFVAAISRSGYGTSEADSVRDRFIISRDNAKNTVTLHLSRLKPEDTAVYYCAAEHTLGRPSRSQINYLYWGQGTLVTVSS
seq3674,EVQLVESGGGLVQTGGSLRLSCVASGRAFSNYIMGWFRQAPGKERDFVAAINWNGVTTHYTDSVKGRFTISRDNAKSTSYLQMDSLKPDDTAVYFCAARGTVYSRTYGVSEEGYMYWGQGTQVTVSS
seq3675,EVQLVESGGGLVQPGGSLRLSCAASGRTLSIYSMSWFRQAPGKEREFVSTIGWNSGRTYYADSVKGRFTISRDNARNTLYLQMNSLRAEDTAVYYCAAAKGPLRLSSQADYWGQGTQVTVSS
seq3676,EVQLVESGGGLVQPGGSLRLSCAAAGFTLDYSAIGWFRQAPGKEREMFSCISGSDGSTWYADSVAGRFTISFDNAKNTVYLQMNSLKPEDTGLYICAVTGGVRGPCAYEYEYWGQGTQVTVSS
seq3677,QVQLQESGPGLVKPSQTLSLTCTVSGGSITSRYYAWSWIRQPPGKGLEWIGVIDYDGDTYYSPSLKSRVSISWDTSKNQFSLKLSSVTPADTAVYYCARDPDVVTGFHYDYWGQGTMVTVSS
seq3678,EVQLVESGGGLVQPGGSLRLSCAASGSVHLLNFLGWYRQCPGKEREMVAHITIADATDYSHFAKGRFTISRDEAKNMVYLQMNSLRPEDTAVYFCRAGSRIYPYDYWGQGTLVTVSS
seq3679,QVQLVESGGGLVQPGGSLRLSCVASGFFFSAYDMNWFRQAPGKGLEWVSGITGNGYTTAYADSVKGRFTISRDNAKNTLYLQLNSLKSEDTAMYYCTEGDNRGQGTQVTVSS
seq3680,EVQLVESGGGEVQPGGSLRLSCAASGSTFSMYHMSWFRQAPGKQREPVATSHHGGTTNYAESVKGRFTISRDNAKNTVYLQMNSLRAEDTAVYYCKADHGYNGRGYWGQGTLVTVKP
seq3681,QVKLEESGGGLVQPGGSLRLSCAASRSIFSINAMAWYRQAPGKQRELVAYIRSSGTTMYADSVKGRFTISRDNAKNTVYLQMNSLKPEDTAVYYCNGDYSPPGSTYPDLGPWGQGTQVTVSS
seq3682,EVQLVESGGGLVQAEGSLRLSCVASGPTFDTYVMGWFRQAPGKEREFVAAINRSGSTDYPDYWDSAKGRFTISRDNAKNTVYLQMTSLRPEDTGVYYCAARKTFYFGTSSYPNDYAYWGQGTQVTVSS
seq3683,EVQLVESGGGLVQPGGSLRLSCAASGFTLDDYVMGWFRQAPGKERELVAAVSSLGPFTRYADSVKGRFTISADNSKNTAYLQMNSLKPEDTAVYYCAAKEYGGTRRYDRAYNWGQGTLVTVSS
seq3684,QVKLEESGGGLVQAGGSLRLSCVGPGFLLRSNTMGWYRQAPGKERELVAFIRPSGLTNYNDAVQGRFTISRDNAKNTVYLQMNALKPEDTAVYYCHTRPPFQRDSWGQGTQVTVSS
seq3685,QVQLQESGGGLVQPGGSLRLSCAAYGSIFSINAMGWYRQAPGKERELVAGITTQGRITYGNSVRGRFTISGDNAKNTVYLQMKSLKPEDTAVYYCSAWGVKTGPESGSGTLEGQGTQVTVSS
seq3686,QVQLVESGGGLVQAGGSLRLSCAASGHTFSVYAIGWFRQAPGKEREFVSSINWGDGLTYYTDSVKGRFIISKDNAKNTDYLQMNSLKPEDTAVYYCAARQRREGWDYWGQGTQVTVSS
seq3687,KVQLVESGGGLVQVGGSLRLSCVASGRTYGGNAMAWFRQAPGKEREFVAGIDWSSENTRYTDSVKGRFTISRDNAKNTMYLQMNSLKPEDTAVYYCAAGTSWGALASRLENAYSAWGQGTQVTVSS
seq3688,QVQLQESGGGLVQAGGSLRLSCAASETIGSIQRMGWYRQAPGKQRELVATRTNGGTTNYGDSVRGRFTISVDVAKNTVYLQMNSLKPEDTAVYYCNAHIREYYSTYDYWGQGTQVTVSS
seq3689,EVQLVESEGGLVQPGGSLRLSCTTSGTIFSNNAMGWYRQAPGKKRDLVASISNSGSTNYADSVKGRFTVSRDNDKNTGYLQMNNLKPEDTGVYYCTLDARRGWNTAYWGQGTQVTVSS
seq3690,EVQLVESGGGLVQAGGSLRLSCAASGRTPLNYHMAWFRQAPGKEREFVAAISSLLGSTDYSDSLKDRFTISRDNAKATLYLRMNNLKPEDTAVYYCAARETTHYSTSDRVNEMRHYDYWGQGTLVTVSS
seq3691,AVQLVESGGGLVQAGDSLRLSCAASGRTFLSYAVGWFRQAPGTEREFVAGIRWSGLHTDYADSVKGRFTISRDNAKNTVYLQMNSLKPEDTAIYYCAAHRTIATIPEKYEYEYWGQGTQVTVSS
seq3692,QVQLQESGGGLAQAGGSLGLSCAASETIDSSHVMGWYRQAPGKQRELVATITSGGLTNYADSAKGRFTISRDNAKNAVYLQMNSLKPEDTAVYYCHARRLFRVYWGQGTQVTVSS
seq3693,EVQCVESGGGLVQPGGSLRLSCAASGFTFDDYGMSWVRQAPGKALEWVSAISWNGNNTYYTESMKGRFTISRDNAKNTLYLQMNSLRPEDTAVYYCVKGSTAIVGVPPTYPDEYDYWGQGTLVTVSS
seq3694,EVQLVESGGGLVQPGGSLTLSCVASGSSSTINAIGWYRRAPGKQRELVAGISSDGSKVYADSVKGRFTISRDNAKNSVYLQMNSLRAEDTAVYYCYYFRTGSGTSKSYWGQGTLVTVSS
seq3695,QVQLVESGGGLVQPGGSLRLSCAASGSISSIRHMRWYRQAPGKGLELVATVSNDGSAYYLGSVKGRFTISRTNAKNTLLYLQMNSLKPEDSALYICNADTWGWPGADYWGQGTQVTVSS
seq3696,EVQLVESGGGLVQAGGSLRLSCAASGRTFDSNPMGWFRQAPEKKREFVAIISGNGGITNYANSVKGRFTISRDNAKNTIYLQMNSLKPEDTAVYYCAASDLYGSGSNYDLMYDYWGQGTQVTVSS
seq3697,DVQLVESGGGVVQPGGSLRLSCAASGRTFSSYRMGWFRQAPGKEREFVAALSGDGYSTYTANSVKGRFTISRDNSKNTVYLQMNSLRPEDTALYYCAAKLQYVSGWSYDYPYWGQGTLVTVSS
seq3698,VQLQESGGGSVQAGGSLRLSCAASGYTVSNNYMGWFRQAPGKGREGVAAVYIGDGRPYYADSVKGRFTISLDSAKNTVYLQMNSLKPEDTAMYYCAAAPGPLSQHYWYTSANYDYWGQGTQVTVSS
seq3699,EVQLVESGGGLVQPGGSLELSCTVSGSIFSTSAMAWYRQVPGKPRWLVATITRDGTTNYIDSVQGRFTISRDNAKNMIYLRMNSLKPEDTAVYYCVTILSGKKTWGQGTQVTVSS
seq3700,DVQLQASGGGFVQPGDSLSLSCAASGGTFSSYSIGWFRQGPGKEREFVATISSSDSPWYGEPAKGRFTVARVNAKNTAYLHLNRLKPEDTATYYCAAGSVQHMANENEYVYWGQGTQVTVSS
seq3701,EVQLVESGGGLVQPGGSLRLSCAASGRFFSICSMGWFRQAPGKEREFVAGINWRSGGSTYYADSVKGRFTISADNSKNTAYLQMNSLKPEDTAVYYCARGSGWWEYWGQGTLVTVSS
seq3702,EVQLVESGGGLVQPGGSLRLSCETSRHTLDHYAIAWFRQAPGKEGEGIACVSTSTYYADSVKGRFSISRDNAKNTVYLQMNDLKPEDTAVYHCATTGSGYCTLRAFDSWGQGTQVTVSS
seq3703,EVQLQESGGGLVQPGGSLRLSCTASGVTISALNAMAMGWYRQAPGERRVMVAAVSERGNAMYRESVQGRFTVTRDFTNKMVSLQMDNLKPEDTAVYYCHVLEDRVDSFHDYWGQGTQVTV
seq3704,QVQLQESGGGLVQPGGSLRLSCAASGDTFSNYAMGWFRQAPGKAREFVAAISRSAGSTYHVDSVKGRFTISRDNAMNTVYLQMNSLQPEDTAHYYCAARLTFNLIDYYTAETRYTYWGQGTQVTVSS
seq3705,VQLQESGGGSVQAGGSLRLSCTASGFTFDDSDMGWYHQAPGNECELVSTIGNDGSTYYADSVKGRFTISRDNAKNTVYLQMNNLKPEDTAMYYCAADLHPTFRKWDSRTSDCYSGPLEYGYNYWGQGTQVTVSS
seq3706,EVQLVESGGGLVQAGGSLRLSCTASGRPFDNYAMAWFRQAPGKEREFVAAISWSLTRTHYADSVKGRFTISRDNAKNTALMQMSSLKPEDTAVYYCAAAPRPKWISVSYFSTSSNYDYWGQGTQVTVSS
seq3707,AVQLVDSGGGLVQPGGSLRLSCAASGSIASINAMGWYRQAPGKQRDLVAVVRRDGSTYYVDSVRGRFTISRDNAKNTMYLQMNSLKLEDTAVYYCDMRIKRWSDSPYQDYWGQGIQVTVSS
seq3708,DVQLQASGGGLVQAGGSMRLSCAASGFTFDEFAIGWFRQAPGKEREAVSCIRSSDGSTWYADSVKGRFTISSDNAKNTVTLRMNSLKPEDTADYTCAALGSGYGCSLFTTTVGMDYWGKGTLVTVSS
seq3709,EVQLVESGGGLVQAGGPLRLSCAASGRTFSSYVMGWFRQAPGKEREFVAAIYWSNGKTQYTDSVKGRFTISGDNAKNTVYLQMNSLNPEDTAVYYCVADKDETGFRTLPIAYDYWGLGTQVTVSS
seq3710,EVQLVESGGGLVQAGDSLRLSCAASGLTFSGYEMGWFRQAPGKERAFVAAISQSGGTTSYAVSVKGRFTITRDNAKNTVYLQANNMKPEDTAVYYCAAALLLLPTTPSRVDYWGQGTQVTVSS
seq3711,QVQLQESGGGLVQPGGSLRLSCAASKSIFGFGAVGWHRQAPGKQRELVARITYDSGTNYADSVKGRFTISRDNAKNTVYLQMNSLKPEDTGVYYCNAETVRATTGRFITDLWGQGTQVTVSS
seq3712,QVQLQEFGGGLVQTGGFLRFSCAASGRTSTINAMGWYRQASGKQRELVARVSCGGSTNYADSVKGRFTISRDNAKNTVYLQMNSLKPEDTAVYYCNAALVVAGVKYSGYDYWGQGTQVTVSS
seq3713,EVQLVESGGGLVQPGGSLRLSCAASGGTFSVYAMGWFRQAPGKEREGVAAISMSGDDAAYADSVKGRFTISADNSKNTAYLQMNSLKPEDTAVYYCAKISKDDGGKPRGAFFDSWGQGTLVTVSS
seq3714,EVQLVESGGGLVQPGGSLRLSCAASGRTFSVSTMGWFRQAPGKEREIVAAITWSGSATYYADSVKGRFTISADNSKNTAYLQMNSLKPEDTAVYYCAAQRRWSQDWGQGTLVTVSS
seq3715,EVQLVESGGGLVQAGGSLRLSCAASGRTFNNYNMGWFRQAPGKEREFVAAVSRSGVSTYYADSVKGRFTISRDNAKNAVYLQMNSLKPEDTAIYYCGAAYRGTAINVRRSYDSWGQGTQVTVSS
seq3716,EVQLVESGGGWVQPGGSLRLSCAASGSVYKINFLSWYRQAPGHERELVATITIGDAADYADSAKGRFTISRDEARNMVYLQMNSLKPEDTALYFCHAGSRLYPYNYWGQGTQVTVSS
seq3717,QVQLVESGGGLVQAGGSLRLSCAASGRTLCSIPMGWFRQAPGKEREFVAAIRWSGGSTYYADSVKGRFSISKDNAKNTVYLQMNNLKPEDTATYYCASAAPYSSWSRGLEYDYWGQGTQVTVSS
seq3718,VKLEESGGGLVQPGGSLRLSCAASGSIGDTYAMAWYRQAPGKQRDLVAYITNGGSTDYAASVKGRFTISRDNAKNTVYLQMNSLKPEDTAVYYCNGATRGAQLVFDWGQGTQVTVSS
seq3719,EVQLVESGGGLVQPGGSLRLSCAASGSIVSINAMAWYRQAPGKQRELVAYIRSNGRTNYADSVKGRFTISRDNAKNTVYLQMNSLKLEDTAVYYCSGFFLDGSTWHPYWGQGTQVTVSS
seq3720,EVQLVESGGGLVQPGGSLRLSCAASGRTFRHYAMGWFRQAPGKEREFVAAISSYGSTDYADSVKGRFTISRDNSKNTVPLQMNSLRPEDTAVYYCAAADETLGAVPNFRLHEKYEYEYWGQGTLVTVSS
seq3721,QLQLVESGGGLVQAGGSLRLSCAASGGTFITYAMGWFRQAPGKDREFVAGISWSGSSTYYTDSVKGRFTISRDNAKNTVYLQMNSLKPGDTAVYYCAAKISGATREHLMTSYDYWGQGTQVTVSS
seq3722,DVQLVESGGGSVQAGETLRLSCTASGFTFAEADMGWYRQAPGHECELVSTITTEGITSEASSYYADSVRGRFTISRDNAKNMVYLQMNSLKPEDTAVYYCAPDPYAYSTYSDYCTWAQGTQGTLVTVSS
seq3723,QVQLQESGGGFVQAGGSLRLSCAASGSIFSKNTMAWFRQAPGKERELVAASPTGGSTAYKDSVKGRFTISRDSAKNTVLLQMNVLKPEDTAVYYCHLRQNNRGSWFHYWGQGTQVTVSS
seq3724,EVQLVESGGGLVQAGGSLRLSCAVSGTTFSVATLGWYRQAPGQQRALVADISSGGSTNYADSVRGRFTISRDNAKNLAYLQMNSLKPEDTAVYYCNARTSGWRTRSNYWGQGTQVTVSS
seq3725,QVQLVESGGGLVQPGGSLRLSCTASGFTFDNYAIGWFRQAPGKEREGVSCISRSGRSTYYADSVKGRVTIAKEKNTVLLQMNDLQPDDTAVYYCAAGTVTVVGSACPSTARRLWGRGTQVTVSS
seq3726,DVQLVESGGGRVQAGGSLRLSCAASGFAFDDYGIGWFRQAPGKERERVSCIRSDGVTKYADSVKVRFTVSSDKTKNMVYLQMNSLKPEDSAVYYCAVRDYSKPYVSEYEYDYYGQGTLVTVSS
seq3727,EVQLVKSGGGLVQAGGSLRLSCAASGNIFINNAVGWYRQAPGKQREMVAAMLSGGSTNYADSVKGRFTISRDNAKNTVYLQMNSLKPEDTAVYYCNVQVNGIWARWGQGTQVTVSS
seq3728,EVQLVESGGGLVQPGGSLRLSCAASGLGIAFSRRTAMGWFRQAPGKEREFVAAISWRGGNTYYADSVKGRFTISADNSKNTAYLQMNSLKPEDTAVYYCAARRWIPPGPIWGQGTLVTVSS
seq3729,EVQLVESGGGLVQPGGSLRLSCAASGGSLSNYVLGWFRQAPGKEREFVAAINWRGDITIGPPNVEGRFTISRDNAKNTGYLQMNSLRPDDTAVYYCGAGTPLNPGAYIYDWSYDYWGQGTLVTVSS
seq3730,QVQLVESGGGLVQAGGSLRLSCIASGSIFSPNVMGWYRQAPGKPRELVAAITLGESTNYADSVKGRFTISRSNAENTVYLQMDSLKPEDTAVYYCNAGPILERVGPYWGQGTQVTVSS
seq3731,EVQLVESGGGLVQSGGSLRLSCAGSGFSYYIIGWFRQAPGKEREEVSCIRVTDGSTYHTNSVKGRFTMSRDNAENTVYLQMNSLKPEDTAVYSCATECQRWAYPNRIGARGQGTQVTVSS
seq3732,VKLEESGGGLVQPGGSLRLSCAASRSIFSINAMAWYRQAPGKQRELVAYIRSSGTTMYADSVKGRFTISRDNAKNTVYLQMNSLKPEDTAVYYCNGDYSPPGSTYPDLGPWGQGTQVTVSS
seq3733,QVQLQESGGGLVQAEGSLKLSCISGFAFDGYAIGWFRQAPGKEREGVACISSKDGSTYYADSVKGRFTMSVDKTKNTVYLQMSSLKPEDTAVYYCAADGNVWSPPICSSAGPPPGGMDYWGKGTQVTVSS
seq3734,AVQLVESGGGLVRDGDSLRLSCAASGRTFSSYVMGWFRQAPGKEREFVAAIGWSGGSTAYADSVKGRFTISRDNARNTVYLQMNSLKPEDTAVYYCASAPTRWVPRDSRFYDRWGQGTRVTVSS
seq3735,EVQLVESGGGKVQAGDSLTLSCVASGGTFSNYAAWFRQAPGKDRRELVVSIFRTGSITYTADSVKGRFTASRVNTKNTVYLQMNSLKPEDTAVYYCASAYNPGVGYDYWGQGTQVTVSS
seq3736,EVQLVESGGGLVQAGGSLRLSCAASGSIFSILTMGWYRQAPGRQREMVATITTSGGLTNYTDSVKGRFSISRDNNKNTVYLQMNSLKPEDTAVYYCNAAMVGGGVGLGRRPSFSYWGQGTQVTVSS
seq3737,EVQLVESGGGLVQAGGSLRLSCAASGFTFDDYDIGWVRQAPGKEREWVSGISSSDGNTYYADSVKGRFTISSDNAKNTLYLQMNSLRPEDTAVYYCAAEPPDSSWYLDGSPEFFKYWGQGTQVTVSS
seq3738,QLQLQESGGGLVQPGGSLRLSCAASGFTLDNYAIGWFRQAPGKEREGVSCISSSDGSTYYADSVKGRFTISRNNAKGTVYLLMNSLKPEDTAVYYCATELVPACTYSNGRGPLDGMDYWGKGTQVTVKP
seq3739,QVQLQESGGGLVQPGGSLRLSCAASGFIFSNDAMTWVRQAPGKGLEWVSSINWSGTHTNYADSVKGRFTISRDNAKRTLYLQMNSLKDEDTALYYCVTGYGVTKTPTGQGTQVTVSS
seq3740,QVQLQQSGGGLVQAGGSLRLACITSGGIFNIRPISWYRQPPGKQREWVATIASGGAANYANSIKGRFTASRDNAKNTVYLQMNGLKPEDTAVYYCNAFENWGQGTQVTV
seq3741,EVQLQASGGGLVQAGDSLRLSCAAASGRTISTFAMGWFRQAPGKEREFVATINWSGSSARYADPVKGRFTISRDDAKNTVYLEMSSLKPEDSAVYYCASGRYLGGITSYSQGDFAPWGQGTQVTVSS
seq3742,EVQLVESGGGLVQPGGSLRLSCAASGRTYYAMGWFRQAPGKEREFVGAIDWSGRRITYADSVKGRFTISADNSKNTAYLQMNSLKPEDTAVYYCARVRFSRLGGVIGRPIDSWGQGTLVTVSS
seq3743,VQLVETGGGLVQAGGSLRLSCAASGNIFSFNVMGWYRQAPGKQRELVAAITSGDTTTYADSVQGRFTISRDNAKNAVYLQMNSLTPEDTAVYFCNARRNPINGPYYTTAYWGQGTQVTVSS
seq3744,QVQLQESGGGSVQPGGSLRLSCEASGFTFSSYAMSWVRQAPGEGLEWVSDINTGGDNTDYAGSVKGRFTISRDNAKNTLYLQMDSLKPEDTAKYYCANVPKELVHSFNSWGQGTQVTVSS
seq3745,VQLVESGGGLVRPGGSLRLSCVVSGFAYEMPMMGWYRQAPGNQRELVATIGTGGRMNYADSVKGRFTISRDNAKNTVYLQMNSLKPEDTAAYYCKIEFTNYWGQGTQVTVSS
seq3746,QVQLVESGGGLVQPGGSLRLSCAASGRTLESYVMAWFRQAPGKGLEAVASINWSSGRLIYADFVKGRFTISRDNSKNTLYLQMNSLRPEDTAVYYCAAGRYWGQGTQVTVSS
seq3747,QVQLQQSGGGLVQAGDSLRLSCVASGNDFSIYDIGWYRQAPGNPREFVAAIGRGGYTNIDASVKGRFTISRDNAKNTVYLQMNTLKPEDTAVYSCAAAQRYGPGRLNDISRYNYWGQGTQVTVSS
seq3748,VQLQESGGGLVQPGGSLRLSCAASGRFFRVNAMGWYRQVPGKQRELVAAITNGGQIAYADSVKGRFTISRDSAKNTVYLQMNSLKSEDTDVYYCNAKAAATHLSTVADYWGQGTQVTVSS
seq3749,QVQLQESGGGLVQAGGSLRLSCAASGRTFEATYMGWFRQSPGKEREFVAAISWGGGTTYYGDSVKGRFTVSRDNAKNTAYLQMNSLKLEDTAVYSCAAATVDWGPRGPYRYWGQGTQVTVSS
seq3750,EVQLVESGGGLVQPGGSLRLSCAASGRIIVPNTMGWFRQAPGKERERVTGISPSAFTEYADSVKGRFTISADNSKNTAYLQMNSLKPEDTAVYYCAAHGWGCHWGQGTLVTVSS
seq3751,EVQLVESGGGLVQAGGSLRLSCAASGRPFNNYGMGWFRQAPGKEREFVAGISWSGGSTYYADSVKGRFTISRDNAKNTVYLQMNSLKPEDTAVYYCAAVFSGAETAQYPSYDYDYWGQGTQVTVSS
seq3752,EVQLVESGGGLVQAGGSLRLSCTVSGDTFDNSAAGWYRATSETQRELVARIRSSGSTNYADSVKGRFTVSRDNAKNTVYLQMNSLKPEDTAVYYCNVVSYGEYFWGKGTLVTVSS
seq3753,QVQLQESGGGLVQAGDSLRLSCAASGRTSHGYGGYGMGWFRQIPGKERELVAAIRWSGRNTYYADSVKGRFTISRDNVKDMLYLQMNSLKPEDTAVYTCAVRTVRVVDISSPVGFAYWGQGTQVTVSS
seq3754,VQLQESGGGLVEAEGSLRLSCAASGRTFGSYAMGWFRQAAGKERELVAAISAGGSTLYADNVKGRFTISRDNARNTVYLLSNSLKPEDTAVYYCAARRGSAYYTNHIDWPYWGQGTQVTVSS
seq3755,DVQLQASGGGLVQAGGSLRLSCAPSGGTFDAYDMGWYREAPGKKRQFVAAVRSGGGTTRYADSVKGRFTISRDDAKDTVFLQMNSLKPEDTALYYCAADRWGLFSLSIATPTHWGQGTQVTVSS
seq3756,EVQLVESGGGLVQAGGSLRLSCAASGRTFSRYAMGWFRQAPGKEREFVAAISWTGGSSYYGDSVKGRSTISRENAENTVYLQMNSLKPEDTAVYYCAANSDEFYSGTLKLQSRMVEYWGQGTQVTVSS
seq3757,AVQLVDSGGGTLQAGKSLRLSCAISGLAFDGGAMGSEHRLTAGAMGWFRQAPGKDREFVAAISPRTDETYYAESLEGRFSVSRDAAATMVFLEADNVRLDDTASYYCAADEDVTPRVMGVIPHADHWGQGTLVTVSS
seq3758,QVHLVESGGGSVQAGGSLRLSCAASGYTYRVNFMGWFRQTPGKEREGVATIDSGVGTTYYADSVKGRFTISHNNAKNTIYLQMNSLKPEDTAMYYCAAGGPPTDGDRWYPLRPPGYNYWGQGTQVTVSS
seq3759,EVQLVESGGGLVQAGGSLRLSCAASGRTFSIYGMGWFRQAPGKEREGVAAINGGGDSTNYADSVKGRFTISADNAKNTVYLQMNSLKPEDTAVYYCAAASASPYSGRNYWGQGTQVTVSS
seq3760,LVHPGGSLRLSCAPSASLPSTPFNPFNNMVGWYRQAPGKQREMVASIGLRINYADSVKGRFTISRDNAKNTVDLQMDSLRPEDSATYYCHIEYTHYWGKGTLVTVSS
seq3761,VKLEESGGGLVLPGESLRLSCEASGRTITTITMGWFRQAPGKERQFVASHSWTDNNPYYADSVKGRFIISRDNAGNRVYLQMHSLEPEDTAVYYCAATARRSFVGRQWYTEARQYDYWGQGTQVTVSS
seq3762,QVQLQESGGGLVQAGGSLRLSCTVSGFTVDAYAMGWFRQTPGKGHEVVACISSPDGITTYADSVKGRFTISRDSVQNTVSLQMDSLKPEDTAVYVCAAHSDYDCFSVEYGYWGQGTQVTVSS
seq3763,EVQLVESGGGLVQPGGSLRLSCAVSGITLDDYAIGWFRQAPGKEREGVSAIRDNGGSTYYADSVKGRFTISSDNSKNTVYLQMNSLRPEDTAVYYCAAVPAGRLRYGEQWYPIYEYDAWGQGTLVTVSS
seq3764,GVQLVESGGGWVQAGDSLRLSCTASGSIPYVPDMHWYRQAPGQQRQLVATITRGGNTMYADSVKGRFTISRDNAKNTVYLQMTSLKPEDTAVYYCNADVWSSVALKLVEYWGQGIQVTVSS
seq3765,EVQLVESGGGLVQAGGSLRLSCAASGSTFSTTIMRWFRQVSGKQRELVAAIHTGGSANYVDSVKGRFTISRDNAKNTVYLQMNSLKPEDTAVYYCNAFKMVPPLNYWGQGTQVTVSS
seq3766,EVQLVESGGGLVQAGGSLRLSCAASGRTFSSYAMGWFRQAPGKERDFVAGISRSAGRTYYVDSVKGRFTISRDSAKNTVYLQMNRLKPEDTAVYYCAADLDPNRIFSRDEAAYWGQGTLVTVSS
seq3767,VQLVESGGGLVQAGGSLRLSCAASGSTFSQYDVGWYRQAPGKQRELVAFSSSGGRTIYPDSVKGRFTFSRDNTKNTVYLQMTSLKPEDTAVYYCKIDWYLNSYWGQGTQVTV
seq3768,QVQLQESGGGLVQAGGSLRLSCAASGSIFSINTMGWYRQAPGKQRELVAFATSGGSTNYPDSVKGRFTISRDNVKNTVYLQMNSLKPEDTAVYYCNIDGFLGSLYKDYWSQGTQVTVSS
seq3769,EVQLMESGGGLVQPGGSLRLSCATSGTIFRSNAMGWYRQGPGKKRDLVASITNSGSTNYADSVKGRFTVSRDNDKNTGYLQMSSLKPEDTGVYYCTLDARRGWNTGYWGQGTQVTVSS
seq3770,EVQLVESGGGLVQPGGSLRLSCAASGRTYYLNAMGWFRQAPGKEREFVAAIDWSEGNKDYADSVKGRFTISRDNSKNTVYLQMNSLRPEDTALYYCAADTPPWGPLIYIESYDSWGQGTLVKVSS
seq3771,EVQLVESGGGLVQAGGSLRLSCAASGRTFSRNAMAWFRQVPGKVREFVAGIRWNVGRLDYADSVKGRFTISRDNAENTVYLQMNDLKTEDTAVYYCAAYAGLVFSGIPDYWGQGTQVTVSS
seq3772,EVQLVESGGGLVQPGGSLRLSCAASGIPASIRTMGWFRQAPGKEREGVSWISSSDGSIYYADSVKGRFTISADNSKNTAYLQMNSLKPEDTAVYYCVAALDGYSGSWGQGTLVTVSS
seq3773,EVQLVESEGGVVQPGGSLRLSCVTSGIIFSNNAMGWYRQGPGKKRDLVASIGSTYSTNYADSVKGRFTVSRDNDKNTGYLQMNSLKPEDTGVYYCTIDARRGWNTAYWGQGTPVTVSS
seq3774,AEVQQASGGGLVQAGGSLRLSCAASGRTETTSAIAWFRQAPGKEREFVAQISASGLGINYSGTVKGRFTISRDADKTTVYLQMNSLTPEDTAVYYCAAGFHYIAAIRRTTDFHFWGPGTLVTVSS
seq3775,VQLQESGGGSVQAGETLRLSCTASGFTFDDSDMGWYRQAPGNECELVSTISSDGSTYYADSVKGRFTISQDNAKNTVYLQMNSLKPEDTAVYYCAAHPLHYELGTCAALDYWGRGTQVTVSS
seq3776,EVQLVESGGGLVQAGGSLRLSCESSISTFSSDAMGWFRQAPGKEREFLAAIGWSGAVTHYSDSVKGRFTISRDNAKNTVYLQMNSLRAEDTGRYYCAEDYDTDVWQYWGQGTQVTVSS
seq3777,QVQLVESGGGLVQPGGSLRLSCAASGRTFSVRGMAWYRQAGNNRALVATMNPDGFPNYADAVKGRFTISWDIAENTVYLQMNSLNSEDTTVYYCNSGPYWGQGTQVTVSS
seq3778,QVQLQESGGGLVQPGGSLRLSCAASGFTFSGYAMNWVRQAPGKGPEWVSAINSGGGSTSYADSVKGRFTISRDNAKNTVYLQMNSLKPEDTAVYYCHARDIYSDFLGQYEYDYWGQGTQVTVSS
seq3779,EVQLLESGGGLVQPGGSLRLSCVHSGPTFRTDTMGWFRQAPGKGREFVAAVTWNSGRINYADSVKGRFTISRDNSKNTALLQMNSLRPEDTAVYYCAAHRFVVGGNRVEDWRYWGQGTLVKVSS
seq3780,EVQLLESGGGSVQPGGSLRLSCAASGRPFSNYAMGWFRQAPGKEREFVSAISWSGGSTSYADSVKGRFTISRDNAKNTVYLQMNSLRAEDTAVYYCAAQFSGADYGFGRLGIRGYEYDYWGQGTLVTVSS
seq3781,QVQLVESGGGLVRAGGSLRLSCAASGSIFRINDMGWYRQAPGKQRELVAAITSGGSTNYADSVKGRFTISRDNAKNTVYLQMNSLKPEDTAVYYCNADFSTVRERRYDYWGQGTQVTVSS
seq3782,EVQLVESGGGLVQAGGSLRLSCAASGRTSSIYNMGWFRQAPGQEREFVAAIHWGGGRTYYADSVKGRFTISRDNAKNTVYLQMNSLEPGDTANYYCAARRAPELLDDYKQKPEEIGTYHYWGQGTQVTVSS
seq3783,EVQLVESGGGLVQPGGSLRLSCATSGTIFRSNAMGWYRQAPGKKRDLVASISNSGSTNYADSVKGRFTVSRDNDKNTGYLQMNSLKPEDTGVYYCTVDARRGWNSGYWGQGTRVTVSS
seq3784,QVQLVESGGGSVQAGGSLRLSCAPLGLNASSYCMGWFRQSPGKEREGVARINGNAGIKTAYADSVKDRFTLSRDNAKNTVYLQMNSLKAEDSAMYYCAAKSSPGYCGGNWDNFGYWGQGTQVTVSS
seq3785,QVQLQASGGGLVQPGGSLTLSCAASGSIDSILAMGWYRQGPGKQREFVASISWSGDITYYADSAKGRFTISRDNAKNTVYLQMNSLKPEDTAVYYCNAGPDMQISGPTDDYDYWGQGTQVG
seq3786,DVQLQESGGGLVQAGGSLRLSCAVSGYPYSSYCMGWFRQAPGKEREGVAAIDSDGRTRYADSVKGRFTISQDNAKNTLYLQMNRMKPEDTAMYYCAARFGPMGCVDLSTLSFGHWGQGTQVTVSI
seq3787,QVQLVESGGGSVQAGGSLRLSCAASGYTDRCSMAWYRQAPGKERELVSRISTSGFTNYAASVKGRFTISQDNAKNTVYLQMNSLNPGDTGMYYCAIIVGRTCSLNYWGNGILVTVSS
seq3788,QVQLQESGGGLVQAGGSLRLSCAASGSVSMFNSMGWHRQPPGKQRELVAIITSGGSSNYADTVKGRFTISRDNTKNTVYLQMNDLKPEDTAVYYCFYYFQSSYWGQGTQVTVSS
seq3789,GGLVQPGGSLRLSCAASGFTFSSYVMSVRQAPGKGPEWVSGVNTDGRSTTYADSVKGRFTISRDNAKNTLYLQMNSLKPEDTAVYYCTKICTVITGRPGYDYWGQGTQVTVSS
seq3790,EVQLVESGGGLVQPGGSLRLSCAASGTTFRVNVMAWYRQAPGKGRELVAAIISGGSTTYADSVKGRFTISRDNAKNTLYLQMNSLRPEDTAVYYCAFVTTNSDYDLGRDYWGQGTLVTVSS
seq3791,EVQLVESGGGLVQAGGSLRLSCTASGRALDTYTVTWFRQTPGKEREFVASNRWNAKPYVTDSVKGRFTISRDNAKNTVYLQMNSLKPEDTAVYYCAADLTTWADGPYRYWGQGTQVTVSS
seq3792,QVQLVESGGGLVQAGDSLRLSCAASGRTFTTYGMGWFRQGPGKEREFVATITWSGSTNYKYYTDSVKGRFTISRDNAKNTVYLQMNSLKPEDTAVYYCAASTVLTDPRRLNEYDYWGQGTQVTVSS
seq3793,EVQLVESGGGLVRAGGSLRLSCAASGRTISNYRMGWFRQAPGKEREFAAAISWGGDYTYYADSVKGRFTISRDNAKNTVSLQMSSLKPEDTAVYYCATPKARYGFVEDTLYDYWGQGTQVTVSS
seq3794,EVQLVESGGGLVQPGGSLTLSCAASGSKVSFLSMAWYRQAPGKKRELVAGISARGSTDYIDSVKGRFTISRDNAKNSVYLQMNSLRAEDTAVYYCYAYQWTTRYTYWGQGTLVTVSS
seq3795,VQLQESGGGLVQPGGSLRLSCAASGFTLDYYYIGWFRQAPGKEREAVSCISGSSGSTYYPDSVKGRFTISRDNAKNTVYLQMNSLKPEDTAVYYCATIRSSSWGGCVHYGMDYWGKGTQVTVS
seq3796,VQLQASGGGLVQAGASLRLSCAASGRSFNHYIMGWLRQAPGKERDVVASIDWNSGRTNYADSVKGRFTISRDNAKNTVYLQMNSLKSEDTAIYYCAAAAAASTLVGGSYDYWGQGTQVTVSS
seq3797,EVQLQASGGGSVQAGGSLRLSCAASGYTIGPYCMGWFRQAPGKEREGVAAINMGGGITYYADSVKGRFTISQDNAKNTVYLLMNSLEPEDTAIYYCAADSTIYASYYECGHGLSTGGYGYDSWGQGTQVTVSS
seq3798,QVQLIESGGGLVQEGASLRLSCAGSGPMFSRLAVGWFRQAPGKEREFVAVINWSGSADFYTNSVKGRFTISRDNAKNTVYLEMNTLKPEDSAVYYCAADQNPLTLRTGVRDVGRQWGQGTEVTVSS
seq3799,RLSCAASGSIFSINAMGWYRQAPGKQRELVAAITSGGSTRYADSVKGRFTISRDNAKNTVYLQMNSLKPEDTAVYYCLISMVRGARFDYWGQGTLVTVSS
seq3800,EVQLVESGGGLVQPGGSLRLSCAASGFTLDYYVIGWFRQAPGKEREAVACISSSDRSTYYADSVKGRFTISRDNAKNTGYLQMNSLKPEDTAVYYCAADLLRTPEFCSDSAPYDYWGQGTQVTVSS
seq3801,QVQLVESGGGSVQSGGSLRLSCAASGYTASAYYMAWFRQNSRKQREGVAAINRDGDTKYADSVKGRFTISRDDAKNTLYLQMNSLKPEDTAVYYCAASDWSRLYKIYWLDDNYYVRWGQGTQVTVSS
seq3802,EVQLVESGGGLVQAGGSLRLSCAASGFSLDDRAIAWFRQAPGKAREGVSCITPHHGGIIFTRESVKGRFATSSDSAKNTVYLQMHSLKPEDTAVYYCATLRTDYSINWANCQRDSLYGYWGQGTQVTVSS
seq3803,QVQLVQSGGGLVQAGGSLRLSCAASGSIFSINAMGWYREAPGKQRELVAGFTGDGMTKYAESVKGRFTFSRDNAKNTVYLQMNSLKPEDTGVYYCAADVFTDRDHVDWYWGQGTQVTVKP
seq3804,QVQLVESGGGLMQAGGSLRLSCAFSGRTFSSYTMGWFRQAPGKEREFVAAIIRSSGTTYYADSVKGRFTISRDNARNTVYLSMNSLKPEDTAVYYCSTGGERGQGTQVTVST
seq3805,EVQLVESGGGLVQPGGSLTLSCVASGSTSTINAMGWYRRAPGKQRELVAGISSDNSKVYADSVKGRFTISRDNAKNSVYLQMNSLRAEDTAVYYCYYFRSANGSSKRYWGQGTLVTVSS
seq3806,EVQLVESGGGLVQPGGSLRLSCAASGIPFRSRTMGWFRQAPGKEREFVAGISRSGASTAYADSVKGRFTISADNSKNTAYLQMNSLKPEDTAVYYCTHANDYGDYWGQGTLVTVSS
seq3807,QVQLQESGGGLVQTGASLRLSCAVSGRRITDYIIGWFRQAPGKEREFVGQISRSANSIIANSVKGRFTISRDNANNTVSLQMNSLKPDDTAVYLCGASSSIGVWTTSQYYDYWGQGTRVTVSS
seq3808,QVQLQDSGGGLVQAGGSLKLTCAASEHTFSSAAMGWFRQAPGKEREFVAAIRWSGGGTYYAPSLAGRFAISGNHAKNLVYLEMNNLKPEDTAAYYCAAMLRRFFTASYYSTTTSYDYWGQGTQVTVSL
seq3809,EVQLVESGGGLVQPGGSLKLSCAASGFDFSSHWMYWVRQAPGKELEWLSEINTNGLITHYGDSVKGRFTVSRNNAANKMYLELTRLEPEDTALYYCARNQKGLNKGQGTQVTVSS
seq3810,VQLQVSGGGSVQPGGSLRLSCAASGFTFSNYAMYWLRQAPGKGIEWVSRIGPGGSHTEYADSVKGRFTISRDNAKNTLSLQMNSLKPEDTAVYYCAITQQGSGRGRGTQVTVSS
seq3811,QVQLQESGGGLVQAGGSLRLSCAASGITFRGKAIGWYRQAPGKQRELVARIDSGDITDYADSVKGRFSISRDNAKNTVYLQMNSLKSEDTAVYYCNLRGSNYWGQGTQVTVSS
seq3812,EVQLVESGGGLVQPGGSLRLSCVASGDVHKINFLGWYRQAPGKEREKVAHITIGDQADYADSAKGRFTISRDEAKNMVYLQMNSLKPEDTAVYFCRAGSRIYPYDYWGQGTLVTVSS
seq3813,EVQLLESGGGLVLPGGSLRLSCVHSGPTFRTDTMGWFRQAPGKGREFVAAVTWNSGRINYADSVKGRFTVSRDNTRNAAYLQMSGLRDEDTAVYYCTAHRFVVGGNRVEDWRYWGQGTLVTVSS
seq3814,EVQLVESGGGLVQAGGSLRLSCAASGTIGTIRAMGWYRQAPGKQRELVALITSTGRINYADSVKGRFTIGRDNAKNTAYLQMNNLKPEDTAVYYYNIETLRRNYWGQGTQVTVSS
seq3815,EVQLVESGGGSVQAGGSLKLSCTASGRPFNNYAMAWFRQAPGKEREFVAAISWSLSRTHYANSVKDRFTISRDNAKNTAFMQMSSLKPEDTAVYYCAAAPRPKRVSVHYFSTSSNYDYGGQGTQVTVSS
seq3816,EVQLVESGGGVVQPGGSLRLSCAASGRTFSSYTMGWFRQAPGKEREFVAAISWSGGRTYYADSVKGRFTISRDNSKNTVYLQMNSLRPEDTALYYCAAYRRRRASSNRGLWDYWGQGTLVTVSS
seq3817,QVQLQESGGGLVQPGGSLRLSCAASVSSIGTMGWFRQAPGKQPELVASISRVGTTNYANSVKGRFTVSRDNAQNTMYLQMNSLKPEDTAVYLCFANVISGPVYWGQGTQVTVSS
seq3818,QVQLQESGGGLVQTGGSLRLSCTASRRIFGSMGRGWFRQAPGKEREFVAAITWRDGATYYADSTKGRFTISRDRAKNTVDLQMNSLKSEDAAVYYCADKTLTGDSREIGEYRYWGQGTRVTVSS
seq3819,QVQLQESGGGLVQPGGSLRLSCVGSGSTFRHHAMAWFRQTAGKEREFVSAINNHGTKTRYSDSVRGRFTISRDNDENMVYLQMDNLRPEDTAVYSCAAGPLVDYLETVPVVYTYWGQGTQVTVSS
seq3820,EVQLVESGGGLVQAGGSLRLSCAFSRRSFGNFPMGWFRQRPGEEREYVAVISWNNNYIHYRDSVKGRFTASRDTSENRMYLQMNGLKPEDTAVYYCAARTKDNTLFTPAEEYDYWGQGTQVTVSS
seq3821,QVKLEESGGGSVQTGGSLRLTCAASGRTSRSYGMGWFRQAPGKEREFVSGISWRGDSTGYADSVKGRFTISRDNAKNTVDLQMNSLKPEDTDIYYCAAAAGSAWYGTLYEYDYWGQGTQVTVSS
seq3822,EVQLVESGGGLVQTGGSLRLSCAASGGTFSTYAMGWFRQAPGKEREFVAGITRSAVSTSYTDSVKGRFTISRDNAKDMVYLQMNSLKPEDTALYYCAATRRLHFGNGADYWGKGTPVTVSS
seq3823,QVQLQESGGGLVQPGGFLRLFCAASGNIFSFNAMGWYRQAPGKQRELVAAITCDGSTTYADSVKGRFTISGDNAKNTWYLQMNSLQPEDTAVYHCNAGLPGRVGVFLADWGQGTQVTVSS
seq3824,QVQLQEFGGGLVQAGGSLRLSCAASGRIFSIRPMGWYRQAPGKERELVALISSGGITNYADSVKGRFTIARDGTGNTVYLQMNSLKPEDTSVYYCYRAAVGKNYWGQGTQVTVSS
seq3825,EVQLVESGGGLVQAGGSLRLSCSASESIFSISAMNWYRQAPGKQRELVASITTGGSRIYASSLKGRFTISRDNAENTVYLQMNSLKPEDTAVYYCNAKASGWKTRRDYWGQGTQVTVSS
seq3826,VQLVETGGGLVQPGGSLRLSCAASGNIFSINAMGWYRQAPGKQRELVAAISNSGSTNYEDSVKGRFTVSRDNAKNTVYLQMNSLKPEDTAVYYCNAFDLVAGTRLGSWGQGTQVTVSS
seq3827,QVQLQESGGGLVQPGGSLRLSCAASGSTFSILAVAWYRQAPGKRRELVAGISGGGVTNYPDSVKGRFTISRDNAKNTVYLQMSSLKPEDTAVYYCNLWPPRASPGGRVYWGQGTQVTVSS
seq3828,EVQLVESGGGQVQPGGSLRLSCESSVSIWSFKVMGWFRQVPGKQLELVATITTGGSPDYSDSVKGRFTISRDYDKRTLYLQMNSLKPEDTARYYCAGRLWAHITSSGHDVWGQGTQVTV
seq3829,EVQLVESGGGLVQAGGSLKLSCAASGRSFSRYAMGWFRQAPGKEREFVAATRWNGGSTYYADYADSVKGRFTVSRDNAKNTMYLQMNSLKPEDTAVYYCAGKGTVYSGSSPISDEYGYDYWGQGTQVTVSS
seq3830,EVQLVESGGGPVQAGGSLRLSCANSGRTYRGYGMAWFRQSPGKEREFVAAITWSEGNAYYEDFVKGRFTISRDNAKNTLYLQMTNLKPEDTALYYCAAKIRPYIFKIAGQYDYWGQGTQVTVSS
seq3831,EVQLVESGGGLVQAGGSLRLSCAASGFAFDDYEIGWFRQAPGKEREGVACINNSDGSTYYIDSVKGRFTISKDSATNTVYLQMSSLKPEDTAVYYCAADSWCTVVAGKIHPFDSWGQGTQVTVSS
seq3832,VQLVESGGGLVQPGGSLRLSCATSGFTFDTYDMSWVRQAPGNGPEWVSAEDSTGNKFYADSVKGRFAISRDNARNTLYLQMNSLTSEDTAVYYCAKGLRSWGAWGQGTQVTVSS
seq3833,VQLQESGGGLVQPGGSLRLSCAASGFAFSTYAMSWVRQAPGKGLEWVSGINGGGGNTYYADSVKGRFTISRDNAKNTLYLQLNSLKTEDTAMYYCGQGAYWAYCNGGYCNPPGQGTQVTVSS
seq3834,EVQLVESCGGLVQPGGSLRLSCAASGFTFDDYGMSWVRQAPGKALEWVSAISWNGNNTYYTESMKGRFTISRDNAKNTLYLQMNSLRPEDTAVYYCVKGSTAIVGVPPTYPDEYDYWGQGTLVTVSS
seq3835,EVQLVESGGGLVQPGGSLRLSCAASGSIGGLNAMAWYRQAPGKERELVAGIFGVGSTRYADSVKGRFTISRDNSKNTVYLQMNSLRSEDTAVYYCRMSSVTRGSSDYWGQGTLVTVSS
seq3836,QVQLQQSGGGLVQAGGSLRLSCAASGIPFSIIYMAWFRQAPEKQRELVAEMSSRGSKFYADSVKGRFTISRDNAKNTLYLQMNSLEPEDTAVYYCSVGARRDDNDYVYWGQGTQVTVSS
seq3837,EVQLVESGGGPVQAGGSLRLSCAASGRTYRGYSMGWFRQAPGREREFVAAIVWSDGNTYYEDSVKGRFTISRDNAKNTMYLQMTSLKPEDSATYYCAAKIRPYIFKIAGQYDYWGQGTQVTVSS
seq3838,EVQLVESGGGEVQPGGSLRLSCAASERPFGTYAMGWFRQAPGKERETVAAVSRNAGASQYAESVKGRFTISRDNAKNTMYLQMSSLRAEDTAVYYCAARSAAYSRSSEVYTGKDEYYYWGQGTLVTVKP
seq3839,QVKLQESGGGSVQAGGSLRLSCAASGRTFSSYAMAWFRQAPGKEREFVAAIAWSGGHTYYADSVKGRFTISPDTAKNTVYLQMSSLNLEDTAVYYCAADPRRYPHGTYYYTRPSDFGSWGQGTQVTVSS
seq3840,EVQLVESGGGLVQPGGSLRLSCAASGRTFSNYAMGWFRQAPGKEREFVAAISWSGGSTVYADSVKGRFTISRDNAKNMVYLQMNSLKPEDTAVYYCAAGNGGRYYNHSRTRYEYWGQGTQVTVSS
seq3841,QVQLQASGGGLVQPGGSLTLSCAASGSIDSILAMGWYRQGPGKQRELVATITSDGGSTNYAEYVKGRFTISRDDANNTACLQMDNLKPDDTAVYYCNAKGRRLSYGYWGQGTQVG
seq3842,EVQLVESGGGLVQPGGSLRLSCAASGGGTFGSYAMGWFRQAPGKEREFVAAISIASGASGGTTNYADSVKGRFTISADNSKNTAYLQMNSLKPEDTAVYYCATTMNPNPRWGQGTLVTVSS
seq3843,EVQLMESGGGLVQPGGSLRLSCATSGTIFSNNAMGWYRQAPGKKRDLVASISNSGSTNYADSVKGRFTVSRDNDKNTGYLQMNSLKPEDTGVYYCTVDARRGWNTAYWGQGTQVTVSS
seq3844,VQLVESGGGLVQAGGSLRLSCAAPGLTFTSYRMGWFRQAPGKEREYVAAITGAGATNYADSAKGRFTISKNNTASTVHLQMNSLKPEDTAVYYCAASNRAGGYWRASQYDYWGQGTQVTVSS
seq3845,EVQLVESGGGVVQPGGSLRLSCAASGGTFSTYVMGWFRQAPGKEREFVAAISQNSIHTYYANSVKGRFTISRDNSKNTVYLQLNSLRPEDTALYYCAASRFTSWYTADYEYDYWGQGTLVTVSS
seq3846,DVQLVESGGGLVQPGGSLRLSCSASGRTFSFSTSTMGWFRQAPGKELEFVAAIDWSDFNTYYADSVKGRFTISRHNSRNSVYLQMNSLRPEDTAVYYCAAHSETRGGTRYFDRPSLYNYWGQGTQVTVSS
seq3847,QVQLQESGGGLVQPGGSLRLSCAASVFTLGYYHIGWFRQAPGKERERVSCISSSGGSTNYADSVKGRFTISRDNAKNTVYLQMNSLKPEDTAVYYCAHCGAAEGYDYWGQGTQVTVSS
seq3848,QVQLQESGGGLVQPGGSLRLSCAASGIILRLYDMGWYRQTPGKQRELVAEITSGGSTNYADSVKGRFTISRDNAENTVSLQMNSLKSGDTAVYYCNADHTFAGVYWGQGTQVTVSS
seq3849,EVQLVESGGGLVQPGGSLRLSCAASGTTFKINVMAWYRQAPGKGRELVAAIITSGTTSYADSVKGRFTISRDNAKNTLYLQMNSLRPEDTAVYYCAFVTTNSDYDLGRDYWGQGTLVTVSS
seq3850,EVQLVESGGALVQPGGSLRLSCAASDSIRSINIMGWYRQAPGKQREFVAAVTEDGSINYAESVKGRFTISRDKAKNALYLQMNSLKPEDMAVYYCNADRVLYYSDSRYYTGSNYWGQGTQVTVSS
seq3851,EVQLVESGGGLVQPGGSLRLSCAASGFTFSTSWMGWFRQAPGKERELVASITSGGSTYYADSVKGRFTISADNSKNTAYLQMNSLKPEDTAVYYCAADVWYGSTWRNWGQGTLVTVSS
seq3852,EVQLVESGGGSVQAGGSLSLACAPSGLNASSYCMGWFRQSPGKEREGVARINGNAGIKTAYADSVKDRFTLSRDNAKNTVYLQMNSLKAEDSAIYFCAAKSSPGYCGGNWDNFGYWGQGTQVTVSS
seq3853,QVQLVETGGGTVQTGGSLRLSCSASGGSFSRNAMGWFRQAPGKEREFVAAINWSASSTYYRDSVKGRFTVSRDNAKNTVYLHLNSLKLEDTAAYYCAGSSVYAEMPYADSVKATSYNYWGQGTQVTVSS
seq3854,QVQLQDSGGGLVQPGGSLRLACVASGSIFSIDVMGWYRQAPGQQRELVATITNSWTTNYADSVKGRFTISRDNAKNVVYLQMNSLKLEDTAVYYCNARRWYQPEAWGQGTQVTVSS
seq3855,QVKLEESGGGLVQAGGSLRLSCAASERTFSRYPVAWFRQAPGAEREFVAVISSTGTSTYYADSVKGRFTISRDNAKVTVYLQMNNLKREDTAVYFCAVNSQRRRLQDPNEYDYWGQGTQVTVSS
seq3856,EMQLVESGGGLVQPGGSLRLSCAASGFSISNNWMYWFRQAPGKGHEWVSTIKTGAGSTAYADFVKGRFTISRDNAKNTLYLQMNSLKPEDTALYYCARDWAGTVRGQGTQVTVSS
seq3857,EVQLVESGGGLVQAGGSLRLSCAASGFTFDDYAIGWFRQAPGKEREGVSCISSRDGITYYADSVKGRFTISSDNAKNTVYLQMNSLKPEDTAVYYCAADLVGSFPCPVAAYDYWGQGTQVTVSS
seq3858,EVQLVESGGGLVQTGGSLRLSCAASGRTFSSYAMGWFRRAPGKEREFVATISWRGDRKYYSESVKDRFTIARGRSNKNAVYLQMNSLKPEDTAVYYCAKDRAPYGSGSPDVKQYEHWGQGTQVTVSS
seq3859,EVQLVESGGGLVQAGESLTLSCAASGRTLSAYIMGWFRQAPGKEREFVAGIWSGGYTHLADSAKGRFSISRDNAKNTVYLQMNGLKPEDTAVYYCAAGLRGRQYSNWGQGTLVTVSS
seq3860,EVQLVESGGGLVQAGGSLRLSCAASGSTFSTYAMGWYRQDPGNQRELVAAISSDGSTHYADSVKGRFTISRDNAKNTVYLQMNSLKPEDTAVYYCYAPVKVAGLEYDYWGQGTQVTVSS
seq3861,EVQLVESGGGLVQPGGSLTLSCVASGSTSTINAIGWYRRAPGKQRELVAGISSDGSKVYVDSVKGRFTISRDNAKNSVYLQMNSLRAEDTAVYYCYYFINLKGSSMAYWGQGTLVTVSS
seq3862,VQLQESGGGLVQPGGSLRLSCAASGSISSINAMGWYRQAPGNQRELVAAITNQGRVTYADSVKGRFTISRDGAKNTVYLQMNSLKPEDTAVYYCKVFAASGMEYWGKGTQVTVSS
seq3863,QVQLVESGGGLVQPGGSLRLSCAASGFTFSDTWMNWVRQAPGKGLYWISAINPDGGNTAYADSVKGRFTISRDNAKNMVYLQMDNLRPEDTAMYYCAKGWVRLPDPDLVRGQGTQVTVSS
seq3864,QVQLQESGGGLAQPGGSLRLSCAASGSTISSVAVGWYRQTPGNQREWVATSSTSSTTATYADSVKGRFTISRDNAKNTIYLQMNSLKPEDTAVYYCKTGLTNWGQGTQVTVSS
seq3865,QVQLQEFGGGLVQPGGSLRLSCQASTSVFGNTAMAWYRQAPGKQRELVARITTLGFTYYADSAKGRFTISRDSAMNTVYLQMNSLKPEDTAVYYCRARRALRESHWGQGTQVTVSS
seq3866,QVQLQESGGGSVQAGGSLRLSCTAPGFTSNTCAMAWFRQAPGKEREFVSSMSTVGSTRFADSVKGRFTISKDEVKDTVYLQMNSLKPEDTAMYFCKTYACRECTGRYCRTAPDAWGQGTQVTVSS
seq3867,EVQLVESGGGEVQPGGSLRLSCAASGRSFGDYTVGWFRQAPGKERDFVAGLSWLGGTIYYAESVKGRFTISRDNAKNTVYLQMSSLRAEDTAVYYCAASRSAISRKATDFGSWGQGTQVTVKP
seq3868,EVQLVESGGGLVQAGGSLRLSCTASGRTISTTVMAWFRQAPGKEREFVAAVHWGDESTVYADSVKGRFTISRDNAKNTVYLQMNYLKPEDTSVYYCAARPPTYVGSSRSSRAYDYWGQGTQVTVSS
seq3869,ELQLVESGGGLVQSGGSLRLSCAASGFTFSNYAMRWVRQAPGGRLEWVSSINIAGSSVVYADSVKGRFTISRDNAKNTLYLQMNSLKSEDTAVYYCAMQGFVYWGQGTQVTVSS
seq3870,EVQLVESGGGSVQAGGALRLSCAVSGRTFESYRMGWFRQAPGKEREFVSLINWSSGKTIYADSVKGRFTISGDNAKDTVYLEMNSLKPEDTAVYYCAVGRAWSGSHYSALAYQYWGQGTQVTVSS
seq3871,QVQLQESGGGLVQAGGSLRISCAISGHAGERVIMGWFRQAPGKEREFVAAITWSGIGTYYRDSVRGRFTISRDGAKNTVTLQMNSLNLEDTAVYYCAADMPPYGKTWDEGYDYWGQGTQVTVSS
seq3872,EVQLVESGGGLVQAGGSLRLSCAASGRTYYLNAMGWFRQGPGKDREFVAAIDWSDGNKDYADSVKGRFTISRDNAKNTVYLQMNSLKPEDTAVYYCAADTPPWGPMIYIESYESWGQGTLVTVSS
seq3873,EVQLVESGGGLVQAGGSLRLSCAASGRTFSSYAMAWFRQAPGTEREFIAGIRWSDGSTYYADSVKGRFTISRDNAKNTVYLQMNSLKPEDTAVYYCAADFYVSTLAHEYDYWGQGTQVTVSS
seq3874,EVQQVESGGGLVQTGGSLRLSCIVSGGTFSTYAMGWFRQAPGKEREFVAGITRSGVSTSYADSVKGRFTISRDNAKDTVYLQMNSLKPEDTALYYCAATRRLHFGNGADYWGKGTPVTVSS
seq3875,DVQLVESGGGLVQPGGSLRLSCSASGRTFSFSTSTMGWFRQAPGKEREFVAAIDWSDFNTYYADSVKGRFTISRHNPRNSVYLQMNSLRPEDTAVYYCAAHSETRGGTRYFDRPSLYNYWGQGTQVTVSS
seq3876,EVQLVESGGEVVQPGGSLRLSCAASGFTFDDRAIGWFRQAPGKEREGVACSANNDNRAFYEDSVKGRFAVSRDNAKNTVYLQMNSLKPEDTAVYYCATRCAAGRVNLYYGMDYWGKGTLVTVSS
seq3877,EVQLVESGGGVVQPGGSLKLSCVASGTDFSINFIRWYRQAPGKQREFVAGFTATGNTNYADSMKGRFTISRDNTKNAVYLQIDSLKPEDTAVYYCYMLAKWGQGTQVTVSS
seq3878,DVQLVESGGGLVQPGGSLRLSCSASGRTFSFSTSTMGWFRQAPGKEREFVAAIDWSDFNTYYADSVKGRFTISRDNSKNTVYLQMNSLRPEDTAVYYCAAHSETRGGTRYFDRPSLYNYWGQGTQVTVSS
seq3879,EVQLVESGGGLVQPGGSLRLSCAASGRTFSDDAMGWFRQAPGKEREFVAAINWSGGSTRYADSVKGRFTISADNSKNTAYLQMNSLKPEDTAVYYCATDPPLFWGQGTLVTVSS
seq3880,EVQLVESGGGLVQAGGSLRLSCAASGFTFDNYAMGWFRQAPGKEREFVATITWSGTTTNYADSVKGRFTISADNAKNTVYLQMNSLKPEDTAVYYCAAAAWTIYDYDYWGQGTQVTVSS
seq3881,EVQLVESGGGLVQAGGSLRLSCAVSGRTFNNDHMGWFRQAPGTERELVAATGRRGGPTYYADSVKGRFTISRDNAESTVYLQMNSLKAEDTAVYYCAANRYYCSTYGCLSTPRQYDYWGQGTQVTVSS
seq3882,EVQLVESGGGLVQPGGSLRLSCAASGRNLRMYRMGWFRQAPGKEREFVASISRFGRTNYADSVKGRFTISADNSKNTAYLQMNSLKPEDTAVYYCARHDSIGLFRHGMDVWGQGTLVTVSS
seq3883,QVQLQESGGGLVQAGGSLRLSCAASGSTFSFNKMDWYRQAPEKQRELVATFMNDGNTYYVDSVKGRFTISRDNAKNTVYLQMNSLKFEDTAVYYCRGRAGMEVYWGQGTQVTVSS
seq3884,VQLVETGGLVQPGGSLRLSCAASGFTLDYSSIGWFRQAPGKEREGVSCISSSGDSTKYADSVKGRFTTSRDNAKNTVYLQMNSLKPDDTAVYYCAAFRATMCGVFPLSPYGKDDWGKGTLVTVSS
seq3885,QVQLVESGGGSVEAGRSLRLSCAASGFRYAAYCMGWFRQADGKEREGVATIDIDGQTTHADSVKGRFTISRDNAKNTLSLQMNDLKPEDTAMYYCAADRDRCGSIWTYAYKYRGQGTQVTVSS
seq3886,EVQLVESGGGAVQAGGSLRLSCAASGRSFSTNPMGWFRQFPRKEREFVAAHRWSDGNTYYADSVKGRFTISRDNAKHTVYLQMNSLKSEDTAVYYCAAGRPWSAAHSPNEYVYWGQGTQVTVSS
seq3887,EVQLVESGGGLVQPGGSLRLSCAASGRTFGNYAMGWFRQAPGKEREFVADIRSSAGRTYYADSVKGRFTISADNSKNTAYLQMNSLKPEDTAVYYCAASEWGGSDYDHDYDWGQGTLVTVSS
seq3888,GGGSVQPGGSLTLSCTVSGATYSDYSIGWIRQAPGKDREVVAAANTGATSKFYVDFVKGRFTISQDNAKNTVYLQMSFLKPEDTAIYYCAAADPSIYYSILGIEYKYWGQGTQVTVSS
seq3889,EVQLVESGGGLVQAGGSLRLSCAPSGFTFSPYYMGWFRQAPGKERDFVAAISRSRGTTYYLDSTEGRFTISRDNANDTVYLQMNSLNPEDTAVYYCAAGRSPGDPSRTYLYDYWGQGTLVTVSS
seq3890,QVQLVESGGGLVQAGGALRLSCAASGRTFSYNPMGWFRQAPGKERDVVAAISRTGGSTYYARSVEGRFTISRDNAKRMVYLQMNALKPEDTAVYYCAAAGVRAEDGRVRTLPSEYNFWGQGTQVTVSS
seq3891,QVQLQESGGGLVQAGGSLRVSCAASGSGRRVGYMAWYRQTPGKQRELVATISRAGATNYADSVKDRFTISRDNAKNTVYLQMNSLKPDDTAVYYCFASVFDAGTYWGQGTQVTVSS
seq3892,QVQLQESGGGLVQVGGSLRLSCADSGSTFSVNAVGWYRQAPGKRRDWVAGITSDGVTNYPDSVKGRFTISRDNAKNTVYLQMNSLKPEDTAVYYCNLWPPRASPSGRIYWGQGTQVTVSS
seq3893,EVQLVESGGGEVQPGGSLRLSCAASGSIFSINAMGWYRQAPGKQREWVAVVSSDGRTTVAPSVKGRFTISRDNAKNTVYLQMSSLRAEDTAVYYCGVREWYSDSDWRDYEGQGTLVTVKP
seq3894,QVQLQESGGGLVQPGDSLRLSCAASGRTDASFAMGWFRQAPGKEREFVAAIIWSGGSGRYADSVQGRFTISRDNAKNTVYLQMNSLKPEDTAVYYCAAQGRLRYGIRTRDNYDYWGQGTQVTVSS
seq3895,EVQLVQSGGGSVQAGGSLRLSCAHSSITVPDYTIGWFRRAPGKGGEEVSLISMHGGRSWYAGSVKGRFAISRDSVKNTVYLQMNNLKPEDTDIYYCGGTTFGLAAAPNEYDSWGQGSQVTVSS
seq3896,EVQLLESGGGLVQPGGSLRLSCAASGRYIDETAVAWFRQAPGKEREFVAGIGGGVDITQYADSVKGRFTISRDNSKNTLYLQMNSLRPEDTAVYYCAARPGRPLITSKVADLYPYWGQGTLVTVSS
seq3897,EVQLVESGGGLVQAGGSLRLSCAASGFTFDDYAIGWFRQAPGKEREGVSCINNSDGSTYYADSVKGRFTISSDNAKNTVYLQMNSLKPEDTAVYYCAADFVGGSYCLFPTYNYWGQGTQVTVSS
seq3898,EVQLVESGGGLVQAGGSLRLSCAASGFTFRSFGMGWFRQAPGKEREFVASTIWSRGDTYYADSVKGRFTISADNAKNTVYLQMNSLKPEDTAVYYCASSPYGPLYRSTHYYDWGQGTQVTVSS
seq3899,EVQLVESGGGLVQAGGSLRLSCAASGRTSSSYAMGWFRQAPGKEREFVASITRSGGDTVYADSVKGRFTISRDRAKNTLYLGMNSLKPEDTAVYYCAASTALGAQLMGNIGRAEYWGQGTQVTVSS
seq3900,QVQLQQSGGGLVQPGGSLTLSCAASGSIASGNVLGWYRQAPGKQRELVATITSGGLTHYKDSVKGRFTISRDNAKNMVFLQMNSLKPEDTAVYYCNYRRLATGYWGQGTQVTVSS
seq3901,QVQLQQSGGGLVQSGGSLKLSCAASGSIPSVNVMGWYRQAPGKQRELVAAVTSDGRTSYADSVKGRFTVSRDNAKNTVALQMDSLKPEDTAVYYCLITNSDHNTLGVGKGTLVTVSS
seq3902,VQLVESGGGLVQAGGSLSLSCAASGGDFSRNAMAWFRQAPGKEREFVASINWTGSGTYYLDSVKGRFTISRDNAKNALYLQMNNLKPEDTAVYYCARSTVFAEITGLAGYQSGSYDYWGQGTQVTVSS
seq3903,EVQLVESGGGLVQAGGSLRLSCAASGFTFDDYAIGWFRQAPGKERDGVSCISSSDGSTYYADSVKGRFTISSDNAKNTVYLQMNSLKPEDTAVYYCAVEVPSSCGYYRGSYYYTDEEFAYWGQGTQVTVSS
seq3904,EVQLLESGGGLVQPGGSLRLSCAASGGSLSNYVLGWFRQAPGKGREFVAAINWRDDITIGPPNVEGRFTISRDNSKNTLYLQMNSLRPEDTAVYYCGAGTPLNPGAYIYDWSYDYWGQGTLVTVSS
seq3905,VQLVESGGGLVQPGGSLRLSCAASGRTFTMGWFRQAPGKEREFVAAISLSPTLAYYAESVKGRFTISRDNAKNTVVLQMNSLKPEDTALYYCAADRKSVMSIRPDYWGQGTQVTVSS
seq3906,EVQLVESGGGLVQPGDSLKLSCAFSGRTFSSYSMGWFRQAQGKEREFVVAISSGGGYIYDSVSLEGRFTISRDNTKNTVYLQTPSLKPEDTADYYCAASRAYGSSRLRLADTYDYWGQGTQVTVSS
seq3907,QVQLQESGGGLVQAGGSLRLSCAASGRTLSSYAMGWFRQAPGKEREFVAAINRSGSTFYADAVKGRFTISRDNAKNTVYLQMNSLKPEDTAAYYCAADRFSPVVPGPIPVNTVDSWGQGTQVTVSS
seq3908,EVQLVESGGGVVQPGGSLRLSCAASGRTFRHYAMGWFRQAPGKEREFVAAISSYGSTDYGDSVKGRFTISRDDAKNTVPLQMNSLKPEDTALYYCAAADETLGAVPNFRLHEKYEYEYWGQGTLVQVSS
seq3909,AVQLEESGGDSVQAGGSLRLSCAASGFTFSRYSMYWVRQPPGKGLEWVSEIYPDGNGWYTSSVKGRFTISRDNDKNMLYLQMNSLKPDDTAVYYCALSRSGQGRGQGTRVTVSS
seq3910,QVQLQESGGGLVQTGGSLTLSCGASEITFSDKTVGWYRQAPGKQRVLVAVISNVDSTNYAHSVKGRFTISRDNAKNTVYLQMNSLKPEDTAVYYCHARDFENEYWGRGTQVTVKP
seq3911,EVQLVESGGGLVQAGGSLSLSCTSSKGTFRNFAMGWFRQAQGKEREFVATISRSGGHTYYSDSVKGRFAISRDNAKNLVSLQMNSLNAEDTAVYYCAARFRSDDDTYYYQRAFYDFWGQGTLVTVSS
seq3912,VQLQESGGGLVQPGGSLRLSCAGSGRTISNHAMGWFRQAPGKEREFVAAISWTGLTTNYADSVKGRFFISRDDAENTVYLQMNSLKPEDTAVYYCAARQSGYVSKFVDDYGYWGQGTQVTVSS
seq3913,VQLQASGGGFVQPGGSLRLSCAASGRYSAWDGMGWFRQAPGKEREFVSAISSQHDLEEYYADSVKGRTISRDNSKNTVYLQMNSLRAEDTATYYCAATIRTGWADYWGQGTQVTVSS
seq3914,EVQLVESGGGLVQAGGSLRLSCAASGFTFRSYAMGWFRQAPGKEREFVATITRNGDNTYYADSVKGRFTISADNAKNTVYLQMNSLKPEDTAVYYCATVGTRYNYWGQGTQVTVSS
seq3915,EVQLVESGGGLVQPGGSLRLSCATSGLTFSDYNLGWFRQAPGKERQFVAVISWRDSFAYYAEPVKGRFTISRDNAKNTVYLQMNSLKPEDTAVYYCAADRVSSRLVLPNTSPDFGSWGQGTQVTVSS
seq3916,QVQLVESGGGLVQAGDSLTLSCAASGRSVGFDTYGMAWFRQAPGKEREFVASIAYNGETTSYADSVQGRFTVTRENAKNTIALRMNGLKPDDTAVYYCAAAQYYLTGTSFPAKFWGQGTLVTVSS
seq3917,QLQLVESGGGLVQPGGSLRLSCAASGFTLDYSSIGWFRQAPGKEREGVSCISSSGDSTKYADSVKGRFTTSRDNAKNTVYLQMNSLKPDDTAVYYCAAFRATMCGVFPLSPYGKDDWGKGTLVTVSS
seq3918,VQLVESGGGLVQAGGSLRLSCAASGRTFTMGWFRQAPGKERGFVASITWDGRSAYYAESVKGRFTISRDNAKNTVVLQMNSLKPEDTALYYCAADRKSVMSIRPDYWGQGTQVTVSS
seq3919,VTTSKRSLRLSCAASGRTFSTAAMGWFRQAPGKERDFVAGIYWTVGSTYYADSAKGRFTISRDNAKNTVYLQMDSLKPEDTAVYYCAARRRGFTLAPTRANEYDYWGQGTQVTVSS
seq3920,EVKLQQSGGGLVQPGKSLRLSCEASARAAGVGWFRQAPGLEREYVGSFLWNTGRTHYPESLKDRFTISKDNAKNTVYLQINSLKPEDTAIYYCAAVQLPIRTSLTEPATYTFWGQGTQVTVAS
seq3921,EVQLVESGGGLVQAGGSLRLSCAASGFTFDDYAIGWFRQAPGKEREGVSCISSSDGSTAYADSVKGRFTISSDNAKNTVYLQMNSLKPEDTAVYYCTAVPATRRTPQMVAANVCWLAEYEYDYWGQGTQVTVSS
seq3922,QVQLQESGGGLVQAGGSLRLSCAASGSIGTIDSMGWYREAPGKRRELVAFIMFSGRTIYQDSVKGRFSISGDNAKKTVSLQMTSLKPEDTGVYYCYSNQYWGQGTQVTVSS
seq3923,QVQLQESGGELVQPGGSLKLSCAASGLTFTNYSMGWFRPGPGVDREAVAAISWSGDNTYYVSSVKGRFTISRDNAKNTVYLQMNSLKPQDTAVYYCAVKPDDGWWDYWGQGTQVTVSS
seq3924,DVQLRASGGGLVQPGGSLRLSCAASGFTFSNYAMYWLRQAPGKGIEWVSRIGPGGSHTEYADSVKGRFTISRDNAKNTLSLQMNSLKPEDTAVYYCAITQQGSGRGQETQVTVSS
seq3925,LQESGGGLVHPGGSLRLSCAASGFTFSSHAMSWVRQAPGKRLEWVSGINGGGGITTYADSVKGRFTISRDNAKNMLYLQMNSLKPEDTAVYYCAKGGNSGSYYRDYWNQGTQVT
seq3926,EVQLVESGGGEVQPGGSLRLSCAASGRAINMYAMGWFRQAPGKEREFVAAINWNGAYTQYAESVKGRFTISRDNAKNTLYLQMSSLRAEDTAVYYCSADADYNTYVSPNKRVSYWGQGTLVTV
seq3927,QVQLVESGGGLVQPGGSLRLSCSASRGVFRDLFIGWYRQAPGKERELVASITSGFSTGYADSVKDRFTISRDNGKRMVYLQMNNLKPEDTAVYYCNSLWGNMSPWGQGTQVTVSS
seq3928,QVQLQESGGGLVQAGGSLKLSCAASGNVFRAATMAWYRQAPEKQREMVATIASGGTTNYADFVKGRFTISRDNAKNTVYLQMNTLKPEDTAVYYCNAGYLTSLGPKNYWGQGTQVTVSS
seq3929,EVQLVESGGGLVQPGGSLRLSCVASGFSLDDYGMTWVRQAPGKGFEWVSSINWSGTHTDYADSVKGRFTISRDNAKNTLFLQMNSLSPEDTAVYYCNQGWKILPTNRGSHGTQVTVSS
seq3930,EVQLVESGGGLVQPGGSLRLSCAASGLTISTYIMGWFRQAPGKEREFVAVVNWNGDSTYYADSVKGRFTISADNSKNTAYLQMNSLKPEDTAVYYCAAYYTDYDEALEETRGSYDWGQGTLVTVSS
seq3931,AVQLVESGGGSVQAGGSLKLSCAATTYIFTGCGMGWYRQAPGKEREMVSTISPDGTTTYAESVKGRFTISQDNAKQTLFLQMNSLKPEDTAVYFCAVLSYYSDSELGDCGDGENFWGQGTQVTVSS
seq3932,EVQLVESGGGLVQPGGSLTLSCAASWRSVLLLSVAWYRQAPGKKRELVAGISNDGSTDYIDSVKGRFTISRDNAKNSVYLQMNSLRAEDTAVYYCYAYDWTTRQRYWGQGTLVTVSS
seq3933,QVQLQESGGGLVQAGGSLRLSCAASGSTFSGNAMAWYRRAPGKRRELVAGISGGGVTNYPDSVKGRFTISRDNAKNTVYLQMSSLKPEDTAVYYCNLWPPRVSPGGRVYWGQGTQVTVSS
seq3934,QVQLVESGGGLVQAGGSLRLSCTASGSIESINRMAWYRQAPGQQREFVARISKGGSTNYPDSVKGRFTISRDNAKNTVYLQMNSLKPEDTAVYYCAAGPVWEQFWGQGTQVTVSS
seq3935,QVQLQESGGGSVQTGGSLRLSCAASTSIYSINYMAWFRQAPGKGREGVAAVYIDDGRPYYADSVKGRFTISLDSAKNTVYLQMTSLKSEDTAMYYCAAAPGPLSRSYWYTSANYDYWGQGTQVTVSS
seq3936,QVKLEESGGGWVQPGGSLRLSCVVSGRILSIKAMGWYRQAPGKQREYVAGIVSSGNTNYADFVKGRFTISGDNAKNTVFLQMNSLKPEDTAVYYCNALVVVTSASGPELASWGQGTQVTVSS
seq3937,EVQLVESGGGLVQPGGSLRLSCAASGLTFSSYAMGWFRQAPGKERECVTAIFSDGGTYYADNVKGRFTISADNSKNTAYLQMNSLKPEDTAVYYCAAALDGYNGYWGQGTLVTVSS
seq3938,EVQLVESGGGLVQAGGSLRLSCAVSSRAFSSYGMGWFRQAPGKDREFVATINWSGVTAYADSIKGRFTISRDNAKETVYLQMNSLKPEDTGVYYCAAETYGSGSSLMSEYDYWGQGTQVTVSS
seq3939,QVQLQESGGGLVQAGGSLRLSCAASGSIFSFNIMAWYRQAPGKQRELVAAITSGGSTSYADSVKGRFAISRDNAKNTVDLQMNSLKPEDTAVYYCRAVVREQIHNYEYWGQGTQVTVSS
seq3940,GGLVQPGGSLRLSCAASRSTTATIYSMNWYRQAPGKQRELVAGMTSDGQTNYATSVKGRFTISRDNAKNTVYLIMNSLKLEDTAVYYCYVKPWRLQGWDYWGQGTQVTVSS
seq3941,QVQLQQSGGGSVQAGGSLSVSCAPSGRTFSWNAIGWFRQAPGKEREFVAAIRLSTGWTSYADSVKGRFSISRDAAKTTAYLQMNSLKPEDTAVYYCAADREGSIATMTRDYEYDYWGQGTQVTVSS
seq3942,EVQLVESGGGLVQVGDSLRLSCAASGHTFSTYLMVGWFRQTPGKEREFAAVIWSSGDTAYADSAKGRFTISRDNAKNTVYLQMNSLKAEDTAVYYCAGSYGGNYYIPGFYEDWGQGTQVTVSS
seq3943,EVQLVESGGGVVQPGGSLRLSCAASGSTISSYVMGWFRQAPGKEREFVAAISRSGGYTYYADSVKGRFTISRDNSKKTAYLQMNSLRPEDTALYYCAAGRYSAWYSQSYEYDYWGQGTLVTVSS
seq3944,QVQLQESGGGLVQAGDSLRLSCAASGRSFSSYAMAWFRQAPGKEREFVAGITWTTSSTTYADSVKGRFTVSRDNARNTGYLRMNSLKPEDTAVYYCASSRGTNSVNWYQYHDYNNWGQGTQVTVSS
seq3945,EVQLVESGGGLVQAGESLRLSCVVSGISISTKVMGWYRQAPGKQGESVAIIKTDGSTYYPDSVKGRFAISRDNAKNTVYLQMNSLKVEDTGVYYCIITGWGRGQGTQVTVSS
seq3946,EVQLVESGGSRRLSCATSASITSISFMGWYRQVPGKQRELVAFITSSGSPNYVGFAEGRFTISRDNAKNTVYLQMNSLKPEDTAVYYCYLQPLGGSGSWGQGTQVTVSS
seq3947,VQLQESGGGSVQAGGSLRLSCAASGYTSSRKYIGWFRQAPGKQREWVAGIDTGAGGTCTIASVQGRFTISQDVAKNTLYLQIDSLKPEDTAVYYCAADWVRGGFCSGDADFRYWGQGTQVTVSS
seq3948,QVQLVESGGGLVQAGGSLRLSCTDSGRTFSVKPMGWFRQAPGMEREFVAAASFTGVSTFYADSVKDRFAIFRDKDKNTMDLQINSLKPEDTGAYYCAGTTRTLWGSKWRDVLEYEYWGQGTQVTVSS
seq3949,EVQLVESGGGLVQAGGSLRLSCAASGRTLNDHDVGWFRQAPGKEREFVATIRWSSKSTYYADSVKGRFTISSDNTKNTVDLRMNSLTPEDTAVYYCAARSVYSYEYNYWGQGTQVTVSS
seq3950,EVQLVESGGGEVQPGGSLRLSCAASGSIFSSNAMGWYRQAPGKQRELVAGFTGDTNTIYAESVKGRFTISRDNAKNTVYLQMSSLRAEDTAVYYCAADVQLFSRDYEFYWGQGTLVTVKP
seq3951,EVQLVESGGGLVQAGGSLRLSCAASGIIFSANTVGWYRQVPGKERDVVASITSGDSTYYGDSVRDRFTISRDNAKNTVYLQMNSLKPDDTAIYYCRARTTDGSYWGQGTQVTVSS
seq3952,QVQLVESGGGLVQAGGSLRLSCATSGGTFSDYGMGWFRQAPGKEREFVAAIRRNGNGGNGIEYADSVKGRFTISRDNAKNTVHLQMNSLTPEDTAVYYCAASISGYAYNTIERYNYWGQGTQVTVSS
seq3953,EVQLVESGGGLVQPGGSLRLSCAASGRASSINWMGWFRQAPGKEREFVAGIRWSDAYTEYADSVKGRFTISRDNSKNTVYLQMNSLRPEDTAVYYCVLDLSTVRYWGQGTLVTVSS
seq3954,EVQLVESGGGLVQAGGSLRLSCAASGSTFSSYAMEWFRQAPGKERELVATISRSGGRTYYADSVKGRFTISADNAKNTVYLQMNSLKPEDTAVYYCAAANWYYRYDYWGQGTQVTVSS
seq3955,EVQLVESGGGLVQPGGSLRLSCAASGSISSIGAMGWFRQAPGKEREGVAAISSSGSSTVYADSVKGRFTISADNSKNTAYLQMNSLKPEDTAVYYCARVPPGQAYFDSWGQGTLVTVSS
seq3956,EVQLVESGGGLVQAGGSLRLSCTASGRTFSSFVMGWFRQAPGKEREFVAYITLRGGDSPLYADSVKDRFTISRDIAKNLVYLQMNSLKPEDTAVYYCAARYSGGSVYRNDYAYWGQGTQVTVSS
seq3957,EVQLVESGGGLVQPGGSLTLSCVASGSTSDINAMGWYRRAPGKQRELVAGISSDKSKVYADSVKGRFTISRDNAKNSVYLQMNSLRAEDTAVYYCYYFRTVRGSSMRYWGQGTLVTVSS
seq3958,QVQLVESGGGLVQPGGSLRLSCEASGFTLDYYAIGWFRQAPGKEREGVICISRSDGSTYYADSVKGRFTISRDNAKKTVYLQMISLKPEDTAAYYCAAGADCSGYLRDYEFRGQGTQVTVSS
seq3959,QVQLQESGGGSVQPGGSLRLSCAASGTVFFSISAMGWYRQAPGKQRELVAGISRGGSTKYGDFVKGRFTISRDNGKKTIWLQMNNLQPEDTAIYYCRLTSITGTYLWGQGTQVTVSS
seq3960,LQQSGGGLVQTGGSRRLSCAASGGTFDEYVMGWFRQAPGKDREFVAAITWGGQTYYADSVKGRYTISRDDAKSTAFIQMNSLKPEDTAVYTCAAGLSIYSNTYYYTRGEEYTYWGQGTQVT
seq3961,EVQLVESGGGSVQAGGSLRLSCTASGRPFDNYAMAWFRQAPGEEREFVAAISWALTRTHYADSVKGRFTISRDNAKNTAFMQMSSLKPEDTAVYYCAAAPRPKWISVRYFSTSSNYDYWGQGTQVTVSS
seq3962,EVQLVESGGGLVQAGGSLRLSCEASTSMFSIRAATWYRQAPGKQRELVANIDSEGTTGYSDSVKGRFTISRDNTKKTVYLQMNSLKPEDTAVYSCNAVVTYNMLVYDSVYDSWGQGTQVTVSS
seq3963,QVQLQESGGGLVQPGGSLRLSCAASGKMSSRRCMAWFRQAPGKERERVAKLLTTSGSTYLADSVKGRFTISQNNAKSTVYLQMNSLKPEDTAMYYCAADSFEDPTCTLVTSSGAFQYWGQGTQVTVSS
seq3964,QVQLQESGGGLVQAGGSLRLSCTASGGIFPVWTMAWYRQAPGKQRELVAIITTGGSTNYADSVKGRFTISRDNNKDTAYLQMNSLKPEDTAIYYCNAYYKTQSEDYWGQGTQVTVSS
seq3965,QVQLQESGGGSVRTGGSLRLSCAASTSIYSLNYMAWFSQAPGKGREGVAAVYIDDGRPYYADHVKGRFTISLDTAKNTVYLQMNSLKPEDTAMYYCAAAPGPLSRNYWYTSANYDYWGQGTQVTVSS
seq3966,EVQLVESGGGLVQPGGSLRLSCAASGRFFSTRVMGWFRQAPGKEREFVARIWPGGSTYYADSVKGRFTISADNSKNTAYLQMNSLKPEDTAVYYCARDRGIFGVSRWGQGTLVTVSS
seq3967,QVQLVESGGGLVHPGDSLRLSCAASGSVFNSATMGWYRQSPGSQRELVATIVVGTPTYADSVKGRFTISRDNAKNIVYLQMNSLKPEDTAVYYCNYRATYTSGYSRDYWGQGTQVTVSS
seq3968,EVQLVESGGGLVQAGGSLRLSCAASASIISSAALGWYRQAPGRRREFVAGILSDGRELYVDSVKGRFTVSRDNAKNTVYLQMNSLKPEDTAVYYCNLDIDYRDYWGQGTQVTVSS
seq3969,EVQLVESGGGQVQPGGSLRLSCESSVSIWSFKVMGWFRQVPGKQRELVATITTGGSPDYSDSVKGRFTISRDYDKRTLYLQMNSLKPEDTAVYYCAGRLWAHITSSGHDVWGQGTQVTVSS
seq3970,EVQLVESGGGLVQPGGSLRLSCAASGVTLDDYAMGWFRQAPGKEREFVAVINWSGGSTDYADSVKGRFTISADNSKNTAYLQMNSLKPEDTAVYYCARGGGWVPSSTSESLNWYFDRWGQGTLVTVSS
seq3971,QLQLVESGGGLVQPGGSLRLSCAASGGIFDVMGWYHQAPGKQRGLVASITPAGSTNYADSVKGRFTISRDNAKNTVYLQMNSLKPDDTGVYYCYADGIDPRYGGDEFWGQGTQVTVSS
seq3972,EVQLVESGGGLVQPGGSLRLSCAASGRTFSSIAMGWFRQAPGKEREFVASINWGGGNTIYADSVKGRFTISADNSKNTAYLQMNSLKPEDTAVYYCAAKGIWDYLGRRDFGDWGQGTLVTVSS
seq3973,EVQLLESGGGEVQPGGSLRLSCAASGFTFSINAMGWYRQAPGKRREFVAAIESGRNTVYAESVKGRFTISRDNAKNTVYLQMSSLRAEDTAVYYCGLLKGNRVVSPSVAYWGQGTLVTVKP
seq3974,EVQLQASGGGFVQPGGSLRLSCAASGRTSYHDNMGWFRQAPGKEREFVSAISRYANTKSYYADSVKGRFTISRDNSKNTVYLQMNSLRAEDTATYYCAYGPVGWWRGGTPYWGQGTQVTVSS
seq3975,EVQLVESGGGEVQPGGSLRLSCAASGRPFSSSAMGWFRQAPGKERETVAAVSRGGGSSYYAESVKGRFTISRDNAKNTVYLQMSSLRAEDTAVYYCAARSAAYSRSSETYTEKHDYTYWGQGTLVTVKP
seq3976,QVQLQQSGGGLVQAGGSLRLSCVAWGNIVSTNVLRWYRQAPGKQREFVAAITSGGLTGYSDSVNGRFTISGNNANNTAYLQMNSLKPEDTAVYYCNANGRGEYWGQGTQLTVSS
seq3977,EVQLVESGGGEVQPGGSLRLSCAASGSTFSMYHMSWFRQAPGKQREPVSTSHHGGTTNYAESVKGRFTISRDNAKNTVYLQMNSLRAEDTAVYYCKADHGYNGRGYWGQGTLVTVKP
seq3978,VQLQESGGGVVQAGDSLRLSCVASGRAFSSLDMGWFRQAPGKEREFVAGISRSGISQYYADSMKGRFTISRDNAKNLVYLQMNSLKPEDTAVYYCAAALTFRGSDLPRDSNYWGQGTQVTVSS
seq3979,EVQLVESGGGSVQPGGSLRLSCAASGSVHKINFLGWYRQAPGKEREMVATITIGDATDYADSAKGRFTISRDEAKNMVYLQMNSLSPEDTAVYFCRAGSRLYPYNYWGQGTLVTVSS
seq3980,HVQLVESGGDSVQAGGSLQLSCKASGYTYNSRVDIRSMGWFRQYPGKEREGVATINIRNSVTYYADSVKGRFTISQDNAKNTVYLQMNALKPEDTAMYYCALSDRFAAQVPARYGIRPSDYNYWGEGTLVTVSS
seq3981,EVQLVESGGGLVQPGGSLRLSCAASGRAVSTYAMGWFRQAPGKEREFVAAISGSENVTSYADSVKGRFTISADNSKNTAYLQMNSLKPEDTAVYYCLSVTGDTEDYGVFDTWGQGTLVTVSS
seq3982,EVQLVESGGGLVQPGGSLRLSCAASGFTLDYFAIGWFRQAPGKERERVSCISSSDGSTYYADSVKGRFTISRDNAKNTVYLQMNSLKPEDTAVYYCATDRSVYYCSGGAPEEYYWGQGTQVTVSS
seq3983,QVQLQQSGGGLVHPGGSLRLSCAASGRIFNANGMYWYRQAPGKQRELVASLYRSGSTNYLDSVKGRFTISRDNAKNTVYLQMNSLKPEDTAVYYCNVNWALHDSWGQGTQVTVSS
seq3984,QVQLQESGGGLVQAGGSLRLSCAVSGNTLSRYAMGWFRQTPGKEREFVAAIRWNNAATYYAESVEGRFTISRDSGKNTVYLQMNNLKPEDTAVYYCAGRFLGYASSNAYHEALYNYDYWGQGTQVTVSS
seq3985,EVQLVESGGGLVQPGGSLRLSCAASGRTFRRYAMGWFRQAPGKEREFVARISSGGSTSYADSVKGRFTISADNSKNTAYLQMNSLKPEDTAVYYCARDRGFGFWSGLRGYFDLWGQGTLVTVSS
seq3986,EVQLVESGGGLVQAGGSLRLSCVVSGTIFSYTGVAWYRQPSGKQREWVASATNDGGTKFADSVKGRFTISRDNAKKTVYLQMNNLDADDTAVYYCKTGRFWGRGTLVTVSS
seq3987,QVQLQESGGGLVQPGGSLRLSCAASGFILNDYAIGWFRQAPGKEREGLICISSSDGTRYYADSVKGRFTISRDNAKNTVYLGMNSVKPEDTAVYYCATIRACGSSWSPDYWGQGTQVTVSS
seq3988,QVQLQESGGGLVQGGGSRRFSCAASGRTFSSYAMGWFRQAPGKEREFVAAIERSGGTASHADSKKGRFTISRDNTKNTVYQQMNSKKPEDTAVYYCAASSYWSRSVDEYDYWGQGTQVTVSS
seq3989,QVQLQQSGGGLVQAGGSLRLSCAASGLAFSSYAITWLRQAPGTEREFVALISGSGSSTYYADSVKGRFTISRNNAKNTVYLQMNSLKPEDTAVYYCTASEFLLHPPPPNQKYDYWGQGTQVTVSS
seq3990,EVQLVESGGGLVQAGGSLRLSCESSISTFSSDAMGWFRQAPGKEREFLAAIGWSGAVTHYSDSVQGRFTISRDNAKNTVYLQMNSLKTEDTGRYYCAEDYDTDVWQYWGQGTQVTVSS
seq3991,EVQLVESGGALVQAGRSLRLSCAASGNAFTIDAAAWYRQAPGKQREPVATILSGGTTNYADSVKGRFTISRDNVKNTVYLQMNSLKPEDTAVYYCYVPMVYYSGRYNDVWGQGTQVTVSS
seq3992,EVQLVESGGGLVQAGGSLRLSCAVSGFTLDDYAIGWFRQAPGKEREGVSSIRENDGSTYYADSVQGRFTISSDNDKNTVYLRMNSLKPEDTAVYYCAAVPAGRLRFGEQWYPIYEYDAWGQGTLVTVSS
seq3993,QVQLQESGGGLVQAGGSLRLSCAVSGRTFSSYAMGWFRQARGKEREFVAAVEWSSGSTFYTDSVKGRFAISRDIAKNTVYLQMNSLKPEDTAVYYCAGDHTGKLVFSKTSDYWGQGTQVTVSS
seq3994,EVQLVESGGGLVQPGGSLRLSCAASGFTLDYYAIGWFRQAPGKEREGVSCITISDGDTYYADSVKGRFTIARDYAKNTVYLQMNSLKPEDTAVYYCAAVHGLKLPSQRGLGGSYYYLLARSYDYWGQGTQVTVSS
seq3995,QVQLVESGGGSVQAGGPLALSCEASGANYCSYDIGWYRQAPGKEREFVSRIDLDGRTDYADSVKGRFTVSQDNSKRTSYLQMNSLKPEDTAMYFCKAELLCYGDYSFMTGQYRWGQGTQVTVSS
seq3996,QVQLQESGGGLVQPGGSLRLSCVVSGSISSMKAMGWHRQAPGKERELVAQITRGDSTNYADSVKGRFTISRDNAKNTVYLQMNSLKPDDTGVYYCNADRFFGRDYWGKGTQVTVSS
seq3997,EVQLVESGGGLVQPGDSLKLSCVASGRTSSSYSVGWFRQAQGKEREFVVAISSGGYIYDSVSLQGRFTISRDNTKNTVYLQTPSLKPEDTAVYYCAASRAYGSSRLRLADTYDYWGQGTQVTVSS
seq3998,EVQLVESGGGSVQAGGSLRLSCTASGRPFDNYAMAWFRQAPGKEREFVAAISWSLTRTHYAESVEGRFTISRDNAKNTAFMQMSSLKPEDTAVYYCAAAPRPKRISVRYFSTSSNYDYWGQGTQVTVSS
seq3999,GSLRLSCAASGRTFSTAAMGWFRQAPGKERDFVAGIYWTVGSTYYADSAKCRFTISRDNAKNTVYLQMDSLKPEDTAVYYCAARRRGFTLAPTRANEYDYWGQGTQVTVSS
seq4000,EVQLVESGGGLVQAGGSLRLSCAASGRTFSNNVMGWFRQAPGKEREFVAAISWGGASTNYADSVKGRFTISADNAKNTVYLQMNSLKPEDTAVYYCAAGPKTPDTRNYWGQGTQVTVSS
seq4001,EVQLVESGGGLVQPGGSLRLSCAASGRTYYLNAMGWFRQAPGKEREFVAAIDWSEGNKDYADSVKGRFTISRDNSKNTVYLQMNSLRPEDTAVYYCAADTPPWGPLIYIESYDSWGQGTLVTVKS
seq4002,EVQLVESGGGLVQAGGSLRLSCAVSGSTFSDAGMAWFRQAQGKWRELVARISTSGIPNYADSVKGRFAISRDNAKNTLYLQMNSLKPDDSAVYYCNKIGTLWYWGQGTQVTVSS
seq4003,EVQLVESGGGLVQAGGSLRLSCAASGSIFNIGMGWFRQAPGKEREWVSSIYSNGHTYYADSVKGRFTISADNAKNTVYLQMNSLKPEDTAVYYCANSNKPKFDWGQGTQVTVSS
seq4004,QVQLQESGGGSVQTGGSLRLSCAASGYAGRLYSMGWFRQVAGKEREGVSSIESDGSTFYTDSVKGRFTTTRDSAKNTLYLQMNNLKPEDTAMYYCAAFCLRVGHGGRCTEYKYWGRGTQVTVSS
seq4005,QVQLQESGGGLVQPGGSLRLSCAVSGTIFSITPMGWYRQAPGKQRELVASISGGGSTNYTDPVKGRFTISRDKARNTVYLQMNNLKPEDTAVYYCNAASLAIVRGINNYWGQGTQVTVSS
seq4006,QVQLVESGGGLVQAGGSLRLSCAASGRTFSNSAMGWFRQAPGMEREFLAVISWSGGNTKYADSVKGRFTISRDNAKNTVYLQMNSLKPEDTAVYYCAADTGLGPWYDYWGQGTQVTVSS
seq4007,EVQLVESGGGVVQAGESLRLSCAASGRTFSNYEMGWFRQAPGTEREFVASISRRYSTYYPDSVKGRFTISRDNAKNTVYLQMSSLKPDDTAVYYCAAGQLFPSSRSRDYDYWGQGTQVTVSS
seq4008,QVQLVQSGGGLVQAGGSLRLSCVASGFTFDDYAIGWFRQAPGKEREGVSCISNSDGSTYYADSVKGRFTISSDNAKNTVYLHVNSLNPEDTAVYYCALREGLPLLLDSLWRQPVEYDYWGQGTQVTVK
seq4009,EVQLLESGGGLVQPGGSLRLSCAASGRPFSNYAMGWFRQAPGKEREFVAAISWSGGSTSYADSVKGRFTISRDNSKNTVYLQMNSLRAEDTAVYYCAAQFSGADYGFGRLGIRGYEYDYWGQGTLVTVSS
seq4010,DVQLQESGGGLVQAGGSLRLSCELRGSIFNQYAMAWFRQAPGKEREFVAGMGAVPHYGEFVKGRFTISRDNAKSTVYLQMNSLKPEDTAIYFCARSKSTYISYNSNGYDYWGQGTQVTVSS
seq4011,DVQLVESGGGLVQPGGSLRLSCAASGRTFSSYAMGWFRQAPGKEREFVAAISWSDGSTYYADSVKGRFTISRDNAKNTVYLQMNSLRPEDTAVYYCAADLTSTNPGSYIYIWAYDYWGQGTLVTVSS
seq4012,QVQLVESGGGLVQPGGSLRLSCAASGEISSDAMAWYRQAPGKGLELVAGMTRGGSTNYADSVKGRFTISRDNSKNTLYLQMNSLRAEDTAVYYCNAEIYTGTFYPRSYWGQGTLVTVSS
seq4013,QVQLQESGGGSVQTGGSLRLSCAASGYTFSSYCMGWFRQAPGKERELVSTIISDGSTYYADSVKGRFTISQDNAKNTVYLQMNNLKAEDTAIYYCAARSGGVCSGRASRYNYWGQGTQVTVSS
seq4014,EVQLVESGGGLVQPGGSLRLSCAASGTLFKINAMGWYRQAPGKRRELVALITSSDTTDYAESVEGRFTISRDNTWNAVYLQMNSLKPEDTAVYYCHSDHYSMGVPEKRVIEYGQGTLVTVSS
seq4015,EVQLVESGGGLVQAGGSLGLSCVASGRTFVSGGMGWFRQAPGKEREFVASIVWIGGRTYYADSVKGRFTISGDNAKSTVTLQMNSLKPEDTATYYCADGDLATGTYDYWGQGTQVTVSS
seq4016,DVQLVESGGGVVQPGGSLRLSCAASGSTISSYVMGWFRQAPGKEREFVAAISRSGGYTYYADSVKGRFTISRDNSKKTAYLQMNSLRPEDTALYYCAAGRYSAWYSQSYEYDYWGQGTLVTVSS
seq4017,EVQLVESGGGLVQPGGSLRLSCAASGRTFRHYAMGWFRQAPGKEREFVAAISSYGSTDYGDSVKGRFTISRDDAKNTVPLQMNSLKPEDTALYYCAAADETLGAVPNFRLHEKYEYEYWGQGTLVTVKS
seq4018,LQLVESGGGTVQPGGSLNLSCVTSGFTFSRHDMSWVRQAPGKGPEWISGIGTSGTSGRYASSVKGRFTISRDNAKDTLYLQMDSLKPEDTGLYYCTTGGVYSAYVQPRGKGTQVTVSS
seq4019,QVQLQESGGGLVQAGGSLRLSCEASGRTSSIYTMGWFRQVPGKEREFVAGTSRSGTGSYYADSVKGRFTISRDNAKNTVYLQMNSLKPEETAVYYCAASRSDCLGVGCRRVPYEYWGQGTQVTVSS
seq4020,EVQLVESGGGLVQAGKSLSLSCAASDSRFSGRFNILNMGWYRQAPGKQREWVTTLLSTGSPIYADSVKGRFTISRDHAKNTVYLQMHSLKPDDTANYICFARLTPTGTVWGQGTQVTVSS
seq4021,EVQLQASGGGLVQAGGPLRLSCAASGRTDSTQHMAWFRQAPGKEREFVTAIQWRGGGTSYADSVKGRFTISRDSAKNTVYLEMNSLKPEDTAVYYCATNTRWTYFSPTVPDRYDYWGQGTQVTVSS
seq4022,QVQLQESGPGLVKPSQTLSLTCTVSGGSMTSGYAAWNWIRQPPGKGLEWMGIIAYDGSTYYSPSLESRTSISRDTSKNQFSLQLSSVTPEDTAVYYCARLYNGFEHWGQGTQVTVSS
seq4023,QVQLQEFGGGLVQPGGFLTFSCAASVYPFSDYAMSWFRQAPGKGLEWVSAINAGGGSTSYADSVLGRFTISRDNAKNTLYLKMNRMKPEDTAVYYCAADGYKRGSSWYNAQDSGYYDYWGQGTQVTVSS
seq4024,EVQLLESGGGLVQPGGSLRLSCAASGRPFSNYAMGWFREAPGKEREFVSAISWSGGSTSYADSVKGRFTISRDNAKNTVYLQMNSLRAEDTAVYYCAAQFSGADYGFGRLGIRGYEYDYWGQGTLVTVSS
seq4025,QVQLQESGGGSVQAGGSLRLSCKASTYTTNSFCMGWFRQAPGKEREGVAVIQPGRNSKDYADSVKGRFTISQDNALNTVYLQMNSLKPEDTAMYYCASTGLWISSGSCQTIPDQYSYWGQGTQVTVSS
seq4026,QVQLQESGGGLVQPGGSLRLSCAASGSTSSINAMGWYRQAPGKQREPVAISSSGGDTRYAEPVKGRFTISRDNAQNKVYLQMNSLKPEDTAVYYCWLNWGRTSVNSWGQGTQVTVSS
seq4027,QVQLQESGGGLVQPGGSLRLSCAASGFTFSNSAMSWMRQAPGKGVEWVSSIGIGGGTTRYADSVAGRFTISRDNAKNTLYLQMNSLKPEDTAVYYCAKGLASTIRGQGTQVTVSS
seq4028,QVQLQESGGGLVQPGGSLRLSCAASGSIFSLNDMGWYRQAPGKQRELVAAISSGGRLNYADSVKGRFTISRDNAKNTVYLQMNSLKPEDTAVYYCNAVVAGTFSTYDYWGQGTQVTVSS
seq4029,VRLVESGGGSVQAGGSLRLSCAASGYTYSSYSSNCLGWFRQAPGKEREAVARIYPNSGSTYYADSVKGRFTISQDNAKNTVYLQMNSLKPEDTAMYYCAVAVGVGDNWCASGAAYFGYWGQGTQVTVSS
seq4030,QVQLVETGGDLVQPGGSLRLSCAASGLTLDYYAIGWVRQAPGKEREGVSCITPQDGNTYYDDSVMGRFTILRDNAKNMVYLQMNNLKPEDTAVYFCAAAGALTLDPSEYEYWGQGTQVTVSS
seq4031,EVQLVESGGGLVQAGGSLRLSCAASGRTFSNYIMGWFRQAPGKEREFVAGISRYGDYTYYADSVKGRFTISRDNVKNTVYLRMNSLKPDDTAVYYCAANEGYCSGYGCYEDSGQYDYWGQGTQVTVSS
seq4032,EVQLQASGGGSVQAGGSLRLSCVASQNLFEYYTMGWYRQVPGSQRERVALINNGGSNVAGPVEGRFTISRDNAKNSIYLQMNNLKPEDSAVYYCRAFGPADYWGQGTQVTVST
seq4033,EVQLVESGGGLVQPGGSLRLSCAASGFTMSSSWMGWFRQAPGKEREFVTVISGVGTSYADSVKGRFTISADNSKNTAYLQMNSLKPEDTAVYYCARGPDSSGYGFDYWGQGTLVTVSS
seq4034,VKLQQSGGGLVQAGGSLRLSCAASGIVFSFNAMGWYRVPPGKQRELVADILKSGGTNVVDSVKGRFAISRDSAQNTLYLQMNRLKPEDTAVYYCNARDWSDGFDEYWGQGTQVTVSS
seq4035,ESGEMLFTVKKDSLRLSCTASGFTFDNYAIGWFRQAPGKEREGVSCISRSGRSTYYADSVKGRVTIAKEKNTVLLQMNDLQPDDTAVYYCAAGTVTVVGSACPSTARRLWGRGTQVTVSS
seq4036,EVQLVESGGGLVQPGGSLRLSCAASRSIGRLDRMGWYRHRPGEPRELVATITGGSSINYGDSVKGRFTISIDNSKNTVYLQMNSLRPEDAAVYYCNFNKYVTSRDTWGQGTLVTVSS
seq4037,EVQLVESGGGLVQPGGSLRLSCAASGSIFKVNAMGWYRQAPGKGRELVAGIISGGSTNYADSVKGRLTISRDNAKNTVYLQMNSLRPEDTAVYYCAFVTTNSDYDLGRDYWGQGTLVTVSS
seq4038,EVQLVESGGGLVQAGESLRLSCKASRNDFSFNSMAWYRQSPGKQRNLVARIFRSANIYYDDSVKGRFTISRDSALNTVFLQMNALKSEDTAVYYCNGRLSNGLDYWGQGTQVTVSS
seq4039,QVQLQQSGGGLVQAGGSLRLSCSASGRTFSNYVMGWFRQAPGKEREFVATISASGGSTYCADSVEGRFTISRDNAKNTAYLQMNNLEPEDTAVYYCASGPRANASIRRSGYNYWGQGTQVTVSS
seq4040,QVQLVESGGGLVQLGGSLTLSCVASGDVHKINAKGWYRQAPGKEREVVAIITSGGTPYYADAVKGRFTISRHDDKNTVTLQMNSLKPEDTAMYYCAAGLRGMGPYDYDYRGPGTQVTVSS
seq4041,QVQLVESGGGLVQAGGSLRLSCAASGRTFSTLGMGWFRQAPGKERQFVAAINWSGSSTYYANSVKGRFTISRDNAQSTMYLQMNSLKPEDTAVYYCAADLDSRYSAYYYYSDESQYDYWGQGTLVTVSG
seq4042,EVQLVESGGGLVQPGGSLRLSCAASGFSFDDDYVMGWFRQAPGKEREFVAAISNSGLSTYYADSVKGRFTISADNSKNTAYLQMNSLKPEDTAVYYCAADRRGLASTRAADYDWGQGTLVTVSS
seq4043,EVQLVESGGGLVQPGGSLRLSCAASGRTFSYNPAGWFRQAPGKGRELVAAISRTGGSTYYPDSVEGRFTISRDNAKRMVYLQMNSLRAEDTAVYYCAAAGVRAEDGRVRTLPSEYTFWGQGTQVTVSS
seq4044,VQLVESGGGVVQPGGSLRLSCAASDSIDSMVNMGWYRQAPGKQRELVALIANYITHYADFVKGRFTISRDNSKNTLYLQMNSLRAEDTAVYYCYARNIIVDYWGQGTLVTV
seq4045,EVQLVESGGGLVQPGGSLTLSCVASGSTSSINAMAWYRRAPGKQRELVAGISSNGSKVYADSVKGRFTISRDNAKNSVYLQMNSLRAEDTAVYYCYYFRQVSGSSMRYWGQGTLVTVSS
seq4046,EVQLVESGGGLVQAGGSLRLSCAASGRTLSNYDVGWFRQAPGKEREFVATIRWSTSSTYYADPVKGRFTISSDNIKNTVDLQMNSLTPEDTAVYYCAARSVYSYEYNYWGQGTQVTVSS
seq4047,QVQLVESGGGLVQAGGSLRLSCAASGSTSSINTMYWYRQAPGKERELVAFISSGGSTNVRDSVKGRFSVSRDSAKNIVYLQMNSLTPEDTAVYYCNTYIPLRGTLHDYWGQGTQVTVSS
seq4048,QVQLQESGGGLVQPGGSLRLSCAASGFPLVLYGMGWFRQAPGKKREAVSCSSVNDGGTYYAESVEGRFTLFRDNGANALYLQMNSLEPEDTAVYYCATTDCEATGWGTWTNYRGQGTQVTVSS
seq4049,EVQLVESGGGLVQAGGSLRLSCAASGRTFSSYAMGWFRQAPGKEREFVAAISWSGGSTVYADSVKGRFTISRDNAKNTVYLQMNSLKPEDTAVYYCAAGNGGRTYGHSRARYDYWGQGTQVTVSS
seq4050,QVQLVESGGGTVQAGGSLRLSCAASGLTFGSYAMEWYRQAPGKERELVATISSGGNTHYLASVKGRFTISRDNDKNTLYLQMNSLKPEDTAVYYCAAKYGWTGIWYAPSDYVHLGPGTQVTVSS
seq4051,EVQLVESGGGLVQAGGSLRLSCAASGFTSDDYAIGWFRQAPGKEREGVSYISHEDGSTYVADSVRGRFTISSDYAKNTVYLQMNSLKPEDTAVYYCAAAILGNSVLWLWEYEYRYWGQGTQVTVSS
seq4052,AVQLVDSGGGSVQAGGSLRLTCAVSGYSSVTFCVGWFRQVPGKERERVATINSGGGSVHYTDSVKGRFAISQDNGANTVHLVMNNLKPEDTAIYYCAAAATNYGCDRLQYWNYWGQGTQVTVSS
seq4053,LQESGGGLVQAGGSLRLSCAASGSTFSIDAMGWYRQAPGKQRELVALMGNDGSTNYADSVKGRFTVSRDYGKNTVYLQMNSLKPEDTAVYYCYAEWAAMKDYWGQGTQVT
seq4054,QVQLVESGGGLVQPGGSLRLSCAASGFTLDYYAIGWFRQAPGKEREGVSGISSVDGSTYYADSVRGRFTISRDNAKNTVYLQMNSLKPEDTAVYYCAADQSPIPIHYSRTYSGPYGMDYWGKGTLVTVSS
seq4055,VKLVESGGGSVQAGGSLRLSCAASGYTFAGNCLGWFRQAPGKGREGVVTYNNFGVANYADSVKGRFTVSQDNAKNTLLLQMNSLEPEDTAMYYCAADRRDGRRWSQPCEWNTWGQGTQVTVSS
seq4056,QVQLQQSGGGLVQAGGSLRLSCVASGNDFSIYDIGWYRQAPGKPREFVAAIGRGGYTNIDASVKGRFTISRDNAKNTVYLQMNTLEPEDTARYSCAAAARYGRGRLDDITRYNYWGQGTQVTVSS
seq4057,QVQLVETGGGLAQAGGSLRLSCAASGRTLSGYAMGWFRQAPGKEREFVAAISWSGRNTYYDYTVQGRFTISKDNAKNTVNLQMNSLKPEDTAVYYCAVSRSLDEFGDGYEMDYWGDGTQVTVSS
seq4058,QVQLQQSGGGLVQPGGSLRLSCAASGFSFSNYYMSWVRQAPGKGLEWVSSIYSDGSSTHYVASVEGRFTISRDNAKNTLYLQMNSLKSEDTAVYYCVKALEKYGMGYDDWGQGTQVTVSS
seq4059,EVQLVESGGGEVQPGGSLRLSCAASGRPFSSSAMGWFRQAPGKERETVAAVSRNGGSSYYAESVKGRFTISRDNDKNTVYLQMSSLRAEDTAVYYCAARSAAYSRSSETYTEKHDYTYWGQGTLVTVKP
seq4060,EVQLVESGGGLVQPGGSLRLSCAASGFGLDYYAIGWFRQAPGKEREGVSCIDSSDGSTYYVDSAKGRFTISRDNAKNTVYLQMNNLKPEDTAVYYCAAHALICGSYWSNGVVFDTWGQGTQVTVSS
seq4061,EVQLVESGGGLVQPGGSLTLSCVASGSTSSINAFGWYRRAPGKQRELVAGISSDGSKVYADSVKGRFTISRDNAKNSVYLQMNSLRAEDTAVYYCYYFRTVRGSSMRYWGQGTLVTVSS
seq4062,EVQLVESGGGLVQPGGSLRLSCVGSGDGFSISAVGWYRQTPGKQREWVGVIFSSGSTDYADSVKGRFTISRDNAKNTVYLQMNSLKPEDTAVYYCNAGVTTNRGVHRESNYWGQGTQVTVSS
seq4063,EVQLVESGGGLVQAGGFLRLSCELRGSIFNQYAMAWFRQAPGKEREFVAGMGAVPHYGEFVKGRFTISRDNAKNTVYLQMNSLKPEDTAIYFCARSKSTYISYNSNGYDYWGRGTQVTVSS
seq4064,EVQLVESGGGLVQAGGSLRLSCAASGRTDSSYAMGWFRQAPGKEHEFVAAISWSGGSTYYADSVKGRFTISRDNAKNTLYLQMNSLKPEDTAVYYCGASYRWGITHEYEYWGQGTQVTVSS
seq4065,QVQLQESGGGLVQAGGSLRLSCAASGSISRIGDMGWYRQAPGKERELVAAIAAGGTTYYADSVKGRFTISRDNAKNTVYLQMNSLKPEDTAVYYCAASHETQPTQLVYWGQGTQVTVSS
seq4066,EVQLVESGGGLVQPGGSLRLSCAASGFTFENYALGWFRQAPGKEREWVSCISSSDGTTYYADSVRGRFTISRDNAKNTVYLQMNRLKPEDTAIYYCALSLGSSWCAYDYWGQGTQVTVSS
seq4067,EVQLVESGGGLVQPGGSLRLSCAASGFTFDDYGMSWVRQAPGKALEWVSAISWNGNNTYYTESMKGRFTISRDNAKNTLYLQMNSLRPEDTAVYYCVKGSTAIVGVPPTYPDEYDYWGQGTLVTVSG
seq4068,VQLVESGGGSVQAGGSLRLTCAATGYSWRPDCMGWYRQAAEKEREGVAVIDADGITSYADAAKGRFTISRDNNKITLYLQMLKPDDTGMYVCVVGWRVSSGGNCQFNDYWGQGTQVTVSS
seq4069,DVQLVESGGGSVQAGGSLRLSCAASGYIASINYLGWFRQAPGKEREGVAAVSPAGGTPYYADSVKGRFTVSLDNAENTVYLQMNSLKPEDTALYYCAAARQGWYIPLNSYGYNYWGQGTQVTVSS
seq4070,KVQLVESGGGLVQPGGSLRLSCAASGFTFDDYAIGWFRQAPGKEPEGISCISSSGGITYYADSVKGRFTISRDNAKNTVYLQMNSLKPEDTAVYYCATPGIAACRGIHYTGQGTQVTVSS
seq4071,QVQLQESGGGLVQPGGSVRFSCAASGFTFSSYWMYWVRQAPGKGLEWVSTIFTGGDTTYYADSVKGRVTISRDNAKNTVYLQMNSLKPEDTAVYYCTRYEFDYWGQGTQVTVSS
seq4072,EVQLVESGGGSVEAGGSLRLSCAASGFRYAAYCMGWFRQADGKEREGVATIDIDGLTTHADSVKGRFTISRDNAKNTLSLQMNDLKPEDTAMYYCAADRDRCGSIWTYAYKYRGQGTLVTVSS
seq4073,EVQLVESGGGLVQPGGSLTLSCVASGSTSSINAFGWYRRAPGKQRELVAGISSDGSKVYSDSVKGRFTISRDNAKNSVYLQMNSLRAEDTAVYYCYYFRTVSGSSMRYWGQGTLVTVSS
seq4074,EVQLVESGGGLVQAGGSLRLSCAASGRTFSDYAMGWFRQAPGKERECVGAISKSGGSTIYADSVKGRFTISRDNAKNTLYLQMNSLKPEDSAVYYCAADRRHGDVVAARASSWGQGTQVTVSS
seq4075,AVQLVDSGGGLAQPGGSLRLSCVASGFTLSTYWMTWVRQAPGKGLEYMSLINPDGSNINYADSVKGRFTISRDNAKNTLYLQMNSLKSEDTALYYCATDFNWGAAESGYWGQGTQVIVSS
seq4076,QLQLVESGGGLVQPGGSLRLSCAASGFTLDVYAIGWFRQAPGKEREGVSYITGGTGTTVYADSVKGRFTISRDNTKNTVYLQMNSLKPEDTAVYFCATLKRTTAGGWPKPGRIGGQGTQVTVSS
seq4077,EVQLVESGGRLVQAGGSLRLSCAASGGIFSRYNMGWFRQAPGKEREFVAAAHWSGGRMWYKDSVKGRFTMSRDNNKNTVYLQMNSLKSEDTAVYYCAADSGAWGGSYYRAEEYVYWGQGTQVTVSS
seq4078,QVQLVQSGGGLVQTGGSLRLSCAASGRTASTYSMGWFRQAPGKERQFVARIIWSTGSTYYTNSVEGRFTISRDIAKNTLYLQMNSLEPEDTAVYYCTAREPTGYDYWGQGTQVTVKP
seq4079,EVQLVESGGGLVQAGGSLRLSCVASGRTFRSQSMGWFRQAPGKEREIVAAISSDGISTFYTDSVKGRFTISRDNAKNTGYLQMNSLKPEDTAVYYCAATTYSSYTTSGLLYPYWGQGTQVTVSS
seq4080,VQLQESGGGLVQPGGSLRLSCTASGFTLDYYAIGWLRQAPGKEREGVSCISSSGGSTNYADSVKGRFTISRDNAKNTVYLLMNSLKPEDTAVYYCAAERTWVSNYYCSGDGDGYDYDYWGQGTQVTVSS
seq4081,VQLQESGGGLVQAGDSLRLSCAASGRAVSSLFMGWFRRAPGKERELVAAISRYSLYTYYADSVKGRFTISADNAKNAVYLQMNSLKPEDTAVYYCASKLEYTSNDYDSWGQGTQVTVSS
seq4082,QVKLEESGGGSVQTGGSLRLTCAASGRTSRSYGMGWFRQAPGKEREFVSGISWRGDSTGYADSVKGRFTISRDNAKNTVDLQMNSLKPEDQAIYYCAAAAGSAWYGTLYEYDYWGQGTQVTVSS
seq4083,EVQLVESGGGLVQPGGSLTLSCVASGSTSKINAIGWYRRAPGKQRELVAGISSDSSIVYTDSVKGRFTISRDNAKNSVYLQMNSLRAEDTAVYYCYYFRPGAGHSNSYWGQGTLVTVSS
seq4084,QVQLQESGGGLVQPGGSLRLSCAASGSIGSINIMDWYRQAPGKQRDLVATFTSGGSTVYADSVKGRFTISRDNAKDTVYLQMNSLKPEDTAVYYCRARRGWAIYWGQGTQVTVSS
seq4085,QVQLVESGGGLVQAGGSLRLSCAASGGTFSAFPMGWFRQAPGKERKFVAGISQSGGSTHYSDSVKGRFTISRENAKNTIYLQMNSLKPEDTAVYYCAARGRTLALRNYAYTTEVGYDDWGQGTQVTVSS
seq4086,EVQLVESGGGLVQPGASLRLSCAASGDGFTLYNMGWFRQAPGKEREFVAAITSSPMSTYYADSVKGRFSISINNDKTTGFLQMNVLKPEDTGVYFCAAPEGSFRRQYADRAMYDYWGQGTQVTVSS
seq4087,EVQLVESGGGLVQPGGSLRLSCAASGFTFSTSWMGWFRQAPGKERELVAARNSGGNTNYADSVKGRFTISADNSKNTAYLQMNSLKPEDTAVYYCAADVWYGSTWRNWGQGTLVTVSS
seq4088,QVQLVETGGGLVQAGGSLRLSCAASGFTFSSYAMGWFRQAPGKERDFVAGISLSGAGTYYVKGRFTISRDNAKNTVYLQMNSLKPEDTAVYYCKATGERGYGDQGYLEVWGRGTLVTVSS
seq4089,EVQLVESGGGLVQPGGSLRLSCAASGRTFGDDTMGWFRQAPGKEREFVAAINWSGGNTDYADSVKGRFTISADNSKNTAYLQMNSLKPEDTAVYYCATDPPLFWGQGTLVTVSS
seq4090,QVQLQQSGGGLVQAGGSLRLSCAASGSDFSIYDIGWYRQAPGKQRELVAAIGRGGYTNIAASVKGRFTISRDNAKNTVNLQMNTLKPEDTAVYSCAAAKRYGRGRLDDITRYDYWGQGTQVTVSS
seq4091,EVQLVESGGGLVQAGGSLRLTCAASAGSFRGYAMGWFRQAPGKEREFVAAVSVLTWSGDSTNIADSVKGRFTIFRDTAKNTVYLQMNSLKPEDTAVYYCNGASEIGALQSGASLWSWGQGTQVTVSS
seq4092,EVQLVESGGGLVQPGGSLRLSCAASGTLFKINAMGWYRQAPGKRRELVALITSSDTTDYAEDVKGRFTISRDNSWNTVYLQMNSLRPEDTAVYYCHSDHYSLGVPEKRVILYGQGTLVTVSS
seq4093,QVQLVESGGGLVQAGGSLRLSCAASGFTFSSYRMYWVRQAPGKGPEWVSAINGGGGSATYADSVKGRFTISRDNVKNTLYLQMNSLKPEDTAVYYCATFAWNWGQGTQVTVSS
seq4094,AVQLVESGGGSVQAGGSLRLSCVLSGDIDKMSCMGWFRQAPGKGRKPVATTYIGSSITYYHDSIKGRFTISQDNAKRMVYLQMNSLKPEDTGLYYCAAGGGGCGASMSPGGFDYWGQGTQVTVSS
seq4095,EVQLVESGGGLVQPGGSLRLSCAASGLTFSRYDMGWFRQAPGKEREFVAGINWSGGRTYYADSVKGRFTISRDNAKETVSLQMNGLKPEDTAVYYCAADQPPSTWLVEYFDYWGQGTQVTVSS
seq4096,EVQLVESGGGVVQPGGSLRLSCAASRSIGRLDRMGWYRHRPGEPRELVATITGGSSINYGDSVKGRFTISIDNSKNTVYLQMNSLRPEDTAVYYCNFNKYVTSRDTWGQGTLVTVKS
seq4097,EVQLVESGGGSVQAGGSLRLSCVASGYTHCNYDMNWYRQAPGKEREFVSGIDSDGSTSYADSVKGRFTISQDSAKNTVYLQMNSLKPEDTAIYYCKRILLCGDSDYATHWGQGTQVTVSS
seq4098,RLSCAASGSIFSINAMGWYRQAPGKQRELVAAITSGGSTNYADSVKGRFTISRDNAKNTVYLQMNSLKPEDTAVYYCNARSSSWIFDYWGQGTLVTVSS
seq4099,QVKLQQSGGGLVQAGGSLRLSCAASGIVFSFNAMGWYRVPPGKQRELVADILKSGGTNVVDSVKGRFAISRDSAQNTLYLQMNRLKPEDTAVYYCNARDWSDGFDEYWGQGTQVTVSS
seq4100,DVQLQESGGGLVRPGGSLRLSCAASGFTFANYWLYWVRDAPGKGIEWVSQIGPSGRSTYYADAVKGRFTISRDNAKKTLYLQMNSLKPEDSAVYYCATSSGGNERGQGTQVTVSS
seq4101,QVQLQQSGGGLVQAGGSLRLSCVASGNDFSIYDIGWYRQAPGKPREFVAAIGRGGFTNIDASVKGRFTISRDNAKNTGYLQMNTLKPEDTAVYSCAAAKRYGRGRLDDITRYNYWGQGTQVTVSS
seq4102,EVQLVESGGGLVQPGGSLTLSCAASGFMFSSYSMSWYRQAPGKQRELVAAITTWGSTNYADSVKGRFTISRDNAKNSVYLQMNSLRAEDTAVYYCNARSWNNYWGQGTLVTVSS
seq4103,EVQLVESGGGLVQAGGSLRLSCVASGHTSDTYIMAWFRQAPGKEREFVASILWDGSITYYADSVKDRFTISRDISRKTLYLQMNSLRPEDTATYTCARGIYFSRRYVDPGIYGTWGQGTQVTVSS
seq4104,EVQLVESGGGLVQAGDSLRLSCAASGRTFSFDARGWFRQAPGKEREFVAAINWSGSDTHYADSVKGRFTISRDNAKNTVYLQMNSLKPEDTAVYYCAAAFDYSGSYDSVGLWDYWGQGTQVTVSS
seq4105,EVQLVESGGGVVQPGGSLRLSCAASGRTFRHYAMGWFRQAPGKEREFVAAISSYGSTDYGDSVKGRFTISRDDAKNTVPLQMNSLKPEDTALYYCAAADETLGAVPNFRLHEKYEYEYWGQGTLVTVSS
seq4106,EVQLVESGGGLVQTGGSLRLSCAASGFTLDYYGIGWFRQAPGKEREGVSFISGSDGSTYYAESVKGRFTISRDKAKNTVYLQMNSLKPEDTAVYYCAADPWGPPSIATMTSYEYKHWGQGTQVTVSS
seq4107,EVQLVESGGGLVQPGGSLRLSCAASGLTFILYRMGWFRQAPGKEREFVAAINNFGTTKYADSVKGRFTISADNSKNTAYLQMNSLKPEDTAVYYCARTHYDFWSGYTSRTPNYFDYWGQGTLVTVSS
seq4108,EVQLQASGGGFVQPGGSLRLSCAASGRTFDGSAMGWFRQAPGKEREFVSAISASPSGESYYADSVKGRFTISRDNSKNTVYLQMNSLRAEDTATYYCAGRGRSQKSMYWGQGT
seq4109,EVQLVESGGGLVQAGGSLRLSCAASGIAFSIDIMDWYRQAPGKERELVATISGGGSTNYADSVKGRFIVSRDNAKNILYLQMNSLKPDDTAVYYCNARRLIYGRTVYWGQGTQVTVSS
seq4110,EVQLVESGGGLVQPGGSLRLSCAVSGFPLGYYAIGWFRQAPGKEREEVSCIVTSDGSTYYTDSVKGRFTISRDAAKNTVYLQMNNLNPEDTAVYYCAAGGTLVAVTDSCFIDYVMDYWGKGTLVTVSS
seq4111,QVQLQESGGGMVQPGGSLRVSCAASGSRFSRYDMGWYRQAPGKQRELVATITSGGITNYADSVKGRFTISRDNTKNTVYLQMNSLKPEDTAVYYCNAEDPLRAIQLGSLTYEYWGQGTQVTVSS
seq4112,EVQLLESGGGEVQPGGSLRLSCAASGFSFSINAMGWYRQAPGKRREFLAAIESGRNTVYAESVKGRFTISRDNAKNTVYLQMSSLRAEDTAVYYCGLLKGNRVVSPSVAYWGQGTLVTVKP
seq4113,EVQLVESGGGLVQPGGSLRLSCAASGFTFSNSGMGWFRQAPGKEREWVASIYWSSGNTYYADSVKGRFTISADNSKNTAYLQMNSLKPEDTAVYYCANSNKPKFDWGQGTLVTVSS
seq4114,EVQLVESGGGLVQAGDSLRLSCAASGRTFSTYFVGWFRQAPGKERDFVAAISRNGARTYYYDSVAGLFTISRDNAKNTVYLQMSSLKPEDTAVYYCAAARISPSDPSNEDGYDYWGQGTLVTVSS
seq4115,QVQLQAFGGGTVQPGESLTIHCAASGVIPDASAMAWYRQAPGKQRELVARIVGPTNILYGASVKGRFTISRGNGGDTISLQMTNLKPDDTALYICNLLQSGTNYFGKGTLVTVSS
seq4116,QVQLQESGGGLVQPGGSLRLSCVAARTIFSSYIMGWFRQAPGKEREFVARIWWSGDSTYYADSVKGRFTISRDNAKNTVYLSMNSLKPEDTAVYYCAASPYYSSDQSQYNYWGQGTQVTVSS
seq4117,EVQLVESGGGVVQPGGSLKLSCVASGTDFSINFIRWYRQAPGKQREFVAGFTATGNTNYADSMKGRFTISRDNTKNAVYLQIDSLKPEDTAVYYCYMIDKWGQGTQVTVSS
seq4118,QVQLVESGGGLVQAGGSLRLSCAASGRTFITYAIGWFRQAPGKEREFVTAINWSGSMTSYADSVKGRFTISRDNNKNMVYLQMNSLKPEDTAVYYCAAHRGAIAPMTQSVYDYWGQGTQVTVSS
seq4119,EVQLVESGGTRVQPGGSLKLSCATSGIMFSYNTMAWYRQAPGKQRELVATITRDGSTNYADSMKGRFTISRDNAKNTLYLQMNGLKPEDTAVYYCNLGTTDWRRYNYWGQGTQVTVSS
seq4120,EVQLVESGGGEVQPGGSLRLSCAASERPFGTYAMGWFRQAPGKERDLVAAVSRNAGASYYAESVKGRFTISRDNAKNTVYLQMSSLRAEDTAVYYCAARSAAYSRSSEVYTGKDEYYYWGQGTLVTVKP
seq4121,EVQLVESGGGEVQPGGSLRLSCAASGSILSINAMGWYRQAPGKQRELVAGFTGDGNTIYAESVKGRFTISRDNAKNTVYLQMSSLRAEDTAVYYCAADVQLFSRDYEFYWGQGTLVTVKP
seq4122,EVQLVQSGGGLVQAGGSLRLSCAVSGGTFSSYGMAWFRQPPGKEREWVASNSWIAGSTYYAGSVKGRFTISRDNAKNTVYLQMNSLKPEDTAVYYCAADLLATADDEYDYWGQGTQVTV
seq4123,EVQLVESGGGEVQPGGSLRLSCAASGSIFSINAMGWYRQAPGKQRELVAVVSSDGRTTVAPSVKGRFTISRDNAKNTVSLQMSSLRAEDTAVYYCGVREWYSDSDWRDYEGQGTLVTVKP
seq4124,QVQLVESGGGVVQAGGSLRLSCAASGRTFSKSTMGWFRLAPGKERELVAAISWSGDNTNYADSVKGRFSISRDNAKNTVYLQMNSLKAEDTAVYSCAAETGLGPWYDYWGQGTQVTVSS
seq4125,EVQLVESGGGLVQPGGSLRLSCAASGTVFSISAMGWFRQAPGKEREFVAAISMSGDDTAYADSVKGRFTISADNSKNTAYLQMNSLKPEDTAVYYCAAQLGYESGYSLTYDYDWGQGTLVTVSS
seq4126,EVQLVESGGGLVQPGGSLRLSCAASGRSFSSHRMGWFRQAPGKEREFVAAIMWSGSHRNYADSVKGRFTISADNSKNTAYLQMNSLKPEDTAVYYCAAIAYEEGVYRWDWGQGTLVTVSS
seq4127,VQLVESGGGLVQAGDSLTLSCAASESTFNTFSMAWFRQAPGKEREYVAAFSRSGGTTNYADSVKGRATISTDNAKNTVYLHMNSLKPEDTAVYFCAADRPAGRAYFQSRSYNYWGQGTQVTVSS
seq4128,EVQLVESGGGPVQAGGSLRLSCADSGRTYRGYSMAWFRQSPGKEREFVAAITWSEGNAYYEDFVKGRFTISRDNAKNTLYLQMTNLKPEDTALYYCAAKIRPYIFKIAGQYDYWGQGTQVTVSS
seq4129,DVQLQASGGGLVQAGGSLRLSCEFSGRTFSGFAMGWFRQFPGKEREFVAAINWSGSSVDYSDSVKGRFTISRDNVKSTMYLVMNSLKPEDTAVYYCAEARSAELGSSRKIQGYDQWGRGTRVTVSS
seq4130,EVQLVESGGGLVQAGGSLRLSCSVTGRTFNKYVMGWFRQAPGNDREFVAAITSRDGPTYYADSVKGRFTISGDNTKNKIFLQMNSLMPEDTAVYYCAIDEDLYHYSSYHFTRVDLYHYWGQGTQVTVSS
seq4131,QVQLQESGGGLVQAGGSLRLSCVAQGRTWNDLDMGWFRQAPGNQREFLAAITSGGTPHYADSRFTLSRDHAKNLVYLQMNSLKPEDTARYYCAAGAYSTRPEAYRYWGQGTQVTVSS
seq4132,EVQLVESGGGVVQPGGSLRLSCAASETIFSIDSMAWYRQAPGKQRELVAAITGGGSPNYADSVKGRFTISSDVSKRTVYLQMNSLRPEDTALYYCNAEGQAGWGTALKDYWGQGTLVTVSS
seq4133,EVQLVESGGGLVQAGGSLRLSCAASGRTLSSYRLGWFRQAPGKEREFISTISWNGRSTYYADSVKGRFIFSEDEAKNTVHLQMNSLKPEDTAVYYCAAALIGGYYSDVDAWSYWGPGTQVTVSS
seq4134,EVQLVESGGGLVQPGGSLRLSCAASGFTFSRSAMGWFRQAPGKGREFVGFITGSGGTTYYGESVKGRFTISRDNAQNPVYLQMNSLRPEDTAVYYCGVYRRTYISSTYSESSEYDYWGQGTLVTVSS
seq4135,EVQLVESGGGLVQAGGSLRLSCAASGIIFSINTMGWYRQCPGEQRELVAAISVSGSTNYADSVKGRFTISRDHAKNTVYLQMDSLKPEDTAVYYCNAQQTWKSRQSSWGQGTQVTVSS
seq4136,EVQLVESGGGLVQPGGSLRLSCAASGGTFNNYAMGWFRQAPGKERELVAAITSGGSTDYADSVKGRFTISADNSKNTAYLQMNSLKPEDTAVYYCARGDWRYGWGQGTLVTVSS
seq4137,DVQLVESGGGVVQPGGSLRLSCAASGSIASIHAMGWFRQAPGKEREFVAVITVSGGITYYADSVKGRFTISRDQSKNTVYLQMNSLRPEDTALYYCAGDKHQSSFYDYWGQGTLVTVSS
seq4138,QVQLQESGGGSVQTGGSLRLSCAASGRTFSAHSVYTMGWFRQVPRKLREGVATVNTNGLITRYADSVKGRFTISQVNAEKSSEKSVYLQMTSLKPEDTGIYYCAADPSGLRFRGDTVNAWGQGTQVTVSS
seq4139,QVQLQESGGGLVQAGGSLRLSCAASGRTFSSYAMGWFRQVLGKERELVAAISRSGGSTYYADSVKGRFTVSRDNVKNTVYLQMNSLKPEDTAGYYCAASNEGGTWYGSSWYRPSSYEHWGQGTQVTVSS
seq4140,EVQLVESGGGLVQAGDSLRISCAASGRTLSIYSMGWFRQAPGKEREFVATIGWNSGRTFYPDSLKGRFTISRDNARNTLYLQMNNLRPEDTAVYYCAAAKGPLRLSSQADYWGQGTQVTVSS
seq4141,EVQLVESGGGLVQAGGSLRLSCAASGRAFSDYAMAWFRQAPGQEREFVAGIGWSGGDTLYADSVRGRFTISRDNSKNTLYLQMNSLRAEDTAVYYCAARQGQYIYSSMRSDSYDYWGQGTLVTVSS
seq4142,EVQLVESGGGLVQPGGSLRLSCAVSGFPLGYYAIGWFRQAPGKEREEVSCIVTSDGSTYYTDSVKGRFTISRDAAKNTVYLQMNNLNPEDTAVYYCAAGGTLVAVTDCFIDYVMDYWGKGTLVTVSS
seq4143,VQLQESGGGLVQAGDSLRLSCAGSEGTLSSYGIGWFRQAPGKEREFVGGINWSGDSTDYADSVKGRFTISRDSAKNTVYLQMNSLKPEDTAVYYCAAGESGVWVGGLDYWGQGTQVTVSS
seq4144,EVQLVESGGGLVQPGGSLRLSCAASGTIFRINVMAWYRQAPGKGRELVAAIISGGSTTYADSVKGRFTISRDNAKNTLYLQMNSLRPEDTAVYYCAFVTTNSDYDLGRDYWGQGTLVTVSS
seq4145,EVQLVESGGGLVQPGGSLRLSCAASGFTFADYDYDIGWFRQAPGKEREGVSCISNRDGSTYYADSVKGRFTISRDNSKNTVYLQMNSLRPEDTAVYYCAVEIHCDDYGVENFDFDPWGQGTLVTVSS
seq4146,EVQLVESGGGLVQPGGSLRLSCAASGFTFSTHWMGWFRQAPGKEREFVASIGSSGTTRYADSVKGRFTISADNSKNTAYLQMNSLKPEDTAVYYCAADVWYGSTWRNWGQGTLVTVSS
seq4147,EVQLVESRGGLVQPGGSLRLSCATSGFTLDYYVIGWFRQAPGKEREGVSCMSSSGDSTTYADSVKGRFTISRDTAKNMVYLQMTSLKPEDTAVYYCAADFALGCYSGSYYPRYDYWGQGTQVTVSS
seq4148,QVQLVESGGGLVQAGGSLRLSCAASGRTFSVYGMGWFRQAPGQERAFVAAISWSDGSTYYADSVKGRFTISRDNAKNTMYLQMNSLKPEDTAVYFCAADLTGWGLDADVSEYDYWGQGTQVTVSS
seq4149,EVQLVESGGGLVQAGGSLRLSCAASGLTLDDYAIGWFRQAPGKEREGVSSIRDNDGSRYYADSVKGRFTISSDNDKNTVYLQMNSLKPEDTAVYYCAAVPAGRLRFGEQWYPIYEYDAWGQGTLVTVSS
seq4150,QVQLQESGGGLVQPGGFLRFHCVLSGGPVSTRLMAWPRQAPGKEREFVASMTSEGTPNYSFAATGRFTISRDNTRSTMDLQMDSLQPEDTAVYYCALANGPRVAWGRGTQVTVSS
seq4151,EVQLVESGGGLVQAGGSLRLSCVASGRTLSTTGVGWFRQAPGKERESVATIFVGGTTYYSDSVKGRFTISRDNAKNAVNLQMSNLKPEDTALYYCTIGSYRGQGTQVTVSS
seq4152,QVKLHESGGGLVQSGGSLRLSCIASGSTVSDNTMGWYRQAPGKQRELVAVISSVGVTNVAQSVKGRFTISRDNAKNTVTVYLQMSSLKPEDTAVYYCNALGTGRGNWGQGTQVTVSS
seq4153,EVQLVESGGGVVQPGGSLRLSCAASGGTFSFYGMGWFRQAPGKEREFVADIRTSAGRTYYADSVKGRFTISRDGSKNTVYLQMNSLRPEDTALYYCAAEPSGISGWDYWGQGTLVTVSS
seq4154,EVQLVESGGGSVQAGGSLRLTCAASGRTSRSYGMGWFRQAPGKEREFVSGISWRGDSTGYADSVKGRFTISRDNAKNTVDLQMNSLKPEDTAIYYCAAAAGSTWYGTLYSYDYWGQGTLVTVSS
seq4155,EVQLVESGGGLVQPGGSLTLSCVASGSTSSINAIGWYRRAPGKQRELVAGISSDRSKVYADSVKGRFTISRDNAKNSVYLQMNSLRAEDTAVYYCYYFHTVSGSSMSYWGQGTLVTVSS
seq4156,QVQLQESGGALVQAGGSLRLSCAASGLTFSNYAMGWFRQAPGKEREFVAAINWSGGTTDYATSVKGRFTISRDNAKNTVYLQLNSLKPEDTAVYYCAASYRLRITVVVTPDEYHYWGQGTLVTVSS
seq4157,VHLVESGGGSVQAGGSLRLSCEVSGYTGDTTYIGWFRQAPGKEREGVALIYTSGTSEYYADSVKGRFIISRDNAKNTVYLQMNSLKPEDTAMYYCGARSRTMMYWGQGTQVTVSS
seq4158,EVQLVESGGKLVQPGGSLRLSCSASGRTFSFSTSTMGWFRQAPGKELEFVAAIDWSDFNTYYADSVKGRFTISRHNPRNSVYLQLNSLKPEDTALYYCAAHSETRGGTRYFDRPSLYNYWGQGTLVKVSS
seq4159,EVQLVESGGGLVQPGGSLRLSCAASGRTFSYNPMGWFRQAPGKGRELVAAISRTGGSTYYPDSVEGRFTISRDNAKRMVYLQMNSLRAEDTAVYYCAAAGVRAEAGRVRTLPSEYTFWGQGTQVTVSS
seq4160,EVQLVESGGGLVQPGGSLRLSCAASGFILDYYAIGWFRQAPGKEREGVLCIDASDDITYYADSVKGRFTISRDNSKNTVYLQMNSLRPEDTGVYYCATPIGLSSSCLLEYDYDYWGQGTLVTVSS
seq4161,QVQLQESGGGVVQAGDSLKLSCVASGRTFSSLDMGWFRQAPGKEREFVAGISRSGISQYYADSMKGRFTISRDNAKNLVYLQMNSLKPEDTAVYYCAAALTFRGSDLPRDSNYWGQGTQVTVSS
seq4162,EVQLVESGGGLVQPGGSLRLSCAASGFTFDDYGMSWVRQAPGRATEWVSAISWNGNNTYYTESMKGRFTISRDNAKNTVYLQMNSLRPEDTAVYYCVKGSTAIVGVPPTYPDEYDYWGQGTLVTVSS
seq4163,DVQLVESGGGLVQPGGSLRLSCAASGFKITHYCTGWFRQAPGKEREFVSRITWGGDNTFYSNSVKGRFTISRDNSKNTVYLQMNSLRAEDTAVYYCAAGSTSTCTPLRVDYWGQGTLVTVSS
seq4164,EVQLQESGPGLVKPSQTLSLTCTVSGGSITSRYYAWSWIRQPPGKGLEWIGVIDYDGDTYYSPSLKSRTTISWDTSKNQFSLQLSSVTAEDTAVYYCARDPDVVTGFHYDYWGQGTTVTVSS
seq4165,QVQLQESGGGLVQAGGSLRLSCAASRRTGNMYNMAWFRQAPGKEREFVAAINWSGKNTYYADSVKGRFTISRDNAKTTVYLEMNSLKPEDTAVYYCAAGGCVVKARNECDFWGQGTQVTVSS
seq4166,VKLEESGGGLVQAGGSLRLSCAASGRTYSTYAMGWFRQTPGKERELVAAINWSGGNTHYADSVKGRFTISRDNAKSTVYLQMNSLKPEDTAVYYCAAPKGHTGDHYWGPGTQVTV
seq4167,EVQLVESGGGLVQPGGSLRLSCAASGFTLDDYAIGWFRQAPGKEREGVSCISSSDGSTYYGDSVKGRFTISRDNAKNTMYLQMNSLKPEDTAVYYCATGTPLSSYYGSCLDYDMAYWGQGTQVTVSS
seq4168,QVQLQESGGGLVQPGESLRLSCAVSGSTSSTNAMAWYRQAPGKRRELVAGISGGGATNYPDSVKGRFTISRDNAKNTVYLQMSSLKPEDTAVYYCNLWPPRASPGGGVYWGQGTQVTVSS
seq4169,KVQLVESGGGLVQAGGSLRLSCAASGSRFRFELMGWYRQAPGKPRDLVALITSSGSANYAESVKGRFTISRDNAKNTLYLQMNSLKPEDTGVYYCNAHTYTDNLWGQGTQVTVSS
seq4170,EVQLVESGGGLVQSGDSLRLSCAVSGNTFGLYAMGWFRQAPGREREFVSAITWSAGDTQYADSVKGRFTISRDNARNTVNLQMNGLKPEDTAVYYCAGRQWGGTYYYHGSYAWWGQGTQVTVSS
seq4171,QVQLQESGGGLVQSGGSLRLSCAASGSTFSINAVAWYRQAPGKRRELVAGISGGGVTNYPDSVKGRFTISRDNAKNTVYLQMSSLKPEDTAVYYCNLWPPRASPGGRVYWGQGTQVTVSS
seq4172,EVQLVESGGGPVQAGGSLTLSCANSGRTYRGYSMAWFRQPPGKEREFVAAITWSEGNPYYEDFAKGRFTISRDNAKNTLYLRMTRLEPEDTALYYCAAKIRPYIFKIAGQYDYWGQGTLVTVSS
seq4173,EVQLVESGGGLVQPGGSLRLSCAASGFTFDDYGMSWVRQAPGKALEWVSAISWNGNNTYYTESMKGRFTISRDNAKNTLYLQCNSLRPEDTAVYYCVKGSTAIVGVPPTYPDEYDYWGQGTLVTVSS
seq4174,QVQLVESGGGLVQPGGSLRLSCAAPESIVNSRTMAWYRQAPGKQRERVATITTAGSPNYADSVKGRFAISRDNAKNTVYLQMNSLKPEDTAVYYCNTLLSTLPYGQGTQVTVSS
seq4175,EVQLVESGGGLVQPGGSLTLSCVASGSTSHINAMGWYRRAPGKQRELVAGISSDGSRVYADSVKGRFTISRDNAKNSVYLQMNSLRAEDTAVYYCYYFRTVSGGSMRYWGQGTLVTVSS
seq4176,IRLLVESGGGLVQPGGSLRLSCAASERDFGSSVMGWFRQAPGKEPEFVAAINWSVGGTYYTDSVKGRFTISRDNAKNTVYLQMNSLKPEDTAVYSCAVRTRQRLNIRADEDYGYWGQGTQVTVSS
seq4177,EVQLVESGGGLAQPGGSLRLSCAASGGIFSATTMAWYRQAPGNQRELVARITGGGTTNYADSVKGRFTISRDHAKNTVYLQMDSLKPEDTAVYYCNAEPISVTYFRQQGAWGQGTQVTVSS
seq4178,EVQPVESGGGPVQTGGSLRLSCVASGRTYRGYSMAWFRQPPGKEREFVAAITWSEGNTYYEDFVKGRFTISRDNAKNTLYLQMTSLKPEDTALYYCAAKIRPYIFKIPGQYDYWGQGTLVTVSS
seq4179,VQLVESGGGLVQAGGSLRLYCAASGRTFYRNTMGWFRQVAGKEREFVSAITWSGNSTPYADSVKGRFTISRDNAKNTVYLQMNSLKPEDTAVYYCAAGPYMTAAPRTSSSYKYWGQGTQVTVSS
seq4180,EVQLVESGGGLVQPGGSLRLSCTSRIGTISNIDLMNWYRQAPGKQREFVASLQSTGTTDYADSVKGRFTISRDNAKNTLFLQMNSLNPEDTAVYYCHALLPRSPYNAWGQGTQVTVSS
seq4181,DVQLVESGGSLVQPGGSLRLSCAASGSIFRLNDMRWYRQAPGKQREMVATITSGGTTNYADSVKARFTISRDNAKSTVYLQMNSLKPEDTAVYYCNADISLYSAFGLFSPPKNYWGQGIQVTVSS
seq4182,HVQLVESGGGLVQPGGSLRLSCEGSGMTFSIYDFGWYRQVPGNQRELVASIGFGGNIDYANSVKGRFTISRDGDKNMVSLQMNTLRPEDTAIYYCVARWTFGIQRGDYYIWSWKQGTQVTVSS
seq4183,DVQLVESGGGSVQAGGSLRLSCVASGFADSRMCMGWFRQAPGTEREGIAEMYTVGDLTYYADSVKGRFTMSADNAKMTVYLQMNNLADDDTATYTCAASPRPCATGGLSPNDYKFWGRGTQVTVSS
seq4184,DVQLVESGGGVVQPGGSLRLSCAASGSGFGVNILYWYRQAPGKQRELIASITSGGITNYVDSVKGRFTISRDNSKNTLYLQMNSLRPEDTALYYCASRNIFDGTTEWGQGTLVTVSS
seq4185,VQLQESGGGLVQAGESLRLSCAASGSSDSINAMGWYRQAPGKQRELVAAITSGGRSTYIDSAKGRATISRDNARNTAYLQMSSLKAEDTAVYYCTIWNRDRQQYWGQGTQVTVSS
seq4186,EVQLVESGGGLVQAGGSLRLSCAASGRSFNMNPLGWFRQSPGKEREFVAAHRWSDGNTYYVDSVKGRFTISRDNAKNTVYLQMNSLKSEDTAVYYCAAGRPWSAFRSPGEYVYWGQGTQVTVSS
seq4187,EVQLVESGGGLVQAGGSLRLSCATSGRTFSSDVMGWFRQAPGKEREFVAAINRSGHSTSYTGSVKGRFAISRDNTKNTVYLQMNSLKPEDTAVYYCALRLWSDYLAQKSGEYNYWGQGTQVTVSS
seq4188,VQLQESGGGLVQPGGSLRLSCAASGRTFGSYAMGWFRQAAGKERELVAAISAGGSTLYADNVKGRFTISRDNARNTVYLLSNSLKPEDTAVYYCAARRGSAYYTNHIDWPYWGQGTQVTVSS
seq4189,QVQLQDSGGGSVQAGGSLRLSCAVSGNTLSRYAMGWFRQAPGNEREFVAAIRWNNGNTYYADSVKGRFTISRDSAKNTVYLQMNSLQPEDTAVYFCAARFLPYASSNAYHEALYNYDYWGQGTQVTVSS
seq4190,EVQLVESGGGLVQAGGSLRLSCAASGFTFGSYDMSWVRQAPGKGPEWVSAINSGGGITYYADLVKGRFTISRDNAKNTLYLQMNSLKPEDTAVYYCAIPRGWGPTGPHEYGYWGQGTQVTVSS
seq4191,QVQLQESGGGSVQAGGSLRLSCAASGYTRSSHCMVWFRQAPGKEREGVALIYTGSGSTYYADSVKGRFTISQDNAKKTLYLQMNSLKPEDTAMYYCAAGTSSSSCPGLLGPPRYYNWGQGTQVTVSS
seq4192,QVQLQESGGGLVQPGESLRLSCAVSGSTSSSNAMAWYRQAPGKRRELVAGISGGGATNYPDSVKGRFTISRDNAKNTVYLQMSSLKPEDTAVYYCNLWPPRASPGGGVYWGQGTQVTVSS
seq4193,GSLRLSCVRSARTFGSVAMGWFRQAPGKEREFVTAIDWSGSNTLYADSVKGRFTISRDNAKNTVYLQMNSLKPDDTAVYYCAASRRVVVTTSDFDSWGQGTQVTVSS
seq4194,AVQLQESGGGLVQAGGSLRLSCAASGSDRSINVMNWYRQAPGKQRELVAAITSGGTTNYAQSVKGRVTISRDSAKNTVYLQMNSLKPEDTAVYFCKADTRWGGMYWGPGTQVTVSS
seq4195,QVQLQESGGGLVQAGGSLRLSCAASGRTFSSYAMGWFRQAPGKEREFVAVITWSGGSPYYADSVRGRFTISRDNAKNTVYLQMNSLKPEDTAVYYCAAPVSYGSQWLADYWGQGTQVTVSS
seq4196,EVQLVESGGGLVQAGGSLTLSCVVSGVDFSRHVIGWFRQAPGKERKFVTAINSDGDTTTDDRSLKGRFTISRFNANNTVHLQMTNLKVEDTAIYYCATGPQYRSYFARSYLYWGQGTQVTVSS
seq4197,DVQLVESGGGSVQAGGSLRLSCAASGVTYSSNYMGWFRQAPGKEREGVAVICTDGRSTYYADSVKGRFAVSLDNAKNTVSLQINSLKVEDTAMYYCAAVRWRYGSTCRSALFASNYWDWGQGTQVTVSS
seq4198,EVQLVESGGDLVQPGGSLRLSCAASGFTFSRYEMSWVRQAPGKGLEWVSGISTGGGWRTYADSVKGRFTISRDNAKNTLYLQMNSLKPEDTAVYYCLNRDYGTSWADFPSWGQGTQVTVSS
seq4199,QVQLVESGGGLVQPGGSLRLSCAASTRTFSSYIMGWFRQAPGKERELVAAISWSGRMTHYADSVKGRFTISRDNSKNTLYLQMNSLRAEDTAIYSCAADRTTAWGAPRSQYDSWGQGTLVTVSS
seq4200,EVQLVESGGGLVQPGGSLRLSCAASGGTFSFYGMGWFRQAPGKGQEFVADIRTSAGRTYYAESVKGRFTISRDNAKNTLYLQMNSLRPEDTAVYYCAAEMSGISGWDYWGQGTLVTVSS
seq4201,EVQLVESGGGLVQPGGSLRLSCAASGFTLDYYNIGWFRQAPGKEREWVSCITSSNGSTYYTDSVKGRFTISRDNAKNTVYLQMNSLKPEDTAVYYCAAPFAHYSDLCGVNGYDYWGQGTQVTVSS
seq4202,QVQLQESGGGLVQPGGSLRLSCATSRFTLDYGTIGWFRQAPGKEREGVSCIRTSSGSTNYADSVKGRFTIYRDIVKNTIYLQMNSLKPEDTAAYYCAADEARLYGSSCLRMDEYDYWGQGTQVTVSS
seq4203,QVQLQESGGGLAQTGGSLRLSCDASARTFNKYVMGWFRQAPGKEREFVAAVNWDGDSTYYADDVKGRFTISRDNAKNTVYLQMNSLKPEDTAVYYCAAWYGTTWSPKVRNSYDYSGHGTQVTVSS
seq4204,QVQLQESGGGLVQAGNSLKLSCAASGRNLAYYVMGWFRQAPGREREPVATLTRGGDDTYCADSVKGRFTISSDNAKNTVYLQMNNLKPEDTAIYTCAARLAVLSSNTYCSGLWDYWGQGTQVTVSS
seq4205,QVKLEESGGGLVQAGGSLRLSCAASGSIPYVPDMHWYRQAPGQQRQLVATITRGGNTMYADSVKGRFTISRDNAKNTVYLQMTSLKPEDTAVYYCNADVWSSVALKLVEYWGQGIQVTVSS
seq4206,QVQLQESGGGLVQAGGSLRLSCVASGNTFSIIAMAWYRQAPGKQREVVASINSIGSTNYADSVKGRFTISRDNAKNTVYLQMSSLKPEDTAVYYCAAGNLLVKRPYWGQGTLVTVSS
seq4207,QVKLEESGGGLVQAGGSLRLSCAASERTFSRYPVAWFRQAPGAEREFVAVISSTGTSTYYADSVKGRFTISRDNAKVTVYLQMNNLKREDTAVYFCAVNSQRWRLQDPNEYDYWGQGTQVTVSS
seq4208,QVQLQESGGGLVQAGGSLRLSCAASGNIFDVDIMGWYRQAPGKERELVASITDGGSTDYADSVKGRFTISRDNAKNTVYLQMNSLKPEDTAVYYCAAVAYPDIPTYFDYDSDNFYWGQGTQVTVSS
seq4209,EVQLVESGGGLVQPGRSLTLSCAASTNIFSASPMGWYRQAPGKQRELVAAIHGSSTLYADSVKGRFTISRDNAKNSIYLQMNSLRPEDTALYYCNKVPWGDYHPRNVNWGQGTQVTVSS
seq4210,EVQLLESGGGLVQPGGSLRLSCAASGRTFNNYAMGWFRQAPGKGREFVAAISWIIGSTYYADSVKGRFTISRDNSKNTLYLQMNGLRPEDTAVYYCAAEGGYSGTYYYTGDFDSWGQGTLVTVSS
seq4211,EVQLVESGGGLVQPGGSLRLSCAASGRTFSDDTMGWFRQAPGKEREFVGGISWSGGNTYYADSVKGRFTISADNSKNTAYLQMNSLKPEDTAVYYCATDPPLFWGQGTLVTVSS
seq4212,QVQLQESGGGSVQTGGSLRLSCAASTSIYSNNYMAWFSQAPGKGREGVAAVYIGDGRPYYADSVKGRFTISLDSAKNTVYLQMNSLKPEDTAMYYCAAAPGPLSHNYWYTSANYDYWGQGTQVTVSS
seq4213,EVQLVESGGGLVQAGGSLRLSCVASERTFSSSAMGWFRQAPGKEREFVAAIGWSGGGFIHYGDSVKGRFTISADNGKNTVYLQMNSLKPEDTAVYYCAADSRLRGIALLKGSYDYRGQGTQVTVSS
seq4214,EVQLVESGGGLVQAGGSLGLSCSASGLLFSRNSAGWYRQAPGKQREFVARIRTGGSINYADTVKGRFTISRDNAKNTVYLQMNSLKPEDTAVYYCSSWRTGFYEYWGQGTLVTVSS
seq4215,EVQLVESGGGVVQPGGSLKLSCVASGTDFSINYIRWYRQAPGKQREFVAGFTATGNTNYADSMKGRFTISRDNTKNAVYLQIDSLKPEDTAVYYCYMLDKWGQGTQVTVSS
seq4216,QVQLVESGGGLVQAGDSLQLSCAFSGGTFSTYAMGWFRQAPGKEREFVGGISRSGATTNYEDSVKGRFTISKDNTKNTVYLQLNSLKPEDTAVYYCAARNNILPVTTIDKYEYWGQGTQVTV
seq4217,QVQLQEFGGGLVQAGGFLRISCAASGRTFNNLRMGWFRQAPGKEREFVAVIIRSGSSTYYGDSVQGRFTISRDNAKNTVYLQMNNLKPEDTAVYYCAADLSKLPDTEYAYWGQGTQVTVSS
seq4218,QVQLQESGGGLVQAGDSLRLSCAASGDTFSMYAMGWFRQAPGKEREFVAAISRSGSSTNYRDSVKGRFTISRDNDLNAGYLQMNSLKPEDTAVYYCALRLTFSTTTTYTGELQYPYWGQGTQVTVSS
seq4219,QVQLVESGGGLVQPGGSLRLSCLASGSAFSLYTMGWYRQAPGNQRELVAAITSGESTNYADSVKGRFTISRDNAKNTVYLQMNSLKPEDTAVYYCNADPLSTGWGQYSYWGQGTQVTVSS
seq4220,QVQLQESGGGLVQAGGSLRLSCASRRRINGITMGWYRQAPGKQRELVATIDIHNSTKYADSVKGRFIISRDNGKSMLYLQMNSLKPEDTAVYYCNRIPTFGRYWGQGTQVTVSS
seq4221,EVQLVESGGGLVQPGESLTLSCAASGFTFSSYWMYWVRQAPGRELEWVARIQPGSSYTAYADSVKGRFTISRDLAKNTLYLQMNRLKSDDTAVYYCAKDWEMAAPSLGQGTQVTVSS
seq4222,VQLQESGGGLVQPGGSLRLSCAASGFAFGSSHMSWVRRAPGKGLEWVSTIHSGGGFGDYANSVQGRFTISRDVAKNTLYLQMNSLKPEDTAIYYCALATDWRKPPGQGTQVTVSS
seq4223,EVQLVESGGGLVQAGGSLRLSCAASGRTFDTYAMGWFRQAPGKEREFVAAITWGGGRTYYADSVKGRFTISADNAKNTVYLQMNSLKPEDTAVYYCAAVPRLYRDYDYWGQGTQVTVSS
seq4224,DVQLVESGGALVQPGGSLRLSCVASGFPVNRYSMRWYRQAPGKEREWVAGMSSAGDRSSYVDSVKGRFTIRRDDARNTVYLQMNSLKPEDTAVYYYNVNVGFEYWGHGTQVTVSF
seq4225,DVQLQESGGGLVQAGGSLRLSCAASGATFSSYYIGWFRQAPGKEREFVAAINGSGGNHISADSVKGRFTISRDNAKNTVYLQLNSLKPEDTAVYYCAASLTYYGRSARYDYWGQGTQVTVSS
seq4226,QVQLVESGGGLVQPGGSLRLSCAASGFTFNHCWMYWVRQAPGKGLEWVSVINTDGGSAYYADSVKGRFTISRDNAKNTLYLQMNSLKSEDTAVYYCARDWAPLVDYYYGMDYWGKGTLVTVSG
seq4227,QVKLQESGGGLVQPGGSLRLSCLPSINIFSLAAMGWYRQAPGKQRELVASISSGGTANYADSYADSVKGRFTISRDIAKNTVDLQMNSLKPEDTAVYYCKVDSYTYGTDIWGKGVLVTVSS
seq4228,EVQLVESGGGLVQPGGSLRLSCAASGSAFKVNVMAWYRQAPGKGRELVAGVITDGSTNYADSVKGRFTISRDNAKNTLYLQMNSLRPEDTAVYYCAFVTTNSDYDLGRDYWGQGTLVTVSS
seq4229,QVQLQESGGGLVQAGGSLRLSCVASGIAFSSKYMKWYRQVQGKQREFVAGISSSGTTTSAAESAKGRFTISRDNAKNTVYLQMNSLKPEDTGVYYCHVPLNLWGQGTQVTVSS
seq4230,EVQLVECGGGLVQPGGSLRLSCAASGSIASINTMAWYRQAPGQQRELVAGITRGGSTKYADSVKGRFTISRDNAKNTLYLQMNSLKPEDTAVYYCTDYSRGYYQDYWGQGTQVTVSS
seq4231,QLQLVESGGDLAQPGGSLTLSCTASGTFKIYSMGWYRRPQRELVAEMLNGGDTQYSDSVKGRFTISRTNNTMYLHMNNLKPEDTAVYYCNLQDWYSEPAGDYWGPGTQVTVSS
seq4232,EVQLVESGGGLVQPGGSLRLSCAASGRTLSRSNMGWFRQAPGKEREFVAAVRWSGGITWYADSVKGRFTISADNSKNTAYLQMNSLKPEDTAVYYCALGPVRRSRLEWGQGTLVTVSS
seq4233,EVQLVESGGGLVQPGGSLRLSCAASGSISRINVMGWYRQAPGKQREFVAKTSGGTTDYTDSVKGRFTISRDNAENTVYLQMNSLKPEDTAVYHCNVGGISASWRRREFSSWGQGTQVTVSS
seq4234,EVQLVESGGGLVQPGGSLTLSCVASGQTTALNAMGWYRRAPGKQRELVAGISSDGSEVNTDSVKGRFTISRDNAKNSVYLQMNSLRAEDTAVYYCYYFRRASGTAMSYWGQGTLVTVSS
seq4235,EVQLVESGGGLVQPGGSLRLSCAASGRTHSNYVMGWFRQAPGQEREFVAGISRTYGNTYYRDSVEGRFTISRDNSKNTLYLQMNSLRAEDTAVYYCAADPTRSEVILTTSHRYVYWGQGTLVTVS
seq4236,QVQLMESGGGLVQAGGSLRLSCAASGRTFSSYAMGWFRQAPGKEREFVAAISWSGGSTYYADSVKGRFTISRDNAKNTVYLQMNSLKPEDTAVYYCAAAPFPDGVLALGTIATMPGFFGSWGQGTQVTVSS
seq4237,EVQLVESGGGLVQPGGSLKLSCVASTIPASIRTMAWYRQTPGNQRDWLATIGSSGTPAYADSVKGRFTVSRDNAKNTVYLQMNSLKPEDTAVYYCRDVNGDYWGQGTQVTVSS
seq4238,EVQLVESGGGLVQAGGSLRLSCAASGRTFSNYAMGWFRQAPGKEREFVAALNWSGGSTYYVDSVKGRFTISRDNAKNTVYLQMNSLKPEDTAVYYCAAAGSFSLGGRPYGDDYWGKGTLVTVSS
seq4239,QVQLVESGGGLVQPGDSLTLSCAVSGFSFSSYKMSWVRQTPGKGLEWVSSINSGGGTTNYADSVKGRFTISRDNAKNMLYLQMNKLKPEDTAVYYCAHRVVTGQLDLYDYWGQGTQVTVSS
seq4240,QVQLVESGGGLVQAGDSLRLSCAASGRTFLTLAVGWFRQAPGTEREFVAGIRWSGSGTDYADSVKGRFTISRDNAKNTVYLQMNSLKPEDTAVYYCAAHTTIATIPEKYEYEYWGRGTQVTVSS
seq4241,QVQLVESGGGLVQAGGSLRLSCAASGRTFSNYAMGWFRQAPGKEREFVAAISWTGVSTYYADSVKGRFTISRDNDKNTVYVQMNSLIPEDTAIYYCAAVRARSFSDTYSRVNEYDYWGQGTQVTVSS
seq4242,EVQLVESGGGPVQTGGSLRLSCVASGRTYRGYSMAWFRQPPGKEREFVAAITWSEGNTYYEDFVKGRFTISRDNAKNTLYLQMTSLKPEDTALYYCAAKIRPYIFKVPGQYDYWGQGTQVTVSS
seq4243,VQLQESGGGLVQAGGSLRLSCAASGRTFSRYAVGWFRQAPGLGRDFVAAITWSGGYTYYADSVKGRFTISRDNAKNTIYLQMNSLNVEDTGVYYCAVDTRNVIGPRAGDYWGQGTQVTVS
seq4244,QVQLQESGGGLVQPGDFVRLSCAASRRASSTYAVGWFRQAPGKEREFVGRIHRGGGSTYYADSVKGRFTISRDNTQNTVYLQMNSLKPEDTAVYYCNVRSYWGQGTQVTVSS
seq4245,QVQLQESGGGLVQPGGSLRLSCAASGSFSNMNVMGWYRQAPGKQRELVAGVNSNGYINYGDSVEGRFTISGSVAENTVYLQMNSLRPEDTAVYYCNAKWIGIVQRDYWGQGTQVTVSS
seq4246,QVKLEESGGGLVQPGGSLRLSCAASGSPFTINAMGWYRQAPGKQRELVAAITRSGKTNYADSVKGRFTISGDNALTTVYLQMNNLQPEDTAVYYCNGFYGSEFGPWGQGTQVTVSS
seq4247,DVQLVESGGGLVQPGGSLRLSCAASGRTFSSYAMAWYRQAPGKEREYVAAIRWSGGTAYYADSVKGRFTISRDNAKNTVYLQMNSLRPEDTAVYYCANRAPDTRLAPYEYDHWGQGTLVTVSS
seq4248,EVQLVESGGGLVQPGGSLRLSCAASGFTFDDYGMSWVRQAPGRALEWVSAISWNGNNTYYTESMKGRFTISRDNAKNTLYLQMNSLRPEDTAVYYCVKGSTAIVGVPPTYPDEYDYWGQGTLVTVSS
seq4249,EVQLVESGGGLVQPGRSLTLSCAASTNIGSISPMGWYRQAPGKQRELVAAIHGQSTLYADSVKGRFTISRDNAKNSIYLQMNSLRPEDTALYYCNKVPWGDYHPQNVYWGQGTQVTVSS
seq4250,EVQLVESGGGLVQAGGSLRLSCTGSRSIFSTYAMAWHRQAPGKQRELVGFIYWGGTTTYSDSVKGRFTISRDNAKNTMYLQMNSLKPEDAGVYYCNIYGSYALPQGQGTLVTVSS
seq4251,EVQLVESGGGLVQPGGSLRLSCAASGRAFSDYAMAWFRQAPGQEREFVAGIGWSGGDTLYADSVRGRFTISRDNSKNTLYLQMNSLRAEDTAVYYCAARQGQHIYSSMRSDSYDYWGQGTLVTVSS
seq4252,EVQLVESGGGLVQPGGSLRLSCAASGRTFRSYGMGWFRQAPGKEREFVASISRSGTTMYADSVKGRFTISADNSKNTAYLQMNSLKPEDTAVYYCARRGLLQWFGAPNSWFDPWGQGTLVTVSS
seq4253,QVQLQDSGGGLVQAGDSLRLSCAASGRSFGGYAMGWFRQAPGKEREFVAAISWSGGSTYYADSLKGRFTISRDNAKNTVYLQMNSLKPEDTALYYCAAGLRPSPNYNHERSYDYWGQGTQVTVSS
seq4254,EVQLVESGGGLVQPGGSLTLSCVASGFTLDGYAIGWFRQAPGKEVESVSCITGRHGTIYYADSVMGRFTISRDNAKSTVYLQMNSLKPEDTAVYYCAADGFDTPCVAGTDWQYDYWGQGTQVTVSS
seq4255,QVQLVESGGGLVQAGGSLRLSCTASGRTFSNYAMGWFRQAPGKEREFLAAISRSGESTNYATFVKGRFTIARDNAKNTVSLQMNSLKPEDTAVYFCAAKVAVLVSTTYNSQYDYWGQGTQVTVSS
seq4256,EVQLVESGGGLVQPGGSLGLSCATSGTIFSNNAMGWYRQAPGKKRDLVASISNSGSTNYADSVKGRFTVSRDNDKNTGYLQMNSLKPEDTGVYYCTVDARRGWNTAYWGQGTQVTVSS
seq4257,QVRLAESGGGRVQAGESLRLSCVASGRTFSNDAAGWFREASGKEREFVASISWSGNYTYYADSVKGRFTISEDNVKNTVYLQMTSLKPEDTAVYYCAAGNRYSDYRISLVTPRLYEYWGQGTQVTVS
seq4258,EVQLVESGGGLVQPGGSLRLSCAASGLRFDDYAMGWFRQAPGKERELVAIKFSGGTTDYADSVKGRFTISADNSKNTAYLQMNSLKPEDTAVYYCASWDGLIGLDAYEYDWGQGTLVTVSS
seq4259,EVQLVESGGGLVQAGGSLSLSCAASGRTFSSITMAWFRQTPGKEREFVAAISRSGSLTSYADSLKGRFTISRDNAKNTVSLQMNNLKPEDTAVYYCAADTNGRWRPAIRPSDFEIWGQGTQVTVSS
seq4260,EVQLVESGGGLVQPGGSLRLSCAASGRTFSSYAMAWYRQAPGKEREYVAAIRWSGGTAYYADSVQGRFTISRDNAKNTVYLQMNSLRPEDTAVYYCANRAPDTRLAPYEYDHWGQGTLVTVSS
seq4261,EVQVVESGGGLVQPGGSLRLSCAASGFTLDHYDIGWFRQAPGKEREAVSCISSSDGRTYYEDSVKGRFTISRDNAKNTVYLQMNNLKPEDTALYRCTTEVACYSDYKSTQISRIWGQGTQVTVSS
seq4262,EVQLVESGGGLVQAGGSLRLSCAASGRTFSHHVMGWFRQAPGKDREVVAAISQSGGSTYYAGSVKGRFTISRDNAKNTVYLQMNSLKPEDTAVYYCAADAPPLGTYDYWGQGNQVTVSS
seq4263,EVQLVESGGGSVQAGDSLRLSCAASGRTFGSIRVGWFRQTPGKEREFVAAINRNDGTTYYADSVKGRFTISRDNAKNTVYMQMASLKPEDTAVYYCAAGLQYNRSADRVPVGAVYWGQGTQVTV
seq4264,QVQLQASGGGLVQPGGSLRLSCAASGFTFSSYWMYWVRQAPGKGLEWVSTINTGGYTTYYSDSVKGRFTISRDNGKNTLYLEMNSLKSEDTAVYYCAKAYGSMWSGIWGGMDYWGKGTQVTVSS
seq4265,EVQLVESGGGLVQPGGSLTLSCAGSGFIFDDYAMSWVRQAPGKGLEWVSSINWSGSHRNYADSVKGRFTISRDNAKKTLYLQMNSLKSEDTAVYYCATGWQSTTKNQNYWGQGTQVTVSS
seq4266,EVQLVESGGGLVQPGGSLRLSCVASGFTFRTYAMSWVRQAPGKGSEWVSTINNGGGVTGYADSVEGRFTISRDNAKNTLYLQMNSLKPEDTAVYYCAKGTSRGQGTQVTVSS
seq4267,EVQLVESGGGLVQPGGSLRLSCAASGFTFDDYGMSWVRQAPGKALEWVSAISWNGNNTYYTESMKGRFCISRDNAKNTLYLQMNSLRPEDTAVYYCVKGSTAIVGVPPTYPDEYDYWGQGTLVTVSS
seq4268,EVQLVESGGGLVQPGGSLRLSCAASGSIFNLPVMSWYRQAPGKQRELVAGISTGGTTNYGDSVKGRFTISRDNAKNTVYLQMNSLKPEDTAVYYCNVLVVSGIGSHLEVWGQGTLVTVS
seq4269,EVQLVESGGGSVQAGGSLSLSCTASRGTFRNYGMGWFRQAQGKEREFVAAISRSGGHTYYSDSVKGRFTISKDNAKNIMSLQMNSLKPEDTAVYYCAARFRFDDGTYYYQRAFYDFWGQGTQVTVSS
seq4270,EVQLVESGGGLVQPGGSLRLSCAASGFTWGDYTMGWFRQAPGKEREGVAAIDSDGRTRYADSVKGRFTISADNSKNTAYLQMNSLKPEDTAVYYCAAALDGYSGSWGQGTLVTVSS
seq4271,QVQLVESGGGLVQPGGSLRLSCAASGFAFSSYDMSWVRQAPGKGLEWVSAIDSGGGVTYYADSMKGRFTISRDNAKNTVYLQMNSLKPEDTAVYYCNAVDGLGYLEYDYWGQGTQVTVSS
seq4272,HVQLVESGGGEVQAGGSLKLSCAGSAYILENCGMVWYRQTKGKEEKLVSVRKDGTPVYEDTVKGRFTLSHDRSKNTMYLQMDNLKTEDTGVYYCAALNSTYGGRFGWCKDFRGQGTQVTVS
seq4273,QIQLVESGGGSVQAGGSLRLSCAASGFTDSSYCGAWFRQVPGKEREGVAIIDRYGGTMYKDSVKGRFTISKDTAKNILYLQMNSLKLEDTAMYYCAAAEYRGSSCDAESGYWGQGTQVTVSS
seq4274,QVQLQESGGGLVQSGGSLRLSCKTSGFTFSSYGMSWVRQTPGKGPEWVSAIDSGGGSTSYADSVKGRFTISRDNAKNTLYLQMNSLKPEDTAVYYCAQGYYCSGYGCSDYWGQGTQVTVSS
seq4275,QVQLQESGGGLVQAGGSLTLSCASSRSISSIDYMMWYRQAPGKERDMVARIDSDGSTNYADSVKGRFTISRDGARDTLYLQMNNLSPEDTAVYSCVANVASGLKILQYWGQGTQVTVSS
seq4276,EVQLVESGGGLVQPGGSLRLSCAASGSDFGISVMGWYRQAPEKRRELVATITTFGITNYADSVKGRFTVSRDNAQNTVYLQMNSLKPDDTAVYYCYVRWYSSMWYEYWGQGTQVTVSS
seq4277,EVQLVESGGGQVQPGGSLRLSCESSVSIWSFKVMGWFRQVPGKQRELVATITTGGSPDYSDSVKGRFTISRDYDKRTLYLQMNSLKPEDTARYYCAGRLWAHITSSGHDVWGQGTQVTVSS
seq4278,DVQLVESGGGSVQAGGSLRLSCKASGITYDSYCMGWFRQAPGKEREGVASIHSRSGSTNFADSVKGRFTISQDNAEKTMYLQMNNVKPEDTAIYYCAAVSSWCRDGYCLCPPGPDVYNFWGQGTQVTVSS
seq4279,VQLQESGGGLVQAGGSLRLSCAASGSTFSNNAMAWYRQAPGKQRELVAYISSGGFTNYGDSVKGRFTISEDNAKSTVYLQMTSLKPEDTAVYYCSAGGTYRSGNVYFFPRSWGQGTQVTVSS
seq4280,QVQLQESGGGLVQAGGSLRLSCAASGSTFNFKIMAWHRQAPGKQRELVASLTSEGLTNYRDSVKGRFTISRDNAKNTVYLQMNNLKPEDTAVYYCGLWDGVGGAYWGRGTQVTVSS
seq4281,QVQLQQSGGGLVQPGESLRLSCSTSGFTFADYAMMWVRQAPGKGLEWVSSIDYSAEDTYYAESVKGRFTISRDNAKDTLYLQMNSLKLEDTAVYYCVPGEVVVYVDYNYWGQGTQVTVSS
seq4282,LQLVESGGALVQPGGSLRLSCVESGFTFSSYAMSWVRQAPGKGLEWVSGIYKGGGPKYANSVKGRFTISRDNAKNTLYLQMNSLKPEDTAVYYCAKSGYGSSLGDFGSWGQGTQVTVSS
seq4283,EVQLVESGGGLVQAGGSLRLSCAASGRTYGSYVIGWFRQAPGKEREFVASIRWAGGDSHYGDPLKGRSTISKDNAKNTVYLQMNSLKPEDAAVYYCAGAAPVPGSSYEWTNWGQGTQVTVSS
seq4284,EVQLVESGGGLVQAGGSLRLSCAASGRTLRNYDLGWFRQAPGKEREFVATIRWSTSETYYADSVKGRFTISSDNAKNTVDLQMNSLTPEDTGVYYCAARSVYSYDYNYWGQGTQVTVSS
seq4285,EVQLVESGGGLVQPGGSLRLSCAASGSIFSINAMGWYRQAPGKQRELVAAIISGGNTHYADSAKGRFTISRDNAKNTVYLQMNSLKPEDTAVYYCAAAKRRNGSYYFYGDYWGQGTQVTVSS
seq4286,LQESGGGLVQAGGSLRLSCAASGSSFSIRTMGWFRQAPGKEREFVAAISWSGGNTYYTDFVKGRFTISRDNAKNTVYLQMNSLNPEDTAIYYCAAGFAYRSVTYSTRPSFYEYWGQGTQVT
seq4287,QVQLQESGGGLVQSGGSLRLSCAASGSDFSIYDIAWYRQTPGKQREFVAAIGRGGYTNIPASVKGRFTISRDNAKNTATLQMNTLQPEDTAVYSCAAAVRYGRGRLDDITRYAYWGQGTQVTVSS
seq4288,QVQLQDSGGGLVQTGGSLRLSCAASGRSFSSRAVGWFRQAPGKERDFVAAISWGGDGTHYADSVKGRFTISRDNARNTVYLQMNSLEPEDTAVYYCAAGTIYYIGSDYSDYNFWGQGTQVTVSS
seq4289,VQLQESGGGSVQTGGTLTLSCVASGNTFDTRAMGWFRQAPGEEREFVAAISRSSFNTYYSDSVTGRFTISRDNAKNTVYLQMNSLKPEDTAVYYCAAGKYGMKWRDGADYWGQGTQVTVSS
seq4290,QVQLQESGGGLVQAGGSLTLSCAASGSSVSFLSMAWYRQAPGKKRELVAGISTDGTTNYVDSVKDRFTISRDNAKNTVYLQMNSLQPEDTAAYYCYAYRWVGRDTYWGQGTQVTVSS
seq4291,EVQLVESGGGLVQAGGSLRLSCAASGFTFDDYAIGWFRQAPGKEREGVSCISSSDGSIYYADSVKGRFTISSDNAKNTVYLQMNSLKPEDTAVYHCARFGRTGWAEECVDYDYWGQGTQVTVSS
seq4292,QVQLQQSGGGLVQAGGSLRLSCAASGGTFSRLTMGWFRQAPGEEREFVAAVSWVAETTDYADSVKGRFSISRDNSKNTVYLQMNSLKPVDTAVYYCAAGPRDMIRSRNIKSYDSWGQGTQVTVSS
seq4293,QVQLQESGGGLAQAGGSLRLSCAASGFTFDQYTIAWFRQAPGKEREGVSCISNTDSSTYYADSVKGRFTISSDNAKNTVYLQMSSLKPEDTAVYYCAADGNVWSPPICGSAGPPPGGMDYWGKGTQVTVSS
seq4294,EVQLVESGGGLVQAGGSLRLDCAASGRTSYAMGWFRQGTGKEREFVAALSPSGYYTYYEDSVKGRFSIHRDNAKNMVYLQMNSLTPEDTAVYYCAAGRHETASGILPNYWGQGIQVTVSS
seq4295,GGGSVQAGGSLRLSCNVSGSPSSTYCLGWFRQAPGREREGVTAINTDGSIIYAADSVKGRFTISQDTAKETVHLQMNNLQPEDTATYYCAARLTEMGACDARWATLYNYWGQGTQVTVSS
seq4296,EVQLVESGGGLVQAGGSLRLSCAASGFTFDDYAIAWFRQAPGKEREVVSCISSSDGSTYYADSVKGRFTISSDNAKNTVFLQMNSLKPEDTAVYYCAAVSNCPRDSDYIPYLHYWWGQGTQVTVSS
seq4297,GGGSVQVGGSLKLSCKISGGTPDRKSLAWFRQAPEKEREGIAVLSTKDGKTFYADSVKGRFTIFLDNDKTTFSLQLDRLNPEDTADYYCAANQLAGGWYLDPNYWLYAIWGQGTHVTVSS
seq4298,QVQLVESGGGLVQAGGSLRLSCAASGSIRPLRFMAWYRQAPGNQRGLVAAETSGGTIRYADSVKGRFTISRDNAKNTMYLQMNSLKPEDTAVYYCAARDLDDYWGQGIQVTVSS
seq4299,DVQLVDSGGGLVQAGGSLRLSCVASGRTFSNYAMGWYRRRPGLEREFVAAIVGSGDSTRYADSVKGRFTISRDNAKNTVYLQMNTLKPEDTAVYYCASSSDPRVYIASTLDYWGQGTQVTVSS
seq4300,VQLVESGGGLVQAGGSLRLSCAASRTIFNPNVMGWYRQAPGKQRELVADISLSGSTNYADSVKGRFTISRDNAKNTMYLQMNSLKPEDTAVYYCNTNAISGAPGRYWGQGTQVTVSS
seq4301,EVQLVESGGGLVQAGGSLRLSCAASGSTLSINAMGWFRQAPGKEREFVAHMSHDGTTNYADSVKGRFTISADNAKNTVYLQMNSLKPEDTAVYYCARLPNYRWGQGTQVTVSS
seq4302,VQLVESGGGVVQPGGSLKLSCVASGTDFSINFIRWYRQAPGKQREFVAGFTAAGNTNYADSMKGRFTISRDNTKNAVYLQIDSLKPEDTAVYYCYMLDKWGQGTQVTVSS
seq4303,QVQLQESGGGLVQAGGSLRLSCAASGSTGSISAMGWYRQAPGKQRELVASITRRGSTNYADSVKDRFTISRDNAWNTVYLQMNSLKPEDTAVYYCNARRYYTRNDYWGQGTQVTVSS
seq4304,EVQLVESGGGLVQAGGSLRLSCAASGRTISSYTMGWFRQAPGKEREFVAAGTWSTSVTEYADSVKGRFTISRDTAKNTLYLQMNSLKPEDTAVYYCAAEPYIPVRTMRHMTFLTYWGQGTQVTVSS
seq4305,QVQLQESGGGLVQAGGSLRLSCAASGRTFSSYVMGWFRQALGKEREFVAAIGWNGGITYYADSVKGRFAISRDNAKNTVYLQMNSLKPEDTAVYYCAAATLQVTGSYYLDLSTVDIYDNWGQGTQVTVSS
seq4306,EVQLVESGGGLVQAGGSLRLSCTASGSAFRSTVVGWFRQAPGKERDLVTAINWSGARTYYADSVKGRFTISRDNAKNTAYLQMNSLKPEDTAVYYCAAGRDSYARVLTEYEYVWWGQGTQVTVSS
seq4307,QVQLQESGGGLVQPGGSLRLSCATSGFDFSVSWMYWVRQAPGKGLEWVSEINTNGLITKYVDSVKGRFTISRDNAKNTLYLQMDSLIPEDTALYYCARSPSGSFRGQGTQVTVSS
seq4308,EVQLAESGGGSVQAGGSLRLSCTTSGYTYSRNCMGWFRQAPGKEREGVATIYVSAASTSFATYADSVKGRFTISLDKAKNTVYLQMNSLKPEDTAMYYCAADPPDRISNPCGPRRPDFGYWGQGTQVTVSS
seq4309,EVQLVESGGGLVQAGGSLRLSCVASGSPFSIGATGWYRQAPGKQRDLVAEIYPSGDTIYADSVKGRSTISRDNAKNTVYLQMNSLKPEDTAVYFCNVVRWGVDYWGQGTQVTVSS
seq4310,VQLVESGGGLVQTGGSLRLSCVGSGISLTKDMMAWYRQAPGKQRELVATIPVVGGGRPTYEDSVKGRFTISRDNAKNTVYLEMNSLKPEDTGDYYCQRPSAWLAWGQGTQVTVSS
seq4311,AVQLVESGGGLVQPGGSTNVSCEVFGGDFISYPMAWFRQRLGLDRERIFVATITPSGAGTYYSDFAKGRFVISRDNSRSTVLLQLRTVVEQDTATYFCAADDPLVGRGWDGAEGYDYWGQGTLVTVSS
seq4312,EVQLVESGGGLVQAGGSLRLSCAAASGGTFTKQTISWFRQAPGKDREFVAAQWWSGLSTYFAEYADSVKGRFTISRDNAKNTAYLEMNSLKFEDTAVYYCAAGLGVVRTLIRRASSYDYWGQGTQVTVSS
seq4313,EVQLVESGGGLVQPGGSLRLSCAASRNIFDFNDMGWYRQGPGKEREFVALINVGGVAKYEDSVKGRFTISRDNAENTVYLQMNNLKPEDMAVYYCNARILSRNYWGQGNQVTVSS
seq4314,EVQLVESGGGLVQAGGSLRLSCAASASILSINTMDWFRRTPGKQRELVSTITRDGRTTYADSVKGRFTLSRDNTKNTVSLQMNSLKPEDTAVYYCLANVETTRGLTKNYWGQGIQVTVSS
seq4315,EVQLVESGGGLVQAGGSLRLSCTASGSTFTSYAMGWYRQAPGKQRELVAAISSDDSTYYADCVKGRFTISRDNAKNTVYLQMNSLKPEDTAVYYCNAPHSDYDEEAPSDFGSWGQGTQVTVSS
seq4316,EVQLVESGGGLVQAGGSLRLSCAVSSRAFSSYGMGWFRQAPGKDREFVATINWSGVTAYADSIKGRFTISRDNAKETVYLQMNSLKPDDTGVYYCAAETFGSGSSLMSEYDYWGQGTQVTVSS
seq4317,EVQLVESGGGLVQAGGSLRLSCAASGRTLSSYVLGWFRQAPGKEREVVAAFSWNGPSTYYANSPKGRFTISRDNAENTVYLQMNSLKPEDTAVYYCAARLKYNANYATSDAYDYWGQGTQVTVSS
seq4318,QVQLQESGGGLVETGGSLRLSCAASGRTFGGYALAWFRQAPGKGREFVAAVTWTSGTTNYAGSVKDRFTVSRDNAGNTMYLQMNSLRPEDTAVYICGAASGYRSPDRLSEPNWVNYWGQGTQVTVSS
seq4319,EVQLVESGGGLVQAGGSLRLSCAASGFTFDDYAIGWFRQAPGKEREGVSYISSSDGSTYYADSVKGRFTSSSDNAKNTVYLQMNSLKPEDTAVYYCAARPTLRVRLDNDRHHLLYEYEYDYWGQGTQVTVSS
seq4320,DVQLVESGGGVVQPGGSLRLSCAASGSIASIHAMGWFRQAPGKEREFVAVITVSGGITYYADSVKGRFTISRDSSKNTVYLQMNSLRPEDTALYYCAGDKHQSSFYDYWGQGTLVTVSS
seq4321,DVQLVESGGGLVQPGGSLRLSCAASGSIFRINAMAWYRQAPGKQRELVAEITAGGSTNYADSVKGRFTISRDNSWNTLYLQMNSLRPEDTAVYYCNLDHYTTWDRRSAYWGQGTLVTVSS
seq4322,VKLEESGGRLMQAGGSLRLSCVASGRTFYAMGWFRQAPGKEREFVAAINRGDGTTFYAESVKGRFTISRDYAKSTLSLQMNSLKPEDTAVYYCAAKGGGSRYDIYSRVYEYEYWGQGTQVTVSS
seq4323,VQLVESGGGLVQPGGSLRLSCAASGSIFSSNAMAWYRQAPGKRRDLVAAINSVGVTKYADSVKGRFTISRDNSKNTVYLQMNSLRPEDTAVYYCTSDPRRGWDTRYWGQGTLVTVSS
seq4324,QVQLVESGGGSVQAGGSLRLSCAISGYTYSTAYMGWFRQVPGKEREGVAAINSDGTSTWYADSVKGRSTLSQDNAKNMVYLLMNNLKPEDTAIYYCAAGNWLGYYSDSYPAGITYWGQGTQDTVSS
seq4325,EVQLVESGGGLVQTGGSLRLSCAASGSISSFNVMGWYRQAPGKLQRDLVAHIASGGEIMYTDSVKGRFTISRDNAKKTVYLQMNSLKPEDTAVYYCKLWVLGNDYWGQGTQVTVSS
seq4326,GLAQAGGSLRLSCAASGRTFSSYAMAWFRQAPGKEREIVATISWNGGTTDYADSVKGRFTISRDNAKNTVYLQMNSLKPEDTAVYYCAADSTNWVFYDYWGQGT
seq4327,LQESGGGLVQPGGSLRLSCVASGINSRIYRTGWYRQAPGNQRELVARISDGGSTNYGDSVKGRFTISRDNAKNTVYLQMNNLKPEDTAVYQCCVNTVANLGRNYCGQGTQVT
seq4328,VQLVESGGGLVQTGESLRLSCVASGFTFSRHPMAWYRQAPGKARELVASIASSSGMTDYHDSVKGRFTISRDNAKNTVYLQMNSLKPEDTAAYYCNALPTLPRNYWGQGTQVTVSS
seq4329,QVQLQESGGGLVQPGGSLRFSCAAAGLSFSTNTMNWYRRAPGKQLELVAQFTNTGTTNYADSVKGRFTISFNNAKNTVYLQMNSLEPEDTAVYYCAARVTGDMSAHYTNYNYWGQGTQVTVSS
seq4330,GGLVQLGGSLRLSCAASGFTFGYYAMSWVRQAPGKGLEWVSYINDNGGYTAYTDPVKGRFTISRDNAKNILYLHMNNLKPEDTAVYFCAKWGTDAVSSSRYKSHDYDSRGPGTQVTVSS
seq4331,QVQLVESGGGLVQPGGSLRLSCAASGSFYSINDMGWYRQAPGKQRELVATITGRGRTNYKDSVKGRFAISRDNAKNTVYLQMNSLKPEDTAVYYCNVRAVVRILTHYRGSEVWGQGTLVTVSS
seq4332,EVQLLESGGGLVLPGGSLRLSCVHSGPTFRTDTMGWFRQAPGKGREFVAAVTWNSGRINYADSVKGRFTVSRDNTRNAAYLQMNGLKDEDTAVYYCTAHRFVVGGNRVEDWRYWGQGTLVTVSS
seq4333,EVPLVESGGGLVQAGGSLNLSCNASGDIGSINAMGWYRQAPGQQREWVAVITDTDSTIYPDSVKGRFAISRDGAKNTVHLRMSSLKPEDTAVYYCNAYQAGWGDYWGQGTQVTVSS
seq4334,QVQLQESGGGLVQAGGSLRLSCVSSGSISASHVMGWYRQAPGKQRELVATITSGGTTRYADSVKGRFTVSRDNAKNTVYLQMNDLKSEDTAVYYCHARRLWDTYWGQGTQVTVSS
seq4335,QVQLVESGGGLVQAGGSLRLSCAASGSTFRIRVMRWYRQAPGTERDLVAVISGSSTYYADSVKGRFTISRDNAKNTLYLQMNNLKPEDTAVYYCNADDSGIARDYWGQGTQVTVSS
seq4336,QVQLQESGGGLVQPGGSLRLSCVASGSISSITFMGWYRQVLGEQRELVALSARRGTTTYADSVKGRFTISRDNAKNTVYLQMNNLKPEDTALYYCYVDRRDEVPTWGQGTQVTVSS
seq4337,EVQLVESGGGLVQPGGSLKLSCTASGFTFSTSWMHWVRQAPGKGLEWVSSIPPVGHFANYAPSVKGRFTISRDNAKNTLFLQMNSLKSEDTAVYYCAKDSAGRTKGQGTQVTVSS
seq4338,EVQLVESGGGEVQPGGSLRLSCTASGRAINMYAMGWFRQAPGKEREFVAAINWNGAYTQYAESVKGRFTISRDNAKNTLYLQMSSLRAEDTAVYYCSADADYNTYVSPNKRVSYWGQGTLVTVKP
seq4339,QVQLQESGGGLVQPGGSLRLSCAASGFPFSSYVMKWYRQAPGKERELVAEISSRGGTTNYADSVKGRFTISRDNFRNMVYLQMNSLKPEDTAVYYCNRPHPDYWGQGTQVTVSS
seq4340,DVQLVESGGGLVQAGGSLRLSCAASGRTFSDYVMGWFRQARGNEREFVAAISESGGRTHYADAVKGRFTISRDNAKNTLYLQMNSLKPEDTAVYYCATTLLWWTSEYAPIKANDYDYWGQGTLVTVSS
seq4341,EVQLVESGGGLVPPGGSLRLSCAASQFTLESYAIGWFRQAPGKDSEGVACISSSTYYADSVKGRFTISRDNAKNTVYLQMESLKPEDTAVYHCATSGAGSYCTLRAFASWGQGTQVTVSS
seq4342,EVQLVESGGGSVQPGGSLRLSCAASGRANSINWFGWFRQTPGKEREFVAGIRWSDAYTEYANSVKGRFTISRDNSKNTVYLQMDSLRPEDTAVYYCVLDLSTVRYWGQGTLVTVSS
seq4343,EVQLVESGGGLVQPGGSLRLSCAASGSISSIDYMGWFRQAPGKEREGVSWISSSDGSTYYADSVKGRFTISADNSKNTAYLQMNSLKPEDTAVYYCARSPSFSQIYYYYYMDVWGQGTLVTVSS
seq4344,QVQLQESGGGLVQAGGSLRLSCAASGFIFRAASMDWYRQSPGTQPELVATISSTGFTNYANSVKGRFTISRDNAKNTVYLQMNSLKPEDTAVYFCGATFLRSDGQHSIYGQGTQVTVSS
seq4345,EVQLVESGGDLVQPGGSLRLSCAASGSIFSIDSMGWFRQAPGKQRELVADIISAGVTNYADSVKGRFTISGDHAKNTVYLQMNSLKPEDTAVYYCNAHISTGWGRPHNNYWGQGTQVTVSS
seq4346,QVQLQESGGGLVQAGASLRLSCKASGFTFGDYTIGWFRQAPGKEREGISCYSSSDGNTGYADSVKGRFTISSDNAKNTVYLQMNSLRPEDTAVYYCAADFNVWSPPICGSSWYGPPPGGMAYWGKGTQVTVSS
seq4347,QVQLQESGGGLVQAGGSLRLSCAASGTISRDRDMGWYRQAPGKERELVATISPGGTTYYADSVKGRFTISRDNAKNTVYLQMNSLKPEDTAVYYCAAYAAVEEDDSKYYIQDFAYWGQGTQVTVSS
seq4348,EVQLVESGGGLVQAGGSTRLTCKASGSIFNINSINVMAWYRQAPGKQRELVAIIGKGGGTNYADVVKGRFTISRDAAKNTVNLQMNSLKPEDTAVYYCYADYEDRDSPFNASWGQGTQVTVSS
seq4349,QVQLQESGGGLVQAGGSLRLSCEASGSIFSGNVMGWYRQVPGKQRDLVATMTGGGVTRYADSVKARFTISRDNAKNTVYLQMNSLKPEDTGVYYCHYRRIMQQYWGQGTQVTVSS
seq4350,EVQLVESGGGLVQPGGSLTLSCAASGSSVSFLSMAWYRQAPGKKRELVAGISANGSTDYYDSVKGRFTISRDNAKNSVYLQMNSLRAEDTAVYYCYAYRWRTRYTYWGQGTLVTVSS
seq4351,EVQLVESGGGLVQPGGSLRLSCAASGSIFRVNVMGWFRQAPGKEREFIATIFSGGDTDYADSVKGRFTISADNSKNTAYLQMNSLKPEDTAVYYCAAIAHEEGVYRWDWGQGTLVTVSS
seq4352,EVQVQESGPGLVKPSQTLSLTCTVSGGSITTSYYAWTWIRQPPGKGLEWVGAIVYDGSTFYSPSLKSRTSISRDTSKSQFSLQLSSVTPEDTAVYYCARSYGLGLYDLWGQGTQVTVSS
seq4353,QVQLQESGGGLVQAGGSLRLSCAASGLWVSANDMGWFRQAPGKEREFVAAISWRGSSPSYLDSVKGRFTISRDNARNTVYLQMNSLKPEDTAVYSCAAGHTYGATMTAPGSFGSWGQGTQVTVSS
seq4354,LQESGGGLVQAGGSLRLSCAASGSSFSIRTMGWFRQAPGKEREFVAAISWSGGNTYYTDFVKGRFTISRDNAKNTVYLQMNSLKPEDTAIYYCAAGFAYRSVTYSSRPSFYEYWGQGTQVT
seq4355,EVQLVESGGGLVQPGGSLRLSCAASGDVHKINILGWYRQAPAKEREMVAHITIGDATDYADSAKGRFTISRDEAKNMVYLQMNSLKPEDTAVYLCRAYSRIYPYNYWGQGTQVTVSS
seq4356,QVQLQESGGGLVQAGGSLRLSCAASGNIDSIASMGWYRQAPGKQRELVAAISVGGSTYYADSVKGRFTISRDNARNTVYLQTNSLKPEDTAVYYCAARRGSAYYTSRIDWPYWGQGTQVTVSS
seq4357,EVQLVESGGGLVQAGGSLGLSCSASGLLFSRNSAGWYRQAPGKRREFVARIRMGGSINYADSVKGRFTVSRDNAKNMMYLQMNDLKPEDTAVYFCSGWREGFYEYWGQGTLVTVSS
seq4358,QVQLQESGGDLVQAGGSLNLSCEVSMSILRLNFMGWYRQTPDKQREFLAGITDTGATNYAESVEDRFTIFRDSAKNTMYLRMRNLKPEDTGVYYCAADKYGRDLLGVNFWGQGTQVTVSS
seq4359,QVQLVESGGGLVQPGGSLRLSCAASGFTFSSYDMSWVRQAPGKGLEWVSSIYNDGSNTAYSDSVKGRFTISRDNAKNTLYLQMNSLKSEDTAVYYCAKVGFSGTYYSESWGQGTQVTVSS
seq4360,EVQLQASGGGLVQAGGSLRLSCTASGRTGTIYSMAWFRQAPGKEREFLATVGWSSGITYYMDSVKGRFTISRDNAKNSAYLQMNSLKPEDTAVYYCTATRAYSVGYDYWGQGTQVTVSH
seq4361,EVQLVESGGGLVQAGGSLRLSCAASGSIFSINGMGWFRQAPGKEREFVSGINWSGSGNTYHADSVKGRATISRDNAKNTVYLQMNSLKPEDTAVYYCAASERTYYSSSYYYRRFYDYWGQGTQVTVSS
seq4362,QVQLQESGGGLVQAGDSLRLSCAASGGALYDMAWFRQAPGKEREFVAVISYDGSATSYRDSVKGRFTISRENAKNMARNMAYLQMNALKPEDTAVYYCAAKGPTGTLHTSGYRIWGQGTQVTVSS
seq4363,QVQLQESGGGLVQAGGSLRLSCAVSGNTLSRYAMGWFRQTPGKEREFVAAIRWNNAATYYADSVEGRFTISRDTGKNTVYLQMNNLKPEDTAVYYCAGRFLGYASSNAYHEALYNYDYWGQGTQVTVSS
seq4364,LQESGGGLVQAGGSLSLSCATSGRAFSSYAMGWFRQAPGKEREFVAAISWSGGFTYYADSVKGRFTISRDNAKNTVYLQMNSLKPEDTAVYYCVARDYRLWSPYQYEYDYWGQGTQVT
seq4365,EVQLVESGGRLVQAGDSLRLSCAASERTFKYYTVGWFRQAPGKEREFVASIGRDYSVYYVDSVKGRFTISRDNAKNTMYLQMNSLKSDDTAAYYCAIDVALPTAQYMDVPGIDYWGQGTQVTVSS
seq4366,EVQLVESGGGLVQPGGSLRLSCAASGSIFKINVMAWYRQAPGKGRELVAAIINSGTTSYADSVKGRFTISRDNAKNTLYLQMNSLRPEDTAVYYCAFVTTNSDYDLGRDYWGQGTLVTVSS
seq4367,EVQLVESGGGLVQAGGSLRLSCVASGRTLSTAVMGWFRQAPGKERGLVAMISWSGSMTYYAKSVKGRFTISRDNAKNTMYLQMNSLKPEDTAVYYCAADMGGGPPDGDAMPRLSSGMDYWGKGTLVTVSS
seq4368,EVQLVESGGGLVQAGGSLRLSCIVSESIFSRYAMGWFRQAPGKEREFVAGIGAVTHYGEFVKGRFTISRDSAKNTIYLQMSSLKPEDTAIYFCARSKNTYISYASNQYDVWGRGTQVTVSS
seq4369,QVQLQESGGGLVQAGGSLRLSCAASGSIGSIHTMGWYRQTPGTERDVVATIQDGGSTNYADSVKGRFTISRDNILNTVYLQMNSLKPEDTAVYHCNADVRPYRTSRYLELWGQGTLVTVSS
seq4370,DSGGGLVQPGGSLKLSCAASGFTFSNYEMSWVRQAPGKGLEWVSSINNGGDITYYANSVKGRFTISRDNTKNTLYLQMNSLKSEDTAVYYCKVPNRRLRGPGTQVTVSS
seq4371,QVQLVESGGGLVRPGGSLRLSCVLSGRTFSDYAMRWFRQAPGKEREFVASINWSGTHTDYADSVKGRFTISRDNAKKTVYLQMHSLTPTDTAVYYCTFGWGPQLPGTDYWGQGTQVTVAP
seq4372,EVQLVESGGGLVQAGGSLRLSCAASGRTFSIYAMGWFRQAPGKEREFVATISRGGSTTYYADSVKGRFTISADNAKNTVYLQMNSLKPEDTAVYYCAAGPRSGKDYWGQGTQVTVSS
seq4373,EVQLVESGGGLVQPGGLSGRSDNHGSLRLSCAASGFTFDDYGMSWVRQAPGKALEWVSAISWNGNNTYYTESMKGRFTISRDNAKNTLYLQMNSLRPEDTAVYYCVKGSTAIVGVPPTYPDEYDYWGQGTLVTVSS
seq4374,QVQLVESGGGLVQPGGSLRLSCAASGFTFSDYWMYWVRQAPGKGLEWVSEINTNGLITKYPDSVKGRFTISRDNAKNTLYLQMNSLKPEDTALYYCARSPSGFNRGQGTQVTVSS
seq4375,EVQLVESGGGLVRAGGSLRLSCAASGRTFITYAIGWFRQAPGKEREFVTAINWSGSMTSYADSVKGRFTISRDNNKNTVYLQMNSLKPEDTALYYCAAHLGAIAPMSQSVYDYWGQGTQVTVSS
seq4376,QVQLQESGGGLVQAGGSLRLSCAASGSIFAKATMGWYRQAPGKERELVATITTGTTTNYADSVKGRFTISRDNAKNTVYLQMNSLKPEDTAVYYCAARYVPYTRQIRYARYVYWGQGTQVTVSS
seq4377,EVQLQASGGGLVQAGGSLRLSCAASGSTFSINVIGWYRQAPGKQRELVAGISRSGNTNYADSVEGRFTISRDYAKNTVYLQMNSLKPEDTAVYYCHSKTYLLHMYWGQGTQVTVSS
seq4378,EVQLVESGGGLVQPGGSLRLSCAASGFTLDNYAIGWFRQAPGKEREWVSCISGFDGSTYYADSVKGRFTISRDNAKNTVYLQMNSLKPEDTAVYYCAASVGSSWCAYDYWGQGTQVTVSS
seq4379,QVKLEESGGGLVQAGGSLRLSCAASGRTFTMGWFRRAPGKERESVAVIGWRDINASYADSVKGRFAISRDNAKKTLYLQMNSLKPEDTAVYYCAARRIDATDFDSWGQGTQVTVSS
seq4380,EVQLVESGGGEVQPGGSLRLSCAASGGTFSSYAMGWFRQAPGQEREFVAAISSEGGSTYYAESVKGRFTISRDNAKNTVYLQMSSLRAEDTAVYYCAVKGVGWPQEQASYDYWGQGTLVTVKP
seq4381,EVQLVESGGGSVQAGGSLRLSCVASEGTFSSYGMGWFRQAPGKERAFVATINWSGVTAYADSVKGRFTISRDNAKKTVYLQMNSLKPEDTAVYYCATDTYGSGSSLMNEYDYWGQGTQVTVSS
seq4382,NVKLVEKGGNFVENDDDLKLTCRAEGYTIGPYCMGWFRQAPNDDSTNVATINMGGGITYYGDSVKERFDIRRDQASNTVTLSMDDLQPEDSAEYNCAGDSTIYASYYECGHGLSTGGYGYDSRGQGTDVTVSS
seq4383,QVQLVQSGGGLVQAGGSLRLSCGASEIIFSDKTVGWYRQAPGKQRVLVAVISNVDSTNYAQSVKGRFTISRDNAKNTVYLQMNSLKPEDTAVYYCYARDFESEYWGRGTQVTVKP
seq4384,EVQLVESGGGSVQAGETLRLSCTASGFTFAEADMGWYRQAPGHECELVSTITTEGITSEASSYYADSVRGRFTISRDNAKNMVYLQMNSLKPEDTAVYYCAPDPYAYSTYSDYCSWAQGTQGTQVTVSS
seq4385,QVQLLESGGGLVQPGGSLRLSCALSGLTFNTYPMAWFRQPPGQEREFVADMSWSGTNTYYADSVKGRFTISRDNSKNTLYLQMNSLRAEDTAVYYCAAGWPYSGTGRSTTDYTYWGQGTLVTVSS
seq4386,QVQLQESGGGWVQPGGSLRLSCAASGSIDNGYVMGWYRQAPGKQRELVATITSGTNTHYADSVKGRFTISRDNAKTTVYLQMNSLKPEDTAVYYCLARRLFTMYWGQGTQVTVSS
seq4387,EVQLVESGGGLVQPGESLRLSCAASGFTLAYYAIGWFRQAPGKEREGVSCISSWDGSTYYADSVKGRFTISRDNAKNTVYLQMNSLKPEDTAVYYCATDLTDSLCSYYHYMRPENDYWGQGTQVTVSS
seq4388,QVQLQESGPGLVKPSQTLSLTCAVSGGSISTNYYYWSWIRQHPGKGLEWIGVIAYEGSTDYSPSLKSRVTISVDTSKNQFSLQLSSVTPEDTAVYYCARDVRVIATGWATANALDAWGQGTLVTVSS
seq4389,EVQLVESGGGLVQTGGSLRLSCVASGSTFRRGASGWYRQAPGKQRELVATISSGGSTNYVDSVKGRFTISRDNAKNTVYLQMNSLKPEDTAVYYCRRNYNSRDYWGQGTQVTVSS
seq4390,QVQLQESGGGLVQPGESLRLSCAVSGSTSSFNAMAWYRQAPGKRRELVAGISGGGATNYPDSVKGRFTISRDNAKNTVYLQMSSLKPEDTAVYYCNLWPPRASPGGGVYWGQGTQVTVSS
seq4391,EVQLVESGGGLVQPGGSLRLSCAASGRTFSSLPMGWFRQAPGKERELVAIRWSGGSTVYADSVKGRFTISADNSKNTAYLQMNSLKPEDTAVYYCAAIAYEEGVYRWDWGQGTLVTVSS
seq4392,EVQLLESGGGLVQPGGSLRLSCAASGRTFNNYNMGWFRQAPGKGREFVAAVSRSGVSTYYADSVKGRFTISRDNAKNALYLQMNSLRPEDTAIYYCGAAYRGTAINVRRSYDSWGQGTLVTVSS
seq4393,VKLEESGGGLVQAGGSLRLSCRTSGRTNSVYTMGWFRQAPGKEREFVAQIMWGAGTNTHYADSVKGRFTISRDSAESTVYLQMNSLKPEDTAVYYCAANRGIPIAGRQYDYWGQGTQVTVSS
seq4394,EVQLVESGGGLVQPGGSLRLSCAASGFTFDDYGMSWVRQAPGKALEWVSAISWNGNNTYYTESMKGRFTISRDNAKNTLYLQMNSLRPEDTAVYYCVKGSTAIVGVPPTYPDEYDYWGQGTLVTVSC
seq4395,EVQLVESGGGLVQPGGSLRLSCAASGFTFRGYWMSWVRQAPGKGLEWVSAINNVGGETYYADSVKGRFTISRDNAKNALYLQMNSLKSEDTAVYYCARDWYNDPNKNEYKGQGTQVTVSS
seq4396,EVQLVESGGGLVQAGGSLRLSCAASGRTFSSYVMGWFRQATGKEREFVATIAWDSGSTYYADSVKGRFTISRDNAKNTVHLQMNSLKPEDTAVYYCAASYNVYYNNYYYPISRDEYDYWGQGTQVTVSS
seq4397,EVQLVESGGGLVQAGGSLRLSCAASGRTFSGYDMGWFRQAPGKEREFVAQISRHNSNTYYADAVKGRFTISRDNAKNTVSLQMNSLKPEDTAVYYCAIGSLFPSSRERDYDYWGQGTQVTVSS
seq4398,EVQLVESGGGLVQPGGSLRLSCAASGFTLDDYGIGWFRQAPGKEREGVSCISSSDGSTDYADSVKGRFTISRDNAKNTVYLQMNNLKPEDTAVYYCAAGRTYYSGSYYFGLGSDEYDYWGQGTQVTVSS
seq4399,QLQLVESGGGLVQPGGSLRLSCAASRSISSINTMTWYRYQGPGKERELVALITLGGTTNYADSVKGRFTISRDDAKNTLYLEMNSLKPEDTAVYYCNAVPPFRWGQGTQVTVSS
seq4400,QVQLQESGGGLVQAGGSLRLSCAVSGNTLSRYAMGWFRQAPGNEREFVAAIRWNNGATYYADSVEGRFTISRDSGKNTVYLQMNSLQPEDTAVYYCAGRFLGYASSNAYHEALYNYDYWGQGTQVTVSS
seq4401,EVQLVESGGSLVQPGGSLRLSCAASGFTFDDYAMTWVRQAPGKGLEWVSSINWSGTHTDYTDSVKGRFTISRNNANNTLYLQMNSLKSDDTAVYYCAKNWGDAGTTWFEKSGSAGPGTQVTVSS
seq4402,EVQLVESGGGLVQAGGSLRLSCSASGRTFSSYAMAWYRQAPGKEREYVAAIRWSGGTAYYPDSVQGRFTISRDNAKNTVYLQMNSLKPEDTAVYYCANRAPDTRLAPYEYDHWGQGTQVTVSS
seq4403,RWQLVESGGGLVQPGGSLRLSCETSRHTLDHYAIGWFRQAPGKGGEGVACISTNTYYADSVKGRFSISRDNAKNTVYLQMNDLKPEDTAVYHCATTGSGYCTLRAFASWGQGTQVTVSS
seq4404,QVQLVESGGGLVQPGGSLRLSCAASGFTLDDSAIGWFRQAPGKEREGVSCISSSDGDTYYDDSVKGRFTISRDNVKNMVYLQMNSLKPEDTAVYFCAIDLSDYGVCSKWPSPYDYWGQGTQVTVSS
seq4405,DVQLVESGGGLVQPGGSLRLSCAASGRTPLNYHMAWFRQAPGKEREFVAAISSLLGSTDYADSVKGRFTISRDNSKTTLYLQMNSLRPEDTAVYYCAARETTHISTSDRVNEIRNYDYWGQGTLVTVSS
seq4406,EVQLVESGGGLVQAGGSLRLSCAASGFTLNDYAIGWFRQAPGKEREGVSLISSDDGSTYYADSVKGRFTISSDNAKNTVYLQMNSLKPEDTAVYYCAAAQGLLLLSLWVPTQYDYWGQGTQVTVSS
seq4407,EVQLLESGGGVVQPGGSLRLSCAASGRIFSLPASGNIFNLLTIAWYRQAPGKGRELVATINSGSRTYYADSVKGRFTISRDNSKKTVYLQMNSLRPEDTALYYCQTSGSGSPNFWGQGTLVKVSS
seq4408,EVQLVESGGGLVQPGGSLRLSCAASGFIFSAYFMGWFRQAPGKGRELVAAINSNDDITYYPDSVEGRFTISRDNAKRMVYLQMNSLRAEDTAVYYCAAWLGAENYGYWGQGTQVTV
seq4409,QVQLQESGGGLVQAGGSLRLSCAASGHTLNNYAMGWFRQGPGAEREFVGAISASGDSTQYTESVQGRFTISKDNAKRTVYLDMNSLKPEDTAVYYCAADGKTLTYYTSRLRSQYDYWGQGTQVTVSS
seq4410,QLQLVESGGGLVQAGGSLRLSCAASGRTFSSYAMGWFRQAPGKEREFVAAISWSGGSTYYTDSVKGRFTINRDNAKNTVYLQMNSLKPEDTAVYYCAAGFSGNYYRTPDYWGQGTQVTVSS
seq4411,EVQLVESGGGLVQAGGSLRLSCTASGRTFSDYDMGWFRQAPGKERECVAVIDTNGDNTLTVGSVKGRFAISRDNAKNTVYLQMNSLLPEDTAVYTCAAGAWSSLRSTAANYWGQGTQVTVSS
seq4412,EVQLVESGGGLVQPGGSLRLSCAASGDVYKINFLGWHRQAPGKEREKVAHITIGDATDYADSAKGRFTISRDEAKNMVYLQMNSLKPEDTAVYFCRAGSRIYPYDYWGQGTLVTVSS
seq4413,DVQLQASGGGLAQAGRSLTLSCDVSGRIPRNYPIGWWRQTPGKKREFVAGISWTSGTTYFADSVKGRFAISRDNAKKTATLQMNNLQLEDTAVYYCATSERDFYTRNYYFTESLYDYWGQGTQVTVSS
seq4414,QVKLEESGGRLVQAGGSLKLSWAASGRTFTMGWFRQAPGKEREFVTAINLSPTLTYYAESVKGRFPISRNNAQNTVVLQMNSLKPEDTALYYCAAERKSVMAIPPDYWGQGTQVTVSS
seq4415,EVQLLESGGGEVQPGGSLRLSCAASGSVFSIDAMGWYRQAPGKQRELVAVLSGISSAKYAESVKGRFTISRASAPNTVYLQMSSLRAEDTAVYYCYADVSTGWGRDAHGYWGQGTLVTV
seq4416,EVQLVESGGGLVQPGGSLRLSCAASGFTLDAYAIHWFRQAPGKEREGVSCISSSDGSTYYANSVKGRFTISRDNAKNAVYLQMNSLKPEDTAVYYCATAKRCWGLSYEYDYWGQGTQVTVSS
seq4417,DCQLVESGGGSVQAGGSLRLSCAASGYDTYCMGWFRQAPGKERDWVAVINTGGGSIAYHDSVKGRFTISQDNVKNTVYLQMNSLKPEDTAIYYCVAARPHAYCNGVTAPLNFLSWGQGTQVTVSS
seq4418,QVQLVESGGALVQPGGSLRLSCAASGFPVNRYSMRWYRQAPGKEREWVAGMSSAGDRSSYEDSVKGRFTISRDDARNTVYLQMNSLKPEDTAVYYCNVNVGFEYWGQGTQVTVSS
seq4419,AVQLVDSGGGLVQAGGSLRLSCVASGSGFGINGVIWYRQAPGKQRELVALIKSDGYTNYRESVKGRFTISRDDAKNTVWLQMNALEPEDTGVYYCKTPGVPFGQGTQVTVSS
seq4420,ESGGGSVEAGGSLRLSCTASGYVSSMAWFRQVPGQEREGVAFVQTADNSALYGDSVKGRFTISHDNAKNTLYLQMRNLQPDDTGVYYCAAQKKDRTRWAEPREWNNWGQGTQVTVSS
seq4421,QVQLQESGGGLVQAGGSLRLSCAASGFSSDDYTIGWFRQAPGKEREGISCYSSSDGSTGYADSVKGRFTISSDNAKNTVYLQMNSLKPEDTAVYYCAADFNVWSPPICGSSWYGPPPGGMDYWGKGTQVTVSS
seq4422,EVQLQESGGGLVQPGGSLRLSCTASGVTISALNAMAMGWYRQAPGERRVMVAAVSHRGNAMYRESVQGRFTVTRDFTNKMVSLQMDNLKPEDTAVYYCHVLEDRVDSFHDYWGQGTQVTVSS
seq4423,EVQLVESGGGLVQAGDSLRLSCAATGRTSSIYNMDWFLQAPGKERELIARIWWRSGATYYADSVKGRFTISRGNAKNTVYLQMNSLKPEDTGVYHCTAGVTGGAAYGYWGQGTQVTVSS
seq4424,EVQLVESGGGLVQAGGSLRLSCAASGNIFSRYIMGWFRQAPGKEREWVAGISNGGTTKYADSVKGRFTISADNAKNTVYLQMNSLKPEDTAVYYCAQGWKIVPTNWGQGTQVTVSS
seq4425,LQQSGGGLVQPGGSLRLSCAASGSITSIRSMGWYRQAPGKQREFVAHISTGGATNYADSVKDRFTISRDNAEDTVYLQMNSLKPEDTAIYYCNALLYYSDYENENYWGRGTQVT
seq4426,EVQPVESGGGLVQAGGSLRLSCAASERTFSNYPVTWFRQAPGKEREFVAAISWSGGSTTYADSVKGRFTISRDNAKKTVYLQMNSLKPEDTAVYSCAAVRHNNWKIADYWGQGTQVTVSS
seq4427,QVQLQESGGRLVQAGGSLRLSCIASGRTISDYAAGWFRQAPGKEREFLASVTWGFGSTYYADSVKGRFTISRDKAKDTVYLQMNTLEPDDTSAYYCASSPRYCAGYRCYVTASEFDSWGPGTQVTVSS
seq4428,QVQLVESAGGLVQPGGSLRLSCAASGIIFSINAMGWYRQAPGKRRELVADIMPYGSTEYADSVKGRFTISRDNAKNTVYLQMNSLKPEDTAVYYCHSYDPRGDDYWGQGTQVTVSS
seq4429,QVQLQESGGGLVQAGGSLRLSCAVSGNTLSRYAMGWFRQTPGKEREFVAAIRWNNAATYYADAVEGRFTISRDSGKNTVYLQMNNLKPEDTAVYYCAGRFLGYASSNAYHEALYNYDYWGQGTQVTVSS
seq4430,VQLVESGGGSVQAGGSLRLSCAASGYIYGCMGWFRRAPGKAREEVATIYRDGTAYYANSVEGRFTASRNNAENTLSLEMNSLNAEDTAMYYCAARTTGCNWDISGVYWGQGTQVTVSS
seq4431,DVQLVESGGGLVQPGGSLRLSCAASGFKITHYCTGWFRQAPGKEREFVSRITWGGDNTFYSNSVKGRFTISRDNSKNTVYLQMNSLRAEDTAVYYCAAGSTCTATPLRVDYWGQGTLVTVSS
seq4432,EVQLVESGGGLVQPGGSLRLSCAASGFTFDDYAMNWVRQAAGKGPEWVASISSRGITTDYAHSVKGRFTVSRDNTKNTLYLQMNSLKPDDAAVYYCATDPSTWYRGTAHWGQGTQVTVSS
seq4433,EVQLVESGGGLVQTGGSLRLSCAASGRTFSNYAMAWFRQAPGKEREFVSAINQRGSNTNYADSVKGRFTISRDSAKNSVFLQMNSLKPEDTAVYYCAASTWYGYSTYARREEYRYWGQGTQVTVSS
seq4434,EVQLVESGGGLVQAGGSLRLSCVASGRTFSSSNMGWFRQAPGKEREFVAAITWSGGWRYYGDSVKGRFTIFRDDAKNTVFLQMNSLKPEDTAVYYCAVVSSGVSGFSNRYDYWGQGTQVTVSS
seq4435,EVQLVESGGGLVQAGGSLRLSCATSGSVSSINVMAWYRQAPGKQRELVATISTSGYTDYSDSAKGRFTISRDNKNTVHLQMNSLKPEDTAVYYCRASTLRTGWLMGWGQGTQVTVSS
seq4436,EVQLLESGGGEVQPGGSLRLSCAASGSVFSIDAMGWYRQAPGKGRELVAVLSGISSATYAESVKGRFTISRDNAKNTLYLQMSSLRAEDTAVYYCYADVSTGWGRDAHGYWGQGTLVTV
seq4437,QVQLQESGGGLVQAGESLRLSCAASGSSDSINAMGWYRQAPGKQRELVAAITSGGRSTYIDSAKGRATISRDNARNTAYLQMSSLKAEDTAVYYCTIWNRDRQQYWGQGTQVTVSS
seq4438,EVQLVESGGDSVQAGGSLQLSCKASGYTYNSRVDIRSMGWFRQYPGKEREGVATINIRNSVTYYADSVKGRFTISQDNAKNTVYLQMNALKPEDTAMYYCALSDRFAAQVPTRYGIRPSDYNYWGQGTQVTVSS
seq4439,EVQLLESGGGLVQPGGSLTLSCAASGNDFVITDMHWYRQAPGKQREWVATITRFATTNYADSVKGRFTISRDNSKNTLYLQMNSLRAEDTAVYYCKAIGLRGVPDVNRQFEVWGLGTQVTVSS
seq4440,GGSVQAGGSLRLSCAASGATYRSNYMGWFRQDPGKEREGVAAIATDGGGTYYADSVKGRFTISHDNAKTTVYLQMNRLKSEDTAKYYCAANNREITGSWLAQPLTATFWGQGTQVAVSS
seq4441,AVQLVESGGGLVQPGGSLRLSCAASGFTLSSITMTWVRQAPGKGLEWVSTINSGGDSTTYADSVKGRFTISRDNAKNTLYLQMNSLKPEDTAVYYCAKGTYYSRAYYRLRGGTQVTVSS
seq4442,VQLVESGGGLVQAGDSLRLSCAAAGRTFGAPYMAWFRQAPGKEREFVAGISWSGDSTYYADSMKNRFTISRDNAKNTVYLQMNSLNPEDTAVYYCAADKWPFTGDVRSAGGYDYWGQGTQVTVSS
seq4443,EVQLVESGGGLVQAGGSLRLSCAASGRTFSSYGMGWFRHAPGKEREFVAGISWTLGRTYYADSVKGRFTISGDNAKNTVYLQMNSLKPEDTAVYYCASDESDAANYWGQGTQVTVSS
seq4444,QVQLQDSGGGLVQPGGSLRLSCAASGFTLKDYAIGWFRQAPGKEREGVSCISSSDGSSDGWTYYADSVKGRFTISRDNAKNTVYLQMNNLKPEDTAVYYCAARLFGVATTDPSYFDSWGQGTQVTVSS
seq4445,EVQLVESGGGLAQAGGSLRLSCTASGRTFSTYFMAWFRQPPGKEREYVGGIRWSDGVPHYADSVKGRFTISRDNAKNTVYLQMNSLKPEDTAVYYCNADYSPPGSRFPDLGPWGQGTQVTVSS
seq4446,QVQLVESGGGLVQPGGSLRLSCAASGEISSDAMAWYRQAPGKQRELVAGMTRGGSTNYADSVKGRFTISRDFAKNTVDLQMNSLKPEDTAVYYCNAEIYTGTFYPRSYWGQGTLVTVSS
seq4447,EVQLVESGGGLVQPGGSLTLSCVASGSTSSRNAMGWYRRAPGKQRELVAGISSNGSKVYSDSVKGRFTISRDNAKNSVYLQMNSLRAEDTAVYYCYYFRTVSGSSMSYWGQGTLVTVSS
seq4448,EVQLVESGGGLVQAGGSLRLSCAASGRTFSSYGMAWFRQAPGKEREFVAGISWTLGRTYYADSVKGRFTISRDNAKNTVYLQMNSLKPEDTAVYYCASDHYDTDTKSDVYNYWGQGTQVTVSS
seq4449,EVQLVESGGGLVQPGGSLRLSCAASGDVHKINILGWYRQAPAREREMVAHITIGDATDYADSAKGRFTISRDEAKNMVYLQMNSLKPEDTAVYFCRAYSRIYPYNYWGQGTQVTVSS
seq4450,QLQLVESGGGMVQPGGSLRLSCAASGFTFSTYDMSWVRQAPGKGPEWVSIINAGGGSTYYAASVKGRFAISRDNAKNTLYLQMNNLKPEDTALYYCARVASYYCRGYVCSPPEFDYWGQGTQVTVSS
seq4451,QVQLQESGGGSVQAGGSLRLSCTASGFSLDDSDMGWYRQARGNVCQLVSTIASDRSTYYTPSVQGRFTISHDRAKNTIYLQMNSLKPEDTAVYYCAAAPRLAYTTAMTCEGDFAYWGQGTQVTVSS
seq4452,QVQLQESGGGLVQAGGSLRLSCAASGLTFSDYAMGWFLQAPGKEREFVAAITWSGGVTYYADSVKGRFTISNDNAKNTVLLQMNSLKPEDTAVYYCAAGYNPFRIGIMNKRAYDTWGQGTQVTVSS
seq4453,QVQLQESGGGSVQAGGSLRLSCAASGYTYTGYCMGWFRQAPGKEREGVATIDSDGDTSYADSVKGRFTISKDNAKNTLYLQMNSLKPEDTAMYYCAADFRRWHLCSSSFREDGMDYWGKGTQVTVSS
seq4454,EVQLVESGGGEVQPGGSLRLSCAASERTFSTYTMGWFRQAPGKEREFVSVVNWSGGSKYYAESVKGRFTISRDNAKNTVYLQMNSLRAEDTAVYYCAAGGAYSGPYYDTRQYTYWGQGTLVTVKP
seq4455,EVQLVESGGGLVQTGGSLRLSCAASTSGSDFSGKKMAWYRQAPGNGREFVAIIFSNKVTDYADSVKGRFTISRDNAKKTVYLQMSSLTPTDTAVYYCHDQEISWGQGTQVTVSS
seq4456,QVQLQESGGGLVQPGESLRLSCAVSGSTSSGNAMAWYRQAPGKRRELVAGISGGGATNYPDSVKGRFTISRDNAKNTVYLQMSSLKPEDTAVYYCNLWPPRASPGGGVYWGQGTQVTVSS
seq4457,EVQLVESGGGLVQAGGSLRLSCAASGSIFRINAMGWFRQAPGKEREGVAAINNFGTTKYADSVKGRFTISADNAKNTVYLQMNSLKPEDTAVYYCSAVRWGPHNDDRYDWGQGTQVTVSS
seq4458,EVQLVESGGGLVQAGGSLRLSCAASGTFLSINRMGWYRQAPGKERELVAVIISGGSTNYADSVKGRFTISRENAELTVYLQMNSLKPEDTAVYYCNVWINTDGIYTYEYWGQGTQVTVSS
seq4459,EVQLVESGGGEVQPGGSLRLSCAASGSTFSIYHMSWFRQAPGKQREPVATSHHGGTTNYAGSVKGRFTISRDNAKNTVYLQMNSLRPEDTAVYYCKADHGYGGRGYWGQGTLVTVKP
seq4460,QVQLVESGGGLVRAGGSLRLSCAASGRAFSSYPMGWFRRAPGKEREFVAAISLSGSKQYYVDSVKGRFTISRDNAKNTVSLQMNSLKPEDTAVYYCAALKDGEPPAVDYWGQGTQVTVSS
seq4461,EVQLVESGGGLVQAGASLRLSCAASGGTFSRYPMGWFRQAPGKEREFVAAISWNGGSTIYADSVKGRFTISKNNAKNTVYLQMNSLRPEDTAVYYCAAGNGGSYYGHSRARYDYWGQGTQVTVSS
seq4462,QMQLVESGGGSVQAGGSLRLSCAVSGYIYNRNFMGWFRQAPGKEREGVAAIYTGGPYTYYTDSVQGRFTISQDNTKNTVYLQMNSLKPEDTAMYYCVSDLSDGTWDQGRWNYWGQGTQVTVSS
seq4463,QVQLQEFGGGLVQLGGSARLSCVVSGNMLDLNTMAWYRQGELVAALGISTYYAESVKGRFTISRDNAKNTLYLQMNSLKSEDTAVYYCARDYNFESWGQGTLVTVSS
seq4464,EVQLVESGGGLVQAGGSLRLSCRASGNTGNVNAMGWYRQAPGKQRELVAAVSGGGKTNYADFVKGRFTISIDNAKIIVYLQMNNLKPEDTAVYYCNAGVMGTSGSYYLGEDNWGQGTQVTVSS
seq4465,EVQLVESGGGLVQPGGSLRLSCAASGGTFRKLAMGWFRQAPGKEREFVAVISWTGGSSYYADSVKGRFTISADNSKNTAYLQMNSLKPEDTAVYYCARLTSFATWGQGTLVTVSS
seq4466,EVQLVESGGGLVQAGGSTRLTCKASGSIFNINSINVMAWYRQAPGKQRELVAIIGKGGGTNDADFVKGRFTISRDAAKNTVNLQMNSLKPEDTAVYYCYADYEDRDSPFNASWGQGTQVTVSS
seq4467,QVTLRESGGGLVQAGGSLRLSCGASEITLSDKTVGWYRQAPGKQRVLVAVISNVDSTNYAHSVKGRFTISRDNAKNTVYLQMNSLKPEDTAVYYCYARDFEAEYWGQGTLVTVKP
seq4468,QVQLQESGGGLVQAGGSLRLSCAASGRDFATYSMTWFRQAPGKERESVATISWSGQRTRYADSVKGRFTISRDNAKNTVYLQMNSLRPEDTAVYYCAAPRTWGEFPPTQYDSWGQGTQVTVSS
seq4469,LQESGGGLVQAGGSLRLSCAASGSSLSNYTMGWFRHFPGKDREFVAVVKWSGGRTHYTESVKGRFTTGRDTAKNTVYLQMNRLKPEDTAIYYCAAASRWSWNPTSDDYIYWGQGAQVT
seq4470,EVQLVESGGGLVQAGGSLRLSCAAPSMFSINAMGWYRQAPGRQRELVATITSGDSTYYADSVKGRFTISRDNAKYTKNTVYLQMNSLKPEDTAVYYCNAAHIRGSGGDYAREAWGQGTQVTVSS
seq4471,QVQLQESGGGSAQAGGSLRLSCTAPGFTSNTCAMAWYRQAPGKEREFVSSRSTVGTTGYADSVKGRFTISKDEAKDTVYLQMNSLKPEDTAMYFCKTYACRNCIGRHCRTAPDAWGQGTQVTVSS
seq4472,EVQLVESGGGLVQAGGSLRLSCAASGGTFSFYGMGWFRQAPGKEQEFVADIRTSAGRTYYADSVKGRFTISRDNAKNTVYLQMNSLKPEDTALYYCAAEMSGISGWDYWGQGTLVTVQS
seq4473,QVQLVESGGGLVQPGGSLRLSCAASGYANSNTCMGWFRQAPGKERERVAAISGVGTGTYYADSVKGRFTISRDNSKNTLYLQMNSLRAEDTAVYYCAAAPEGRAWCSRDPSGYNYWGQGTLVTVSS
seq4474,EVQLQASGGGFVQPGGSLRLSCAASGRTSWSEIMGWFRQAPGKEREFVSAISRYTDDYSYYADSVKGRFTISRDNSKNTVYLQMNSLRAEDTATYYCATYHYQYGGDQTFYWGQGT
seq4475,VQLVESGGGLVQPGGSLRLSCAASGFALEHYSIGWFRQAPGKEREGVSCISNSGHTTKYADSVKGRFTVSRDNAKNTVYLQMNSLKPEDTAVYYCAATPRGWGLTSNQYEYWGQGTQVTVSS
seq4476,EVQLVESGGGLVQPGGSLRLSCATSRTIFRSNAMGWYRQAPGKKRDLVASISNSGSTNYADSAKGRFTVSRDNDKNTGYLQMNSLKPEDTGVYYCTVDARRGWNTGYWGQGTQVTVSS
seq4477,QVQLQESGGGLVQPGGSLRLSCAASGFSMDYYAIAWFRQAPGKEREEISCITGSDFMVDTYYVASVKGRFTISRDNAENTAYLQMNNLKPEDTGVYFCAVRSTANTLCPSHYSVMDYWGKGTQVTVSS
seq4478,EVQLVESGGGLVQPGGSLTLSCAASHSSVTSLSLAWYRQAPGKKRELVAGISYDGSKYYAESVKGRFTISRDNAKNSVYLQMNSLRAEDTAVYYCYAYSWTDRLPYWGQGTLVTVSS
seq4479,EVQLVESGGGLVQAGGALRLSCAASGRTFETYRMGWFRQAPGKEREFVALINWSSGTTVYADSVKGRFTISGDNAKDTVYLEMNSLKPEDTAVYYCAVGRRWSGSYYSALAYQYWGQGTQVTVSS
seq4480,IVSPGSLRLSCAASGRTFSTAAMGWFRQAPGKERDFVAGIYWTVGSTYYADSAKGRFTISRDNAKNTVYLQMDSLKPEDTAVYYCAARRRGFTLAPTRANEYDYWGQGTQVTVSS
seq4481,QVQLQESGGGLVQTGGSLRLSCAASGNTFDTRAMGWFRQAPGKEREFVAAISRSSFNTYYSDSVTGRFTISRDNAKNTVYLQMNSLKPEDTAVYYCAAGKYGMKWRDGADYWGQGTQVTVSS
seq4482,EVQLVESGGGLVQPGGSLRLSCAASGFSLGVFAIGWFRQAPGKEREGVSCIDSSDGRTTYADSVKGRFTISRDNAKNTVYLQMNSLKPEDTAVYYCATDIETDVCSGAGWGFWGQGTQVTVSS
seq4483,QVQLQESGGGTVQPGGSLKLSCSAAPERAFSNYAMGWFRQAPGQEREFVAGITGSGRSQYYADSVKGRFTISRDNAMNAVYLQMNSVKAEDTAVYYCAARVVPVFSDSTKGYVYWGQGTQVTVSS
seq4484,EVQLVESGGGLVQAGGSLRLSCAASGFTLDDYAIGWFRQAPGKEREGVSCIRDSDGSTYYADSVKGRFTISSDNDKNTVYLQMNSLKPEDTAVYYCAAVPAGRLRFGEQWYPLYEYDAWGQGTQVTVSS
seq4485,QVQLQESGGGLVQPGDSLRLSCAASERTFSMYAIGWFRQAPGKERELVAGISSGGSTNYADSVKGRFTISRDNPKKTVYLQMMSLEPEDTGVYYCAARSGSAYFSGRYYWNYWGQGTQVTVSS
seq4486,EVQLVESGGGLVQPGGSLRLSCAASRIPFSTRTMAWYRQAPGKQRDWVATIGTSGPPRYADSVKGRFTVSRDNAKNTVYLQMNSLKAEDTAVYYCWDVNADYWGQGTQVTVSS
seq4487,EVQLVESGGGLVQPGGSLRLSCAASGFTFDDYGMSCVRQAPGKALEWVSAISWNGNNTYYTESMKGRFTISRDNAKNTLYLQMNSLRPEDTAVYYCVKGSTAIVGVPPTYPDEYDYWGQGTLVTVSS
seq4488,EVQLVESGGGLVQAGDSLTLSCAASGRPFSSLTMGWFRQAPGKGREFVATTSWSGDIKYYADFVKGRFTISRDNAKNMVYLQMNSLKPEDTAVYYCAATLLRTWSRQTNEYEYWGQGTQVTVSS
seq4489,EVQLVESGGKLVQPGGSLRLSCSASGRTFSFSTSTMGWFRQAPGKELEFVAAIDWSDFNTYYADSVKGRFTISRHNPRNSVYLQLNSLKPEDTALYYCAAHSETRGGTRYFDRPSLYNYWGQGTLVTVKS
seq4490,EVQLVESGGGLVQAGGSLRLSCAASGFTFDDYAIGWFRQAPGKEREAVSCISSSDGTTYYADSVKGRFTISSDNAKNTVYLTMNNLKPEDTAVYYCAADRLSTVVGCLYYGGSYYPRTTIDYWGKGTLVTVSS
seq4491,QVQLVESGGGLVQPGGSLRLSCAASGFTLDDYAIGWFRQAPGKEREGVSCISSSDGSTYYADSVKGRFTISRDNAKNTVYLQMNSLKPEDTAVYYCAAEYDYWGQGTQVTVSS
seq4492,EVQLVESGGGLVQPGGSLRLSCAASGFTRSYYTIAWFRQAPGKEREGISCIRNTDGSTVVSDSVEGRFTISRDNAKNTVFLQMNSLKTEDTAVYYCAARNDRYGGLCSVRHNYEYWGQGTQVTVSS
seq4493,EVQLVESGGGLVQPGGSMRLSCAATGAIFSISTMGWYRQAPGAQREFVAGVGLDGTPNYADSVKGRFTISRDNTKNTVSLQMENLKPEDTGVYYCNIDEGMDYDGNFYDRWGQGTQVTVSS
seq4494,QVQLQESGGGLVQAGGSLRLSCAASGRTSSRLSMGWFRQAPGKEREFVAAISWSGASTYYADSVKGRFTISRENAKNTMYLQMNSLKPEDTAVYYCATPPNPQPGHGTSWEDSRRYTRWGQGTQVTVSS
seq4495,EVQLQQSGGGLVQSGGSLRLSCIASGSTVSDNTMGWYRQAPGKQRELVAVISSVGVTNVAQSVKGRFTISRDNAKNTVTVYLQMSSLKPEDTAVYYCNALGTGRANWGQGTQVTVSS
seq4496,QVQLQESGGGLVQAGGSLRLSCAASGRATSGYGMDWFRQVPGKEREFVAAIRWSGKETWYKDSVKGRFTISRDNAKTTVYLNMTSLKPEDTAVYYCAARPVRVDDISLPVGFDYWGQGTQVTVSS
seq4497,EVQLVESGGGLVQAGDSLRLSCAASGFTFSNYAIGWFRQAPGKAREFVARVSTIAGDTDYANAVKGRFTISRDNAKNTVYLQMNSLKPDDTAVYYCAAESYNVRLVTGEADYWGEGTQVTVSS
seq4498,QVQLQESGGGLVQAGGSLRLSCAASGRTISRYAMSWFRQAPGKEREFVAVARRSGDGAFYSDSAEGRFTVSRDDAKNTVYLQMNSLKPEDTAVYYCAIDSSTDYTGTYDYWGQGTQVTVSS
seq4499,QVQLVESGGGLVQPGGSLRLSCAASGRSFNNNAMAWFRQTPGKEREFVAAITWVGSGTYYADSVKGRFTISRDNSKNTLYLQMNSLRAEDTAVYYCAARQYPFSIIGYNSKDAWNYWGQGTRVTVSS
seq4500,EVQLVESGGGLVQAGDSLRLSCAASGRTYSRNAMAWFRQAPGKEREFVAGIDWSSENTRYIDSVKGRFTISRDNAKSTMYLQMNSLKPEDTAVYYCAAGTSWGALASRLEAAYSSWGQGTQVTVSS
seq4501,EVQLVESGGGLVQAGGSLRLSCVASGDTSEIYDMGWFRQAPGKEREFVSSIHWGGRGTNYTDSVKGRFTISKDNAKNMVYLQMNSLKPEDTAVYYCAATRLIVYTPTGFRQYFDWGQGTQVTVSS
seq4502,QVQLQESGGGLVQPGGSLKLSCAASGSIFSFNAMGWYRQAPGKQRELVAAITDGGRLTYADSAKNRFTISRENTRNTVHLQMSSLKAEDTAVYYCTIWTKDRQQYWGQGTQVTVSS
seq4503,QLVQPGGSLRLSCAASGSIFTINAMGWYRQAPGKQREEVAAITSGGSTNYADSVKGRFTISRDNAKNTVYLQMNSLKPEDTAVYYCKAVVVTTTPYSDYWGQGTLVTVSS
seq4504,EVQLVESGGGLVQPGGSLRLSCAASGRTFVTYGMGWFRQAPGKGREFVSAISWSGSMTSYGDSVKGRFTISRDNAKNTLYLQMNSLRPEDTAVYYCAAALGAVVYTTREPYTYWGQGTLVTVSS
seq4505,QVQLQESGGGLVQAGGSLRLSCVGAGSAFGWNAVHWYRQAPGQQREWLATIESGGWADYSVSVKGRFIVSRDNARNTAYLQMNNLKLEDTAVYYCNQLTYWGQGTQVTVSS
seq4506,QVQLQQSGGGLVQPGGSLSLSCVASGIILSHNEMRWYRQNPGKPRDLVAGITSAAYTYYGDFVKGRFTISRDNAKNTAYLQMDRLNPEDTGNYYCEVSDGDNRYWGQGTQATV
seq4507,QVKLEESGGGSVQTGGSLRLTCAASGRTSRSYGMGWFRQAPGKEREFVSGISWRGDSTGYADSVKGRFTISRDNAKNTVDLQMNSLKEEDTAIYYCAAAAGSAWYGTLYEYDYWGQGTQVTVSS
seq4508,QVQLQESGGGLVRPGGSLRLSCAVSGRAVNRYHMHWYRQAPGKQREWVTFISVGGTTNYAGSVKGRFTVSRDNAKNTLYLQMNSLKPEDTAVYYCNSAEYWGQGTQVTVS
seq4509,QVQLQEFGGGLVQAGGSLRLSCAASGSTFSITYMAWFRQAPEKQRELVAEMSRRGSTFYADSVKGRFTISRDNTKNTVYLQMNSLEPEDTAVYYCSVGARRDEDDYVYWGQGTQVTVSS
seq4510,QVQLQESGGGLVQPGGSLRLSCAASGRTFGSYAMGWFRQAAGKERELVAAISAGGSTLYADNVKGRFTISRDNARNTVYLLSNSLKPEDTAVYYCAARRGSAYYTNHIDWPYWGQGTQVTVSS
seq4511,EVQLVESGGGLVQAGGSLRLSCAASGLTLDDYAIGWFRQAPGKEREGVSSIRDNDGSTYYADSVKGRFTISSDNDKNTVYLQMNSLKPEDTAVYYCAAVPAGRLRFGEQWYPIYEYDAWGQGTLVTVSS
seq4512,EVQLVESGGGLVQPGGSLTLSCVASGSTSSINAMAWYRRAPGKQRELVAGISSDGSKVYSDSVKGRFTISRDNAKNSVYLQMNSLRAEDTAVYYCYYFRTVLGSSMRYWGQGTLVTVSS
seq4513,EVQLVESGGGSVQAGGSLRLSCVASEFPNNVNCVAWVRQGPGKEREGVAGIYTYGSPYLADSVKGRFTVSLDRPENTVYLEMNNLKPEDTGTYICAAGTCHDEDGTMKLNVKGHDAYWGRGTQVTVSS
seq4514,QVQLQQSGGGLVQAGGFLRFSCAASGRTFSINVMGWFRQAPGKEREFVAGINSVGGSKYYADSVKGRFTISRDNAKNTVYLQMNSLKPEDTAVYSCAADPTPFRLLVADPGGYDYWGQGTQVTVSS
seq4515,VQLVETGGGLVQPGGSLRLSCVASGFTLDSYAIGWFRQAPGKEREGVSCMSSGDGSTYYTNSVKGRFTISRDNAQNTVYLQMNSLKPEDTAVYYCAADGFDYCSAYVPGRGMNYSGKGTLVTVSS
seq4516,VQLQESGGGLVQAGGSLRLSCAASGIPFSIIYMAWFRQAPEKQRELVAEMSSRGSKFYADSVKGRFTISRDNAKNTLYLQMNSLEPEDTAVYYCSVGARRDDNDYVYWGQGTQVTVSS
seq4517,EVQLVESGGGLVQAGGSLRLSCAASGFTFDDYAIGWFRQVPGKERKGVSCISSSDGTTYYEDSVKGRFTISSDNAKNTIYLQMNSLKPEDTAVYYCAAAPPDCTYYPATPIYYWGQGTQVTVSS
seq4518,DVQLVESGGGLVQPGGSLRLSCAASGRTFSSYVVGWFRQAPGKEREFIGAISGSGESIYYAVSEKGRFTISRDNSKNTLYLQMNSLRPEDTAVYYCTADQEFGYLRFGRSEYWGQGTLVTVSS
seq4519,QVQLQDSGGGLVQAGESLRLSCKASGRTFSSYAMGWFRQAPGKERDFVAAISWSGTAYYADSVKGRFTISRDNAENMAYLQMNSLKPEDTAVYYCAAGGPYYIGTSYQEYDYWGQGTQITVSS
seq4520,EVQLVESGGGLVQPGGSLTLSCVASGSSFSHNTMGWYRQAPGKQRDLVARITTFGTTNYADSVKGRFTISRDNAKNSVYLQMNSLRAEDTAVYYCNGESFGRIWYNWGQGTLVTVSS
seq4521,QVQLQESGGGLVQAGGSLRLSCAVSGNTLSRYAMGWFRQTPGNEREFVAAIRWNNGATYYAESVKGRFTISRDNGRNTVYLQMNNLKPEDTAVYYCAGRFLGYASSNAYHEALYNYDYWGQGTQVTVSS
seq4522,QVQLQQSGGRLVQAGDSLTVSCAVSGRSWSSYAMGWFRQAPGKEREFVSAITSGGLVGNYADSVKGRFTISRDRARNTVALQMNNLKAEDTAVYYCAARPRGSLYYSKDSYEYWGQGTQVTVSS
seq4523,EVQLVESGGGLVQAEGSLRLSCVASGRTFDTYVMGWFRQAPGKEREFVAAINRSGVTDYPDSATGRFTISRENAKNTVYLQGTSLKPEDTGVYYCAARKAFYYGTSSYPNDYAHWGQGTQVTVSS
seq4524,EVQLVKSGGGLVQPGGSLRLSCAASGGTFSLFAMGWFREAPGKEREFVAAIRWSDGSSYYADSVKGRFTISRDNAKNAVHLQSNSLKSEDTAVYYCYADVQGGLHRYWGQGTQVTVSS
seq4525,QVQLVESGGGLVQPGGSLRLSCAASGFTFSGYVMSWVRQAPGKGLEWVAHIGSGGGYPSYTDSVQGRFTISRDNAKNTLYLQMNNLKPEDTAVYYCEMLGRRGQGTQVTVSS
seq4526,QLQASGGGFVQPGGSLRLSCAASGRFWRRYTMGWFRQAPGKEREFVSAISGTSDWTYYADSVKGRFTISRDNSKNTVYLQMNSLRAEDTATYYCAPPHFSGAAIYWGQGTQVTVSS
seq4527,EVQLVESGGGLVQAGGSLRLSCTASGRTISTTVMGWFRQAPGKEREFVAAVHWGDESTVYADSVKGRFTISRDNAKNTVYLQMNYLKPEDTAVYYCAARPPTYVGTSRSSRAYDYWGQGTQVTVSS
seq4528,EVQLVESGGGLVQPGGSLRLSCAASGFTFDDYGMSWVRQAPGKALEWVSAISWNGNNTYYTESMKGRCTISRDNAKNTLYLQMNSLRPEDTAVYYCVKGSTAIVGVPPTYPDEYDYWGQGTLVTVSS
seq4529,EVQLVESGGGLVQAGGSLRLSCAASGRTFSWSAVGWFRQAPGKEREFVAAIRWSGGSPYYADSVKDRFTISRDNAKNTVYLQMNSLRPEDTAVYLCGETSLFPTSRGSHYDTWGQGTQVTVSS
seq4530,QVQLQESGGGSVQAGGSLRLSCAASTSIYSNNYMAWFSQAPGKGREGVAAVYIDDGRPYYADSVKGRFTISLDSAKNTVYLQMNSLKPEDTAMYYCAAAPGPLSRNYWYTSANYDYWGQGTQVTVSS
seq4531,QVQLVESGGALVQPGGSLRLSCAASGFPVNRYSMRWYRQAPGKEREWVAGMSSAGDRSSYEDSVKGRFTISRDDARNTVYLQMNSLKPEDTAVYYCRLVRILVSKRPVAIKPYFRLYWGQGTQVTVSS
seq4532,EVQLVESGGGLVQAGGSLGLSCSASGLLFSRNSAGWYRQAPGKQREFVARIRMGGSINYADSVKGRFTTSRDNAKNTIYLQMNSLKPEDTAVYYCSSWREGFYEYWGQGTQVTVSS
seq4533,EVQLVESGGGLVQPGGSLRLSCAASTRTFSSYIMGWFRQAPGKERELVSAISWSGRMTHYADSVKGRFTISRDNSKNTLYLQMNSLRAEDTAVYYCAADRTTAWGAPRSQYDSWGQGTLVTVS
seq4534,EVQLVESGGELVQAGGSLRLSCAAPGSVSSINVMGWYRQAPGKQRELVATISSSGYTDYADSAKGRFTISRDNKNTVHLQMNSLKPEDTAVYYCRASTLRTGWFTGWGQGTQVTVSS
seq4535,EVQLVESGGGLVQAGGSLRLSCSASGRTLGQYTVGWFRQDPGFEHQFVAAIGGTYGTTSYADSVKGRFTISRDNAKNTVYLQMNNLKPEDTAIYYCATPHDYQYGNAVPISLREYDYRGQGTQVTVSS
seq4536,DVHLQDSGGGWVHPGGSLTLSCLMSGSEYYGSPVGWFPQPPGKGREEIAEIVPIGGSVIYIGGVEGRFTISRDNSKNTIALIMNDLLPEDTATYYCAADSGGLCSHRERDYDIWGQGTQVTVCV
seq4537,EVQLVESGGGLVQPGGSLRLSCAASGSILDSNLMGWFRQAPGKGRELVASINSYDDNTYYPDSVEGRFTISRDNAKRMVYLQMNSLRAEDTAVYYCAAQVFVGWPYTDQMHDYWGQGTQVTVSS
seq4538,EVQLVESGGGLVQPRGSLRLSCAASGSIFSIATMGWYRQAPGKQRELVATITSGDSRNYADSVKGRFTISRDNAKNTMYLQMNSLKPEDTAVYYCNAYLSGWRTRVNYWGQGTQVTVSS
seq4539,QVQLVESGGGLVQPGGSLRLSCAASGFTFSSYWMYWVRQAPGKGLEWVSAINTGGGSTYYADSVKGRFTISRDNAKNTLYLQMNSLKPEDTALYYCARGPGYSGKYIEGWAYWGQGTQVTVSS
seq4540,EVQLVESGGGLVQAGGSLRLSCAASGSRFRFELMGWYRQAPGKPRDLVALITRSGSANYADSVKGRFTISRDNAKNTLYLQMNSLKPEDTGVYYCNAHTYTDNLWGQGTQVTVSS
seq4541,QVQLQESGGGLVQAGGSLRLSCAASGRTFTSFAMGWFRQAPGKEREFVASISRSGTLTRYADSAKGRFTISVDNAKNTVSLQMDNLNPDDTAVYYCAADLHRPYGPGTQRSDEYDSWGQGTQVTVSS
seq4542,EVQLVESGGGEVQPGGSLRLSCAASGSILSINAMGWYRQPPGKQRELVAGFTGDTNTIYAESVKGRFTISRDNAKNTVYLQMSSLRAEDTAVYYCAADVQLFSRDYEFYWGQGTLVTVKP
seq4543,EVQLVESGGDLVQPGGSLRLSCAASGSIFSINDTGWFRQAPGKQRELVADIISRGVTNYADSVKGRFTISGDPAKNTVYLQMNSLKPEDTAVYYCNAHISTGWGRPHNNYWGQGTQVTVSS
seq4544,DVQLVESGGGLVQAGGSLRLSCESSISTFSSDAMGWFRQAPGKELEFLAAIGWSGAVTHYSDSVKGRFTISRDNAKNTVYLQMNSLRAEDTGRYYCAEDYDTDVWQYWGQGTQVTVSS
seq4545,QVQLQESGGGLVQAGGSLRLSCEVSGLSSDDYTIGWFRQAPGKKREGFSCFSSRDGSTGYADSVKGRFTISSDNAKNTVYLQMNSLKPEDTAVYYCAADFNVWSPPICGSRWYGPPPGGMDYWGKGTQVTVSS
seq4546,EVQLVESGGGLVQAGGSLRLSCAASGTISSINTMGWFRQAPGKEREFVAAIVKGFSWGSGSTIYADSVKGRFTISRDNAQNTMSLQMNSLELEDTAIYYCAHGRRSSGRSGYEYWGQGTQVTVSS
seq4547,EVQLVESGGGLVQPGGSLRLSCAASGFTLDYYAIGWFRQAPGKEREGVSCFPSRYSSDGSTYYADSVKGRFTISRDNAKNTVYLQMNSLKPEDAAVYYCAADPSDWTCNVLEYDYWGQGTQVTVSS
seq4548,EVQLVESGGGLVQPGGSLRLSCAASGSILSIAVAGWYRRQPGKERELVATISPGNNTHYVDSVKGRFTISRDNAKNTVYLQMTTLKPDDTAAYYCNAKGSILLNAFDYWGKGTQVTVSS
seq4549,EVQLVESGGGLVQAGGSLRLSCAASGRTFSSVAMGWFRQAPGREREFVATINWSGGRTTYADSVKGRFTISRDSAKNTVYLQMNSLKPEDTAVYYCAADRFSVVAVEYDYWGQGTQVTVSS
seq4550,QVKLQESGGGLVQPGGSLRLSCGATGIIFSINDMGWYRQAPGKQRELVAEITRGGSTNYADSVKGRFTISRDNAKNTVYLQMNSLNPEDTAVYYCNAAHTFSGSFWGQGTQVTVSS
seq4551,EVQLVESGGGLVQAGGSLRLSCAGSGFAFDDYAIGWFRQGPGKEREGVACISGKDGSTYYTDSVKARFTISSENAKNTAYLQMNNLKPEDTGRYFCVADPDGGCDSFTGATMMGYWAQGTQVTVSS
seq4552,EVQLVESGGGVVQTGASLRLSCAASGRTFSNYAMGWFRQAPGKERERVAAITPRAFTTYYADSVKGRFTISRDNAKNTAYLQMVSLKPEDTAVYYCAAQLVGSGSNLGRQESYAYWGQGTLVTVQS
seq4553,QVQLQESGGGLVQPGGSLTLSCAASGFFFSSYAMSWVRQAPGKGLEWVSSISAGGGTSYYADSVKGRFTISRDSAKNTLVLQMNSLKPEDTAVYYCAKKRQNFWSEGYDSWGQGTQVTVSS
seq4554,EVQLQASGGGLVEPGGSLRLSCAASESIWVNVMDWYRQAPGKQRELVAAITRGGVTNYADSVKGRFTISRDNAKNMMFLQMHSLLPEDTAVYYCHARTWRDYWGQGTQVTSP
seq4555,EVQLVESGGGLVQPGGSLTLSCVASGSTSSINAMAWYRRAPGKQRELVAGISSDGSKVYADSVKGRFTISRDNAKNSVYLQMNSLRAEDTAVYYCYYFRSVSGSSMRYWGQGTLVTVSS
seq4556,EVQLVESGGGLVQAGGSLRLSCAASGFTLDYYAIGWFRQAPGKEREGVSCISSRGGSTYYTDSVKGRFTISRDNAKNTVYLQMNSLKPEDTGVYYCAADPIHNCYSGRYYASPEAVYDYWGQGTQVTVSS
seq4557,VQLVESGGGLVQAGGSLRLSCAASILTYDLDYYYIGWVRQAPGKEREGVSCISSTDGATYYADSVKGRFTISRNNAKNTVYLQMNNLKPEDTAIYYCAAAPLAGRYCPASHEYGYWGQGTQVTVSS
seq4558,DVQLVESGGKVVQPGGSLRLSCSASGRTFSFSTSTMGWFRQAPGKELEFVAAIDWSDFNTYYADSVKGRFTISRHNPRNSVYLQLNSLKPEDTALYYCAAHSETRGGTRYFDRPSLYNYWGQGTLVKVSS
seq4559,VKLEESGGGLVQPGGSLRLSCTDSGRTFSVKPMGWFRQAPGMEREFVAAASFTGVSTFYADSVKDRFTIFRDKDKNTMDLQINSLKPEDTGAYYCAGTTRTLWGSKWRDVLEYEYWGQGTQVTVSS
seq4560,QVQLVESGGGLVQAGDSLRLSCAASGRTRTTYGMGWFRQAPGKEREFVTTITWSGSTNYKYYADSVKGRFTISRDNAKNTVYLQMNSLKPDDTAVYYCAASTVLTDPRVPTEYDYWGQGTQVTVSS
seq4561,QVQLQESGGGLVQPGESLRLSCAASGSMSIDAMGWYRQAPGDQRELVASITTGGSTNYADSVKGRFTISRDNAKNTVWLQMNSLKPEDTAVYYCNAKVRLRWFRPPSDYWGQGTQVTVSS
seq4562,EVQLVESGGGLVQPGGSLTLSCAASGSSVSFLSVAWYRQAPGKKRELVAGISRDGSTDYIDSVKGRFTISRDNAKNSVYLQMNSLRAEDTAVYYCYAYRWRTRYTYWGQGTLVTVSS
seq4563,VQLVESGGGSVQSGGSLKLSCAVSGSGYSYSRGCFAWFQQRPGKEREGVAIINSDGHTRYSDSVQGRFIISQDKAKNTLYLQMNSLKPDDAAMYYCAYDRNQCYVLLDRLRLPGTFSDWGQGTQVTVSS
seq4564,EVQLVESGGGLVQPGRSLTLSCAASTNIFSRSPMGWYRQAPGKQRELVAAIHGESTLYADSVKGRFTISRDNAKNSIYLQMNSLRPEDTALYYCNKVPWGRYHPGNVYWGQGTQVTVSS
seq4565,EVQLVESGGGLVQAGGSLGLSCSASGLLFSRNSAGWYRQAPGKQREFVARIRMGGSINYADTVKGRFTISRDNAKNTVYLQMNSLKPEDTAVYYCSSWRTGFYEYWGQGTQVTVSS
seq4566,VKLEESGGGLVQAGGSLRLSCAASGRAFSSYVMGWFRQAPGKEREIVGAISWRGGSTYYADSVKGRFTISRDNAKNTVYLQMNSLKPEDTAVYYCAAVYRVGAISEYSGTDYYTDEYDYWGQGTQVTVS
seq4567,ASGGGLVQPGGSLRLSCTSGVTLDTYAIGWFRQAPGKGREAVSCISGEDDTTYYVDSLKDRFTISRDNAKNTVSLQMNSLEPDDTAVYFCAASRGNFGSGWYCGNDPQYYGMDYWGKGTQVT
seq4568,VQLVESGGGLVQAGGSLTLSCTSSTLTFTPYRMGWYRQTPGKQRDLVADISPGDGSTKNYAGFAQGRFTISRDNIKNTVYLQMNDLKPEDTAVYYCNTYVAFVGRARTWGQGTQVTVTS
seq4569,EVQLVESGGGLVQAGGSLRLSCAASGFTFDDYAIGWFRQAPGKEREGVSGISSSDGNTYYADSVKGRFTISSDNAKNTVYLQMNSLKPEDTAVYYCAAEPPDSNWYLDGSPEFFKFWGQGTQVTVSS
seq4570,QVQLVESGGGSVQAGGSLRLSCAASGATYNLYCLGWYRQAPGKEREGVAHIGVHDGSTYYADSVKGRFTISQDNAQNTVYLQMNGLKPEDTAIYYCAQDRSCLPLGNRLCLLGPGDQVTVSS
seq4571,LQESGGGWVQPGGSLTLSCDASGSGFRGNVMAWYRQTPGKRRELVASITSDDRTNYADSVRGRFTISRDNAKNMMHLQMNSLKPEDTAVYYCHVDTGGPYGSRNPYWGRGTQVT
seq4572,EVQLQASGGGLVQAGGSLRLSCAVSGYTFSSHAMGWFRQTPGKDREFVSAISASGGNQYYKYFAKGRFTISRDNAKNTVDLQMNSLRPEDAAVYYCARATKQFSNAYSDYVHDYDYWGQGTQVTVSS
seq4573,QVQLAESGGGSVQPGGSLRLSCAASGFTFSSYTMSWVRQAPGKGIEWVSDINGGGDRTDYADSVKGRFTISRDNARNTLYLQMNSLQPEDTAVYYCAKDLSYVSGTYFANDWGQGTQVTVSS
seq4574,QVQLQESGGGLVQAGGSLRLSCAASGSIFSINTMGWYRQAPGKQRELVAAIHSGGSTNYADSVKGRFTISRDNAKNTVYLQMNSLKPEDTAVYYCNVKDYGAVLYEYDYWGQGTQVTVSS
seq4575,EVQLVESGGGLVQAGGFLRLSCELRGSIFNQYAMAWFRQAPGKEREFVAGMGAVPHYGEFVKGRFTISRDNAKSTVYLQMSSLKPEDTAIYFCARSKSTYISYASNGYDYWGRGTQVTVSS
seq4576,QVQLVETGGGLVQPGGSLRLSCATSGFPFSTERMSWVRQAPGKGLEWVSGITEGGETTLAAPSVKGRFNISRDNARNILYLQMNSLKPEDAAVYYCFRGVFFRTSFPPELARGQGTQVTVSS
seq4577,QVQLQESGGGLVQAGGSLRLSCAASGRTLNNYAMGWFRQAPGAEREFVGAISASGDSTDYTESVQGRFTISKDNAKSTVYLDMNSLKPEDTAVYYCAADRKTLTFYTSRLRSRYDYWGQGTQVTVSS
seq4578,KVQLVESGGGLVQPGGSLRLSCATSGTIFSNNAMGWYRQAPGKKRDLVASISSSGSTNYADSVKGRFTVSRDNDKNTGYLQMNSLKPEDTGVYYCTLDARRGWNTAYWGQGAQVTVSS
seq4579,EVQLVESGGGLVQPGGSLRLSCAASGRTFSDYIMGWFRQAPGKEREFVAVINRSGSTTYYADSVKGRFTISADNSKNTAYLQMNSLKPEDTAVYYCAAVQAYSNSSDYYSQEGAYDWGQGTLVTVSS
seq4580,EVQLVESGGGLVQAGGSLRLSCAASGSIASIHAMGWFRQAPGKEREFVAVITWSGGITYYADSVKGRFTISRDNAKNTVYLQMNSLKPEDTALYYCAGDKHQSSWYDYWGQGTLVKVSS
seq4581,EVQLVESGGGLVQAGGSLRLSCAASVRTFSNGAMGWFRQAPGKEREFVASISWSGGSTYYADSVKGRFTISGDNAKSTVYLQMNSLKPEDTAVYYCAVRGVAVTTILWNYWGQGTQVTVSS
seq4582,GLVQPGGSLRLSCAASGFTFDDYAMSWVRQAPGKGLEWVSAINWNGGGTYYAESMKGRFTISRDNAKNTLYLQMNSLKSEDTAVYYCAKEVVDGYYYGMDYWGKGT
seq4583,EVQLVESGGGLVQPGGSLRLSCAASGSIFSSTAMAWYRQAPGKRRDLVAAISTVGVTKYADSVKGRFTISRDNSKNTVYLQMNSLRPEDTAVYYCTSDPRRGWDTRYWGQGTLVTVSS
seq4584,EVQLVESGGGLVQAGGSLRLSCAASGIAFRYNSVAWSRQAPGSQREVVAGITNSARTNYADSVKGRFTISRDNDKKMVYLQMNSLKPEDTAVYYCGAGRSMAGDVAYWGQGTQVTVSS
seq4585,DVQLVESGGGVVQPGGSLRLSCSASGLLFSRNSAGWYRQAPGKQREFVARIRQGGSINYADSVKGRFTISRDNSKNTVYLQMNSLRPEDTALYYCSGWRTGFYEYWGQGTLVTVSS
seq4586,EVQLVESGGGLVQAGGSLRLSCAASGIISSFRTLAWYRQAPGKQRDWVATISSAGGTAYADAVKGRFTISISRDNVEYTVDLQMDSLKPEDTAVYYCRDINGDYWGQGTQVTVSS
seq4587,QVQLQESGGGSVQAGEALRLSCVGSGYTSINPYMAWFRQAPGKEREGVAAISSGGVYTYYADSVKGRFTISRDNAKNTMYLQMPSLRPEDSAKYYCAADFRRSGSWNVDPLRYDYQHWGQGTQVTVSS
seq4588,EVQLVESGGGLVQAGGSLRLSCVASGSTFSVNAIRWYRQAPGKQREWIASITDSSSTNYADSVKGRFTISRGDARNIGYLQMNSLKPEDTAVYYCNVMKNWDNYWGQGTQVTVSS
seq4589,QVQLQESGGGLVQAGGSLRLSCAVSGNTLSRYAMGWFRQTPGNEREFVAAIRWNNGATYYADSVEGRFTISRDNGKNTVYLQMNNLKPEDTAVYYCAGRFLGYASSNAYHEALYNYDYWGQGTQVTVSS
seq4590,EVQLVESGGGLVQAGGSLRLSCAASGNIFANNIMGWYRQPPGKEREFVAHVSHDGDSMYAVSVKGRFTISRKDATNLYLQMNSLKPEDTAIYFCRLLNIPTQGRMEGFWGQGTQVTVSS
seq4591,EVQLVESGGGLVQAGGSLRLSCAASVRTFSLSDMGWFRQAPGKEREFVGAINWLSESTYYADSVKGRFTISADNAKNTVYLQMNSLKPEDTAVYYCAAQGGVLSGWDWGQGTQVTVSS
seq4592,QVQLQESGGGLVQPGGSLRLSCAASGSDISIYEMGWYRQAPGKQRELVAAITSGGTTNYADSVKGRFTISRDNAKNTVYLQMNSLKPEDTAVYYCNAADFDLWEYDYWGQGTQVTVSS
seq4593,EVQLVESGGGLVQPGGSLRLSCAVSISIFDIYAMDWYRQAPGKQRDLVATSFRDGSTNYADSVKGRFTISRDNAKNTLYLQMNSLKPEDTAVYLCHVSLYRDPLGVAGGAGVYWGKGALVTVSS
seq4594,EVQLVESGGDLVQPGGSLRLSCAASGSIFSIDSMGWFRQAPGKQRELVADIISADVTNYADSVKGRFTISGDHAKNTVYLQMNSLKPEDTAVYYCNAHISTGWGRPHNNYWGQGTQVTVSS
seq4595,AVQLVESGGGLVQAGGSLRLSCAASGSIVSLATMGWYRQAPGNQRELVATMSSSGITSYAGSVKGRFTISRDNAKNTVDLQMNSLKPEDTAVYYCKYSSRWNIYWGQGTLVTVSS
seq4596,EVQLVESGGGLVQAGDSLRLSCAVSGSISGIKTIGWFRQFPGKERKLFGYYYWNGASTYLVDSVKGRFTISRDNAENTVYLQMNNLKPEDTAIYYCGAETEGHYDFEFWGQGTQVTVSS
seq4597,QVQLQESGGEVVAPGGSLSLSCVASGSADSIKIMGWYRQAPGKQRELVATITSGGTTEFAESVKGRFTISRDNAKNTLYMQMNSLSPEDTAVYYCNALVSRRDSAAYFAWGQGTQVTVSS
seq4598,QVQLQESGGGLVQPGGSLRLSCAASGVTLDDYAIGWFRQAPGKEREGVSCISSSNGYTYYEDSVKGRFTISRDNAKNTVYLQMNSLKPEDTAVYYCAASLFGVATMDPSYFGSWGRGTQVTVSS
seq4599,EVQLVESGGGLVQAGGSLRLSCAASRGTFTGDPMGWFRRAPGEQRELVARISSGGSTTNYADSVKGRFTISRDNAKNTVYLQMNSLKPEDTAVYYCNRVPGSLHYWGQGTQVTVSS
seq4600,DVQLVESGGALVQPGGSLRLSCAASGFPVNRYSMRWYRQAPGKEREWVAGMSSAGDRSSYEDSVKGRFTISRDDARNTVYLQMNSLKPEDTAVYYCNVNVGFEYWGQGTQVTVSS
seq4601,QLQVVESGGGLVQPGGSLRLSCAASGFTFSSNAMTWVRQAPGKGLEWVSAISSTGNSITEADSVKGRFTISRDNAKNMLYLQMNSLKPEDTAVYYCAKLGGDTWYMEYWGQGTQVTVSS
seq4602,EVQLVESRGGSVQAGASLRLSCAASGSIFSSNAMAWYRQAPGKQRDLVAVINTVGITKYADSVKGRFTISRDNAKNTVYLQMNSLKPEDTAVYYCTSDARRGWDTRYWGQGTQVTVSS
seq4603,EVQLVESGGGLVQPGGSLRLSCAASGRTFRRYAMGWFRQAPGKEREFVASINWGGGNTYYADSVKGRFTISADNSKNTAYLQMNSLKPEDTAVYYCAKTKRTGIFTTARMVDWGQGTLVTVSS
seq4604,EVQLVESGGGLVQPGGSLRLSCAASGRTFSDDTMGWFRQAPGKEREFVAAISWSGGTTRYADSVKGRFTISADNSKNTAYLQMNSLKPEDTAVYYCATDPPLFWGQGTLVTVSS
seq4605,EVQLVESGGGLVQAGGSLRLSCTASGRAFNMGWFRQAPGKEREFVAGVNWGGGSTKVADSVKERFTISRDYDNSPVYLQMNTLKPEDTAVYYCAATSRWYSAVYDLPTRYDYWGQGTQVTVSS
seq4606,DVQLVESGGGLVQPGGSLRLSCVASGSIFSINAMGWYRQAPGKQRELVAAISSGGSTYYADSVKGRFTISRDNSKNTVYLQMNSLRPEDTAVYYCNAAVDASRGLPYELYYYWGQGTLVTVSS
seq4607,EVQLVESGGGLIQPGGSLRLSCAASGSISSYNVMGWYRQAPGQGRDLVSHIASNGEIMYADSAKGRFTISRDNAKKTLYLQMNSLRPEDTAVYYCKLWVLGNDYWGQGTLVTVSS
seq4608,QVQLQESGGGLVQAGGSLRLSCAASGSTFSITYMAWFRQAPEKQRELVAEMSRRGSTFYADSVKGRFTISRDNTKNTVYLQMNSLEPEDTAVYYCSVGARRDEDDYVYWGQGTQVTVSS
seq4609,AVQLVESGGGLVQPGGSLRLHCAASGSIASIYRTCWYRQGTGKQRELVAAITSGGNTYYADSVKGRFTISRDNAKNTIDLQMNSLKPEDTAVYYCNADEAGIGGFNDYWGQGTQVTVSS
seq4610,EVQLVESGGGLVQPGGSLRLSCAASGFRLDYYAIGWFRQAPGKEREWVSCMGSSVRSTYYADSVKGRFTISRDNAKNTVYLQMNSLKPEDTAVYYCAAAPIFECPSGEIYDYWGQGTQVTVSS
seq4611,EVQLVESGGGLVQAGGSLRLSCAASGRTFSTYAMGWFRRAPGKEREFVAALKWSDDNTYYADSVKGRFTIFTDNTKNTVYLQMNSLKPEDTAIYICAADRAPGWGQGFLWDYWGQGTQVTVSS
seq4612,EVQLVESGRGSVQAGESLRLSCAASGSIFSSNAMAWYRQAPGKQRDLVAGINSVGITKYADSVKGRFTISRDNAKNTVYLQMNSLKPEDTAVYYCTSDPRRGWDTRYWGQGTQVTVSS
seq4613,VQLVESGGGLVQPGGSLRLSCQVSGFTFGDWVMSWFRQAPGKEREFVASITATSSLKYYADSVKGRFTISRDNVNNTLFLQMDRLKSEDTAVYYCRSPNYWGQGTQVTVS
seq4614,QVQLQESGGGLVQPGGSLRLSCEVSTDTFSSLAMAWFRQATGKEREFVAAISWSGASTVYGDSVKGRFTMTRDHPKKMVYLQMDNLKPEDTAVYYCAGDLDGRTWHGDDLEYDYWGQGTQVTVSS
seq4615,EVQLVESGGGLVQPGGSVRLSCAASGFTWDYYVIGWFRQAPGKEREGLSCISSDGSTTYADSVKGRFTISRDNAKNTVYLQMNSLKPEDTAVYYCATDPALGCYSGSYYPRYDYWGQGTQVTVSS
seq4616,QVQLVESGGGLVQPGGSLRLSCAASGEISSDAMAWYRQAPGKQRELVAGMTRGGSTNYADSVKGRFTISRDNSKNTLYLQMNSLRAEDTAVYYCNAEIYTGTFYPRSYWGQGTLVTVSS
seq4617,QVQLQQSGGGLVQAGGSLRLSCAASGSGRRVGYMAWYRQTPGKQRELVATISRAGATNYADSVKDRFTISRDNAKNTVYLQMNSLKPDDTAVYYCFASVFDAGTYWGQGTQVTVSS
seq4618,QVKLEESGGGLVQAGGSLRLSCAASGRAFSSYVMGWFRQAPGKEREIVGAISWRGGSTYYADSVKGRFTISRDNAKNTVYLQMNSLKPEDTAVYYCAAVYRVGAISEYSGTDYYTDEYDYWGQGTQVTVSS
seq4619,QVQLQESGGGLVQPGGSLTLSCTTSEFTLAYFGVGWFRQAPGKRRDWVAGITTDGITKYPDSLKGRFTISRDNAKNTVYLQMNSLKPEDTAVYYCNLWPPRASPSGRLYWGQGTQVTVSS
seq4620,EVQLVESGGGLVQPGGSLRLSCEASGFTWDYYVIGWFRQAPGKEREGLSCISSDGSTTYADSVKGRFTISRDNAKNTVYLQMNSLKPEDTAVYYCATDPALGCYSGTYYPRYDYWGQGTQVTVSS
seq4621,DVQLQASGGGLVQAGGSLRLSCAASGFKITHYTMGWFRQAPGKEREFVSRITWGGDNTFYSNSVKGRFTISRDNAKNTVYLQMNSLKPEDTADYYCAAGSTSTATPLRVDYWGKGTQVTVSS
seq4622,QVQLQDFGGGLVQAGGFLRFSCTASGRTLSNYGMGWFRQAPGKERDFVATISRSAYFTNYADSVKGRFTISRDNANYMVYLQMNILKPEDTAVYYCAARKLYSGAYNHTGGYDYWGQGTQVTVSS
seq4623,QVQLVESGGGLVHPGGSLRLACAASERILSFNVMGWYRQAPGQQREVVATITSVGRTYYADSVKGRFTIFKDNGKNTYLQMSSLKPEDTAVYYCKAVTVGDVDTEYWGQGTQVTVSS
seq4624,VQLVESGGGSVQAGGSLRLSCTTSHYVASNSCMAWFRQAPGKKREGVASISRRADITFYADSVKERFVISRDNSERTLYLQMNSLKPEDTAMYYCAADLSYCGLTEEGYNHWGQGTQVTVSS
seq4625,QVQLQESGGGLVQAGGSLRLSCAGSGFTLDYYGIGWFRQAPGKEREGVSCISSSDRNTYYADSVKGRFTISGDNAKNTVYLQMNNLKPEDTAVYYCAADGNVWSPPICGSAGPPPGGMDYWGKGTQVTVSS
seq4626,QVQLVESGGGSVQAGGSLTLSCVASGNIYCDYDMNWYRQAPGKEREFVSAIDSDGSTNYADSVKGRFTISQDNALDPVYLQMNGLKPEDTAMYICKFECYSTDYGGNVTAGPGLGYWGQGTQVIVSS
seq4627,EVQLVESGGGSVQAGGSLRLSCTASGYTFSERDLQWFRQAPGKEREGVAEIGLGWTQTYYADSVKGRFTISQDNAKNTVYLQMNNLKPEDTAMYYCAATRQAATQNERTFDYWGQGTQVTVSS
seq4628,EVQLVESGGGLVQPGGSLRLSCAASGFTFDDYAMSWVRQAPGKGLEWVSAISWNGGSTDYADSVKGRFTISRDNAKNTLYLQMNSLKSEDTAEYYCARDQGPFYSGTYYYTRQYGYRGQGTQVTVSS
seq4629,QVQLQESGGGLVQVGGSLRLSCAASGSTFSINNAMGWYRQAPGKRREWVAGISSGGVTHYPDSVKGRFTISRDNAKNIVYLQMDSLKPEDTAVYYCNLWPPRASPSGSIYWGQGTQVTVSS
seq4630,EVQLVESGGGLVQPGGSLRLSCAASGFTSRHYYIGWFRQSPGKEREGLSCISSREGSTNYADSVQDRFTISRDNTQNMFYLQMNSLKSEDTAVYYCAGRYSSCSGMPRDYNYWGRGTQVTVSS
seq4631,QVKLEESGGGSVQAGGFLRLSCAASGYAYSLNCMGWFRQAPGKARKELTAIVTGGGGAVYGDSVKDRFTISEDNAKNTVYLQMSSLKPEDTAIYFCAGSRFCSGNQEYDFGYWGQGTQVTVSS
seq4632,EVQLVESGGGLVQPGGSLRLSCAASGFTFSRMAMGWYRQAPGVERDFLAIISPGGGTNYADSVKGRFTISRDNAKNTVYLQMNSLKPEDTAVYYCNARNFEGRRVDYWGQGTQVTVSS
seq4633,QVQLQESGGGVVQAGDSLRLSCVASGRTFSSLDMGWFRQAPGKEREFVAGVSRSGISQYYADSMKGRFTISRDNAKNLVYLQMNSLKPEDTAVYYCAAALTFRGSDLPRDSNYWGQGTQVTVSS
seq4634,EVQLVESGGGLVQPGGSLRLSCAASGFAFDDYAIGWFRQAPGKERLGVSSISSTYGLTYYADSVKGRFTISSDNSKNTVYLQMNSLRPEDTAVYYCAATPIGLIGLDAYEYDYWGQGTLVTVSS
seq4635,VQLQESGGGLVQAGGSLRLSCAASGRAFSSYFMGWFRQTPGKEREFVANIGWTGDMTYYADSVKGRFTISRDNAKNTVYLQMNSLKPEDTAVYYCAAAGSAYSGSYWNITMAANYDYWGQGTQVTVSS
seq4636,QVQLQESGGGSAQAGGSLRLSCAASRYTSSSNAMGWFRQAPGKQREWVAGSDTGAGITCNAASVKGRFTISQDVAKNTVYLQMNSLKPEDTAVYYCAADWFRGAFCSGDADFRYWGQGTQVTVSS
seq4637,EVQLVESGGGLVQAGGSLRLSCETSGNTVDDYAMGWFRQAPGKEGEVVACISTSGYTDYADSGKGRFSISIDSNKMTLHLHMKRLKHADADLCYSTASVMCSSGTYYPGEENWREGTPVTVSS
seq4638,EVQLVESGGGLVQPGGSLRLSCAASGRTFISYAVGWFRQAPGKGREFVSGIRWSGIHTDYADSVKGRFTISRDNAKNTLYLQMNSLRPEDTAVYYCAAHRTIATIPEKYEYEYWGQGTLVTVSS
seq4639,EVQLVESGGGLVQAGGSLRLSCAASGRTFSSSFMAWFRQALGSDREFLGGISPGSRFTYYADSGKGRFTISRDNANNTVYLQMHSLKPEDTATYYCAADTEFSGYVQKESNDYDYWGQGIQVTVSS
seq4640,EVQLVESGGGLVQAGGSLRLSCAASGRTYSSYVIGWFRQAPGKEREFVASIRWAGGDSHYQESVKGRSTISKDNARNTVYLQMNSLKPEDTAVYYCAGAAPVPGQSYEWSSWGQGTQVTVSS
seq4641,EVQLVESGGGLVQAGGSLRLSCSASGLLFSVNSAGWYRQAPGKQRDFVARIRSGGSTNYADSVKGRFTISRDKATNTVYLQMNSLKPEDTAVYYCSSWRTGAYEYWGQGTLVTVSS
seq4642,EVQLVESGGGLVQTGASLRLSCAASGRTFSNYAMGWFRQAPGKERERVAAITPRAFTTYYADSVKGRFTISRDNAKNTAYLQMVSLKPEDTAVYYCAAQLVGSGSNLGRQESYAYWGQGTLVTVSS
seq4643,EVQLVESGGGLVQAGGSLRLSCVASRIPFSSRTMAWYRQAPGKQRDWVATISARGMPAYEDSVKGRFTVSRDNDKNTLYLQMNSLKPEDTAVYYCRDVNADYWGQGTQVTVSS
seq4644,EVQLVESGGGLVQPGDPLKLSCAFSGRTFSSYSMGWFRQAQGKEREFVVAISSSGGYIYDSVSLEGRFTISRDNTKNTVYLQTPSLKPEDTADYYCAASRAYGSSRLRLADTYDYWGQGTQVTVSS
seq4645,GGGLVQPGGSLRLSCAASGATLDTYIITWFRQAPGKEREAVSCINRSGSTTYSDSVKGRFTISRDNAQKTVYLQMNSLNPEDTAIYYCAADASYRTCGGSWWNWAYWGQGTQVTVSS
seq4646,QVQLVESGGGLVQAGGSLRLSCAASGRTFSSYAMGWFRQAPGKEREFVAAIHWNGASTYRYSADSVKGRFTISRDNAKNTVYLQMNSLKPEDTAAYYCAASPPPTVGDVRDPANYDSWGQGTLVTVSS
seq4647,QVQLVESGGGLVQAGGSLRLSCAASGSTSNINIMAWYRQALGKPRELVANKARGGLPKYADFAKGRFTISRDNAKNAVYLQMNSLKPEDTAVYYCNAVEDWRLGDYWGQGTQVTVSS
seq4648,QVQLQESGGGLVQPGGSLRLSCAASGRFFRVNAMGWYRQAPGKQRELVAAITNGGQTAYADSVKGRFTISKESARNTVHLQMSSLKPEDTAVYYCTIWAADYQQYWGQGTQVTVSS
seq4649,QVQLQESGGGSVQAGGSLRLSCAASGLTFSSYAMAWFRQAPGKQRELVARITSGGTTDYADSVKGRFTISRDNAKNTMYLQMNSLKPEDTAVYYCAADLTYRNLLLKLPHYWGQGTQVTVSS
seq4650,QVQLQESGGGLVQPGESLRLSCAVSGSTSSLNAMAWYRQAPGKRRELVAGISGGGATNYPDSVKGRFTISRDNAKNTVYLQMSSLKPEDTAVYYCNLWPPRASPGGGVYWGQGTQVTVSS
seq4651,EVQLVESGGGLVRAGTSLRLSCADSARTFSSAAMGWFRQAPGKEREFVSAISPIGSSKYYADSVKGRFTISRDNAKNTVYLQMDSLKPEDTAVYYCAASSYGSTYYSQGRAYYYDYWGQGTQVTVSS
seq4652,DVQLVESGGGLVQAGGSLRLSCAASGRTFSSYAMGWFRQAPGKEREFVAAISWSGGSTYYADSVKGRFTISRDNAKNTVYLQMNSLKPEDTAVYYCAAGPNYSWFMPSSSRLIWGQGTLVTVSS
seq4653,VQLQESGGGLVQAGGSLRLSCAASGRTFSSYTMGWFRQAPGKEREFVAFIDWSGGGTYYDDSVKGRFTISRDNAENTVYLQMNNLEPEDTAVYYCAAAQRLGSVTDYTKYDYWGQGTQVTVSS
seq4654,QVQLQESGGGLAQPGGSLQLSCAASGRAFSTNSMGWYRQASGKQRELVAAITSQGRITLADSVKGRFTISSDNTKNTVFLQMNSLKPEDTAVYYCNAWTTLGTFGGQGTQVTVSS
seq4655,QLQASGGGFVQPGGSLRLSCAASGDTFSDDVMGWFRQAPGKEREFVSAISDWPTTQSYYADSVKGRFTISRDNSKNTVYLQMNSLRAEDTATYYCAQANGDHSYPLWKYGNMYWGQGTQVTVSS
seq4656,LQESGGGLVQAGGSLRLSCAASGRTDTMTWFRQAPGKEREFVASISWIDNTNYADSVKGRFTVSRDYTKNTMYLQMNNLAPEDTAVYYCAAADHGSRWWRQMADATTYDYWGQGTQVT
seq4657,EVQLVESGGGLVQAGGSLRLSCAASGRTFSSYVMGWFRQAPGKEREFVAAIRWSGGSTYYADSVKGRFTISRDNAKNTVYLQMNSLKPEDTAVYYCAADLLGDSDYEPSSGFGSWGQGTQVTVSS
seq4658,EVQLVESGGGSVQAGGSLRLSCTASGRPFDNYAMAWFRQAPGKEREFVAAISWSLSRTHYADSVKGRFTISRDNAKNTAFMQMSSLKPEDTAVYYCAAAPRPKYVSVRYFTTSSNYDYWGQGTQVTVSS
seq4659,LQESGGGLAQPGGSLRLSCVASGVTLDLYAIGWFRQAPGKKREWVSCISSSDGTPYYADSVKGRFTISRDNAKDTVYLQMNSLKPEDTAVYYCAASTLRDYSDNYYFPHDYEYDYWGQGTQVT
seq4660,QVQLVESGGALVQPGGSLRLSCAASGFTFSNAYMFWVRQAPGKGLEWVSTIRPAGGLTTYATSAKGRFTASRDSAKNALYLQMDSLKPEDTALYFCARYTRDVNIALIPMSPNFWGQGTQVTVSS
seq4661,EVQLVESGGGSVQAGGSLRLSCAASKTTDIFAYMAWFRQAPGKEREGVAAAYTGLGFTYYADSVKDRFTISRDNAKNTVYLQMNSLKPDDTAMYYCAATSGALGGSKLRREGYNFWGQGTQVTVSS
seq4662,QVQLQESGGGLVQPGESMTLSCAVSVRLSSITTMGWYRQAPGKQREMVASIRRGGSTAYLDSLKDRFTISRDNTKNTVNLQMNSLKPEDTAIYYCNAKILLVASSEDYWGQGTQVTVSS
seq4663,EVQLVESGGGVVQPGGSLRLSCAASGGTFSFYGMGWFRQAPGKEQEFVADIRTSAGRTYYADSVKGRFTISRDNSKNTVYLQMNSLRPEDTALYYCAAEMSGISGWDYWGQGTLVTVQS
seq4664,EVQLVESGGGLVQAGGSLRLSCAASGFTLDDYAIGWFRQAPGKEREGVSCISSSDGSTYYADSVKGRFTISADNAKNTVYLQMHSLKPEDTAVYYCAAGLRGRYYSGSNYLVCAPYEYDYWGQGTQVTVSS
seq4665,EVQLVESGGGEVQPGGSLRLSCAASGSIFSINAMGWYRQAPGKQRELVAVVSSDARTTVAPSVKGRFTISRDNAKNTVYLQMSSLRAEDTAVYYCGVREWYSDSDWRDYEGQGTLVTVKP
seq4666,VQLVETGGLVQPGGSLRLSCAASGLTFSSTAMAWFRQAPGKEREFVARISGAGITIYYSDSVKDRFTISRNNVENTVYLQMNSLKTEDTAVYYCAARRNTYTSDYNIPARYPYWGQGTQVTVSS
seq4667,HVQLVESGGGLVQPGGSLRLSCVASGSIASVATMAWYRQAPGQQRELVAGITRGGSTKYADSVKGRFTISRDNAKNTLYLQMNSLKPEDTAVYYCTDYSRGYYQDYWGQGIQVTVSS
seq4668,EVQLVESGGGLVQPGRSLRLSCAAAGFTFSTYWMYWIRQAPGKGLEWVATITSLGGSQWYVDSVKGRFTISRDNAKNTLYLQMNSLKPEDMAQYYCVRGGLYGYDYEHWGQGTQVTVSS
seq4669,QVQLQDSGGGLVQPGGSLKLSCAASGFTFSNYEMSWVRQAPGKGLEWVSSINNGGDITYYANSVKGRFTISRDNTKNTLYLQMNSLKSEDTAVYYCKVPNRRLRGPGTQVTVSS
seq4670,QVQLVESGGGSVQSGGSLRLSCAASGFTYGTYAMSWFRQTPGKEREGVACIDIYGRTSYTDPVKGRFTISQDNAKNTLYLQMNSLKPEDTAMYYCAARDFGYCTASWVHEGFSRYWGQGTQVTVSS
seq4671,QVQLQESGGGLVQAGGSLRLSCAASGFIFRAASMDWYRQFPGNERESIATISSGGFTNYADSVKGRFTISRDNAKNTVYLQMNSLKPEDTAVYFCGATFLRSDGHHTINGQGTQVTVSS
seq4672,EVQLVESGGGLVRAGGSLRLSCAASGRTFSGYVAGWFRQAPGKEREFVAAISWSGITYYGDSVKGRFTIARDNSKNGVYLQMNSLKPEDTAVYYCGAGKGYYKDYRGYDYWGQGTQVTVSS
seq4673,QVQLQESGGGLVQAGGSLRLSCAVSGNTLSRYAMGWFRQTPGKEREFVAAIRWNEGATYYADAVEGRFTISRDSGKNTVYLQMNNLKPEDTAVYYCAGRFLGYASSNAYHEALYNYDYWGQGTQVTVSS
seq4674,QVQLQESGGGLVQPGGSLRLSCAASRSFFSFNAMGWYRQAPGKQRELVAAITNGGRIAYGTSVMGRFTISRDNAKNTVYLQMDSLKPEDTAVYYCNAKPAPVYGSTVGDYWGQGTQVTVSS
seq4675,QVQLQESGGGLVQPGGSLRLSCATSGFSLDYYPIAWFRQAPGKEREGLSCVSSSDGGTYYGDAAKGRFTMSRDSAENTVTLHMNSLKPEDTAVYYCATSKRYWRNCDVTDYDYHYWGQGTQVTVSS
seq4676,EVQLVESGGGLVQVGDSLRLSCAASGRTFSTYLMVGWFRQAPGKEREFAAVIWSSGDTDYADSVKGRFTISRDNAKNTVYLQMNSLKAEDTAVYYCAGSYGGNYYIPGFYKDWGQGTQVTVSS
seq4677,QVQLVESGGGLVQPGGSLRLSCAASGSALIINAMGWYRQAPGKQRELVATVTRSGRTNYADSVKGRFTISRDNSKNTLYLQMNSLRAEDTAVYYCNVALWIADGEYDYWGQGTLVTVSS
seq4678,EVQLVESGGGLVQAGGSLRLTCTASETSFDINVMGWYRQAPGKQRELVAIITASGNTEYADSAKGRFTISRDNTKNTVAMQMNNLKPDDTAVYYCYVLLSGAVSGVYAHWGQGTQVTVSS
seq4679,EVQLVESGCGLVQPGGSLRLSCAASGFTFDDYGMSWVRQAPGKALEWVSAISWNGNNTYYTESMKGRFTISRDNAKNTLYLQMNSLRPEDTAVYYCVKGSTAIVGVPPTYPDEYDYWGQGTLVTVSS
seq4680,EVEVVASGPGLVKPSQTLSLTCTVSGDSITTTFSHWTWIRQSPEKGLEWMGAIGYGGSIYYSPSFKSRTSISRDTSRNQFTLHLSSVTPEDTAVYYCARLPHSSGYAKFGHLDYWGQGTQVTVSS
seq4681,EVQLVESGGGSVQAGESLRLSCAASGSIFSSNAMAWYRQAPPGKQRDLVALINSVGITKYADSVKGRFTISSDNAKNTVYLEMNSLKPEDTAVYYCTSDGRRGWDTRYWGQGTQVTVSS
seq4682,QVQLQESGGGLVQPGGSLRLSCAASGSVINFNFMRWYRQVPGNQREWVAIINSGGSTYYRDSVKGRFTISRDNAKNTVYLQMNSLKPEDTAVYYCNAENTWGQGTQVTVSS
seq4683,EVQLVESGGGLVQPGGSLRLSCAASGRTFSYNPMGWFRQAPGKGRELVAAISRTGGSTYYPDSVEGRFTISRDNAKRAVYLQMNSLRAEDTAVYYCAAAGVRAEDGRVRTLPSEYTFWGQGTQVTVSS
seq4684,EVQLVESGGGLVQPGGSLRLSCAASGLTLDYYALGWFRQAPGKEREGVSCISSSDHTTTYADSVKGRFTISWDNAKNTLYLQMTSLKPEDTAVYYCAADPALGCYSGSYYPRYDFWGQGTQVTVSS
seq4685,VHLMESGGGSVQAGGSLTLSCAASVFTDSNYCMAWFRQVPGKEREGVAIIDRYGGTMYKDSVKGRFTISKDTAKNILYLQMNSLKLEDTAMYYCAAAGYRGSSCDADSGYWGQGTQVTVSS
seq4686,QVQLQDSGGGLVQPGGSLRLSCAASGFTLDYYAIGWFRQAPGKEREGVSCISSSDGSSDGYTYYADSVKGRFTISRDNAKNTVYLQMNNLKPEDTAVYYCAARLFGVATTDPSYFDSWGQGTQVTVSS
seq4687,LQESGGGLVQAGDALTLSCAASGRSVDNYAMGWFRQAPGKELEFVAAISWSGSRTEYADSVKGRFTISRDNANGMVYLRMSSLRPEDTAVYYCAAERGTYFAGRSQDEYDDWGRGTQVT
seq4688,GSLRLSCAASGRTSGSYAIGWFRQAPGKEREFAAAISFTAGVTYYSNSVKGRFTISRDSAKNTAYLQMNTLKPEDTAVYYCATLPSLVLILTAKPNIGYWGQGTQVTVSS
seq4689,QLQASGGGFVQPGGSLRLSCAASGATSGGTVMGWFRQAPGKEREFVSAISRSQTKATYYADSVKGRFTISRDNSKNTVYLQMNSLRAEDTATYYCAPMEHEALKQHPLYWGQGTQVTVSS
seq4690,EVQLVESGGGLVQPGGSLRLSCAASGFTFDDYGMSWVRQAPGKALEWVSAISWNGNNTYYTESMKGRFTICRDNAKNTLYLQMNSLRPEDTAVYYCVKGSTAIVGVPPTYPDEYDYWGQGTLVTVSS
seq4691,QVKLEESGGGSAQTGGSLRLTCAASGRTSRSYGMGWFRQAPGKEREFVSGISWRGDSTGYADSVKGRFTISRDNAKNTVDLQMNSLKPEDTAIYYCAAAAGSAWYGTLYEYDYWGQGTQVTVSS
seq4692,EVQLVESGGGLVQPGGSLRLSCVASGFSLDDYGMTWVRQAPGKGLEWVSSINWSGTHTDYADSVKGRFTISRDNAKNTLFLQMNSLTPEDTAVYYCNQGWKILPAERRGHGTPVTVSS
seq4693,EVQLVESGGGLVQPGGSLRLSCAAPKIFSTAPMNWFRQAPGKQRELVAGISSGGSTMYADSVKGRFTISRDSAKNTLDLQMNSLKPEDTAVYYCNAEWAPLGPRSRVDYWGQGTQVTVSS
seq4694,QVQLVESGGGLVQPGGSLRLSCAASGFTFSSYAMSWVRQAPGKGLEWVSDINSGGGSTYYADSVKGRFTISRDNAKNTLYLQMNSLKPEDTAVYYCATGGKYGSTWYGQIEYDYWGQGTQVTVSS
seq4695,EVQLVESGGGLVQPGRSLTLSCAASTNISSISPMGWYRQAPGKQRELVAAIHGFDTLYADSVKGRFTISRDNAKNSIYLQMNSLRPEDTALYYCNKVPWGDYHPRNVYWGQGTQVTVSS
seq4696,SGPGLVKPSQTLSLTCTVSGGSITASHYYWSWIRQPPGKGLEWMGTIRYSGITYYSPSLKSRTSISRDTSTNQFHLQLSSVTPEDTAVYYCARDSGSFYGFVKYDYWGQGTQVTVSS
seq4697,QLQLVESGGGLVQPGGSLRLSCAASGFTFDDYAMSWVRQAPGKGLEWVSAISWNGGSTYYAESMKGRFTISRDNAKNTLYLQMNSLKSKDTAVYYCARRRYGLGSEYDYWGQGTQVTVSS
seq4698,DVQLVESGGGLVQPGGSLRLSCAASRSIGRLDRMGWYRHATGEPRELVATITGGSSINYGDFVKGRFTISRDNSKNTVYLQMNSLRPEDTAVYYCNFNKYVTSRDTWGQGTLVTVSS
seq4699,EVQLVESGGGVVQAGESLRLSCAASGRSFSNYEMGWFRQAPGTEREFVAAISRRRSSTYYADSVKGRFTISRDNAKNTVYLQMSSLKPEDTAVYYCAAGALFPSSRSRDYDYWGQGTQVTVSS
seq4700,EVQLVESGGGSVQPGGSLRLSCAASGSVHKINFLGWYRQAPGKEREVVATITIGDATDYADSAKGRFTISRDEAKNMVYLQMNSLSPEDTAVYFCRAGSRLYPYNYWGQGTQVTVSS
seq4701,EVQLVESGGGLVQPGGSLRLSCAASGFTFDDNAMGWFRQAPGKERELVAAISTSGSNTYYADSVKGRFTISADNSKNTAYLQMNSLKPEDTAVYYCAAELREYGYWGQGTLVTVSS
seq4702,EVQLVEFGGGLVQAGGSLRLSCAASGRAFSTNPMGWFRQSPGKEREFVGAVRWSDGSTYSADSVKGRFTVFRDNAKNTVYLQMNSLKSEDTAVYYCAAGRPWSAYHSPKEYVYWGQGTLVTVSS
seq4703,QVQLQESGGGLVQAGGSLRLSCAASGITFRRKAIGWYRQAPGKQRELVARIDSDDITDYADSVKGRFSISRDNAKNTVYLQMNSLKSEDTAVYYCNLRGSNYWGQGTQVTVSS
seq4704,QVQLQESGGGLVQAGGSLRLSCAVSGNTLSQYAMGWFRQAPGNEREFVAAIRWNNGNTYYADSVEGRFTISRDSAKNTVYLQMNSLQPEDTAVYYCAARFLPYASSNAYHETLYNYDYWGQGTQVTVSS
seq4705,EVQLVESGGGLVRHGDSLRLSCAASRRTTSVYATGWFRQAPGKEREFVAAISWSGGYTNYADSVKGRFTISRDNAKDTVFLQMNSLKPEDTAVYYCAADRNPYRGSNNANAYDYWGQGTQVTVSS
seq4706,EVQLVESGGGLVQAGGSLRLSCEDSGRTFGDYIMGWFRQAPGKERDFVAAISWTGDSTYYKYYSDSAKGRFTASRDNAKNTAYLQMNGLKPEDTAVYYCAARTFRIDYDPRTASTYNYWGQGIQVTVSS
seq4707,DVQLVESGGGSVQAGGNLTLSCEASGYTLASDLMGWFRQAPGEEREGVAALNTVGVTTWYADSVKGRFTISQDNNKNTVYLRMNNLKPEDTAMYYCSASFSGGRWSDRSRYKSWGQGTQVTVSS
seq4708,EVQLVESGGGLVQPGGSLRLSCAASGFTFGDSDMSWVRQAPGEGPEWVAGINSGGGSTVYADSVKGRFTISRDNAKNMLYLQMNSLKPEDTAVYLCAQGLMAEVTAGYWGQGTQVTVSS
seq4709,EVQLVESGGGLVQPGGSLRLSCVASGFSLDDYGMTWVRQAPGKGLEWVSSINWSGTHTDYADSVKGRFTISRDNAKNTLFLQMNSLTPEDTAVYYCNQGWKIIPTDRRGHGTQVTVSS
seq4710,LQQSGGGLVQAGDSLRLSCTYSGVGFSVTNLGWFRQAPGKEREFVASMMWSGGSDYVDSVKGRFTISRDNAKNTATLQMNSLKPEDTAVYFCAAQAAGLSRDAHEYKYWGQGTQVT
seq4711,EVQLVESGGGLVQPGGSLRLSCAASGRTFSSYRMGWFRQAPGKEREFVAAITATGVRTYYADSVKGRFTISRDNAKNTVYLQMNSLRPEDTAVYYCAARRKAIFSVQQALTITDYDDWGQGTLVTVSS
seq4712,QVQLVESGGGLVQAGESLRLSCAASGDVFDIGTMAWYRQPPGKQRELVASITMGGSTDVADSAKGRFTISRDNAKNTVYLHMDSLKPEDTAVYYCNAQFFWPKRHDYWGQGTQVTVSS
seq4713,QVQLVESGGGSVQAGGALTLSCGVSGFIRSPYCMAWFRQAPGKEREGVAVINNDGDITNYADSVKGRFTIIRNNAKNTAHLQMDRLKPEDTASYYCAAVRYTGAGDCCLRSRTYADWGQGTQVTVSS
seq4714,EVQLVESGGGSVQAGDSLRLSCAASGRTFGSIRVGWFRQTPGKEREFVAAINRNDGTTYYADSVKGRFTISRDNAKNTVYMQMASLKPEDTAVYYCAAGLQYNRSADRVPVGAVYWGQGTQVTVSS
seq4715,QVKLEESGGGSVQTGGSLRLTCAASGRTSRSYGMGWFRQAPGKEREFVSGISWRGDSTGYADSVKGRFTISRDNAKNTVDLQMNSLKPEDHAIYYCAAAAGSAWYGTLYEYDYWGQGTQVTVSS
seq4716,KVQLVESGGGLVQAGGSLRLSCAASERTFSSYAMGWFRQAPGKERAFVAAINWSGVSTYYEDSVKGRFTISRDNAKNTVYLQMNSLLPEDTAVYYCAAAARPSRLPLGEYDYWGQGTQVTVSS
seq4717,EVQLVESGGGLVQPGGSLRLSCAASGGTFSRYAMGWFRQAPGKEREWVSAVDSGGSTYYADSVKGRFTISADNSKNTAYLQMNSLKPEDTAVYYCAASPSLRSAWQWGQGTLVTVSS
seq4718,EVQLVESGGGLVQPGGSLRLSCAASGVTLDYYAIGWFRQAPGKEREGVSSISSNDGSTFYADSVKGRFTISRDKAKNTVYLQMNSLKPEDTAVYYCAATYLTAQAVGVPVAYYEFDYWGQGTQVTVSS
seq4719,QVQLQESGGGLVQPGGSLRLSCAASGSIATIGDMGWYRQVQGTQRELVAVIRRGGTIHYADFVKGRFIISKDNAKNTIDLQMNSLKPEDTAVYYCAAERIKVGGRMLIYWGQGTLVTVSS
seq4720,EVQLVESGGGVVQPGGSLRLSCAASGRTFNNYAMGWFRQAPGKEREFVAAITRSGVRSGVSAIYGDSVKDRFTISRDNAKNTLYLQMNSLRPEDTALYYCAASAIGSGALRRFEYDYSGQGTLVKVSS
seq4721,QVQLVESGGGLVQAGGSLRLSCAASGGIFSGGRMGWFRQAPGKEREFVAAVITRGGSTYYADSVKGRFTISRDNAKNTVYLQMNSLKPEDTAVYYCAASEVTYDEGHYIGTKSTYDTWGQGTQVTVSS
seq4722,VQLQQSGGGLVQPGGSLRLSCVASESTVSINIMGWYRQAPGKQRELVATITTGGTTNYADSVKGRFTISRDNAKNTVYLQMNSLEPEDTAVYYCNLKRRDLQARFGGYWGQGTQVTVSS
seq4723,QVQLQESGGGSVQAGGSLRLSCVASEYSYRRNCMAWYRQAPGKEREGVARISTAYDITYYADSANGRFTISQDKAKKTVYLQMNSLKPEDSAMYYCSVSTGSDCYSMSLPRMDYWGKGTQVTVSS
seq4724,EVQLVESGGGLVQPGGSLRLSCAASGNIKSIDVMGWHRQAPGKERELVSDISFGGNTNYANSVKGRFTISRDNAKNTVYLQMNSLKPEDTAVYYCYADILYKTDIYYRNDFWGQGTQVTVSS
seq4725,EVQLVESGGRLVKAGASLRLSCAASGRTFSSLPMAWFRQAPGKEREFVAFIGSDSSTLYTSSVRGRFTISRDNGKNTVYLQMMNLKPEDTAVYYCAARSSAFSSGIYYREGSYAYWGQGTQVTVSS
seq4726,EVQLVESGGGVVQAGESLRLSCAASGRSFSNYEMGWFRQAPGTEREFVGSINLRGSSTYYADSVKGRFTISRDNAKNTVYLQMSGLKPDDTAVYYCAAGWLYPSSRSRDYDYWGQGTQVTVSS
seq4727,QVQLQESGPGLVKPSQTLSLTCTVSGGSITTRYYAWSWIRQPPGKGLEWMGVIDYDGDTYYSPSLKSRVTISVDTSKNHFSLKLSSVTAEDTAVYYCATDPDVVTGFHYDYWGQGTTVTVSS
seq4728,EVQLQASGGGLVQAGGSLRLSCVASGRTFGSYTMGWFRQAPGKQRELIARINSAGRTMYADSVKGRFTISRDNAKSTVYLQMNSLKPEDTAVYYCAAGTVLSVATGPYGYWGQGTQVTVSS
seq4729,EVQLVESGGGLVQAGGSLRLSCAASGRPFSNYGMGWFRQAPGKKREFVAGISWSGGSTDYADSVKGRFTISRDNAKNTVYLQMNSLKPEDTAVYYCAAVFSGAETAYYPSDDYDYWGQGTQVTVSS
seq4730,EVQLVESGGGLVQAGGSLRLSCVASRRTFNSYAVGWFRQVPGEERDFVAAISTGSVTIYADSVKGRFTISRDNAKNTVYLQMNSLKPEDTAVYYCAAGNREPYLRQYTASNPYDYWGQGTQVTVSS
seq4731,QVKLEESGGGSVQAGGSLRLSCVASGYVSSYYIGWFRRAPGKEREGVAAIVSGGDSTYYADSVKGRFTISQDNAKNTVYLQMNSLKPEDTAIYYCAAEGPTNIAAIYWGRAFGYWGQGTQVTVSS
seq4732,EVQLVESGGGSVQPGDSLRLSCAASGRANSINWFGWFRQTPGKEREFVAGIRWSDAYTEYANSVKGRFTISRDNSKNTVDLQMNSLRPEDTAVYYCVLDLSTVRYWGQGTLVTVSS
seq4733,EVQLVESGGGLVQPGGSLRLSCAASGFTLDYYNIGWFRQAPGKEREWVSCISSSDGRTNYVDSVKGRFTMSRDNAKNTVYLQMNSLKPEDTAVYYCAAPFNYYSNLCGVNGVDYWGQGTQVTVSS
seq4734,VQLQESGGGLVQPGGSLRLSCTASGFTFDDPDVGWFRQAPGNECELVSTISKDGSTYYTDSVKGRFTISRDYAKNTVYLQMNSLRAEDTAVYYCAADSNPIAPIRTCLGWYNYWGQGTLVTV
seq4735,EVQLVESGGGAVQPGGSLRLSCAASGIRISRNMMGWFRQAPGKQRDLVARITPGGDTYYVDSVKGRFSISKDNAKNTVYLQMNSLKPEDTAVYYCNSYSTLGSWGQGTQVTVSS
seq4736,QVQLQESGGGLVQAGGSLRLSCAASASIFSIDVMGWYRQAPGKQRELVAQITRGGSTNYAAFVKGRFTISRDNSKKTLYLQMNSLKPEDTAVYYCRAEGIPETLGSRWGQGTQVTVSS
seq4737,EVQLVESGGGVVQPGGSLRLSCAASGRTFRHYAMGWFRQAPGKEREFVAAISSYGSTDYGDSVKGRFTISRDDAKNTVPLQMNSLKPEDTAVYYCAAADETLGAVPNFRLHEKYEYEYWGQGTLVTVKS
seq4738,QVQLQDSGGGLVQAGDRLSLSCAASGRTFSSYDMAWFRQAPGKEREFVAAITTSEGTWYGDAGKGRFTIARVNAKNTVYLHMNRLKPEDTAVYYCAASNQGGSLQISTNYNYWGQGTQVTVSS
seq4739,EVQLVESGGGLVQAGGSLRVSCAASGSIFAFNYMGWFRQAPGKEREFVAAIRWSGSSTYYADSVKGRFSISRDDAKNTVYLQMNSLKPEDTAIYYCALRKGTPYSTSYRVIKAVNDYEYWGQGTQVTVSS
seq4740,EVQLVESGGGLVQPGGSLTLSCVASGSTSSINAMGWYRRAPGKQRELVAGISSDGSKVYASSVKGRFTISRDNAKNSVYLQMNSLRAEDTAVYYCYYFRTVRGSSMRYWGQGTLVTVSS
seq4741,EVQLVESGGGLVQPGGSLTLSCAASGSVFSVNAMGWHRQAPGKERELVAQLTVFGSLNYADSVKGRFSISKDSAKNTVLLQMNSLKPEDTAVYSCNLRQYESDRWRDYWGQGTQVTVSS
seq4742,EVQLVESGGGLVQAGGSLRLSCTGSRNIFSTYAMAWHRQAPGKQRELVGFIYWGGTTSYVDSVKGRFTISRDNAKNTMYLQMNSLKPEDAAVYYCNIYGSYALPWGQGTLVTVSS
seq4743,EVQLVESGGGLVQPGGSLRLSCAASGFTFSSYWMYWVRQAPGKGLEWISALAPGGGNRYYAESVNGRFTISRDNAKNSLYLQMNSLKSEDTAVYYCAKDHNVGYRTGEYDYGGQGTQVTVSS
seq4744,EVQLLESGGGLVQPGGSLTLSCAASGTMSAINALNWYRQAPGKERKMVAAITDNGNAHYADSVKGRFTISRDNARNMVFLQMNSLEPDDTAVYYCHYLEEKLGAWVDYWGQGTQVTVSS
seq4745,QVQLQESGGGLVQAGGSLRLSCATSGGTFSRYAMGWFRQAPGKERELVATIRRSGSSTYYLDSTKGRFTISRDNAKNTVYLQMNSLKLEDTAVYYCAADSSARALVGGPGNRWDYWGQGTQVTVSS
seq4746,EVQLVESGGGLVQPGGSLRLSCAASGSVHKINFLGWYRQAPGKERELVATITIGDTTDYADSAKGRFTISRDEAKNMVYLQMNSLKPEDTAVHFCRAGSRLYPYNYWGQGTQVTVSS
seq4747,QVQLQESGGGSVQPGGSLSLSCSASGIIFSDYALTWYRQAPGKQREWVAQITRSQNINYTGSVKGRFTVSRDNAKNTVHLQMNSLKPEDTAVYYCHAYDGRRRTYWGQGTQVTVSS
seq4748,EVQLVESGGGLVQPGGSLRLSCAASGFTSDDYAIGWFRQAPGKEREGVSCISSSDGITYYADSVKGRFTISRDNAKNTVYLQMNSLKPEDTAVYYCATGNRRIYYSDYALACFPYEYDYWGQGTQVTVSS
seq4749,QVQLQESGGGLVQPGGSLRLSCAASGFSFNIYAMSWVRQAPGKQFEWVSGIHPNGRSTYYTDSVKGRFTISRDNAKNTLYLQLDSLKTEDTAMYYCAKGVLTKYVGGARGQGTQVTVSS
seq4750,QVQLQESGGGLVQAGGSLRLSCAVSGNTLSRYAMGWFRQAPGNEREFVAAIRWNNGNTYYADSVKGRFTISRDSAKNTVYLQMNSLQPEDTAVYYCASRFLPYASSNAYHEALYNYDYWGQGTQVTVSS
seq4751,EVQLVESGGGLVQPGGSLRLSCAASGFTFDDYGMSWVRQAPGKALEWVCAISWNGNNTYYTESMKGRFTISRDNAKNTLYLQMNSLRPEDTAVYYCVKGSTAIVGVPPTYPDEYDYWGQGTLVTVSS
seq4752,VQLVETGGLVQPGGSLRLSCTASGFTLGHHRVGWFRQAPGKEREGVACISATGLSSHYSDFVIGRFTVSRDNDNNVVYLQVNGLKPEDTAVYYCASRFSLNSVDANMCLSEPQYDNWGQGTPVRISS
seq4753,QVQPVESGGGSVQAGETLRLSCTASGFTFAEADMGWYRQAPGHECELVSTITTEGITSEASSYYADSVRGRFTISRDNAKNMVYLQMNSLKPEDTAVYYCAPDPYAYSTYSDYCTWAQGAQGTLVTVSS
seq4754,QVQLQESGGGLVQPGGSLRLSCEASGFTFTSRFGMGTWVRQAPGKGVEWVSGISSLGDSTLYADSVKGRFTISRDNAKNTLYLQMNSLKPEDTAVYYCTIGGSLNPGGQGTQVTVSS
seq4755,QVQLVESGGGLVQPGGSLRLSCAASGRTFPGPNMAWFRGGPGQEREFVAAITSRDSKTYYADSAKGRFTISRDNAKRTVYLQMNNLKPEDTAVYYCVALRFIGGVCPKVVLTQRPSDYRGQGTQVTVSS
seq4756,QVQLQESGGGLVQAGGSLRLSCEGVGRSISPYNMGWFRQAPGKERDFVAAIRWSGSDTNYADSVKGRFTISRDNARNTVYLHMNSLNPEDTAVYYCAAGGDVSGSALSYHYWGQGTQVTVSS
seq4757,QVQLVESGGGLVQPGGSLTLSCAASGISDISSMGWYRQAPGEQRELVAIIGSGGNTKYSDSLKGRFTISIDNAKNTVYLRMNSLKPEDTSVYYCNAAQRIGAGPIVLYWGQGTQVTVSS
seq4758,VKLEESGGGLVQPGGSLRLSCAASGFTFDYYAIGWFRQAPGKEREGVSCISSRDGTTHYADSVKGRFTISRDNAKNTVYLQIDSLKPEDTAVYYCATPWVTYCPENLLFSYWGQGTQVTVSS
seq4759,QVQLQESGGGLVQAGGFLRLSCAASGRSFNTYAMGWFRQAPGKEREFVAGITRSGTATDYADSVKGRFTISRDNARNTVYLQMNRLKPEDSAVYYCAAHASYDRMIYSEYKYWGQGTQVTVSS
seq4760,QVQLAESGGGSVQAGGSLRLSCAASGVTSDSYHMGWFRQAPGKEREGVAVIKTGDASTYYTDSVKGRFTISQDNAKNTLYLQMNSLKPEDTAMYYCAARRGWVPAPLSQYNYNYWGQGTQVTVSS
seq4761,QVRLVESGGGSVQAGGSLRLSCAVSGYRYRWNCMAWFRQAPGKEREGVAAISTGSGSTYYAGSVKGRFTISQDNAKNMYLQMNSLKPEDTAMYYCAADPSVCPGGMWYSKEYRYWGQGTQVTVSS
seq4762,EVQLVESGGGEVQPGGSLRLSCAASERPFGTYAMGWFRQAPGKERDLVAAVSRNGGASQYAESVKGRFTISRDNAKNTLYLQMSSLRAEDTAVYYCAARSAAYSRSSEVYTGKDEYYYWGQGTLVTVKP
seq4763,QVQLQESGGGLVQAGGSLRLSCAASGNISQYVGMGWYRQAPGKEREFVASIGYGTNTNYADSVKGRFTISRDNAKNTVYLQMNSLKPEDTAVYYCAAYELIRPRRWLYHFYWGQGTQVTVSS
seq4764,EVQLVESGGGSVQAGGSLRLSCAASGSIFSSNAMAWYRQAPGKQRDLVAGINSVGITKYADSVKGRFTISRDNAKNTVYLQMNSLKPEDTAVYYCTSDPRRGWDTRYWGQGTLVTVSS
seq4765,AVQLVESGGGLVQPGGSLKLSCATSGSIFSSSAMAWYRQASGKQRELVATITSGGRTSYADSVKGRFTISRDNAKNTVYLQMNSLKPEDTAVYDCNFVVDGKRAPWGQGTQVTVSS
seq4766,EVQLVESGGGLVQPGGSLRLSCAASGFSFDDDYVMGWFRQAPGKEREFVAAINWSGGSTYYADSVKGRFTISADNSKNTAYLQMNSLKPEDTAVYYCAADRRGLASTRAADYDWGQGTLVTVSS
seq4767,EVQLVESGGGLVQPGGSLRLSCVASGFSLDDYGMTWVRQAPGKGLEWVSSINWSGTHTDYADSVKGRFVISRDNAKNTLFLQMNSLSPEDTAVYYCNQGWKIIPTDRRGHGTQVTVSS
seq4768,EVQLVESGGGLVQPGDSLKLSCAASGRTFSSYSMGWFRQAQGKEREFVVAISSSGGYIYDSVSLEGRFTISRDNTKNTVYLQTPSLKPEDTAVYYCAASRAYGSSRLRLADTYDYWGQGTQVTVSS
seq4769,QVQLVQSGGGSVQAGGSLRLSCAASGHTYCSYDMSWYRQAPGKEREFVSAIDSDGSTTYADSVKGRFTISQDNAKNTVYLQMNSLKPEDTAMYYCKSGVRGGYCPIDNYWGQGTQVTVSS
seq4770,EVQLVESGGGVVQAGESLRLSCAASGRSLNNEEMGWFRQAPGTEREFVATISRRGTGTYYADSVKGRFTISRDNAKNTVYLQMSSLKPEDTAVYYCAAGQLFPSSRSRDYDYWGQGTQVTVSS
seq4771,EVQLVESGGGVVQAGGSLRLSCAASGLTFSSYAMGWFRQAPGKERERVVSISRGGGYTYYADSVKGRFTISRDNAENTVYLQMNSLKPEDTALYYCAAARYWATGSEYEFDYWGQGTLVTVSS
seq4772,QVQLQESGGGLVQAGGSLRLSCAASGYISGAYYMGWYRQAPGKERKFVAGIGGGSTNYADSVKGRFTISRDNAKNTVYLQMNSLKPEDTAVYYCAVYQSVAYYCRGYFSYWGQGTQVTVSS
seq4773,DVQLVESGGGSVQAGGSLRLSCAASVYSYNTNCMGWFRQAPGKEREGVAVIYAAGGLTYYADSVKGRFTISQENGKNTVYLTMNRLKPEDTAMYYCAAKRWCSSWNRGEEYNYWGQGTQVTVSS
seq4774,VQLQESGGGLVQAGESLRLSCVASGLSFSEFVMTWFRQAPGKEREFVAAINWMDDRTYYGSSVKGRFFISKDNAKNTVYLQMNGLKPEDTAVYYCAASRDYYGHNANQYRYWGQGTQVTVSS
seq4775,GGGLVQPGGSLRLSCAASGFTFSSYRMSWYRQAAGKERDVVATITANGVPTGYADSVMGRFTISRDNAKNTVYLEMNSLNPEDTAVYYCNAPRLHTSVGYWGQGTQVTVSS
seq4776,QVQLVQSGGGLVQPGGSLRLSCAASPRVISIHDMAWYRQAPGKERELVAGITTRGITDYGYSVKGRFTISRDDAKNTLFLQMNDLKPEDTAVYYCNLRHYEVWGQGTLVTVSS
seq4777,QVQLVESGGGLVQAGGSLRLSCAASGSIFRVNDMGWYRQAPGKQRELVAIIITGGSTNYADSVKGRFTISRDNAKNTVYLQMNSLRPEDTAVYYCNADFGTGPGRYDYWGQGTQVTVSS
seq4778,QVQLQESGGGSVQTGGSLRLSCAASDGIPTSRTVGSNWFRQVPRKLREGVARIYWSSGNTYYADSVKRFTISQVNAEKSSEKSVYQMTSLKPEDTGIYYCAAYQPEADVWNWDRAWGQGTQVTVSS
seq4779,VQLQESGGGLVQAGGSLRLSCAASGSTFSITYMAWFRQAPEKQRELVAEMSRRGSTFYADSVKGRFTISRDNTKNTVYLQMNSLEPEDTAVYYCSVGARRDEDDYVYWGQGTLVTVSS
seq4780,EVQLVESGGGLVQAGGSLRLSCAASGRTFSSYAMAWYRQAPGKEREYVAAIRWSGGTAYYADSVQGRFTISRDNAKNTVYLQMNSLKPEDTAVYYCANRAPDTRLRPYEYDYWGQGTQVTVSS
seq4781,VQLQESGGGSVQAGGSLRLSCVASGYSVSKNSMGWFRQAPGKEREGVAGINEGGTATYYANSVKGRFTISQDNAKNTVYLQMNTLKPEDTAIYYCAAGSPDPPPLIESVVKYWGQGTQVTV
seq4782,QVQLQESGGGLVQAGGSLRLSCTASGDIFSAAGMAWFRQTPGKERDLVAYVTWDGGTTRYKDSVKGRFTISRDNAKNTVLLQMNSLKPEDTAVYYCAAGNTGPFNLLHSSAQYAYWGQGTQVTVSS
seq4783,QVQLQESGGGSVQTGGSLRLSCAASGYTASFSWIGYFRQAPGKEREGVAVINVGVGSTYYADSVKGRFTISRDNTENTISLEMNSLKPEDTGLYYCAGSLRWSRPPNPISEDAYNYWGQGTQVTVSS
seq4784,VQLVESGGGLVQAGGSLRLSCAASGFTFSSAWMTWVRQAPGKGLEWVTSIATDGSTDYADSVKGRFTISRDNAKNTLYLQLNSLNTEDTAVYYCAKDRWGYVVWGQGTQVTVSS
seq4785,EVQLVESGGGLVQPGGSLGLSCVASGSIFRINAMAWYRQAPGKQRELVAEITAGGSTNYADSVKGRFTISVDNAWNTLYLQMNSLKVEDTAVYYCNLDHYTTWDRRSAYWGQGTLVTVSS
seq4786,EVQLVESGGGPVQAGGSLRLSCAASGRTYRGYSMAWFRQSPGKEREFVAAIVWSDGNTYYEDFVKGRFTISRDSVKNTLYLQMTNLKPEDTALYYCAAKIRPYIFKIAGQYDYWGQGTQVTVSS
seq4787,EVQLVESGGGLVQPGGSLRLSCAASGRTFSSYAMGWFRQAPGKERELVAAISTGGSTYYADSVKGRFTISADNSKNTAYLQMNSLKPEDTAVYYCARGDWRYGWGQGTLVTVSS
seq4788,EVQLVESGGGLVRAGGSLRLSCAASGRSFSSYNMGWFRQAPGKERDLVAVVTWSGGGTSYADSVKGRFTISRDNANARLYLEMTSLKPEDTAIYYCAATQDWYGGTRAFHAASFHSWGQGTLVTVSS
seq4789,QVQLVESGGASVQAGGSLRLSCTASGYTGKMNTMGWFRQAPGKVREAVAAMYTGGGRTFYADSVKGRFTISQDNGKNTVYLQMNRLAPEDTAIYYCAAEPADSDSGDYPPLLEYGYDYWGQGTQVTVSS
seq4790,QVQLQESGGGVVHAGGSLRLSCVASGRIFRIDEMSWHRQTPGKQRELVASMSIDGVTKYADSVKGRFTISRDNAKNTVYLQMNFLKNEDTAVYYCNARGPYSRGSGPWGQGTQVTVSS
seq4791,QVQLQESGGGLVQPGDSLTLSCADSGRTFSNYAMGWFHQAPGKEREFVAAISTSGGSTAYADSVKGRFTISRDNAKNTVYLQMNNLKPEDTAVYYCAARLSFSGSSYYQGPLQYPYWGQGTQVTVSS
seq4792,QVQLQESGGGLVQAGDSLRLSCAASGRAVSSLFMGWFRRAPGKERELVAAISRYSLYTYYADSVKGRFTISADNAKNAVYLQMNSLKPEDTAVYYCASKLEYTSNDYDSWGQGTQVTVSS
seq4793,QVQLVESGGGLVQAGGSLRLSCAASGSIFSINAMGWYRQAPGKQRELVAAITSGGSTNYADSVKGRFTISRDNAKNTVYLQMNSLKPEDTAVYYCNAENSIPIGDLARRVWDYWGQGTQVTVSS
seq4794,QVQLQESGGGLVQAGGSLRLSCATSGLTFSSYAMGWFRQAPGKEREFVATISWSGKSTRYSDSVKGRFTISRDNAKNTVYLQMNSLKPEDTAVYYCAADYQRLGLLRVGVAEYDYWGQGIQVTVSS
seq4795,VQLQESGGGLVQVGGSLRLSCTISGFTGNDLAIGWFRQAPGKDQREGISCISNTDSSTYYADSVKGRFTISSDNAKNTVHLQMSSLKPEDTAVYYCAADGNVWSPPICGSAGPPPGGMDYWGKGTQVTVSS
seq4796,QVQLQESGGGLVHAGGSLRLSCAASGRIFRIDDMGWYRQTPGKQRELVATITREGMTNYADSVKGRFTISRDNAKNTVYLQMNILKPEDTAVYYCNARGPYARGSGPWGQGTQVTVSS
seq4797,QVQLQESGGGLVVAGGSLRLSCAASGSSVSFLSMAWYRQAPGKKRELVAGISADGSTDYIDSVKGRFTISRDSANNTMYLQMNSLQPEDTAVYYCYAYRWTTRYTYWGQGTQVTVSS
seq4798,QVQLQESGGGLVQAGGSLRLSCAIPGRTFRNYVMGWFRQAPGKEREFVAAISRSGGSTYYSDSVKGRFTISRDNAKNTVYLQMNMLKPEDTAVYYCAASYSIMQPTTASAMDYWGKGTLVTVSS
seq4799,LQLVESGGGLVQPGGSLRLSCAASEFTLDYYEIGWFRQAPGKDREGLSCIGYSDRIAYYSESVKGRFTTVRDDATSTVSLYMDMMIPEDTGTYYCAGSVVEPYELLPAAEYDYWGQGTRVTVSS
seq4800,LQESGGGLVQAGGSLRLSCAASGFTFDDAAIGWFRQAPGKEREAVSCISTSDSSTYYADSVKGRFTISSDNAKNTMYLQMNSLKPEDTAVYYCAADDSHSTDYSDYGRPPCYPGMNYWGKGALVTVSS
seq4801,QLQLVESGGGLVQPGGSLRVSCAASGFTFSSSNMRWVRQVSGKGLEWVSTISPDGGKTLYADSVKGRFTISRDNAKNTLHLQMVSLKPEDTALYYCVKAGYDYWGQGTQVTVSS
seq4802,EVQLVESGGGLVQAGGSLRLSCVASVSTFSLYSMAWYRQGPGNQREFVATISSDDGDIIQYADSVKGRFTISRDNVKRTVYLQMNSLKPEDTAVYYCNRPRDNYWGKGTLVTVSS
seq4803,EVQLVESGGGLVQAGGSLRLSCAASGFTFDDYAIGWFRQAPGKEREAVSCISSSDSSTYYTDSVKGRFTISSDNAKNTVYLTMNSLKPEDTAVYYCAADLLSTVVGCLYYRGSYYPRTTADYWGKGTLVTVSS
seq4804,QVQLVESGGGLVQVGGSLRLSCVVSGSDISGIAMGWYRQAPGKRREMVADIFSGGSTDYAGSVKGRFTISRDNAKKTSYLQMNNVKPEDTGVYYCRLYGSGDYWGQGTQVTVSS
seq4805,EVQLQESGGGLVQPGGSLRLSCAASGFTFSSYWMYWLRQAPGKGLEWVSSISSSSSSTYYRDSVKGRFTISRDNAKNTLYLQMNSLKSEDTAVYYCAKDPGGYAKGQGTQVTVS
seq4806,EVQLVESGGGLVQPGGSLRLSCKASRSIFSINTMDWHRQVPGKQRELVAAIVNGVWKNYADSVKGRFTISRDNAENTVYLQMNNLKPEDTAVYYCHAKRGVSDYWGQGTQVTVSS
seq4807,EVQLVESGGGLVQAGGSLRLSCAASGRDLDYYVMGWFRQAPGKERELVAIKFSGGTTDYADSVKGRFTISADNAKNTVYLQMNSLKPEDTAVYYCADIAYEEGVYRWDWGQGTQVTVSS
seq4808,QVQLVESGGGLVESGGSLRLTCAAPGITFNIYAMSWARQAPGKGLEWIARVDPSGEKKYYADSVKGRFTISRDNAKKTLYLQMNSLKSEDTALYYCSTECDDFACSRYQGYWGQGTQVTVSS
seq4809,EVQLVESGGGLVQAGGSLRLSCESSIGTFSSDAMGWFRQAPGKEREFLAAIGWSGTVTHYSDSVQGRFTISRDNAKNTVYLQMNSLKSEDTGRYYCAEDYDTDVWQYWGQGTQVTVSS
seq4810,EVQLLESGGGLVQPGGSLRLSCVHSGPTFRTDTMGWFRQAPGKGREFVAAVTWNSGRINYADSVKGRFTISRDNSKNAVYLQMSSLRPEDTAVYYCAAHRFVVGGNRVEDWRYWGQGTLVTVSS
seq4811,QVQLQESGGGLVQAGGSLRLSCAVSGNTLSRYAMGWFRQTPGKEREFVAAIRWNEGATYYADSVEGRFTISRDNAKNTVYLQMNNLKPEDTAVYYCAGRFLGYASSNAYHEALYNYDYWGQGTQVTVSS
seq4812,AVQLVESGGGLVQAGGSLRLSCAASGLTFRSYTMGWFRQAPGKEREFVAAISRSDGRTYYADSVKGRFTISRDNAKNTVYLQMNSLKPEDTAIYYCALKRYSGSYYSTNDYNYWGQGTQVTVST
seq4813,QVQLQDSGGGLVQPGGSLRLSCAVSGNIGSVNDMAWYRQTPGKQRELVAIITSDGSTNIAEYVKGRFTISKDRANNMVFLQMNSLKPEDTAVYYCHIDRVLYKSGGTYYTGNNYWGQGTQVTVSS
seq4814,QVQLQESGGGLVQAGGSLRLSCAASGSTFRHHAMAWFRQTPGKGREFVSAINDHGDRTKYLDSVRGRFTISRDNTDNMVYLQMSDLRPEDTAVYSCAAGPLVDYLETTPLVYTYWGQGTQVTVSS
seq4815,QVQLQESGGGLVQPGGSTRLSCAASGFTLDIYAIGWFRQAPGKEHEGVSWIVGNDGRTYYIDSVKGRFTISRDNAKNTVYLEMNSLKPEDTAVYYCAAKFWPRYYSGRPPVGRDGYDYWGQGTQVTVSS
seq4816,DVQLVESGGGVVQPGGSLRLSCAASGFILDYYAIGWFRQAPGKEREGVLCIDASDDITYYADSVKGRFTISRDNSKNTVYLQMNSLRPEDTALYYCATPIGLSSSCLLEYDYDYWGQGTLVKVSS
seq4817,EVQLVESGGGLVQPGGSLTLSCAASGSSVHFLSMAWYRQAPGKKRELVAGISRDGSTDYIDSVKGRFTISRDNAKNSVYLQMNSLRAEDTAVYYCYAYRWTTRYRYWGQGTLVTVSS
seq4818,EVQLVESGGKLVQPGGSLRLSCSASGRTFSFSTSTMGWFRQAPGKELEFVAAIDWSDFNTYYADSVKGRFTISRHNPRNSVYLQLNSLKPEDTALYYCAAHSETRGGTRYFDRPSLYNYWGQGTLVTVQS
seq4819,EVQLVESGGGSVQAGGSLRLSCAASGSTFSRYSMNWYRQAPGKQREFVAGISVGRITNYAVSVRGRFTISRDNAEGTGYLQMNSLKPEDTAVYYCNAGGLQGYWGLGTLVTVSS
seq4820,EVQLVESGGGLVQPGGSLRLSCAASGRAFSDYAMAWFRQAPGQEREFVAGIGWSGGDTLYADSVRGRFTNSRDNSKNTLYLQMNSLRAEDTAVYYCAARQGQYIYSSMRSDSYDYWGQGTLVTVSS
seq4821,LQESGGGLVQAGGSLRLSCAASGSTFSINAIRWYRQAPGKQRELVAAISIGGTTNYADSVKGRFTISRDNAKNTVYLQMNSLKPEDTAVYYCNAPGPYSDYETMGYEYDYWGQGTQVT
seq4822,EVQLVESGGGLVQPGGSLTLSCAASGSSVSILSMAWYRQAPGKKRELVAGISADGSTIYIDSVKGRFTISRDNAKNSVYLQMNSLRAEDTAVYYCYAYRWHTRYTYWGQGTLVTVSS
seq4823,EVQLVESGGGLVQPGDSLKLSCAFSGRTFGSYSMGWFRQAQGKEREFVVAISSSGGYIYDSVSLEGRFTISRDNSKNTVYLQTPSLKPEDTAVYYCAASRAYGSSRLRLPDTYDYWGQGTQVTVSS
seq4824,QVQLQESGGGLVQAGGSLRLSCTASGRAFSWYVMGWFRQAPGKEREFVATVSGNGSRRDYADSVKGRFTISRDNAKNTVYLQMNSLKPEDTAVYYCAASSTYYYTDPEKYDYWGQGTQVTVSS
seq4825,EVQLVESGGGLVQPGGSLRLSCAASGFTFSRAWMYWVRQAPGETLEWVSRIQPGGGSTSYADSVKGRFTISRDNAKNTLYLQMNSLKSEDTAVYYCAKDWEMAAPSLGQGTQVTVSS
seq4826,DVQLVESGGGLVQAGGSLRLSCESSISTFSSDAMGWFRQAPGKEREFLAAIGWSGAVTHYSDSVKGRFTISRDNAKNTVYLQMNSLRAEDTGRYYCAEDYDTDVWQYWGQGTQVTVSS
seq4827,EVQLVESGGGLVQPGGSLRLSCEASGFTWDYYVIGWFRQAPGKEREGLSCISSDGSTTYADSVKGRFTISRDNAKNTVYLQMNSLKPEDTAVYYCATDPALGCYSGSYYPRYDYWGQGTQVTVSS
seq4828,EVQLVESGGGLVQAGGSLRLDCAASGRTSYAMGWFRQGTGKEREFVAAISPSGYYTYYEDSVKGRFFIHRDNAKNMVYLQMNSLTPEDTAVYYCAAGRHQTVSGILPDYWGQGIQVTVSS
seq4829,EVQLVESGGGLVQPGGSLRLSCAASGRTFNNYAMGWFRQAPGKEREFVAAITRSGVRSGVSAIYGDSVKDRFTISRDNAKNTLYLQMNSLRPEDTAVYYCAASAIGSGALRRFEYDYSGQGTLVTVQS
seq4830,QVQLQESGGGSVQPGGSLRLSCATSGFTFDRSWMYWLRQPPGKQIEWVASVNWDASQINFVNSVKDRFAISRDNTKNTIWLQMNNLKPEDTALYYCAIDPDGETKGQGTQVTVSS
seq4831,LVQVGGSLRLSCVVSGSDISGIAMGWYRQAPGKRREMVADIFSGGSTDYAGSVKGRFTISRDNAKKTSYLQMNNVKPEDTGVYYCRLYGSGDYWGQGTQVTVSS
seq4832,EVQLVESGGGLVQPGRSLTLSCAASSNIFSISPMGWYRQAPGKQRELVAAIHGESTLYADSVKGRFTISRDNAKNSIYLQMNSLRPEDTALYYCNKVPWGDYHPRNVTWGQGTQVTVSS
seq4833,EVQLVESGGGLVQAGGSLRLSCAASGFTLDDYAIGWFRQAPGKEREGVSCISSSDGSTTYADSVKGRFTVSSDNAKNTVYLQMNSLKPEDTAVYYCAAGLRGRYYRGTYSLVCAPYEYDFWGQGTQVTVSS
seq4834,QVQLVESGGGLVQPGGSLRLACEAPGSGNSINAMGWYRQTPGKRRELVATITRGGSTNYGPSVKGRFTITRDNVKNTVHLQMNSLKPDDTAVYYCNAERLDGSGYGYEYDYWGQGTQVTVSS
seq4835,EVQLLESGGGLVQPGGSLRLSCAASGRYIDETAVAWFRQAPGKEREFVAGIGGGVDITAYADSVKGRFTISRDNSKNTLYLQMNSLRPEDTAVYYCAARPGRPLITSKVADLYPYWGQGTLVTVSS
seq4836,QVQLVESGGGLVQAGGSLRLSCAASGNTSGINVMAWYRQASGKQRELVANKARGGLPKYGNSAKGRFTISRDNAKNTIYLQMNNLKPEDTAVYYCNAVWDWALAEYWGQGTQVTVSS
seq4837,QVQLLESGGGLVQPGGSLRLSCAASGRSFSRYGMGWLRQAPGKERELVASISWSGHSTYYADSVKGRFTISRDNSKNTLYLQMNSLRAEDTAVYYCAAESLPYESGSPRLTDFASWGQGTLVTVSS
seq4838,QVQLQESGGGLVQPGGSLRLSCAASGFTFSNSAMAWMRQAPGKGVEWVSSISIDGGRRYAEAVAGRFTISRDNAKNTLYLQMNSLKPEDTAVYYCAKGLASTIRGQGTQVTVSS
seq4839,EVQLVESGGGLVQPGGSLRLSCTVFGRTFSGDVIGWFRQAPGKEREFVAAISTSGGGTDSADSVKGRFTISKENAKNTVYLQMTILKPEDTAVYYCASSPYGPLYRSTHYYDYWGQGTQVTVSS
seq4840,EVQLLESGGGLVQPGGSLRLSCAASGRYIDETAVAWFRQAPGKEREFVAGIGGGVDITYYADSVKGRFTISRDNSKNTLYLQMNSLRPEDTAVYYCAARPGRSLITSKVADLYPYWGQGTLVTVSS
seq4841,EVQLVESGGGEVQPGGSLRLSCAASGFTFSINAMGWYRQAPGKQRELVAGFTGDTNTIYAESVKGRFTISRDNAKNTVYLQMSSLRAEDTAVYYCAADVQLFSRDYEFYWGQGTLVTVKP
seq4842,EVQLVESGGGLVQAGGSLRLSCAASGLTSSRYTMSWFRQDPGKEREFVAAVPLSGNTYYADPVRGRFTISRDNAKNTVDLQMNSLKPEDTAVYYCAARASGSIFNRGSYAYWGQGTQVTVSS
seq4843,QVQLQESGGGLVQAGGSLRLSCAVSGNTLSRYAMGWFRQTPGKEREFVAAIRWNNGATYYAESVEGRFTISRDTGKNTVYLQMNNLQPEDTAVYYCAGRFLGYASSNAYHEALYNYDYWGQGTQVTVSS
seq4844,EVQLVESGGGLVQPGGSLRLSCAASGFALGYYAMGWFRQAPGKERESVAAISSRDGSTAYADSVKGRFTISADNSKNTAYLQMNSLKPEDTAVYYCARLATGPQAYFHHWGQGTLVTVSS
seq4845,QVQLVESGGGLVQPGGSLRLSCAASGFTLADFAIAWFRQAPGKEREGVSGIDSGDGSTYYADSVKGRFTISSDNAKNTVYLQMNSLRPEDTAVYYCARVRTGWGLNAPDYAMDYWGKGTLVTVSS
seq4846,QVQLQEFGGGLVQPGGFLRFSCAASGFTFSNFGMIWVRQASEKGLERVAAIDTGGWARYADSVKGRFAISRDNAKNILYLQMDSLKPEDTAIYICATAKICTTSAMGGTASNMAFWGKGTLVTVSP
seq4847,QVQLQESGGGLVQPGGSLGLSCAASGRIASISAMGWYRQAPGKQRELVAAITGSGRTNYADSVKGRFTISRDNAKNTVYLQMNSLKPEDTAVYYCNLLMVDYGLGLGTDYWGQGTQVTVSS
seq4848,VQLQESGGGLVQAGGSLRLSCTASGRTFSSLDMGWFRQAPGKEREFVAGISRSGISQYYADSMKGRFTISRDNAKNLVYLQMNSLKPEDTAVYYCAAALTFRGSDLPRDSNYWGQGTQVTVSS
seq4849,EVQLVESGGGLVQPGGSLRLSCAASGTFDKINNMGWYRQAPGKQRDLVAQITPGGITDYADSVKGRFTISRDNAKDTMYLQMNSLKPEDTAVYFCNAEILKRAYIDVYVNYWGQGTQVTVSS
seq4850,QVQLQQSGGGLVQAGGSLRLSCAGSGRPFGSYVMGWYRQAPGEQREMVARMTSAGSGGVADYGESVKGRFAISRDYAKNMVFLQMNSLKPEDTAVYYCWSALGYWGQGTQVTVSS
seq4851,EVQLVESGGGLVQAGDSLRLSCAASGRTLSSYTMGWFRQAPEKEREFVAGSSRDGRTNYYANSVKGRFTISRDNAKNTVYLQMNSLKPEDTAVYYCAAHTTSGVPVRERSYAYWGQGTQVTVSS
seq4852,EVQLVESGGGLVQAGGSLRLSCAASGLTFSSYAMGWFRQAPGKERERVVSISRGGGYTYYADSVKGRFTISRDNAENTVYLQMNSLKPEDTAVYYCAAARYWATGSEYEFDYWGQGTLVTVSS
seq4853,QVQLQESGGGLVQAGGSLRLSCAASGRTFINYGMAWFRQSPGKEREFVAAVSSSGAGTAYVEPVKDRFTISRDNTKNTVYLQMDTLKPEDTALYYCAAAKAGHWGRDANYDYWGQGTQVTVSS
seq4854,EVQLVESGGGLVQAGGSLRLSCAASGRTFSGYVAGWFRQAPGKEREFVAAISWSGITYAGDSVKGRFTISRDNAKNTVYLQMSSLKPEDTAVYYCGAGKGYYKDYRGYEYWGQGTQVTVSS
seq4855,EVQLVESGGGSVQAGGSLTLSCAASESRDCMAWFRQAPGKAREGVASIYAPDGSTTYADTVKGRFTISQDNAKNTLYLQMNSLQPEDAAMYHCAIGGLSRNTCGYLRGGYFAYFGRGTQVTVSS
seq4856,EVQLVESGGGLVQAGGSLRLSCAASGIIFSTNHMGWYRRAPGKQRELVGTINRGDSPYYADSVKGRFTISRDNAKNMVYLQMNSLKPEDTAVYYCNAGYIYWGQGTQVTVSS
seq4857,EVQLVESGGGLVQPGGSLTLSCAASGMTVFFLSMAWYRQAPGKKRELVAGISVDGSTVYSDSVKGRFTISRDNAKNSVYLQMNSLRAEDTAVYYCYAYSWTTRYPYWGQGTLVTVSS
seq4858,VQLVESGGGLVQAGDSLRLSCAASGRAYATMAWFRQAPGKEREFVAHLRVSGDTTYYTDSVKGRFTISRDNAKNTAYLQMNMLKPEDTAVYYCAAGPYGILAAARVSNPGNYDYWGQGTQVTVSS
seq4859,QVQLGESGGGLVQAGGSLRLSCAASGSIFSPNAMIWHRQAPGKQREPVASINSSGSTNYGDSVKGRFTVSRDIVKNTMYLQMNSLKPEDTAVYYCSYSDFRRGTQYWGQGTQVTVSS
seq4860,EVQLAESGGGSAQAGGSLRLSCASNGYYNRRYCMAWFRQAPGKEREGVATMTTTSGRTYYADAVKGRFTVSQDNAKSTLYLQMSSLKPEDTAMYYCAAHLPSSWVTSTDYCDNLQAGFYNSWGQGTQVTVSS
seq4861,EVQLVESGGGLVQAGGSLRLSCAASGTISSINTMAWFRQAPGKEREFVAALVKGFSWGSGSSIYADSVRGRFTISRDNAKNTQSLQMNSLELEDTAIYYCAAGRRSSVRSGYEFWGQGTQVTVSS
seq4862,QVQLQESGGGLVQAGGSLRLSCAASGRTISVYAMGWFRQAPGKQREFVAAISRSDNTYYTDSVKGRFTISRDNVKNTLYLQMNSLKPEETAVYYCAADPNLMYETKWKYRALEAWGQGTLVTVSS
seq4863,EVQLVESGGGLVQAGGSLRLSCAASGRTFSNYIMGWFRQAPGKEREFVAGISRYADYTGYADSVKGRFTISRDNVKNTVYLRMNSLKPDDTAVYYCAANEGYCSGYGCYEDSGQYDYWGQGTQVTVSS
seq4864,QVQLVESGGGLVQPGGSLRLSCAASGFSFSDYVMGWFRQAPGKEREFVGFIRWDGLVTRYADAVKGRFTISRDNARNTLSLQTIGLLAEDTAVYYCAASGGGSGPVNAGSYEYWGQGTQVTVSS
seq4865,QVQLVESGGGLVQAGDSLRLSCTASGTTFDRYHMGWFRQAPGMERHVVAHISWSGANTYVADSMKGRFTISRDNAKNTAYLQINNLKFEDTALYYCAAGSYLAVPGSRWDYWGQGTQVTVSS
seq4866,EVPLVESGGGSVQAGGSLRLSCAASQRTFSRDVTGWFRQAPGKERDFVAYIHRSGETTYYADSVKGRFTISRDNAKSTVYLQMNSLKPEDTAVYHCAAGRYGSTSDTLYDYWGQGTQVTVSS
seq4867,EVQLVESGGGVVQAGGSLRLSCAASGGTFSFYGMGWFRQAPGKEQEFVADIRTSAGRTYYADSVKGRFTISRDNAKNTVYLQMNSLKPEDTALYYCAAEMSGISGWDYWGQGTLVTVKS
seq4868,EVQLLESGGGLVQPGGSLRLSCAASGRIFSLPASGNIFNLLTIAWYRQAPGKGRELVATINSGSRTYYADSVKGRFTISRDNSKKTVYLQMNSLRPEDTAVYYCQTSGSGSPNFWGQGTLVTVSS
seq4869,LQESGGRLVQAGGSLSLSCATSGRAFSNYAMGWFRQAPGKEREFVAAISWSGGYTYYADSVKGRFTISRDNAKNTVYLQMNSLKLEDTAVYYCVARDYRLWSPYQYEYDYWGQGTQVT
seq4870,DVQLVESGGGLVQPGGSLRLSCAASGRIFSVNAMGWYRQAPGKQRELVAAITNQGAPTYADSVKGRFTISRDNSGNTVYLQMNSLRPEDTAVYYCKAFTRGDDYWGQGTLVTVSS
seq4871,QVQLQESGGGLVQAGDSLTLSCAVSGGTLSMFSMGWFRQAPGLEREFVAIINDRESIRRYQDSVKGRFTISKDNAKNLVYLQMNNLKPVDTAVYYCAADTTYPAVAPTSVGQYDYWGQGTQVTVSS
seq4872,EVQLVESGGGLVQPGRSLTLSCAASTNITSISPMGWYRQAPGKQRELVAAIHGNSTLYADSVKGRFTISRDNAKNSIYLQMNSLRPEDTALYYCNKVPWGDYHPGNVYWGQGTQVTVSS
seq4873,QVQLQESGGGSVQAGDSLRLSCTASGRTFSSLGMGWFRQAPGKEREFVSAIAWNGASTYYTESVKGRFTISRDDAKNTVYLQMNSLKPTDTAVYFCAASGLGSVVVTANEYDYWGQGTQVTVSS
seq4874,TVSRSLRLSCAASGRTFSTAAMGWFRQAPGKERDFVAGIYWTVGSTYYADSAKGRFTISRDNAKNTVYLQMDSLKPEDTAVYYCAARRRGFTLAPTRANEYDYWGQGTQVTVSS
seq4875,QVQLQASGGGLVQPGGSLRLSCALSGNIFSAYSMGWYRQAPGKQRELVATISDSGRTNFGDFAKGRFTISRDNAKNTVYLQMNSLKPEDTAVYYCASKTGDHVYTGARWYEYWGQGTQVG
seq4876,EVQLVESGGGLVQPGGSLTLSCVASGSTSSINAMAWYRRAPGKQRELVAGISSDGSKVYAESVKGRFTISRDNAKNSVYLQMNSLRAEDTAVYYCYYFRTVSGASMRYWGQGTLVTVSS
seq4877,EVQLVESGGGLVQPGGSLRLSCAASGFTLDDYTIAWFRQAPGKEREGVSCISSSALITFYADSVKGRFTISRDNAKNTVYLQMNSLKPDDTAVYYCAADRYYYCSGWPDESAYWGQGTQVTVSS
seq4878,QVQLVESGGGLVQAGGSLRLSCAASRTIVVHNDMGWFRQAPGSRRELVATITGGGMVNYADSVKGRFTISKDNAKNTLYLQMNNLKPEDTAVYYCRADIPRDWGVQRDVYWGQGTQVTVSS
seq4879,EVQVVESGGGLVQPGGSLRLSCVASGIIFSSYAMGWYRQAPGKQRELVARISSGGGLYYEDPVKGRFTISRDNARNTVYLQMSSVKPEDTAVYYCNVVPYTPGYWGQGTQVTVSS
seq4880,QVQLQESGGGLVQAGGSLRLSCAVSGNTLSRYAMGWFRQTPGNEREFVAAIRWNEGATYYADAVEGRFTISRDTGKNTVYLQMNNLKPEDTAVYYCAGRFLGYASSNAYHEALYNYDYWGQGTQVTVSS
seq4881,EVQLVESGGGLVQAGGSLRLSCAASGRTFSSIYAKGWFRQAPGKEREFVAAISRSGRSTSYADSVKGRFTISRDNAKNTVYLQMNSLKPEDTAVYYCAAVGGATTVTASEWDYWGLGTQVTVSS
seq4882,EVQLVESGGGLVQPGGSLRLSCAASGFTFDDYGMSWVRQAPGKALEWVSAISWNGNNTYYTESMKGRFTISRDNACNTLYLQMNSLRPEDTAVYYCVKGSTAIVGVPPTYPDEYDYWGQGTLVTVSS
seq4883,QVQLQESGGGLVQAGDSLRLSCAASGRTFSSYVMGWFRQVPGKQRELVAAITSGLSTYYADSLKGRFTISRDNAKNTMYLQMNSLKLEDTAVYYCAAREGGGIWTSSTQYDYWGQGTQVTVSS
seq4884,VQLVESGGGLVQPGGSLRLSCVASGSGFGINGVIWYRQAPGKQRELVALIKSDGYTNYRESVKGRFTISRDDAKNTVWLQMNALEPEDTGVYYCKTPGVPFGQGTQVTVSS
seq4885,EVQVVESGGGLVQPGGSLRLSCAASGFTLDYHAIGWFRQAPGKEREGVSCISSSGGRTNYADSVKGRFTISRDNAKNTVYLQMNSLKPEDTAVYYCAAEIFDSAWYCPLSRYDMDYWGKGTLVTVSS
seq4886,EVQLVESGGGLVQPGGSLRLSCAASGFPLDYYAIGWFRQAPGKEREGVSCISSSDGIRYYIDSVKGRFTISRDNAKNMVYLQMNSLKPEDTAVYYCAADPIRICSSQPRRYDYWGQGTQVTVSS
seq4887,EVQLVESGGGLVQAGGSLTLSCAASGRTLSSYAMGWFRQAPGKEREFVAGINWSGGSTYYADSVKGRFAISRDNAKNTVYLRMNSLKPEDTAVYYCNAGRFERLRLISYWGQGTQVTVST
seq4888,VQLQESGGGLVQPGGSLRLSCAASGFSSDDYTIGWFRQAPGKEREGISCYSSRDGTTGYADSVKGRFTISSDNAKNTVYLQMNSLKPEDTAVYYCAADFNVWSPPICGSIWYGPPPGGMAYWGQGTQVTVSS
seq4889,EVQLVESGGGLVQAGGSLRLSCVVSGSSFSVGAAGWYRQAPGKQRDLVAEIYPSGSTSYADSVKGRFTISRDNAKNIMYLQMNALKLEDTAVYYCNVVRWGVDYWGQGTQVTVSS
seq4890,EVQLVESGGGLVQPGGSLRLSCAASGRTFSRYVMGWFRQAPGKEREFVASISRFGRTNYADSVKGRFTISADNSKNTAYLQMNSLKPEDTAVYYCARHHGLGILWWGTMDVWGQGTLVTVSS
seq4891,QVQLQQSGGGLVQAGGSLRLSCAASGSNISTNVMAWYRRAPGNQRDMVASISTSGTTNYLASVKGRFTISRDNAKNTVSLQMNSLKPEDTAVYTCYAAWPLNTWGQGTQVTVSS
seq4892,EVQLQESGPGLVKPSQTLSLTCTVSGGSITSRYYAWSWIRQPPGKGLEWIGVIDYDGDTYYSPSLKSRTSISVDTSKNQFSLQLSSVTAEDTAVYYCARDPDVVTGFHYDYWGQGTMVTVSS
seq4893,EVQLVESGGGLVQAGGSLRLSCAASGRAFSLRTMGWFRQAPGKEREGISLITSDDGSTYYADSVKGRFTISADNAKNTVYLQMNSLKPEDTAVYYCAWTTNRGMDWGQGTQVTVSS
seq4894,EVQLVESGGGLVQAGGSLRLSCTASESSFSLTSMGWYRQAPGKQREAVASIDGDGTTSYADSVKGRFTISRDNAKNTVNLQMNSLKPEDTAVYFCFARKWILDIYWGQGTQVTVSS
seq4895,QVQLQESGGGLVQPGGSLRLSCAASGIIFSIYVMGWYRQAPGKQRELVAAITEGGSTNYADSVKGRFTISRDNAMNTVYLQMNSLKPEDTAVYYCNAITPDGSLWEADYWGQGTQVTVSS
seq4896,QVQLQASGGGLVQPGGSLRLSCAASGFDFSNVYMTWVRQAPGKGVEWVSGISVSGSITHYSDSVKDRFTISRDNAKNTLYLQMNSLKSEDTARYYCARGGYNTYSGALGQGTQVTVSS
seq4897,EVQLQASGGGLVQVGGSLRLSCVARSPSTLAIGWFRQAPGKEREFVAAISWSGGTTHYANSAKGRFTISRDNAKNTIYLQMNMLKPEDTAVYYCAADRFGSGAALTRRVADDWGQGIQVTVSS
seq4898,QVQLQQSGGGLVQAGGFLRSPCAASGFTLRWYGVGWFRQVPGKEREKISCITRPDGTPFYAESVKGRFTISRDDAMNTVSLQMNNLEPADTAVYSCAADISGCDFDRSDYWGQGTQVTVSS
seq4899,EVQLVESRGGLVQAGGSLRLSCVASGRTFSSYAMGWFRQAPGKEREFVAAISRSGGSTVYADSVKGRFTISRDNAKNTVYLQMNSLKPEDTAVYYCAAGNGGRLYGHSRARYDYWGQGTQVTVSS
seq4900,QVQLVESGGGLVQPGDSLRLSCAASGETWTIADIGWWREAPGKERELVALIENSGRYTYSDAVKGRFFISRGRAQNMVYLQMNNLKPDDTAVYYCYYEDGVYDTDHWGQGTLVTVSS
seq4901,EVQLVECGGGLVQPGGSLRLSCAASGSIFSIATMAWYRQAPGKQRELVAGITRSGSTNYRDSVKGRFTISRDNAKNTMYLQMNSLKPEDTAVYYCTDYSSRYYHDYWGQGTQVTVSS
seq4902,VQLQESGGGLVQAGGSLRLSCAAFGSTSSITYMAWFRQAPEKQRELVAEMSRRGSTFYADSVKGRFTIYRDNTKNTVYLQMNSLEPEDTAVYYCSVGARRDEDDYVYWGQGTQVTVSS
seq4903,EVQLVESGGGLVQPGGSLTLSCAASGRSVSFLSMAWYRQAPGKKRELVAGISANGSTDYIDSVKGRFTISRDNAKNSVYLQMNSLRAEDTAVYYCYAYRWSTRYTYWGQGTLVTVSS
seq4904,QVQLQESGGGLVQAGGSLRLSCAVSGNTLSRYAMGWFRQTPGNEREFVAAIRWNNGATYYAESVEGRFTISRDSGKNTVYLQMNNLQPEDTAVYYCAGRFLGYASSNAYHEALYNYDYWGQGTQVTVSS
seq4905,QVQLVESGGGLVQPGGSLRLSCAASGSLSSINTMAWYRQAPGKQRELVAVISSSGSTNYADSVKGRFTISRDNAKTTVYLQLNRLKPEDTAAYYCAAGKGSTWYNGAYKYWGQGTQVTVSS
seq4906,VQLQESGGGFVQAGGSLRLSCAASGSIFSKNTMAWFRQAPGKERELVAASPTGGSTAYKDSVKGRFTISRDSAKNTVLLQMNVLKPEDTAVYYCHLRQNNRGSWFHYWGQGTQVTVSS
seq4907,QMQLVESGGGSVQAGGSLRLSCTAPGFTSSDCDMDWYRQAAGNQREWVSSLLSTDGSTSYADSVRGRFTISKDPAKDTVYLQMNSLKPEDTAMYFCRCVVAEWGGMDYWGKGTLVTVSS
seq4908,DVQLQESGGGLVHPGGSLRLSCVASGFTFDDYALTWVRQAPGKGLEWVSGINWNGDDTYYTQSMKGRFTISRDNAKNTLYLQMNSLKSEDTAVYFCTKNVGGNWVSGDYGLDYWGQGTQVTVSS
seq4909,VQLQESGGGLVQPGGSLRLSCAASGSFFSINAMGWYRQAPGKQRELVAAITNQGRIAYADSVKGRFTISRDNAKNTVYLQMNSLKPEDTAVYYCGRPGWDYWGQGTQVTVSS
seq4910,EVQLVESGGGLVQPGGSLRLSCAASGLTFSTYAMGWFRQAPGKEREIVAAITWSGGITYYADSVKGRFTISADNSKNTAYLQMNSLKPEDTAVYYCAAHGSILLDRIEWGQGTLVTVSS
seq4911,EVQLVESGGGLVQAGGSLRLSCAAAGGTFRNYVMGWFRQAPGKEREFVAAISTGGSWTGYVDSVKDRFTISRDNTKNTVYLQMVSLKPEDTAVYYCAATTPATTYLPRSERQYDYWGQGTQVTVSS
seq4912,QVQLQESGGGSVQTGGSLRLSCAASTSIYSNNYMAWFSQAPGKGREGVAAVYIGDGRPYYADSAKGRFTISLDSAKNTVYLQMNSLKPEDTAMYYCAAAPGPLSRNYWYTSANYDYWGQGTQVTVSS
seq4913,VKLEESGGGLVQAGGSLRLSCAASGRTFTMGWFRQAPGKEREFVAAISLSPTLAYYAESVKGRFTISRDNAKNTVDLQMNSLKPEDTAVYFCAANRNSQRVIAALSWIGMNYWGEWTQVTVSS
seq4914,QVQLQESGGGSVQTGGSLRLSCTASTSIYSNNYMAWFSQAPGKGREGVAAVYIDDGRPYYADSVKGRFTISLDSAKNTVYLQMNSLKPEDTAMYYCAAAPGPLSRNYWYTSANYDYWGQGTQVTVSS
seq4915,QVKLEESGGGLVQAGGSLRLSCAASGRTFSSHTMGWFRQPPGKEREFVAVIHWSGASTYYTDSVKGRFTISRDNAKNTVYLQMNSLKPEDTAIYYCAAEVPVSTWPPTEYSWWGQGTQVTVSS
seq4916,QVQLVESGGGLVQPGGSLRLSCAASGSIFLINAMGWYRQAPGKQRELVAVITRGGSANYADSVKGRFTISRDNSKNTLYLQMNSLRAEDTAVYYCNADLNLRSDPFKWYTFWGQGTLVTVSS
seq4917,QLQASGGGFVQPGGSLRLSCAASGTSWFTEVMGWFRQAPGKEREFVSAISGLHDVGTYYADSVKGRFTISRDNSKNTVYLQMNSLRAEDTATYYCAALDKWYTKAMDARKDYWGQGTQVTVSS
seq4918,VQLQESGGGLVQAGGSLRLSCAASGSTFSRYAVGWFRQAPGLGRDFVAAITWSGGYTYYADSVKGRFTISRDNAKNTVYLQMNSLKPEDTAVYYCAVDTRNVIGPRAGDYWGQGTQVTVS
seq4919,EVQVVESGGGLVQAGGSLRLSCVASGFTFSVAAMRWYRQAPGKQREWVASAFSDGNLHYEDFVKGRFTISRDDAKNTLYLQMDSLKPEDTAVYYCNAGTPSRAYWGQGTQVTVSS
seq4920,EVQLVESGGGLVQPGGSLRLSCTASGRTFSDYDMGWFRQAPGKERECVAVIDTNGDNTLTVGSVKGRFAISRDNAKNTVYLQMNSLLPEDTAVYTCAAGAWSSLRSTAANYWGQGTQVTVSS
seq4921,QVQLQESGGGLVQAGGSLRLSCAASGFSSDDYTIGWFRQAPGKEREGISCFSSSDGSTGFADSVKGRFTISSDNATNTVYLEMNSLKPEDTAVYYCAADFNVWSPPICGSRWYGPPPGGMEYWGKGTQVTVSS
seq4922,AVQLVESGGGSVQAGGSLTLSCVASGYNFSTDCMAWFRQAPGNEPEEVASIDKGGGLPDYADSVKGRFTISRDVAKNTVYLQMTKLKPEDTAIYLCAVDGCGFSRGPRGYNYWGQGTQVTVSS
seq4923,QVQLQESGGGLVQPGDSLRLSCAPSGRTFSGYVTGWFRQAPGMEREFVAAITWSGDSTYYADSVKGRFQISRDSAKNTVYLQMNSLKPEDAGVYYCAVKSQTYSTDYVQPRRYAYWGQGTQVTVSS
seq4924,EVQLVESGGGLVQAGGPLRLSCAASGNFFRVNTMAWYRQAPGKQRELVADITRGDRTNYADTVNGRFTISRDNVRNTVYLQMNGLKPEDTAAYYCYARIELGVLEPRDYWGQGTQVTVSS
seq4925,QLQLVESGGGLVQPGGSLRLSCTASGISFSISTMGWYRQAPGKQRELVATIASGGEAYYANSVKGRFTISRDNAENTVYLQMNRLKPEDSAVYYCNTKFPWSTDWNARGQGTQVTVSG
seq4926,EVQLVESGGGSVQAGGSLRLSCAASEDTGSTYYMGWFRRAPGKEREGVAIIDRYGGWTVYADSVKGRFTISRDFAKKTVYLLMNSLKPEDTAIYYCAAGSGRRRVTTPLHPDNYAYWGQGTQVTVSS
seq4927,QVQLVESGGGLVQAGGSLRLSCAASIRSFSNRNMGWFRQPPGKEREFVCGISWGGGSTRYADSVKGRFTCSRDNAKKTVYLQMNSLKPEDTAVYYCAAEFGHNIATSSDEYDYWGQGTQVTVSS
seq4928,QVQLVESGGGLVQPGGSLRLSCAASGFAFSSYAMSWYRQAPGKGRELVAAITSTGGSTNYAAPVKGRFTISRDNAKNTVLLQMNSLKPEDTAVYYCHQGWVRSLGADYWGQGTQVTVSS
seq4929,EVQLVESGGGLVQPGGSLRLSCVASGFTFSSYWMYWVRQAPGKGVEWVSAISPGGVERYTDSVKGRFTISRDNAKNTLYLQMNSLKSEDTAMYYCARLTSFATPESQGTLVTVSS
seq4930,EVQLVESGGGLVQAGGSLRLSCAASGRTFNAMGWFRQAPGKEREFVAAISRSPGVTYYADSVKGRFTTSRDNAKNTVYLQMNDLKPEDTAVYYCAADFYLATLAHEYDYWGQGTQVTVSS
seq4931,EVQLVESGGGLVQPGGSLRLSCAASGFTFSDYDIGWFRQAPGKEREGVSGISSSDGNTYYADSVKGRFTISRDNAKNTVYLQMNSLKAEDTAVYYCAREPPDSSWYLDGSPEFFKYWGQGTQVTVSS
seq4932,EVQLVESGGGLVQPGGSLTLSCVASGSRSSINAMGWYRRAPGKQRELVAGISADGSKVYADSVKGRFTISRDNAKNSVYLQMNSLRAEDTAVYYCYYFRTQSGSSMRYWGQGTLVTVSS
seq4933,EVQLVESGGGLVQAGGSLRLSCAASGRTFSSYAMAWYRQAPGKEREYVAAIRWSGGTAYYADSVQGRFTISRDNAKNTVYLQMNSLKPEDTAVYYCANRAPDTRLAPYLYDYWGQGTQVTVSS
seq4934,VQLQESGGGLVQTGGSLRLSCAASGSIFSFNAMGWYRQAPGKQRELVAAITDGGRLTYADSAKGRFTISRENTRNTVHLQMSSLKAEDTADYYCTIWTRDRQQYWGQGTQVTVSS
seq4935,EVQLVESGGGLVQPGGSLRLSCAASGSIFSIATMAWYRQAPGKGLELVAGITRSGSTNYRDSVKGRFTISRDNSKNTLYLQMNSLRAEDTAVYYCTDYSSRYYHDYWGQGTLVTVSS
seq4936,QVQLQESGGGLVQPGGSLRLSCAASGFEFTTYWMYWVRQAPGKGLEWVSGVNTGGMTTTYADSVKGRFTISRDNARNTLYLQMDNLKPEDTALYICAREGRSRWGETLDRTSLPMGQGTRVTVSS
seq4937,DVQLVESGGGLVQPGGSLRLSCAASRSIGRLDRMGWYRHRTGEPRELVATITGGSSINYGDSVKGRFTISRDNSKNTVYLQMNSLRPEDTAVYYCNFNKYVTSRDTWGQGTLVTVSS
seq4938,EVQLVESGGGLVQPGGSLTLSCAASGSSVRFLSMAWYRQAPGKKRELVAGISAHGSTDYIDSVKGRFTISRDNAKNSVYLQMNSLRAEDTAVYYCYAYRWRTRYTYWGQGTLVTVSS
seq4939,EVQLVESGGGLVQPGGSLRLSCAASGRTFSSYVVGWFRQAPGKEREFVGAISGSGESIYYAVSEKGRFTISRDNSKNTLYLQMNSLRPEDTAVYYCTADQEFGYLRFGRSEYWGQGTLVTVSS
seq4940,QVQLQESGGGLVQAGGSLRLSCTVAESIDVRNAMGWYRQAPGKRREWVATITTGGRTNYADSVKARFTISRDNAKNTVYLQMNSLKPEDTAVYYCNAAPPILNSWGQGTQVTVSS
seq4941,QVQLQQSGGGLVQPGGSLRLSCAASSSGFSFNPMGWYRQAPGKQRELVATMTSGGTTNYADSVKGRFTISRDNAKTTVYLQMNSLKPEDTAVYYCNARGPRRATTGWITDDYWGQGTQVTVSS
seq4942,QVQLQESGGGLVQAGGSLRLSCAVSGNTLSRYAMGWFRQTPGNEREFVAAIRWNNGATYYADSVEGRFTISRDSGKNTVYLQMNNLKPEDTAVYYCAGRFLGYASSNAYHEALYNYDYWGQGTQVTVSS
seq4943,QVQLVESGGGLVQPGGSLTLSCAASGSIDSINTMDWFRQAPGKEREFVAAISLSPTLAYYAESVKGRFTISRDNAKNTVVLQMNSLKPEDTALYYCAADRKSVMSIRPDYWGQGTQVTVSS
seq4944,VQLVESGGGLVQPGGSLRLSCAASEGIFSVDAMGWYRQVPGKQRELVARITRGGSIIYADSVKGRFTISRDSAKNTVYLQMNSLKPEDTAVYYCNRLYRGTLTFGQGTQVTVSS
seq4945,EVQLLESGGGLVQPGGSLRLSCAASGRYIDETAVAWFRQAPGKEREFVAGIGGGVDITYYADSVKGRFTISRDNSKNTLYLQMNSLRPEDTAVYYCAARPGSPLITSKVADLYPYWGQGTLVTVSS
seq4946,SGGGLVQPGGSLRLSCAASGFIFSLYTMRWHRQAPGKERELVATITSATGITNYADSVKGRFIISRDDAKKTGYLQMNSLKPEDTAVYYCNAVRTTVSRDYWGQGTQVTVSS
seq4947,LQLVESGGGLVQPGGSLRLSCTASEFTLDYHSIGWFRQAPGKEREGVSCISYGDGTTFYTDSVKGRFTISRDNAKNTVTLQMNSLKPEDTAVYYCAASPGRLLLFRLCMSEDEYDFWGQGTQVTVSS
seq4948,QVQLVESGGGSAQAGGSLRLSCTASGRPFSIYDMGWFRQAPGKERESVAVINLSRGNTYYADSVKGRFTISLDSAKNTVYLQMNSLKPEDTAVYSCGVDRRQYGLGIPPLADYWGQGTQVTVSS
seq4949,EVQLVESGGGLVQTGESLRLSCAFSGFTYSTYWMYWVRQGPEKGLKWVSSTNAAGTVTYYAANVRDRFTASKDNAKNTLYLQMNRLKPEDTGLYYCASKDGLIVAATLDDYDYRGQGTQVTVSS
seq4950,QVQLQESGGGLVQAGGSLRLSCAASGRTFSSFAMGWFRQAPGKEREFVTAINWSGSSTYYADSVKGRFTISRDNAKNTVYLQMNSLKPEDTAVYYCNAQRRWPLRDYWGQGTQVTVSS
seq4951,EVQLVESGGGLVQPGGSLRLSCAASGLTFSTYWMGWFRQAPGKEREVVAVIYTSDGSTYYADSVKGRFTISADNSKNTAYLQMNSLKPEDTAVYYCATIDGSWREWGQGTLVTVSS
seq4952,QVQLVESGGGLVQAGGSLSLSCAASGRSFTGYYMGWFRQAPGKERQLLASISWRGDNTYYKESVKGRFTISRDDAKNTIYLQMNSLKPEDTAVYYCAASILPLSDDPGWNTNWGQGTQVTVSS
seq4953,EVQLVESGGGLVQAGGSLRLSCAASGFTFDDYAIGWFRQAPGKEREEVSCISSSDGSTRYADSVKGRFTISSDNAKNTVYLQIDSLKPEDTAVYYCASTSEGCHDDRFYDYWGQGTQVTVSS
seq4954,EVQLVESGGGLVQPGGSLRLSCAASGGVGFSVTNMGWFRQAPGKEREFVAVISSSSSTNYADSVKGRFTISADNSKNTAYLQMNSLKPEDTAVYYCTTFNWNDEGFDYWGQGTLVTVSS
seq4955,EVQLVESGGGLVQPGGSLTLSCAASGTMSAINALNWYRQPPGKERKMVAAITDNGNAHYADSVKGRFTISRDNARNMVFLQMNSLKPDDTAVYYCHYLEEEKLGVWVDYWGQGTQVTVSS
seq4956,EVQLVESGGGLVQPGGSLRLSCAASGRTLSIYSMSWFRQAPGKEREFVATIGWNSGRTYYADSVKGRFTISRDNSKNTLYLQMNSLRAEDTAVYYCAAAKGPLRLSSQADYWGQGTQVTVSS
seq4957,VQLQESGGGLVQAGGSLRLSCAASGRTFSSYAMAWFRQAPGKEREFVAAIAWSAGSTYYADSVKGRFAISRDNAENTVYLQMNSLKPEDTAVYYCAARIITVATMRLDSDYDYWGQGTQVTVSS
seq4958,EVQLVESGGGLVQAGGSLRLSCAAFGFTFDDYAIGWFRQAPGKEREGVSYIGCNDYSTYYSDSVKGRFTISCDYAKNTVYLQMNNLKPEDTAVYYCAAAAQWATIRWIHEYDYNYWGQGTQVTVSS
seq4959,QVQLVQSGGEVKKPGGSLRLSCAASGSIFSIYDMGWYRQAPGKQRELVAFITRGGSTNYADSVKGRFTISRDNAKNTVYLQMNSLKPEDTAVYYCNADRVGATMRRVSYWGQGTQVG
seq4960,EVQLLESGGGEVQPGGSLRLSCAASGSVFSIDAMGWYRQAPGKQRELVAVLSGISSAKYAESVKGRFTISRASAPNTLYLQMSSLRAEDTAVYYCYADVSTGWGRDAHGYWGQGTLVTV
seq4961,VQLQQSGGGLVQAGGSLRLSCAASGSTFISIKTMGWYRQAPGKQRELVAGITKNNYINYADSVKGRFTISRDNGKNTVYLQMNGLKPEDTAVYYCTVQRRLGRVYWGQGTLVTVSS
seq4962,EVQLVESGGGLVQPGGSLRLSCAASGSIFSIYAMDWFRQAPGKEREFVAAISSDDSTTYYADSVKGRFTISADNSKNTAYLQMNSLKPEDTAVYYCTAVLPAYDDWGQGTLVTVSS
seq4963,EVQLVESGGGLVQPGGSLRLSCAASGFTFSTSWMGWFRQAPGKEREFVASINEYGGRNYADSVKGRFTISADNSKNTAYLQMNSLKPEDTAVYYCAGLHYYYDSSGYNPTEYYGMDVWGQGTLVTVSS
seq4964,EVQLVESGGGLVQAGGSLRLSCAASGSIFNFNYMGWFRQAPGKEREFVSAIRWSGISTYYADSVKGRFTISRDDAKNTVYLQMNSLKPEDTAIYYCALRKGIPYSTSDRYIKGVNDYDYWGQGTQVTVSS
seq4965,IRLLVESGGGLVQAGGSLRLSCTASGRTFSRYYMGWFRQAPGKEPESVALISRSGGSTDYADSVKGRFTISRDNAKNTPYLQMNSLIPEDTADYYCAANIAAGWDTLSRDWRDKRTYSYWGQGTQVTVSS
seq4966,EVQLVESGGGLVQAGGSLGASRSASGLPLSRNSAGWYRQGPGKRREFVARIRMGGSINYADSVKGRFTVSGDNAKNMMYLQMNDLKPEDTAGYFCSGWREGFYEYWGQGTQVTVSS
seq4967,QVQLVETGGLVQTGGSLRLSCSASGRTFSHYTMGWFRQAPGKEREFVATISRSGGKTAYADSVKGRFTISRDNAKNMVFLQMTSLKSEDTAVYYCAASRLTGPQPLHDKYAYWGQGTQVTVSS
seq4968,QVQLQESGGGLVQPGGSLRLSCAASESTFSINAVAWYRQAPGKRRELVAGISGGGVTSYPDSVKGRFTISRDNAKNIVYLQMSSLKPEDTAVYYCNLWPPRASPGGRVYWGQGTQVTVSS
seq4969,EVQLVESGGGLVQPGGSLRLSCAASGRTFGDDTMGWFRQAPGKERECVAAINWSGGNTYYADSVKGRFTISADNSKNTAYLQMNSLKPEDTAVYYCATDPPLFWGQGTLVTVSS
seq4970,QVQLVESGGGLVQPGGSLRLSCAASGSIFSASVMGWYRQGPGKQREFVARISPGGVTHYADSVKGRFTISKDNAKNTVTLQMNSLKPEDTAVYYCNADRFGFEVYWGQGTLVTVSS
seq4971,EVQLVESGGGLVQAGGSLRLSCAISGRTLSGRAMGWFRQAPGKEREFREFVAATSWSGGSKYVADSVTGRFTIFRDNAENTAYLQMNSLNPEDTAVYYCAVTKRYYSIKYYSTVEDYEYWGQGTQVTVSS
seq4972,NGSLRLSCAASGRTFSTAAMGWFRQAPGKERDFVAGIYWTVGSTYYADSAKGRFTISRDNAKNTVYLQMDSLKPEDTAVYYCAARRRGFTLAPTRANEYDYWGQGTQVTVSS
seq4973,EVQLVESGGGLVQPGRSLTLSCAASTNISSISPMGWYRQAPGKQRELVAAIHGFSTVYADSVKGRFTISRDNAKNSIYLQMNSLRPEDTALYYCNKVPWGRYHPRNVYWGQGTQVTVSS
seq4974,VQLQESGGGLVQAGGSLRLSCAASGRTFSMYAIGWFRQAPGKERELVASISSGGSTNYADSVKGRFTISRDNAEKTVYLQMMSLEPEATGVYYCAARDGSALYTAHSDWDYWGQGTQVTVSS
seq4975,EVQLVESGGGVVQAGGSLRLSCAASGGTFSFYGMGWFRQAPGKEQEFVADIRTSAGRTYYADSVKGRFTISRDNAKNTVYLQMNSLKPEDTAVYYCAAEMSGISGWDYWGQGTLVTVKS
seq4976,VQLQASGGGLVQAGGSLRLSCVASGRTFSSYGMGWFRQAPGKEREFVASINWRGSSTYYADSVKGRFTISRDNTVNTVSLQMNNLKPADTGVYYCAAWGAGEDEDYWGQGTQVTVSS
seq4977,EVQLVESGGGLVQPGGSLRLTCAASGTIFKVNVMAWYRQAPGKGRELVAAIITGGSTSYADSVKGRFTISRDNAKNTLYLQMNSLRPEDTAVYYCAFVTTNSDYDLGRDYWGQGTLVTVSS
seq4978,QVKLEESGGGFVQPGGSLRLSCAASGFSLHYYAIGWFRQAPGKEREWVSAISNIDDDTYYEDSVKGRFTISRDNAKNTAYLQMNNLKPEDTAVYYCAADKDVVVVRTGLSESDYWGQGTQVTVSS
seq4979,DVQLQASGGGLVQTGDSLTVSCAASGLSFTRYTMGWYREVPGKERREFVAAVKPAGDSAYYGASVKGRFTASRDNAKNTVTLQMNSLKPEDTAIYYCAAGFPVLTALHIADPDYWGQGTQVTVSP
seq4980,EVQLVESGGGLVHAGGSLRLSCAASGRTSSTYFMGWFRQAPGKAREFVANINFSGGTTVYASSVKGRFTISRDNSKNTVYLQLNSVKPEDTAVYYCSARGLNQEYDFWGQGTQVTVSS
seq4981,EVQLVESGGGLVQAGGSLRLSCAASGRTFSNTLMGWSRRAPGKEREFVAAISGSGTLTSYADSVKGRFAISRDNANDTVYLQMNSLKPEDTAIYYCAAGLTGWAVIPSRTLTTWGQGTQVTVSS
seq4982,QVKLVESGGGLVQAGGSLRLSCTVSGFTFDDLVMAWFRQAPGKERQLVSLVATAGNSVYADSVKGRFTLSRDNAHSTAYLQMNGLKPEDTAMYYCAARTDSEHAFKFWGQGTQVTVSS
seq4983,EVQLVESGGGEVQPGGSLRLSCAASGRPFSSSAMGWFRQAPGKERETVAAVSRNGGSSYYADFVKGRFTISRDNAKNTVYLQMSSLRAEDTAVYYCAARSAAYSRSSETYTEKHDYTYWGQGTLVTVKP
seq4984,QVQLQESGGGSCRLEGLLKLSCTASMYIYCGYSMTWYRQAPGKEREFVAGTDLDGTTTYADSVKGRFTISQDNAKNTVYLQMNSLKPEDTAMYYCKRCNYWGQGTQVTVSS
seq4985,QVQLQESGGGLVQAGGSLRLSCLASMTTLGFKTMGWYRQAPGKQRELVAAITSGGTANYADSVKGRFAISRENAKNTLYLQMNSLKPEDTALYYCASTTGWTEVGGRNDYWGQGTLVTVSS
seq4986,DVQLVESGGGVVQPGGSLRLSCAASGLTFSSYAMGWFRQAPGKERERVVSISRGGGYTYYADSVKGRFTISRDNSENTVYLQMNSLRPEDTALYYCAAARYWATGSEYEFDYWGQGTLVTVSS
seq4987,VKLEESGGGLVQAGGSLRLSCAVSGSTFDDYAIGWYRQAPGKQREVVAVITNGNSPNYADSVKGRFTISRDNAKNTVYLQMNSLKPEDTAVYYCNVEGVRYGDSWYDGDYWGQGTQVTVSS
seq4988,QVQLQESGGGSVQAGEALRLSCVGSGYTSINPYMAWFRQAPGKEREGVAAISSGGVYTYYADSVKGRFTISRDNVKNTMYLQMPTLKPEDSGKYYCAADFRRGGSWNVDPLRYDYQHWGQGTQVTVSS
seq4989,QVQLQESGGGSVQTGGSLRLSCAASTSIYSNNYMAWFRQAPAKGREGVAAVYIGDGRPYYADSVKGRFTISLDSAKNTVYLQMNSLKPEDTAIYYCAAAPGPLSRHYWYTSANYDYWGPGTQVTVSS
seq4990,VQLVESGGGVVQPGGSLRLSCAASGGTFSFYGMGWFRQAPGKEREFVADIRTSAGRTYYADSVKGRFTISRDNSKNTVYLQMNSLRPEDTALYYCAAEPSGISGWDYWGQGTLVTVS
seq4991,EVQLVESGGGLVQPGGSLKLSCAASGFTLDHYAIGWFRQAPGEKREGVSCINVNRGTSAYADSVKGRFTISRDNAKNTVYLQMDNLRPEDTAVYYCAALLEGASGDVCDDVNQNYGMDYWGKGTLVTVSS
seq4992,EVQLVESGGGLVQPGGSLRLSCAASGRAINAYNMGWFRQAPGKGREFVSAINWNAARTYYAESVKGRFTISRDNAKNTLYLQMSSLRAEDTAVYYCAASGRWSAAVPSGEDQYNFWGQGTLVTVKP
seq4993,QVQLQESGGGLVQPGGSTRLSCVSSRTFSYYDMGWFRQAPGKEREFVALLSWNGENAEYSDSVMGRFTVSRGNTQNSVNLQMNNLKPEDTGIYYCAVTHGGARSVRSWGQGTQVTVSS
seq4994,QLQLVESGGGLVQAGGSLRLSCAASGRTFRTYAMGWVRQAPGKGLEWVSSISGSGGSKIYADSVKGRFTISRDNAKDTVNLQMNSLKPEDTAVYYCAVARGYYGTMASDPGLYDYWGQGTQVTVSS
seq4995,EVQLVESGGGLVQPGGSLRLSCAANGSVYKVNAMAWYRQAPGKGRELVAGIVTGGTSNYADSVKGRFTISRDNAKNTLYLQMNSLRPEDTAVYYCAFVTTNSDYDLGRDYWGQGTLVTVSS
seq4996,EVQLVESGGDLVQPGGSLRLSCAASGSIFSINDMGWFRQAPGKQRELVADIISRGVTNYADSVKGRFTISGDHAKNTVYLQMNSLKPEDTAVYYCNAHISTGWGRPHNNYWGQGTQVTVSS
seq4997,QVQLQESGGGLVQAGGSLRLSCAASGRTFSSHAMAWFRQGPGEERQFLAAIRWNGDNIHYSDSAKGRFTISRDLAKNTLYLQMNSLKPEDTAVYYCARGVYDYWGQGTQVTVSS
seq4998,EVQLQESGGGLVQAGGSLRLSCAASGRTFSIYTIGWFRQAPGKEREFVAEITWSGGSTYYADSVKGRFTISRDNAKNTVYLQMNSLKPEDTAVYYCAAITYTRGIYKYWGQGTQVTV
seq4999,QVQLQESGGGSVQDGGSLTLSCAASSSYVFNNLNMGWFRQAPGKECELVSTLFVNGITNYADSVKGRFTVSRDNAKNTVFLHMTNLSTEDTAVYYCAAPDVCSATRCGPACRGQGTQVTVSS
seq5000,QVKLEESGGGSAQTGGSLRLTCAASGRTSRSYGMGWFRQAPGKEREFVSGISWRGDSTGYADSVKGRFTISRDNAKNTVDLQMNSLTPEDTARYYCAAAAGSAWYGTLYEYDYWGQGTQVTVSS
seq5001,EVQLVESGGGLVQAGGSLRLSCTASGSAFSSSVVGWFRQAPGKEREFVTAINWSGARTDYADSVKGRFTISRDNAKNTAYLQMSSLKPEDTAVYYCAAGSDRYARVLTEYEYVWWGQGTQVTVSS
seq5002,QVQLQESGGALVQPGGSLRLSCAASGFPFSAYDMTWVRQAPGQGLEWVSTIHKSGGITTYADSVKGRFTISRDNAKNTLYLQMNNLESEDTAVYYCAKALRAHNSDYVGRNALGSWGEGTLVTVSS
seq5003,EVQLVESGGGLVQPGGSLTLSCVASGSTSSINAYGWYRRAPGKQRELVAGISSDGSAVYADSVKGRFTISRDNAKNSVYLQMNSLRAEDTAVYYCYYFRTHSGSSMRYWGQGTLVTVSS
seq5004,EVQLVESGGGLVQPGGSLRLSCAASGNIFRIDTMVWYRQAPGKQRELVAGISRGGTTNYAHSVKGRFTISRDNAKNTMYLQMNSLKSEDTATYYCNAQAWDVGTIRYLEVWGQGTLVTVS
seq5005,QVQLQESGGGLVQPGGPLRLSCAASGFSVAYYGMGWFRQAPGKEREGVACISALRDTTYYTDSVKGRFTLSRDNVKNTLSLQMNSLKPEDTGVYYCATTDCDATSRMTYLSYLGQGTQVTVSS
seq5006,VRLVESGGGSVQSGGSLRLSCAASGYARSSTCLGWFRQAPGKEVEGVAIIGRDGSTGYADSVKGRFTISQDNAKNTLYLHMDSLKPEDTAMYYCAAVEGGCEVSEGTGEQQLAYWGQGTQVTVSS
seq5007,EVQLVESGGGLVQAGGTLRLSCAASGVRFDDSAVGWFRQAPGKESEGVSCLDSADSFTFYTDSVKGRFVTSADNAKNMIFLQMNSLKPVDTGVYYCVVYRRRHRCSAFGIANEYDYRGQGTQVTVSS
seq5008,EVQLVESGGGLVQVGDSLRLACAASGRTFSTYLMVGWFRQAPGKEREFAAGIWSSGDTAYADSVKGRFTISRDNAKNTVYLQMNSLKTEDTAVYYCAGSYDGNYYIPGFYKDWGQGTQVTVSS
seq5009,EVQLVESGGGLVQAGGSLRLSCAASGSFFRVNNMAWYRQAPGKQRELVADITRGDRTNYADSVNGRFTISRDNVRNTVYLQMNGLKPEDTAVYYCYARIELGPLVPRDYWGQGTQVTVSS
seq5010,QVQLQEFGGGVVQSGGSLRLSCVASGNIFRINAMGWYRQAPGKQRELVARISSGGSTNYADSVKGRFTISRDNVKNTVTLQMNSLKPEDTAVYYCNARRPLRWYEYWGQGTLVTVSS
seq5011,QVQLQESGGGLVQPGGSLRLSCAAFGFTLDQHAIGWFRQSPGNEREAVSCINANDGAIYYADSVKGRFTLSRDNDKNTVDLQMNSLKSDDTAVYYCAANSGRYCARIGYDYWGQGTQVTVSS
seq5012,EVQLQASGGGLVQAGDSLRLSCVAVSGRTISTFAMGWFRQAPGKEREFVATINWSGSSARYADPVEGRFTISRDDAKNTVYLEMSSLKPGDSAVYYCASGRYLGGITSYSQGDFAPWGQGTQVTVSS
seq5013,EVQLVESGGGLVQAGGSLRLSCAASGNAFSIDAAAWYRQAPGKQREPVATILTGGSTNYADSVKGRFTISRDNAKNLVYLQMNSLKPEDTAVYYCYVPMVYYSGRYSDYWGQGTQVTVSS
seq5014,QVQLQESGGGSVQAGGSLRLSCAASGYIYSAYCMGWFRQAPGKERVGVAAISIGGGSTYYADSVKGRFTISQDNAKNTLYLQMNSLKPEDTAMYYCAADVIPTETCLGGSWSGPFGYWGQGTQVTVSS
seq5015,EVQLVESGGGLVQPGGSMRLSCAASGSSLDAYGLGWFRQAPGKEREGVSCISGSDNSTYYADSVKGRFSISRDIAKNTVYLQMNGLKPEDTAVYYCAAKFLGFRQRSPTWFSRSWSEGSDYQYWGQGTQVTVSS
seq5016,GGGLVQPGGSLRLSCVGSGFTFDDYVLNWVRQAPGKGLEWVSTIASGAGTTYYAGSVKGRFTISRDYYKNTLYLQMNSLTPDDTAVYHCTTGSWYRYNSWGQGTQVIVSS
seq5017,VQLQESGGGLVQPGGSLRLSCAASGSIFSINAMGWYRQAPGKQRELVAAITSGGSTNYADSVKGRFTISRDNAENTVYLQMNNLKPEDTAVYSCNAEGTSGSSRYRRRYEYWGKGTQVTVSS
seq5018,EVQLVESGGGLVQAGGPLGLSCSASGIPFSRNSAGWYRQAPGKQREFVARIRMGGSRNYGDSVKGRFTVSGDIAKNTMYLQMNDLKPEDTAKDFGSSWREGFYEYWGQGTQVTVSS
seq5019,EVQLVESGGGLVQAGDSLRLSCAASGRSFSDYAMAWFRQTDAKEREFVADISRFGGTKNYAASVKGRFTISRDNAKNTVTLQMNSLKPEDAGTYYCGGQLYYSRNNRYDYWGQGTQVTVSS
seq5020,QVKLEESGGGSVQTGGSLRLSCAASASIFTRLPMGWYRQAPGKQRELVVGIVPSGRINYADSVKGRFTISRDNAKNTVYLQMNSLRPEDTAVYYCRADTFPLPTWGQGTQVTVSS
seq5021,QVQLVESGGGSVQAGGSLRLSCANSRFASTTNCMGWFRQAPGKEREGVAVINLGGGSTYYADSVKGRFTISQDKAENTVYLQMNSLKPEDTAIYYCAARWAYCRSFRDSPNYWGQGTQVTVSS
seq5022,EVQLVESGGGLVQPGGSLRLSCAASGLAFDFDGMGWFRQAPGKEREGVAAINSGGSTYYADSVKGRFTISADNSKNTAYLQMNSLKPEDTAVYYCARFFRAHDYWGQGTLVTVSS
seq5023,EVQLVESGGGLVQPGGSLRLSCATSGFTLDYYVIGWFRQAPGKEREGVSCMSSSGDSTTYADSVKGRFTISRDNAKNMVYLQMTSLKPEDTAVYYCAADFALGCYSGSYYPRYDYWGQGTQVTVSS
seq5024,GGSVQAGGSLKLSCLGSGDTPSLKCMAWFRQAPGKGREGVAVIAPVDNSITYADSVKGRFTISRDNAKTTLSLQMNGLKPDDTAMYYCAATRGTDPDCSKRLSAPRFFWGQGTQVTVSS
seq5025,QVQLQESGGGLVQPGGSLRLSCAASGMTYSIHAMGWYRQAPGKERELVAITSTSGTTDYTDSVKGRFTISRDGANNTVYLQMNSLKSEDTAVYYCHVKTRTWYNGKYDYWGQGTQVTVSS
seq5026,LQESGGGLVQTGGSLRLSCATSGRTFSSFVMGWFRQAAGTEREFVSAISERGSLIHYADFVKGRFTISRDNAENTVSLQMNSLKPEDTAVYYCAAVIGGRWPPSEYAYWGQGTQVT
seq5027,EVQLVESGGGLVQAGGSLRLSCAASGSISSLNTMAWYRQTPGQQREWVARITGAGSTTYADSVKGRFTISRDDALYTVYLQMTSLKPEDTAVYYCAARTLPLGADNWWGQGTQVTVSS
seq5028,EVQLLESGGGLVQPGGSLRLSCAASGRIFSLPASGNIFNLLTIAWYRQAPGKGRELVATINSGSRTNYADSVKGRFTISRDNSKNTLYLQMNSLRPEDTAVYYCQTSGSGSPNFWGQGTLVTVSS
seq5029,QVQLQESGGGLVQAGGSLRLSCAASASIFSRDTMAWYRQVPGEQRELVAYVTNFGGTNHADSVKGRFTISRDNAKNTVYLQMNSLKPEDTAVYYCAADLISLRTHTWEYWGQGTQVTVSS
seq5030,QVQLQESGGGLVQPGGSLRLSCAASGSIFSINTMGWYRQAPGKQRELVAAITNRGSTNYADFVKGRFTISRDNAKNTVYLQMNSLKPDDTAVYYCNAHRSWPRYDSWGQGTQVTVSS
seq5031,VQLVESGGGLVQPGGSLRLSCVASGNMFGINTMGWFRAAPGKERQFVAADNFSGGRKNIDFSVRGRFTMSRDAASNTIYLQMNSLKVEDTAVYYCAAGANTMMIVADNYEYWGQG
seq5032,EVQLVESGGGLVQAGGSLRLSCAASGPLPRDSILGWFRQAPGKEREFVASIVWTGVMTSYADSVKGRFTISRVNAENTVYLQMNGLKPEDTAVYYCAATTTFGRINWGRASWGQGTQVTVSS
seq5033,QVQLQESGGGSVQAGGSLRLSCAASGYTYSMYCMAWFRQAPGKEREGVAAINSGNRSTYYADSVKGRFTISQDNAKNTVYLIMNSLKPEDTAIYYCAADPQRCGSWTWANMYEYNYWGQGTQVTVSS
seq5034,EVQLVESGGGLVQPGRSLTLSCAASTDIFSISPMGWYRQAPGKQRELVAAIHGGSTLYADSVKGRFTISRDNAKNSIYLQMNSLRPEDTALYYCNKVPWGDYHPRNVAWGQGTQVTVSS
seq5035,QVQLQESGGGAVQPGGSLRLSCAASRFTLDNYAVGWFRQAPGKEREAVSCSSSSDGRTYYADSVKGRFTISRDNAKDTVYLQMNSLKPEDTAVYYCATGFFVRSCRSPDSYDYWGQGTQVIVSS
seq5036,VQLVESGGGSVQAGGSLRLSCAASGVSNTDMIMIWFRQAPGKEREGVLAAIYKNSTYYADSVKGRFTISQDNAKNTVYLQMNSLKPEDTAIYYCAAIAFNGHNHPILTIYWGQGTQVTV
seq5037,EVQLVESGGGLVQPGGSLTLSCAASRFMISEYHMHWVRQAPGKGLEWVSTINPAGTTDYAESVKGRFTISRDNAKNTLYLQMNSLKPEDTAVYYCDSYGYRGQGTQVTVSS
seq5038,QVQLQESGGGLVQAGGSLRLSCAASGRTFSSYAMGWFRQAPGKERELVAAISNGGSAYYADSVKGRFTISRDNARNTVYLQTNSLKPEDTAVYYCAARRGSAYYTNRIDWPYWGQGTQVTVSS
seq5039,EVQPVESGGGLVQPGGSLRLSCEASGFTWDYYVIGWFRQAPGKEREGLSCISSSDGSTTYADSVKGRFTISRDNAKNTVYLQMNSLKPEDTAVYYCAVDPALGCYSGSYYPRYDYWGQGTQVTVSS
seq5040,EVQLVESGGGLVQPGGSLRLSCAASGFTFPAYVMGWFRQAPGKERELLAVITRDGSTHYADSVKGRFTISADNSKNTAYLQMNSLKPEDTAVYYCAVNGRWRIWSSRNPWGQGTLVTVSS
seq5041,QVQLQESGGGLVQAGGSLRLSCAASGSIFSSNGMYWYRQAPGKQRELVASLYRSGSTNYADSVKGRFIISRDNAKNTVYLQMNSLKPEDTAVYYCNVNWALHDSWGQGTQVTVSS
seq5042,QVQLVESGGGLVQAGGSLRLSCAASIRSFSNRNMGWFRQPPGKEREFVAGISWGGGSTRYADSVKGRFTISRDNAKKTVYLQMNSLKPEDTAVYYCAAEFGHNIATSSDEYDYWGQGTQVTVSS
seq5043,EVQLVESGGGLVQAGGSLRLSCAASDRTFSSYAMAWFRQAPGKEREFVAQIIWSGGSTYYADSVKGRFTISGDNAKNTVYLQMNRLKPEDTAVYYCAADSGRTDWTADLYDYWGQGTQVTVSS
seq5044,EVQLVESGGELVQPGGSLRLSCAASGSILTINAMGWYRQAPGKQRELVVRRTRGGSTTYQDSVKGRFTISADIAKKTMYLQMNSLKPEDTAVYYCMLDDRGGVYWGQGTQVTVSS
seq5045,LQESGGGLVQAGGSLRLSCAASGPIFSIDTMGWFRQAAGKQRELVATVDSGGRTKYADSVKGRFTISRDYAKNTVYLQMNSLKPEDTAVYYCAAEWVASKAGLGTDYNDYWGQGTQVT
seq5046,ESGGGSAQAGGSLRLSCPASGLTSSTACLAWFRQAPGKEREGVARIRSLFGSTWYADSVKGRFTISQDTTKNMLYLQMDSLKPEDTAMYYCAAGRTGVCYSGSWSPDEFNYWGQGTQVTVSS
seq5047,VQLQESGGGLVQAGGSLRLSCTVSARTSSSHDMGWFRQAPGKEREFVAAISWSGGTTNYVDSVKGRFDISKDNAKNAVYLQMNSLKPEDTAVYYCAAKWRPLRYSDNPSNSDYNYWGQGTQVTVSS
seq5048,EVQLVESGGGLVQAGGSLRLSCAASTGTAYALGWFRQAPGKEREFVAAIRWTGMNTHYTDSVKGRFAISKDDAKNTVYLQMNSLNPEDTAVYYCALSRAIVPGDSEYDYRYWGQGTQVTVSS
seq5049,EVQLVESGGGLVQPGGSLRLSCAASGFSFDDDYVMGWFRQAPGKEREFVAAVSGSGDDTYYADSVKGRFTISADNSKNTAYLQMNSLKPEDTAVYYCAADRRGLASTRAADYDWGQGTLVTVSS
seq5050,QVQLVESGGALVQPGGSLRLSCAASGFSFSSYFMSWVRQAPGKGLEWVSSINSGGGSTYYATSVKGRFTISRDNAKNTLYLQMNSLKPEDTAVYYCTSQDWHYWGKGTQVTVSS
seq5051,VQLVESGGGSVQAGGPLRLTCAATGYSWRPDCMGWYRQAAEKEREGVAVIDADGITSYADAAKGRFTISRDNNNITLYLQMLKPDDTGMYVCVIGWRVSSGGNCQFNDYWGQGTQVTVSS
seq5052,EVQLLESGGGLVQPGGSLRLSCAASGRTFNNYNMGWFRQAPGKGREFVAAVSRSGVSTYYADSVKGRFTISRDNSKNTVYLQMNSLRPEDTATYYCAAAYRGTAINVRRSYSSWGQGTLVTVSS
seq5053,EVQLVESGGGLVQPGGSLRLSCAASGYTISSYCMGWFRQAPGKEREGVAAIDSDGSTSYADSVKGRFTISRDNSKNTLYLQMNSLRAEDTAMYYCAADFCWVDDFYEYNYWGQGTLVTVSS
seq5054,QVQLQQFGGGLVQAGGFLRFSCAASGSIFSINAMGWYRQAPGKQRELVATIISAGSTNYADSVKGRFTISADFGKNTVYLQMNSLKPGDTAVYYCNGDHYSGYGGQEYWGLGTQVTVSS
seq5055,EVQLVESGGGLVQAGGSLRLSCAASGGTFSSYDMGWYRQAPGKEREFVAFINWSGSSTYYADSVKGRFTISRDNAKNTVYLQMNSLKSEDTAIYYCNAQYGLGYAEDYWGQGTQVTVSS
seq5056,EVQLVESGGSLVQPGGSLRLSCAASGFTFDDYAMTWVRQASGKGLEWVSSINWSGTHTDYTDSVKGRFTISRNNANNTLYLQMNSLKSEDTAVYYCAKNWGDAGTTWFEKSGSAGQGTQVTVSS
seq5057,QVQLQESGGGSVQAGGSLRLSCTASGFTYSSYYMSWVRQAPGKGLEWVSGINVDGSNTYYADSVKGRFTISRDNAKNTLYLQMNSLKSEDTALYYCATGSGRDSYDCYSGSWCPKGQGTQVTVSS
seq5058,EVQLVESGGGEVQPGGSLRLSCAASGSMTGANTMGWYRQAPGKQRDLVSLIGNYVTHYAESVKGRFTISRDNAKNTVYLQMSSLRAEDTAVYYCYLYTDNLGTSWGQGTLVTVKP
seq5059,EVQLVESGGGLVQLSGRSDNHPGGSLRLSCAASGFTFDDYGMSWVRQAPGKALEWVSAISWNGNNTYYTESMKGRFTISRDNAKNTLYLQMNSLRPEDTAVYYCVKGSTAIVGVPPTYPDEYDYWGQGTLVTVSS
seq5060,EVQLVESGGGLVQPGGSLKLSCAASGFDFSSHWMYWVRQAPGKELEWLSEINTNGLITHYGDSVKGRFTVSRNNAANSMYLELTRLEPEDTALYYCARNQHGLNKGQGTQVTVSS
seq5061,SGGGLVQPGGSLRLSCAASAGNLDYYAIGWFRQAPGKEREGVSCISSSDGSTVYTDSVKGRFTISRDNTKNTVDLQMDNLKPEDTAVYYCATVVNYYCTAGGSIHASPYEIWGQGTQVTVSS
seq5062,QLQLQESGGGLVQPGGSLTLSCVASGIILSHNEMRWYRQNPGEPRDLVAGITSAAYTYYGDFVKGRFTISRDNAKNTAYLQMNRLSPEDTGNYYCEVSDGDNQYWGQGTQVTVSS
seq5063,QVQLQESGGDLVQPGGSLRVSCVVSGFTFSRYYMSWVRQAPGKGLEWVSSIDSYGYSTYYTDSVKGRFTISRDNAKNTLYLQMNSLKPEDTALYYCARAKTTWSYDYWGQGTQVTVSS
seq5064,QVQLVESGGGLVQAGGSLRLSCAASESTFSNYAMGWFRQAPGPEREFVATISQTGSHTYYRNSVKGRFTISRDNAKNTVYLQMNNMKPEDTAVYYCAAGDNYYYTRTYEYDYWGQGTQVT
seq5065,EVQLVESGGGLVQAGGSLRLSCAASGRTFSSYRMGWFRQAPGKEREMVASITSRKIPKYADSVKGRFTISADNAKNTVYLQMNSLKPEDTAVYYCAVWSGRDWGQGTQVTVSS
seq5066,QVQLQESGGGLVQPGGSLKLSCAASGSIFSIKTMGWYRQAPGKQRELVAAITSGGSTNYADSVKGRFTISRDNAKNTVYLQMNSLKPEDTAVYYCNADGVVAWDQPYDNYWGQGTQVTVSS
seq5067,QVQLQESGGGSVQTGGSLRLSCAVSPYIGSRISLGWFRQAPGKVREGVALINSRDGSTYYADTVKGRFTISQGDANTVYLQMNSLKPEDTAIYYCAARWGQITDIQALAVASFPDWGQGTQVTVSS
seq5068,VQLVETGGLVQTGGSLRLSCSASGRTFSHYTMGWFRQAPGKEREFVATISRSGGKTAYADSVKGRFTISRDNAKNMVFLQMTSLKSEDTAVYYCAASRLTGPQPLHDKYAYWGQGTQVTVSS
seq5069,EVQLVESGGGLVQPGDSLKLSCIASGRTSSSYSMGWFRQAQGQEREFVVAISSGGYIYDSVSLQGRFTISRDNTKNTVYLQTPSLKPEDTAVYYCAASRAYGSSRLRLADTYDYWGQGTQVTVSS
seq5070,QVQLQESGGGLVQAGGSLRLSCAVSGNTLSRYAMGWFRQTPGKEREFVAAIRWNNGATYYADAVEGRFTISRDSGKNTVYLQMNNLQPEDTAVYYCAGRFLGYASSNAYHEALYNYDYWGQGTQVTVSS
seq5071,QVQLQESGGGLVQAGGSLRLSCAFSGSIFKMGWFRQAPGKEREFVAAIRWSGGSTYYADSVKGRFTISRDNAKNTVYLQMDSLKPEDTAVYYCAATWDLAGWNTVDEYDYWGQGTQVTVSS
seq5072,EVQLVESGGGLVQAGGSLRLSCAASGSIFSIYAMGWYRQAPGKQRELVAAITSGGSTNYADSVMGRFTISRDNAKNTVYLQMNSLKPEDTAVYYCNANAHEEGVYRWDFWGQGTQVTVSS
seq5073,EVQLVESGGGLVQAGGSLRLSCTAGGDTFSSYAMGWFRQTPGKEREFVASISWIGKFTYYADSVKGRFTISGENAKNTVYLQMNSLKPEDTAVYYCAAKTIVGGTTAWDRWGQGTQVTVSS
seq5074,LQQSGGGLVQAGGSLRLSCVASGIIASDSAMAWYRQAPGKGREYVAHITAGGLSNYEDFVNGRFTISRDNARNTMYLQMNSLKPEDTAVYYCNVGQSYIRSYYNPGDYWGQGTQVT
seq5075,QVQLVESGGALVQPGGSLRLSCAASGFPVNRYSMRWYRQAPGKEREWVAGMSSAGDRSSYEDSVKGRFTISRDDARNTVYLQMNSLKPEDTAVYYCNVNVGFEYWGQGTQVTV
seq5076,DVQLVESGGGLVQAGDSLRLSCAASGRTFISYAVGWFRQAPGSEREFVAGIRWNGIHTDYADSVKGRFTISRDNAKNTVTLEMTSLKPEDTAVYYCAAHRTIATIPEKYEYEYWGQGTQVTVSS
seq5077,EVQLVESGGGLVQPGRSLTLSCAASTNIFSTSPMGWYRQAPGKQRELVAAIHGFQTLYADSVKGRFTISRDNAKNSIYLQMNSLRPEDTALYYCNKVPWGDYHPRNVVWGQGTQVTVSS
seq5078,EVQLVESGGGLVQAGGSLRLSCAASGRTFDTYFVGWFRQAPGKERDFVAAISWSGDRTFYADSVKGRFTISRDNAKNTEYLQMNSLKPEDTAVYYCAAREYGRLYSDSEAYDYWGQGTQVTVSS
seq5079,QVQLQESGGGSVQAGGSLRLSCAASGRTFSRNAMGWFRQAPGKEREFVAAISWSGRNTYYADSVKGRFTVSRDDAKNTVYLQMNSLKPEDTAVYYCAAHYQGSYGSALAYDTWGQGTQVTVSS
seq5080,EVQLVESGGGLVQAGGSLRLSCARSGRISNINIMAWYRQAPGKTRDMVAAIIGDSTNYADSVKGRFTISRDNAKNTVYLHMNRLKPEDTGVYYCKISGVDWGQGTQVTVSS
seq5081,QVQLQESGGGTVQAGGSVSLSCTASGNFFELRTMGWYRQTPGSQRELVADITGVGRTNYAGSAKGRFTISRDNAKNTVYFQMNNLKPEDTGVYYCNADYSLYWGQGTQVTVSS
seq5082,LQESGGGLVQPGGSLRLSCAASGSFGYIGGMGWYRQTPGKQREFVAWITSDLSADYADSVKGRFTISRDNARHTVYLEMNNLKPEDTGVYYCNARRPSSSTILDDWGQGTQVT
seq5083,QVQLQESGGGLVQTGGSLRLSCVASGSIFSISSAVWSRQAPGKQREWVASIFSDGSTNYATSVKGRFTISRDHAKNTVYLQMNSLKPEDTGVYYCAVDGYRGQGTQVTVSS
seq5084,QVQLQESGPGLVKPSQTLSLTCTVSGGSITSRYYAWSWIRQPPGKGLEWIGVIDYDGDTYYSPSLKSRTTISWDTSKNQFSLQLSSVTAEDTAVYYCARDPDVVTGFHYDYWGQGTLVTVSS
seq5085,QVKLEESGGGLVQAGGSLRLSCAAPRSGVVIAYMAWYRQAPEKQRELVASISSGGTTNYAVFAKGRFTISADNAKNTVYLQMNSLKPEDTAVYICNAYAMSTETMVSQDYWGQGTQVTVSS
seq5086,EVQLVESGGGLVQAGGSLRLSCAASGFTFSSYWMYWVRQAPGKGLEWISALAPGGEHRYYADSVNGRFTISRDNAKNSLYLQMNSLKSEDTAVYYCAKDHNVGYRTGEYDYGGQGTQVTVSS
seq5087,EVQLVESGGGLVQPGDSLRLSCAASGFTLDYYNIGWFRQAPGKEREWVACIRSSDGSTYYTDSVKGRFTISRNNAKNTVYLQMNSLKPEDTAVYYCAAPFIHYSDLCGVNGNDYWGQGTQVTVSS
seq5088,EVQLVESGGGLVQAGGSLRLSCAASGGIFSSHAISWFRQAPGKAREFVAAINWSGSHRDYADSAKGRFTISRDNAKKTAYLQMNSLRPEDTAVYYCVGGWKTDEYVKWGQGTQVTVSS
seq5089,QVKLEESGGGLVQPGGSLRLSCAASGSIFSIKAMAWYRQAPGKQRELVAYIRSGGTTNYADSVKGRFTISRDIAKNTVYLQMNSLKPEDTAVYYCNADYSPPGSRFPDLGPWGQGTQVTVSS
seq5090,QVQLVESGGGLVQPGGSLRLSCAASGFTFSSYAMTWVRQAPGKGLEWVGDINGVGNYTYYADSVKGRFTISRDNAKNTLYLQMNNLKPEDTAVYYCAPGGAATVVGGPYDYWGQGTQVTVSS
seq5091,QVQLQESGGGLVQPGGSLRLSCSASGSISRIYDMAWHRQVPGKQRELVAGISRGGSTNVADSLKGRFTISRDNGKNTVYLQMDNLKSEDTAVYYCTALFNPVDGTARYYWGQGTQVTVSS
seq5092,QVQLQESGGGLVQAGGSLRLSCVASGIAFSSKYMKWYRQVQGKQREFVAGISSSSTTTSTAESVKGRFTISRDNAKNTVYLQMNSLKPEDTGVYYCHVPLNVWGQGTQVTVSS
seq5093,EVQLVESGGGLVQPGGSLRLSCAASGRTSSPIAMGWFRQAPGKEREFVSGITWSGAYTHYANSVKGRFTISRDSAKNTVYLQMNSLKPEDTAVYYCTTATNSTTGYDYWGQGTQVTVSS
seq5094,QVQLQESGGGLVQAGGSLRLSCAASGSIFRYRRMGWYRQAPGKEREFVASISPGTNTNYADSVKGRFTISRDNAKNTVYLQMNSLKPEDTAVYYCAVPDGYRPHLEPDRRGYSAYIYWGQGTQVTVSS
seq5095,EVQLVESGGGLVQPGRSLTLSCAASTNIFSTSPMGWYRQAPGKQRELVAAIHGFSTIYADSVKGRFTISRDNAKNSIYLQMNSLRPEDTALYYCNKVPWGDYHPGNVYWGQGTQVTVSS
seq5096,EVQLVESGGGLVQAGGSLRLSCAASGTISSINAMGWFRQAPGKEREFVAAIVKGFSWGSGSVIYADSVKGRFTISRDNAKNTMSLQMNSLELEDTAIYYCANGRRSSARSGANYEYWGQGTQVTVSS
seq5097,EVQLVESGGGLVQPGGSLRLSCAASGGIFRFNAMGWFRQAPGKERELVAGISGSGGDTYYADSVKGRFTISADNSKNTAYLQMNSLKPEDTAVYYCAAFRGIMRPDWGQGTLVTVSS
seq5098,EVQLVESGGGLVLAGGSLRLSCVHSGPTFRTDTMGWFRQAPGKEREFVAAVTWNSGRINYADSVKGRFTVSRDNTRNAAYLQMSGLKDEDTAVYYCTAHRFVVGGNRVEDWRYWGQGTQVTVSS
seq5099,AVQLVDSGGGLVQPGGSLRLSCTASGFTLDYYAIGWFRQAPGKEREGVACISNSDGSTYYGDSVKGRFTISRDNAKTTVYLQMNSLKPEDTAVYYCATADRHYSASHHPFADFAFNSWGQGTQVTVSS
seq5100,QVQLQESGGGSVQAGGSLRLSCAASGYTSGYYVMGWYRQAPGKLREFVSSIDSNGGTMYADSVKGRFTISQDNAKNTAHLQMNSLKPEDTAMYYCKRDSPGNFYWGQGTQVTVSS
seq5101,QVQLQDSGGGLVQPGGSLRLSCAASGFTLDNYAIGWFRQAPGKEREGVSCISSGNSYTYYEDPVKGRFTISRDNAKNTVYLQMNSLKPEDTAVYYCAARLFGVATMDPSYFDSWGQGTQVTVSS
seq5102,EVQLVESGGGLVQPGGSLRLSCTASGRTFLTYAVGWFRQAPGKGLEFVAGIRWSGGYTDYADSVKGRFTISRDNSKNTVYLQMNSLRAEDTAVYYCAAHRTIATIPEKYEYEYWGQGTLVTVSS
seq5103,EVQLVESGGGVVQPGGSLRLSCAASGGTFSFYGMGWFRQAPGKEREFVADIRTSAGRTYYADSVKGRFTISRDKSKNTVYLQMNSLRPEDTALYYCAAEPSGISGWDYWGQGTLVTVSS
seq5104,LQQSGGGFVQPGGSLRLSCTASGRTSTVNGMGWYRQAPGKLRERVAVVMPRGTTQYHDNVKGRFTISRDNTRTTAYLQMNDLQPDDTANYYCFADVGPTVKVGQGTQVT
seq5105,EVQLAESGGGSVQAGGSLRLSCVISGTSISPDCMGWFRQAPGKKREAVMSIFTNTGSTRYGDSVKGRFTSSQGNAKNTLYLQMDSLKLDDTATYYCAARYTGGDCFNLEPLAWRFWGQGTQVTVSS
seq5106,QVQLQESGGGLVQPGASLRVSCAASEYILSMYRMAWYRQAPGKVRELVADMSSGGTTNYADFVKGRFTISRDNDRNTVYLQMNRLQPEDTAAYYCNVAGRTGPPSYDAFNNWGQGTQVTVSS
seq5107,EVQLVESGGGLVQPGGSLRISCAASGSIYLINYMGWYRQAPGKQRELVATLTSGGSTNYAGSVKGRFAISRDNAKNTVYLQMNSLKPEDTALYYCNIGGTLYDRRRFESWGQGTLVQVSS
seq5108,EVQLVESGGGLVQAGGSLRLSCAASGRTFSSSNMGWFRQAPGEEREFVTAIDWSGGRTYYADSVKGRFTISRDNAKNTVYLQMDSLKPEDTAVYYCAAQGSGLDWGYPWTYDYWGQGTQVTVSS
seq5109,QVQLQDSGGGLVQAGGSLRLSCAVSGRTFSAHSVYTMGWFRQAPGKEREFVARIYWSSANTYYADSVKGRFTISRDNAKNTVDLLMNSLKPEDTAVYYCAARDGIPTSRTVGSYNYWGQGTQVTVSS
seq5110,EVQLVESGGGLVQAGDSLRLSCAASGRTFSFDAKGWFRQAPGKEREFVAAINWSGSDTHYADSVKGRFTISRDNAKNTAYLQMNSLKPEDTAVYYCAAAFDYSGSYDSVGLWDYWGQGTQVTVSS
seq5111,EVQLVESGGGLVQPGGSLRLSCAASGFTFDDYGMSWVRQAPGKALEWVSAISWNGNNTYYTESMKGRFTISRDNAKNTLYLQMNSLRPEDTAVYYCVKGSTAIVGVPPTYPDEYDYWGQGTLVTVSS
seq5112,QVQLQEFGGGVVQSGGSLRLSCVASGNIFRINAMGWYRQAPGKSRVLVASIDSAGRTNYGDAVEDRFTISRDIANNIVNLQMNSLKPEDTAVYYCSTWRLGRNYWGQGTQVTVSS
seq5113,EVQLVESGGGLVQSGGSLRLSCAASGRTFSTDFMGWFRQAPGKEREFVATIDWRSGSAGYADSVQGRFTISKDNAKNTVYLQMMNLQPGDTGVYYCAAQMIGASSYGYWGRGTQVTVSS
seq5114,QLVESGGGMAQPGGSLKLSCAASGFTFDDYAMTWVRQAPGKGLEWLSTISWNDINTYYAESMKDRFTISRDNAKNTLYLQMNSLESEDTAVYYCAKRRDNYYGTSGEYDYWGQGTQVTVSS
seq5115,QVQLQESGGGSVQPGGSLRLSCAVSGFILDYYGIGWFRQAPGKEREAVSCISSSDGSTYYADSVKGRFTISRDNALNTLYLQMNSLKPEDTAVYYCATATLCDGGIWGYWGQGTQVTVSS
seq5116,QVQLVESGGGLVQAGDSLRLSCAASGRTFSDYAMGWFRQAPGKEREFVARINWSGTLTYYADSVKGRFTGSRDNAKNTVYLQMNSLKPEDTAVYYCAQRGDSGSNYDPSGYSYWGQGTQVTVSS
seq5117,EVQLVESGGGLVQPGGSLRLSCAASGRPLRRYVMGWFRQAPGKEREFVAAITNGGSTKYADSVKGRFTISADNSKNTAYLQMNSLKPEDTAVYYCARGTPWRLLWFGTLGPPPAFDYWGQGTLVTVSS
seq5118,EVQLVESGGGLVQAGGSLRLSCAASGRSFSNYIMGWFRQAPGKEREFVANISWNYGTTFYADSVKGRFTISGDSAKNTVYLQMTSLKPEDTAVYYCAARPVRGGRNFDYWGQGTQVTVSS
seq5119,EVQLVESGGGLVQAGGSLRLSCAVSGRTFSSYTMGWFRQAPGKEREFVAAISWSGGSTVYADSVKGRFTISRDNAKNTVYLQMNSLKPEDTAVYYCATDESRLYGGKRPKMLYDYWGQGTQVTVSS
seq5120,QVQLQESGGGLVQAGGSLRLSCAVSGNTLSRYAMGWFRQTPGKEREFVAAIRWNNAATYYADSVEGRFTISRDNAKNTVYLQMNNLQPEDTAVYYCAGRFLGYASSNAYHEALYNYDYWGQGTQVTVSS
seq5121,QVQLQESGGGSVQAGGSLRLSCAPSRYSGALMGWFRQAPGKEREGVAVISRSGLTTYYADSVKGRFTISQDTAKNTIYLQMNSMKPEDTAMYYCVAAPEARAWSSRDPTGYNYWGQGTQVTVSS
seq5122,DVQLLQSGGGLVQPGGSLRLSCAASGFTFGNYDMGWVRQAPGKRPEWVSSIDTGGDITHYADSVKGRFTISRDNAKNTLYLQMNSLRPEDTAVYWCATDEEYALGPNEFDYYGQGTLVTVSS
seq5123,QLQLVETGGGLVQAGGSLRLSCLASGSIVNSQTVAWYRQAPGKSREFVAHITSQGLAGYASSVRGRFTISRNTGKNTAYLQMNSLQPEDTAVYYCTADVRGYRYWGQGTQVTVSS
seq5124,EVQLVESGGGLVQAGGSLRLSCAASGGTFGSTFMGWFRQTPGKEREFVAAINWSGTFTWYSDSVKGRFSISRDNANNTVHLQMNKLKFEDTAVYYCATDFNGGERRVPASYDSWGQGTQVTVSS
seq5125,LQQSGGGSVQAGGSLRLSCAASGFTFGHYAFAWFRQVPGKEREGVSCISTTGSRTYYADSVKGRFSITRDNAQNTVYLQMNSLKPEDTAVYYCAAGRGCQPARDQGMGDHKPSPFNYWGQGTQVT
seq5126,EVQLVESGGGLVQAGGSLRLSCTASGSDVRITAFAWYRQAPGKQRDFVAGIFSGAITNYADSVKGRFTISRDNAKNTVFLQMNSLKTEDTATYYCRADNNWGQGTQVTVSS
seq5127,VQLVDSGGGSVQAGGSLRLSCAASGTTYCTYDIAWYRQAPEKDYEFVSVIDSDGSTRYADSVKGRFTISRDNAKNTVYLQMNSLKPEDTAMYYCKTVFKSWCSDGLGTTLPNYWGQGTQVTVSS
seq5128,VQLVESGGGLVQPGGSLRLSCTASGLTLAKWTINWFRQAPGKEREGISCISSSSGSTYYADSVKGRFTISRDNAENTVYLQMSSLKPEDTAVYYCAADSFKGCTFLSSTTHYNNMDYWGKGTLVTVSS
seq5129,EVQLQESGGGLVQPGGSLRLSCAASGNIFRIDTMGWYRQAPGKQREFVAGISRGGSTNYAHSVKERFTISRDNAKNTMYLQMNSLKSEDTAGYYCNAQAWDPGTIRYLEVWGQGTLVTVS
seq5130,EVQLVESGGGLVQPGGSLRLSCAASGRTFSSYAMGWFRQAPGKEREFVAAISTSGGITYYADSVKGRFTISADNSKNTAYLQMNSLKPEDTAVYYCATDRIEYSRGGYDYWGQGTLVTVSS
seq5131,QVQLVESGGGVVQPGGSLRLSCAASGLTLSQYTMGWFRQAPGKERELVAAIHWTSSVTDYADSVDGRFTISRDDSKNTGYLQMNSLRAEDTAVYYCAATWYYTHRGPFDYWGQGTLVTVSS
seq5132,QLQLVESGGGLVQAGGSLRLSCVASGFPFASSAMAWFRQAPGKEREFVASISYRGITTYYAQPVKGRFTMSRDNAKNTVYLQMNSLKPEDTAVYYCYAKSIWGNAYWGQGTQVTVSP
seq5133,QVKLQQSGGGLVQAGGSLRLSCAASGYAFNTYTMAWFRQAPGKEREFVALVGMKVDGKIYADSVKGRFTISRDNEQKTVLLEMNHLEPEDTAIYYCAASRRFWTAALNGADYPYWGQGTQVTVSS
seq5134,QVKLEESGGGLVQAGDSLRLSCAASGRIFNHYVTSWFRQAPDQEREFVAGVTAHAGVTADVESTDYSDSVKGRFTVSRDYSKNTVYLQMNSLKPEDTAVYYCAAPSGFYRTIPHVHSNYDHWGQGTQVTVSS
seq5135,QVQLVESGGGLVEAGGSLRLSCVVTGSSFSTSTMAWYRQPPGKQREWVASFTSGGAIKYTDSVKGRFTMSRDNAKKMTYLQMENLKPEDTAVYYCALHNAVSGSSWGRGTQVTVSS
seq5136,EVQLVESGGGLVQPGGSLRLSCAASGRTFSFYAMGWFRQAPGKEREFVAAINRGGKISHYADSVKGRFTISADNSKNTAYLQMNSLKPEDTAVYYCAAVRRYGNPPHDGSSYEWGQGTLVTVSS
seq5137,QVQLQESGGGSVQAGGSLKLSCAASGYTDYTYNTSCMGWFRQTPGKERERVATVNKVGSTIYADSVKGRFTISKDNVKNTLYLQMNSLKPEDTAMYYCAARGSWSCSQFWGDFGYWGQGTQVTVSS
seq5138,QVKLQESGGGLVQPGESLTLSCAVSVRLSGITTMGWYRQAPGKQREMVASISRGGSTVYLDSVKGRFTVSRDNTKNTVKLQMNSLKPEDTAIYYCNAKILLVASTDDYWGQGTQVTVSS
seq5139,EVQLVESGGGLVQAGGSLRLSCAASGSTPSINYMGWYRQAPGKQREFVATIRSGGATNYADSVKGRFTISRDNTKNTVYLQMNSLKPEDTAVYDCYTGGGGYEYWGQGTLVTVSS
seq5140,EVQLVESGGGLVQPGGSLRLSCIASGLPFSTKSMGWFRQAPGKGREFVARISPGGTSRYYGDFVKGRFAISRDNAKNTTWLQMNSLKAEDTAVYYCASGERSTYIGSNYYRTNEYDYWGQGTLVTVSS
seq5141,EVQLVESGGGLVQPGGSLRLSCAASGFTPDDYAMGWFRQAPGKEREFVAAINSGGSYTYYADSVKGRFTISADNSKNTAYLQMNSLKPEDTAVYYCARDRGPWGQGTLVTVSS
seq5142,EVQLVESGGGLVQAGGSLRLSCAASGRFFSTRVMGWFRQAPGKERELVAIKFSGGTTDYADSVKGRFTISADNAKNTVYLQMNSLKPEDTAVYYCAAIAHEEGVYRWDWGQGTQVTVSS
seq5143,LQQSGGGSVQAGGSLRLSCAASASTFVINPMRWYRQAPGKQRELVAGITFNGATNYADSVKGRFTISNNNAKNTVFLQMNSLKPEDTAVYYCNVVVWVGSESYDYWGQGTQVT
seq5144,VQLQESGGGLVQPGGSLRLSCAASGFTLDGYAIGWFRQAPGKEREGVSCISSSGKSTNYADSVKGRFTISRDNQQNTVYLQMNSLKPEDTAVYYCAATVGLFCVGGTYGMDYWGKGTQVTVSS
seq5145,EVQLVESGGGLVQAGGSLRLSCAASGFTFDDYAIGWFRQAPGKEREGVACISSSDGSTYYADSVKGRFTISSDNAKNTVYLQMNSLKPEDTAVYSCSAGSVAGCIPYYWGQGTQVTVSS
seq5146,QVQLQESGGGLVQAGGSLRLSCADSGRVFSTYVMGWYRQVPGKQRELVATITPGGLINYGDAVKGRFTISRDNAKNTVYLQMNSLKPADTAVYYCNARRLFAINWGGGTQVTVSS
seq5147,QVQLQDSGGGLVQAGGSLRLSCAASGPTFSRYAMGWFRQAPGKEREFVAAISWSGDRTDYAESVKGRFTISRDNAKNTVYLQMNSLKPEDTAVYYCAADSHYGYSEYIRGLGMDYWGKGTLVTVSS
seq5148,EVQLVESGGQLVQAGGSLRLSCAATGRTYNSYPLGWFRQAPGKEREFVAAISASGTLRAYADSVKGRFTISRDNAKNTVCLQMNNLKPEDTAVYYCAQHRSVGWRASHHLSDYDNWGQGTQVTVSS
seq5149,QVQLQQSGGGLVQAGGSLRLSCAASGITPSRHPMTWYRQVPGKKRELVASLTDADSTYYTDSVKGRFTILRDSAANTVYLQLNGLKPEDTAVYYCFAILGGRSYWGQGTQVTVSS
seq5150,EVQLVESGGGLVQPGGSLRLSCAASGFTFDDYGMSWVRQAPGKALEWVSAISWNGNNTYYTESMKGRFTISRDNAKNTLYLQMCSLRPEDTAVYYCVKGSTAIVGVPPTYPDEYDYWGQGTLVTVSS
seq5151,EVQLVESGGGLVQAGGSLRLSCAASGNTFSFNVMGWYRQAPGNQRELVTIIDNSGTTNYADSVKGRFTVSRDNAKNTVYLQMNSLKPEDTARYYCHARRGGGLYILGESNYWGQGTQVTVSS
seq5152,QVQLQESGGGLVQTGGSLRLSCAASTSIYSNNYLAWFSQAPGKGREGVAAVYIGDGRPYYADSVKGRFPISLNSAQNKVYLQMNSLKPEDTAMYYCAAAPGPLSRNYWYTSANYDYWGQGTQVTVSS
seq5153,EVQLQESGPGLVKPSQTLSLTCTVSGGSITSRYYAWSWIRQPPGKGLEWIGVIDYDGDTYYSPSLKSRVSISWDTSKNQFSLKLSSVTAEDTAVYYCARDPDVVTGFHYDYWGQGTLVTVSS
seq5154,DVQLQESGGGLVQPGGSLRLSCAASGFTFDDFGMSWVRQAPGKGLEWVSSITWNGGSTYYADSVKGRFTISRDNAKNTVYLQMNSLKPEDTAIYYCNADHPQGYWGQGTQVTVSS
seq5155,EVQLVESGGGLVQPGGSLRLSCAASGRTFNNYAMGWFRQAPGKEREFVAAITRSGVRSGVSAIYGDSVKDRFTISRDNAKNTLYLQMNSLRPEDTATYYCAASAIGSGALRRFEYDYSGQGTLVTVSS
seq5156,EVQLVESGGGLVQAGGSLRLSCAASRRTFSSFVMAWFRQAPGKEREFVAAIYGTGGELVYYENSVKGRFTISRDNAKSTMYLQMNSLKPEDTGVYYCAVELTVRSIDLRRPLEYDYWGQGTQVTVSS
seq5157,EVQLVESGGGLAQAGGSLRLSCAASGSISSINVMGWYRQAPGKQRDLVAVITRALNTNYATSVKGRFTISRDDFKDTVYLQMNSLEPEDTAVYYCNAGGYYTNLRTGGNYWGQGTQVTVSS
seq5158,QVQLQESGGGLVQVGGSLRLSCAASGSTFILNAMAWYRQAPGNRRELVAGISSGGDTNYPDSVKGRFTISRDNANNIVYLQMNSLKLEDTAVYYCNLWPPRASPSGRVYWGQGTQVTVSS
seq5159,GGGLVQPGGSLILSCAASGFTFSTYAMNWVRQAPGKGPEWVSSIARGGGSAYYADSMKGRFAISRDDAKNTLYLQMNSLKPEDTAVYYCSTNGVDGNWAFDYWGQGTQVTISS
seq5160,QVQLQESGGGLVQPGGSLRLSCAASGRTFSDHSGYTYIGWFRQAPGKEREFVARIYWSSGNTYYADSVKGRFAISRDIAKNTVDLTMNNLEPEDTAVYYCAARDGIPTSRSVESYNYWGQGTQVTVSS
seq5161,QVQLQESGGGSVQPGGSLRLSCAASGYIYSRYCMGWFRQAPGKEREGVAVISGYGTTHFADSAKGRFTISQDKAKNMVYLQMNSLRPEDTAIYYCAVRQWDCYSANWPQTHTYDYWGQGTQVTVSS
seq5162,QVQLQESGGGLVQAGGSLRLSCAASGRPFSDYVMGWFRQAPGKERDFVAAITWSGGVTYYADSVKGRFTISNDNAKNTVLLQMNSLKPEDTAVYYCAAGYNPFRIGVIDKRAYDAWGQGTQVTVSS
seq5163,DVQLQESGGGSVQTGGSLRLSCAASGDSITTYHMAWFRQTPGKEREEVAVINDDANSRIYVDSVKGRFTISQDKAKNTVYLQMNYLTPEDTAIYYCAADLRCVPGTDSGHPYSYNYWGQGTQVTVCS
seq5164,EVQLVESGGGLVQPGGSLRLSCAASGSISSFNAMGWFRQAPGKERESVAAIDWDGSTAYADSVKGRFTISADNSKNTAYLQMNSLKPEDTAVYYCARGGGYYGSGSFEYWGQGTLVTVSS
seq5165,EVQLVESGGGLVQAGGSLRLSCAASGFTFDDYDIGWFRQAPGKELEWVSGISSSDGNTYYADSVKGRFTISRDNAKNTVYLQMNSLRPEDTAVYYCAAEPPDSSWYLDGSPEFFKYWGQGTLVTVSS
seq5166,EVQLVESGGGEVQPGGSLRLSCAPSERTFSTYTMGWFRQAPGKEREFVAVVNWGGGSKYYAESVKGRFTISRDNAKNTVYLQMNSLRAEDTAVYYCAAGGAYSTPYYDTRQYTYWGQGTLVTVKP
seq5167,QVQLQESGGGLVQAGGSLRLSCAASGRTDDVYAMGWFRQVPGKEREFVATISRGGSDSYYADSVKGRFTISRDNAKNTVYLQMNSLKPEETAVYYCAASRSDCLGNGCRRVPQDYWGQGTQVTVSS
seq5168,EVQLVESGGGLVQAGGSLRLSCAASGRTFGSYVMGWFRQAPGKEREFVAAIGRSGTTYYLDSVKGRFTISRDNAKNTVYLQMNSLKSEDTAVYYCGASLKGTVLGIARYEYDVRGQGTQVTVSS
seq5169,EVQLVESGGGLVQAGDSLRLSCVASGRTFVTYGMGWFRQAPGKEREFVAAIQWSGSMTSYGDSVKGRFAISRDNAKNTVYLQMNSLKPEDTAVYYCAAALGAVVYTTREPYTYWGRGTQVTVSS
seq5170,QVKLEESGGGLVQAGGSLRLSCAASGSIFSIKALAWYRQAPGKQRELVAYITSGGNTNYADSVRGRFTISRDNAKNTVYLQMNSLKPEDTAVYYCNADFGEGTIISLGPWGQGTQVTVSS
seq5171,QVQLQDSGGGLVQPGGSLRLSCAASGVTLDDYAIGWFRQAPGKEREGVSCISSSNGYTYYEDSVKGRFTISRDNAKNTVYLQMNSLKPEDTAVYYCAARLFGVATMDPSYFGSWGQGTQVTVSS
seq5172,EVQLVESGGGLVQAGGSLRLSCAVSGATFDDYAIGWFRQAPGKEREGVSYIGCNDGSTYYAGSVKGRFTISCDYAKNTVYLQMNSLKPEDTAVYYCAAAAQWATIRWIHEYDYDTWGQGTQVTVSS
seq5173,EVQLVESGGGLVQPGGSLRLSCEASGRDFNDAALGWSRQVPGKARETVAMITSGGVRNYAETVKDRFTISRDNAKNTVYLDMNNLQPDDTGVYYCKADSFKGDYDTSWYLYWGQGTQVTVSS
seq5174,QVQLQESGGGLVQPGGSLRLSCAASGFTFGGYDMGWFRQAPGKEREFVAGISRSGISQYYADSMKGRFTISRDNAKNLVYLQMNSLKPEDTAVYYCAAALTFRGSDLPRDSNYWGQGTQVTVSS
seq5175,EVQLVKSGGGLVQPGGSLRLSCTTSGTIFSNNAMGWYRQAPGKKRDLVASISNSGSTNYADSVKGRFTVSRDNDKNTGYLQMNNLKPEDTGVYYCTLDARRGWNTAYWGQGTQVTVSS
seq5176,EVQLVESGGGLVQPGGSLRLACAASGRTFTSYCVGWWRQAPGKERDVVAAITRGSNSTDYVDSVKGRFTISRDNAENTVYLQMNSLKPEDTAVYYCAADINCRNLYTGRPEYWGQGTQVTVSS
seq5177,QVKLVESGGGSVQAGGSLRLSCAASGYTYSYGYMGWFRQAPGKEREGVAKIYNGDGSTYYADSVKGRFTISQDRRNNTLYLQMNSLAPEDTGMYYCATNRLPNSDVDLVLPRFGRFGYWGQGTQVTVSS
seq5178,EVQLVESGGGEVQPGGSLRLSCAASGRTISDYVVGWFRQAPGKERAFVAAISRYGTTYYAASVQGRFTISRDNPRNTVYLQVDSLRAEDTAVYYCAALQNDVRNNHSPTSYDYWGQGTLVTVKP
seq5179,AFGGGLVQPGGSLRLSCVVSGTMFSGKDVNWLRQAPGKHVEVVATVSSDGGTDYADFVKGRFTISRDDAKNTVNLQMNSLEPEDTANYMCHFLWGRHYWGQGTQVTVSS
seq5180,QVKLQESGGGLVQPGGSLRLSCVASERIFSRNTMGWYRQAPGKQRELVAYITSLGIANYADSVKGRFTISSDNAKNTVYLQMNNLKSEDTAVYNCNYWHYAAGRDYWGQGTQVTVSS
seq5181,LQESGGGLVQAGGSLTLSCAASGSTSSRNAMGWYRQAPGKQRELVASINDGGSTTYADSVKGRFTISRDNAKNTMSLLMNSLQPEDTAVYYCNARVRFFTTYVNNWGQGTQVT
seq5182,QVQLQESGGGLVQPGGSLRLSCAASGSTFSINAVAWYRQAPGKRRELVAGISGGGVTNYPDSVKGRFTISRDNAKNTVYLQMSSLKPEDTAVYYCNLWPPRASPDGRVYWGQGTQVTVSS
seq5183,EVQLLESGGGLVQPGGSLRLSCVHSGPTFRTDTMGWFRQAPGKGREFVAAVTWNSGRINYADSVKGRFTISRDNSKNAVYLQMNSLRPEDTAVYYCAAHRFVVGGNRVEDWRYWGQGTLVTVSS
seq5184,EVQLVESGGGSVQAGESLRLSCAASGSIFSSNAMAWYRQAPGKQRDLVAAINSVGITKYADSVKGRFTISRDNAKNTVYLQMNSLKPEDTAVYYCTSDPRRGWDTRYWGQGTLVTVSS
seq5185,EVQLVESGGGLVQAGGSLRLSCAASGSTFSSYAMGWYRQAPGKQRELVAVISSGDRTNYLDSVKGRFTISRDNAKNTVYLQMNSLKPEDTAVYYCFYSGSYYYPTDVHEYAYWGQGTQVTVSS
seq5186,VQLVESGGGLVQAGGSLRLSCAASGRTFSSSGMGWFRQAPGKDRELVAGISWSGDSAYYANSVAGRFTISRDNINNTVYLQMNSLKPEDTAVYYCAARQGGRNYATSPREYDYWGQGTQVTVSS
seq5187,QVQLQESGGGLVQPGGSLRLSCAASGSIFSLNDMGWYRQAPGKLRELVAAITSGGSTKYADSVKGRFTISRDNAKNTVYLQMNSLKAEDTAVYYCNAKVAGTFSIYDYWGQGTQVTVSS
seq5188,QVQLQESGGGLVQAGGSLRLSCAASERTFSRYAMGWFRQAPEKEREFVAAINWSGSSTYYADSVKGRFTVSRDDAKNTVYLQMNSLKPEDTAVYYCAAHYQGSYGSALAYDTWGQGTQVTVSS
seq5189,EVQLVESGGGLVQAGGSLRLSCAASGRSFSRSAMGWLRQAPGKEREFVAGISWGGDNSYYADSVKGRFTISRDNAKNTVSLQMNSLKPQDTAVYYCAARYRGGAAVAGWEYWGQGTQVTVSS
seq5190,EVQLVESGGGLVQPGGSLKLSCVASGFSLDDYGMTWVRQAPGKGLEWVSSINWNVTHTDYAYSVKGRFTISRDNAKNTLFLQMNSLTPEDTAVYYCNQGWKIIPTDRRGHGTQVTVSS
seq5191,EVQLVESGGGLVQTGGSLRLSCAASGRTFSNYAMDYAMGWFRQAPGKEREFVAAISWSGDSTYPADSVKGRFTISRDNAKNTVLLQMNSLKPEDTAVYYCAAGEVGAFYSDYDLYDYWGQGTQVTVSS
seq5192,EVQLVESGGGLVQPGGSLRLSCAASETIFSIDSMAWYRQAPGKQRELVAAITGGGSPNYADSVKGRFTISSDVAKRTAYLQMNSLKPEDTAVYYCNAEGQAGWGTALMDYWGKGTLVTVSS
seq5193,EVQLVESGGGLVQAGGSLRLSCAASGSISSINSINIMGWYRQAPGKQRDLVAYITKRGSTKYADSVKGRFTISRDNAKNMATLQMNSLKPEDTAVYYCAAGPDGLGGQDDYWGQGTQVTVSS
seq5194,VQLQESGGGLVEAEGSLRLSCIASGRTFGTYAMGWFRQAPGKERELVAAISSGGSAYYADSVKGRFTISRDNARNTVYLQTNSLKPEDTAVYYCAARRGSAYYTNRIDWPYWGQGTQVTVSS
seq5195,EVQLVESGGGLVQPGESLRLSCAASKSIFSISVMAWYRQAPGKQRELVARITPGGNTNYVDSVQGRFTISRDNAKNTVYLQMNSLKPEDTAVYYCNAQGSLLLAKYDYYGQGTQVTVSS
seq5196,EVQLVESGGGLVQDGGSLSLSCTASGRTFSRYAMGWFRQAPGKEREFVAATSTWTGGPSYYADSVKGRFTISRDNAKNTVYLQMNSLKPEDTAVYYCGAMKGNWGTRVEVDFGSWGQGTQVTVSS
seq5197,QVQLQESGGGLVQPGGSLRLSCSASGFSFTDDYGIGWFRSGPGKGREAVAPIADREAVAAIALSDGNTYYSASAKGRFTISRDNAKSTAYLQMNNLKPEDTATYYCAADFWGYGMSWPMATLWEYWGQGIQVTVSS
seq5198,EVQLVESGGGLVQPGGQLRLSCAASGSIASIRDMAWYRQAPGKQRELVAIFARGGTTHYADSVKGRFTISRDNAKNTVYLQVNSLEPEDTAAYYCNAEVATMFQPGFRDYWGRGTQVTVSS
seq5199,EVQLVESGGGLVQAGGSLRLSCAASGGTFGVYTMAWFRQAPGKEREFVAAIRSGATTLYEDSVKGRFTISRDDAKNTVYLRMNSLKPEDTAVYYCAAQIYYRTNYYSQNEYDYWGQGTQVTVSS
seq5200,EVQLVESGGGLVQAGGSLRLSCAASGGTFSFYGMGWFRQAPGKEQEFVADIRTSAGRTYYADSVKGRFTISRDNAKNTVYLQMNSLKPEDTATYYCAAEMSGISGWDYWGQGTLVKVSS
seq5201,DVQLQESGGGLVQPGGSLRLSCAASGFPFSVYWMYWVRQAPGKGLEWVSQIDSGGYTTYYTDSVKGRFSASRDNSKNTLYLQMNSLKPEDTAVYYCATDSIGSNKGQGTQVTVSS
seq5202,EVQLVESGGGLVQAGGSLTLSCVISGLTLESHAMGWFRQAPGEEREFVATIRWSGSATFYSDSVKGRFTISRDNAKNTVYLQMNSLKPEDTAVYYCAARKIYRSLSYYGDYDSWGQGTQVTVSS
seq5203,QVQLQESGGGLVQPGGSLRLSCADSGSTFTINAMGWYRQAPGKRRDWVAGITSSGVTQYPDSVKGRFTISRDNAKNTVYLQMNSLKPEDTAVYYCNLWPPRASPSGRIYWGQGTQVTVSS
seq5204,QVQLQESRGGLVQAGGSLRLSCAASGRTFRNYGMGWFRQAPGKEREFVAAISWNGGSTYYADSVKGRFTISRANAKNTVFLQMNSLKPEDTAVYYCAAEPRGRDYGDFNYWGQGTQVTVSS
seq5205,DVQLVESGGGLVQPGGSLRLSCAASRSIGRLDRMGWYRHRTGEPRELVATITGGSSINYGDFVKGRFTISIDNSKNTVYLQMNSLRPEDTAVYYCNFNKYVTSRDTWGQGTLVTVSS
seq5206,QVKLEESGGGLVLPGESLRLSCEASGRTITTITMGWFRQAPGKERQFVASHSWTDNNPYYADSVKGRFIISRDNAGNRVYLQMHSLEPEDTAVYYCAATARRSFVGRQWYTEARQYDYWGQGTQVTVSS
seq5207,EVQLVESGGGVVQPGGSLRLSCAASGRTFNNYAMGWFRQAPGKEREFVAAITRSGVRSGVSAIYGDSVKDRFTISRDNAKNTLYLQMNSLRPEDTALYYCAASAIGSGALRRFEYDYSGQGTLVQVSS
seq5208,QVQLVESGGGLVQPGGSLRLSCAASGGDWSANFMYWYRQAPGKQRELVARISGRGVVDYVESVKGRFTISRDNAKNTVYLQMNSLKPEDTAVYYCAVASYWGQGTQVTVSS
seq5209,QVQLQESGGGSVQAGGSLRLSCAASGYTYSGYCMGWFRQAPGKEHEGVASIVSGLGRPYYADSVKGRFTISQDNAKNTVYLQMNSLKPEDTAMYYCAAEWATKLCSEIPATEWDYWGQGTQVTVSS
seq5210,EVQLVESGGGLVQPGGSLRLSCAASGFTFDDYALGWFRQAAGKEREGVSCIRCSDGSTYYADSVKGRFTISSDNSKNTVYLQMNSLRPEDTAVYYCAASIVPRSKLEPYEYDAWGQGTLVTVSS
seq5211,EVQLVESGGGLVQPGGSLRLSCAASGTIVNIHVMGWYRQAPGKQRELVALIFSGGSADYADSVKGRFTISRDNSKNTVYLQMNSLRPEDTAVYYCAAEIGYYSGGTYYSSEAHWGQGTLVTVSS
seq5212,VQLQESGGGSVQAGETLRLSCTASGFTFNDSNMGWYRQAPGHECELVSTISSDGSTYYADSVKGRFTISQNNARNTVYLQMNSLKPEDTAVYYCAGDWGYELGICTSLDYWGQGTQVTVSS
seq5213,EVQLVESGGGLVQAGGSLRLSCAASGGTFSTYAMGWFRQAPGEERQFVATITWTGYTYYTDSVKGRFTISRDNAKKTVYLRMDKLKPEDTAVYYCAADRRGYIETMSVNYDYWGQGTQVTVSS
seq5214,QVQLQESGGGSVQAEGSLRLSCAVSGNTLSRYAMGWFRQAPGNEREFVAAIRWNSGHTYYADSVEGRFTISRDSAKNTVYLQMDMLQPEDTAVYYCAARFLPYASSNAYHEALYNYDYWGQGTQVTVSS
seq5215,DVQLQESGGGLVQAGSSLRISCAVSGVRLDNYAMGWFRQAPGKERESVAGISWSSGTLLYSDSVKGRFAISRDNAKNTVYLQMNSLKPEDTAVYYCAAQYQDRYYDEFTWKEKDMDYWGKGTLVTVSS
seq5216,DVQLVESGGGSVQAGGSLRLSCTASTSEYIYSMAWFRQAPGSPREGVATIYAVADITYVADSVKDRFIISRENAENTVALVMSDLKAEDSAMYYCAARMAYSPDHWQSSSAYQHWGQGTQVTVSS
seq5217,QVQLVESGGGLVQAGGSLRLSCAASGSIFSFYDVGWFRQAPGKEREFVAASITKGGGTYYVDSVKGRFTISRDNAKNTVYLQMNSLKPEDTAVYYCALATPHGYDFWGQG
seq5218,DVQLVESGGGLVQPGGSLRLSCAASGFILDYYAIGWFRQAPGKEREGVLCIDASDDITYYADSVKGRFTISRDNSKNTVYLQMNSLRPEDTAVYYCATPIGLSSSCLLEYDYDYWGQGTLVTVSS
seq5219,EVQLVESGGDLVQPGGSLRLSCAASGFTFRGYWMTWVRQAPGKGLEWVSSINNVGEETYYVDSVKGRFTISRDNAKNTLYLQMNSLKSEDTAVYYCVKDWESSYAGYSPNSQGTQVTVSS
seq5220,QVQLQESGGGLVQAGDSLRLSCAGSEGTFSSYGIGWFRQAPGKEREFVGGINWSGDSTDYADSVKGRFTISRDNAKNTVYLQMNSLKPEDTAVYYCAAGESGVWVGGLDYWGQGTQVTVSS
seq5221,QVQLQESGGGSVQAGETLRLSCTASGFTFDDSDMGWYRQAPGNECELVSHISSGGSTYYADSVKGRFTISQDNAKNTVYLQMNSLKPEDTAVYYCAADGSNYELGTCAALDYWGRGTQVTVSS
seq5222,EVQLVESGGGLVQAGGSLRLSCAASGSIENINAMGWYRQAPGKQRDFLAIITDGSKTLYADSVKGRFTISNDNAKNTVYLQMNSLKPEDTAVYYCNAYQAGWGDYWGQGTQVTVSS
seq5223,QVQLQESGGGLVQPGGSLRLSCASSGFTLDDYTIGWFRQAPGKEREGVSCISRRDDSTYYADSVKGRFTISRDNAKNTVDLQMISLRPEDTAVYYCAATPRSYTLRCLGKFDFQGQGTQVTVSS
seq5224,QVQLQESGGGLVRAGGSLRLSCAASGTFDSRNAMGWYRQAPGKRREWVATITTDGRTNYADSVKARFTISRDNAKNTVYLQMNSLKPEDTAVYYCNAAPPIFGSWGQGTQVTVSS
seq5225,EVQLVESGGGLVQAGGSLRLSCAASGSTFSIDVMGWFRQAPGKEREGVSYISMSDGRTYYADSVKGRFTISADNAKNTVYLQMNSLKPEDTAVYYCAAELDGYSGSWGQGTQVTVSS
seq5226,QVKLEESGGGLVQAGGALRLSCAASGRTFSYNPMGWFRQAPGKERDLVAAISRTGGSTYYPDSVEGRFTISRDNAKRMVYLQMNNLKPEDTAVYYCAAAGVRAEDGRVRTLPSEYTFWGQGTQVTVSS
seq5227,EVQLVESGGGLVQAGDSLRLSCAASGLTFSAYTMGWFRQAPGKEREFVSATSRSGGATLYTDSVKGRFTISRDNAKNTVDLQMNNLKPGDTAVYYCAAKSRPGYGGTLDYDYWGQGTQVTVSS
seq5228,EVQLVESGGGSVQAGGSLRLSCAASGYTYSSYCMGWFRQAPGKEREGVAHINSFGGSTYYADSVKGRFTISQDNAKKTVYLQMNSLKPEDTAIYYCAASTRWLLPHEQSNSLQYNYWGQGTQVTVSS
seq5229,QVQLQDSGGGLVQAGGSLRLSCAASGRTVSSSAMAWFRQAPGKEREFVAAISWSGGGSYYIDSVKGRFTIFGDNAKTTVYLQMNNLKPEDTAVYYCAADDSGAYYPMELGDFDSWGQGTQVTVSS
seq5230,EVQLVESGGGLVQPGGSLTLSCAASGSKVSFLSMAWYRQAPGKKRELVAGISADGSTAYIDSVKGRFTISRDNAKNSVYLQMNSLRAEDTAVYYCYAYRWRTRYTYWGQGTLVTVSS
seq5231,EVQLVESGGGLVQAGGSLTLSCTASGRTFDNYAMGWFRQAPGKEREFVAAINWSLSRTHYADYVKGRFTISRDNAKNTVLLQMNSLKPEDTAVYYCASAPHPKRISVSYFSTTSNYDYGGQGTQVTVSS
seq5232,QVQLVESGGGSVQAGESLRLSCVVSGTDFSSHHGGWARQGPGNTRTFFAAISSGGRTNYTSSVKGRFIISRDNAKNTMYLQMNNLKPEDTGLYVCNIRRKSYLSGDWGQGTQVTVAS
seq5233,QVQVQESGPGLVKPSQTLSLTCTVSGVSITTRYYAWSWIRQPPGKGLEWMGVIAYDGSTYYSPSLKSRTSISRDTSKNQFSLQLTSVTPEDTAVYYCARVRLIEAPYEYDYWGQGTQVTVSS
seq5234,QVKLEESGGGSAQTGGSLRLTCAASGRTSRSYGMGWFRQAPGKEREFVSGISWRGDSTGYADSVKGRFTISRDNAKNTVDLQMNSLDPEDTARYYCAAAAGSAWYGTLYEYDYWGQGTQVTVSS
seq5235,DVQLVDSGGGSVQAGGSLRLSCAVSGSTYSPCTTGWYRQAPGKEREWVSSISSPGTIYYQDSVKGRFTISRDNAKNTVYLQMNSLQREDTGMYYCQIQCGVRSIREYWGQGTQVTVSS
seq5236,QVQLVESGGGLVQAGGSLRLSCAASGRINGDYAMGWFRQAPGEEREFVAVNSWIGGSTYYTDSVKGRFTLSRDNAKNTLSLQMNSLKPEDTAVYYCAAGHYTDFPTYFKEYDYWGQGTQVTVSS
seq5237,EVQLVESGGGLVQAGGSLRLSCAASGITFRRYDMGWYRQFPGKERELVATILSEGDTNYVDPVKGRFTISRDNAKNTVYLQMNDLKPEDTAVYYCNGVWRAIGRTYWGQGTQVTVSS
seq5238,EVQLVESGGGLVQAGGSLRLSCALSGRAVSIAATAMGWYRQAPGKQRELVAARWSGGSIQYLDSVKGRFTISRDNAKNTVYLQMNSLTPEDTAVYYCNTLPWRANYSGQGTQVTVSS
seq5239,EVQLVESGGGLVQPGGSLRLSCAASGRTFSLNAMGWFRQAPGKERELVAAISCGGGSTYADNGKGRFTIITDNSKNTAYLQMMNLKPEDTAAYYCAADNDMGYCSWGQGTLVTVSS
seq5240,QVQLQESGGGLVQAGDSLRLSCAASGRTFTMGWFRQAPGKERQFVAALTWTGGSPVYADSVKGRFTTWRVLDNNTVYLHMNSLKPEDTAVYHCAAARTYYGNISEYYDYWGQGTQVTVSS
seq5241,QVKLVESGGGSVQAGGSLRLSCAVSRYPYSSICMGWFRQAPGKESEGVARIYTGTGSTWYTDSVKGRFTIARDNAQNTVYLQMNSLKPEDTAMYYCAARSNSYSYSSCDYGPLTRGGYNFWGQGTQVTVSS
seq5242,QVQLQDSGGGLVQPGGSLRFSCAASGRTFSSYNMGWFRQAPGKEREFVAVISRSGGSTNYADSVKGRFTISRDNAENTVYLQMNSLKPEDTAVYYCATADSGYGCYHERDELNEYDSWGQGTQVTVSS
seq5243,EVQLMESGGGLVQAGGSLRLSCAASGRTFSAYDMGWFRQAPGKEREFVAVISWTGGMTYYADSVKGRFTISRDKAKNTVSLQMNSLKPEDTAVYYCAVDRRRTYSRWRYYTGVNEYEYWGQGTQVTVSS
seq5244,EVQLVESGGGLVQAGGSLRLSCAASGSTYRLNNMAWYRQSPGKKRELVALISGITSDPSTYYLDSVRGRFSISRDNALNTVYLQMNSLKPEDTAVYYCKQAWAGVEYWGQGTQVTVSS
seq5245,QVKLVESGGGSVQAGGSLRLSCAASGNVYNNMCMGWFRQAPGKEREGVASIYVGGGYTNYADSVRGRFTISQDNAKNTLYLQMNSLKPEDTAMYYCAAITVALTRAFCAPIPSRYTNWGQGTQVTVSS
seq5246,QVQLQESGGGLVQAGGSLRLSCAATGRTFSRYTMGWFRQAPGKERDFVAGITWTGGSTDYADSVKGRFTISRDNAKNTVYLQMNSLKPEDTAVYYCAAGNLLRLAGQLRRGYDSWGQGTQVTVSS
seq5247,QVQLQQSGGGLVQPGGFLRFSCAASGSIFSINAMGWYRQAPGNKRELVAVITSDGSTNYGDSATGRFTISRDNAKDTVYLQMNNLKPEDTGVYFCNVEGYSGGIYRRTSFSSWGQGTQVTVSS
seq5248,EVQLVESGGGLVQPGGSLRLSCAASGFTFSSSYMSWVRQAPGKGLEWVSGINTDGSFTRYADSVKGRFTISRDNAKNTLYLQMNSLKSEDTALYYCAVGGGLGYGPRGQGTLVTVSS
seq5249,GSLRLSCAASGTITRSPTMSWARQAPGRQREWVTSILGTGRTDYADSVKGRFTISRDNANNTVYLQMNNLKPEDSAVYYCYTVLNGRPSWGQGTQVTVSS
seq5250,VKLEESGGGLVQAGGSLRLSCIGSGDISSFNAMGWYRQVPGKQRELVAFISSGGRSKYTDSVKGRFTISGDNAKNTVYLQMIDLKPEDTAVYYCNAGSVVSYETGNYYEPSNYWGQGTQVTVSS
seq5251,EVQLVESGGGLVQPGGSLRLSCETSRHTLDHYAIAWFRQAPGKEAEGVACISTSTYYADSVKGRFSISRDNAKNTVYLQMNSLKPEDTAVYHCATTGSGYCTLRAFASWGQGTQVTVSS
seq5252,EVQLVESGGGSVHAGGSLRLSCTTSGFTFDLADMAWYIQPPGNECELVSTINSEGVTYYADAVKGRFTISRDNAKNTVYLPMNSLKPEDTAMYYCAADMGGLWSEWGVPSSHCIDFEYSGQGTQVTVSS
seq5253,EVQLVESGGGLVQPGGSLRLSCAASGITLDDYAIGWFRQAPGKEREGVSSIRDNGGSTYYADSVKGRFTISSDNSKNTVYLQMNSLRPEDTAVYYCAAVPAGRLRFGEQWYPIYEYDAWGQGTLVTVSS
seq5254,EVQLVESGGGLVQAGGSLRLSCAASGRTFSSYAMGWFRQAPGKEREFVAAISWSGGSTYYADSVKGRFTISADNAKNTVYLQMNSLKPEDTAVYYCAAVPSVYGERDYWGQGTQVTVSS
seq5255,QVQLQESGGGMVEPGGSLRLSCAASGFRFSSYAMSWVRQAPGKGLERVSAINSDGDKTSYADSVKGRFTISRDNARNTLYLQMSNLKPEDTAVYYCADRDLYCSGSMCKDVLGGARYDFRGQGTQVTVSS
seq5256,DVQLVESGGGVVQPGGSLRLSCAASGLTFSSYAMGWFRQAPGKERERVASISRGGGYTYYADSVKGRFTISRDNSENTVYLQMNSLRPEDTALYYCAAARYWATGSEYEFDYWGQGTLVTVSS
seq5257,QVQLQESGGGLVQAGGSLRLSCAVSGNTLSRYAMGWFRQTPGKEREFVAAIRWNNGATYYADAVEGRFTISRDNGKNTVYLQMNNLKPEDTAVYYCAGRFLGYASSNAYHEALYNYDYWGQGTQVTVSS
seq5258,VQLQASGGGLVQAGDSLRLSCAASGRTFSSYHMGWFRQAPGKEREFVAAINWSGDTTYYEASVKGRFTISRDNAKNTMYLQMNSLKPEDTAVYRCAAQTRPRPYGTSRAEGDYGYWGQGTQVTV
seq5259,QVQLQESGGGLVQAGGSLRLSCAASASIISIRVMGWYRQAPGKQRELVATMSRGNTINYADSVRGRFTISRDDAKNTVYLQMNSLRPDDTAVYYCAALLDSYYWGQGTQVTVSS
seq5260,QVQLQESGGGLVQAGGSLRLSCAASGSIGSIHTMGWYRQTPGKERDVVATIQDGGSTNYADSVKGRFTISRDNTLNTVYLQMNDLKPEDTAVYYCNADVRPYRTSRYLEVWGQGTLVTVSS
seq5261,EVQLVESGGDSVQAGGSLRLSCAASEYTSCMGWFRQVLGKEREGIAAICAGDGLTSYADSVKGRFNISRDNAKNMRYLQMNSLEPEDTAMYFCAADAVPGGGWIGLRLKSLRGDFRYWGKGTQVTVSS
seq5262,EVQLVESGGGLVQPGGSLRLSCAASGSTSSINTMYWYRQAPGKERELVAFISSGGSTNVRDSVKGRFTISRDNSKNTLYLQMNSLRAEDTAVYYCNTYIPYGGTLHDFWGQGTLVTVSS
seq5263,ESGGGLVQAGGSLRLSCAASGRTGSTYDMGWFRQAPGKERESVAAINWDSARTYYASSVRGRFTISRDNAKKTVYLQMNSLKPEDTAVYTCGAGEGGTWDSWGQGTQVTVSS
seq5264,EVQLVSGGGPVQAGDSLRLSCAASGRAYRGYSMGWFRQVPGKEREFVAAIVWTDGNTYYEDSVKGRFTISRDITKNTMYLQMTSLKPEDSATYYCAAKIRPYIFKIAGQYDYWGQGTQVTVSS
seq5265,QVQLQESGGGLVQAGGSLTLSCAASRNTDSIEIMGWYRQAPGKQREWVATINTGGNTGYADSVKGRFAISRDNAKNTVYLQMHSLKPEDTAVYYCTAVIRTYSTYWGQGTQVTVSS
seq5266,EVQLVESGGGLVEPGGSLRLSCVASGFTFSSYDMSWVRQAPGKGLEWVSTINSGGGITYRGSVKGRFTISRDNAKNTLYLQMNSLKPEDTAVYYCENGGSSYRRGQGTQVTVSS
seq5267,SGGGLVQPGGSLGLSCVVASERSINNYGMGWYRQAPGKQRELVAQISSGGTTNYADSVEGRFTISRDNVKKMVHLQVNSLKPEDTAVYYCNSLLRTFSWGQGTQVTVSS
seq5268,EVQLVESGGGLVQPGGSLRLSCAASGCTLDYYAMGWFRQAPGKEREFVAGIRWTDAYTEYADSVKGRFTISADNSKNTAYLQMNSLKPEDTAVYYCAADVSPSYGGRWYWGQGTLVTVSS
seq5269,EVQLVESGGGLVQPGGSLRLSCAASGSIFSIDVMGWFRQAPGKEREFVAAISWSGESTLYADSVKGRFTISADNSKNTAYLQMNSLKPEDTAVYYCAAFDGYSGSDWGQGTLVTVSS
seq5270,QVKLEESGGGLVQPGGSLRLSCAASGSIFSIATMAWYRQAPGKQRELVAGITRSGSTNYRDSVKGRFTISRDNAKNTMYLQMNSLKPEDTAVYYCTDYSSRYYHDYWGQGTQVTVSS
seq5271,QVQLQESGGGLVQAGGSLRLSCAASGHTFSSARMYWVRQAPGKEREFVAAISRSGFTYSADSVKGRFTISRDIANNTVYLQMNSLQPEDTAIYTCYAAYLDEFYNDYTHYWGLGTQVTVSS
seq5272,QVQLQESGGGLVQAGGSLRLSCAVSGNTLSRYAMGWFRQTPGNEREFVAAIRWNNAATYYADAVEGRFTISRDSGKNTVYLQMNNLKPEDTAVYYCAGRFLGYASSNAYHEALYNYDYWGQGTQVTVSS
seq5273,QVQLQESGGGLVQAGGSLRLSCTASRRTDRAYAMAWFRQAPGKERDVVAVISWSGGNQYYVDSVKGRFTISRDNAKGTVYLQMNSLKPEDTAVYYCAARRGYDSGIYSSGRYDYWGQGTQVTVSS
seq5274,EVQLVESGGGLVQPGGSLRLSCAASGGTASSYHMGWFRQAPGKEREFVAFIHRSGTSTYYADSVKGRFTISADNSKNTAYLQMNSLKPEDTAVYYCAADSITDRRSVAVAHTSYYWGQGTLVTVSS
seq5275,QLQLVESGGGLVQPGGSLRLSCTASGFSLDNYAIGWFRRAPGEEREGVSFITSTSAVTKYADSVKGRFTISRDNAKNTVYLQMTSLKPEDTAVYYCAGTRWVPTMKADEYNYWGQGTQVTVSS
seq5276,ESGGGLVQPGGSLKLSCAASGFTFGTYDMSWVRQAPGKRPEWVSAINPGGTSTYYADSVKGRFTVSRDNAKDTLYLQMNSLKPEDTAVYYCTPSYASGIDYYPPPRDSWGQGTQVTVSS
seq5277,EVQLVESGGGLVQPGGSLRLSCAASGSGFGVNILYWYRQAAGIERELIASITSGGITNYVDSVKGRFTISRDNSENTMYLQMNSLRAEDTGVYYCASRNIFDGTTEWGQGTLVTVSS
seq5278,EVQLVESGGGLVQAGGSLRLSCAASGRTFSRFAMGWFRQAPGKEREFVAAVRWSDDYTYYADSVKGRFTISRDNAKNTVYLQMNSLSPEDTAVYYCAADEILATLPHEYDYWGQGTQVTVSS
seq5279,QVQLQESGGGLVQSGDSLRLSCAASGFTFSNYAMSWVRQAPGKGLEWVSTINSGGGSTSYAYSVKGRFTISRDNAKNTLYLQMNSLKPEDTAVYYCAKTASHIPLSQGTQVTVSS
seq5280,EVQLVESGGGLVQAGDSLRLSCAASGRALDTYVMGWFRQAPGDGREFVAHIFRSGITSYASSVKGRFTISRDNAKNTVYLQMASLKPEDTAAYYCAARPSDTTWSESSASWGQGTQVTVSS
seq5281,EVQLVESGGGLVQPGGSLRLSCAASGFTLDYYAKCWFRQAPGKEREWVSCISSSDGSTYYADSVKGRFTISRDNAKNTVYLQMNSLKPEDTAVYFCAARHGGPLTVEYFFDYWGQGTQVTV
seq5282,EVQLVQSGGELVQAGGSLRLSCAASGLTFSSYNMGWFRRAPGKEREFVASITWSGRDTFYADSVKGRFTISRDNAKNTVYLQMSSLKPEDTAVYYCAANPWPVAAPRSGTYWGQGTQVTVSS
seq5283,EVQLVESGGGLVETGGSLRLSCAASGRTESTYTMAWFRQAPGKERERVATISFSGSTTTYLASVQGRFTISRDGAKNTIFLQMNGLKPEDTAVYYCALDTRRRVGSSPRFYDYWGQGTLVTVSS
seq5284,LQLVESGGGLVQPGGSLRLACAASGFNLDDYADIGWFRQAPGKERERVLCITISDGTTYYEDSGKGRFSISTDIAKNTVFLQMDSLKAEDTAVYYCAGDPAPFCLYNTYVPRTWGQGTQVTVSS
seq5285,DVQLVESGGGLVQPGGSLRLSCAASGKIFSGNHMGWYRQAPGKQRELVGIITSGGITDYADSVKGRFTISRDNSKNTVYLQMNSLRPEDTAVYYCNVRDRTIWWGQGTLVTVSS
seq5286,VQLVESGGGLVQPGGSLRVSCVASGNISSVAAMAWYRQRPEKRRELVAVITNSGGTAYTDSVRGRFTISRDNVKSTVYLQMNNLKPEDTAVYYCNARGLDAGSGRIDYWGQGTQVTVSS
seq5287,EVQLVESGGGLVETGGSLRLSCAASGGTFTNYAMGWFRQAPGKEREFVAVMWSSTYYTDSVKGRFTISRDNAKNTVYLQMNSLKPEDTAVYYCAADYRRGYYGTSRTSRDYDYWGQGTQVTVSS
seq5288,EVQLVESGGGLVQPGRSLTLSCAASTNDFSISPMGWYRQAPGKQRELVAAIHGKSTLYADSVKGRFTISRDNAKNSIYLQMNSLRPEDTALYYCNKVPWGDYHPRNVKWGQGTQVTVSS
seq5289,GGGSVQAGGSLRLSCAASGYISDSHGRNCMGWFRQAPGKEREAVARIYSRLGTTYYADSVKGRFTISRDNAKNTLYLQMHSLKPEDTAMYYCAAVGGLCIDKETPTDYPFWGQGTQVTVSS
seq5290,EVQLVESGGGLVQPGGSLTLSCAASGSKVSFLSMAWYRQAPGKKRELVAGISTDGSTDYIDSVKGRFTISRDNAKNSVYLQMNSLRAEDTAVYYCYAYRWTTRRTYWGQGTLVTVSS
seq5291,EVQLVESGGGLVQPGGSLRLSCAASGPTFTIYAMGWFRQAPGKEREFVGAISMSGEDTIYADSEKGRFTISADNSKNTAYLQMNSLKPEDTAVYYCAAVQAYTSNTNYYNQEGAYDWGQGTLVTVSS
seq5292,EVQLVESGGGLVQPGGSLRLSCVASGNIFDMNRMGWYRQPPGKQRELVADIRDGGSTIYSDSVKGRFTISRDNAKNTLYLQMNSLKPDDTAVYYCNAGRTGDRFNLVAYWGQGTQVTVSS
seq5293,EVQLVESGGGLVQAGGSLRLSCAASGRTYYAMGWLRQAPGKEREFVAAISGSGDDTYYADSVKGRFTISKDNAGITMYLQMNSLKPEDTAVYYCATRRGLYYVWDSNDYENWGQGTQVTVSS
seq5294,EVQLVESGGGLVQAGGSLGLSCSASGLLFSRNSAGWYRQAPGKQREFVARIRYGGSINYADTVKGRFTISRDNAKNTVYLQMNSLKPEDTAVYYCSSWRTGFYEYWGQGTLVTVSS
seq5295,QVQLQESGGGLVQAGGSLRLSCAASGRATSGYGMGWFRQVPGKEREFVAAIRWSGKETWYKDSVKGRFTISRDNAKTTVYLQMNSLKPEDTAVYYCAARPVRVDDISLPVGFDYWGQGTNVTVSS
seq5296,VQLVESGGGLVQPGGSLRLSCAASGSIFSITAMGWYRQAPGKQRELVATVTSGGSTKYVESVKGRFTISNDNAKNTVYLQMNSLKPEDTAVYYCWADIVARWNSDYNVYDDYWGQGTQVTVSS
seq5297,EVQLVESGGGLVQPGGSLRLSCVASGFTFGSYDMSWVRQAPGKRPEWVSAINSGGGSTYYADSVKGRFTISRDNAKNTLYLQMNSLKPEDTAVYYCATDEDYALGPNEYDYYGQGTQVTVSS
seq5298,EVQLVESGGGLVQPGGSLRLSCAASGFTLDYYDIGWFRQAPGKEREGVSCTSSSDGSTYYADSVKGRFTISRDNAKNTVYLQMNSLKPEDTAVYYCATTFGDACTVVAGIPDQYDFGSWGQGTQVTVSS
seq5299,QVQLQESGGGLVQPGGSLRLSCAASGFPFSSYVMKWYRQAPGKERELVAEISSRGGTTNYADPVKGRFTISRDNFKNMVYLQMNSLKPEDTAVYYCNRPHPDYWGRGTQVTVSS
seq5300,DVQLVESGGGLVQPGGSLRLSCAASGRTFRHYAMGWFRQAPGKEREFVAAISSYGSTDYGDSVKGRFTISRDNSKNTVPLQMNSLRPEDTAVYYCAAADETLGAVPNFRLHEKYEYEYWGQGTLVTVSS
seq5301,EVQLVESGGGLVQAGDSLRLSCFTSARTFDTWAMAWFRQAPGKEREFISAISWSGSMTYYTDSVKGRFIISRDNAQNTLFLQMNNTAPEDTAVYYCAAKTVDYCSAYECYARLEYDYWGRGAQVTVSS
seq5302,QVQLQESGGGLVQAGGSLRLSCKASGGTFSGYIMGWFRQAPGKEREFVAANTWSGGPTYYSDSVKGRFTISRDNAKNTVYLQMNTLKPEDTAVYQCAARDYRGIKDLDLKGDYDYWGQGTQVTVSS
seq5303,QVKLEESGGGSVQTGGSLRLTCAASGRTSRSYGMGWFRQAPGKEREFVSGISWRGDSTGYADSVKGRFTISRDNAKNTVDLQMNSLKPEDEAIYYCAAAAGSAWYGTLYEYDYWGQGTQVTVSS
seq5304,QVQLVESGGGSVQSGGSLTLSCAISGYAYATYSMAWFRQAHGKEREGVAAINSDGHTTYVDSVKGRFTISRDNTNKNSYTLTLTMNNLNPEDTAMYYCAATSQLGFWAQ
seq5305,QVQLAESGGGSVQAGGSLRLSCAASGYTYTSNWLGWFRQAPGKEREEVAIIYTGSGSTHYRSSVKGRFTISQDNAKNTVYLQMNSLKPEDTAMYYCAARFSEYNYWGQGTQVTVSS
seq5306,QVQLQESGGGLVQSGGSLRLSCAASGFSLDDYTIGWFRQAPGKEREGVSCISSSGGSTYYADSVKGRFTISRDNAENTVYLQMNSLKPEDTAVYYCATYCPVTIADELGFDYWGQGTLVTVK
seq5307,QVQLQESGGGLVQPGGSLRLSCVASGSISVYGMGWYRQAPGKQRELVARITNIGTTNYADSVKGRFTISRDNAKNTVYLQMNSLQPEDTAVYYCNLRRLGRDYWGQGTQVTVSS
seq5308,EVQLVESGGGLVQPGGSLRLSCAASGSDFSLNAMGWFRQAPGKEREFVAAISWSGGSTLYADSVKGRFTISADNSKNTAYLQMNSLKPEDTAVYYCASNESDAYNWGQGTLVTVSS
seq5309,QVQLVESGGRLVQAGGSLRVACVASGGTFSSYVMGWFRQAPGKERESVASITRDGDTTFYADSVKGRFTIARDNAKNTVYLQMNSLQPEDTGVYYCAAAVQYGTLWSRQYDYWGQGTQVTVSS
seq5310,QVQLQESGGGLVQPGDSMRLSCAAEGDSLDGYVVGWFRQAPGKERQGVSSISGDGSMRYVADSVKGRFTISRDNAKNTVYLQMIDLKPEDTGVYYCAADPPTWDYWGQGTQVTVSS
seq5311,QVQLAESGGGLVQAGGSLTLSCAASGLNFDKYAIGWYRQAPGKEREGVSCISKYYNHRMYSDSVKGRFTVSSNYAKNTVYLQMTNLKPEDTAVYYCAAGCIDPEDWGQGTQVTVSS
seq5312,LQESGGGLVQTGGSLRLSCTTSGRASSNYALGWFRQAPGKEREFVAAISWSGGYTYYADSVKGRFTISRDNAKNTVYLQMSSLKPEETTIYYCVARDYRLWSPYQYEYDYWGQGTQVT
seq5313,DAQLQASGGGLVHAGGSLRLSCAASGSTSSINSIGWYRQAPGKQRELVAGFAGGGSTVYADSVKGRFTTSSDKPKNIEYLQMNSLKPEDTAVYYCSAGTVPGRWDYWGPGTQVTVSS
seq5314,QLQVVESGGGLVQPGGSLRLSCAASGFTFSSYYMSWVRQAPGKGLEWVSSIYSDGRGSKTFYADSVKGRFTISRDNAKNTLYLQMNSLKSEDTAVYFCAKDLLVAARGSMDYWGQGTQVTVSS
seq5315,EVQLVESGGGLVQAGGSLRLSCAASGRTYYAMGWFRQAPGKEREFLAIITDGSKTLYADSVKGRFTISADNAKNTVYLQMNSLKPEDTAVYYCAAQFTLARHLVWGQGTQVTVSS
seq5316,EVQLQASGGGFVQPGGSLRLSCAASGYYSYSSTMGWFRQAPGKEREFVSAISFYSDMAHYYADSVKGRFTISRDNSKNTVYLQMNSLRAEDTATYYCAAFSKLGKIKYWGQGTQVTVSS
seq5317,EVQLVQSGGGLVQHGGSLRLSCAASGFAFSSAGMSWVRQAPGKGLEGVSAINTRSGTTYYADFTKGRFTISRDNAKNTVYLQMNSLKPEDTAVYYCNAGFPSRYWGQGTQVTVSS
seq5318,QVQLQESGGGLVQAGGSLRLSCAASGRTFSTYSMGWFRQAPGKEREFVAIISWSGQRTRYADSVKGRFTISRDNAKNTVYLQMNSLKPEDTAVYYCAAPRTWGEFPPTQYDSWGQGTQVTVSS
seq5319,VQLQESGGGLVQAGGSLRLTCALSERTSTSYAQGWFRQPPGKEREFVASLRTHDGNTHYTDSVKGRFTISRDNAENTLYLQMNSLKTEDTAVYYCAASLGYSGAYASGYDYWGQGTQVTVSS
seq5320,QVQLVESGGGLVQPGGSLRLSCAASGFTFSDYWMYWVRQAPGKGLEWVSENTNGLITKYPDSVKGRFTISRDNAKNTLYLQMNSLKPEDTALYYCARSPSGFNRGQGTQVTVSS
seq5321,EVQLVESGGGLVQAGGSLRLSCAASGRTYSIDSMAWFRQAPGKERQFLGSILWSDDSTNYADSVKGRFTISRDNAKNTMYLQMGSLKPEDTAVYYCRSWDGRQVYWGQGTQVTVSS
seq5322,EVQLVESGGGLVQAGDSLRLSCAASGRTFSIYAVGWFRQAPGKERDFVADIRMMLGSTTYADSVKGRFTISRDNAKRTVYLQMNSLKPEDTAVYYCAVRSSRQTTEYDYWGQGTQVTVSS
seq5323,KVQLVESGGGLVQAGGSLRLSCAASGRTFSNYSVGWFRQAPGKEREFVAALSKDGARTYYAASVKGRFTIYRDNAKNVVYLQMSVLNGEDTAVYYCAADHFTFMSNLPSEYDYWGQGTQVTVSS
seq5324,EVQLVESGGGLVQPGGSLKLSCAASGSIFRANAMRWYRQAPGKQREWVASVISDDFTDYVDSVRGRFTISKDNAQNTVYLQMNSLKPEDTAVYYCNAQLGGVNYWGQGTQVTVSS
seq5325,EVQLVESGGGLVQAGGSLRLSCVVSGTIFSYTGVAWYRQTSGNQREWVASATNDGGTKFADSVKGRFTISRDNAKKTVHLQMNNLNAEDAAVYYCKTGRFWGRGTLVTVSS
seq5326,EVQLVESGGGLVQAGGSLRLSCAASGRTFSAYDMGWFRQAPGKEREFVAVISWTGGMTYYADSVKGRFTISRDKAKNTVSLQMNSLKPEDTAVYYCAVDRRRTYSRWRYYTGVNEYEYWGQGTQVTVSS
seq5327,LQESGGGLVQAGGSLKLSCETSGFTLDNYAIGWFRQAPGKDREEVACISTDVDSKYYASALKGRFTISSDSAKNTVYLQMNSLKPEDTAVYYCGASSRHYGANCLYAFWGHGTQVT
seq5328,QVQLQESGGGLVQAGGSLRLSCAASASIMSIRVMGWYRQAPGKQRELVATMSRGGTINYADSVRGRFTISRDNAKSTVYLQMNSLKPEDTDVYYCAALLDSYYWGQGTQVTVSS
seq5329,EVQLLESGGGLVQPGGSLRLSCAVSGDTFSVYGMGWFRQAPGMGREFVAGISWNAGITAYTDTLKGRFTISRDRAKNTMYLQMNSLRPEDTAVYYCAADVTRHYIATRSKVDASMYDYWGQGTLVTVSS
seq5330,EVQLVESGGGLVQPGGSLRLSCVASGRTFNSIGMGWFRQAPGKERDFIGGITWDGRDTYYTDSVKGRFTISRDNAKNTVYLQMNSLKPWDTAVYYCAANRDPWIATSYQDYAYWGQGTQVTVSS
seq5331,QVQLQESGGGLVQPGGSLRLSCTASGFTLDYYNIGWFRQAPGKERERVSCISSSGGSTNYADSVKGRFTISRDNAKNTVYLQMNSLKPEDTGVYYCAHCMATTEGYEYDYWGQGTQVTVSS
seq5332,EVQLVESGGGLVQAGGSLRLSCAASGRLPRDYILGWFRQPPGKEREFVAAVPWTGSLTSYGDSVKGRFTISKNNAENTVYLQMNGLKPEDTAVYYCAATTTSGRINWGRASWGQGTQVTVSS
seq5333,VQLVDSGGGLVKAGASLRLSCAASGDALFNYAMGWFRQGPGKERDFVASVTRSGDNTYYKDSAKGRFTISRDDAKNTVYLQMNSLKPEDTAVYFCAADKSSFRLRGPGVYDYRGQGTQVTVSS
seq5334,VQLQESGGGLVQAGDSLKLSCAASGLTFSNYIMAWFRQAPGKEREGVSCISSPDGSTYYADSVKGRFTISSDNAKNTVYLQMNSLKPEDTAVYYCAADFNVWSPPICGSVGPPPGGMDYWGKGTQVTVSS
seq5335,QVQLQESGGGLVQPGGSLRLSCTASGFTLDYYNIGWFRQAPGKERERVSCISSSGGRTNYADSVKGRFTISRDNAKNTVYLQMNSLKPEDTGVYYCAHCMATTEGYEYDYWGQGTQVTVSS
seq5336,QVQLQESGGGLVQAGGSLRLSCATSPLTLRLGAIGWFRQAPGKEREMVSCITSTEDKNYADSVKGRFTISRDNAKTMVYLQMNSLKLEDTAVYYCATRCTVVPGISWGQGTQVTVSS
seq5337,QVQLQESGGGSVQAGETLRLSCTVSGDTFEASGVGWFRQVSGNECDLVSSINRDGTTYYTPSVAGRFTMSQNNAKNTVYLQMNSLKPDDTAVYYCATDPAVGIVVRSTCRGPFGYWGQGTQVTVSS
seq5338,EVQLVESGGGLVQPGGSLRLSCAASGRTFSSYAMGWFRQAPGKEREFVAGISWSGSSSYYADSVKGRFTISRDNAKNTVYLQMNSLKPEDTAVYYCAADPVGRADLYEYDYWGQGTQVTVSS
seq5339,EVQLVESGGGVVQAGGSLTVSCTASGFTFDRAVIVWFRQAPGKGREGVSFIKPSDGTIYYIDSLKGRFTISSDIAKNTVYLQMKSLESEDSAVYYCAASPEDWYTDWIDWSIYRWQHWGQGTQVTVSS
seq5340,EVQLVESGGGLVQPGGSLRLSCAASGYLYSKDCMGWFRQAPGKEREGVATICTGDGSTAYADSVKGRFTISADNSKNTAYLQMNSLKPEDTAVYYCAVIAYEEGVYRWDWGQGTLVTVSS
seq5341,QVQLQESGGGLVQPGGSLRLSCLASRSFSSFNAMGWYRQAPGKERELVAAITNGGRIAYGIAVNGRFTISRDNAKNTVYLQMNSLKPEDTAVYYCNAKPTPVYGSTVGDYWGQGTQVTVSS
seq5342,EVQLVESGGGLVQPGGSLRLSCAASGFTFSSYWMYWVRQAPGKGLEWISALAPGGGNAYYADSVNGRFTISRDNAENLLYLQMNSLKSEDTAVYYCAKDHNVGYRTGEYDYGGQGTQVTVSS
seq5343,EVQLVESGGGLVQAGGSLRLSCAASGFTFSDTTIGWFRQAPGKEREGISCISTGDGSTYYAESVKGRFTISSDNAKNTVYLQMNSLNPEDTAVYYCALDQAPLWSTWSAPYEYDYWGQGTQVTVSS
seq5344,VQLVESGGGLVQAGGSLRLSCAASGSSFSSYTMGGIRWSGESPYYADSVKGAIRWSGESPYYADSVKGRFTISRDNAKNTLYLQMNSLKPEDTAVYYCAARLVPPGIPIERTLESMNYWGKGTLVTVSS
seq5345,EVQLVESGGGVVQAGGSLRLSCAASGGTFSFYGMGWFRQAPGKEQEFVADIRTSAGRTYYADSVKGRFTISRDNAKNTVYLQMNSLKPEDTALYYCAAEMSGISGWDYWGQGTLVTVSS
seq5346,MAESGGGSVQTGGSLRLSCAYTASSLCMAWFRQAPGKEREGVAVTRDGLPQTGYADSVKGRFAISQDYAKKTLYLQMSSLKPEDTARYYCAARPTSPCTVDGELLASTYDYWGQGTQVTV
seq5347,EVQLLESGGGEVQPGGSLRLSCAASGSVFSIDAMGWYRQAPGKQRELVAVLSGISSAKYAASAPGRFTISRDNAKNTVYLQMSSLRAEDTAVYYCYADVSTGWGRDAHGYWGQGTLVTV
seq5348,DVQLVESGGGLVQAGGSLRLSCAASGRTFSSIVMGWFRQAPGKEREFVGAIMWNDGLTYLQGSVKGRFTISRDNAKNTVVLQMNSLKPEDTALYYCAADRKSVMSIRPDYWGQGTQVTVSS
seq5349,EVQLVESGGGLVQPGGSLRLSCAASGFTFDDYGMSWVRQAPCKALEWVSAISWNGNNTYYTESMKGRFTISRDNAKNTLYLQMNSLRPEDTAVYYCVKGSTAIVGVPPTYPDEYDYWGQGTLVTVSS
seq5350,GGGSVQAGGSLRLSCNVSGSPSSTYCLGWFRQAPGKEREGVTAINTDGSVIYAADSVKGRFTISQDTAKKTVYLQMNNLQPEDTATYYCAARLTEMGACDARWATLYNYWGRGTQVTVSS
seq5351,EVQLVESGGGLVQPGRSLRLSCATSGTTFRSNAMGWYRQGPGKKRDLVASITNSGSTNYADSVKGRFTVSRDNDKNTGYLQMSSLKPEDTGVYYCTLDARRGWNTGYWGQGTQVTVSS
seq5352,QVQLVESGGGLVQAGGSLRLSCTASGRTFGAYNMGWFRQTPGKEREFVAAINWSGISTYYTDSVKGRFTISRDNAKNTVYLQMNNLSPEDTAVYYCAANRGGNYEKVYLYNNWGQGTQVTVSS
seq5353,QVQLQESGGGLVQAGGSLRLSCAASGFTFDDAAIGWFRQAPGKEREAVSCISTSDSSTYYADSVKGRFTISSDNAKNTMYLQMNSLKPEDTAVYYCAADDSHSTDYSDYGRPPCYPGMNYWGKGALVTVSS
seq5354,EVQLVESGGGLVQPGGSLRLSCAASGFTLDYYAIGWFRQAPGKEREGVSCISSSDGTTYYADSVKGRFTISRDNAENTVYLQMNSLKPEDTAVYYCATDWTRGCTYRSGTYYPRNYRGQGTQVTVSS
seq5355,DVQLQASGGGLVQAGGSLRLSCAASEFTFDDYVIGWFRQAPGKEREGVSSISSDGSTYYADSVKGRFTISSDNAKNTVYLHMNSLKPEDTAVYYCAADVTLNPFTGWTTRSGPMYRYEYDYWGQGTQVTVSS
seq5356,EVQLMESGGGLVQPGGSLRLSCAASGLGIAFSRRTMAWYRQAPGKQRDWVATIAGDGSTVYADSMKGRFTISRDNAENTVYLQMNSLKPEDTAVYYCWDVNRDYWGQGTQVTVSS
seq5357,AVQLVDSGGGSAQTGGSLRLSCVASGYTDSSGCMGWFRPAPGKEREGVAIIKGELGSTYYADSVKGRFTISQDTAKNTVVLLMNSLKPEDTAIYYCGARPRAGPYDDCLGSYWGGRFEYVWGQGTQVTVSS
seq5358,EVQLVESGGGLVQPGGSLPLSCAASGSIFRMNDMGWYRQAPGKQRERVATLTSAGNTNYADSVKGRFTISGDDARNTVYLQMNSLNPEDTAVYYCNAKVVVAVEGAKYDYWGQGTQVTVSS
seq5359,EVQLVESGGGLVQAGGSLRLSCAASGFTLSGNWMGWFRQAPGKEREFVASISSSGVSKHYADSVKGRFTISADNAKNTVYLQMNSLKPEDTAVYYCAADVWYGSTWRNWGRGTQVTVSS
seq5360,EVQVVESGGGLVQAGGSLRLSCTASGRTFSNYAMGWFRQAPGKEREFVASVTWGGSGTFYADSVKGRFTISRDNIKNTVYLQMNSLKPEDTAVYYCAADNVGDSWYSDDYKYWGQGTQVTVSS
seq5361,QVQLQESGGGLVQPGGSLRLSCAASGFTFSSYGMSWVRQTPGKGPEWVSAIDSGGGSTSYADSVKGRFTISRDNAKNTLYLQMNSLKPEDTAVYYCAQGYYCSGYGCSDYWGQGTQVTVSS
seq5362,EVQLVESGGGLVQPGGSLRLSCAASGRTFSDDTMGWFRQAPGKEREFVAAITWSGGRTRYADSVKGRFTISADNSKNTAYLQMNSLKPEDTAVYYCATDRPLFWGQGTLVTVSS
seq5363,DVQLVESGGGLVQPGGSLRLSCAASRSIGRLDRMGWYRHRPGEPRELVATITGGSSINYGDFVKGRFTISRDNSKNTVYLQMNSLRPEDTAVYYCNFNKYVTSRDTWGQGTLVTVSS
seq5364,QVQLQESGGGLVQAGGSLRLACAASPRTFSVYAMAWFRQAPGKEREFVASIIWETGYTYYGDSVKGRFTISRDNAEKTAYLQLNSLKPEDTAVYYCAAKRVGSGSISTFPQSFDYWGQGTQVAVSS
seq5365,EVQLVESGGGLVQAGGSLTLSCAPSESTVSFNTVAWYRQAPGEQREWVATISRQGMSTYPDSVKGRFTISRDNAKNTVYLQMNNLKPEDTAVYYCRDINHDIWGRGSQVTVSS
seq5366,QVQLVQSGGGSVQPGGSLRLSCAASKGIFAFNGMGWFRQAPGKERELVAKMQPNGRTIYKDTVKGRFTISRDIQKATVDLLMKSLQPEDTADYYCGAWVNRTNDMYWGQGTQVTVSS
seq5367,EVQLVESGGGVVQPGGSLRLSCAASGRTYYLNAMGWFRQAPGKEREFVAAIDWSEGNKDYADSVKGRFTISRDNSKNTVYLQMNSLRPEDTALYYCAADTPPWGPLIYIESYDSWGQGTLVQVSS
seq5368,EVQLVESGGGLVQPGGSLRLSCAASGRTFNNYGMGWFRQAPGKEREFVAVISRSGSLKAYADSVKGRFTISADNSKNTAYLQMNSLKPEDTAVYYCASDPTYGSGRWTWGQGTLVTVSS
seq5369,VQLVESGGGWVQAGDSLRLSCTASGSIPYVPDMHWYRQAPGQQRQLVATITRGGNTMYADSVKGRFTISRDNAKNTVYLQMTSLKPEDTAVYYCNADVWSSVALKLVEYWGQGIQVTVSS
seq5370,QLQESGGGLVQPGGSLRLSCAASGFAFSTYAMSWVRQAPGKGLEWVSGINGGGGNTYYADSVKGRFTISRDNAKNTLYLQLNSLKTEDTAMYYCGQGAYWAYCNGGYCNPPGQGTQVTVSS
seq5371,QLQLVESGGGLVQPGGSLRLSCVVSGVTFNNYGMSWVRQAPGKGLEWISSIYSNGHTYSADSVKGRFTISRDNANNTLYLQMNSLKPEDTANYYCKLVGETHRGQGTQVTVSS
seq5372,EVQLVESGGGLVQPGGSLRLSCAASGSEFSINAMAWYRQAPGKQRELVAALTSGGNTHYADSVKGRFTISRDNAKNTWYLQMNSLKPEDTAVYYCNADFGTAGLVVLGPWGQGTQVTVSS
seq5373,QVQLQESGGGLVQAGGSLRLSCAASGRTTNNYGMGWFRQVPGKEREFVAAVSWNGGSTYYADSVKGRFAISRGNAKNSIYLQMNSLKPEDTAVYYCAARTGGPPACSGYGCYDNARHYGSWGQGTQVTVSS
seq5374,QVQLVESGGGLVQAGGSLRLSCAASGGTFIRYAMAWFRQAPGKERVFVASISQTGGSTDYSDSVKERFTISRDNAKNTMYLQMNSLKPEDTAVYYCAVSTVQSKRMLMYGYWGQGTQVTVSS
seq5375,EVQLVESGGGLVQPGGSLRLSCAASGFTLDYYAIGWFRQAPGKEREGVSCVSSSDGRTAYADSVKGRFTISRDNAKNTVYLQMNSLKPEDTAVYYCATVMEYGLGCTTDVLDAWGQGTLVTVSS
seq5376,EVQLVESGGGLVQPGGSLRLSCETSKHTLDHYAIGWFRQAPGKEREGVSCISTNTYYSDSVKGRFTISRDNAKNTVYLQMNSLKPEDTAVYYCATTGSGLCTLRAFASWGQGTQVTVSS
seq5377,QVQLQESGGGLVQPGGSLRLSCAASGRTFSNYVNYAMGWFRQFPGKEREFVASISWSSVTTYYADSVKGRFTISRDNAKNTVYLQMNSLKPEDTAVYYCAAHLAQYSDYAYRDPHQFGAWGQGTQVTVSS
seq5378,QVKLQESGGGLVQAGGSLRLSCAVTGLISSNYVMGWYPQPPGQEREFVSAITWSGGSTYSADSVKGRFTITPSNAKNTVYLQMNNLKPEDTAVYYCAAAEDGQDPRDFGSWGQGTQVTVSS
seq5379,QVQLQESGGGLVQAGGSLRLSCAASGRTFSRYAMGWFRQAPGKEREFVARIRWSGGSTYYADSVKGRFTISRDNAKNTVYLQMNSLKPEDTAVYYCAAGGTSGLSFDYWGQGTQVTVSS
seq5380,EVQLVESGGGLVQPGGSLRLSCAASGRTLDIHVMGWFRQAPGKEREFVAVINWTGESTLYADSVKGRFTISADNSKNTAYLQMNSLKPEDTAVYYCAAFDGYTGNYWGQGTLVTVSS
seq5381,VKLEESGGGLVQAGGSLRLSCAASGRTFSSYRLGWFRQAPGKEREFVAAISWKDDTTYYADSVKGRFTISRDNAKNTVYLQMNSLTPEDSAVYSCAARGYSRSWNPWSEYDYWGQGTRVTVSS
seq5382,EVQLVESGGGLVQAGGSLRLSCAASGIIPNIYAMGWYRQAPGKQRELVASIENGGSTNYADSVKGRFTISRDNARNTVFLQMHSLKSEDTAVYYCYAFRPGVPTDWGQGTQVTVSS
seq5383,EVQLVESGGGLVQAGGSLRLSCAASGFSFDDYVIGWFRQAPGKEREGVSLISSSDGSTYYADSVKGRFTISSDNAKNTVYLQMNSLKPEDTAVYYCAAGNGLLRLWMFHVSAYDYWGQGTQVTVSS
seq5384,QVQLQESGGGLVQPGGSLRLSCAASGSSVSFLSMAWYRQAPGKKRELVAGISTDGSTNYADSVKGRFTISEDNAKNTVDLQMNSLQPEDTAVYYCYAYRWVDRYTYWGQGTQVTVSS
seq5385,EVQLVESGGGLVQAGGSLRLSCAASGRALSNYAMRWFRQAPGKEREFVATINWSGSHTDYADSVKGRFTISRDNAENTVYLQMNSLTPEDTAVYYCASGWGATQAQSGFWGQGTQVTVSS
seq5386,AVQLVESGGTLVQPGESLRLSCAASGFDFSSYAVGWFRQAPGKGREFVAAISWSGGYTYYGDSVKGRFTISRDAAKNTGYLQMNSLKPEDTAIYYCAGDDGEYVIPSDQNEYEFWGQGTQVTVSS
seq5387,EVQLVESGGGLVQPGGSLRLSCAASGFTFSSYRMYWVRQAPGKGLEWVSAISSGGGSTYYGDSVKGRFTISRDNAKNTVYLQMNSLKPEDTAVYYCANRAGWGMGDYWGQGTQVTVSS
seq5388,ESGGGSVQAGGSLRLSCNVSGSPSSTYCLGWFRQAPGREREGVTAINTDGSIIYAADSVKGRFTISQDTAKETVHLQMNNLQPEDTATYYCAARLTEMGACDARWATLATRTFAYNYWGRGTQVTVSS
seq5389,EVQLVESGGGLVQAGGSLRLSCAASGRTISSYIVGWFRQAPGKEREFVANIGWSGSMPLYADSVKGRFTIFRDNAKNTVYLEMNKLKPEDTAVYYCAARGAGQLTNDYWGQGTQVTVSS
seq5390,QVKLEESGGGSVQTGGSLRLTCAASGRTSRSYGMGWFRQAPGKEREFVSGISWRGDSTGYADSVKGRFTISRDNAKNTVDLQMNSLKPEDDAIYYCAAAAGSAWYGTLYEYDYWGQGTQVTVSS
seq5391,DVQLQESGGGLVQAGDSLRLSCAASGATLSSYTMGWFRQAPEKEREFVAGSSRDGRTNYYANSVKGRFTISRDNAKNTVYLQMNSLKPEDTAVYYCAAHTTSGVPVHERSYAYWGQGTQVTVSS
seq5392,QVQLVESGGGMVQAGASLRLSCAASGRTFTIYDMGWFRQAPGKEREFVGIIGRRGITTDYADSVKGRFTISRDNAKKTVYLQMNSLKPEDTAVYYCAVGGSPGRLRVGVPDYWGQGTLVTVSS
seq5393,QVHLMESGGGSVQAGGSLSLSCVVSGYTGSSRCMAWFRQAPGKEREAVAQIFTGRGTTGYADSVKGRFTISQDNAKNTVYLRMNSLRPEDTAIYYCAASLGPGRGACGYNYWGQGTQVTVSS
seq5394,QVQLVESGGGLVQPGGSLRLSCAASEYPSNFYAMSWFRQAPGKEREFVAGVSRDGLTTLYADSVKGRFTMSRDNSKNTVYLQMNSLRAEDTAVYYCAIVITGVWNKVDVNSRSYHYWGQGTLVTVSS
seq5395,QVQLVESGGGLVQPGGSLRLSCAASGSISSFKSMGWYRQAPGNERDMVALITTGGDTSYSDSAKGRFTISRDSAKNTVYLQMNSLKPEDTAVYYCYARRWNFGYREMWGQGTLVTVSS
seq5396,EVQLVESGGGLVQAGGSLRLSCEASGRSFSSVAMGWFRQAPGKEREFVAALSRWSGARTVYADSVKGRFTISGDNAENTVYLQMNSLKPEDTAVYTCAADSTNRNSGAVYYTWAYDYWGQGTQVTVSS
seq5397,LQESGGGLVQAGGSLRLSCAASGFTSDDYAIGWFRQAPGKEREGVSCISSSDGSTYYADSVKGRFTISSDKAKNTVYLQMNNLKPEDTAVYYCVADAKHFDYGLGYYTRPPCYGMDYWGKGTLVNVSS
seq5398,LQESGGGLVQAGGSLRLSCAASGRTFSRYGWFRQAPGKEREIVASIRWSSGSTYYADSVKGRFTISRDNAKNTVYLQMNGLKPEDTAVYSCAASSLYLALQRAEYDYWGQGTQVT
seq5399,EVQLVESGGGLVQAGGSLRLSCAASGFTFDDYAIGWFRQAPGKEREGVSCISPSDGSTYYADSVKGRFTISSDNAKNTVYLQMNSLKPEDTAVYYCAALYSDYDCPHPSIPHEYDYWGQGTQVTVSS
seq5400,EVQLVESGGGSVQAGGSLRLSCTASGRPFDNYAMAWFRQAPGKEREFVAAISWSLSRTHYADSVKGRFTISRDNAKNTAFMQMSSLKPEDTAVYYCAAAPRPKWVSVRYFSNSSNYDYWGQGTQVTVSS
seq5401,EVQLVESGGGLVQAGGSLRLSCSASGLLFSVNSVGWYRRAPGKQREFVARLRTTGSTNYAQSVKGRFTISRDNAKNTVYLQMNNLKPEDTAVYYCSAWRIEAYEYWGQGTLVTVSS
seq5402,QVQLQESGGGLVQAGGSLRLSCAASGSIFSGNVMGWYRQVPGNQRELVATITGGGVTRYADSVKARFTISRDNAKNTVYLQMNSLKPEDTAVYYCHYRRIMQQSWGQGTQVTVSS
seq5403,QVQLQESGGGSVQAGGSLRLSCAASGNIVSSYCMGWFRQAPGKERVGVAAIDSDGTTKYADSMKGRFTISKDNAKNTLDLQMNSLKPEDTAMYYCVARLNCPGPVDWVPMFPYRGQGTQVTVSS
seq5404,DVQLQESGGGWVQAGDSLRLSCVASGAPLSSFTMGWFRQAPEKEREFLGGKSRDGRTTYYSNSVKGRFTIDRDDAQNTVYLQMNSLNPDDTAVYYCAAHTTSGVPVRVKSYAYWGQGTQVTVSS
seq5405,AVQLVESGGGLVQPGGSLRLSCAVSGFTFSSYWMIWVRQAPGLGVEWVSSITTGGDRTWYSSSVKGRFTISRDNAKNTLYLQMNSLKPEDTAVYYCARGGLASTADVDYWGQGTQVTVSS
seq5406,QVQLVESGGGSVQAGGSLTLSCAVSGNTYSTKYMGWFRQAPGKEREGVAAILAGGRNTHYADSVKGRFAISQDNAKNTVYLQMNSLKPEDTAMYYCAADTRAAFWNIGPLNSDQYNIWGQGTQVTVSS
seq5407,EVQLVESGGGLVQPGGSLRLSCAASGNIFSIATMAWYRQAPGKQRELVASISSSGYRIYADSVKGRFTSSRDNAKNTAYLQMNSLGPEDTAVYYCNFRDYEGNHWGQGTQVTVSS
seq5408,GGGSAQAGGSLRLSCAAHGIPLNGYYIAWFRQAPGKGREGVATINGGRDVTYYADSVTGRFTISRDSPKNTVYLQMNSLKPEDTAIYFCAAGSRFSSPVGSTSRLEYNYWGQGIQVTASS
seq5409,EVQLVESGGGLVQPGGSLRLSCAASGFTFDDYALGWFRQAAGKEREGVSCIRCSDGSTYYADSVKGRFTISRDNSKNTVYLQMNSLRPEDTAVYYCAASIVPRSKLEPYEYDAWGQGTLVTVSS
seq5410,QVQLQESGGGSVQAGGSLRLSCTAPGFTSNTCAMAWYRQAPGKEREFVSSISTVRTTAYADSVKGRFTISKDEAKATVYLQMNSLKPEDTAMYFCKSYACRDCIGRYCRTAPDAWGQGTQVTVSS
seq5411,QVQLQESGGGLVQSGGSLRLSCVHSKTTFTRNAMGWYRQALGKERELVATITSGGTTNYADSVKGRFTISMDSAKNTVYLQMNSLKPEDTAVYYCNVNTRRIFGGTVREYWGQGTQVTVSS
seq5412,QVQLQDSGGGLVQPGDSLRLSCAASRNIFGLSRMGWYRQAPGKQRELVATITTGGSTNYADTVKGRFTISRDNTKNMVYLQMNSLKPEDTAVYYCAKGWLVKWLPPRDATGYWGQGIQVTVSS
seq5413,EVQLVESGGGLVQTGGSLRLSCEVSGRTFSSYSMGWFRQAPGKEREFVVAISKGGYKYDSVSLEGRFTISRDNAKNTVYLQINSLRPEDTAVYYCASSRAYGSSRLRLADTYEYWGQGTLVTVSS
seq5414,EVQLVESGGGLVQAGGSLRLSCAASGSTFRSYAMGWYRQVPGNQRELVAVISSGDSANYADSVKGRFTISRDNAKNTVYLQMNSLKPEDTAVYYCFYSGSYYYPTDVHEYDYWGQGTQVTVSS
seq5415,EVQLVESGGGLVQPGGSLRLSCAASGSTLSINAMGWFRQAPGKEREGVSWISSSDGSTYYADSVKGRFTISADNSKNTAYLQMNSLKPEDTAVYYCAAALDGYSGRWGQGTLVTVSS
seq5416,QVQLQESGGGLVQAGGSLRLSCAASGRAASGHGHYGMGWFRQVPGKEREFVAAIRWSGKETWYKDSVKGRFTISRDNAKTTVYLQMNSLKGEDTAVYYCAARPVRVADISLPVGFDYWGQGTQVTVSS
seq5417,EVQLVESGGGLVQPGGSLRLSCAASGFTLDYYAIGWFRQAPGKEREGVSCITISDGDTYYADSVKGRFTISRDNANNTVNLQMNSLKPEDTAVYYCAAVHGLKLPSQRGLGGSYYYLLPRSYDYWGQGTQVTVSS
seq5418,QVQLQESGGGLVQTGGSLRLSCAASGFTFDDYAIGWFRQAPGKDREGVSYISSKVGRTYYVDSVKGRFTISSDNAKNTVYLQMNSLKPEDTAVYYCAAIYPETLGQVLAGTLMPRYWGQGTQVTVSP
seq5419,EVQLVESGGGVVQPGGSLKLSCVASGTDFSINFIRWYRQAPGKQREFVAGFTATGNTNYADSMKGRFTISRDNTKNAVYLQIDSLKPEDTAVYYCFMLDKWGQGTQVTVSS
seq5420,EVQLVESGGGLVQAGGSLRLSCAASGFTFDDYAIGWFRQAPGKERERVSCISGSDGSTYYADSVKGRFTISSDNAKNTVYLQMNNLKPEDTAVYYCAAYWGLTLRLWMPPHRYDYWGQGTQVTVSS
seq5421,VQLQESGGGLVQPGGSLRLSCAASRSFFSINAMGWYRQAPGKQRELVATITSRDSTNVADSVKGRFTISRDYAKNIVYLQMDSLRPEDTATYYCYADQPWRGRAWGQGTQVTVSS
seq5422,QVQLVESGGGLVQPGGSLRLSCAASGFAFSSYDMSWVRQAPGKGPEWVSTINSGGGSTSYADSVKGRFTISRDNAKNTVYLQMNSLKPEDTAVYYCAARSLYYTRVPMYDYWGQGTQVTVSK
seq5423,AVQLVESGGGLVHPGESLKLSCAASGFTFGTKFMSWVRQGPGKDLEWVSIINSGGENTWYADSVKGRFIIYRDNAKAMLYLHMHALKTEDTAMYYCAQGNAVLQGVGGIPMGPGTQVTVSS
seq5424,EVQLLESGGGEVQPGGSLRLSCAASGSVFSIDAMGWYRLAPGQQRELVAVLSGISSAKYAESVKGRFTISRDNAKNTLYLQMSSLRAEDTAVYYCYADVSTGWGRDAHGYWGQGTLVTV
seq5425,EVQLVQSGGGLVQAGGSLRLSCAASGRAFSNYALGWFRQAPGKEREFIAAINWNGENRYGVDSVKGRFTISRDNAQNMGYLQMNNLKPEDTAVYRCAAALSFRLGGEPYGDAYWGQGTQVTVSS
seq5426,EVQLVESGGGSVPAGGSLRLSCAAFGFTFDNYAIAWFRQAPGKEREGVSCLSTNDGETYYADSVKGRFTISSDHAKNTVYLQMDSLRPEDTAVYYCAAAEGSWCHKYEYDYWGQGTQVTVSS
seq5427,EVQLVESGGGEVQPGGSLRLSCAASEIIFSDKTVGWYRQAPGKQRVLVAVISNVDSTNYAESVKGRFTISRDNAKNTVYLQMSSLRAEDTAVYYCYARDFESEYWGRGTQVTVKP
seq5428,EVQLVESGGGLVQPGGSLRLSCAASGFTFNDYWMYWVRQAPGKGLEWVSSINTGGSSTYYSDSVKGRFTTARDNAKNSLYLQLNSLRPEDTAVYYCAKEGPVGPPDYWGQGTQVTVSS
seq5429,EVQLVESGGGLVQPGGSLTLSCAASGFMFSSYSMSWYRQAPGKQRELVAAITSYGSTNYADSVKGRFTISRDNAKNSVYLQMNSLRAEDTAVYYCNARSWNNYWGQGTLVTVSS
seq5430,EVQLVESGGGLVQPGGSLRLSCAASGFTFSSYRLYWVRQPPGKGPEWVSAISAGGGSTYYGDSVKGRFTISRDNAKNTVYLQMNSLKPEDTAVYYCANRAGWGMGDYWGQGTQVTVSS
seq5431,EMQLVESGGGLVQAGGSLRLSCATSERTFSTYTMAWFRQAPGKEREFVVAIKSSDNSTSYRDSVKGRFTISRDNAKSTMYLQMNSLKPEDTAVYYCAARREYSTIYTARYPGEYVYWGQGTQVTVSS
seq5432,QVQLQDSGGGLVQAGGSLRLSCAASGRTYSSYAMGWFRQAPGKEREFVAAINWSGGTTYYTDSVKGRFTISRDNAKNTVYLQMNSLKSEDTAVYYCAATYYGGGGFFTESHQYDYWGQGTQVTVSS
seq5433,EVQLQASGGGLVQAGESLRLSCVVSGGAFRIMDMGWFRQVPGKQREVVGVISSGGYTNYADSVKGRFTISRDNAKRTVYLHMNSLKPEDTAVYYCNIIPKSDQGAVNTWGKGTLVSVSS
seq5434,EVQLVESGGGLLTTGGSLRLSCTASESIFSGNNMGWFRQAPGKQREWVATVTDGGWRNYAESVKGRFTISRDNAKNTVYLQMNSLKPEDTAVYYCNRVAGWAGPLGSWGQGTQVTVSS
seq5435,EVQLVESGGGLVQPGGSLRLSCAASGSIFSINAMGWYRQAPGKQRDLVAHITFGGNSYYADSVKGRFTISRDNAKNTVYLQMNSLKPEDTAVYYCNARGLGSHRVSDYWGQGTQVTVSS
seq5436,VQLQESGGGLVQPGGSLRLSCAASGTSFSINGMAWYRQAPGGQRELVGGITSDGSTGYADSVKGRFTVSRDNAKNTVYLQMNRLKPEDTAVYYCGTSTPRGDSYWGQGTQVTVSS
seq5437,QVQLQESGGGLVQAGDSLRLSCAASGRNFDYYSMGWFRQAPGNERIFVAAINWRGAVIDYPDSVKGRFTISRDNAKNRVYLQMNSLKPEDTAVYYCAAASSSSRLLEPIGYNYWGQGTQVTVSS
seq5438,EVQLVESGGGLVQAGGSLRLSCAAAGGTFRNYVMGWFRQAPGKEREFVTAISTGGSWTGYVDSVKDRFTISRDNTKNTVYLHMASLKPEDTAVYYCAATTPVTTYLPRSERQYDYWGQGTQVTVSS
seq5439,EVQLVESGGGLVQAGGSLRLSCVCSGFSSDEYAIGWFRQAPGKEREGVSYISREDGSRHYADSVKGRFTISTDYARNTVYLQMDSLKPEDTGVYYCAAALLGDYVLWLPEYPYNYWGQGTQVTVSS
seq5440,QVQLQASGGGLVQAGGSLRLSCAVSGGTLSSYTMGWFRQAPGKEREFVSALSRVGGKSDYADSVKGRFTISRNAKNTVYLQMNSLKPEDTAVYYCAAGGYSRRWSAYNYWGQGTQVTVS
seq5441,EVQLVESGGGLVQPGGSLRLSCAASGFTFSTYSMGWFRQAPGKEREFVAAISSGGLKAYADSVKGRFTISADNSKNTAYLQMNSLKPEDTAVYYCAAALDDYSGSWGQGTLVTVSS
seq5442,QVQLQESGGGLVQAGGSLRLSCVASGTIFSINKMGWYRQAPEKERELVAVARSGGIINYADSVKGRFTISRDDAKNTVYLQMNSLRPDDTAVYFCNALIHTRYDRVTGYWGQGTQVTVSS
seq5443,EVQLQESGPGLVKPSQTLSLTCTVSGGSITTRYYAWSWIRQPPGKGLEWIGVIDYDGDTYYSPSLKSRTSISWDTSKNQFSLKLSSVTAEDTAVYYCARDPDVVTGFHYDYWGQGTQVTVSS
seq5444,EVQLVESGGGLVQPGGSLRLACAASKSIDNIHAMGWYRQAPGNEREWVASITSSATAYADSVKGRFIISRDNAENTIYLQMHSLKPEDTAVYYCKGQVLVPGGRNDYWGQGTQVTVSS
seq5445,DVQLQASGGGLVQAGGSLRLSCAASGSTFSIKHHGWYRRAPGNQREWVAGISSENITNVAEAVKGRFTISRDNAKNTVYLQMNSLKVEDTAVYYCYAQDNDYRFLHRFWGQGTQVTVSL
seq5446,QVQLQESGGGLVQAGGSLRLSCAASGRTFSSYTMGWFRQVPGKEREFVAAIRWSGGSRIYADSVKGRFTISRDNTKNVVYLQMTSLKPEDTAVYYCAADRDGYSSYAHQYDYWGQGTQVTVSS
seq5447,QVQLQESGGGLVQPGGSLRLSCAASGRISSINSMGWYRQAPGKQRELVAAITNGGAKTYADSVKGRFTISRDGAGNTVYLQMDNLRPEDTAVYYCKAFTRTYDYWGQGTQVTVSS
seq5448,EVQLVESGGGLVQAGGSLRLSCAASGRTFSTYATGWFRQAPGKEREFVAATRGSNGLAYYGNSAKGRFTISRDNAKNTVYLQMNSLKPEDTAVYYCASSNSRCIGDGCYDEPHEYAYWGQGTQVTVSS
seq5449,QVQLQESGGGSVQAGGSLRLSCVGPGISYVYNRVGWFRQAPGKESEVVAAFYTSNTSALYYAAQVKGRFTISQGNAKNTVYLQMNNLKPEDSGKYYCATANGGLLSDARGYRHYGQGTQVTVSS
seq5450,EVQLQASGGGLVEPGGSLRLSCAASESIWVNVMDWYRQAPGKQRELVAAITRGGVTNYADSVKGRFTISRDNAKNMMFLQMHSLLPEDTAVYYCHARTWRDYWGQGTQVTSPP
seq5451,EVQLVESGGGVVQPGGSLRLSCAASGRTFRHYAMGWFRQAPGKEREFVAAISSYGSTDYGDSVKGRFTISRDDAKNTVPLQMNSLKPEDTALYYCAAADETLGAVPNFRLHEKYEYEYWGQGTLVTVKS
seq5452,QVQLVESGGGVVQTGGSLRLSCAASEPIFSNYAMAWFRQAPGKEREFVAGISWSGSSTNYADSVKGRFTISRDIAKNTVYLQMNSMKPEDTAAYYCAVDLHMRSPNPDPGEYDYWGQGTQVTVSS
seq5453,QIQLVESGGGSAQAGGSLRLSCVVSGNIYNRNFMGWFRQAPGKVREGVAAIYTGTSRTYYADSVKGRFTISQDNAKNTVYLQMNSLKPEDTAMYYCAADLRDGFWDTGVWNTWGQGTQVTVSS
seq5454,DVQLVESGGGSVRAGGSLRLSCTASGDTSKSDCMAWFRQAPGKERERVGAIYTRNGYTHYADSVNGRFTISQDNAKNALYLQMSGLKPEDTAMYYCAARFRIYGQCVEDDDIDYWGQGTLVTVSS
seq5455,QVQLVESGGGVVQTGGSLRLSCAASEPIFSNYAMAWFRQAPGKEREFVAGISWSGSSTNYADSVKGRFTISRDIAKNTIYLQMNSMKPEDTAAYYCAVDLHMRSPNPDPGEYDYWGQGTQVTVSS
seq5456,QVQLVESGGGLVQAGGSLRLSCAASGPTGAMAWFRQAPGMEREFVGGISGSETDTYYADFVKGRLTVDRDNVKNTVDLQMNSLKPEDTAVYYCAARRRVTLFTSRADYDFWGQGTQVTVS
seq5457,EVQLVESGGGLVQAGGSLRLSCAASGPTFSIYDMGWFRQAPGKEREFVTVIRWSDGFTYYEDSVKGRFTISRDNAKNTVYLQMNNLKPEDTAVYVCAANTAPLRIINFRNAYNYDYWGQGTQVTVSS
seq5458,QVQLQESGGGSVNTGGFLTFTCTASELTFNAYVIGWFRQVPGQEREGVSCIGSEDGSTYYADSVKGRFTISIDNVKNTMTLQMDNLKPEDTAVYYCAAGGTYRNTNWYCKNPFGSWGQGTHVTVSS
seq5459,DVQLLESGGGLVQPGGSLRLSCAASGFTFGNYDMAWVRQAPGKRPEWVSSIDTGGDITHYADSVKGRFTISRDNAKNTLYLQMNSLRPEDTAVYWCATDEEYALGPNEFDYYGQGTLVTVQS
seq5460,QVQLQESGGGSVQTGGSLRLSCAASTSIYSNNYMAWFRQAPGKGREGVAAVYIGDGRTYYADSAKGRFTISLDSAKNTVYLHMNSLKPDDTAMYYCAAAPGPLTRHFWYTSANYDYWGPGTQVTVSS
seq5461,EVQLVESGGGLVQAGGSLRLSCAASGSTFSNYAMGWFRQAPGKEREFVATITRSSGNTYYADSVKGRFTISADNAKNTVYLQMNSLKPEDTAVYYCAAVPFKPYSYDYWGQGTQVTVSS
seq5462,EVQLVESGGGLVQAGGSLRLSCAASGGTLYDYAIGWFRQAPGKEREGVAYLGASDGATYYADSVKGRFTISSDNAKNTVYLQMNSLKPEDTAVYYCAAAAQWATIRWIQEYDYDTWGQGTQVTVSS
seq5463,QVQLQESGGGLVQAGGSLRLSCAASGRAASGHGHYGMGWFRQVPGKEREFVAAIRWSGKETWYKDSVKGRFTISRDNAKTTVYLQMNSLKGEDTAVYYCAARPVRVADISLPVGFDYWGQGTQVTVS
seq5464,EVQLVESGGGLVQAGGSTRLTCLASGSISSINVIGWYRQAPGKQRELVAMIGRGEGANYGDFAKGRFTISRDNSKNTVYLQMNSLKPEDTAVYYCYADYEDHDSPFNGSWGQGTQVTVSS
seq5465,QVQLQESGGGSVQAGGSLQLSCAATDITYSRCMAWFRQAPGKSREGVAALSTNGGSTWYADSVKGRFTISRDGAKNTIYLQMRSLKPEDTAMYYCADSSFFSCRDCSGGDCPRSRDYKYWGQGTQVTVSS
seq5466,EVQLVESGGGLVQAGGSLRLSCTTSERTVSRYSMGWFRQAPGKEREAVATISWSGDSTYYADSVKGRFTISRDNTKNTLYLQIDSLKPEDTAVYYCVAKPNLKYGSYWPPRGYDYWGQGTQVTVSS
seq5467,DVQLVESGGGLVQAGGSLRLSCATSGLTFSSYYTGWYRQAPGREREFVAQISWSDDSTYYADSVKGRFTISRDNARNTVYLQMNNLKPGDTAIYYCDARKVGGPDYWGQGTQVTVSS
seq5468,QVQLQDSGGGLVQAGGSLRLSCAASGRTFSSLVMGWFRQASGKEREFVAAIGWSGGSTAYADSVKGRFTISRDNARNTVYLQMNSLKPEDTAVYYCASAPTRWVPRDSRFYDRWGQGTQVTVSS
seq5469,ASGGGLVQAGGSLRLSCVASGRTFSSYAMGWFRQAPGKEREFVAAIHWSGDSTHYADSVKGRFAISRDNAKNTLYLQINSLKSEDTAVYYCAKDRDTGIGAYDYWGQGTQVT
seq5470,EVQLVESGGGLVQPGGSLRLSCAASGSIFGLNAMGWYRQVPGKERELVVSISSGGSTTYADSVKGRGRFTISRDDAKNTVYLQMNSLKPEDTGVYYCNARVPGAHYIMDYWGKGTLVTVSS
seq5471,QVQLQESGGGSVQAGGSLRLSCTAPGFTSNTCAMAWFRQAPGKEREFVSSMSTGGTTGYGDSVKGRFTSSKDAAKDTVYLQMNSLKPEDTAIYFCKTYACRDCIGRYCRTAPDAWGQGTQVTVSS
seq5472,EVQLVESGGGLVQPGGSLRLSCAASGRTYDAMGWLRQAPGKEREFVAAISGSGDDTYYADSVKGRFTISKDNSKNTMYLQMNSLRPEDTAVYYCATRRGLYYVWDSNDYENWGQGTLVTVSS
seq5473,QVQLVESGGGVVQPGGSLRLSCAASISIFDIYAMDWYRQAPGKQRELVAVSFRDGSTYYADSVKGRFTISRDNSKNTLYLQMNSLRAEDTAVYYCHVSLYRDPLGVAGGMGVYWGQGTLVTVSS
seq5474,QVQLQESGGGLVQAGDSLRLSCAASGRTYGGYGMGWFRQIPGKERELVAAIRWSGRNTYYADSVKGRFTISRDNVKDMLYLQMNSLKPEDTAVYTCAVRTVRVVDISSPVGFAYWGQGTQVTVSS
seq5475,EVQLVESGGGLVQTGGSLRLSCAASGRTFSSYAMGWFRRAPGKEREFVATISWRGDRKYYSESVKDRFTIARGRSNKNAVYLQMNSLKPEDTAVYYCAKDRAPYGSGSPDVKQYEHWGQGTLVTVSS
seq5476,QVQLQESGGGLVQPGGSLRLSCAASGVTFGIGAMGWYRQTPENERELVAAISSGGSTNYAASVKGRFTISRDNAPNTVYLQMNSLKPEDTAIYYCNVRRGLAWYPGWGQGTQVTVSS
seq5477,EVQLVESGGGLVQAGGSLGLSCSASGLLFSRNSAGWYRQAPGKQREFVARIRMGGSINYGDSVKGRFTVSRDIAKNTMYLQMNDLKPEDTAKYFCSSWREGFYEYWGQGTLVTVSS
seq5478,LQESGGGLVQAGGSLRLSCAASGRTFSNYAVGWFRQAPGKERDFVAAIGGSSYITRYADSVKGRFRITRDNTKNTAYLQMNSLEPGDTAVYYCAAGSWAAVSTTPSYWGQGIQVT
seq5479,VQLVESGGGSVQAGGSLRLSCTASGFAFSSYALGWFRQAPGQERWAVAAIGTGGDTYYADSVKGRFTISRDNAKNTVTLQMNNLKPEDTAIYYCSLRMNGWRAHQWGQGTQVTV
seq5480,EVQLVESGGGLVQPGGSLRLSCAASGFSLDYYAIGWFRQAPGKEREGVSCMDSSDGTTRTYYSDSVKGRFTISRDDAKNTVYLQMNSLKPEDTAVYYCAADGHLNWGQRYVPCSQISWRGWNDYWGQGTQVTVSS
seq5481,QVQLVESGGGLVQAGGSLRLSCEASGRAFSTYAMGWFRQAPGKEREFVAGIAWSGYSTDYADSVKGRSTISRDNTKNTVWLQMNSLKPEDTAVYYCAGERNFGRVGVKEVEYDYWGQGTQVTVSS
seq5482,EVQLVESGGGLVQAGGSLRLSCVVSGTIFSYTGVAWYRQTSGNQREWVATATNDGGTKFADSMKGRFTISRDNAKKTVYLQMNNLNAEDAAVYYCKTGRFWGRGTLVTVSS
seq5483,QVQLQESGGGLVQAGGSLRLSCAASGSISVGYLMGWYRQAPGKERELVAGINYGSNTYYADSVKGRFTISRDNAKNTVYLQMNSLKPEDTAVYYCAASQRRAYAARIDLFSYHTYWGQGTQVTVSS
seq5484,EVQLVESGGGLVQPGGSLTLSCVASGSTSSINAMGWYRRAPGKQRELVAGISSDGSLVYADSVKGRFTISRDNAKNSVYLQMNSLRAEDTAVYYCYYFRTVSGSSMRAWGQGTLVTVSS
seq5485,EVQLVESGGGLVQPGGSLRLSCAASGFTMSSSWMGWFRQAPGKEREFVARITSGGSTGYADSVKGRFTISADNSKNTAYLQMNSLKPEDTAVYYCASVDGYFDYWGQGTLVTVSS
seq5486,QVQLQESGGGLVQPGDSLRLSCAASGRTFSNYVMGWFRQAPGKGREFIAAIDWDGGGTHYADSVRGRFTISRDSAKNMVYLQMNGLKPEDTAVYRCAHNSGTGSFPETGLYGYDYWGQGTQVTVSS
seq5487,EVQLVESGGGLVQAGGSLTLSCAASGRTDSRYAMGWFRQAPGKERELMAAISWSGRPTYYADSVKGRFTISRDNAKNTVSLQMNSLKPEDTAVYYCAYKRLPAWYTGSAYYSQESEYDYWGQGTQVTVSS
seq5488,VQLQESGGGLVQAGGSLRLSCAASGRTFSGQSMGWFRQAPGKEREFVAVITWSGGSPYYADSVRGRFTISRDNAKNTVHLQMNSLKPEDTAVYYCAAPVSYGSQWLADYWGQGTQVTVSS
seq5489,AVQLVDSGGGLVQAGGSLRLSCAASGRTFSSSPMGWFRQAPGKEREFVAAISGRSGNTYYADSVKGRFTISRDNAKNTVYLQMNSLKPEDTAVYYCAAERVGLLLTVVAEGYDYWGQGTQVTVSS
seq5490,QVQLQESGGGSVEAGGSLRLSCARSGWPYSTYSMNWFRQAPGKEREAVAGISSTMSGIIFAESKAGQFTISQDNAKNTVYLQMNNLKPEDTAIYYCAARRDYSLSSSSDDFDYWGQGTQVTVSS
seq5491,EVQLVESGGGLVQPGGSQRLSCAASGTIVNIHVMGWYRQAPGKQRELVALIFSGGSADYADSVKGRFTISRDNSKNTVYLQMNSLRAEDTAVYYCAAEIGYYSGGTYYSSEAHWGQGTLVTVSS
seq5492,VQLQQSGGGLVQAGGSLRLSCAASGSTFSITYMAWFRQAPGKQRELVAEISSRGSVFYADSVKGRFTISRDNAKKTVYLQMNSLETEDTAAYYCSVGARRDEDDYVYWGQGTLVTVSS
seq5493,LQESGGGLVQAGGSLRLSCAASGSTFSINAARWYRQAPGKQRELVAAISIGGTTNYADSVKGRFTISRDNAKNTVYLQMNSLKPEDTAVYYCNAPGPYSDYETMAYEYDYWGQGTQVT
seq5494,DVQLQASGGGLVQAGGTLRLSCAHSGRTSSTQFWGWFRQAPGKEREFVAGMSRSGLSTFYADSVKGRFAISRDNGKNTVYLQMNSLKPEDTAVYFCASSPFIGEHYYSSTKYHYWGQGTQVTVSS
seq5495,EVQLVESGGGLVQPGGSLRLSCAASGSILDDANAMGWYRQTPGTERALVALITDSGATRYADSVKGRFTISRDNAKNTATLQMNSLKPEDTAVYYCNFREFGGWGTNIDHWGQGTQVTVSS
seq5496,EVQLVESGGGLVQPGGSLRLSCAASGFTIDDYAIGWFRQAPGKEREGVSSIRDNGGSTYYADSVKGRFTISSDNSKNTVYLQMNSLRPEDTAVYYCAAVPAGRLRFGEQWYPIYEYDAWGQGTLVTVSS
seq5497,QVQLQDSGGGLVRTGGSLRLSCAASGRTLSSTTVAWFRQAPGKDRELVTAVKWTGISTYYADSVKGRFTISRDNVKNTVYLQMNSLKPEDTAVYYCAASRERKYGGDWLPSQYDYRGQGTQVTVSS
seq5498,QVQLQESGGGLVQAGDSLRLSCAAAGRTFSSYAMGWFRQAPGKEREFVATISRSGGSTYYADSVKGRFTISRDNAKNTVYLQMNSLKPEDTAVYYCAANRYGSSSYQGQYASWGQGTQVTVSS
seq5499,QLQASGGGFVQPGGSLRLSCAASGSYSRGETMGWFRQAPGKEREFVSAISDTHNYETYYADSVKGRFTISRDNSKNTVYLQMNSLRAEDTATYYCAASPQFHKIMKGSQVGYWGQGTQVTVSS
seq5500,QVQLQQSGGGSVQAGGSLRLSCVASGSGFSASLMSWHRQAPGSQRDLVASITRDGRANYVDSVKDRFTISRDNAKNTAYLQMDSLKPEDTAAYYCHAYSFDYPIRSYWGQGTQVTV
seq5501,QVQLQESGGGSVQAGGSLRLSCTAPGYTDSNYYMSWFRQAPGKEREWVAGVNTGRGSTSYADSVKGRFTISQDNAKNTMFLQMNSLKPEDTAIYYCAVAACHFCDSLPKTQDEYILWGQGTQVTVSS
seq5502,QVQLQDSGGGLVQAGGSLRLSCAASGRTFSSYVMGWFRQAPGKEREFVAAIGWSGGSTAYADSVKGRFTISRDNARNTVYLQMNSLKPEDTAVYYCASAPTRWVPRDSRFYDRWGQGTQVTVSS
seq5503,EVQLVESGGGLVQAGGSLRLSCAASGFTFDDYAIGWFRQAPGKEGEGVSCISSSDGSTYYADSVKGRFTISSDNAKNTVYLQMNSLKPEDTAVYYCAAEYPSSCASGSYYYRDSENYDYWGQGTQVTVSS
seq5504,QVQLQESGGGLVQAGGSLRLSCAVSGNTLSRYAMGWFRQTPGKEREFVAAIRWNEGATYYAESVEGRFTISRDSGKNTVYLQMNNLQPEDTAVYYCAGRFLGYASSNAYHEALYNYDYWGQGTQVTVSS
seq5505,EVQLVESGGGLVQAGGSLRLSCAASGRTYDAMGWLRQAPGKEREFVAAISGSGDDTYYADSVKGRFTISKDNAGITMYLQMNSLKPEDTAVYYCATRRGLYYVWDTNDYENWGQGTQVTVSS
seq5506,EVQLVESGGGLVQPGGSLTLSCVASGSTSSINAVGWYRRAPGKQRELVAGISSDGSKVYAGSVKGRFTISRDNAKNSVYLQMNSLRAEDTAVYYCYYFRTVSGSYMRYWGQGTLVTVSS
seq5507,EVQLVESGGGLVQPGGSLRLSCAASGFTFDDYAIGWFRQAPGKEREGVSSISSTYGLTYYADSVKGRFTISSDNSKNTVYLQMNSLRPEDTAVYYCAATPIGLIGLDAYEYDYWGQGTLVTVSS
seq5508,EVQLVESGGGLVQPGGSLRLSCAASGFTLDYYNIGWFRQAPGKEREWVSCISSSDGSTAYADSVKGRFTISRDNGKNTVYLQMNSLKPEDTAVYYCAAPFSYYSSLCGVNEYDYWGQGTQVTVSS
seq5509,EVQLVESGGGLVQAGGSLRLSCAASGSTFSTYAMGWFRQAPGKEREFVAAINRSGASTYYADSVKGRFTISADNAKNTVYLQMNSLKPEDTAVYYCAAALLGGRGGCGKGYWGQGTQVTVSS
seq5510,EVQLVESGGGLVQPGGSLRLSCAASGSIFSIDSMGWYRQAPGKQRELVAAITSRTIYADSVKGRFTISRDNAKNTVYLQMNSLKPEDTAVYYCNLEGQAGWGTALMDYWGKGTLVTVSS
seq5511,EVQLVESGGGLVQPGGSLRLSCAASGRTPRLGAMGWFRQAPGKEREFVAAISRSGGLTSYADSVKGRFTISADNSKNTAYLQMNSLKPEDTAVYYCAAQLVGSNIGGSRWRYDWGQGTLVTVSS
seq5512,EVQLVESGGGLVQAGGSLRLSCAASGFTFDDYDIGWFRQAPGKEREGVSGISSSDGNTYYADSVKGRFTISSDNAKNTVYLQMNSLKPEDTAVYYCAAEPPDTSWYLEGSPEFFKYWGQGTQVTVSS
seq5513,QVQLAETGGGLVQAGGSLRLSCSASGLTFGNYAMGWFRQAPGKEREFVASISRSGSNTWYAEPLKGRFAISRDNDKNALYLQMNSLKPEDTAVYYCAGGSYNSDWWNYMYWGQGTQVTVSS
seq5514,EVQLVESGGGLVQPGGSLRLSCAASGRIFSLPASGNIFNLLTIAWYRQAPGMQRELVSTINSGSRTNYADSVKGRFTISRDNAQKTLYLQMNNLRPEDTAVYYCQTSGSGSPNFWGQGTLVTVSS
seq5515,VQLVESGGGLVQAGGSLRLSCAASGLDFSSYAMGWFRQAPGEEREYVAGISRFGGRLYYADSVKGRFTISRDNAKNTVYLQMNSLKPEDTAIYHCAADRRSGLGTSKEYDYWGQGTQVTVSS
seq5516,QVQLQASGGGLVQAGGSLRLSCTVSGSISSIDGMGWYRQAPGNQRELVATIARTGSTSYVPSVKGRFTISRDNAQTTLYLQMNDLTPEDTAVYYCAADPRKRGVPDWYYGMDYWGKGTLVTVSS
seq5517,EVQLVESGGGLVQAGGSLRLSCAVSGLTFSTYAMGWFRQAPGKVREFVATISRSGGRTSYADSVKGRFIVSRDNAKNTADLQMNELKPEDTAVYYCGASKWYGGFGDTDIEYWGQGTQVTVSS
seq5518,QVQLQQFGGGLVQPGSFLRFSCTSTELTLHDHAMGWYRPAPGKQRELVATISSDGTTDYSDSVKGRFTISREYAKNTVHLQMNSLKPEDTAVYYCNALHLPTFTTDTGYSFWGEGTQVTVSS
seq5519,EVQLVESGGGLVQAGGSLNLSCTASGNAFSSSVVGWFRQAPGKEHEFVTGINWSGARTYYADSVKGRFTISRDNAKNTAYLQMHSLKPEDTAVYYCASGRDRYARDLSEYEYVWWGQGTQVTVSS
seq5520,QVQLQESGGGLVQAGGSLRLSCAASGLSSNAMAWFRQGPGKDREFVAAFHWRFANTYYADSVKGRFTISRDNAKNTVYLQMNSLKPEDTALYYCAARQGSVYGGSSPVDYDYWGQGTQVTVSS
seq5521,EVQLVESGGGLVQPGGSLRLSCAASGFTLDDYAIGWFRQAPGKEREGVSCISSSDGSTYYADSVKGRFTISRDNAKNTVYLQMNSLKPEDTAVYYCAADLGYGSNCLEYDFWGQGTQVTVSS
seq5522,QVHLMESGGGSVPSGGSLRLSCAVSGSGYSYSRGCFAWFQQRPGKEREGVAIINMDGHTRYSDSVQGRFIISQDKAKNTLHLQMNTLRPDDTAMYYCAYDRSQCYVLSDRLRLPGTFSDWGQGTQVTVSS
seq5523,QVQLQESGGGLVQAGGSLRLSCAASGSSLSRYSVSWYRQAPGDEREVVSRLTSRGDNFYADSVKGRFTISRDNAKNTVYLQMNSLKPEDTAVYYCHLDWTDFWGQGTQVTVSS
seq5524,QVQLVESGGGLVHPGGSLRLSCAASGSFSSINVMGWYRQAPGKERELVARITNLGLPNYADSVTGRFTISRDNAKNTVYLQMNSLKPEDTAVYYCYLVALKAEYWGQGTQVTVSS
seq5525,EVQLVESGGGLVQPGGSLRLSCAASGRTFSSYVVGWFRQAPGKEREFVGAISGSGDSIYYAVSEKGRFTISRDNSKNTLYLQMNSLRPEDTAVYYCTADQEFGYLRFGRSEYWGQGTLVTVSS
seq5526,EVQLVESGGGLVQPGGSPRLSCVASGSIFRGNTMGWYRQTPGKQRELVASITSRGYTSYADSVKGRFTISRDNAKNTVYLQMNSLKPEDTAVYYCNRIVVESQWGQGTQVTVSS
seq5527,SGGGLVQPGGSLRLSCVVSGSDFNTYIMGWYRQVPGKPRELVADITTEGKTNYGGSVKGRFTISRDNAKNTVYLQMFGLKPEDAGNYVCNADWKMGAWTAGDYGIDYWGKGTLVTVSS
seq5528,EVQLVESGGGVVQPGGSLRLSCAASISIFDIYAMDWYRQAPGKQRELVAVSFRDGSTYYADSVKGRFTISRDNSKNTLYLQMNSLRPEDTAVYLCHVSLYRDPLGVAGGMGVYWGKGALVTVSS
seq5529,EVQLVESGGGSVQAGGSLRLSCAASGRTFSNYAMGWFRQAPGKEREFVAGISRSGGSTYSADSVKGRFTISRDNAKNTVYLQMNSLKPEDTAVYYCAADGLDYALGFRGDYWGQGTQVTVSS
seq5530,QVQLQESGGGLVQPGGSLRLSCAASGSIGSINAMGWYRQAPGKQRELVAQFTPGGSTEYADSVKGRFAISRDNAKTTVYLQMNSLKPEDTAVYYCYCINWKSDYWGQGTQVTVSS
seq5531,QVKLEESGGGLVQAGGSLRLSCIGSGDISSFNAMGWYRQVPGKQRELVAFISSGGRSKYTDSVKGRFTISGDNAKNTVYLQMIDLKPEDTAVYYCNAGSVVSYETGNYYEPSNYWGQGTQVTVSS
seq5532,QVQLVESGGGLVQPGGSLTLSCTASGFTLNSYKIGWFRQAPGKEREGVSCINSGGNLRSVEGRFTISRDNTKNTVSLHMDSLKPEDTGVYHCAAAPALNVFSPCVLAPRYDYWGQGTQVTVSS
seq5533,QVQLQESGGGLVQAGGSLRLSCAASGRASSGYGMGWFRQVPGKEREFVAAIRWSGKETWYKDSVKGRFTISRDNAKTTVYLQMNSLKPEDTAVYYCAARPVRVDDISLPVGFDYWGQGTQVTVSS
seq5534,EVQLVESGGGLVQVGGSLRLSCAASERTFNSYTMGWFRQAPGKEREFVAAISWIASVTDYSDSVKGRFTISRDDDKNTVYLEINNLKPEDTATYYCARRRMPYYHISRRTDEYDFWGRGTQVTVSS
seq5535,EVQLVESGGGLVQPGGSLRLSCAASGSIGGLNAMAWYRQAPGKERELVAGIFGVGSTRYADSVKGRFTISRDISKNTVFLQMNSLRAEDTAVYYCRMSSVTRGSSDYWGQGTLVTVSS
seq5536,VQLQESGGGLVQPGGSLRLSCATFGFPFDDYAIAWFRQAPGKEREGVSCISNTDSSTYYADSVKGRFTISSDNAKNTVHLQMSSLKPEDTAVYYCAADGNVWSPPICGSAGPPPGGMDYWGKGTQVTVSS
seq5537,EVQLVESGGGLVQPGGSLRLSCAASGFTFSGNWMGWFRQAPGKEREWVASISSGGTTNYADSVKGRFTISADNSKNTAYLQMNSLKPEDTAVYYCAADVWYGSTWRNWGQGTLVTVSS
seq5538,EVQLVESGGGLVQPGGSLRLSCVVSGSSFSSYTMGWFRRAPGKQRELVAGVSTVGDTAAADSVKGRFTISRDNAKNTVYLQMNSLKPEDTAVYYCNTYPHAYLEWGQGTQVTVSS
seq5539,EVQLVESGGGLVQPGGSLRLSCAASGFALDYYAIGWFRQAPGKEREGVSCISSSGGITYYADSVKGRFTISRDNSKNTVYLQMNSLRPEDTAVYYCATESGGYIDYDCSGLGYDYWGQGTLVTVSS
seq5540,VKLEESGGGLVQAGDSLRLSCTASGGTYSSGVMGWFRQAPGKERDFVASINWSGVTDYSDSVKGRFFISRDTAKSTVYLHMFSLKADDTAVYFCAAGSRWRANSGRHYDYWGQGTQVTVSS
seq5541,EVQLVESGGGLVQAGGSLRLSCAASGRIFSNYAWSWFRQAPGKERGFVAAINWSGGYTDYADSVKGRFTISRDNTKNTVYLQMNSLKPEDTAVYYCRPGWVTPSYEYGNWGQGTQVTVSS
seq5542,KVQLVESGGGLVQPGGSLRLSCATSGTIFSNNAMGWYRQAPGKKRDLVASISNSGSTNYADSVKGRFTVSRDNDKNTGYLQMNSLKPEDTGVYYCTVDARRGWNTAYWGQGTQVTVSS
seq5543,EVQLVESGGGLVQAGGSLRLSCAASGRTFSGVDVAWFRQATGKEREFVAALAWSGIRTYYAVSVKGRFTISRGDPNDTVYLQMTSLKPEDTAVYYCATGRASRTSDYYTDRIYDSWGQGAQVTVSS
seq5544,QVQLQESGGGSVQAGQTLRLSCTASGFTFDDSDMAWYRQAPGNECELVSKMRSDGSTYYADSVKGRFTISQDNAKNTVYLQMNSLKPEDTAVYYCAEDLPYGLGTCTSLDYWGRGTQVTVSS
seq5545,EVQLVESGGGLVQPGASLKLSCAASGFDFSSHWMYWVRQAPGKELEWLSEINTNGLITKYGDSVKGRFTVSRNNAANKMYLELTRLEPEDTALYYCARNQKGLNKGQGTQVTVSS
seq5546,EVQLVESGGGLVQAGGSLRLSCTASGSIFSIDAMGWYRQAPGKQRELVAHISSGGSTNYADSVKGRFTISRDNAKNTVYLQMNSLKPEDTAVYYCTVPRETGWDGDYWGQGTQVTVSS
seq5547,QVQLQESGGGLVQAGGSLRLSCVASGSTFYTFSTKNVGWYRQAPGKQRELVAQQRYDGSTNYADSLQGRFTISRDNAKRTVYLQMNSLKPEDTAVYICNVNRGFISYWGQGTQVTVSS
seq5548,EVQLVESGGGLVQAGGSLRLSCAASGIPASIRTMGWFRQAPGKEREGISLITSDDGSTYYADSVKGRFTISADNAKNTVYLQMNSLKPEDTAVYYCAWTTNRGMDWGQGTQVTVSS
seq5549,NVKLVEKGGNFVENDDDLKLTCRASGYAYTYIYMGWFRQAPNDDSTNVATIDSGGGGTLYGDSVKERFDIRRDKGSNTVTLSMDDLQPEDSAEYNCAAGGYELRDRTYGQRGQGTDVTVSS
seq5550,EVQLVESGGGLVQPGGSLRLSCITSGETFKINIWGWYRQAPGKQRELVASLTIGGATDYADSVKGRFTISEDSAKNTVYLQMNSLKAEDTAVYFCNAKSRLYPYDYWGQGTQVTVSS
seq5551,EVQLVESGGGLVQPGGSLTLSCVASGSTSSINAVGWYRRAPGKQRELVAGISSDGSKVYRDSVKGRFTISRDNAKNSVYLQMNSLRAEDTAVYYCYYFRTVQGSSMRYWGQGTLVTVSS
seq5552,VQLVESGGGLVQPGGSLRLSCAASGVDISSDVMAWYRQAPGKQREFVSGLTRGGSINYADSVKGRFTISRDNSKNTLYLQMNSLRAEDTAVYYCNAEIYTGTFYPRSYWGQGTLVTV
seq5553,VQLQESGGGSVQTGGSLRLSCTASTSIYSNNYMAWFSQAPGKGREGVAAVYIDDGRPYYADSVKGRFTISLDSAKNTVYLQMNSLKPEDTAMYYCAAAPGPLSRNYWYTSANYDYWGQGTQVTVSS
seq5554,QVQLQESGGGLVQAGGSLKLSCTASGTILSTMAWYRQAPGKQRELVATISRGGTTNYSDSVKGRFAISRDSTKNTVYLQMNSLKPEDTAVYYCNTPLTDYGMGYNWGQGTQVTVSS
seq5555,EVQVVESGGGLVQPGGSLRLSCTASGHTLDYYAIGWFRQAPGKEREGVSCITSTGTITNYADSVKGRFTISRDNAKNTVYLQMNSLKPEDTAVYYCAVLRGSYCRSNTFDAWGQGTLVTVSS
seq5556,EVQLVESGGGLVQPGGSLRLSCAASGITFRFKAMGWFRQGPGKRRELVARIAGGSTNYADSVKGRFTISRDDAKNTVFLQMNSLKPEDTAVYYCNVDGPFGNWGQGTQVTVSS
seq5557,GSLRLSCAASGRTFSMSAMGWFRQAPGKERDFTALITWSVGSPSYADSVKGRFTISRDSAKNTMYLQMNSLKPEDTAVYYCAARRAGYVRLPTREDEYDYWGQGTQVTVSS
seq5558,VQLVESGGGLVQPGGSLRLSCAASGFTFSGYVMSWVRQAPGKGLEWVASIGSGGGYPSYTDSVEGRFTISRDNAKNTLYLQMNNLKPDDTAVYYCEMLGRRGQGTQVTVS
seq5559,QVKLEESGGGLVQAGGSLRLSCAASERTFSRYPVAWFRQAPGAEREFVAVISSTGTSTYYADSVKGRFTISRDNAKVTVYLQMNNLKREDTAVYFCAVNSKRTRLQDPNEYDYWGQGTQVTVSS
seq5560,VQLVESGGGSVQPGESLRLSCVASGYTVSSSCMAWFRQAPGKEREVVATIVVTSDTTSTFYADSVKGRFTISPDNAKNTLNLQMNSLEPSDTAMYYCAADRKWNVCSRGYRYTPNWANQFTFWGQGTQVTVSS
seq5561,DVQLVESGGGSVQAGGSLRLSCAASGFTRYCVGWFRQAPGKEREPVATINSDGTTTNYIDSVKGRFTISQDNAKNTVYLQMNSLKPEDTAIYYCAAQTHGGYCWLLPSEYNYWGQGTQVTVSS
seq5562,EVQLVESGGGLVQPGRSLTLSCAASTNIASISPMGWYRQAPGKQRELVAAIHGSSTLYADSVKGRFTISRDNAKNSIYLQMNSLRPEDTALYYCNKVPWGDYHPGNVYWGQGTQVTVSS
seq5563,EVQLVESGGGLVQPGGSLRLSCAASGLTLSSYGMGWFRQAPGKEREYVAVISRSGSLKAYADSVKGRFTISADNSKNTAYLQMNSLKPEDTAVYYCATRADAEGWWDWGQGTLVTVSS
seq5564,LQQSGGGLVQPGGSLRLSCAASGSIFSINSMGWYRQAPGKQRELVAYITSGGRINYADSVKGRFTISRDNAKNTVYLQMNSLKPEDTAVYYCNADIIATLVGRKDSYDFWGQGTQVT
seq5565,DVQLQESGGGLVQAGDSLRLSCVGSGRRFDNYAMAWFRQAPGKERTFVAAISWSSGTTRYLDTVKGRFTISRDNAKSTVYLQMNSLKPEDTAVYYCAARYQPRYYDSGDMDGYEYEFWGQGTQVTVSS
seq5566,EVQLVESGGGLVQPGGSLRLSCAASGRISNINIMGWFRQAPGKEREFVAAISWNSGTTRYADSVKGRFTISADNSKNTAYLQMNSLKPEDTAVYYCASQGPGLYGSGSYLRYWGQGTLVTVSS
seq5567,EVQLVESGGGLVQAGGSLRLSCAAPEMGATINVMAWYRQAPGKQRELVARLPLDNNIDYGDFAKGRFTISRDITRNTVYLQMNNLKPDDTAVYYCHVLLSRQINGAYVHWGQGTQVTVSS
seq5568,EVKLQESGGGLVQPGKSLRLSCEASARAAGVGWFRQAPGLEREYVGSFLWNTGRTHYPESLKDRFTISKDNAKNTVYLQINSLKPEDTAIYYCAAVQLPIRTSLTEPATYTFWGQGTQVTVAS
seq5569,EVQLVESGGGLVQAGGSLRLSCAASGLIFTYYDMGWFRQAPGKEREFVAAIPRRGGSTYYAEFVQGRFTISRDNARNTVYLQMDSLKPEDTAVYYCAANRSYGDLVKNTYDYWGQGTQVTVSS
seq5570,EVQLVESGGGLVQAGGSLRLSCAASGDTFSRYSMGWFRQAPGKEREFVVYITRSGRTTYYQDSVKGRFTISRDNAKNTVYLQMNSLKPEDTAVYYCAAMRSGNVRYPERYDYWGQGTQVTVSS
seq5571,QVQLVESGGGSVQAGGSLRLSCVNSVKAYSMAWFRQAPGKEREGVATIYTDVGVTYYADDVKGRFAISQDRAKNTIYLQLNSLKPEDTGMYFCATRLQYGKGLHWTNSDAYNYWGQGTQVTVSS
seq5572,QVKLEESGGGSVQAGGSLRLSCAASGLMYREYYMGWFRQAPGKEREGVAVISAPSNSAQYANSVKGRFTISRDKAKNVMYLQMNNLKPEDTAIYYCAQGRGRFRTGLDAVEFDAWGQGTQVTVSS
seq5573,LQESGGHLVQPGGSLRLSCAASGFTFSTYWMYWVRQAPGKGPEWVSHIDTGGDNTYYTDSVKGRFTISRDNAKNTLYLQMNSLKPEDTARYYCARVANAVLPESTFSVWGQGTQVT
seq5574,EVQLVESGGGLVQSGDPLRLSCAASGPTYTMAWFRQAPGEEREFVAVISGGSTNYADSVKGRFTVSADNAKNTMYLQMNSLKPEDTAVYYCAGAGFYTTGTYYSLYDYWGQGTQVTVSS
seq5575,QVQLVESGGGLVQPGGSLRLSCAASNDIFSFYTMGWYLQAIGKQREPVAVIGNGGNTNYAESVKGRFTISRDGAKNTAYLQMNSLKPEDTAVYYCMASGPGGLNVWGQGTQVTVSS
seq5576,EVQLVESGGGLVQPGGSLRLSCAASGRTFRHYAMGWFRQAPGKEREFVAAISSYGSTDYGDSVKGRFTISRDDSKNTVYLQMNSLRPEDTAVYYCAAADETLGAVPNFRLHEKYEYEYWGQGTLVTVSS
seq5577,EVQLVESGGGLVQPGGSLRLSCAGSLDIFSVYVMGWYRQVPGGQRDLVATITKEGMPDYADSVKGRFTISRDNAENTVYLQMNSLKPEDTGVYYCALDRFYGSVLRGSPDYWGQGTQVTVSS
seq5578,QVQLVESGGGTVQAGGSLRLSCAASGNTSGINIMAWYRQASGKQREFIANKARGGLPKYADSAKGRFTITRDNAKNTIYLQMNNLKPEDTAVYYCNAVWDWKLGDYWGQGTQVTVSS
seq5579,EVQLVESGGGLVQAGGSLRLSCAASGNVFMIKDMGWFRQAPGKEREWVTAISWNGGSTDYADSVKGRFTISADNAKNTVYLQMNSLKPEDTAVYYCAAIVTYSDYDLGNDWGQGTQVTVSS
seq5580,EVQLVESGGGLVQAGGSLRLSCAASGRRFSAYGMGWFRQAPGKEREFVAAVSWDGRNTYYADSVKGRFTISADNAKNTVYLQMNSLKPEDTAVYYCASTDDYGVDWGQGTQVTVSS
seq5581,DVQLLESGGGVVQPGGSLRLSCAASGFTFGNYDMAWVRQAPGKRPEWVSSIDTGGDITHYADSVKGRFTISRDNAKNTLYLQMNSLRPEDTAVYWCATDEEYALGPNEFDYYGQGTLVTVKS
seq5582,EVQLVESGGGLVQPGGSLRLSCTSSANINSIETLGWYRQAPGKQRELIANMRGGGYMKYADSVQGRFTISRDNAKNTVYLQMNSLKPEDTAVYYCAAQFRNDYGLRYQSTNNYWGQGTLVTVSS
seq5583,EVQLVESGGGLVQPGGSLRLSCAASGRTFGDYIMGWFRQAPGKEREIVAAINWSAGYTPYADSVKGRFTISADNSKNTAYLQMNSLKPEDTAVYYCATDPPLFCCHFDHWGQGTLVTVSS
seq5584,DVQLVESGGGLVQPGGSLRLSCAASGSFSSINVMGWYRQAPGKERELVARITNLGLPNYADSVKGRFTISRDNSKNTVYLQMNSLRPEDTAVYYCYLVALKAEYWGQGTLVTVSS
seq5585,EVQLVESGGGLVQPGGSLRLSCAASGNILSLNTMGWFRQAPGKEREFVASVTWGFGSTSYADSVKGRFTISADNSKNTAYLQMNSLKPEDTAVYYCAAIVTYSDYDLGNDWGQGTLVTVSS
seq5586,EVQLQESGPGLVKPSQTLSLTCTVSGGSITSRYYAWSWIRQPPGKGLEWMGVIDYDGDTYYSPSLKSRTTISWDTSKNQFSLQLSSVTAADTAVYYCARDPDVVTGFHYDYWGQGTLVTVSS
seq5587,QVQLVESGGGLVQPGGSLRLSCTAPGFTSNTCAMGWYRQAAGMQREWVSSISKYGITTYANSVKGRFTISKDKAEDTVYLQMNNLKPEDTAMYVCKTFSCRNRGGAYLADAWGQGTQVTVSS
seq5588,EVQLVESGGDLVQPGESLRLSCAVSGVTVDYSGIGWFRQAPEKEREAVSCIESGDGTTTYVDSVKGRFTISRDNAKNAVYLQMNSLKPEDTGVYYCATAVFVDSGDFSVCRGVGYWGKGTQVTVSS
seq5589,ELQLVESGGGAVHTGGSLRLSCAVSGRTDIRYAMGWFRQAPGREREFVAAISWNGDDTFYADSVKGRFTISRDNAKNAVSLQMDSLRPEDTAVYYCNARNSYAAFARAYWGQGTQVTVSS
seq5590,EVQLVESGGGLVQAGGSLRLSCAASGLTFSNYAMGWFRQAPGKEREWVASINWSGGSTYYEDSVEGRFTISRDNAKNTVNLQMNSLKPEDTAVYYCAAKRGHYSREYDYWGQGTQVTVSS
seq5591,EVQLLESGGGEVQPGGSLRLSCAASGFSFSINAMGWYRQAPGKGREFVAAIESGRNTVYAESVKGRFTISRDNAKNTVYLQMSSLRAEDTAVYYCGLLKGNRVVSPSVAYWGQGTLVTVKP
seq5592,EVQLVESGGGLVQPGGSLRLSCAASGIPASMYLGWFRQAPGKEREFVAAITSGGRTSYADSVKGRFTISADNSKNTAYLQMNSLKPEDTAVYYCAKRKKRGPLWFGGGGWGYWGQGTLVTVSS
seq5593,VQLVESGGGSVQIGGSLRLSCVASGFTFSKNIMSWARQAPGKGLEWVSTISIGGAATSYADSVKGRFTISRDNANDTLYLQMNNLKPEDTAVYYCSRGPRTYINTASRGQGTQVTVSS
seq5594,VQLQESGGGLVQAGGSLRLSCAASGRTFSSYTMGWFRQAPGREREFVAAITWSGVSTVYTDSVKGRFTVSRDNAKNTVYLQMNSLKPEDTAVYYCAADSPPRTYSSGSVNLEDGSEYDYWGQGTQVTVSS
seq5595,EVQLVESGGGLVQPGGSLRLSCAASGTIFSTSTMGWYSQAPGKQRELVADITFLGSAKYADSVKGRFTISRDKIKNTVYLQMNSLKPEDTAVYYCNARQSTFRGVHYNYWGQGTQVTVSS
seq5596,EVQLVESGGGLVQAGGSLILSCATSGRIFGINAMGWYRQAPGKERELVAVITSGGNTNYADSVKGRFTISKDNAKNTLYLQMNSLKFEDTARYYCVRSLPGWFYGMDYWGKGTQVTVSS
seq5597,DVQLQASGGGVVQPGGSLRLSCAASGRMYTINDMGWYRQAPGNQRELVARISVGGTTNYKDSVKGRFTISRDNAKKTVCLQMNSLKPDDTAVYYCNADIRDTLWDSRLYWGQGTQVTVSS
seq5598,QVQLVESGGGSVQAGGSLRLSCAASGYTYSSYCMGWFRQAPGKEREGVATIASGSGSTYYFDSVKGRFTISQDNTKNTVYLQMNSLKPEDTAMYYCAAEFGYSGSSWCYREVDFGYWGQGTQVTVSS
seq5599,EVQLVESGGGLVQVGDSLRLSCAASGLTFSGYEMGWFRQAPGKERAFVAAISQSGGTTSYAVSVKGRFTIARDNAKNTVYLQANNMKPEDTAVYYCAAALLLLPTTPSRVDYWGQGTQVTVSS
seq5600,EVQLVESGGGLVQAGGSLRLSCAASGGTFSSYRMGWFRQAPEKEREFVAVITRSGGSHSYSNSVKGRFTISRDNAKNTVYLQMNSLKPEDTAVYYCAAGAQMGWAEASTYDYWGQGTQVTVSS
seq5601,QVQLQESGGGLVQPGGSLRLSCAASGNIFSINTMGWYRQAPGKQRELVASITTGGTTNYEDSVKGRFTISRDNAKKTVYLQMNRLKPEDTAVYYCNHRRSYSGRDYPVYGMDYWGKGTLVTVSS
seq5602,AVQLVESGGGLVQPGDSLRLSCAASGRTFSDYSGYTYTVGWFRQAPGKEREFVARIYWSSGNTYYADSVKGRFTISRDIAKNTVDLLMNNLEPEDTAVYYCAARDGIPTSRSVESYNYWGQGTQVTVSS
seq5603,EVQLAESGGGSVQAGGSLRLSCVASGYTFSSYCLGWFRQAPGKQRQGVATFNNRGVANYHDSVKGRFTASVDNAKNTLLLQMNSLEPDDTAMYYCAADRRYGRQWYQPCEWNTWGQGTQVTVSS
seq5604,QVQLQESGGGLVQPGGSLRLSCAASGLTLTTYSTGWFRQAPGKEREFVGMLGSGGGNTYYADSVKGRFTISRDNAKNMVFLQMSSLKPEDTAVYYCAARQPYRGSYSDPNNYHYWGQGTQVTVSS
seq5605,EVQLVESGGGLVQPGGSLRLSCAASGNIFSLNTMGWFRQAPGKEREFVAAINCSGNHPYYADSVKGRFTISADNSKNTAYLQMNSLKPEDTAVYYCAAIVTYSDDDGRDNWGQGTLVTVSS
seq5606,QVQLVESGGDSVQAGGSLQLSCKASGYTYNSRVDIRSMGWFRQYPGKEREGVATINIRNSVTYYADSVKGRFTISQDNAKNTVYLQMNALKPEDTAMYYCALSDRFAAQVPARYGIRPSDYNYWGQGTLVTVSS
seq5607,VQLQESGGGSVQAGGSLRLSCTASGFSLDDSDMGWYRQARGNVCQLVSTIASDRSTYYTPSVKGRFTISHDRAKNTIYLQMNSLKPEDTAVYYCAAAPRLAYTTAMTCEGDFAYWGQGTQVTVSS
seq5608,EVQLVESGGGLAQAGGSLRLSCAASGRTLTSYIMGWFRQAPGKERMFVAAISGTGTIKYYGDLVKGRFTISRDNAKNTVYLQIDSLQPEDTAVYYCAARQDYGLGYRDLHEYDYWGQGTQVTVSS
seq5609,EVQLVESRGGLVQAGGSLRLSCAASGSRLRFELMGWYRQAPGKPRDLVALITSSGSANYADSVKGRFTISRDNAKNTLYLQMNSLKPEDTGVYYCNAHTYTDNLWGQGTQVTVSS
seq5610,QVQLIESGGGLVQPGDSLRLSCAASGPTYTTETMGWFRQAPGKEREFVSSIRWRGAHTNYGDFVKGRFTISKDSAKQTVYLQMNSLKPEDTAVYFCAASRSFDYPRREDEYRYWGQGTQVTVSS
seq5611,EVQLVESGGGLVQPGGSLRLSCAASGFTLDYYYIGWFRQAPGKEREGVSCISSSDGSTYYADSVKGRFTISRDNAKNTVYLQMNSLKPEDTAVYYCAADRDTTGWGCGLYEYDYWGQGTQVTVSS
seq5612,QVQLQESGGGLVQPGGSLKLSCAVFGSIVRGNTMAWYRQAPGKERELVAHYTSGGSIDYSDSVKGRFTISRDSLKNTVCLQMNSLKPEDTAVYYCNADVWYGSTWRNYWGQGTQVTVSS
seq5613,QVQLQESGGGSVQPGGSLRLSCSTSGFILDYYAIIWFRQAPGKEREAVSCISSSDGTTYYADSVKGRFTLSRDNAKNTVFLQMDSLKQEDTALYWCARPEGYYCPTRPLGLEYRGKGTLVTVSS
seq5614,EVQLVESGGGLVQAGGSLRLSCVASGSISSITAMGWHRQAPGAQREGVAAISRSGATILADSVKGRFTIVQDNAKNTVYLQMNSLKVEDTAVYGCSAITQEQTYWGQGTQVTVSS
seq5615,EVQLVESGGGEVQPGGSLRLSCAASGSDFSINAIGWYRQAPGKQRDLVAGFTGDGVTTYAESVKGRFTISRDNAKNTVYLQMSSLRAEDTAVYYCAADVKIGGDYEWFWGQGTLVTVKP
seq5616,QLQLVESGGGLVQAGGSLRLSCAASGRTFSTSTMGWFRQAPGKEREFVAAIQWSSASASTYYYYADSVKGRFTISRDNARNTVSLQMNSLKPEDTAVYYCANLVFRVGALKERDDYWGQGTQVTVSS
seq5617,EVQLVESGGGLVQPGGSLTLSCAASGSRVSFLSMAWYRQAPGKKRELVAGISADGSTLYIDSVKGRFTISRDNAKNSVYLQMNSLRAEDTAVYYCYAYRWTTRRTYWGQGTLVTVSS
seq5618,DVQLVESGGGLVQPGGSLRLSCAASGFAFDDYAIGWFRQAPGEERLGVSSISSTYGLTYYADSVKGRFTISSDNSKNTVYLQMNSLRPEDTAVYYCAATPIGLIGLDAYEYDYWGQGTLVTVSS
seq5619,EVQLVESGGGLVQAGGSLRLSCAVSGSAFSRNVMGWYRQRDLVARIWPGGGTFYADSVKGRFTISRDNAKNTLYLQMNGLKPDDTAVYYCNTVGIPLNAWGQGTQVTVSS
seq5620,QVQLQESGGGLVQPGGFLRFSCAVSGLTFGNYDISWFRQAPGKGPEWVSAINSGGGNTYYADSVKGRFTISRDNAKNTLYLQMNSLKFEDTAVYYCAIRSTVVTGAILGYWGQGTQVTVSS
seq5621,QVQLQESGGGLVQAGGSLRLSCVASGSISSIIVMGWSRQAPGKQRESLATISRGGTRTYADSVKGRFTISRDNAKNTSYLQMNSLKPEDTAVYSCYARYGDINYWGKGTQVTVSS
seq5622,AVQLVESGGGSVQAGGSLRLSCTGSGFSFAGSDMGWYRRAPGKACELVSRINTDGSTYYTESVEGRFTISRDNAKRMVYLQMNTLEPLDTAMYYCAGPSMQSTGGCLGPPYSGRGIQVTVSS
seq5623,EVQLVESGGGLVQAGGSLRLSCAASGNIFANNIMGWYRQPPGKEREFVAHVSHDGDSMYAVSVKGRFAISRKDATNLYLQMNSLKPEDTAIYFCRLLNIPTQGRMEGFWGQGTQVTVSS
seq5624,EVQLVESGGGLVQAGGSLRLSCVASGRTLSTVNMGWFRQAPGKERDIVARISGSSVSTYYAESVRGRFTISRDNAKNTVYLQMNSLRPEDTGVYYCVADSPGGRSYEYWGQGTQVTVSS
seq5625,EVQLLESGGGLVQPGGSLRLSCAASGRIFSLPASGNIFNLLTIAWYRQAPGKGRELVATIESGSRTYYADSVKGRFTISRDNSKKTVYLQMNNLRPEDTAVYYCQTSGSGSPNFWGQGTLVTVSS
seq5626,DVQLVESGGGAVQTGGSLRLTCTAVGLTFEGGNQGWYRETPGNEFELVSSIAPDGSRWYADSVQGRFTISRNVLPERLSLQMTRLKAEDTAMYYCAAGPDVGREKHLTADQVLSIRRNNFWGQGTQVTVS
seq5627,EVQLVESGGGLVQPGGSLRLSCAASGFTFDDYAIGWFRQAPGKEREGVSSISSTYGLTYYADSVKGRFTISSDNSKNTVYLQMNSLKPEDTAVYYCAATPIERLGLDAYEYDYWGQGTLVTVSS
seq5628,QVQLVESGGGLVQPGGSLRLSCAASGFTLDYSSIGWFRQAPGKEREGVSCISSSGDSTKYADSVKGRFTTSRDNAKNTVYLQMNSLKPDDTAVYYCAAFRATMCGVFPLSPYGKDDWGKGTLVTVSS
seq5629,EVQLVESGGGLVQAGGSLRLSCAASGSFFRVNNMAWYRQGPGKQRELVADITRGDRTNYADSVNGRFTISRDNVRNTVYLQMDGLKPEDTAVYYCYATIELGVLVPRDYWGQGTQVTVSS
seq5630,EVQLVESGGGLVQAGGSLRLSCAAPGRTFSNYAMGWFRQAPGKGREFVADIRWSDGRTYYADSVKGRFTVSRDNAKNTVYLQMNSLKPEDTAVYYCAAQGGVLSGWDYWGQGTQVTVSS
seq5631,QVQLQESGGGLVQPGGSLRLSCAASGFAFNLYWMYWFRQAPGKGLEWVSSASPGNGNTFYADSVKGRFAISRDNAKNTLYLEMNSLQPEDTAVYYCAADPSYQLADFLTSLPNDYSGQGTQVTVSS
seq5632,EVQLVESGGGLVQAGGSLRLSCTASGNIFSTETMGWYRQPPGKQRDVVATITHGGTTNYADSVKGRFTISRDNRKNTVYLQMNSLKPEDTGVYYCNARSSWYSPEYWGQGTQVTVSS
seq5633,QVQLQESGGGLVQAGGSLRLSCAVSGNTLSRYAMGWFRQTPGNEREFVAAIRWNNAATYYAESVEGRFTISRDNAKNTVYLQMNNLKPEDTAVYYCAGRFLGYASSNAYHEALYNYDYWGQGTQVTVSS
seq5634,QVQLVESWGGSVQAGGSLRLSCTAPGFTSNSCRMDWYRQAAGKQREWVSSISTDGRTSYADSVKGRFTISKDKAKDTVYLQMNSLKPEDTAIYYCAVRTNGYRPQSHEFRYWGPGTQVTVSS
seq5635,EVQLVESGGGLVQAGGSLRLSCAASGRTYDAMGWLRQAPGKEREFVAAISGSGDDTYYADSVKGRFTISKDNAGITMYLQMNSLKPEDTAVYYCATRRGLYYVWDSNDYENWGQGTQVTVSS
seq5636,EVQLVESGGGLVQPGGSLRLSCATSRTIFRSNAMGWYRQAPGKKRDLVASISNSGSTNYADSVKGRFTVSRDNDKNTGYLQMNSLKPEDTGVYYCTIDARRGWNTGYWGQGTQVTVSS
seq5637,QVQLVESGGGLVQPGGSLRLSCAASGFSLDYYGIGWFRQAPGKERQEVSYISASAKTKLYSDSVKGRFTISRDNAKNAVYLEMNSLKREDTAVYYCARRRFDASASNRWLAADYDYWGQGTQVTVSS
seq5638,EVQLVESGGGLVQPGGSLRLSCAASGFTLSGNWMGWFRQAPGKEREFVASISSGGGTNYADSVKGRFTISADNSKNTAYLQMNSLKPEDTAVYYCAADVWYGSTWRNWGQGTLVTVSS
seq5639,VQLQESGGGLVQAGGSLRLSCTASGFTFDDYSMGWFRQAPGKEREGISCIDWSGGRTNYGDSVKGRFTISRDNAKNTLYLQMNSLKPEDTAMYYCAANSAYSSCSLSTTHYKYWGQGTQVTVSS
seq5640,LQLAETGGGLVQPGGSLRLSCAASGATLDTYIITWFRQAPGKEREAVSCINRSGSTTYSDSVKGRFTISRDNAQKTVYLQMNSLNPEDTAIYYCAADASYRTCGGSWWNWAYWGQGTQVTVSS
seq5641,QVQLQQSGGELVQPGGSLKLSCAASGLTFTNYSMGWFRQAPGVDREAVAAISWSGDNTYYVSSVKGRFTISRDNAKNTVYLQMNSLKPQDTAVYYCAVKPDDGWWDYWGQGTQVTVTS
seq5642,EVQLVESGGGLVQAGGSLRLSCAASGRTVSSYYMGWFRQAPGNEREFVAAFSWSGSKPYYADSVKGRFTISRDSAGNTVYLQMNSLKPEDTAVYWCGARQIGTYYSDYENYDYWGQGTQVTVSS
seq5643,RLSCAASGSIFSINAMGWYRQAPGKQRELVAAITSGGSTNHADSVKGRFTISRDNAKNTVYLQMNSLKPEDTAVYYCNAEGPITKVRGVSYWGQGTLVTVSS
seq5644,VGGGLVQPGGSLRLSCVGSGFTFDDYVLNWVRQAPGKGLEWVSTIASGAGTTYYAGSVKGRFTISRDYYKNTLYLQMNSLTPDDTAVYHCTTGSWYRYNSWGQGTQVIVSS
seq5645,EVQLVESGGGLVQSGGSLRLSCAASESIFSIDAMGWYRQAPGKQRELVATITGGGRRNYADSVMGRFSISGDNAKRTVYLQMNSLKPEDTAVYYCNAEGQAGWGTALMDYWGKGTQVTVSS
seq5646,DVQLQASGGGLVQAGDSLRLSCTASGRSISTYGMGRFRQTPGKEREFVAAISWSGGNEYYADSVKGRFTISRDKSKNIVYLRMNSLKTEDTAVYYCAARAIGNYGSRDEDFGSWGQGIQVTVSS
seq5647,EVQLLESGGGEVQPGGSLRLSCAASGRSISNYAMGWFRQAPGKEREFVSASVWNNAGNYYAESVKGRFTISRDNAKNTLYLQMSSLRAEDTAVYYCVVARTPETPITSARGANYWGQGTLVTVKP
seq5648,EVQLVESGGGLVQAGGALRLSCAASGRTFETYRMGWFRQAPGKEREFVALINWSSGTTIYADSVKGRFTISGDNAKDTVYLEMNSLKPEDTAVYYCAVGRRWSGSYYSALAYQYWGKGTQVTVSS
seq5649,EVQLVESGGGLVQAGGSLRLSCAASGFTFRTYYMGWFRQAPGKEREFVGVTRSSDDVTYYADSVKGRFTISRDNAKNTVYLQMSRLKPEDTAVYYCAAKPVPITRYSFPQIGEEYDYWGQGTLVTVSS
seq5650,QVQLQESGGGLVQVGGSLRLSCAASGFMFSSYSMSWYRQAPGKQRELVAAITSYGSTNYADSVKGRFTISRDNAKNTVWLQMNSLKPEDTAVYFCNARSWNNYWGQGTQVTVSS
seq5651,EVQLVESGGGLVQPGGSLRLSCAASGFTFDDYATSWVRQAPGKGPEWVSAINSGGGSTYYADSVKGRFTISRDNAKNTLYLQMNSLKPEDTAVYYCARPRGSSLYLLEYDYWGQGTQVTVSS
seq5652,DVQLVESGGGSVQAGGSLRLSCAASGYTASTYCMAWFRQAPGKEREGVATINRSSSTYYDVSVKGRFTVSQDNAKNTVYLQMNSLKPEDTAIYYCAAIEEYCGGTYWLRPNKYKHWGQGTQVTVSS
seq5653,EVQLVESGGGLVQAGDSLRLSCAASGRAFSRYAMGWFRQAPGKEREFVAAIGWSPRRTFYADSVKGRFTISRDNDKNTVYLQMNTLKPEDTAVYYCAAKFATTDSTWSRSEAYNYWGQGTQVTVSS
seq5654,EVQLVESGGGLVQAGGSLMLSCAASGRALSSYAIGWFRQAPGREREFVARISWSGANTYYADSVKGRFTISRGNAKNTVYLQMNSLKPEDTAAYYCAAQTTSKYDNYDARAYGYWGQGTQVTVSS
seq5655,QVQLVESGGGLVQAGDSLRLSCAASGRTFSDYAMGWFRQAPGKELEFVARINWSGTLTYYADSVKGRFTGSRDNAKNTVYLQMNSLKPEDTAVYYCAQRGDSGSNYDPSGYRYWGQGTQVTVSS
seq5656,QVQLVESGGGLVQAGASLRLSCLGSGRSFGLRAMGWFRQAPGKELEFVAAIGKAGDTTYYTDSVKGRFTISRDNVKNAVYLQMNSLKPEDTAVYVCATAARWEPPTITPGSYRGPGTQVTVSS
seq5657,QVQLQESGGGSVQTGGSLRLSCAASTSLYSYNYMAWFSQAPGKGREGVAAVYVGDGRPYYADSVKGRFTISLDSAKNAVYLQMNSLKPEDTAMYYCAAAPGPLSHNYWYTSANYDYWGQGTQVTVSS
seq5658,QVQLQESGGGLVQPGGSLRLSCVAFGSTSSINAMGWYRQAPGKQRELVATITSGGRSNSADSVKGRFTISRVNAKKTVYLQMNSLKPEDTAVYSCALATKFYFGATYSQDRLYDYWGQGTQVTVSS
seq5659,EVQLVESGGGLVQPGGSLRLSCAASGFTFSFYAMGWFRQAPGKEREFVAAISSGGRTRYADNVKGRFTISADNSKNTAYLQMNSLKPEDTAVYYCSAALDGYNGIWGQGTLVTVSS
seq5660,VQLQESGGGLVQSGGSLRLSCSASGSIFRINLMGWYRQAPGKQRELVATITNEGNTYYADSVKGRFTISRDNANNTWYLQMNSLKPEDTAVYECAGKVIRWYWGQGTQVTVSS
seq5661,IQLVESGGGSVQAGGSLRLSCAASAYTDRRYCMAWFRQAPGKEREGVATMDTDGSTRYADSVKGRFTISTDSAKNTLYLQMNSLEPEDTAMYYCAVGPNPRYCSGAINTRGAEHYFGYWGQGTQVTVSS
seq5662,DVQLVESGGGSVQAGGSLRLSCTVSGIIASNLCMAWFRQVPEKQREAVASIAGRGTTTLYDSSVAGRFKITRDHDKNTVFLQMNSLKQEDTAIYYCALGRGWSCPSNYDYWGQGTQVAVSS
seq5663,ASGGGLVQAGGSLTLSCAASTRTFSSYAIGWFRQDPGKEREFVAAVSGTTRSTVYGDSVKGRFTISRDNAENTVYLQMNSLKPEDTAVYYCAATAGSYLAPNSFGYWGQGTQVT
seq5664,RLSCAASGSIFSINAMGWYRQAPGKQRELVAAITSGGSTNYADSVKGRFTISRDNAKNTVYLQMNSLKPEDTAVYYCNAKGPITMVRGVHYWGQGTLVTVSS
seq5665,EVQLVASGGGSVQAGETLRLSCTASGFTFADSAMGWYRKGPGNVCDLVAIIRTDGTTYYGDSAKGRFTISRDNAKSTLYLQMNSLKPEDTAVYFCAADRETSFIGGSWCVAKYWDQGTQVTVSS
seq5666,QVQLQESGGGVVQAGDSLRLSCVASGRTVSNYAMGWFRQAPGKEREFVARITGSGRTTYYADSVKGRFTISRNNLSNTVYLQMNSLKREDTAVYYCAADRWRSMVTRSDPREYENWGQGTQVTVSS
seq5667,EVQLVESGGGLVQAGGSLRLSCTASGRAFSSTVVGWFRQAPGKEREFVTAINWSGARTYYAESVKGRFTISRDNAKNSAYLQMNSLKPEDTAVYYCAAGSDRYARALTEYEYVWWGQGTQVTVSS
seq5668,EVQLVVSGGGSVQAGGSLRLSCAASGYTGSWCSMGWFRQAPGREREMIAVITSDGDTYYDDSVKGRFTISQDYAKSMVFLPMNSLEPEDTAMYYCNMETGGRPLRVGYCIDGTMHWGQGTQVTVSS
seq5669,EVQLVESGGGLVQPGGSLRLSCAASGGTFSTYVMGWFRQAPGKEREFVAAISWSGESTLYADSVKGRFTISADNSKNTAYLQMNSLKPEDTAVYYCAADLMYGVDRRYDWGQGTLVTVSS
seq5670,EVQLVESGGGLVQAGGSLRLSCAASGRSFSSYTMGTIRTGGSTNYADSVKGAIRWSGESPYYADSVKGRFTISRDNAKNTNYLQMNSLKPELTAVYYCAARLVPPGIPIERSLENMNYWGKGTLVTVSS
seq5671,EVQLVESGGGLVQPGGSLRLSCIASGLPFSTKSMGWFRQAPGKGREFVARISPGGTSRYYGDFVKGRFAISRDNAKNTTWLQMNSLRAEDTAVYYCASGERSTYIGSNYYRTNEYDYWGTGTLVTVSS
seq5672,EVQLVESGGGLVQAGGSLRLSCAASRSRSSFDDMGWYRQAPGKQREFVGGITLGGSTIYADSVKGRFTISMDSARNTGYLQMNSLKPEDTAVYYCNAALDGYSGSSWGQGTQVTVSS
seq5673,EVQLVEESGGGLVQPGGSLRLSCITSGETFKINIWGWYRQAPGKQRELVASLTIGGATNYADSVKGRFTISEDSAKNTVYLQMNSLKPEDTAVYFCNAKSRIYPYDYWGRGTQVTVSS
seq5674,VQLVESGGGVVQPGGSLRLSCAASGLTLSQYTMGWFRQAPGKERELVAAIHWTSSVTDYADSVDGRFTISRDDSKNTGYLQMNSLRAEDTAVYYCAATHYYTHRGPFDYWGQG
seq5675,QVQLVESGGGLVQPGGSLRLSCAASGFTLPYYAIVWFRQAPGKQLELVASITAGGHTNYADSVEGRFTISRDNAKNTVYLQMNALEPEDTAVYRCFADVYGSDRPSWGRGTLVTVSS
seq5676,DVQLVESGGGVVQPGGSLRLSCAASGLTFSSYAMGWFRQAPGKERERVVSISRGGGYTYYADSVKGRFTISRDNSKNTVYLQMNSLRPEDTATYYCAAARYWATGSEYEFDYWGQGTLVTVSS
seq5677,DVQLVESGGGSVQAGGSLRLSCAASGANGGRSCMGWFRQVPGKEREGVSGISTGGLITYYADSVKGRFTISQDNTKNTLYLQMNSLKPEDTAMYYCATSRFDCYRGSWFNRYMYNSWGQGTQVTVSS
seq5678,QLQLVESGGGLVQPGGSLRLSCAASGFTLDYSSIGWFRQAPGKEREGVSCISSSGDSTKYADSVKGRFTTSRDNAKNTVYLQMNSLKPDDTAVYYCAAFRATMCGVFPLSPYGKDDWGQGTQVTVSS
seq5679,EVQLVESGGGLVQPGGSLTLSCAASGSKVSFLSMAWYRQAPGKKRELVAGISADGSTLYIDSVKGRFTISRDNAKNSVYLQMNSLRAEDTAVYYCYAYRWTTRYRYWGQGTLVTVSS
seq5680,EVQLVESGGGLVQPGGSLRLSCAASGFTLDDYAIGWFRQAPGKEREGVSCISRTDGSTDYADSVKGRFTISRDNAKNTVYLQMNSLKPEDTAVYYCAAGRTYYSGSYYFGLGSDEYDYWGQGTQVTVSS
seq5681,EVQLVESGGGLVQPGGSLRLSCAASGFTFSNYAMGWFRQAPGKEREFVAAIYCSDGSTQYADSVKGRFTISADNSKNTAYLQMNSLKPEDTAVYYCAEALDGYWGQGTLVTVSS
seq5682,EVQLQASGGGLVQPGGSLRLSCVASQNLFEYYTMGWYRQVPGSQRERVALINNGGSNVAGSVEGRFTISRDNTKNSIYLQMNNLKPEDSAVYYCRAFGPADYWGQGTQVTVSS
seq5683,EVQLVESGGGAVQPGGSLRLSCVASGIRISRNMMGWFRRTPGRGRNMVARISPGGATYYVDSVKGRFSISKDDSKNTVYLQMDSLKPEDTAVYYCNSYSTLGSWGQGTQVTVSS
seq5684,DVQLQESGGGLVQAGGSLRLSCAASGSLRSLAVMGWFRQAPGKQREYVARITSGGYTDYADSVKGRFTIFDDSANNTVYLQMTSLKPEDTAVYHCAAGGFTEAYSGTYYPDSWGQGTQVTVSS
seq5685,EVQLLESGGGLVQPGGSLRLSCVHSGPTFRTDTMGWFRQAPGKGREFVAAVTWNSGRINYADSVKGRFTISRDNSKNTAYLQMNSLRPEDTAVYYCAAHRFVVGGNRVEDWRYWGQGTLVTVQS
seq5686,QVQLQESGPGLVKPSQTLSLTCTVSGGSITTRYYAWSWIRQPPGKGLEWMGVIDYDGDTYYSPSLKSRVSISWDTSKNQFSLQLSSVTAEDTAVYYCARDPDVVTGFHYDYWGQGTLVTVSS
seq5687,QVQLVESGGGSVEAGGSLRLSCAASGFRYAAYCMGWFRQADGKEREGVATIDIDGQTTHADSVKGRFTISRDNAKNTLSLQMNDLKPEDTAMYYCAADRDRCGSIWTYAYKYRGQGTQVTVSS
seq5688,EVQLVESGGGLVQPGGSLRLSCAASGFTFRSYPMGWFRQAPGKEREFVAAINNFGTTKYADSVKGRFTISADNSKNTAYLQMNSLKPEDTAVYYCAAAKGIGVYGWGQGTLVTVSS
seq5689,EVQLVESGGGLVQAGGFLRLSCELRGSIFNQYAMAWFRQAPGKEREFVAGMGAVPHYGEFVKGRFTISRDNAKSTVYLQMSSLKPEDTAIYFCAASKSTYISYNSNGYDYWGRGTQVTVSS
seq5690,EVQLQASGGGFVQPGGSLRLSCAASGGFFTSSTMGWFRQAPGKEREFVSAISRQHDNAPYYADSVKGRFTISRDNSKNMVYLQMNSLRAEDTATYYCAARNATHKGIYWGQGTQVTVSS
seq5691,EVQLVESGGGLVQAGGSLRLSCSASGLLFSANSAGWYRQAPGKQRDFVARIRSGGSTNYADSVKGRFTVSRDNAKNTMYLQMNGLKPEDTAVYYCSSWRTGAYEYWGQGTQVTVSS
seq5692,EVQLAESGGGSVQAGGSLRLSCAASGYTYSGNYMAWFRQAPGNEREGVAVVYNIDGGGRFTTYADSVKGRFTISRGNDKNTVYLQMNSLKPEDSGMYYCAAEVADPTWGSRDQRRYKYWGQGTQVTVSS
seq5693,EVQLVESGGGLVQPGDSLKLSCAFSGRTFSSYSMAWFRQAQGKEREFVVAISSGGFIYDAVSLEGRFTISRDNTKNTVYLQTPSLKPEDTAVYYCAASRAYGSSRLRLADTYDYWGQGTQVTVSS
seq5694,AVQLVESGGGLVQPGGSLRLSCAASGSITSINPMGWYRQAPGKQRELVARIHGSITNYADSVKGRFTISRDIAKNTVYLQMNSLKPEDTAVYYCNARRWGYDYWGQGAQVTVSS
seq5695,EVQLVESGGGLVQPGGSLRLSCAASGYTFRAYVMGWFRQAPGKERELVAVINYRGSSLKYADSVKGRFTISADNSKNTAYLQMNSLKPEDTAVYYCAASEWGGSDYDHDYDWGQGTLVTVSS
seq5696,LQESGGGLVQAGGSLRLSCAASGRTSSTYTMGWFRQAQGKEREFVTGISRSGGRTYYADSVKGRFTISRDNAKNTVYLQMNSLEPEDTAVYYCVVKLDYCSDYGCYASPREYHYWGQGTQVT
seq5697,EVQLVESGGGLVQAGGSLRLSCAASGLSFSGYTMGWFRQAPGKEREVVAAISRTGGSTYYADSVKGRFTISADNAKNTVYLQMNSLKPEDTAVYYCALIQRRAPYSRLETWGQGTQVTVSS
seq5698,QVQLVESGGGLVRPGGSLRLSCVDSERTSYPMGWFRRAPGKEREFVASITWSGIDPTYADSVADRFTTSRDVANNTLYLQMNSLKHEDTAVYYCAARAPVGQSSSPYDYDYWGQGTQVTVSS
seq5699,EVQLVESGGGLVQPGGSLRLSCAASGRTFSRSAMGWFRQAPGKGREFVGFITGSGGTTYYADSVKGRFTISRDNAQNPVYLQMNSLRPEDTAVYYCAVYRRTYISSTYSESSEYDYWGQGTLVTVSS
seq5700,EVQLVESGGGLVQAGGSLRLSCAASGLIFTYYDMGWFRQAPGKEREFVAAIPRRGGSTYYAEFVQGRFTISRDNAKNTVYLQMDSLKPEDTAVYYCAANRSYGDLVKNTYDYWGQGTQVTVSS
seq5701,EVQLVESGGGLVQPGGSLRLSCAASGFNLDDYAMGWFRQAPGKERESVAAISWDGGATAYADSVKGRFTISADNSKNTAYLQMNSLKPEDTAVYYCARVGRGTTAFDSWGQGTLVTVSS
seq5702,EVQLVESGGGSVQAGGSLRLSCAASGYTYSSNFMGWFRQAPGKEREGVATIVSGGGTTYYADSVRGRFTISQDNAKNTVYLQMNSLKPEDTAMYYCAAGGPPTNGAKWYPLRPPGYNYWGQGTQVTVSS
seq5703,EVQLVESGGGLVQAGGSLRLSCAASGFTSDDYAIGWFRQAPGKEREGVSYISHEDGSTYVADSVGGRFTISYDYAKNTVYLQMNSLKPDDTAVYYCAAAILGNSVLWLWEYEYRYWGQGTQVTVSS
seq5704,QVQLVESGGGLVQPGGSLRLSCAASGSIASINTMAWYRQAPGKQRELVAGITSGGSTKYADSVKGRFTISRDNAKNTVYLQMNNLKPEDTAIYYCTDYSKRYYQDYWGQGTQVTVSS
seq5705,QVQLVESGGGLVQPGGSLRLSCAASGSIFSITAMGWYRQAPGKQRELVATVTSGGSTKYVESVKGRFTISNDNAKNTVYLQMNSLKPEDTAVYYCWADIVARWNSDYNVYDDYWGQGTQVTVSS
seq5706,LQESGGGLVQAGGSLRLSCTTSGITFSDYAMAWFRQAPGKGREFVARSGGSTDYSDSVKGRFTISRDNAKNTVYLQMNSLRPEDTAVYYCAGDYGWARPSRHSVRPEMYDYWGQGTQVT
seq5707,QVQLQESGGGSEQPGGSLRLSCAASGRTVGSYSMGWFRQAPGKEREFVAAVTRSGASPYYADSVKGRFTISRDNAKNTVYLQMNSLKPEDTAVYYCAANPTYSGGWHAEYWGQGTQVTVSS
seq5708,EVQLVESGGGLVQPGGSLTLSCAASDSVVKFLSMAWYRQAPGKKRELVAGISANGSRTYMESVKGRFTISRDNAKNSVYLQMNSLRAEDTAVYYCYAYRWATRLPYWGQGTLVTVSS
seq5709,QVQLVETGGGWVQAGGSLRLSCAASGRAASGNAMAWFRQAPGKEREFVALISWSGGRPYYANSVKGRFAISRDNATNTVYLQMNRLKPEDTAVYYCAASPTIAILPTPYDYWGQGTQVTVSS
seq5710,DVQLVESGGGLVQAGGSLRLSCAASGRTSSPYVTGWYRQTPGKEREPVATVSWGGVTYYADSVKGRFTISRDNAKNTVYLQMNALKPEDTAIYYCNVNTFGNVYWGQGTQVTVSS
seq5711,EVQLVESGGGLVQAGGSLRLSCAASGRTFSSYDMGWYRQAPGKEREFVAVIHWSSGSTYYADPVKGRFTISRDNAKNTVYLQMNSLKPEDTAIYYCNAFLPGPEGFHDYWGQGTQVTVSS
seq5712,QVHLVESGGGSVQAGGSLRLSCAVSGYTSSRGCMSWFRQAPGKERERVAYINMRVLTTIYAASVKDRFAISRDNAKNTVDLQMNNLKPEDTAMYYCAAGYNGQWCEHASDVTAWGQGTQVTVSS
seq5713,QVQLVESGGGLVQPGGSLRLSCAASGFTFVTHGMAWYRQAPGKERELVSVISSDGTITEYTDSVKGRFTISRDNAKNTLYLQMNVLKPEDTATYYCNTREYWGQGTQVTVSE
seq5714,QVQLQESGGGLVQAGGSLRLSCAVSGNTLSRYAMGWFRQTPGKEREFVAAIRWNEGATYYAESVEGRFTISRDTGKNTVYLQMNNLKPEDTAVYYCAGRFLGYASSNAYHEALYNYDYWGQGTQVTVSS
seq5715,EVQLVESGGGLVQGWGLSELSCAASGRTINNYAMGWYRQAPGKQRELVAGITRGGKHELCSLRGPIPPSRDNAKNTVYLQMNQLKTLRTPVYYCAAKRGPIIRRIVLRYNYWGQGIQVTVSS
seq5716,EVQLVESGGGLVQTGGSLRLSCVASGGTLDDYAIGWFRQAPGKEREGVSYIGSNDGSTYYAGAVKGRFTISSDHAKNTVYLQMNSLKPEDTAVYYCAAAAQWGTIRWIHEYDYEYWGQGTQVTVSS
seq5717,EVQLVESGGGLVQAGGSLRLSCASSGRTLLNYAMGWFRQAPGKEREFVSGINWSGGSTYYADSVKGRFTISRDNAENTVYLHMNSLKPEDTAVYYCAAAHDNYWFTDDSLGRGLKYWGQGTQVTVSS
seq5718,QVQLQESGGGSVQAGGSLRLSCAASGYTYSSNCMAWFRQVPGKEREGVASINTRGGITYYADSVKGRFTISRDNAKNTVSLQMNSLKPEDTATYYCAAVREATYSDNRCSVRSYTYDYWGQGTQVTVSS
seq5719,EVQLVESGGGSVQAGGSLRLSCVASGHTANKWCMAWFRQVPGKEREGVAAINTYGDVTYFRDSVKGRFIISQDNVKNTVHLLMNSLKPEDTAAYYCAALRLQDLWRGSCPETLGYNYWGQGTQVTVSS
seq5720,QVQLVESGGGTVPAGGSLRLSCAASTKTTDTYDMSWYRRAPGKGRDFVSGIDNDGTTTYVDSVAGRFTISQGNAKNTAYLQMDSLKPDDTAMYYCKPSLAEVNYTGTIIPWGQGTQVTVSS
seq5721,VQLAESGGGSVQAGGSLRLSCAASGYTYSACRMAWYRQAPGKERELVSFINSAGSTYYADSVKGRFAISRDNAKTTVYLQMNALKAEDTAIYYCNTWDSSCRFQYWGQGTQVTVSS
seq5722,QVQLVESGPGLVKPSQTLSLTCTVSGGSISTNYYYWSWIRQSPGKGLEWIGVIAYEGSTDYSPSLKSRVTISRDTSKNQFSLKLSSVTAEDTAVYYCARDVRVIATGWATANALDAWGQGTLVTVSS
seq5723,EVQLVESGGGLVQPGGSLRLSCAASGFTLDDYTMSWVRQAPGKGLEWVSSISRDGGRTYYAGSMKGRFTISRDNAKNTLYLQMSSLKPEDTAVYYCAAATFYTTSTYISLYDYWGQGTQVTVSS
seq5724,QVQLQQSGGGLVQAGGSLRLSCAASGSSFSSYAMGWYRQAPGKQREWVAGIGSLGSPNYADSVKGRFVMSRDNAKNTVYLQMNSLKPEDTAVYYCNMRLLTTWYNLLGSWGQGTQVTVSS
seq5725,QVQLQESGGGLVQAGGSLRLSCAASGRTFSSNAMGWFRQAPGKEREFVAAISSGSGSTNYADSVKGRFTISRDNAKNTVYLQMNSLKPEDTAVYYCAAAYRYNGRDYYDRYDYWGQGTQVTVSS
seq5726,QVQLQESGGGLVQAGGFLRFSCAASGRTFSRYTMGWFRQAPGNERKFVAAVSTSGNTHYTGSVKGRFTIFRQNAKNTVYLQMSNLKPEDTAVYYCAARFGGMNWKYWGQGIQVTVSP
seq5727,EVQLVESGGGLVQAGGSLRLSCAASGNIFRIETMAWHRQAPGKQRELVAAIRRDEMTNYLDFVKGRFTISRDNFKNTVYLQMNSLKPEDTAVYYCNLIQRRAPYSRLETYWGQGTQVTVSS
seq5728,QVQLQESGGGLVQPGGSLRLSCAASGFTFSNYAMSWVRQAPGKGLEWVSTIFRGGSTTSYSDFVKGRFTISRDNAKNTLYLQMNSLKPEDTAVYYCTKWDGTYSYTRRGDYWGQGTQVTVSS
seq5729,DVQLVESGGGSVQAGGSLRLSCAASGDSYSNYYMAWFRQAPGKEREGVAHINRSGRITLYADSVKGRFTMSRDNAKNTVYLQMNSLKPEDTAIYYCAAGVRTHMPPLASYGFDYWGQGTQVTVSS
seq5730,HVQLVESGGGSVQTGGSLRLSCKPSFFILDDFDMMWYRQAPGNECELVSSISGDGSTYYTDAVKGRFTISHDNAKNSVDLQMNSLKPDDTAVYYCAATGQMLSVAGCRTQGTQVTVS
seq5731,QVQLVESGGGLVQAGDSLRLSCAASERNLRIYDMAWYRQAPGKEREYVAVISSSGDSTHYSDFVKGRFTISRDNAKNTVSLQMDSLKPEDTAFYYCNVNSIRQWPWGQGTQVTVSS
seq5732,QVQLVESGGALVQPGGSLRLSCAASGFPVNRYSMRWYRQAPGKEREWVAGMSSAGDRSSYEDSVKGRFTISRDDARNTVYLQMNSLKPEDTAVYYCSNGDGTLDAGSTCAPFYARAYWGQGTQVTVSS
seq5733,EVQLVESGGGLVQAGGSLRLSCAASGNTYSYKVMGWFRQAPGKEREFVGIIIRNGDTTYYADSVKGRFTISADNAKNTVYLQMNSLKPEDTAVYYCAASPKYMTAYERSYDWGQGTQVTVSS
seq5734,EVQLVESGGGLVQPGGSLRLSCAPSGSILQFNIMGWYRQAPGKQRELVAAITKLGFRNYLDSVKGRFTISTDSAKNTMSLQMNSLKPEDTAVYYCNEVGPGWAPILFDSWGQGTQVTVSS
seq5735,EVQLVESGGGSVQAGESLRLSCAASGTIFSSNAMAWYRQAPGKQRDLVAGINSVDITRYADSVKGRFTISRDNAKNTVYLQMNSLKPEDTAVYYCTSDPRRGWNTRYWGQGTQVTVSS
seq5736,DVQLQASGGGLVQAGGSLRLSCAASTNIFRDKFMAWYRQAPGKQRELVASITTGGRTDYADSVKGRFTISRDNTKDTMYLQMNSLKPEDTAVYYCAGFLGRTYWGQGTQVTVSS
seq5737,QVQLQESGGGLVQPGGSLRLSCTASGFTLDYYAIGWLRQAPGKEREGVSCISSSGGSTNYADSVKGRFTISRDNAKNTVYLLMNSLKPEDTAVYYCAAERTWVSNYYCSGDGDGYDYDYWGQGTQVTVSS
seq5738,VQLVESGGGLVQAGGSLRLSCAASGRNFSHYAMGWFRQAPGKAREFVATINRDGDSTYYTNSVKGRFTISRENAKNTGYLQMNSLKPEDTAVYYCGVQYSWSGTSIYWREYEYAYWGQGAQVTVSS
seq5739,QVQLVESGGGLVQAGGSLRLSCAASGRTFSSYAIGWFRQAPGKAREFVARVSTIAGDTDYADSVKGRFTISRDNAKNTVYLQMNSLKPEDTAVYYCAADSYNVRLVTGEADYWGEGTQVTVSS
seq5740,EVQLVESGGGLVQPGRSLTLSCAASTNITSISPMGWYRQAPGKQRELVAAIHGESTLYADSVKGRFTISRDNAKNSIYLQMNSLRPEDTALYYCNKVPWGDYHPRNVYWGQGTQVTVSS
seq5741,LQESGGGLVQAGGSLRLSCAASVSTFSINAMGWYRQAPGKQRELVADISSGGGTNYADSVKGRFTISRDNAKNTLYLQMNSLKPEDTAVYYCNAVQQSWTRGGLRSYDYWGQGTQVT
seq5742,EVQLVESGGGLVQAGGSLRLSCAASGFTFDDYIIGWFRQAPGKEREGISCISSSDGSTYYADSVTGRFTISSDNAKNTVYLQMNSLKPEDTAVYYCAAHAKWPYGTYSFRRCRRASFDSWGQGTQVTVSS
seq5743,QVQLQESGGGSVQAGGSLRLSCAVSGGTFSNKAMGWYRQSSGKQRALVARISTVGTAHYADSVKGRFTVSKDNAGNTLYLQMNSLKPEDTAVYYCNAQAGRLYLRNYWGQGTQVTVSS
seq5744,QVQLQESGGGLVQAGGSLRLSCAASGIVFSSIVMAWYRQAPGKQRELVASITNGGLVNSGDSVKGRFTISRDNAKNTVYLQMNSLKPEDTAVYYCNARRIMTSYWGQGTQVTVSS
seq5745,DVQLVESGGGVVQPGGSLRLSCAASGSTISSYVMGWFRRAPGKEREFVAAISRSGGYTYYADSVKGRFTISRDNSKKTVYLQMNSLRPEDTALYYCAAGRYSAWYSQSYEYDYWGQGTLVTVSS
seq5746,EVQLVESGGGLVQAGGSLRLSCVASGSIFSIDAMGWYRQAPGKERELVASVTTGASPNYGDSVTGRFTASRDRAKNALYLQMNSLKPEDTAVYYCNLIMTIPGGSQIMYWGQGTLVTVSS
seq5747,VKLVESGGGSVQAGGSLRLSCAASGDSYSVKYMGWFRRAPGKQRDQREEVASIYPTGGTFYTDSVKGRFTISRDNAKSTLYLQMTALKPEDTAMYYCAAGKWGTDYWGQGTQVTVSS
seq5748,EVQLVESGGGLVQPGGSLRLSCAASGRIFSLPASGNIFNLLTIAWYRQAPGMQRELVATINSGSRTYYADSVKGRFTISRDNAQKTLYLQMNNLRPEDTAVYYCQTSGSGSPNFWGQGTLVTVSS
seq5749,EVQLVESGGGLVQPGGSLTLSCVASGSTSSINAMGWYRRAPFKQGELPAGISPDGTKAYADSAKVRFTISRDNAKNSVYLQMNSLRAEDTAVYYCYYFHTVCGTSMGYWGQGTLVTVSS
seq5750,EVQLVESGGGLVQPGGSLTLSCVASGSTASINAMGWYRRAPGKQRELVAGISSDGSKVYADSVKGRFTISRDNAKNSVYLQMNSLRAEDTAVYYCYYFRYVSGSSMRYWGQGTLVTVSS
seq5751,QLQLVESGGGLVQSGGSLRLSCAASGFSLDYHAIGWFRQAPGKEREGVSCISSSGGRTNYADSVKGRFTISRDNAKNTVYLQMNSLKPEDAAVYSCAAVIYNSAWICNLLTGYEYEYWGQGTQVTVSS
seq5752,QVQLQESGGGSVEAGGSLRLSCATSGFTFSRYAMYWFRQAPGMECEWVSTIHTNGDTYYANSLKGRFTGSRDNAKNTAYLQMNSLKPEDTAVYYCHAPLNDGSTPTHICSRAGSYGYWGQGTQVTVSS
seq5753,EVQLVESGGDLVQPGGSLRLSCAASGFTFRGYWMTWVRQAPGKGLEWVSSINNIGDEPYYVDSVKGRFTISRDNAKNTLYLQMNSLKSEDTAVYYCVKDWASDYAGYSPNSQGTQVTVSS
seq5754,EVQLVESGGGLVQAGGSLRLSCAASGRIFNNYAMGWFRQAPGKEREFVAGISWSGDSTLYADSVKGRFTTSRDNAKNTVYLQMNSLKPEDTANYYCAEKQGADWAPYDYWGQGTQVTVSS
seq5755,EVQLVESGGGLVQPGGSLRLSCAASGSSASINTMGWYRQAPGEQRELVAEITEGGIINYTDSVKGRFTISRDNAKNTVYLEMNNLKPEDTAVYYCNADRALYRNYSDGRYYTGYDYWGQGTQVTVSS
seq5756,QVQLQESGGGLVQPGGSLRLSCAASGSTFRHHAMAWFRQTPGKEREFVSAINDHGDRTKYLDSVRGRFTISRDNTDNMVYLLMSDLRPEDTAVYSCAAGPLVDYLETTPLVYTYWGQGTQVTVSS
seq5757,EVQLVESGGGLVQPGGSLRLSCAASGFTFRFNAMGWFRQAPGKEREFVAAINWRGSHPYYADSVKGRFTISADNSKNTAYLQMNSLKPEDTAVYYCAAATLGEPLVKYTWGQGTLVTVSS
seq5758,QVQLQESGGGSVQAGGSLRLSCAAPGRYQMAWFRQAPEKEREFVGTISSGDSTWYTNSVKGRFAISRDSARNTVYLQMNDLKSEDTAVYYCAAALYYRDSRRAIDYPYWGQGTQVTVSS
seq5759,QLQLVESGGDLVQPGGSLRLSCAASGSIFSANLIDWYRQPPGKQRELVAVISSRGITSYADSVKGRFTISRDNAKNTVYLQMNSLKPEDTAVYYCHLFHTDGLGYWGQGTQVTVSS
seq5760,EVQLVESGGGLVQTGGSLRLSCVASRRTFSSYAVGWFRQVPGKERDFVAAISTGSVTIYADSVKGRFTISRDNTKNTVYLQMNSLKPEDTAVYYCAAGNREPYLRQYTASNPYDYWGQGTQVTVSS
seq5761,EVQLVESGGGLVQPGGSLTLSCVASGSTSSINAMAWYRRAPGKQRELVAGISSDGSKVYNDSVKGRFTISRDNAKNSVYLQMNSLRAEDTAVYYCYYFRTVRGSSQRYWGQGTLVTVSS
seq5762,QVQLQESGGGLVQPGGSLTLSCEASGFRLRNFGIGWFRQAAGKEREGVSCSNVRDGTTYYADAVKGRFIISRDNTRNTLSLQMNSLKPEDTAVYSCGTTDCEASHWGTYVGYFGHGTQVTVSS
seq5763,QVQLVQSGGGLVQPGGSLRLSCAASGFTFSSYAMSWVRQAPGKGLEWVSAIPAGDGSTKYADSVKGRFTISRDNAKNTVYLQMDSLKPEDTAVYFCAKSRGWSTVDDMDYWGKGTQV
seq5764,EVQLVESGGGLVQAGGSLRLSCAASGSIFRINNMYWFRQAHENQREWVARITRESDTTYADSVKDRFTISRDNAKNTVYLQMNSLKPGDTAVYYCTADVQTNSRDAQQIFRGQGTRVTVSS
seq5765,QVQLVESGGGSVQAGGSLTLSCAISGNTYSTKYMGWFRQAPGKEREGVAAILAGGRNTYYADSVKGRFTISQDNAKNTVYLQMNSLKPEDTAMYYCAADARAAFWYIGPLNSDQYNIWGQGTQVTVSS
seq5766,DVQLVESGGGLVQPGGSLRLSCAASGRTFSSYTMGWFRQAPGKEREFVAAISWSGRTTYYADSVKGRFTISRDNSKNTVYLQMNSLRPEDTAVYYCAAYRRVRYTNLEVWDYWGQGTLVTVSS
seq5767,EVQLVESGGGLVQAGGSLRLSCAASGRTFSGILSPYAVGWFRQAPGKGREFVSTITSGGSAIYTDSVKGRFTLSRDNAKDTVYLQMNSLKPEDTAVYYCHVRTRRYGSNLGEVPQENEYGYWGQGTQVTVSS
seq5768,QVQLQESGGGLVQPGESLKLSCAGSGSTFRHHAMAWFRQTPGKEREFVSAINDHGDRTKYLDSVRGRFTISRDNTNNMVYLQMSDLRPEDTANYSCAAGPLVDYLETTPLVYTYWGQGTQVTVSS
seq5769,EVQLVESGGGLVQPGGTLRLSCAASGFTFSNYWMHWVRQAPGKGLEWVSVIDRGGGGTRYADSVKGRFTISRDNAKNTLYLRMNSLKPEDTALYYCTRDRNGEYDYWGRGTQVTVSS
seq5770,EVQLVESGGGLVQAGGSLRLSCAASGRTFDSYAMGWFRQAPGKEREFVAAISWTGGSTDYADSVKGRFTISRDNAKNTVYLQMDSLKPEDTAVYYCAAEVVGRDVTTMYRVSGLEYEYDYWGQGTQVTVSS
seq5771,QVQLVESGGGSVQAGGSLRLSCTASGYIFRDYDLNWFRRAPGKECEFVSRIVRDGGTAYAASAKGRFTMSRDNAKSMVYLRMNNLKPEDTAVYYCAEDLSLRCNGGGQGTQVTVSS
seq5772,VQLQESGGGLVQAGGSLRLSCAASGSTSGIIAMGWYRQAPGKQRELVARISSGSSTNYADSVKGRFTVSRDNAKNTVYLQMNSLKPEDTAVYYCNAVRRGYRNDYNSWGQGTQVTVSS
seq5773,EVQLVESGGGLVQPGGSLRLSCAASGFAFGYYDMSWVRQAPGKGPEWVSAINSGGGSTYYADSVKGRFTISRDNAKNMLYLQMNSLKPEDTAVYYCATPRGWGPTGPHEYDYWGQGTQVTVSS
seq5774,EVQLVESGGGLVQPGGSLTLSCVASGSITSSNAMGWYRRAPGKQRELVAGISSDGSHVHQESVKGRFTISRDNAKNSVYLQMNSLRAEDTAVYYCYYFTTVTGSSMSYWGQGTLVTVSS
seq5775,QVQLQESGGGLVQPGGSLRLSCVVSGEGFSNYPMGWYRQAPGKQRELVAAMSEGGDRTNYADAVKGRFTISRDNAKKTVYLQMSSLKPEDTAVYYCNAARWDLGPAPFGSWGQGTQVTVSS
seq5776,DVQLQESGGGSVQAGGSLRLSCAASGDTFSSYSMAWFRQAPGKECELVSNILRDGTTTYAGSVKGRFTISRDDAKNTVYLQMVNLKSEDTARYYCAADSGTQLGYVGAVGLSCLDYVMDYWGKGTQVTVSS
seq5777,EVQLVESGGGLVQPGGSLRLSCAASGFTFSPNVMGWFRQAPGKEREFVAAITSSGETTWYADSVKGRFTISADNSKNTAYLQMNSLKPEDTAVYYCAAEPYGSGSSLMSEYDWGQGTLVTVSS
seq5778,EVQLMESGGGLVQAGGPLRLSCAASGRTVSDYGMGWFRQAPGKEREFVASINWSGTYTRYIDSVEGRFTISRDNTENTLYLQMNNLKAEDTAVYYCAYFLGPNWYSDYGRPSSYDFYGQGTQVTVSS
seq5779,QVQLQQSGGGLVQPGGSLRLSCIASGRTFSLFAMGWFRQAPGKEREFVAAITGSGDTTDYADSVKDRFTISRDNAKNTVYLQMNDLQPNDTAVYYCAAGVGLRAELFGSWGQGTQVTVSS
seq5780,QVQLQESGGGLVRTGGSLRLSCAGSGSFFSINPMGWYRQAPGQQRELVATITGSGSTNYADSVKGRFTISRDNAKNTLYLQMNSLKPEDTAVYYCNAGYFDRIGRRYDRWGQGTQVTVSS
seq5781,QVKLQESGGDLVQAGGSLRLSCAASGRTPYVMGWFRQARGKEREFVAAITSSFTRYLADSVKGRFAISRDNAKNTVYLQMNSLQPEDTAVYYCAAGSIVRPSTDAYDYWGQGTQVTVSS
seq5782,QVQLQESGGGLVQAGDSLRLSCAASGRRFGSYAMGWFRQVPGKERELVAGISSGGSTKYADSVRGRFTISRDNAKNTVSLQMKSLKPEDTAVYYCNAKYGRWTYTGRPEYDSWGQGTQVTVSS
seq5783,EVQLVESGGGLVQAGGSLRLSCAASGRTYYLNAMGWFRQGPGKDREFVAAIDWSDGNKDYADSVKGRFTISRDNAKNTVYLQMNSLKPEDTAVYYCAADTPPWGPMIYIESYDSWGQGTLVTVS
seq5784,QVQLQESGGGLVQPGGSLRLSCAASGFTLDYYYIGWFRQAPGKEREAVSCISGSSGSTYYPDSVKGRFTISRDNAKNTVYLQMNSLKPEDTAVYYCATIRSSSWGGCVHYGMDYWGKGTQVTVSS
seq5785,VQLVESGGGLVQPGGSLRLSCEASGFTLDYYAIGWFRQAPGKEREGVICISRSDGSTYYADSVKGRFTISRDNAKKTVYLQMISLKPEDTAAYYCAAGADCSGYLRDYEFRGQGTQVTVS
seq5786,QVQLQESGGSLVQPGGSLRLSCAASGSIFRLNDMRWYRQAPGKQREMVATITSGGTTNYADSVKARFTISRDNAKSTVYLQMNSLKPEDTAVYYCNADISLYSAFGLFSPPKNYWGQGTQVTVSS
seq5787,EVQLVESGGGSVQAGGSLRLSCTASGFTFDDSEMAWYQQAPGNECELVATISSSGGTSYAESVKGRFIISRDNAKNTVYLQMNSLEPEDTAMYYCATQDCSGAYCYTMDPNPCGGQGTQVTVSS
seq5788,EVQLVESGGGLVQAGGSLRLSCAASRLTFNHYNMGWFRQAPGKERERVAEVTWSGDKIYYVDSVKGRFTISRDNTPNPVYLYLQMNSLKPEDTAVYYCATAPRGLPYANGYWGQGTQVTVSS
seq5789,QVQLAESGGGSVQAGGSLRLSCVASGYPSSTYYMLSMAWFRQAPGKEREGVAAITSGTGSTSYADSVKDRFTISKDYANNTLYLHINNLKPEDTAMYYCAAASGWIVPSRSLTANLYRYWGQGTQVTVSS
seq5790,EVQLVESGGGLVQAGGSLRLSCAASGRTFSVYTMGWFRQAPGKEREFVATISRTGDRTSYANSVKGRFTISRENAKNTVYLQMNSLKPEDTAVYSCAAGPIAPSPRPREYYYWGQGTQVTVSS
seq5791,QVQLQESGGGSVQAGETLKLSCTASGFTFDDSTMAWYRQAPGNECKLVSTISSDGSTYYADSVKGRFTISQDNAKNTVYLQMNSLKPEDTAVYYCAADDQNYELGTCEALDYWGRGTQVTVSS
seq5792,EVQLVESGGGLVQTRGSLRLSCTLSGLILTYYDIGWFRQAPGKEREGVSCISKYHNTDYADSVKGRFTISRDNAKNTVYLQMNSLNLEDTAVYYCAAVRSRYNTCSLTGDMNYWGKGTLVTVSS
seq5793,EVQLVESGGGSVQAGESLRLSCAASGSIFSRNAMAWYRQAPGKQRDLVASINSVGITKYGDSVKGRFTISRDNAKNTVYLQMNSLKPEDTAVYYCTSDARRGWDTRYWGQGTLVTVSS
seq5794,QVQLQESGGGLVQAGGSLRLSCAVSGNTLSRYAMGWFRQTPGNEREFVAAIRWNNGATYYADSVKGRFTISRDNGKNTVYLQMNNLQPEDTAVYYCAGRFLGYASSNAYHEALYNYDYWGQGTQVTVSS
seq5795,QVQLQESGGGTVQAGESLTLSCAASGSIFRFTVMGWYRQVPGKEREFVASITYPGGTEYVDSVKGRFTISRDNAKNTAYLQVSSLKPEDTAVYYCFAHYGSYYYGQGTQVTVSP
seq5796,QVQLQESGGGLVQAGGSLRLSCAVSGNTLSRYAMGWFRQTPGKEREFVAAIRWNNGATYYADAVKGRFTISRDNGKNTVYLQMNNLKPEDTAVYYCAGRFLGYASSNAYHEALYNYDYWGQGTQVTVSS
seq5797,EVQLVESGGGLVQAGGSLTLSCAASEIISSINAMGWYRQAPGKQRELVALIGSGGTTKYGDCAKGRFTISRDNAKNTVTLQMNSLKPEDTAVYYCYVHDYDHKAWGQGTQVTVSS
seq5798,EVQLVESGGGLVQPGGSLRLSCATSGTIFRSNAMGWYRQAPGKKRDLVASISNSGSTNYADSVKGRFTVSRDNDKNTGYLQMNSLKPEDTGVYYCTVDARRGWNSGYWGQGTQVTVSS
seq5799,QVQLQESGGGLVQPGGSLRLSCAASGSIFSINAWGWYRQAPGKQRELVAEITSSGSTNYADSVKGRFTISGDNAKNSVYLHMNNLEPEDTAVYYCKAVAVTFTTPRSDYWGRGTQVTVSS
seq5800,EVQLVESGGGLVQPGGSLTLSCAASGSSVSFLSMAWYRQAPGKKRELVAGISEAGSTDYIDSVKGRFTISRDNAKNSVYLQMNSLRAEDTAVYYCYAYRWRTRYTYWGQGTLVTVSS
seq5801,QVQLQESGGGLVQPGGSLRLSCAASGSIFSASTMGWYRQAPGKQREMVAIIASGGFTYYGDFVKGRFTASRDDAKNTWNLEMTNLKPEDTAVYYCHAFIRTVVDGPLYNTWGQGTQVTVSR
seq5802,QVQLVESGGGLVQAGGSLRLSCAASGRTFSNYAMGWFRQAPGKEREFVAAISWTGVSTYYADSVKGRFTISRDNDKNTVYVQMNSLIPEDTAIYYCAAVRARSFSDTYSRVNEYDYWGQGTQVTV
seq5803,DVQLQVSGGGLVQPGGSLRLSCAAPGFTFSNYAMYWLRQAPGKGIEWVSRIGPGGSHTEYADSVKGRFAISRDNAKNTLSLQMNSLKPEDTAAYYCAITQQGSGRGRGTQVTVSS
seq5804,EVQLVESGGGLVQPGGSLRLSCAASGRTFSYNPMGWFRQAPGKGRELVAAISRTGGSTYYPDSVEGRFTISRDNAKRMVYLQMNSLRAEDTAVYYCAAAGVRAEDGRVRTLPSEYTFWGQGTQVTVSS
seq5805,DVQLVESGGGVVQPGGSLRLSCAASGFILDYYAIGWFRQAPGKEREGVLCIDASDDITYYADSVKGRFTISRDNSKNTVYLQMNSLRPEDTAVYYCATPIGLSSSCLLEYDYDYWGQGTLVQVSS
seq5806,EVQLVESGGGLVQVGGSLRLSCAASGRTFSSARMGWFRQCPGKEREFVAAISWSNDITYYEDSVKGRFTISRDNAKATVYLQMNSLKLEDTAVYYCAASWRSSIWIPAESDSYDFWAQGTQVTVSS
seq5807,QVQLQESGGGLVQNGGSLRLSCAASGRTFRSYAMGWFRQAPGREREFVAAINRSGSSPYYADSVKGRFSASRDNVKKTVYLQMNSLKPEDTAVYYCAASSSYSGGGYLTGLGDYDYWGQGTQVTVSS
seq5808,EVQLVESGGGLVQPGGSLRLSCAASGGTFSSYAMGWFRQAPGKEREFVAAISWRSGSTYYADSVKGRFTISRDNSKNTVYLQMNSLRPEDTAVYYCAADPRGYGVAYVSAYYEYWGQGTLVTVSS
seq5809,EVQLVESGGGLVQPGGSLRPSCAASGEVYKINFLGWYRQAPGKEREKVAHITIADVADYADFAKGRFTISRDEAKNMVYLQMNSLKPEDTAVYFCRAGSRIWPYDYWGQGTQVTVSS
seq5810,QVQLQESGGGLVQAGGSLRLSCAASGSTFSTYAMGWFRQAPGKEREFVAAFWWTDEQTFYADSVKGRFTISRGNAKNTVDLQMNSLKPEDTAVYACAAMSKPYNLWRTDSYDYWGQGTQVTVSS
seq5811,EVQLVESGGGLVQAGGSLRLSCAASGGTFRYQNMGWYRQAPGNEREWVASNWATGATAYADSVKGRFTISRDDAKNVVYLQMNNLKPEDTAVYYCNRLSRPWGWGQGTQVTVSS
seq5812,QVKLEESGGGSVQTGGSLRLTCAASGRTSRSYGMGWFRQAPGKEREFVSGISWRGDSTGYADSVKGRFTISRDNAKNTVDLQMNSLKAEDTAIYYCAAAAGSAWYGTLYEYDYWGQGTQVTVSS
seq5813,VQLQESGGGLVQPGGSLRLSCAASGSIFSIAAMGWYRQAPGKQRELVAAITSGGRRAYADSVKGRFTISRDNDENTVALQMNSLKPEDTDVYYCNAKADHNDYWGQGTQITVSS
seq5814,VQLQASGGGLVQAGGSLRLSCAASGRTLSSYAMGWFRQAPGKDREFVAAISWSGTRTSYADSVKGRFTISRDNAKNTVYLQMNSLKPEDTAVYYCAMRSMRSNLYTVYEAPHDYDYWGQGTQVTVSS
seq5815,DVQLVESGGGLVHPGGSLRLSCAASGSFSSINVMGWYRQAPGKERELVARITNLGLPNYADSVTGRFTISRDNSKNTVYLQMNSLRPEDTAVYYCYLVALKAEYWGQGTLVTVSS
seq5816,VQLQESGGGSVQAGGSLRLSCVASGYTNCRYDMSWYRQAPGKEREFVSSIDSEGVARHADSVKGRFGISQDNAKSTLYLQMNSLKPEDTAVYYCKTDYITCRFGSWSDSTWGQGTQVTVSS
seq5817,QVQLQESGGGSVQAGGSLRLSCTVSQHTSRYYYMAWFRQAPGKEREGVASIWTGGGTPGYADSAKGRFTISADNAKNTIYLQMNSLKPEDTAMYYCAADDRGGRWSLGTMAVGGYKYWGQGTQVTVSS
seq5818,EVQLVESGGGLVQPGGSLTLSCAASGSSVKFLSMAWYRQAPGKKRELVAGISRDGSTDYIDSVKGRFTISRDNAKNSVYLQMNSLRAEDTAVYYCYAYRWTTRHTYWGQGTLVTVSS
seq5819,AVQLVESGGGLVQAGGSLRLACAGSGRIFAIYDIAWYRQAPGNQRELVATIRPVVSETTYADAVKGRFTISRSNAMKTVYLQMNSLKSEDTAIYYCNAKRPWGTRDEYWGQGTLVTVSS
seq5820,QVQLVESGGGSVQPGGSLRLSCAASGSIFHIVVMGWYRQAPGKQRELVAGMSTGGTTNYGDSVKGRFTISRDNAKNTVYLQMNSLKPEDTAVYYCNVLVISGIGSHLEVWGQGTLVTVS
seq5821,EVQLVESGGGLVQPGGSLRLSCAASGIILSDNAVAWYRQAPGKQRDFVATINTAGWTTYTESVKGRFTISRDNAKGTVYLQVNRLKPEDTAVYICNVPSYNLWGQGTQVTVSS
seq5822,QVQLQESGGGSVQAGGSLRLSCAASGYTYSMYCMAWFRQAPGKEREGVAAINSGGPSTYYADSVKGRFTISQDNAKNTVYLIMNSLKPEDTAIYYCAADPQRCGSWSWANMYEYNYWGQGTQVTVSS
seq5823,GSLRLSCAASGSGFGPNVMGWYRQAPGKRRELVATINRIGNINYGDSVKGRFTLSREIAVNTVYLQMNSLKPEDAANYYCYAAKYGVDYWGKGTQVTVSS
seq5824,QVQLQESGGGLVQPGGSLRLSCAASGILFRSKAVGWYRQAPGTQREWVAYITGDDLTSYEDFVKGRFTISRDNAKNMVYLQMNSLKPEDTAVYYCNLRGSNYWGQGTQVTVSS
seq5825,EVQLVESGGGLVQPGGSLRLSCAASGFTFSSYAMAWARQAPGKGLEWVSGMDTAGRIIHYGDSVKGRVTISRDNAKNTLYLQMPSLKSEDTALYYCGRVVGGGWPMDNWGQGTQVTVSS
seq5826,QVQLVESGGGSGQPGGSLRLSCAASGFDLDYFAVGWFRQAPGEEREGVACISVSGANITYVDSVKGRFTISRDNAKRTVDLSLDSLKPEDTAVYYCATTWGIHWCPLSASEYRRWGRGTQVTVSS
seq5827,QVQLVESGGGLVQPGGSLRLSCAASGRTIDNYAMAWSRQAPGKDREFVATIDWGDGGTRYANSVKGRFTISRDNSKGTMYLQMNSLRAEDTAVYSCAMARQSRVNLDVARYDYWGQGTLVTVSS
seq5828,QVQLQESGGGLVQAGGSLRLSCAASGTISYENFMGWYRQAPGKERKLVAGINDGTNTYYADSVKGRFTISRDNAKNTVYLQMNSLKPEDTAVYYCAVIGASVLGHAYWGQGTQVTVSS
seq5829,DVQLVESGGGLVQPGGSLRLSCAASGRTFRHYAMGWFRQAPGKEREFVAAISSYGSTDYADSVKGRFTISRDDSKNTVYLQMNSLRPEDTAVYYCAAADETLGAVPNFRLHEKYEYEYWGQGTLVTVSS
seq5830,VQLVESGGGSVQAGGSLRLHCASSGYVEARILMGWFRQAPGKEREGVAAIYIGDGTTDYGDSVKGRFTVSQDGAKNAIYLHMYDVKPEDAATYYCAAGIMPWYRTWSGRLNVGDFDSWGQGTQVTVSS
seq5831,EVQLVKSGGGLVQAGGSLRLSCAASGRTFSSYAMGWFRQAPGKEREFVAAINWSGSSTVYADSVKGRFTISRDNAENTVYLQMNSLKPEDTAVYYCAAGNGGRNYGHSRARYDYWGQGTQVTVSS
seq5832,EVQLVESGGGVVQPGGSLKLSCVASGTDFSINFIRWYRQAPGKQREFVAGFTATGNTNYADSMKGRFTISRDNTKNAVYLQIDSLKPEDTAVYYCYMLDKWGQGTQVTVSS
seq5833,QVQLQESGGGLVQAGGSLRLSCAASGRTFRNYAMAWFRQAPGKEREFVAVIRRGGGDTYYSDSAEGRFTISRDNAKNTVYLQMNNLKPEDTAVYYCAADVSDDNTGKYDYWGQGTQVTVSS
seq5834,KVQLVESGGGLVQTGGSLRLSCAASGGTFSTYAMGWFRQAPGKEREFVAGITRSAVSTSYTDSVKGRFTISRDNAKDMVYLQMNSLKPEDTALYYCAATRRLHFGNGADYWGKGTPVTVSS
seq5835,VQLAESGGGLVQPGGSLGLSCVVASERSINNYGMGWYRQAPGKQRELVAQISSGGTTNYADSVEGRFTISRDNVKKMVHLQVNSLKPEDTAVYYCNSLLRTFSWGQGTQVTVSS
seq5836,DVQLVESGGGTVPAGGSLRLSCAASGNSLCTYDMSWYRRAPGKGRDFVSGIDNDGTTTYVDSVKGRFTISQGNAKNTAYLQMDSLKPDDTAMYYCKPSLRYGLPGCPIYPWGQGTQVTVSS
seq5837,QVQLVESGGGSVQPGGSLRLSCAASGRNFNPMGWFRQAPGKQRESVAAIGTDGSTKYADSVKGRFTISRDNGKNTVYLQMNSLKSEDTAVYYCNVGGWGISWFPWGRGTQVSVSS
seq5838,EVQLVESGGGLVQAGGSLRLSCAASGRTFSGYGMGWFRQAPGKEREFVAAISWRGGNTYYADSVKGRFTISRDNAKNTVWLQMNSLKPEDTAVYYCSGFVRTRDDPSRIRNYWGQGTQVTVST
seq5839,QVQLQESGGGTVQPGESLRLSCEVSTDTFSSLAMAWFRQATAKDREFVAAISWSGDSTVYGDSVKGRFTMTRDHPKKMVYLQMDNLKPEDTAVYYCAGDLDGRTWHGDDLEYDYWGQGTQVTVSS
seq5840,QVQLVESGGGLVQAGGSLTLSCAASGSTSEINIMAWYRQVSGNQRELVANKARGGLPKYGDFVKGRFAISRDNAKNTITLQMNNLKPEDTAVYYCNAVTDWALGDYWGQGTQVTVSS
seq5841,EVQLVESGGGEVQPGGSLRLSCAASGFTFDDYAIGWFRQAPGKEREGVSTISSSDGSTYYAESVKGRFTISRDNAKNTVYLQMSSLRAEDTAVYYCALREGLPLLLDTLWRQPVEYDYWGQGTQVTVKP
seq5842,QVQLQESGGGSVQAGGSLRLSCAASGYAYTRNCMGWFRQAPGKEREEVATINLGGGSTYYADSVKGRFAISQDNAKNTVYLQMNNLKPEDTAMYYCAAIAQYGGSLCSNFGWYNLWGQGTQVTVSS
seq5843,EVQLVESGGGLVQAGGSLRLSCTASGGTFGSYALGWFRQSPGKERESVAAIDWDGSRTQYADSVKGRFTISRENVKDTMYLQMNSLQAEDTGVYYCVRSRHSGNTLSFSLKYDYWGQGTQVTVSS
seq5844,QVQLQESGGGLVQAGGSLRLSCAASGSTFSINNMGWYRQAPGKQRELVAGITGGNTHYADSVKGRFTISRDNAKNTMYLQMNSLKPEDTAVYYCNANWGAYWGQGTQVTVSS
seq5845,VQLAESGGGSVQAGGSLTLSCTASEYVTHLGWFRQAPGKEREGVAIESFRIGYTYYADSVKGRFTISHDNAKNTLYLQMNSLKPEDTAIYYCAARQDRSGASMVNRDSYNYWGKGTQVTVSS
seq5846,QVQLQESGGGLVQPGGSLRLSCAASGSIFSINFAAWYRQAPGQQREWVAIVTSSGTTNYADSVKGRFTISRDYAKKTVYLQMNSLIPEDTGVYYCNGNFGTALTNLSAWGQGTQVTVTS
seq5847,QVQLQESGGGLVQAGGSLRLSCAASGRTYGGYGMGWFRQVPGKERELVAAIRWSGTSTYYADSVKGRFTISRDNVKNMVYLQMNSLKPEDTAVYHCAARTVRVVDISSPVGFAYWGQRTQVNVSS
seq5848,QVQLQESGGGLVQAGGSLRLSCTASGTIFSINGMYWYRQALGKRRELVASLYRGGSTNYADSVKGRFTISRDNAKNTVYLQMNSLKPEDTAVYYCNVNWALQDSWGQGTQVTVSS
seq5849,EVQLVESGGGLVQPGGSLRLSCAASGRTFGDDTMGWFRQAPGKEREFVAAINWTGGYTPYADSVKGRFTISADNSKNTAYLQMNSLKPEDTAVYYCATDPPLFWGQGTLVTVSS
seq5850,EVQLVESGGGLVQPGGSLRLSCAASRSIGRLDRMGWYRHRPGEPRELVATITGGSSINYGDSVKGRFTISIDNSKNTVYLQMNSLRPEDTALYYCNFNKYVTSRDTWGQGTLVKVSS
seq5851,QVQLQESGGGLVQPGGSLRLSCAASGSIFSINAMGWYRQAPGKQRELVAAITNQGRLTYADSVKGRFTISRDNAKNTVFLQMDSLKPEDTAVYYCNAKWYDPLVIEYYDNWGQGTQVTVSS
seq5852,QVQLQDSGGGLVQAGGSLRLSCAASGRTFSSYAMGWFRQAPGKEREFVAGITWTTGSTTYADSVKGRFTVYRDNAQNTVYLQMNRLKPEDTAVNYCAASRSTNSVNWYQYHDYNNWGQGNQVNVSS
seq5853,QVQLVESGGGLVQAGGSLTLSCAASGRTFNSYAMGWFRQAPGKEREFVAAISQNGGSQGYAEAVKDRFTISRDNTNKVVALQMNSLKPEDTAAYYCAADGDASDRSYAPPRDYKYEYWGQGTQVTVSS
seq5854,EVQLVESGGGEVQPGGSLRLSCAASGSIFSINAMGWYRQAPGKQRELVAGFTGDTSTKYAESVKGRFTISRDNAKNTVYLQMSSLRAEDTAVYYCAADVQLLNSDYEFYWGQGTLVTVKP
seq5855,KVQLVESRGGLVQAGGSLRLSCTASGGTFRNYGMGWFRQAQGKEREFVAAVSRTGGRTYYSDSVKGRFTISRDNAKNMVSLQMNKLKPEDTAVYYCAARFRFDDGTYYYQRAFYDFWGQGTQVTVSS
seq5856,EVQLVESGGGLVQAGGSLRLSCAASGFTFDDYAIGWFRQAPGKEREGVACVSNSDGSTYYANSVKGRFTISSDNAKNTVYLQMNSLKPEDTAVYYCAADSRCWGWGMLHMRHGDRGQGTQVTVSS
seq5857,VQLQESGGGLAQEGGSLRLSCVASGNTFDTRAMGWFRQAPGKEREFVAAISRSSFNTYYSDSVTGRFTISRDNAKNMVYLQMNSLKPEDTAVYYCAAGKYGMKWRDGADYWGQGTQVTVSS
seq5858,DVQLVESGGGSVQAGGSLRLSCAASGYTYSTYYMGWFRQAPGKKREGVAAIVNGGSTVYATSVKGRFTISQGNAQKTVYLQMNSLKPEDTAIYYCAAAQGLTWGSLLTPTRYNYWGQGTQVTVSS
seq5859,EVQLVESGGGLVQPGGSLRLSCAASGFTFDDYGMSWVRQAPGKGLEWVSGITWNGGTTNYADSVKGRFTISRDSAKNMVHLQMDSLKSEDTAVYYCAKAYRGSTLGQGTQVTVSS
seq5860,QVQLQESGGGLVQPGGSLRLSCAASEEGTNTMGWFRQAPGKGREFVAALSWAGDIKSYGDSVKGRFTISRDNAKNTVYLQMNSLIPEDTAVYYCAASPRLRVEIKAGGYDFWGQGTQVTVSS
seq5861,DVQLVESGGGVVQPGGSLRLSCAASGSNISSYVMGWFRRAPGKEREFVAAISRSGGYTYYADSVKGRFTISRDNSKKTAYLQMNSLRPEDTALYYCAAGRYSAWYSQSYEYDYWGQGTLVTVSS
seq5862,EVQLVESGGGLVQPGGSLRLSCAASGRTFRHYAMGWFRQAPGKEREFVAAISSYGSTDYGDSVKGRFTISRDDAKNTVPLQMNSLKPEDTALYYCAAADETLGAVPNFRLHEKYEYEYWGQGTLVKVSS
seq5863,SGGGSVQPGGSLRLSCAASGFTFSSYTMSWVRQAPGKGIEWVSDINGGGDRTDYADSVKGRFTISRDNARNTLYLQMNSLQPEDTAVYYCAKDLSYVSGTYFANDWGQGTQVTVSS
seq5864,QVQLQESGGGLVQAGGSLRLSCAASGSIFSINVIGWYRQAPGKERELVANSGSTTKYADSVKGRFTISRDNAKNTVDLQMNSLKPEDTAVYYCNAVVTSRTSLGLRSYAYWGQGTQVTVSS
seq5865,QVQLQESGPSLVKPSETLSLTCTVSGGSDTLNYYAWSWIRQPPGKGLDWMGVIRDDGSTYYAPSLKNRTSISRDTSRNQFSLQLSSVTPTDTAVYYCARGLNTGGFELWGQGTLVTVSS
seq5866,QVQLQESGGGLVQAGGSLRVSCAASGRTPTWLLMGWFRQAPGKEREFVASIIWSTGTTFYADSVKGRFSISKDNGANTQYLQMNSLKPEDTAVYYCAASRAYTGGYVRTIDFDSWGRGTQVTVSS
seq5867,QVQLQESGGGSVQPGGSLKLSCAASGFTFNWYTMAWYRQVPGEERKMVATITGASGDTKYADSVKGRSTISRDNAKNTVTLQMNSLKPGDTAVYYCHACLTYDSGSVKGVNYWGQGTQVTVSS
seq5868,EVQLLESGGGLVLPGGSLRLSCVHSGPTFRTDTMGWFRQAPGKGREFVAAVTWNSGRINYADSVKGRFTVSRDNTRNAAYLQMSGLKPEDTAVYYCTAHRFVVGGNRVEDWRYWGQGTLVTVSS
seq5869,DVQLVESGGGVVQPGGSLRLSCAASGSTISSYVMGWFRRAPGKEREFVAAISRSGGYTYYADSVKGRFTISRDNSKNTAYLQMNSLRPEDTALYYCAAGRYSAWYSQSYEYDYWGQGTLVTVSS
seq5870,EVQLVESGGGLVQTGGSLRLSCAASGRTFSTYRMGWFRQAPGKEREFVAAISWSTGSTYYADSVKGRFAISRDNAKNTIYLQMNSLKPEDTAVYYCAAGMVATTRSSAYPYWGQGTQVTVSS
seq5871,EVQLVESGGGLVQPGGSLRLSCAASGFPVNRYWMGWFRQAPGKERELVATITSGGSTNYADSVKGRFTISADNSKNTAYLQMNSLKPEDTAVYYCAADVWYGSTWRNWGQGTLVTVSS
seq5872,EVQLVESGGGLVQPGGSLRLSCAASGRTFSTHTMGWFRQGPGKEREFVATINRLDYTYYANSVRGRFTISRDNAKNTVYLQMNSLKPDDTAVYYCAADSERRLGVIPGLYDYWGQGTLVTVSS
seq5873,DVQLVESGGGVVQPGGSLRLSCAASGSIGGLNAMAWYRQAPGKERELVAGIFGVGSTRYADSVKGRFTISRDNSKNTVYLQMNSLRPEDTAVYYCRMSSVTRGSSDYWGQGTLVQVSS
seq5874,QVQLVESGGGSVQAGGSLKLSCAVSGDTVQTNCMAWFRQAPGKEREAVASILSLYSSGGKTVYADSVKGRFTISPDNAQNTVSLQMNNLKPEDTAMYYCATVRVTVTWAEKLRRCTGFSGMDYWGKGTLVTVSS
seq5875,QVQLQESGGGLVQAGESLRLSCVVSGRTFSINAMGWYRQAPGKQRELVAAITNQGRLSYVDSVKGRFTISRDNAANTVYLQMNSLKPEDTAVYYCAAFQSSGIDWGQGTQVTVSS
seq5876,YSLRLSCAASGRTFSTAAMGWFRQAPGKERDFVAGIYWTVGSTYYADSAKGRFTISRDNAKNTVYLQMDSLKPEDTAVYYCAARRRGFTLAPTRANEYDYWGQGTQVTVSS
seq5877,QVQLQESGGGLVQPGGSLRLSCAASGSTFSIWAVAWYRQAPGKRRELVAGISGGGVTNYPDSVKGRFTISRDNAKNTVYLQMSSLKPEDTAVYYCNLWPPRASPGGRVYWGQGTQVTVSS
seq5878,DVQLQESGGGLVQAGGSLRLSCTGSGRTFRNYPMAWFRQAPGKEREFVAGITWVGASTLYADFAKGRFTISRDNAKNTVYLQMNSLKPEDTAVYSCAAGRGIVAGRIPAEYADWGQGTQVTVSS
seq5879,QVQLQESGGGLVQPGGSLRLSCAASGFIFRSTSMGWYRQAPGKQREFVAGIIGSHSTNYADSVKGRFTISRDNAQNAVYLHMNTLKPEDTAVYYCNLYPPASSGRWGKGTQVTVSS
seq5880,QVQLQESGGGPVQAGGSLRLSCAVSKYPYSGSCMGWFRQAPGKEREGVAAMFTGTGSTYYADSVKGRFTISQNVAKNTLDLQMNSLKPEDTAMYYCAVDLLPRSTRCLDYGLRTYNYWGQGTQVTVSS
seq5881,EVQLVESGGGLVQPGGSLTLSCVASGSTSRINAMGWYRRAPGKQRELVAGISSDGSKVYQDSVKGRFTISRDNAKNSVYLQMNSLRAEDTAVYYCYYFRRVSGSSMRYWGQGTLVTVSS
seq5882,QVQLVESGGGSVQTGGSLRLSCAASGYTYSRPSMGWFRQAVGKERELVSTISSDGTTYYTESVKGRFSISHDNAKNTVYLQMNNLKPEDTAMYYCNMFEEGNYDGGEGATDAWGQGILVTVSS
seq5883,EVQLVESGGGLVQAGGSLRLSCAASGRTFSSYAMGWFRQAPGKEREFVGAISGSGSNIYYADSMPGRITIFRDNAKNTVYLQMNSLNPEDTAVYYCAAAPTLVEITPTPTYWGQGTQVTVSS
seq5884,SLRLSCAASGRSFSSYGMGWFRQAPGKEREFAAGITGTAGITYYTDSVKGRFTISRDNAKNTVYLQMNNLKPEDTAVYYCAAGLTSYAGRGAAGYDYWGQGTQVTVSS
seq5885,QVQLQESGGGLVQPGGSLRLSCAASGFTFSNYAMSWVRQAPGKGLEWVSTINIGGGSTSYADSVKGRFTISRDNAKNTLYLQMNSLKPEDTAVYYCAKTASHIPLSQGTQVTVSS
seq5886,EVQLVESGGGLVQAGGSLRLSCAASGGTFNNYAMGWFRRAPRKEREFVAAISRSGVRTGVSALYGDSVKDRFTISRDNAKNTLYLQMNKMKPEDTAVYTCAASAIGSGALRRFEYDSSGQGTQVTVSS
seq5887,QLQLVESGGGLVQSGDSLRLSCLASGSTFSRYTMGWFRQAPGKEREFVAGIGWSGRSKYYTDSVKGRFTISRDNAKNTVTLQMNNLKPEDTAVYYCNAPDLAGYSVLSAWGQGTQVTVSS
seq5888,EVQLVESGGGLVQPGGSLRLSCAASGFGFDNYAMGWFRQAPGKEREWVSCISGSDGSTYYADSVKGRFTISRDNAKNTVYLQMHSLKPEDTAVYYCAASLGSSWCAYDYWGQGTQVTVSS
seq5889,EVQLVESGGGVVQPGGSLRLSCAASISIFDIYAMDWYRQAPGKQRELVATSFRDGSTYYADSVKGRFTISRDNSKNTLYLQMNSLRAEDTAVYLCHVSLYRDPLGVAGGMGVYWGKGALVTVSS
seq5890,EVQLVESGGGSVQTGGSLRVSCAASGLSFNTYTMGWLRQAPGKEREFVAVINWNGDRTNYADSVKGRFSVSRDNAKNTVFLQMNSLRPEDTAVYYCAARPRFTAEPMTSRRYQYWGRGTQVTVSS
seq5891,QVKLEESGGGLVQAGGSLRLSCEASGNVFTIAAMGWFRQAPGKERELVAGITTGGSTNYADSVKGRFTISRDNAQNTMYLQMNSLRPEDTAAYSCNAVTKWAARVGGSAEYEYWGQGTQVTVSS
seq5892,DVQLEESGGGSVQAGGSLRLSCAASGYIYSTYCMGWFRQAPGKEREGVAAINDVGGSVYYADSVKGRFTISQDIAQDTMYLQMNDLTPENTVTYTCAALRCLSDSDPDTRVHMYYDWGQGTQVTVSS
seq5893,VQLVESGGGTVPAGGSLRLSCAASTKTTDTYDMSWYRRAPGKGRDFVSGIDNDGTTTYVDSVAGRFTISQGNAKNTAYLQMDSLKPDDTAMYYCKPSLAEVNYTGTIIPWGQGTQVTVS
seq5894,EVQLVESGGGPVQAGDSLRLSCAASGRAYRGYSMGWFRQVPGKEREFVAAIVWTDGNTYYEDSVKGRFTISRDVTKNTMYLQMTSLKPEDSATYYCAAKIRPYIFKIAGQYDYWGQGTLVTVSS
seq5895,EVQLLESGGGLVQPGGSLRLSCAASGRYIDETAVAWFRQAPGKEREFVAGIGGGVDITYYADSVKGRFTISRDNSKNTLYLQMNSLRPEDTAVYYCAARPGRQLITSKVADLYPYWGQGTLVTVSS
seq5896,QVQLVESGGGLVQAGDSLRLSCVASGRSLDGATMRWYRQAPGKEREFVAGIFWDEIGTEYADTAKGRFTISRDNAKNTIYLQMTNLRSEDTAMYYCNGLVFGGEYWGQGTQVTVSS
seq5897,EVQLVESGGGLVQPGGSLRLSCTASGLDFGIHWMYWVRQAPGKELEWVAEINTNGLITHYTDSVSGRFTISRDNAKNTLFLQMNDLKFEDTAVYACATSRNGAAKGQGTQVTVSS
seq5898,EVQLVESGGGVVQPGGSLRLSCAASGTDFSINFMSWVRQAPGKQREFVAGFTATGNTNYADSVKGRFTISRDNAKNTLYLQMNSLRPEDTAVYYCYMLDKWGQGTQVTVSS
seq5899,QVQLVESGGGLVQAGGSLRLSCAASGRTSSRYVMGWFRQSPGKEREFVAAISANGRSTNYAGSVNGRFKISRDGAKDKVDLQMNSLKPEDTAVYFCATNMAFSSSSNFPANYDVWGQGTQVTVSS
seq5900,VQLVESGGGLMQAGGSLRLSCAVSGRTFSTAAMGWFRQAPGKEREFVAAIRWSGGSAYYADSVKGRFTISRDKAKNTVYLQMNSLKYEDTAVYYCAPYEATRSLLSDYATWPYDYWGQGTQVTVSS
seq5901,DVQLVESGGGLVQPGGSLRLSCAASGRASSINWFGWFRQAPGKEREFVAGIRWSDAYTEYADSVKGRFTISRDNSKNTVYLQMNSLRPEDTAVYYCVLDLSTVRYWGQGTLVTVSS
seq5902,DVQLVESGGGLVQPGGSLRLSCAASGFILDYYAIGWFRQAPGKEREGVLCIDASDDITYYADSVKGRFTISRDNSKNTVYLQMNSLRPEDTAVYYCATPIGLSSSCLLEYDYDYWGQGTLVTVQS
seq5903,LQLVESGGGRVQAGGSLTLSCAASGDIFTLASMGWYREDLHKKRELVAQLMSDGTANYGDSVKGRVTISRDDVDTTVHLRMNTLQPSDTGEYFCYIHTSREITWGRGTQVTVS
seq5904,QVQLQESGGGLVQAGDSLRLSCAASGRTVGSYSMGWFRQAPGKEREFVAAVTWSGASPYYADSVKGRFTISRDNAKNTVYLQMNSLKPEDTAVYYCAANPTYSGGWHAEYWGQGTQVTVSS
seq5905,EVQLVESGGGLVQPGGSLRLSCAASGNIFRSNMGWFRQAPGKEREFVAGITWNGDTTYYADSVKGRFTISADNSKNTAYLQMNSLKPEDTAVYYCARALGVTYQFDYWGQGTLVTVSS
seq5906,DVQLVESGGGLVQAGGSTRLTCKASGSISNINSINVMAWYRQAPGKGRELVAIIGKGGGTNYADFVKGRFTISRDAAKNTLYLQMNSLRPEDTAVYYCYADYEDHDSPHNASWGQGTQVTVSS
seq5907,DVQLQESGGGQVQAGGSLTLSCAASGFTFDDGAIGWFRQAPGKEREAVSCISSADHSTYSADSVKGRFTISSDNAKNTVHLQMNSLKPEDTAIYYCAALGSGYGCYLFTTTVDMDYWGKGTLVTVSS
seq5908,EVQLVESGGGLVQAGGSLRLSCAASGRTFSNYAMGWFRQAPGKEREFVAAISWSGASTIYADSVKGRFTISRDNAKNTVYLQMNSLKPEDTAVYYCAAGNGGSRYGHSRARYDYWGQGTQVTVSS
seq5909,EVQLVESGGGLVQAGGSLRLSCAASGDTFSNYAMAWFRQAPGKEREFVAAINWSSRSTVYADSVKGRFTISRDNAKNTVYLQMNSLKPEDTAVYYCAAGTSYVAGIRRRNAEYLYWGQGTQVTVSS
seq5910,VQLQESGGGLVQAGGSLRLSCVGDGRTFSSYIIGWFRQAPGNEREFVVAITWDGSATTYADSVKGRFTVSRDSAKNTAYLQMNSLKPEDTAVYYCAAVPARGLTMDLENSDIYDHWGRGTQVTVSS
seq5911,QLQLVQSGGGLVQAGGSLRLSCVASGSTPDINLMAWYRQASGKQRELVANKARGGLPKYADFAKGRFTISRDNAKNTITLQMNSLKPEDTAVYYCNALLDWRAGDYWGQGTQVTVSP
seq5912,DVQLVESGGGLVQPGGSLRLSCAASGRTFSSIYAKGWFRQAPGKEREFVAAISRSGRSTSYADSVKGRFTISRDNSKNTVYLQMNSLRPEDTAVYYCAAVGGATTVTASEWDYWGQGTLVTVSS
seq5913,EVQLVESGGGEVQPGGSLRLSCAASGRPFSSSAMGWFRQAPGKERETVAAVSRQGGSSYYAESVKGRFTISRDNAKNTVYLQMSSLRAEDTAVYYCAARSAAYSRSSETYTEKHDYTYWGQGTLVTVKP
seq5914,ESGGGSVQSGGSLRLSCSGVTGSDYCLGWFRQAPGREREGVAASSRYGSTYYGDFVRGRFTISRDSAKNTLILQMNNLQPEDTAMYYCAASRRVGSCSTYERVFAYWGQGTQVTVSS
seq5915,EVQLVESGGGLVQPGRSLTLSCAASTNIFSKSPMGWYRQAPGKQRELVAAIHGSSTLYADSVKGRFTISRDNAKNSIYLQMNSLRPEDTALYYCNKVPWGDYHPRNVYWGQGTQVTVSS
seq5916,QVKLEESGGGLVQPGGSLRLSCAASGIIFSINAMGWYRQAPGKQRELVARISAYDHTNYADSVKGRFTISRDNAKNTVYLQMNSLKPEDTAVYYCNVDEIRKFWGQGTQVTVSS
seq5917,EVQLVESGGGLVQAGGSLRLSCSASGFTFDDYAIGWFRQAPGKEREGVSCISSHDGTTYYADSVKGRFTISSDNAKNTVYLQMNSLKPEDTAVYYCAADPLVCGYNDPRLADYWGQGTQVTVSS
seq5918,EVQLLESGGGEVQPGGSLRLSCAASGRSISNYAMGWFRQAPGKEREFVSASVWNNGGNYYAESVKGRFTISRDNAKNTLYLQMSSLRAEDTAVYYCVVARTPETPITSARGANYWGQGTLVTVKP
seq5919,EVQLVESGGGLVQAGGSLRLSCAASGRTFSSYAMGWFRQAPGKEREFVATISQSGYSTYYADSVKGRFTISRDNAKNTVNLQMNSLKPEDTAVYYCAADPFYSYGSPSPYRYWGQGTQVTVSS
seq5920,EVQLVESGGGLVQPGGSLTLSCAASGSSVRFLSMAWYRQAPGKKRELVAGISADGSTVYIDSVKGRFTISRDNAKNSVYLQMNSLRAEDTAVYYCYAYRWTTRRTYWGQGTLVTVSS
seq5921,EVQLVESGGGLVRHGDSLRLSCLVSGRTTSVYATGWFRQAPGKEREFVAAISWSGGYTNYADSVKGRFTISRDNAKNTVFLQMNSLKPEDTAVYYCAADRNPYRGSNNANAYDYWGQGTQVTVSS
seq5922,EVQLVESGGGLVKAGDSLRLSCSASGRTFANNAMGWFRQAPGKEREFVASISASGTLTSSADSVRGRFTISRDNAKNTVYLQMNSLKPEDTALYYCARNRRAWSLSVHTTREYDDWGQGTQVTVSS
seq5923,AVQQVESGGGLVQPGGSLRLSCAASGFTLDYYAISWFRQAPGKKRELVADITSGGSTNYADSVKGRFTISRDNAKNTIYLQMNSLKPEDTAVYFCNAVTYNGYTIWGQGTQVTVSS
seq5924,QVQLQESGGGLVQAGDSLRLSCATSGLTVSRYTMGWFRQTPGKEREFVAAISWSGTYYTDSVKGRFTISRDNAKNMVYLQMNSLKPEDTAVYYCAAGSRRLHYSSDINYWGQGTQVTVSS
seq5925,EVQLVESGGGLVQPGGSLRLSCAASGLTFVNYAMGWFRQAPGKERELVAGIASSGRIYYADSVAGRFTISRDNARNTVNLQMNSMKPEDTAVYYCAGRRSFSSTSAADYNYWGQGTQVTVSS
seq5926,QLQLVESGGGLVQPGGSLRLSCAASGFTLDYHAIGWFRQAPGKEREGVSCISSSGGRINYADSVKGRFTISRDMTKNTVYLELNSLKPEDTAIYYCAAEIFDSSWYCPLSRNNMNYWGKGTLVAVSS
seq5927,QVQLQESGPGLVKPSQTLSLTCTVSGGSITTRYYAWSWIRQPPGKGLEWIGVIDYDGDTYYSPSLKSRVTISVDTSKNQISLKLSSVTPEDTAVYYCARDPDVVTGFHYDYWGQGTQVTVSS
seq5928,EVQLVESGGGLVQAGGSLRLSCAASGRTFSGVDVAWFRQAPGKEREFVAALAWSGIRTYYAVSVKGRFTISRGNPNDTVYLQMTSLKPEDTAVYYCATGRAYRGSDYYTDRIYDSWGQGAQVTVSS
seq5929,EVQLLESGGGLVQPGGSLRLSCVHSGPTFRTDTMGWFRQAPGKGREFVAAVTWNSGRINYADSVKGRFTISRDNSKNTAYLQMNSLRPEDTAVYYCAAHRFVVGGNRVEDWRYWGQGTLVQVSS
seq5930,EVQLVESGGGLVQAGGSLRLSCAASGRTFSDDLISWFRQAPGKERDFVAAVTFYGEDTYYADSVKGRFTISRDNAKNTVYLQMDRLKSEDTAVYHCASSSRATVIQNPLGYDYWGQGTQVTVSS
seq5931,QVQLQESGGGLVQPGGSLRLSCAASRFTLDNYAVGWFRQAAGKEREAVSCSSSGDGRTYYADSVKGRFTISRDNAKDTVYLQMNSLKPEDTAVYYCATGFFVRSCSSPDSYDYWGQGTQVIVSS
seq5932,VQLVESGGGLMQAGGSLRLSCAVSGRTFSTAAMGWFRQAPGKEREFVAAIRWSGGSAYYADSVKGRFTISRDKAKNTVYLQMNSLKYEDTAVYYCAESTITRSLLSDYATWPYDYWGQGTQVTVSS
seq5933,EVQLVESGGGLVQPGRSLTLSCAASTNIFSSSPMGWYRQAPGKQRELVAAIHGHSTLYADSVKGRFTISRDNAKNSIYLQMNSLRPEDTALYYCNKVPWGDYHPRNVTWGQGTQVTVSS
seq5934,QVQLQESGGGVVQAGGSLRLSCVAPGSITRLGGMGWYRQTPGKQRELVALIDTVGNTNYGESVKGRFTISRDNAKKMVYLEMNSLKPEDTAVYYCWIPPIPWGQGTQVTVSS
seq5935,EVQLVESGGGLVQPGGSLKLPCAASGAVHKINFLGWYRQTPEKEREMVATITIGDEVDYADSAKGRFTISRDEAKNMVYLQMTSLKPEDTAVYVCRAGSRLYPYNYWGQGTLVTVSS
seq5936,QVQLQASGGGLVQAGGSLRLSCAASGRRLSINVMGWYRQAPGKQRELVATIGTSGKTNYADSVRGRFTISRDNAQNTVYLQMNSLKPEDTAVYYCAADPTPYGLRNERNYHYWGQGTQVTVSS
seq5937,DVQLQESGGGLVQAGDSLRLSCAASGATLSSYTIGWFRQAPEKEREFVAGSSRDGRTNYYANSVKGRFTISRDNAKNTVYLQMNSLKPEDTAVYYCAAHTTSGVPVHERSYAYWGQGTQVTVSS
seq5938,EVQLVESGGGLVQAGGSLRLSCAASGRTFSSYAMAWFRQAPGKEREYVAAIRWSGGTAYYADSVQGRFTISRDNAKNTVYLQMNSLRPEDTAVYYCANRAPDTRLRPYLYDYWGQGTQVTVSS
seq5939,QVQLQESGGGLVQAGGSLRLSCAVSGNTLSRYAMGWFRQTPGKEREFVAAIRWNNGATYYADSVEGRFTISRDNAKNTVYLQMNNLQPEDTAVYYCAGRFLGYASSNAYHEALYNYDYWGQGTQVTVSS
seq5940,EVQLVESGGGLVQPGESLTLSCVVAGSIFSFAMSWYRQAPGKERELVARIGSDDRVTYADSVKGRFTISRDNIKRTAGLQMNSLKPEDTAVYYCNAQTDLRDWTVREYWGQGTQVTVSS
seq5941,QVQLQESGGGLVQAGGSLRLSCAASGRTFSSYVIGWFRQAPGKEREFVAVITWSGDSTYSSDSLKGRFTISRDNAKNTVYLQMNALNPEDTAVYYCAAIPPRAYSGGSYSLKDQSKYEYWGQGTQVTVSS
seq5942,EVQLVESGGGLVHAGDSLRLSCAASGFTLDDYAVSWFRQAPGKAREGLSCISAEDGSTYYADSVKGRFIISRDNAKNTVYLQMNSLKPEDTAVYYCAAEDSCLSSDYDAYDGWGQGTQVTVSS
seq5943,QVQLQESGGGLVQAGGSLRLSCAASGSILSINSMGWYRPALGNQRELVAAITNDGRTTYVDSVKGRFTISRDNAKNTVYLQMNSLKPEDTAVYWCKAFTRDKDYWGQGTQVTVSS
seq5944,EVQLVESGGGLVQAGGSLRLSCAASGGTFSTYVMAWFRQAPGKEREFVTTISGSGLRTSYKDSVEDRFTISRDNAKNTVYLQMNSLKPEDTAVYYCAARLSGWTSSRDYDYNYWGQGTQVTVSS
seq5945,QVQLQESGGGLVQAGGSLRLSCAASGSTFSINAMMWYRQAPGKQRELVASIGSGGNTYYADSVKGRFTISRDNGKSTLYLQMNSLKPEDTAVYYCKMYRPGTYDYWGQGTQVTVSS
seq5946,SGGGLVQPGGSLRLSCAASGSIFSIYAMGWYRQAPGKQRELVAAISSYGSTNYADSVKGRFTISRDNAKNTVYLQMNSLKPEDTAVYYCNADIATMTAVGGFDYWGQGTQVTVSS
seq5947,QVQLVESGGGLVQPGGSLRLSCTVSGSIFGLPGMSWYRQAPGAQRELVADISSDGGRTHYADSVKGRFTISRDNDKKTVYLQMDSLKPDDTAVYYCNVKFTHHWGQGIQVTVSS
seq5948,EVQLVESGGRVMQTGGSLRLSCAASGHTFNDYNMGWFRQAPGKELEFLAGINWSGMSTWYADSVKDRFTISRDNNKNTVFLQMNSLEPGDTAVYYCAARQWISTIILTAPSQYDYWGQGTQVTVSS
seq5949,QVQLQESGPGLVKPSQTLSLTCTVSGGSITSRYYAWSWIRQPPGKGLEWIGVIDYDGDTYYSPSLKSRTSISVDTSKNQFSLKLSSVTPADTAVYYCARDPDVVTGFHYDYWGQGTLVTVSS
seq5950,QVQLQESGGGLVQAGGSLRLSCAASGRTFNSYAWGWFRQAPGKERGFVARISFSGGHTYYSDSVKGRFTISRDNAKNSVYLQMNSLKPEDTAVYYCAADPTPYGLRNERNYHYWGQGTQVTVSS
seq5951,DVQLQASGGGLVQPGGSLRLSCAASGFIFSSYAMSWVRQAPGKGFEWVSGINSFGGSKYYADSVKGRFTISRENAKNTLYLQMNNLKPEDTAVYYCAKIDWERAFTSWGQGTQVTVSS
seq5952,QVRLVESGGGSVQAGGSLRLSCAASGDMNGYKCMGWFRQAPGKEREAVAGIYTGRGTTYYADSVKDRFTISQDNAKNTVYLQMNSLKPEDTAMYYCAAKYCAVVAEFGGPRLVRYWGQGTQVTVSS
seq5953,EVQLVESGGGLVQAGGSLRISCAASGRTYAMAWFRQAPGKEREFVAHINALGTRTYYSDSVKDRFTISRDNAKNTEYLQMNSLKPEDTAVYYCVAGGQWRAAPVAAAESYDFWGQGTQVTVSS
seq5954,EVQLVESGGGLVQAGGSLRLSCAASGRTLSNYDMGWFRQAPGKEREFVATIRWSTSSTYYADSVKGRFTISSDNTKNTVDLRMNSLTPEDTAVYYCAARSVYSYEYNYWGQGTQVTVSS
seq5955,EVQLVESGGGLVQPGGSLRLSCAASGFTLDYYAIGWFRQAPGKEREGVSCISSSDSSTYYDESVEGRFTISRDNAKNTVYLQMNSLKPEDTAVYYCATDWIRECTYRSGSYYPRNYRGQGTQVTVSS
seq5956,EVQLVESGGGLVQPGGSLRLSCAASGFALGYYAIGWFRQAPGKEREGVSCDSSSDGRTYYGDSVKGRFTISTDSAKNTVYLQMNSLKPEDTAVYYCATCTDFEYDYWGQGTQVTVSS
seq5957,QVQLVESGGGLAQAGGSLRLSCQGSGRTFNNDVLAWFRQAPGKEREYVAMITSGGNPFYADSVKGRFVISRDNDKNTVYLQMNSLKSEDTAIYYCAADENPPGWPSRWSSAYDYWGQGTQVTVSS
seq5958,QVQLQESGGGLVQPGGSLRLSCAASGSTFSIPAVAWYRQAPGKRRELVAGISGGGVTNYPDSVKGRFTISRDNAKNTVYLQMSSLKPEDTAVYYCNLWPPRASPGGRVYWGQGTQVTVSS
seq5959,EVQLVESGGGLVQAGGSLRLSCGSSGRTFSRYAMGWFRQAPGKEHEFVAAISWSGGSTYYADSVKGRFTISRDNAKNTVYLQMNSLKPEDTAVYYCAADISSGNSGSYIYTWAYDYWGQGTQVTVSS
seq5960,QVQLVESGGGLVQAGGSLRLSCAASGLSFSSYTMGWFRQVPGKERELISAIHWSGGPTFYSNSVKGRFTISRDNAKDTVYLQMNSLKPEDTAVYYCTAEPVGSMISPDWTYWGQGTLVTVSS
seq5961,QVQLVESGGDLVQAGGSLRLSCAASGSISRISTMGWYRQAPGKQRELCATISTGGTTNYAESVKGRFTCSRDNAKNTMYLQMNSLKPEDTAVYYCAAGWKVVRGSLEYEYSGQGTQVTVS
seq5962,EVQLVESGGGLVQPGGSLRLSCAASGTIFKINIMAWYRQAPGKGRELVAAIINSGSTSYADSVKGRFTISRDNAKNTLYLQMNSLRPEDTAVYYCAFVTTNSDYDLGRDYWGQGTLVTVSS
seq5963,VQLVESGGGLVQAGGSRRLSCATSGLTFRNFHMAWFRQVAGKEREVVAAISWSRDRQYYPDPVKGRFTITRDNAKNTVYLQMNSLKPEDTAVYYCAARTASASGDWYKGSYQYWGQGTQVTVSS
seq5964,EVQLVESGGGLVQPGGSLRLSCAVSGISVRSSVVNWYRQAPGKQRELVALIMGGAIRKYADDVKGRFTISSDSAKNTVYLQMNSLRPEDTAVYYCSALEYWGQGTQVTVSS
seq5965,EVQLVESGGGLVQAGGSLRLSCAASGSIFNFNYMGWFRQAPGKEREFVAAIRWSGSSTYYADSVKGRFTISRDDAKNTVYLQMNSLKPEDTATYYCALRKGIPYSISDRVIKGVNDYDYWGQGTQVTVSS
seq5966,QVQLVESGGGLVQAGGSLRLSCAASGRTDGMYAMGWFREAPGKEREFVAVQDLTASNTYYSSAVKGRFTISRDNAKNTAYLQMNRLKSEDTAVYYCAAGPTLMSSYGNSARDYDYWGQGTRVTVSS
seq5967,QVQLVESGGGLVQAGGSLRLSCVASGSIASIATMAWYRQAPGQQRELVAGITRGGSTHYADSVKGRFTISRDNAKNTLYLQMNSLEPEDTAVYYCTDYSRRYYEDYWGQGTQVTVSS
seq5968,EVQLVESGGGLVEAGGSLRLSCAVSGRTFSMYATGWFRQAPGKEREFVAAINSSGDKTTYADSVEGRFTISRDIGTVYLQMNNLNPEDTAVYYCAAARTLAVVTIPGGYEYWGQGTQVTVSS
seq5969,EVQLVESGGGLVQAGGSLRLSCAASGRTLNGYTTGWFRQAPGKEREFVATIRAIDGSTSYADSVMGRFTISRDNAKNTLYLEMNRLKPEDSALYYCAARLRVSNGNAWSSSSYLHWGRGTQVTVSS
seq5970,EVQLVESGGGLVQPGGSLRLSCAASRSIGRLDRMGWYRHRPGEPRELVATITGGSSINYGDSVKGRFTISIDNSKNTVYLQMNSLRPEDTAVYYCNFNKYVTSRDTWGQGTLVTVQS
seq5971,LQESGGGLVQPGGSLRLSCTESGSGISFNAMGWYRQAPGKRRELVAAITRTGSTNYADSVKGRFTISRDNAKNTVYLQMNSLKPEDTAVYYCNLGLEGLGYRLHDYWGQGTQVT
seq5972,EVQLVESGGGLVQAGGSLRLSCAASGRTFSIYYMGWFRQAPGKEREFVAAITWIGGDTYYADSVKGRFTISRDNAKNTVYLQMNSLKPEDTAVYYCAVDDRTNMSVDFGSWGQGTQVTVSS
seq5973,AVQLVESGGGSVQAGGSLRLSCAVSEYSSCKYKRSMDAPGSREGPRHIDIDGGTTYADFVKGRFTISQDNAKNMMYLQMNSLKVEDTAVYYCYIRGRSRWCDAWGQGTQVTVSS
seq5974,QVQLQESGGGLVQAGDSLRLSCAVSGRTFSNYAMGWFRQAPGKEREFVAGITWTTGSTTYADSVKGRFTVSRDNAENTGYLQMNSLKPEDTAVYYCAASRGTNSVNWYQYHDYNNWGQGTQVTVSS
seq5975,EVQLVESGGGLVQPGGSLRLSCAASGLTFSRYAVAWFRQAPGKEREFVAAITWSSGRIDYADSVKGRFTISRDNSKNTVYLQMNSLRPEDTAVYYCAADRRPRSTGRSGTGSPSTYDYWGQGTLVTVSS
seq5976,QVQLVESGGGLVQAGGSLRLSCAASGITFPVNAYGWYRQAPGKQRDLVAIISAGGTTNYADSVKGRFAISKDNVNNTVYLQMNSLTSEDTGVYYCYLQRRIGMLRDYWGQGTQVTVSS
seq5977,EVQLVESGGGLVQAGGSLRLSCTTSGSIFSTNAMGWYRQAPGKQRELVASDSGSRTNYASSVKGRFTISRDNAKNTVYLQMNSLKPEDTAVYYCALGRTNGWARFIADYWGQGTQVTVSS
seq5978,EVQLVESGGGLVQPGGSLRLSCAASQFTLESYAIGWFRQAPGKDSEGVACISSSTYYADSVKGRFTISRDNAKNTVYLQMESLKPEDTAVYHCATSGAGSYCTLRAFESWGQGTQVTVSS
seq5979,QVQLVESGGGLVQPGGSLRLSCVASGSIFSINTMGWYRQAPGKQRELVAAITRGGNTKYTDSVKGRFTISRDNAKNTVYLQMNSLKPEDTAVYYCTDYSRSYYQDYWGQGTQVTVSS
seq5980,QVQLQESGGGLVQAGGSLRLSCAASGRIFSIDIMSWYRQAPGKQRELVARITRGGTISYDDSVKGRFTISRDNAKNTVYLQMNSLKPEDTGVYYCNALYGTDYWGKGTQVTVSS
seq5981,EVQVVESGGGLVQPGGSLRLSCAASGNIFRIDTMVWYRQAPGKQRELVAGISRGGTTNYAHSVKGRFTISRDNAKNTMYLQMNSLKSEDTATYYCNAQAWDVGTIRYLEVWGQGTLVTVS
seq5982,KVQLVESGGGLVQAGGSLRLTCAASGSILSVSTMTWYRQVLGTQRELVASITRSGGSNYADPVKGRFTIARDNAKNTMYLQMNSLKPEDTAIYYCNAVIASNSGRSYDLRNYWGQGTQVTVSS
seq5983,QVQLQESGGGLVQAGDSLRLSCAASGLTFSNYIMGWFRQAPGKEREFVAAITWGGGSTVYADSVEGRFTISRDGTKNTVSLQMNSLQPEDTAVYYCAAAGASGRLRDLKVGQNYDYWGQGTQVTVSS
seq5984,EVQLVESGGGSVQAGETLRLSCTASGFTFAEADMGWYRQAPGHECELVSTITTEGITSEASSYYADSVRGRFTISRDNAKNMVYLQMNSLKPEDTAVYYCAPDPYAYSTYSDYCTWAQGTQGTQVTVSS
seq5985,QVQLQESGGGLVQAGGSLRLSCAAFGSTSSITYMAWFRQAPEKQRELVAEMSRRGSTFYADSVKGRFTIYRDNTKNTVYLQMNSLEPEDTAVYYCSVGARRDEDDYVYWGQGTQVTVSS
seq5986,EVQLLESGGGEVQPGGSLRLSCAASGSVFSIDAMGWYRQAPGQQRELVSALSGISSATYAESVKGRFTISRDNAKNTLYLQMSSLRAEDTAVYYCYADVSTGWGRDAHGYWGQGTLVTV
seq5987,QVQLQESGGGLVQAGGSLRLSCAASGRTFSSYAMGWFRQAPGKEREFVAGISGSGGRTYYEDSVKGRFTITRDNGKSVVYLQMNSLELEDTAVYYCAANLRGYNSGTYYRASDFDSWGQGTQVTVSS
seq5988,EVQLVESGGGVVQPGGSLRLSCAASETIFSIDSMAWYRQAPGKQRELVAAITGGGSPNYADSVKGRFTISSDVSKRTVYLQMNSLRPEDTALYYCNAEGQAGWGTALLDYWGQGTLVTVSS
seq5989,EVQLVESGGGLVQTGGSLRLSCVASGNIYSLTSTGWYRQAPGQQREWIATIRGDDSTEYANSVKGRFTISRENALKTVYLQMNSLKPEDTAIYYCAARTLPLGQPNYWGQGTQVTVSS
seq5990,QVQLVESGGGLVQPGGSLRLSCAASGFTFSDHWMYWVRQAPGKGLEWVSTINTNGLITNYIHSVKGRFTISRDNAKNTLYLQMNSLKSEDTAVYYCALNQAGLSRGQGTQVTVSS
seq5991,QVQLQESGGGLVQAGGSLRLSCAVSGNTLSRYAMGWFRQTPGKEREFVAAIRWNNGATYYADSVEGRFTISRDNGKNTVYLQMNNLQPEDTAVYYCAGRFLGYASSNAYHEALYNYDYWGQGTQVTVSS
seq5992,EVQLVESGGSLVPPGGSLRLSCAASGFTFDDYAMSWVRQAPGKGLEWVSSINWSGTHTDYTDSVKGRFTISRNNANNTLYLQMNSLKSEDTAVYYCAKNWGDAGTTWFEKSGSAGQGTQVTVSS
seq5993,EVQLVESGGGLVQAGGSLRLSCAASGRTFSNYAMGWFRQAPGKEREFVSTISTGGSSTYYADSVKGRFTISADNAKNTVYLQMNSLKPEDTAVYYCAAVPTGRGRRDYWGQGTQVTVSS
seq5994,QVQLVESGGGLAQAGGSLRLSCVVSGRTFSPYTIGWFSQRPGKEREWVATIIGSDRSTDLDGDTYYADSVRGRFTISRNDAKNTVSLQMNSLKPEDSAVYYCALTAKGYVFTDNEYDYWGQGTQVTVSS
seq5995,EVQLVESGGGEVQPGGSLRLSCAASGFIFSSYAMGWYRQAPGKQRELVAGFTGDTNTIYAESVKGRFTISRDNAKNTVYLQMSSLRAEDTAVYYCAADVQLFSRDYEFYWGQGTLVTVKP
seq5996,QVQLQESGGGLVQAGGSLRLSCAVSGNTLSRYAMGWFRQTPGNEREFVAAIRWNEGATYYAESVEGRFTISRDNAKNTVYLQMNNLKPEDTAVYYCAGRFLGYASSNAYHEALYNYDYWGQGTQVTVSS
seq5997,EVQLVESGGGLVQPGGSLRLSCAASGRMFSSRSNMGWFRQAPGKEREFVASISSGGTTAYADSVKGRFTISADNSKNTAYLQMNSLKPEDTAVYYCARGFGRRFLEWLPRFDYWGQGTLVTVSS
seq5998,EVQLVESGGGLVQAGESLRLSCAASGLAFSTYVMRWFRQVPGKQRELVAAIHTGGSSNTVDSVKGRFTISRDNAKNTVYLQMNSLKPEDTAVYFCNAYADSRNYWGRGTQVTVSS
seq5999,EVQLVESGGGLVQPGGSLRLSCAASGRAFSDYAMAWFRQAPGQEREFVAGIGWSGGDTLYADSVRGRFTISRDNSKNTLYLQMNSLKAEDTAVYYCAARQGQYIYSSMRSDSYDYWGQGTLVTVSS
seq6000,QVQLQESGGGLVQAGGSLRLSCAASGRTFSSYAMGWFRQAPGKEREYVAAINRFGGTYYADFVKGRFTISRDNAKNTVYLQMNSLKPEDTAVYYCAASTILGLTTVREDYNYWGQGTQVTVSS
seq6001,EVQLVESGGGLVQAGGSLSLSCAASGRFFSTRVMAWYRQTPGKQREFVASMRGSGSTNYADSVRGRFAISRDNAKNMVYLQMNTLKPEDTAVYYCRDINEDQWGQGTQVTVSS
seq6002,EVQLVESGGGLVQAGDSLRLSCEASERSSNRYNMAWFRQAPGKEREFLARVDVSGGNTLYGDSVKDRFTVSRINGKNAMYLQMNNLKPEDTAIYYCAAGGWGTTQYDYDYWGQGTQVTVSS
seq6003,EVQLVESGGGVVQAGGSLRLSCAASGSIASIHAMGWFRQAPGKEREFVAVITWSGGITYYADSVKGRFTISRDNAKNTVYLQMNSLKPEDTAIYYCAGDKHQSSWYDYWGQGTLVTVKS
seq6004,EVQLVESGGQLVQAGGSLRLSCAATGRTYNSYSLGWSRQAPGKEREFVAAISASGTLRAYADSVKGRFTISRDNAKNTVYLQMNSLKPEDTAVYYCGRHRSVGWRASHHLSDYDNWGQGTQVTVSS
seq6005,EVQLVESGGGLVQPGGSLRLSCAASGLTLDYYALGWFRQAPGKEREGVSCISSSDHSTTYADSVKGRFTISWDNAKNTVYLQMNSLKPEDTAVYYCAADPALGCYSGSYYPRYDYWGQGTQVTVSS
seq6006,DVQLQASGGGLVQAGDSLRLSCAAVSGRTISTFAMGWFRQAPGKEREFVATINWSGSSARYADPVKGRFAISRDDAKNTVYLEMSSLKPEDTAVYYCASGRYLGGITSYSQGDFAPWGQGTQVTVSS
seq6007,EVQLVESGGGLVQPGGSLRLSCAASGFTLDYYAIGWFRQAPGKEREGVSCISLSDGSTYYADSVKGRFTISRDNAKNTVYLQMNSLKPEDTAVYYCAAVHGLKLPTLRGLGGSYYYLQARSYDYWGQGTQVTVSS
seq6008,DVQLVESGGGVVQPGGSLRLSCAASGGTFSFYGMGWFRQAPGKEREFVADIRTSAGRTYYADSVKGRFTISRDNSKNTVYLQMNSLRPEDTALYYCAAEMSGISGWDYWGQGTLVTSSA
seq6009,EVQLVESGGGSVEAGGSLRLSCAASGFRYAAYCMGWFRQADGKEREGVATIDIDGQTTHADSVKGRFTISRDNAKNTLSLQMNDLKPEDTAMYYCAADRDRCGSIWTYAYKYRGQGTQVTVSS
seq6010,QVQLVESGGGLVQAGDSLRLSCAASGSSFSSYTMAAIRWSDESPYYSDSVKGAIRWSGESPIYADSVKGRFTISRDNAKNTLYLQMNSLKPEDTAVYNCAARLVPPGIPIERTLESMRYWGKGTLVTVSS
seq6011,EVQLVESGGGLVQPGGSLTLSCVASGSTSSINAMAWYRRAPGKQRELVAGISSDGSKVYTDSVKGRFTISRDNAKNSVYLQMNSLRAEDTAVYYCYYFRTISGSSMRYWGQGTLVTVSS
seq6012,LQESGGGSVQPGGSLRLSCSTSGFILDYYAIIWFRQAPGKEREAVSCISSSDGTTYYADSVKGRFTLSRDNAKNTVFLQMDSLKQEDTALYWCARPEGYYCPTRPLGLEYRGKGTLVT
seq6013,EVQLVESGGGLVQPGGSLTLSCVASGSISSINAMGWYRRAPGKQRELVAGISSDGSSVYADSVKGRFTISRDNAKNSVYLQMNSLRAEDTAVYYCYYFKSSYGLPMRYWGQGTLVTVSS
seq6014,EVQLVESGGGLVQPGGSLRLSCAASGRTLSIYSMGWFRQAPGKEREFVSTIGWNSGRTFYPDSLKGRFTISRDNSKNTLYLQMNSLRAEDTAVYYCAAAKGPLRLSSQADYWGQGTLVTVSS
seq6015,EVQLQASGGGLVQAGGSLRLSCAASGRATGNYPMGWFRQAPGKEREFVAAISRDGDYTYYADSVKGRFTISKNNAKDTVYLQMNSLKPEDTAVYYCTADRLTAYRYNPGQIDYWGQGTQVTVSS
seq6016,QVQLVESGGGSVQAGGSLRLSCAASGYTVSTYCMGWFRQAPGKEREGVATILGGSTYYGDSVKGRFTISQDNAKNTVYLQMNSLKPEDTAIYYCAGSTVASTGWCSRLRPYDYHYRGQGTQVTVS
seq6017,QVQLQESGGGLVQAGGSLRLSCAASASIFSIRVMGWYRQAPGKQRELVATMSRGNTINYADSVRGRFTISRDNAKSTVYLQMTSLKPEDTAVYYCAALLDSYYWGQGTQVTVSS
seq6018,QVQLQESGGGLVQAGGSLRLSCAASGSIFSINSMDWDRQAPGKQRELVATITSGGSTNYADSVKGRFTISRDNAKNTVYLQMNSLKPEDTAVYYCNANVKTWAGMTRDYWGQGTQVTVSS
seq6019,EVQLVESGGGVVQAGESLRLSCAASGRSFSDYEMGWFRQAPGTEREFVATINWRGSSTYYADSVKGRFTISRDSAKNTVYLQMSSLKPLDTAVYYCAAGRLFPSSRSRDYDYWGQGTQVTVSS
seq6020,EVQLVESGGGLVQPGGSLRLSCAASGRTIAAYKMAWFRQAPDKARERVALITSFGLTVYADSVKGRFTISRDNAYNTVYLQMNHLKFEDTAVYYCAAGQQDSSNYNSWGQGTQVTVSS
seq6021,EVQLVESGGGLVQAGGSQKLSCAASGSTLIYTMGWYRQALGKKRVFVASISRDGSTIYGDSVKGRFTISRDNAKNTAYLQMNSLKPEDTAVYVCKAEGWYQGYWGQGTQVTVSS
seq6022,QVKLEESGGGLVQAGDSLRLSCTASGGTYSSGVMGWFRQAPGKERDFVASINWSGVTDYSDSVKGRFFISRDTAKSTVYLHMFSLKADDTAVYFCAAGSRWRANSGRHYDYWGQGTQVTVSS
seq6023,EVQLVESGGGLVQPGGSLRLSCAASGRTFSMSAMGWFRQAPGKEREFVSAISWSGGSTLYADSVKGRFTISADNSKNTAYLQMNSLKPEDTAVYYCAAQLGYESGYSLTYDYDWGQGTLVTVSS
seq6024,VKLEESGGGLVQPGGSLRLSCAASGSIFSIKVMGWYRQAPGKQRELVADITSGGSTDYSDSVKGRFTISRDNAKNTVYLQMNSLKPEDTAVYYCNADLGCSGAGSCPDYWGQGTQVTVSS
seq6025,VQLQESGGGLVQPGGSLRLSCAASGSIFNIPVMGWYRQAPGKQRELVAGISTGGTTNYGDSVKGRFTISRDNAKNTVYLQMNSLKPEDTAVYYCNVLVVSGIGSTLEVWGQGTLVTVS
seq6026,LQLAESGGGLVQPGGSLRLSCTASGIIFDYYSVDWYRQAPGKERELVATITGDGSPNYADSVKGRFTISRDNAKKTVYLQMNGLKPEETAVYYCHAKRTIGTKSEYWGQGTQVTVSS
seq6027,QVKLEESGGGLVQPGGSLRLSCAASGSIGDTYAMAWYRQAPGKQRDLVAYITNGGSTDYAASVKGRFTISRDNAKNTVYLQMNSLKPEDTAVYYCNGATRGAQLVFDWGQGTQVTVSS
seq6028,QVQLQQSGGGLVQAGGSLRISCAASGSISSAYVMGWYRQAPGTQRELVATITSGGTTNYADSVKGRFTVSRDNAKNTVYLQMNSLKPDDTAVYYCNARRLWTTYWGQGTQVTVSS
seq6029,EVQLQASGGGLMQAGGSLSLSCAASGRTDSTQHMAWFRQAPGKEREFVTAIQWRGGGTYYADSVKGRFTISRDNAKNTVYLQMNSLKPEDTAVYYCATNTRWTYFSPTVPDRYDYWGQGTQVTVSS
seq6030,VQLQESGGGLVQAGGSLRLSCAASGRTWRAYYMGWFRQAPGKEREFVAVMSRSGGTTSYADSVKGRFTISRDNAKNTVYLQMNNLAPEDTATYYCKAGGGMYGPDLYGMTYWGKGTQVTVS
seq6031,EVQLVESGGGLVQAGGSLRLSCAASRSISPMGWYRQAPGKQRELVAIMPSSGPPIYADSVQGRFTISRDNAKNTVYLQMNSLKPEDTAVYYCNVGGGYWGQGTQVTVSS
seq6032,EVQLVESGGGEVQPGGSLRLSCAASGFTFSSYAMGWYRQAPGKQRELVAGFTGDTNTIYAESVKGRFTISRDNAKNTVYLQMSSLRAEDTAVYYCAADVQLFSRDYEFYWGQGTLVTVKP
seq6033,QVQLQESGGGLVQAGGSLRLSCATFGFTFDDYAIAWFRQAPGKEREGISCISNTDSSTYYADSVKGRFTISSDNAKNTVHLQMSSLKPEDTAVYYCAADGNVWSPPICGSAGPPPGGMDYWGKGTQVTVSS
seq6034,QVQLQESGGGLVQAGGSLRLSCAASGSISSSHVMGWYRQAPGKQRELVATITSGGSTIYADSVKGRFTVSRDNAKNTVYLQMNSLKSEDTAVYYCHARRLWNTYWGQGTQVTVSS
seq6035,QVQLVESGGGSVQAGGSLTLSCAVSGNTYSTNYMAWFRQAPGKEREGVAAIRVGGRNTDYADSVKGRFTISQDNAKNTVYLQMNSLKPEDTAMYYCAADTRAAFWYIGPLNSDQYNIWGQGTQVTVSS
seq6036,EVQLVESGGGLVQPGGSLSVSCAASGFTFSVYWFYWVRQAPRQGLEWVSTIASNGSTYYSDSVKGRFTISRDNAKNTVYLQMNSLKPEDTAVYYCVSDPDYYSDYERAYKFWAQGTQVTVSS
seq6037,EVQLVESGGGSVQAGESLRLSCAASGSIFSSNAMAWYRQAPGKQRDLVAAINSVGTTKYADSVKGRFTISRDNAKNTVYLQMNSLKPEDTAVYYCTSDPRRGWDTRYWGQGTQVTVSS
seq6038,QVQLVETGGGLVQPGGSLRLSCAGSGFTLDNYAVGWFRQAPGKEREGVSCISSSDDNTDYSDSVKGRFTISRDNAKDTVYLQMNSLKPEDTAIYYCAAESPTFGFSCTVATDPYDYWGQGTQVTVSS
seq6039,EVQLVESGGGLVQPGGSLRLSCAASGRTFSYNPMGWFRQAPGKGRELVAAISRTGGSTYYPDSVEGRFTISRDNAKRSVYLQMNSLRAEDTAVYYCAAAGVRAEDGRVRTLPSEYTFWGQGTQVTVSS
seq6040,QVQLQESGGGLVQPGGSLRLSCAASRSGFSFNPMGWYRQAPGKQRELVATITSGGTTNYADSVKGRFTISTDNAKTTVFLQMNSLKPEDTAVYYCNARGPRRGTAGWITDDYWGQGTQVTVSS
seq6041,QVQLVESGGALVQPGGSLRLSCAASGFPVNRYSMRWYRQAPGKEREWVAGMSSAGDRSSYEDSVKGRFTISRDDARNTVYLQMNSLKPEDTAVYYCTTSIRRRYQVSLIRRHRGKRYWGQGTQVTVSS
seq6042,QVKLEESGGGSGQAGGSLRLSCASSGYTSSRYCMGWFRQAPGKEREWVARINSGGYNTDYADSVKGRFTISQDNTKNTVYLQMNSLKPEDTAIYYCAANFSPNYALSCRTTLGDYYWGQGTQVTVSS
seq6043,EVQLVESGGGLVQPGGSLTLSCVASGSTSSKNAMGWYRRAPGKQRELVAGISSDGSKVYADSVKGRFTISRDNAKNSVYLQMNSLRAEDTAVYYCYYFRTVSGASMRYWGQGTLVTVSS
seq6044,QVQLQQSGGGLVQAGGSLRLSCAASGRTLNNYAMGWFRQAPGAEREFVGAISASGDSTQYTESVQGRFTISKDNAKSTVVLDMNSLKPEDTAVYYCAADGKTLTFYTSRLRSRYDYWGQGTQVTVSS
seq6045,QVQLQESGGGLVQPGGSLRLSCAASGSIFSINVMAWYRQAPGKEREYVASITRGGGDYYANSVKGRFTISRDNAKNAVYLQMNSLKPEDTAVYECNAQISQTISGDYRNYWGQGTQVTVSS
seq6046,QVQLVQSGGGSVQAGGSLRLSCTASRNILSRNCLAWFRQAPGKEREGVAAIYSTSGSRYYASSVKGRFTISQDNAKNTVFLQMNGLKADDTAMYYCAATPRPNSDIEFGGSWTALGGYNVWGQGTQVTVSS
seq6047,DVQLVESGGGLVQPGGSLRLSCAASGFILDYYAIGWFRQAPGKEREGVLCIDASDDITYYADSVKGRFTISRDNSKNTVYLQMNSLRPEDTALYYCATPIGLSSSCLLEYDYDYWGQGTLVQVSS
seq6048,QVQLQESGGGSVQVGDSLTLSCVASGRSLDIYGMGWFRQAPGKEREFVARITSGGSTYYADSVKGRFTLSRDNAKNTVYLQMNSLKPEDTAVYYCAAGVVVATSPKFYAYWGQGTQVTVSS
seq6049,VQLVESGGGSAQAGGSLRLSCAVSGYIYNRNFMGWFRQVPGKVREGVAAIYTGTERTYYADSVKGRFTISQDNAKNTVYLQMNSLKPEDTAMYYCVADLRDGTWDTGVWNTWGQGTQVTVSS
seq6050,QVKLQQSGGGLVQPGGSLRLTCAASGFPFSTYAIRWVRRPPGKGLEWVSTIHPDFTTNYADSVSRRFTISRDNAKNTVYLQMNSLKPEDTAVYYCSRGVSGERGQGTQVTVSS
seq6051,QVQLQESGGGLVHAGGSLRLSCADSGSTFSVNAVGWYRQAPGKRRDWVAGITSDGVTNYPDSVKGRFTISRDNAKNTVYLQMNSLKPEDTAVYYCNLWPPRASPSGRIYWGQGTQVTVSS
seq6052,EVQLVESGGGLVQAGGSLRLSCAASGFTMSSSWMGWFRQAPGKEREWVVGISSGGSTHYADSVKGRFTISADNAKNTVYLQMNSLKPEDTAVYYCAADVWYGSTWRNWGQGTQVTVSS
seq6053,EVQLVESGGGLVQAGGSLRLSCAASGRTFSNYSMGWFRQAPGKEREFVATISWSGALTHYTDSVKGRFTISRDNAKNTVYLQMNSLKPEDTAVYYCAASDSDYGNKYDYWGQGTQVTVSS
seq6054,VHLMESGGGSVPSGGSLRLSCAVSGSGYSYSRGCFAWFQQRPGKEREGVAIINMDGHTRYSDSVQGRFIISQDKAKNTLHLQMNTLRPDDTAMYYCAYDRSQCYVLSDRLRLPGTFSDWGQGTQVTVSS
seq6055,QVQLQESGPGLVKPSQTLSLTCTVSGGSITTTYYAWSWIRQPPGKGLEWMGVIAHDGTTYYSPSLKSRTSISRDTSKNQFSLQLSSVTPEDTAVYYCGRDWEGAYEYWGQGTQVTVSS
seq6056,VKLEESGGGLVQPGGSLRLSCAASGIIFSINAMGWYRQAPGKQRELVARISAYDHTNYADSVKGRFTISRDNAKNTVYLQMNSLKPEDTAVYYCNVDEIRKFWGQGTQVTVSS
seq6057,EVQLVESGGGLVQAGGSLRLSCESSISTFSSDAMGWFRQAPGKGREFLAAIGWSGAVTHYSDSVQGRFTISRDNAKNTVYLQMNSLKSEDTGRYYCAEDYDTDVWQYWGQGTQVTVSS
seq6058,VQLQESGGGLVPAGGSLRLSCAASGRDFATYSMAWFRQAPGKERESVATISWSGQRTRYADSVKGRFTISRDNAKNTVYLQMNSLKPEDTAVYYCAAPRTWGEFPPTQYDSWGQGTQVTVSS
seq6059,QVQLQESGGGLVQPGGSLSLSCSASGIIFSDYALTWYRQAPGKQREWVAQITRRQNINYTGSVKGRFTVSRDNAKNTVHLQMNSLKPEDTAVYYCHAYDGRRSPYWGQGTQVTVS
seq6060,QVQLQESGGGLVQPGGSLRLSCAASGFTFSNSAMSWMRQAPGKGVEWVSSIEIGGTRRYAESVAGRFTISRDNAKNTLYLQMNSLKAEDTAVYYCAKGLASTIRGQGTQVTVSS
seq6061,EVQLVESGGGLVQPGGSLRVSCAASGFTFSTYYMSWVRQAPGKGLEWVSGINTGGDSTYYADSVMGRFTISRDNAKNTLSLQMNSLKPEDTALYYCARDLRDYYSDYTFVNWGQGTQVTVSS
seq6062,DVQLVESGGGLVQAGGSLRLSCAASGRTFSTSAMGWFRQAPGKEREFVARITWSAGYTAYSDSVKGRFTISRDKAKNTVYLQMNSLKPEDTAVYYCASRSAGYSSSLTRREDYAYWGQGTQVTVSI
seq6063,EVQLVESGGGLVQPGGSLRLSCAASGRAHSDYAMAWFRQAPGQEREFVAGIGWSGGDTHYADSVRGRFTISRDNSKNTLYLQMNSLRAEDTAVYYCAARQGQYIYSSMRSDSYDYWGQGTLVTVSS
seq6064,EVQLVESGGGLVQAGGSLRLSCAASGFTFDDYDIGWFRQAPGKGREGVSGISSSDGNTYYADSVKGRFTISSDNAKNTLYLQMNSLKAEDTAVYYCAAEPPDSSWYLDGSPEFFKYWGQGTLVTVSS
seq6065,EVQLVESGGGLVQAGGSLSLSCTASGGTFRNFGMGWFRQAQGKEREFVAAISRTGGHTYYQDSVKGRFTISKDNAKNILSLQMNSLKPEDTAVYYCAARFRFGDGTYYYQRAFYDFWGQGTQVTVSS
seq6066,EVQLVESGGGVVQPGGSLRLSCAASGSTFIINVVRWYRRAPGKQRELVATISSGGNANYVDSVRGRFTISRDNSKNTVYLQMNSLRPEDTALYYCNVPTTHYGGVYYGPYWGQGTLVTVSS
seq6067,QVQLQESGGGLVQAGGSLRLSCAASGSGFSFNPMGWYRQAPGKQRELVASITSGGTTNYVDSVKGRFTISRGNAKNTVYLQMNSLKPEDTAVYYCAAEGPRRRGSTWYTDNYWGQGTQVTVSS
seq6068,EVQLVESGGGLVQAGGSLRLSCAASGLTDDDFAIGWFRQAPGKEPEGVSCISSSDGSTYYADSVKGRFTISSDNAKNTVYLQMNSLKPEDTAVYFCTALFDRCGSTWYYGMDYWGKGTLVTVSS
seq6069,EVQLLESGGGLVQPGGSLRLSCAASGSTFDFKVMGWYRQAPGKQREGVAAIRLSGNRHYAESVKGRFTISRANSKNTVYLQMNSLRPEDTAVYYCKVNIRGQDYWGQGTLVTVSS
seq6070,EVQLVESGGGLVQPGGSLTLSCVASGSTSSINAIGWYRRAPGKQRELVAGISSDGSKVYADSVKGRFTISRDNAKNSVYLQMNSLRAEDTAVYYCYYFRMVTGSYGGYWGQGTLVTVSS
seq6071,QVQLQESGGGLVQAGASLRLSCSASGRTFSDYRMGWFRQAPGKEREWVAAISSSGYHTYYADSVKGRFTISRDNAKNTGYLQMSSLKPEDTAVYYCAVVKYLSGSYSYAGQYNFWGQGTQVTVSS
seq6072,VQLQESGGGLVQPGGSLRLSCAASRSFFSFNAMGWYRQAPGKQRELVAAITNGGRIAYGTSVMGRFTISRDNAKNTVYLQMDSLKPEDTAVYYCNAKPAPVYGSTVGDYWGQGTQVTVSS
seq6073,EVQLVESGGGLVQPGGSLRLSCAASGIGIAFSSRTMAWYRQAPGKQRDWVATIGSGGTTNYADSVKGRFTISRDNAKNTVYLQMNSLKPEDTAVYYCRDINRDYWGQGTQVTVSS
seq6074,QVQLVESGGGGLVQAGGSLRLSCAASGRTFSGYAMGWFRQAPGKEREFVADISWSGHNTYYGDSVKGRFTISRDTAKNTVYLQMNSLKPEDTAVYYCAAEGARTHLSDSYYFPGLWAEPPVGYWGQGTQVTVSS
seq6075,VQLQESGGGLVQAGGSLRLSCAASGSIFSINAMGWYRPALGEQRELVAAITTGGRTTYVDSVKGRFSISRDNAKNTVYLQMNSLKPEDTAVYFCKAFTRDEDFWGQGTQVTVSS
seq6076,QVQLVQSGGGLVQAGGSLRLSCAASGFSLDDYTIGWFRQAPGKEREGVSCISSSGGSTVHADSVKGRFTISRDNAKNTVWLQMNSLKPEDTAVYYCATWCGVATMTEDLPFDYWGQGTLVTVKP
seq6077,LQESGGGLVQAGGSLRLSCVASGITFSDYAMAWFRQAPGKEREFVARSGGSTDYADSVKGRFTISRDNAKSTVYLQMNSLRPEDTAVYYCAGDLGWARVRRLITRPEMYDYWGQGTQVT
seq6078,QVQLVESGGGLVQAGGSLRLSCAASGRTLSRYAISWFRQAPGKEREFVGRITWSGSTNIADSVKGRFTISRDNAKNTVYLQMNSLKPEDTAVYYCAAAPYGTMSYDYWGQGTQVSVS
seq6079,QVQLVQSGGGLVQPGGSLRLSCAASGFTFSYYWMYWVRQAPGKGLEWVSAISWNGGRTYYAESMKGRFTISRDNAQNTLYLQMNSLKSEDTAVYYCAKNRYYSDPNYGMNLWGKGTTVTVSS
seq6080,QVQLQESGGGLVQAGGSLRLSCAASGSISNSYVMGWYRQAPGKQRELVATITSGGLTNYAQSLKGRFTISRDNAKNTVYLQMTSLEPEDTAVYYCNARVIFTTYWGQGTQVTVST
seq6081,QVQLVESGGGLVQPGGSLRLSCTAPGFTDKTCAMAWYRQVAGIEREWVSSISTLGTTNYASSVKGRFTISKDNAKDTVYLQMNNLKPEDTAMYVCKTFSCRNRGGSYLPDTWGQGTQVTVSS
seq6082,QVQLVESGGLVQPGGSLRLSCAASGFTLDYYGIGWVRQAPGKEREEVSCITSGGLTNYPDSVKGRFTISRDNAKNTVYLQMNSLKPEDTAVYYCAIDRVGVCAMEDFGSWGQGTQVTVSS
seq6083,EVQLVESGGGLVQPGGSLRLSCAASGRTFSRSAMGWFRQAPGKGREFVGFITGSGGTTYYADSVKGRFTISRDNAQNPLYLQMNSLRPEDTAVYYCAVYRRTYISSTYSESSEYDYWGQGTLVTVSS
seq6084,EVQLVESGGGLVQAGGSLRLSCAASGRTFSGADAGWNRQTPGKEREFVAAINWSGNSTYYADSVKGRFTVSRDNAKNTVYLQMNSLKPEDTAVYYCHAFRDDYYSEGKGTQVTVSS
seq6085,EVQLVESGGGLVQAGDSLSLSCTASAGTFRNFGMGWFRQARGEEREFVATISRSARHTYYSDSVKGRFTISRDNAKNMVSLQMNSLKPEDTAVYYCAARFRSDGGTYYYQRAFYDFWGQGTQVTVSS
seq6086,QVQLQESGGGLVQPGGSLRLSCAASGTFFNIPVMGWYRQAPGKQRELVAGISTGGTTNYGDSVKGRFTISRDNAKNTVYLQMNSLKPEDTAVYYCNVLVISGIGSHLEVWGQGTLVTVS
seq6087,QVQLQESGGGLVQAGGSLTLSCAASGRTFSSHSMGWFRQAPGKEREFVATIIRSDGSTYYADSVKGRFTISRDNAKNTVYLQMNSLKPEDTAVYYCAARTVYSGTQYYTRGHEYNYWGQGTQVTVSS
seq6088,EVQLVESGGGEVQPGGSLRLSCAASGSTFSMYHMSWFRQAPGKQREPVATSHHGGTTNYAGSVKGRFTISRDNAKNTVYLQMNSLKPEDTGVYYCKADHGYNGRGYWGQGTLVTVKP
seq6089,DVQLVESGGGSVQAGGSLRLSCAPSGLNASSYCMGWFRQSPGKEREGVARINGNAGIKTAYADSVKDRFTLSRDNAKNTVYLQMNSLKAEDSAMYYCAAKSSPGYCGGNWDNFGYWGQGTQVTVSS
seq6090,DVQLVESGGGSVQAGETLRLSCTASGFTFAEADMGWYRQAPGHECELVSTITTEGITSVASSYYADSVRGRFTISRDNAKNMVYLQMNSLKPEDTAVYYCAPDPYAYSTYSDYCTWAQGTQGTQVTVSS
seq6091,EVQLVESGGGLVQAGGSLRLSCVVSGGTFSVYAMGWFRQAPGKLREIVAAISRTGSSIYYADSVKGRFTISRDDAKKTVYLQMNGLKSEDTAVYYCAVDGRANGERPAVAGYNYWGQGTQVTVSS
seq6092,LQESGGDLVQPGGSLRLSCVAPGSIDTINTMAWYRQIPGNQREFLAAETNKGSSNYADSVKGRFTISRDNAKNTVYLQMNSLKPEDTAVYYCNAEGIMMHNFNWYPQSWGQGTQVT
seq6093,QVQLVESGGGLVQAGGSLRLSCAASGGTLSKNTVAWFRQAPGKERGFVASITWDGRTTYYADSVKGRFTISRDNAKNTVYLQMNSLKPEDTAVYVCADLGKWPAGPADYWGQGTQVTVSS
seq6094,EVQLVESGGGLVQPGGSLTLSCAASGSSVSFLSIAWYRQAPGKKRELVAGISKDGSTDYIDSVKGRFTISRDNAKNSVYLQMNSLRAEDTAVYYCYAYRWTTRMTYWGQGTLVTVSS
seq6095,EVQLVESGGRLVQAGDSLRLSCAASGRTFTNYRVGWFRQAPGKEREFVSALRWSSSNIDYTYYADSVKGRFSISGDYAKNTVYLQMNSLKAEDTAVYYCAASTSWGVLESDTEYTSWGQGTQVTVSS
seq6096,QVQLVESGGGLVQAGGSLRLTCVASGNTSGINIMAWYRQTSGKQRELVANKARGGLPKYADSAKGRFTISRDNAKNTLYLQMNNLKPEDTGVYYCNAVWDWQLGDYWGQGTQVTVSS
seq6097,EVQLVESGGGLVQPGGSLRLSCAASGRTYYLNAMGWFRQAPGKEREFVAAIDWSEGNKDYADSVKGRFTISRDNSKNTVYLQMNSLRPEDTAVYYCAADTPPWGPLIYIESYDSWGQGTLVTVSS
seq6098,GGSVQAGGSLRLSCTTSEYTLKVHYVAWFCQAPGKEREGVAAIYTLDDRTMYADSVKGRFAISRDDAKNTVYLEMNTLKFEDTAMYYCAADFQGGHLLDARVYTYWGQGTQVTVSS
seq6099,EVQLVESGGGLVQPGGSLRLSCAASGRTFTSYRMGWFRQAPGKEREFVAAITWNSGRTRYADSVKGRFTISADNSKNTAYLQMNSLKPEDTAVYYCSPSSWPFYFGAWGQGTLVTVSS
seq6100,EVQLVESGGGLVQPGGSLRLSCAASGSLGSNNPMAWYRQAPGKERELVASISSAYRTHYADFVKGRFTISRDSPKNTVSLQMNNLKPEDTAVYYCGIFVSARNYWGKGTQVTVSS
seq6101,EVQLVESGGGFVQAGGSLRLSCSASGLLFSVNSTVSYRQAPGKQRDCVARIRSGGSTNYADSVKGRFTVSRDNAKNTVYLQMNSLKHEDTAVYYCSSWRTGAYEYWGQGTQVTVSS
seq6102,EVQLQESGPGLVKPSQTLSLTCTVSGGSITTRYYAWSWIRQPPGKGLEWIGVIDYDGDTYYSPSLKSRVSISWDTSKNQFSLKLSSVTAADTAVYYCARDPDVVTGFHYDYWGQGTLVTVSS
seq6103,EVQLVESGGGLVQAGGSLRLSCAASGRSISSYAMGWFRQAPGKEREFVATITWSGGSTYYADSVKGRFTISRDNAKNVVYLQMNNLKPEDTAVYYCAADLSSGLDVDFGSWGQGTQVTVSS
seq6104,LQQSGGRSVQAGGSLRLACTASGRALNTLHMGWFREAPGKGREFVGSISRSGETTWYADFVEGRFTVFRDNAKNAVYLEMTSLKPEDTASYYCAASMSLRPLDPASYSPDIQPYDYWGQGTVVT
seq6105,EVQLVESGGGLVQPGGSLRLSCVISGLSLDTYAVGWFRQAPGKEREGITCISSGHGMTYYADSVKGRFTVSTDNAKNTVYLQMNGLQPEDTARYYCATESRYYCSDNWPAPQRYIYWGQGTQVTVSS
seq6106,EVQLVESGGGLVQPGGSLTLSCVASGATSSINAIGWYRRAPGKQRELVAGISSDGSKLSSDSVKGRFTISRDNAKNSVYLQMNSLRAEDTAVYYCYYFTSASGTDLSYWGQGTLVTVSS
seq6107,EVQLVESGGGEVQPGGSLRLSCAASRRPFSSKTMAWFRQAPGKEREFVAAVRWIGGATRYTDSVKGRFSISKDNAKNTVYLQMSSLRAEDTAVYYCAAGQAWGTKFTDYSDWGQGTLVTVKP
seq6108,EVQLVESGGGLVQPGGSLRLSCAASGRTFRRYTMGWFRQAPGKEREFVAVISWSGGSTKYADSVKGRFTISADNSKNTAYLQMNSLKPEDTAVYYCARKGRWSGMNVWGQGTLVTVSS
seq6109,KVKLQESGGGEVQPGGSLRLSCAASGFNLESSAIGWFRQAPGSEREEVSCISTKGNIKDTPSVRGRFTVSRDNVKNIVYLQMNNLKPEDTAVYYCATSCWQHIDGILWGQGTQVTVSS
seq6110,AVQLVDSGGDSVQAGGSLRLSCTFSGYTYPNYYMAWFRQAPGKEREGVAAINSGGNTLYAASVQGRFTIAQDNAKNTLYLIMNSLKPEDTAIYYCAADQGQLQRLPNLGTYGYKYWGQGTQVTVSS
seq6111,VQLQESGGGSVRTGGSLRLSCAASPSIYSNNYMAWFSQAPGKGREGVAAVYIDDGRPYYADSVKGRFTISLDSAKNTVYLQMNSLKPEDTAMYYCAAAPGPLSRNYWYTSANYDYWGQGTQVTVSS
seq6112,EVQLVESGGGLVQAGGSLRLSCAVSGDTFDNSAAGWYRATSETQRELVARIRSSGSTNYADSVKGRFTVSRDNAKNTVYLQMNSLKPEDTAVYYCNVVSYGEYFWGKGTLVTVSS
seq6113,EVQLVESGGGEVQPGGSLRLSCAASGSIFSINAMGWYRQAPGKQRELVAGFTGEGSTKYAESVKGRFTISRDNAKNTVYLQMSSLRAEDTAVYYCAADVQLLNSDYEFYWGQGTLVTVKP
seq6114,EVQLVEFGGGLVQVGDSLRLSCAASGRTFSTYLMVGWFRQAPGKEREFAAGIWSSGGTAYADSVKERFTVSRDNDKNTVYLQMNSLQAEDTAVYYCAGSYDGNYYIPGFYKDWGQGTQVTVSS
seq6115,QVKLVESGGGSVQAGGSLRLSCTASGSDYRWMYIARFRQCPGKEREGVAAIYTDDTDDSSPIYATSAKGRFTISQDKDKNAVYLQMNSPKPEDTAMYYCAARAFGGTWSLSSPDDFSAWGQGTQVTVSS
seq6116,DVQLQESGGGLVQPGGSLRLSCAASGSIYSIKPMAWYRQAPGNQRESVALITSTGTTDYADSVKGRFTISRDNAKNTVYLQMNSLKPEDTAVYFCNLWVDGQNYWGQ
seq6117,QVQLQESGGGLVQAGGSLRLSCAASGSIIGINSMGYYRTAPGKQRELVAAITSGGRTTYVDSVKGRFTISRDNAKNTVYLQMNSLKPEDTAVYFCKAFTRDEDYWGQGTQVTVSS
seq6118,KVQLVESGGGLVQPGDSLRLSCAASGLTLDDYAMGWYRQAPGKKRDLVASISNSGSTNYADSVKGRFTVSRDNDKNTGYLQMNSLKPEDTGVYYCTIDARRGWNTGYWGQGTQVTVSS
seq6119,EVQLVESGGGLVQPGGSLRLSCATSGFDFSVSWMYWVRQAPGKGLEWVSEINTNGLITKYVDSVKGRFTISRDNAKNTLYLQMDSLIPEDTALYYCARSPSGSFRGQGTQVTVSS
seq6120,EVQLVESGGGLVQTGGSLRLSCAASGRTFSPYAAGWFRHAPGKEREFVTAITWSGGSTYYADSVKGRFTISRDNAKNTVYLQMNSLKPEDTAVYYCAASYRWGITHEFDYWGQGTQVTVSS
seq6121,EVQLVESGGGLVQLSGRSDNHAGKSLRLSCAASGSIFSIHAMGWFRQAPGKEREFVAAITWSGGITYYEDSVKGRFTISRDNAKNTVYLQMNSLKPEDTAIYYCAADRAESSWYDYWGQGTQVTVSS
seq6122,QVQLVESGGGSVQAGGSLRLSCAASGYANSNTCMGWFRQAPGKERERVAAISGVGTGTYYADSVKGRFTISRDNSKNTLYLQMNSLRAEDTAVYYCAAAPEGRAWCSRDPSGYNYWGQGTLVTVSS
seq6123,DVQLLESGGGVVQPGGSLRLSCAASGFTFGNYDMAWVRQAPGKRPEWVSSIDTGGDITHYADSVKGRFTISRDNAKNTLYLQMNSLRPEDTALYWCATDEEYALGPNEFDYYGQGTLVQVSS
seq6124,QLQLVESGGGLVQPGGSLRLSCTASKFHLDSYAVAWFRQTPGKEREAVSFINTSDDVTYFADSVKGRFTISRDNSKNTVYLQMNVLKPEDTSIYVCAAVRSPGPTGPSMQPMWVPDLYDYWGQGTQVTVSS
seq6125,EVQLVESGGGLVQPGGSLRLSCTASGFTFDVYAIGWFRQAPGKEPEGISCISSSGSITYYADSVKGRFTTSRDSAKNTVYLQMNSLKPEDTAVYYCATPGIAACRGIHYWGQGTQVTVSS
seq6126,QVQLQESGGGLVQAGGSLRLSCAASVVPFRYFPMGWYRQAPGRQRELVASITSGGGVNYADFVEGRFTISRDNAKNTFYLQMSSLKPEDTAVYYCARLLSLGSRWGYGMFTWGKGTLVTVSS
seq6127,EVQLVESGGGLVQTGGSLRLSCAASGSTFSKAVMGWFRQAPGKEREFVARITWNGGSTYYGDSAKGRFTISRDIGKTTAYLLMNSLQPEDTANYFCAARMRPVFSSSSVQESFYDYWGQGTQVTVSS
seq6128,QVQLVESGGGLVHPGESLRLSCAASGFTFSSHRMYWVRQPPGKGLEWVSAISSSGVSTYYADSVKGRFTISRDNAKNTVYLQMNSLKPEDTALYYCKRRTWYGGEYDYWGQGTQVTVSS
seq6129,DVQLQASGGGSVQAGGSLRLSCAASGLSFSDYAMGWFRQEPGKERRFVASIRSSGGTTYAESVKGRFTISRDNAKNTMYLQMNNLKPEDTAVYYCAADRLVITKLSIADPGYWGQGTQVTVSS
seq6130,EVQLVESGGGLVQAGGSLRLSCAASGFSLDDYAIGWFRQAPGKEREGLSCRSGSDGSTYYADSVKGRFTFSSDNAKNTVYLQLNSLKPEDTAVYYCALITGSSYCLWRRILESEFDVWGQGTQVTVSS
seq6131,QVQLQESGGGLVQAGGSLRLSCEASGRTFSSYRVGWFRQAPGKGREFVAAISATGGTTYYGDSVKGRFTISRDNAENTVSLQMNSLEPEDTAVYYCAATKGIVNYRVAGTYDAWGQGTQVTVSS
seq6132,EVQLVESGGGLVQAGGSLRLSCAASGSITSIRSMGWFRQAPGKEREWVSSVYIFGGSTYYADSVKGRFTISADNAKNTVYLQMNSLKPEDTAVYYCANSNKPKFDWGQGTQVTVSS
seq6133,LQQSGGGLVQAGGSLRLSCAASGRAFGYYYMGWFRQAPGKEREFVAAISWYDGSTSYADSVKGRFTISRDNAKNTVDLQMNSLKSEDTAVYYCAGDRSLTVVASSWRYWGQGTQVT
seq6134,QVQLVESGGGLVQAGGSLRLSCAVSRNTFSFDAIGWYRQAPGKQRELVAVFNAGESAKYLDSVKGRFTISRDRSNVYLQMNSLKPDDMDVYYCYARDYAREYRGQGTQVTVSS
seq6135,EVQLVESGGGLVQAGGSLRLSCAASGLIFTYYDMGWFRQAPGKEREFVAIIRRRGNTYYADSAKGRFTISRDNAKNTVYLQMNSLVPEDTAVYYCAADRYVTDYAALSEYDYWGQGTQVTVSS
seq6136,EVQLVESGGGLVQPGGSLKLSCAASGAVHKINFLGWYRQTPEKEREMVATITIGDEVDYEDSAKGRFTISRDEAKNMVYLQMTGLKPEDTAVYVCRAGSRLYPYNYWGQGTLVTVSS
seq6137,EVQLVESGGGLVQAGGSLRLSCAASGPTSSSYSMGWFRQAPGKEREFVAAINWSHGVTYYADSVKGRFTISRDIAKNTVYLQMNSLKPEDTAVYYCAANEYGLGSSIYAYKHWGQGTQVTVSS
seq6138,QVQLVESGGGLVQPGGSLRLSCAASGSIFMINVMGWVRQAPGKGLEWVAVITRGASTNYADSVKGRFTISRDNSKNTLYLQMNSLRAEDTAVYYCNADLNLASDPFKWYTYWGQGTLVTVSS
seq6139,EVQLVESGGGLVQAGGSLRLSCAASGSTFSDYGVGWFRQAPGKGREFVADIDWNGEHTSYADSVKGRFATSRDNAKNTAYLQMNSLKPEDTAVYYCAADALPYTVRKYNYWGQGTQVTVSS
seq6140,EVQLVESGGGLVQPGGSLRLSCAASGRTFSDDTMGWFRQAPGKEREFLAGVTWSGSSTFYADSVKGRFTISADNSKNTAYLQMNSLKPEDTAVYYCATDPPLFWGQGTLVTVSS
seq6141,EVQLVESGGGLVQAGGSLRLSCAASGPTFSKAVMGWFRQAPGKEREFVAAMNWSGRSTYYADSVKGRFTISADNAKNTVYLQMNSLKPEDTAVYYCAATPAGRGGYWGQGTQVTVSS
seq6142,QVQLQESGGGLVQAGGSLRLSCVVSGSIMSIRVMGWYRQAPGKQRELVATMSRGNTINYADSVRGRFTISRDNAKSTVYLQMNSLKPEDTDVYYCAALLDSYYWGQGTQVTVSS
seq6143,QLQASGGGLVQAGGSLRLSCAASGSIFAINEINLMGWYRQAPGKQRELVAACASDGNTYYADSVKGRFTISRDNAEKTVYLQMNNLKPDDTAVYYCDANSRGNYYSGQGTQVTVSS
seq6144,EVQLVESGGGLVQPGGSLRLSCSASGRTFSFSTSTMGWFRQAPGKEREFVAAIDWSDFNTYYADSVKGRFTISRDNSKNTVYLQMNSLRPEDTAVYYCAAHSETRGGTRYFDRPSLYNYWGQGTQVTVSS
seq6145,EVQLVESGGGLVQPGGSLRLSCAASGRTFSIDAMGWFRQAPGKEREFVAAIKPDGSITYYADSVKGRFTISADNSKNTAYLQMNSLKPEDTAVYYCAASASDYGLGLELFHDEYNWGQGTLVTVSS
seq6146,EVQLVESGGKLVQPGGSLRLSCSASGRTFSFSTSTMGWFRQAPGKELEFVAAIDWSDFNTYYADSVKGRFTISRHNPRNSVYLQLNSLKPEDTALYYCAAHSETRGGTRYFDRPSLYNYWGQGTLVQVSS
seq6147,EVKLQESGGGLVQSGGSLRLSCIASGSTVSDNTMGWYRQAPGKQRELVAVISSVGVTNVAQSVKGRFTISRDNAKNTVTVYLQMSSLKPEDTAVYYCNALGTARGNWCQGTQVTVSS
seq6148,EVQLVESGGGLVQAGGSLRLSCAASGSFSLYDMGWFSQAPGKEREFVAAINWSGGSTAYADSVKGRFTISRDSAKNTVYLQMNSLKPEDTAVYYCAAKPAKYHFGSGYRDFAEYPYWGQGTQVTVSS
seq6149,QVQLQESGGGLVQAGGSLRLSCAVSGNTLSRYAMGWFRQTPGNEREFVAAIRWNNGATYYADSVEGRFTISRDNGKNTVYLQMNNLQPEDTAVYYCAGRFLGYASSNAYHEALYNYDYWGQGTQVTVSS
seq6150,EVQLVESGGGLVQPGGSLTLSCAASVYSVYDLSTAWYRQAPGKKRELVAGISDDGSTVYFDSVKGRFTISRDNAKNSVYLQMNSLRAEDTAVYYCYAYSWITRSPYWGQGTLVTVSS
seq6151,DVQLVESGGGVVQPGGSLRLSCAASGLTFSSYAMGWFRQAPGKERERVASISRGGGYTYYADSVKGRFTISRDNSKNTVYLQMNSLRPEDTATYYCAAARYWATGSEYEFDYWGQGTLVTVSS
seq6152,QVQLQQSGGGSVQTGDSLTLSCTASGGSLNSYFVGWFRQSGGKEREFVSVIARTGRSTSYADSVKGRFTISRDNAANTVFLTMNNLRPDDTAIYYCAAVGRPGVLHLTQSYDYWGQGTQVTVSS
seq6153,EVQLVESGGGLVQPGGSLRLSCAASGFTLDDYAIAWFRQAPGKEREGVSGIDCSDGSTYYANSVKGRFTISSDNAKNTVYLQMNSLRPEDTAVYYCARVRTGWGLRAPDYAMDYWGKGTLVTVSS
seq6154,EVQLVESGGGLVQPGGSLRLSCAASGRTFSDDIMGWFRQAPGKEREFVAAINWTGGSTYYADSVKGRFTISADNSKNTAYLQMNSLKPEDTAVYYCATDPPLFWGQGTLVTVSS
seq6155,QVQLQESGGGLVQPGGSLRLSCAASGSTSSINAMAWYRQAPGKRRELVAGIDGGGVTNYPDSVKGRFTISRDNAKNTVYLQMSSLKPEDTAVYYCNLWPPRASPGGRVYWGQGTQVTVSS
seq6156,EVQLVESGGGLVQAGGALGLSCSASGLLFSRNSAGWHRQAPGKQREFVARIRMGGSINYGDSVKGRFTVSRDIAKNTMYLQMNELKPEDTAKYLCRSWREGFYESWGRGTQVTVSS
seq6157,QVTLRESGGGLVQAGGSLRLSCKGSGRAINTYAMGWFRQAPGKEREFVAAISWNGGHTRYADSVQGRFAISRDNADNTMYLQMNSLKPEDTAVYHCAAYSDYHRIATMEADADSWGQGTQVTVSS
seq6158,MAESGGGSVQTGGSLRLSCAYTASSLCMAWFRQAPGKEREGVAVTRDGLPKTGYADSVKGRFAISQDYAKKTLYLQMSSLKPEDTARYYCAARPTSPCTVDGELLASTYNYWGQGTQVTV
seq6159,EVQLVESGGGLVQTRGSLRLSCTLSGLILTYYDIGWFRQAPGKEREGVSCISKYHNTDYADSVKGRFTISRDNAKNTVYLQMNSLNLEDTAVYYCAAVRSGYNTCSLTGDMNYWGKGTLVTVSS
seq6160,EVQLVESGGDLVQPGGSLRLSCAASATVFSNSDMGWSRQAPGKERELVASITTDGNTLYADAAKGRFAIYRDNSKNTVYLEMNSLKPDDTAVYYCRVVDLLRGKLYWGQGTQVTVSS
seq6161,EVQLVESGGGLVQAGESLTLSCAASGRTLSAYIMGWFRQAPGKEREFVAGIWSGGYTHLADSAKGRFSISRDNAKNTVYLQMNGLKPEDTATYYCAAGLRGRQYSNWGQGTLVTVSS
seq6162,VKLVESGGGSVQAGGSLRLSCAASGYIYSCVGWFRQAPGKEREGVAGISTGGGGTVYADSVKGQFTISRDNAKNTVYLQMDSLKPEDTAMYYCAADRWNSFANCGAWGRYTYWGQGTQVTVSS
seq6163,EVQLVESGGGLVQPGGSLRLSCAASGFTFGSYDMSWVRQAPGKGPEWVSAINSGGGTTYYADSVKGRFTISRDNAKNTLFLQMNSLKPEDTAVYYCAIPRGWGPTGPLEYGYWGQGTQVTVSS
seq6164,EVQLVESGGGLVQAGDSLRLSCTASGGTFITTYVMGWFRQAPGKEREFVAAIRRSGESGDTSYADSVKGRFTISRDNAKNTVYLQMNSLKPEDTAVYLCAAGTMRAYNYWGQGTQVTVSS
seq6165,EVQLVESGGGLVQAGGSLTLSCAGSGFAFSIATMGWYRQAPGKQRELVADITSGGSTNYADSVKGRFTISRDNAKNTVYLQMNSLKPEDTAVYYCNADSLATGWRQYSYWGKGTQVTVSS
seq6166,QVQLQESGGGLVQAGGSLRLSCQGSGRTFSTYAMGWYRQAPGKEREFVAAITRGGNTIYADSVKGRFTISRVSDKNTVYLQMSSLKPEDTAVYYCAADRIIVPRDPMDYWGKGTLVTVSS
seq6167,EVQLVESGGGLVQPGGSLRLSCAHSGRAFSLRTMGWYRQAPGNQRELVALISAGDSTYYPDSVKGRFTVSRDNAKNTVYLQMNSLKPEDTAVYYCNAKAVTSRDHEYWGQGTQVTVSS
seq6168,LQESGGGLVQTGGSLTLSCTASGGIFSINDMVWYRQAPGKQREWVATITRIFSEIYADSVKGRFTISRDNAKNIMYLQMNSLRPEDTAVYYCSAPTGNYWGQGTQVT
seq6169,LQESGGGLVQAGGSLKLSCTASGKFFEYYYMDWFRQAPGKERERVAAISSAGIIDYADSVKGRFTISRDNAKNTVYLQMTDLKLEDTAVYYCHADAPVDDGGSSRDYWGQGTQVT
seq6170,QVQLQESGGGSVQAGGSLRLSCAYTPRRLCMGMGWFRQGLGKEREGVATIDDAGSTTYADSVKARFTISQDNAKNTLYLQMDSLKPEDSAMYYCAARAGVGWYQVSCPEESRTSAFVYWGQGTQVTVSS
seq6171,LQESGGRLVQAGGSLSLSCATSGRAFSNYAMGWFRQAPGKEREFVAAISWSGGYTYYADSVKGRFTISRDNAKNTVYLQMNSLKPEDTAVYYCVARDYRLWSPYQYEYDYWGQGTQVT
seq6172,DVQLQESGGGSVQAGGSLRLSCVASGWIYIPPCMAWFRQAPGKERERVATINPSGRTYYADSTKGRFRISQDNVKRTLYLYMNSLKPEDTATYYCAADDGTCPRMEFDDWGQGTQVTVSS
seq6173,EVQLVESGGGLVQAGGSLRLSCAASGFTFGTTTMGWFRQAPGKEREVVAAITGSGRSTYYADSVKGRFTISADNAKNTVYLQMNSLKPEDTAVYYCAASAIGSGALRRFEYDWGQGTQVTVSS
seq6174,EVQLVESGGGLVQPGGSLRLSCAASGFTFSEPSGYTYTIGWFRQAPGKGREFVARIYWSSGLTYYADSVKGRFTISRDIAKNTVDLQMNSLRPEDTAVYYCAARDGIPTSRSVGSYNYWGQGTQVTVSS
seq6175,VKLEESGGGLVPPGESLRLTCAATGQTASVYEMAWFRRAPEKEQVYVASINWRDGDTQYHNSVKGRFIISRDNAKNTVFLQMNSLTPEDTAIYYCAARKELAGYDYWGQGTQVTVSS
seq6176,EVQLVESGGGLVQPGGSLRLSCAASGSIFSFSTMGWYRRAPGKQRELVATTTSFGSTNYADAVKGRFSISRDNAKNTVSLQMNGLKPEDTAVYYCYADKRGYRDLLNYWGQGTQVTVSS
seq6177,QVQLQEFGGGLVQAGGSLRLSCAASGSIGSIHTMGWYRQTPGKERDVVATIQDGGSTNYADSVKGRFTISRDNTLNTVYLQMNDLKPEDTAVYYCNADVRPYRTSRYLEVWGQGTLVTVSS
seq6178,EVQLVESGGGLVQAGGSLRLSCAASGRTFSNFAMGWFRQAPGKEREFVAAINWSGASTVYADSVKGRFTISKDNAKNTVYLQMNSLKPEDTAVYYCAAGNGGSYYGHSRARYDYWGQGTQVTVSS
seq6179,EVQLVESGGGLVQPGGSLRLSCAASGFTFSSYSMIWVRQAPGKGLEWVSEISSGGGWTSYADSVKGRFTISRDNAKNTLYLQMNSLKPEDTAVYYCVQSHRTPRSQGTQVTVSS
seq6180,QVQLQESGGGSVQTGGSLRLSCAASILQTSRWSIPSNYWFRQVPRKLREGVARIYWSSANTYYADSVGRFTISQVNAEKSSEKSVYLQMTSLKPEDTGIYYCAAGSIFRVNPSGKLRFAMGWGQGTQVTVSS
seq6181,QVQLQESGGGSVQTGGSLRLSCAASTSIYSNNYMAWFSQAPGKGREGVAAVYIDDGRPYYADSVKGRFTISLDSAKNTVYLQMNRLKPEDTAMYYCAAAPGPLSHNYWYTSANYDYWGQGTQVTVSS
seq6182,QVKLEESGGGLVQPGGSLRLSCAASGLVFSANKMGWYRQAPGKQRELVARISTDGRTNYADSVKGRFTISRDNAEKTVFLQMNSLNPDDTAVYYCNANWLDKYDYWGQGTQVTVSS
seq6183,QVQLQESGGGTVQAGGSLRLSCAASGRTYGMGWFRQAPGKEREFVAAASWSGATAYDTESVKGRFTISRENVKNTVYLQMNSLKPEDTAVYYCAANIRTSLSKWESSYDYWGQGTQVTVSA
seq6184,QVQLEESGGGSVQAGGSLRLSCAYTYSTYSNYYMGWFREAPGKARTSVAIISSDTTITYKDAVKGRFTISKDNAKNTLYLQMNSLKPEDSAMYRCAAWTSDWSVAYWGQGTQVTVSS
seq6185,EVQLVESGGGVVQPGGSLRLSCSASGLLFSRNSAGWYRQAPGKQREFVARIRQGGSINYADSVKGRFTISRDNSKNTVYLQMNSLRPEDTALYYCSGWRTGFYEYWGQGTLVTVSS
seq6186,EVQLVESGGGLVQPGGSLTLSCAASRYSVSNLSMAWYRQAPGKKRELVAGISADGSTVYVESVKGRFTISRDNAKNSVYLQMNSLRAEDTAVYYCYAYYWTERRPYWGQGTLVTVSS
seq6187,EVQLVESGGGSVQTGGSLRLSCAASGSTFSRRSMNWYRQAPGKQREFVAGISTGRITNYAVSVKGRFTISRDNAEGTGYLQMNSLKPEDTAVYYCNAGGLQGYWGLGTQVTVSS
seq6188,QVQLQESGPGLVKPSQTLSLTCTVSGGSITTNYYYWSWIRQSPGKGLEWIGVIAYEGSTDYSPSLKSRVTISRDTSKNQFSLQLSSVTAEDTAVYYCARDVRVIATGWATANALDAWGQGTLVTVSS
seq6189,EVQLVESGGGLVQTGGSLRLSCAASGRTPRLVAMGWFRQTPGKEREFVGEIILSKGFTYYADSVKGRFTISRVNAKNTITMYLQMNSLKSEDTAVYYCAGRQNWSGSPARTNEYEYWGQGTLVTVSS
seq6190,VQLVESGGGSVQAGGSLRLSCAASGYYNRYCLGWFRQTPGKEREAVATIDTDGSTSYADSVKGRFTISFDNAKNTLYLQMNSLKPEDTAMYYCAAGPNPRYCSGAVNTRGAEHYFGYWAQGTQVTVSS
seq6191,EVQLVESGGGLVQPGGSLTLSCAASGSSVVFLSMAWYRQAPGKKRELVAGISADGSMDYIDSVKGRFTISRDNAKNSVYLQMNSLRAEDTAVYYCYAYRWRTRYTYWGQGTLVTVSS
seq6192,EVQLVESGGGLVQPGGSLRLSCAASGSGFSPNVMGWFRQAPGKERELVAIKFSGGTTDYADSVKGRFTISADNSKNTAYLQMNSLKPEDTAVYYCAAIAYEEGVYRWDWGQGTLVTVSS
seq6193,EVQLVESGGGLVQPGGSLTLSCAASGSSVKFLSMAWYRQAPGKKRELVAGISADGSTVYIDSVKGRFTISRDNAKNSVYLQMNSLRAEDTAVYYCYAYRWPTRYTYWGQGTLVTVSS
seq6194,QVQLVESGGGLVQPGGSLRLSCAASTNIASFYTMGWYRQTPGQQRDVVAVIGNGGNTNYADSVKGRFTISRDGAKNTAHLQMNSLKPEDTDVYYCKASGPGGVILWGQGTQVTVSS
seq6195,QVQLVESGGGLVQPGGSLRLSCAASGRTLESYVMAWFRQAPGKEREAVASINWSSGRLIYADSVKGRFTISRDNSKNTLYLQMNSLRAEDTAVYYCAAGRYWGQGTQVTVSS
seq6196,EVQLLESGGGLVQPGGSLRLSCAASGRTFNNYNMGWFRQAPGKGREFVAAVSRSGVSTYYADSVKGRFTISRDNSKNTVYLQMNSLRPEDTAVYYCAAAYRGTAINVRRSYSSWGQGTLVTVKS
seq6197,EVQLVESGGGLVQAGGSLTISCAASGITFSDSIVSWYRRARGKQREWVAGISNGGTTKYAESVLGRFTISRDNAKNNVYLQMNGLNPEDTAVYLCKVRQYWGQGTQVTVSS
seq6198,EVQLVQSGGGLVQAGDSLRLSCAPSERTFSTYTMGWFRQAPGKEREFVAVVNWSGGSKYYADSVKGRFTISRDNAKNAVYLHMNSLKPEDTGVYYCAAGGAYSGPYYDTRQYTYWGQGTQVTVKP
seq6199,QVQLQESGGGLVQPGGSLRLSCAASGRTFSSYAMGWFRQAPGKERQFVAAVSSSDSPWYGDSMKGRSTIHRDNAKNTVYLYMNNLKPEDTAVYYCAADLEGERLGESSEYDYWGQGTQVTVSS
seq6200,EVQLVESGGGLVQAGGSLRLSCAAPETEATYNVMGWYRRAPGKQRELVATMTIDYNTNYADSAKGRFTISRDNTKNTVYLQMNNLRPDDTAVYYCRVDLSRQISGSYNYWGQGTQVTVSS
seq6201,QVQLQESGGGLVQSGGSRRLSCAVSGNVTSITLMGWYRHAPGKQREAVGIINDDDRTRYEDSMKGRFTISRDPAKNMLYLQMTNLKPEDTAVYYCSAKAGGNFYMGQGTQVTVSS
seq6202,EVQLVESGGGLVQPGGSQRLSCAASGTIVNIHVMGWYRQAPGKQRELVALIFSGGSADYADSVKGRFTISRDNSKNTVYLQMNSLRPEDTAVYYCAAEIGYYSGGTYYSSEAHWGQGTLVTVSS
seq6203,VQLEESGGGSVQAGETLRLSCTASGSTFGDSDMGWYRQAPGNACELVSIISSDGRTYYVDSVKGRFTISQDNAVSTVYLQMNSLKPEDTGVYYCAADLRQYCRDGRCCGYWGQGTQVTVSS
seq6204,QVQLQESGGGLVETGGSLRLSCAASGSIFSINAMGWYRQAPGKQRELVAAITDQGRLAYADSAKGRFTISRENARNTLHLQMSSLKAEDTAVYYCTIWDRDRQQYWGQGTQVTVSS
seq6205,EVQLVESGGGLVQPGGSLRLSCAASGFTLDYYAIGWFRQAPGKEREGVSCISSSDMSDGITYYADSVKGRFTSSRDNVKNTVYLQMNSLKPEDTAVYYCATTFGDACTVVAGIPDQADFDSWGQGTQVTVSS
seq6206,QVQLQESGGGLVQAGGSLRLSCAASGSIFSLNDMGWYRQAPGKLRELVAAITSGGSTKYADPVKGRFTISRDNAKNTVYLQMNSLKAEDTAVYYCNAKVAGTFSIYDYWGQGTQVTVSS
seq6207,EVQLVESGGGLVQPGGSLRLSCAASGSIGGLNAMAWYRQAPGKERELVAGIFGVGSTRYADSVKGRFTISRDIAKNTVFLQMNSLNSEDTAVYYCRMSSVTRGSSDYWGQGTLVTVSS
seq6208,QVQLQESGGGLVQAGGSLRLSCAVSGNTLSRYAMGWFRQTPGKEREFVAAIRWNNGATYYADAVKGRFTISRDNGKNTVYLQMNNLQPEDTAVYYCAGRFLGYASSNAYHEALYNYDYWGQGTQVTVSS
seq6209,QVQLVESGGGLVQAGGSLRLSCAASGYPWTYIYMGWFRQAPGKEREGVAAMDSGGGGTLYADSVKGRFTISRDKGKNTVYLQMDSLKPEDTATYYCAAGGDALVATRYGRWGQGTQVTVSS
seq6210,EVQLVESGGGLVQPGGSLRLSCAASGEVYKINFLGWYRQAPGKEREKVAHITIADAADYADFAKGRFTISRDEAKNMVYLQMNSLKPEDTAVYFCRAGSRIWPYDYWGQGTLVTVSS
seq6211,EVQLVESGGGLVRHGDSLRLSCLVSRRTTSVYATGWFRQAPGKEREFVAAISWSGGYTNYADSVKGRFTISRDNARNTVFLQMNSLKPEDTAVYYCAADRNPYRGSNNANAYDYWGQGTQVTVSS
seq6212,QVQLQESGGGLVQAGDFLRLSCAASGRTFSSYNMGWFRQAPGKEREFVAVISRSGGSTNYADSVKGRFTISRDNAENTVYLQMNSLKPEDTAVYYCNFIPWWYDYWGQGTQVTVSS
seq6213,EVQLVESGGGLVQAGDSLTLSCVASGGTFSNYAAWFRQAPGKDRRELVVSIFRTGSITYTADSVKGRFTASRVNTKNTVYLQMNSLKPEDTAVYYCASAYNPGVGYDYWGQGTQVTVSS
seq6214,EVQLVESGGGLVQPGRSLTLSCAASTNIPSISPMGWYRQAPGKQRELVAAIHGQSTLYADSVKGRFTISRDNAKNSIYLQMNSLRPEDTALYYCNKVPWGDYHPRNVQWGQGTQVTVSS
seq6215,QVQLQESGGGLVQAGDSLRLSCAVSGRTFSRYAMGWFRQAPGKEREFVAGISWTGGNTYYADSVKGRFTISRDDAKKSLYLQMNSLKLEDTAVYYCNAYDGWGQGIQVTVSS
seq6216,EVQLVESGGGLVQPGGSLRLSCAASGRTLSSYAMGWFRQAPGKEREFVARISQGGTAIYYADSVKGRFTISRDNSKNTLYLQMNSLRPEDTAVYYCAKDPSPYYRGSAYLLSGSYDSWGQGTLVTVSS
seq6217,QVQLQESGGGLVQAGGSLRLSCAASGRTFSSYAMGWFRQAPGKEREFVAAITWSGGSTYYADSVKGRFTISRDNAKNTLYLQMNSLKPEDTAVYYCAAMLLRGGLYDYTDYILYNYWGQGTQVTVSS
seq6218,AVQLVESGGGLVQAGSSLRLSCAASGRTFSPYTMGWFRQPPGKVREFVGRINWSGITNYADSVKGRFTISRDNNKNTVYLQMNRLKPEDTAVYYCAAASRSGSGYDSWGQGTQVTVSS
seq6219,EVQLVESGGGLVQAGDSLRLACAASGGTFSNYAMGWFRQAPGKEREFVGALRWITRITYYADSVKGRFTISKDNAKNTVYLQMNSLKPEDTAVYYCAAGSPSRLVNMNQYNYWGQGTQVTVSS
seq6220,QVQLKESGGGSIQAGGSLRLSCAASGVSYNRCSMGWYRQAPGKGRELVSRIQPGGNTYYADSVKGRFTVSQDNAKNTVSLQMNSLKPEDTAMYYCNALCWRENVNYWGQGTQVTVSS
seq6221,LQESGGGSVQPGGSLRLSCAAAGFKLGYYAIGWFRQAPGKEREGVSCITNDGSTYYADSMKGRFTISRNNAKNMVYLEMNSLKPEDTAVYYCAMSEFGTAQPLGIREYDYWGRGTQVTVSS
seq6222,QVQLQESGGGLVQAGGSLRLSCAASGLTFGSYAMGWFRQAPGKEREFVATIMRYSSRTYYTDSVKGRFTISRDNAKNTVNLQMNNLEPEDAAIYYCAAAKRLSIVALPRQYEFWGQGTQVTVSS
seq6223,EVQLQESGPGLVKPSQTLSLTCTVSGGSITTRYYAWSWIRQPPGKGLEWMGVIDYDGDTYYSPSLKSRVTISWDTSKNQFSLKLSSVTAEDTAVYYCARDPDVVTGFHYDYWGQGTLVTVSS
seq6224,QVQLQESGGGLVQAGGSLRLSCAVSGRTGNIYAAMGWFRQAPGKQREFVSADSWNAGTTDYADSVKGRFTISRDNAKSTVYLQMNSLKPEDTAVYYCAAKIGLYDTSRGRFENEYDYWGQGTQVTVSS
seq6225,QVQLVESGGGLVQPGGSLRLSCAASGIIFSINAMGWYRQAPGKQRELVARISAYDHTNYADSVKGRFTISRDNAKNTVYLQMNSLKPEDTAVYYCNVDEIRKFWGQGTQVTVSS
seq6226,EVQLVESGGGLVQPGGSLTLSCAASGSSVRFLSMAWYRQAPGKKRELVAGISADGSTDYIDSVKGRFTISRDNAKNSVYLQMNSLRAEDTAVYYCYAYRWTRRYTYWGQGTLVTVSS
seq6227,GSLRLSCAASGHTFNYPIMGWFRQAPGKEREFVGAISWSGGSTSYADSVKDRFTISRDNAKNTVYLEMNNLKPEDTAVYYCAAKGRYSGGLYYPTNYDYWGQGTQVTVSS
seq6228,QVQLQESGGGLVQAGGSLRLSCAASGSMFSINDMTWYRQAPGKQREMVATISSGGTTDYTESVKGRFFVIRDNAKITVYLQMNKLRPEDSGVYYCAGNLKRSETSYYWKTGQGIQVTVSS
seq6229,EVQLVESGGGLVQAGGSLRLSCAASGSTFSNYAMGWFRQAPGKERELVSAITWSSSRTYYADSVKGRFTISADNAKNTVYLQMNSLKPEDTAVYYCAAAAWTIYNFEYWGQGTQVTVSS
seq6230,EVQLMESGGGLVQPGGSLRLSCVASGFSLDDYGMTWVRQAPGKGLEWVSSINWSGTHTDYADSVKGRFTISRDNAKNTLFLQMNSLRSEDTAVYYCNQGWKIVPTDRGGHGTQVTVSS
seq6231,AVQLVESGGGLVQAGGSLRLSCAASGFTLDAWPIAWFRQAPGKEREGVSCIRDGTTYYADSVKGRFTISSDNANNTVYLQTNSLKPEDTAVYYCAAPSGPATGSSHTFGIYWNLRDDYDNWGQGTQVTVSS
seq6232,EVQLVESGGGLVQPGGSLRLSCAASGSIFSITEMGWFRQAPGKERELVAAIAVGGGITWYADSVKGRFTISADNSKNTAYLQMNSLKPEDTAVYYCAAHDVDDDESPYYSGGYYRALYDWGQGTLVTVSS
seq6233,QVQLQESGGGLVQAGGSLRLSCAASGIIFRNKAIGWYRQAPGKQRELVARIDSADITNYPDSVKGRFSISRDNAKNTVYLQMNSLKSEDTAVYYCNLRGTNYWGQGTQVTVSS
seq6234,QVQLQESGGGLVQAGGSLRLSCAVSGNTLSRYAMGWFRQTPGNEREFVAAIRWNEGATYYADSVEGRFTISRDNAKNTVYLQMNNLKPEDTAVYYCAGRFLGYASSNAYHEALYNYDYWGQGTQVTVSS
seq6235,EVQLVESGGGLVQPGGSLRLSCAASGEIGRINFYRWYRQAPGNQREVVATITIADKTDYADSAKGRFTISRDESRNMVYLQMSSLKPEDTAVYFCHAGSRLYPYDYWGQGTLVTVSS
seq6236,QVQLQESGGGSVQTGGSLRLSCAASTSIYSNNYMAWFSQAPGKGREGVAAVYIDDGRPYYADSVKGRFTISLDSAKNTVYLQMNGLKPEDTAMYYCAAAPGPLSRNYWYTSANYDYWGQGTQVTVSS
seq6237,EVQLVESGGGLVQAGGSLRLSCAASGFTLDYYAIGWFRQAPGKEREGVSCISGRGGSTYYTDSVKGRFTISRDNAKNTVYLQMNSLKPEDTGVYYCAADPVHNCYSGRYYASPDAVYEYWGQGTQVTVSS
seq6238,EVQLVESGGGLVQPGGSLTLSCAASGSSVSVLSMAWYRQAPGKKRELVAGISADGSTDYIGSVKGRFTISRDNAKNSVYLQMNSLRAEDTAVYYCYAYRWTTRTTYWGQGTLVTVSS
seq6239,VQLQESGGGLVQAGGSLRLSCAASGNIDSIASMGWYRQAPGKQRELVAAISVGGSTYYADSVKGRFTISRDNARNTVYLQTNSLKPEDTAVYYCAARRGSAYYTSRIDWPYWGQGTQVTVSS
seq6240,QVQLQESGGGLVQAGGSLRLSCAASGSVFSINAMGWYRQAPEKQRELVAAITTQGRTTYEDSVKGRFTISRDGAQNTVYLQMDSLKPEDTAVYYCKAWTAKDDYWGKGTQVTVSS
seq6241,EVQLVESGGGLVQPGGSLRLSCAASGFTFSTYWMYWVRQAPGKGLDWVSAINAGGDSTYYADPVKGRFTISRDNNKNTLYLQMNSLKPEDTALYYCATVRGTARDLDYWGQGTQVTVSS
seq6242,EVQLVESGGGLVQAGGSLGLSCSASGLLFSRNSAGWYRQAPGKQREFVARIRVGGSINYADTVKGRFTISRDNAKNTVYLQMNSLKPEDTAVYYCSSWRTGFYEYWGQGTLVTVSS
seq6243,QVQLQESGGGLVQAGGSLRLSCVASGSTSSINAMGWYRRAPGKQRELVAGISSDGSKVYADSVKGRFTISRDNAKNTVYLQMNSLKPEDTAVFYCYYFRTVSGSSMRYWGQGTQVTVSS
seq6244,VQLVESGGGLVQAGGSLRLSCVAPGSGFGINGVIWYRQAPGKQRELVALIKSDGYTNYRESVKGRFTISRDDAKNTVWLQMNALEPEDTGVYYCKTPGVPFGQGTQVTVSS
seq6245,EVQLVESGGGLVQPGGSLRLSCAASGFTLDYHNIGWFRQAPGKEREWVSCISSSGGSTAYADSVKGRFTISRDNAKNTVYLQMNSLKPEDTAVYYCAAPFNHYSDLCGVNAIDYWGQGTQVTVSS
seq6246,QVQLQESGGGLVQPGGSLRLSCEASGFTFDDYGMSWVRQAPGKGLEWVSSLTPNGGSTYYADSVKGRFTISRDNAKNTLYLQMNSLKPEDTALYYCAKNSYYGAMDYWGKGTLVTVSS
seq6247,QVQLVESGGGLVQDGDSLRLSCAGSGWTFRDSMYNMGWFRQAPGKEREFVAAISWRGGSTLYADSVKGRFTISRDNAKNTVYLQMNSLKPEDTAVYQCAADTSARAALYSTGYEYDHWGQGTQVTVSS
seq6248,EVQLVESGGGLVQPGGSLRLSCAASGTAASFNPMGWFRQAPGKEREFVAAITSGGSTNYADSVKGRFTISADNSKNTAYLQMNSLKPEDTAVYYCAAIAYEEGVYRWDWGQGTLVTVSS
seq6249,QVQLVESGGGLVQAGGSLRLSCAASGYPHPYLHMGWFRQAPGKEREGVAAMDSGGGGTLYADSVKGRFTISRDKGKNTVYLQMDSLKPEDTATYYCAAGGGYQLRDRTYGHWGQGTQVTVSS
seq6250,EVQLVESGGGLVQPGGSLRLSCAASGFTFDDYAIGWFRQAPGEEREGVSSISSTYGLTYYADSVKGRFTISSDNSKNTVYLQMNNLKPEDTAVYYCAATPIERLGLDAYEYDYWGQGTLVTVSS
seq6251,QVQLVESGGGLVQPGGSLRLSCAASGRTFDNYVMAWFRQAPGKEREFVASISGSGSITNYANSVKDRFTISRDSSKNALYLQMNSLRAEDTAVYYCAAGSRRTYYREPKFYPSWGQGTLVTVSS
seq6252,EVQLVESGGGLVQPGGSLRLSCAASGSIFSIDSMGWYRQAPGKQRELVAAITSSTNYADSVKGRFTISRDNAKNTVYLQTNSLKPEDTAVYYCNLEGQAGWGTALMDYWGKGTQVTVSS
seq6253,EVQLVESGGGLVQTGGSLRLSCAASGRTPSIVAMGWFRQTPGKERESVGEIILSKGFTYYADSVKGRFTISRANAKNTITMYLQMNSLKSEDTAVYYCAARQNWSGNPTRTNEYEYWGQGTQVTVSS
seq6254,EVQLVESGGGLVQPGGSLRLSCAASGSTLDYYAIGWFRQAPGKEREGVSCTSNSGSTYYGGSVKGRFTASRDNAKNTVYLQMNSLRPEDTAVYYCVATIGCATLGGTLDVQRYYYRGQGTLVTVSS
seq6255,EVQLVESGGGLVQPGGSLRLSCAASGRTISRYIMGWFRQAPGKERELVAAINRSGKSTYYADSVKGRFTISADNSKNTAYLQMNSLKPEDTAVYYCASTRFAGRWYRDSEYKWGQGTLVTVSS
seq6256,EVQLVESGGGLVQPGGSLRLSCETSRHTLDHYAIGWFRQAPGKENEGVACISTSTYYADSVKGRFSISRDNAKNTVYLQMNSLKPEDTAVYYCATTGSGYCTLRAFDSWGQGTQVTVSS
seq6257,LQQSGGGLVQAGGSLSLSCATSGRAFSSYAMGWFRQAPGKEREFVAAISWSGGYTYYADSVKGRFTISRDNAKNTVYLQMNSLKPEDTAVYYCVARDYRLWSPYQYEYDYWGQGTQVT
seq6258,GLAQAGGSLRLSCAASGRTFSSFAMAWFRQAPGKEREIVASINWNGDITDYADSVKGRFTISRDNAKNTVYLQMNSLEPEDTAVYYCAADSSRWVFYDYWGQGT
seq6259,QVQLQESGGGLVQPGRSLKVACAAAGFSLRYYGIGWFRQAPGKEREAVSCTSAKDGSTYYRDSVRGRFTISRDDGKNTVYLQMNRLKPEDTAVYYCATTDCDATSWGTWINYYGQGTQVTVSS
seq6260,VQLVESGGGLVRPGGSLRLICEAFGSIFSVNTMGWYRQTPGKQRELVAIMTSEGTTNYADFVKGRFTISRDNAKDTVYLQMNSLNSEDTAVYYCLLKLPFTLKEYWGQGTQVTVSA
seq6261,EVQLVESGGGLVQAGGSLRLSCAASGFTFSTSWMGWFRQAPGKERELVATINSGGGTNYADSVKGRFTISADNAKNTVYLQMNSLKPEDTAVYYCAADVWYGSTWRNWGQGTQVTVSS
seq6262,EVKLQESGGGLVQAGGSLRLSCAVTGLISSNYVMGWYRQPPGQEREFVSAITWSGGSTYPADSVKGRFTITPSNAKNTVYLQMNNLKPEDTAVYYCAAAKDGQDPRDFGSWGQGTQVTVSS
seq6263,QVQLQESGGGLVQAGESLRLSCTASGISFDDYAIGWFRQAPGQQRKGVACISKADGRTDYLGSVKGRFTLSTDNTKNTVHLQMNNLKPEDTALYTCAAEYKSCGMGYKPIDYWGQGMQVTVSS
seq6264,QVQLQESGGGLVQAGGSLRLSCAASGTIFSNNAMGWHRQAPGKQRELVAAITSGGSTNYADSVKGRFTISRDNAKNTVYLLMNSLKPEDTAVYYCNAKVPGTFSIYDYWGQGTQVTVSS
seq6265,QVQLVESGGGLVQAGGSLRLSCAASGSIFSINAMNWYRQAPGKRRELVAAITNGGSTNYADSVKGRFTISRDNAKNTVYLQMNSLKPEDTAVYYCNVGRSRGYWGQGTQVTVSS
seq6266,EVQLVESGGGLIQPGGSLRLSCAASGSISSYNVMGWYRQAPGQGRDLVAHIASNGEIMYADSAKGRFTISRDNAKKTLYLQMNSLRPEDTAVYYCKLWVLGNDYWGQGTLVTVSS
seq6267,EVQLVESGGGAVQAGGSLRLSCTVSGRPFTKYAWGWFRQPPEKEREFVATSTWDVGSTYYADSAKGRFTISRDNANNIIDLQMNSLKPEDTAVYYCAASNTYSSDITYYAKPMAFNFWGQGTQVTVSS
seq6268,EVQLVESGGGLVQAGGSLRLSCSASGLLFSVNSAGWYRQAPGKQRDFVARIRSGGSTNYADSVKGRFTISRDKATNTLYLQVNNLKPEDTAVYYCSSWRTEAYEYWGRGTLVTVSS
seq6269,QVQLQESGGGLVQAGGSLRLSCAASGTISRSAYMGWYRQAPGKEREFVATIAGGGSTNYADSVKGRFTISRDNAKNTVYLQMNSLKPEDTAVYYCAVVGRYRSYDITSYRSTYHYWGQGTQVTVSS
seq6270,EVQLVESGGGLVQPGGSLRLSCAASGRTFSSYVVGWFRQAPGKEREFIGAISGSGDSIYYAVSEKGRFTISRDNGKNTLYLQMNSLRAEDTAVYYCTADQEFGYLRFGRSEYWGQGTLVTVSS
seq6271,QVQLQESGGGLVQAGGSLRLSCAASGRTFSNSNMGWFRQAPGKEREFVAVIDWSGGSPYYTDSVRGRFTISRDNAKNTVYLQMNRLKPEDTAVYYCAGGVSFGSRWLSDYWGQGTQVTVSS
seq6272,VQLQESGGGLVQAGDSLRLSCAASGRTSHGYGGYGMGWFRQIPGKERELVAAIRWSGRNTYYADSVKGRFTISRDNVKDMLYLQMNSLKPEDTAVYTCAVRTVRVVDISSPVGFAYWGQGTQVTVSS
seq6273,QVQLVESGGGSVQAGGSLRLSCAASGFTSSDYCIAWFRQAPGKEREGVAAISSGGGATHYAESVTGRFTISRDNAKNVVILHMNNLKPEDTAIYYCAADYGGWCRVKERGYTYWGQGTQVTVSS
seq6274,QVQLQESGGGLVQAGGSLRLSCAASGITFTNNAGGWYRQAPGQQRELVARISSGGNTNYTDSVKGRFTISRDITKNTLSLQMNNLKPEDSAVYYCNAQRRVILGPRNYWGQGTQVTVSS
seq6275,VQLQESGGGLVQAGESLKLSCAASGNTFSGGFMGWYRQAPGKQRELVATINSRGITNYADFVKGRFTISRDNAKKTVYLEMNSLEPEDTAVYYCYTHYFRSYWGQGTQVT
seq6276,DVQLVESGGGVVQPGGSLRLSCAASGSIGGLNAMAWYRQAPGKERELVAGIFGVGSTRYADSVKGRFTISRDNSKNTVYLQMNSLRPEDTAVYYCRMSSVTRGSSDYWGQGTLVKVSS
seq6277,EVQLVESGGGLVQPGGSLTLSCAASASSVTLLSIAWYRQAPGKKRELVAGISTDGSTDYLHSVKGRFTISRDNAKNSVYLQMNSLRAEDTAVYYCYAYTWTTRLPYWGQGTLVTVTS
seq6278,MAESGGGSVQTGGSLRLSCAYTASSLCMAWFRQAPGKEREGVAVTREGLPKTGYADSVKGRFAISQDYAKKTLYLQMSSLKPEDTARYYCAARPTSPCTVDGELLASTYNYWGQGTQVTV
seq6279,DVQLVESGGGLVQPGGVSETLLCSLWKHLHYQCHGWYRQAPGKQREEVAAITSGGSTNYADSVKGRFTISRDNAKNTVYLQMNSLKPEDTAVYYCKAVVVTTTPYSDYWGQGTLVTV
seq6280,EVQLVESGGGQVQPGGSLSLSCESSVSIWSFKVMGWFRQAPGKQLELVATITTGGSPDYSDSVKGRFTISRDYDKRTLYLQMNSLKPEDTAVYYCAGRLWAHITSSGHDVWGQGTQVTV
seq6281,VQLVESGGGLVQPGGSLRLSCAASGRTFSSYSMGWFRQAPGKEREFVVAISKGGYKYDAVSLEGRFTISRDNAKNTVYLQINSLRPEDTAVYYCASSRAYGSSRLRLADTYEYWGQGTLVTVSS
seq6282,EVQLVESGGGLVQPGGSLRLSCATSGFAFRNYAMTWVRQAPGKGLEWVAGITSGGSTTYGDSVKGRFTISRDNAKNTVYLQMNSLKPEDTAVYYCAARRRLSIGTRSYEYDWWGQGTQVTVPS
seq6283,VQLVESGGGSVQAGGSLRLSCEASGYTYSMGWFRQAPGKEREGVAAISTGGLRTYYADSVKGRFTISRDNYKNTVYLQMNSLKPEDTAIYYCASKDRRELIFRPSEAGTYNYWGQGTQVTVSS
seq6284,EVQLLESGGGLVQPGGSLRLSCVHSGPTFRTDTMGWFRQAPGKGREFVAAVTWNSGRINYADSVKGRFTISRDNSKNTAYLQMNSLRPEDTAVYYCAAHRFVVGGNRVEDWRYWGQGTLVTVKS
seq6285,EVQLVESGGDVVQAGGSLRLSCLASGFTFDDYAIGWFRQAPGKEREGISCISSTGNVFYADSVKGRFTISSDKEKNTLYLQMNSLKPGDTAVYHCAAGHFTVDSGKVLLRTDISSWGQGTQVTVSS
seq6286,EVQLVESGGGEVQPGGSLRLSCAASGFTFSSYAMGWFRQAPGKGREWVAAITTSGDTTYYAESVKGRFTISRDNAKNTVYLQMSSLRAEDTAVYYCAAHRGGGVIDYWGQGTLVTVKP
seq6287,EVQLVESGGGLVQAGGSLRLSCAASESTVLINAMGWYRQAPGKQRELVASISSGGSTNYADSVKGRFTISRDNAKNTVYLQMNSLKPEDTAVYYCNADVYPQDYGLGYVEGKVYYGMDYWGTGTLVTVSS
seq6288,QVQLQESGGGLVQAGGSLRLSCAASGYIFQDLDMGWYRQAPGKERELVATITNGGNTNYADSVKGRFTISRDNAKNTVYLQMNSLKPEDTAVYYCAAHFYYVGYGDDEHDYWGQGTQVTVSS
seq6289,EVQLVESGGGLVQPGGSLRLSCAASGSIATINDMGWFRQAPGKQRDWVATIVSDGSTAYADSVKGRFTISRDNAKNTVYLQMNSLKPEDTAVYYCSARRHYGQGTQVTVSS
seq6290,QVQLVESGGGPVQAGETLRLSCTASGFTFAEADMGWYRQAPGHECELVSTITTEGITSEASSYYADSVRGRFTISRDNAKNMVYLQMNSLKPEDTAVYYCAPDPYAYSTYSDYCSWAQGTQGTLVTVSS
seq6291,EVQLVESGGGLVQPGGSLRLSCAASGRTFRINRMGWFRQAPGKEREWVSTICSRGDTYYADSVKGRFTISADNSKNTAYLQMNSLKPEDTAVYYCAATLDGYSGSWGQGTLVTVSS
seq6292,EVQLVESGGGSVQPGGSLRLSCLASGRTFSTYFMGWFRQAPGKEREFVTAISASGGTTYYADSVKGRFTISRDNAKNTVYLQMNSLKPEDTAVYYCAANNRYYSDYMKLWPYDYWGQGTQVTVSS
seq6293,QVQLQESGGGLVQPGGSLRLSCAASGKMSSRRCMAWFRQAPGKERERVAKLLTASGSTYLADSVKGRFTISQNNAKSTVYLQMNSLKPEDTAMYYCAADSFEDPTCTLVTSSGAFQYWGQGTQVTVSS
seq6294,DVQLVESGGGSVQGAAGGSLRLSCAASDITYSTDCMGWFRQAPGKEREGVATINNGRAITYYADSVKGRFTISQDNAKNTVYLQMNSLRPKDTAIYYCAARLRAGYCYPADYSMDYWGKGTQVTVSS
seq6295,QVKLEESGGGSVQAGGSLRLSCTGSGSIFPLNDMGWYRQAPGKQRELVATITRGGTTNYADSVKGRFTISRDSNAKNTVYLQMNSLKVEDTAVYYCNMDNRVGGSYWGQGTQVTVSS
seq6296,QVQLQQFGGGLVQPGDSLKFSCTSSGTIASVDSMGWYRQAPGKQRELVAHITGGGLRTYIGSVKGRFTITKDNAKNSMYLQMTSLKPEDTAVYLCYLRQNISGPLYWGQGTQVAVRR
seq6297,EVQLVESGGGLVQPGGSLRLSCAASGHTFSGYAMGWFRQAPGKEREFVAVITREGSTYYADSVKGRFTISADNSKNTAYLQMNSLKPEDTAVYYCARLGGEGFDYWGQGTLVTVSS
seq6298,QVQLVESGGGLVQAGGSLRLSCAASGRTFSSYAMGWFRQAPGMEREFVASIRWSDNTTYVPNSVKGRFTISRDNAKNTVYLQMNTLKPEDTAVYYCATGPTRLSFYSGNYRTYDSWGQGTLVTVSS
seq6299,VKLEESGGGLVQAGGSLRLSCAASGSIFSIKALAWYRQAPGKQRELVAYITSGGNTNYADSVRGRFTISRDNAKNTVYLQMNSLKPEDTAVYYCNADFGEGTIISLGPWGQGTQVTVSS
seq6300,EVQLVESGGGLVQPGGSLRLSCAASGIIGSFRTMAWYRQAPGNQRDWVATIGSAGLASYADSVRGRFTLSRDNAKKTVYLQMNSLKPEDTAIYYCRDINGDYWGQGTQVTVSS
seq6301,EVQLVESGGGVVQAGESLRLSCAASGRSFSNYEMGWFRQAPGTEREFVGTISRRGSSTYYADSVKGRFTISRDNAKNTVYLQMSSLKPEDTAVYYCAAGQLFPSSHSRDYDYWGQGTQVTVSS
seq6302,EVQLVESGGGLVQPGGSLRLSCAASGFTFDDYAIGWFRQAPGEEREGVSSISSTYGLTYYADSVKGRFTISSDNSKNTVYLQMNSLKPEDTAVYYCAATPIERLGLDAYEYDYWGQGTLVTVSS
seq6303,LQESGGGTVEAGGSLRLSCAASVNSFNNYVLAWYRQAPGKPRELVAGYTNNGGTDYADSVKGRFAISRDNAATTLYLQMDHLTPEDTAVYYCTARRWIPPGPINWGQGTQVT
seq6304,EVQLVESGGGLVQPGGSLTLSCAASGSSVKFLSMAWYRQAPGKKRELVAGISRDGSTDYIDSVKGRFTISRDNAKNSVYLQMNSLRAEDTAVYYCYAYRWTTRFTYWGQGTLVTVSS
seq6305,VQLQESGGGSVQAGGSLRLSCAASRDTYTRYFMGWFRQTPGKEGEGVAVLLPGGDYTFYADSVKGRFTITQDSAKNTVYLQMNSLKPEDTAMYYCAADVTVGSRWSQASNYNYWGQGTQVTVSS
seq6306,EVQLVESGGGSGQAGDSLRLSCATSGLPSDVVAMAWYRRAPGKERELVASLPSGNQPYYADFVAGRFIISQDNTKKTLFLQMNSLKPEDTATYYCNSMFFFGPDRKAKITFGQGTQVTVSS
seq6307,VQLQESGGGLVQAGGSLRLSCVASGRTVSNYAMGWFRQAPGKEREFVARITGSGSSTFYADSVKGRFTISRNNLSNTVYLQMNSLKREDTAVYYCAADRWRSMVTRSDPRDYENWGQGTQVTVS
seq6308,EVQLVESGGGLVQPGGSLRLSCAASGFTFDDYGMSWVRQAPGKALEWVSAISWNGNNTYYTESMKGRFTISRDNAKNTLYCQMNSLRPEDTAVYYCVKGSTAIVGVPPTYPDEYDYWGQGTLVTVSS
seq6309,QVQLQESGGGLVQPGGSLRLSCAASGFTIDYYAIAWFRQAPGEEREWVSCIRSGDGSTWYVDSVKGRFSISSDNAKNAVYLQISSLKPEDTAVYYCAASRGSPYCPAVIDYDYWGQGTQVTVSS
seq6310,EVQLVESGGGLVQVGDSLRLSCAASGRTFSTYLMVGWFRQAPGKEREFAAAMWSSGVPAYADSVKGRFTISRDNAKNTVYLQMNSLKAEDTAVYYCAGSYGGNYYIPGFYEDWGQGTQVTVSS
seq6311,EVQLVESGGGLVQPGGSLRLSCAASGSISTINVMGWFRQAPGKEREFVAAISPSAVTTYYADSVKGRFTISADNSKNTAYLQMNSLKPEDTAVYYCATDLSGRGDVSEYEYDWGQGTLVTVSS
seq6312,EVQLVESGGGSVQAGESLRLSCAASGSIFSSNAMAWYRQALGKQRDLVALINSVGITKYADSVKGRFTISRDNAKNTVYLQMNSLKPEDTAVYYCTSDPRRGWDTRYWGQGTQVTVSS
seq6313,DVQLQASGGGLVQAGDSLRLSCAASGRTFSTYNMGWFRQAPGKDREFVAAIMWSGGSTYYADSVKGRFTISKDNAKNTVYLQMNSLKPEDTAVYFCWSTDDYGVDSWGQGTQVTVSS
seq6314,EVQLVESGRRLVQVGDSLRLACAASGRTFSTYLMVGWFRQAPGKEREFAAGIWSSGDTAYADSVKGRFTISRDNAKNTVYLQMNSLKTEDTAVYYCAGSYDGNYYIPGFYKDWGQGTQVTVSS
seq6315,EVQLVKSGGGLVQAGGSLRLSCAASGRPFSTLAMGWFRQAPGKEREFVAAIGLSGARKVYADSVQGRFSISRDNAKATVYLQMDSLKPEDTAVYYCAARSAYYTGRRGYSEKEYEYWGQGTLVTVSS
seq6316,EVQLVESGGGLVQAGGSLRLSCAASGRTFSSYAMAWFRQAPGEEREFVATISVSGGYTYYADSVKGRFTISRDNAKNTVYLQMNTLKPEDTAVYYCAAGDSSSWLEHMYDYWGQGTQVTVSS
seq6317,VQLQESGGGSVQAGGSLRLSCTASGFTFDDLDMRWYRQAPGNECELVSIINSDGRTYYADSVKGRFAISQNNAKNTVYLQMNSLKPEDTAVYYCAADQHRYGLGTCEALDYWGRGTQVTVSS
seq6318,QVQLVESGGGLVQPGGSLRLSCTASGSIFRIDGMHWYRQAPGKQRELVASITPSGITHYADSVKGRFTISRDIAKKMQYLQMNSLKPEDTAVYYCNAHLVKVGGVWSDEYWGQGTLVTV
seq6319,EVQLVESGGGLVQAGGSLRLSCVASGIPSIRAIAWYRQAPGKQRDWVATSGTGYGATYDDSVKGRFTLSRDNAKNTVYLQMNSLKPEDTAVYYCRDVNRDYWGQGTQVTVSS
seq6320,EVQLVESGGGLVQPGGSLRLSCATSGTIFSNNAMGWYRQALGKKRDLVASISNSGSTNYADSVKGRFTVSRDNDKNTGYLQMNSLKPEDTGVYYCTVDARRGWNTAYWGQGTQVTVSS
seq6321,VQLQESGGGLVQPGGSLRLSCAASGFAFNLYWMYWFRQAPGKGLEWVSSASPGNGITFNTFYADSVKGRFAISRDNAKNTLYLEMNSLQPEDTAVYYCAADPSYQLADFLTSLPNDYSGQGTQVTVSS
seq6322,VQLQESGGGSVQAGGSLRLSCTASRFTFDDSDMGWYRQAPGNECELVSTISSDGATYYANSVKGRFTISQDNAANTVYLQMNSLKPEDTAVYYCAALEWEYELGTCEALDYWGQGTQVTVSS
seq6323,LQESGGGLVQPGGSLRLSCLVSGGTFSWYAMGWFRQAPGKEREFVATVSRGGGSSYYADSVKGRFTISRDNAKNTVYLQMNSLKPEDTAVYYCAAGRGAPSDTGRPDEYDYWGQGTQVT
seq6324,QVKLEESGGGLVQPGGSLRLSCAASGRTASGYGMGWFRQAPGKEREFVAAISRSGAGTLNADFVKGRFTISRDNAKNTVYLQMNSLKPEDTAVYYCVARPTKVDRDYATRREMYNYWGQGTQVTVSS
seq6325,EVQLVESGGGLVQPGGSLTLSCAASGSSVRFLSMAWYRQAPGKKRELVAGISADGSTIYIDSVKGRFTISRDNAKNSVYLQMNSLRAEDTAVYYCYAYRWRTRYTYWGQGTLVTVSS
seq6326,EVQLVESGGGLVQAGGSQRLSCTASGTIVNIHVMGWYRQAPGKQRELVALIFSGGSTDYADSVKGRFTISRDNAKNTVYLEMNSLKAEDTAVYYCAAEIGYYSGGTYYSSEAHWGQGTQVTVSS
seq6327,EVQLVESGGGLVQAGDSLRLSCTASGTFGSYAIAWFRQTPGKEREFVAVINRSGSYMYYIDSVKGRFTISRHNAKNTAYLQMNSLKPEDTAVYYCAARDGTLYSTSYYYISSYTYWGQGTQVTVSS
seq6328,QVQLVESGGGLVRPGGSLRLSCVDSERIFSISAMGWYRQAPGKQRELVATITSGGTTNYADSVKGRFTISGDTAKNMVYLQMSSLKPEDTAVYYCAADMEVWDYTDGDDDDYWGQGTQVTVSS
seq6329,QVQLVESGGGLVQPGGSLRLSCTASGSIFRIDGMHWYRQAPGKQRELVASITPSGITHYADSVKGRFTISRDIAKKMQYLQMNSLKPEDTAVYYCNAHLVKVGGVWSDEYWGQGTLVTVSS
seq6330,VQAGGSLKLTCAASGYIFNSCGMGWYRQSPGRERELVSRISGDGDTWHKESVKGRFTISQDNVKKTLYLQMNSLKPEDTAVYFCAVCYNLETYWGQGTQVTV
seq6331,AVQLVDSGGGSVQAGGSLRLSCVVSGYAFSTYDMAWFRQAPGEKCEWVSTVTNNGRTFYADSVKGRFIISRDNAKNILYLQMNSLKPEDTAVYSCAAAGVRWRCASGGNEGTQVTVSS
seq6332,GSVQAGGSATLSCTVSGTADSVYSVAWFRLGREKKREGIAAWHTGRDATYYTPGMRGRFTISRDHAKNTVNLLVNSPKPEDSAIYYCGAQPTQYASSGPLTENLFNIWGQGTQVTVSS
seq6333,EVQLVESGGGLVQPGGSLRLSCVASGDVHKINILGWYRQAPGKEREKVAHISISDQTDYAESAKGRFTISRDESKNMVYLQMNSLKPEDTAVYLCRAFSRIYPYDYWGQGTLVTVSS
seq6334,QVQLQESGPGLVKPSQTLSLTCTVSGGSITTYNYAWSWIRQPPGKGLEWMGVIAYDGNTYYSPSLKSRTSISRDTSKNQFSLQLSSVTPEDTAVYYCARGTVGSWYDEFPPRYDYWGQGTQVTVSS
seq6335,EVQLVECGGGLVQAGGSLRLSCVASGSGFGINGVIWYRQAPGKQRELVALIKSDGYTNYRESVKGRFTISRDDARNTVWLQMNALEPEDTGVYYCKTPGVPFGQGTQVTVSS
seq6336,EVQLVESGGGLVQAGGSLSLSCTASGGNFRNFGMGWFRQAQGKEREFVAAISRSGGHTYYSDSVKGRFTISRDNAKNMVSLQMNSLKPEDTAVYYCAARFRYGDGTYYYQRAFYDFWGQGTLVTVSS
seq6337,QVQLQESGGGLVQAGGSLKLSCTASQRTFSRYSLGWFRQAPGEERVFVAATTWSGISSDYADSVKGRFTISRDNAKNTGYLQMNNLKPEDTGVYYCAAGRSSWFAPWLTPYEYDYWGRGTQVTVSS
seq6338,EVQLVESGGGVVQPGGSLRLSCAASGSTISSYVMGWFRRAPGKEREFVAAISRSGGYTYYADSVKGRFTISRDNSKKTVYLQMNSLRPEDTALYYCAAGRYSAWYSQSYEYDYWGQGTLVTVSS
seq6339,EVQVQESGGGLVQPGGSLRLSCAASGNIFRIDTMGWYRQAPGKQRELVAGISRGGTTTYAHSVKERFTISRDNAKNTMYLQMNSLKSEDTAGYYCNAQAWDPGTFRYLEVWGQGTLVTVS
seq6340,EVQLVESGGGVVQPGGSLRLSCAASGRTFRHYAMGWFRQAPGKEREFVAAISSYGSTDYGDSVKGRFTISRDDAKNTVPLQMNSLKPEDTAVYYCAAADETLGAVPNFRLHEKYEYEYWGQGTLVKVSS
seq6341,QVQLVESGGGSVQPGGSLSLSCEVSGTTNLNMCMGWFRQSPGKEREGVASFYAGGPSTYYDDSVRGRFVISRDITKKTVYLQMNSLKAEDTAVYYCAAKRLSCADNWVRVSAPDYWGRGTQVTVSS
seq6342,QVQLQESGGGLVQAGGSLRLSCAASGRAFGSYTMNWFRQAPGKERDFVAGIMSSGMNTWYADSVKGRFTISRDNAKNTVYLQMNSLKPEDTAVYYCASRPRSTMTSGRYLYDYWGQGTQVTVSS
seq6343,EVQLVESGGGLVQPGRSLTLSCAASTNIFSASPMGWYRQAPGKQRELVAAIHGSSTLYADSVKGRFTISRDNAKNSIYLQMNSLRPEDTALYYCNKVPWGRYHPRNVYWGQGTQVTVSS
seq6344,QVQLQESGGGLVQAGGSLRLSCEVSGLSSDDYTIGWFRQAPGKEREGFSCFSTRDGNAGYADSVKGRFTISSDNAKNTVYLQMNNLKPEDTAVYYCAADFNVWSPPICGSRWYGPPPGGMDYWGKGTQVTVSS
seq6345,EVQLVQSGGGLVQPGGSLRLSCAASGFAFSSSDMSWVRQAPTKGLEWVSGINSGGGSTYYGESMKGRFTISRDNAKNTLYLQMSSLKPEDTAVYYCTRYDSFGWNVRYGMDYWGKGTLVTVSS
seq6346,QVQLQESGGGLVQAGGSLRLSCAASGIPFSIIYMAWFRQAPEKQRELVAEMSSRGSKFYADSVKGRFTISRDNAKNTLYLQMNSLEPEDTAVYYCSVGARRDDNDYVYWGQGTQVTVSS
seq6347,GLVQPGGSLRLSCEASGFTFDDYAMSWVRQAPGKGLEWVSAISWNGGSTYYAESMKGRFTISRDNAKNTLYLQMNSLKSEDTAVYYCAKEVVSGYYYGMDYWGKGT
seq6348,EVQLVESGGGLVQAGGSLRLSCAASGSIFSIYTMGWYRQAPGKQRELVAAITSGGSTNYADSVKGRFTISRDNAKNTVYLQMNSLKPEDTAVYYCNAIAHEEGVYRWDFWGQGTQVTVSS
seq6349,VQLVETGGLVQPGGSLRLSCAASGFTLDYSSIGWFRQAPGKEREGVSCISSSGDSTKYADSVKGRFTTSRDNAKNTVYLQMNSLKPDDTAVYYCAAFRATMCGVFPLSPYGKDDWGKGTLVTVS
seq6350,EVQLVESGGGLVQPGGSLRLSCEASGGTFSNYAAWFRQGPGKGRELVVSIFRSGTITYTADSVKGRFTASRVNTKNTVYLQMNSLKPEDTGIYYCASAYNPGIGYDYWGQGTQVTVSS
seq6351,EVQLVESGGGLVQPGGSLTLSCAASGSSVSFLSMAWYRQAPGKKRELVAGISTDGSTNYVDSVKGRFTISRDNAKNSVYLQMNSLRAEDTAVYYCYAYRWVGRYTYWGQGTLVTVSS
seq6352,QVKLEESGGGSVQTGGSLRLTCAASGRTSRSYGMGWFRQAPGKEREFVSGISWRGDSTGYADSVKGRFTISRDNAKNTVDLQMNSLKPEDTANYYCAAAAGSAWYGTLYEYDYWGQGTQVTVSS
seq6353,QVQLVESGGGLVQAGGSLRLSCAASGRTFGSDAAGWFRQASGKEREFVASISWSGGYTYYADSGKGRFTISSDNVKNTVYLQMNSLTPEDTAVYFCATGNRYSDYRISLVTPSQYDYWGQGTQVTVS
seq6354,EVQLVESGGGLVQAGGSLRLSCAASGIAFRIRTMAWYRQAPGKQRDWVATSDSGGTTLYADSVKGRFTVSRDNADNTVYLQMNSLKPEDTAVYYCRDVNRDYWGQGTQVTVSS
seq6355,DVQLVESGGGLVQPGGSLRLSCAASGFILDYYAIGWFRQAPGKEREGVLCIDASDDITYYADSVKGRFTISRDNSKNTVYLQMNSLRPEDTAVYYCATPIGLSSSCLLEYDYDYWGQGTLVTVKS
seq6356,QVQLQQSGGGLVQAGGSLRLSCAASGGTLNNYAMGWFRQAPGAEREFVGAISAGGDSTQYTESVQGRFTISKDNAKSTVYLDMNSLKPEDTAVYYCAADRKTLTYYTSRLRSRYDYWGQGTQVTVSS
seq6357,EVQLVESGGGLVQPGGSLRLSCVASGINFSRYGLGWYRQVPGGQRELVASITSGGSTNYAESVKGRFTISRDNFKNTVYLQMDNLKPEDTAVYYCSAIGWRYWGQGTQVTVSS
seq6358,QVQLVESGGGLVQAGGSLRLSCAASAIGSINSMSWYRQAPGKQREPVAVITDRGSTSYADSVKGRFTISRDNAKNTVYLQMNSLKPEDTAIYTCHVIADWRGYWGQGTQVTVSS
seq6359,EVQLVESGGGLVQAGGSLRLSCVASGSIFSINYMAWYRQTPGKEREVVASMSRRSDSTYLADAVQGRFTISRNNAGNTMYLQMNSLKPEDTALYYCKANDYWGQGTQVTVSS
seq6360,EVQLVESGGGLVQPGGSLTLSCVASGSTSSINAMGWYRRAPGKQRELPAGISRDGSKVYADSVKGRFTISRDNAKNSVYLQMNSLRAEDTAVYYCYYFRYVSGSSMRYWGQGTLVTVSS
seq6361,QLVQSGGGLVQPGESLRLSCAASGSVFSIDSVSWFRQGPGNERELVALITGGRTTTYADSVKGRFTISRANAPNTVHLRMNSLKPEDTAVYYCNAAVSTGWGRNADDYWGQGTQVTVS
seq6362,QVQLVESGGGSVQAGGSLRLSCAASGRTFSNYAMGWFRQAPGKEREFVAGISRSGGSTYSADSVKGRFTISRDNAKNTVYLQMNSLKPEDTAVYYCAADGLDYALGFRGDYWGQGTLVTVSS
seq6363,QVQLQESGGGLVQPGGSLRLSCAASGGISSINSMGWYRQAPGNQRELVAAITNGGRTVYGDSVKGRFTISRDSAGNTVHLQMDSLRPEDTGVYYCKAFTRGDDYWGQGTQVTVSS
seq6364,EVQLVESGGGLVLAGGSLRLSCVHSGPTFSTDTMGWFRQAPGKEREFVAAVTWNSGRTNYADSVKGRFTVSRDNTRNAAYLQMSGLKDEDTAVYYCTAHRLVVGGTSVGDWRYWGQGTQVTVSS
seq6365,EVQLQASGGGLVQAGGSLRLSCAASGSTFSINVIGWYRQAPGKQRELVAGISRSGNTNYADSVEGRFTISRDYAKNTVYLQMNSLKPEDTAVYYCHSKTYLLHMYWGQGTQVTVS
seq6366,EVQLVESGGGLVQPGGSLRLSCAASGFTFSNNAMGWFRQAPGKEREGVAAINGSGSITYYADSVKGRFTISADNSKNTAYLQMNSLKPEDTAVYYCAAARDDYGYWGQGTLVTVSS
seq6367,QVKLEESGGGLVQAGGSRRLSCATSGLTFRNFHMAWFRQVAGKEREVVCAISWSRDRQYYPDPVKGRFTCTRDNAKNTVYLQMNSLKPEDTAVYYCAARTASASGDWYKGSYQYWGQGTQVTVSS
seq6368,DVQLVESGGGLVQPGGSLRLSCAASGFTFDDYALGWFRQAPGKEREGVSCIRCSGGSTYYADSVKGRFTISSDNSKNTVYLQMNSLRPEDTAVYYCAASIVPRSKLEPYEYDAWGQGTLVTVSS
seq6369,EVQLVESGGGLVQPGGSLRLSCAASGIHFAISTMGWFRQAPGKEREIVTAINWSGARTYYADSVKGRFTISADNSKNTAYLQMNSLKPEDTAVYYCAAKFVNTDSTWSRSEMYTWGQGTLVTVSS
seq6370,EVQLVESGGGLVQPGGSLRLSCAASPFTLDYYAIGWFRQAPGKEREGVSCSTSHGKTYHADSVKGRFTISRDNAKNTVYLQMNSLKPEDTAVYYCAAGACMGGSGYEADFGSWGQGTQVTVSS
seq6371,EVQLVESGGGLVQPGGSLRLSCAASGITLDDYAIGWFRQAPGKEREGVSAIRDNGGSTYYADSVKGRFTISSDNSKNTVYLQMNSLRPEDTAVYYCAAVPAGRLRYGEQWYPIYEYDAWGQGTLVTVSS
seq6372,DVQLVESGGGLVQPGGSLRLSCAASGSIFSSTAMAWYRQAPGKRRDLVAAISTVGVTKYADSVKGRFTISRDNSKNTVYLQMNSLRPEDTAVYYCTSDPRRGWDTRYWGQGTLVTVSS
seq6373,QVQLVESGGGLVQPGGSLRLSCAASDNIFSFYTMGWYRQSPGKERELVAVIGNGGNTNYADSVKGRFTISRDNGKNKAHLQMNSLKPEDTAVYYCKASGPGGVEVWGQGTQVTVSS
seq6374,EVQLEESGGGSVQAGGSLRLSCAASGYTFLQLLHGWFRQAPGKEREVVARFNTDINKTFYLESVKGRFTLSQDNAKNTLYLQMNSLKPEDTAIYYCAASRPDSTCDYFAYRGQGTQVTVSS
seq6375,EVQLVESGGGSVQPGDSLRLSCAASGRANSINWFGWFRQAPGKEREFVAGIRWSDAYTEYANSVKGRFTISRDNSKNTVYLQMDSLRPEDTAVYYCVLDLSTVRYWGQGTLVTVSS
seq6376,EVQLLESGGGLVQPGGSLRLSCVHSGPTFRTDTMGWFRQAPGKGREFVAAVTWNSGRINYADSVKGRFTISRDNSKNTAYLQMNSLRPEDTAVYYCAAHRFVVGGNRVEDWRYWGQGTLVTVSS
seq6377,EVQLVESGGGLVQVGDSLRLSCAASGHTFSTYLMVGWFRQTPGKEREFAAVIWSSGDTAYADSVKGRFTISRDNAKNTVYLQMNSLKAEDTAVYYCAGSYGGNYYIPGFYEDWGQGTQVTVSS
seq6378,QVQLQESGGGLVQAGASLRLSCAASGRSFSSYPMAWFRQAPGKEREFVVFIGSDHSTLYSTSVRGRFTISRDNAKNTVYLQMMNLKPEDTAVYYCAARNSAWSSGIYYRETSYDYWGQGTQVTVSS
seq6379,LQESGGGLVQAGGSLRLSCEASGRTFSSYHMGWFRQAAGKEREFVATISSDYNTYYADSVKGRFTISRDNAKNTVYLQTNSLKPEDTAVYYCASRTVFSGPQYYTRAHEYGYWGQGTQVT
seq6380,EVQLVESGGGLVKAGGSLGLSCSASGLLFSRNSVGWYRQAPGKQREFVARIRMGGSINYGGSVKGRFTVSRDIAKNTMYLQMNDLKPEETAWYFCSSWREGFYEYWSQRTQVTVSS
seq6381,DVQLQESGGGLVQPGGSLRLSCAASGFTFSTSYMTWARQAPGKGLEWVSGINRDGNNPLYADSVEGRFTVSRDNAKNTLYLQMNSLKSEDTALYYCVAGALVAGARGQGTQVTVSS
seq6382,QVQLQESGGGLVQPGESLRLSCAVSGSTSSINAMAWYRQAPGKRRELVAGISGGGATNYPDSVKGRFTISRDNAKNTVYLQMSSLKPEDTAVYYCNLWPPRASPGGGVYWGQGTQVTVSS
seq6383,EVQLVESGGGLVQAGGSLRLSCAASGSIFHINAMGWFRQAPGKEREGVAAINNFGTTKYADSVKGRFTISANNAKNTVYLQMNSLKPEDTAVYYCAAVRWGPRNDDRYDWGQGTLVTVSS
seq6384,EVQLLESGGGLVQPGGSLRLSCAASGRYIDETAVAWFRQAPGKEREFVAGIGGGVDITYYADSVKGRFTISRDNSKNTLYLQMNSLRPEDTAVYYCAARPGRELITSKVADLYPYWGQGTLVTVSS
seq6385,EVQLVESGGGLVQPGDSLKLSCAFSGRTFSSYSMGWFRQAQGKEREFVVAISSSGGYIYDSVSLEGRFTISRDNTKNAVYLQTPSLKPEDTADYYCAASRAYGSSRLRLADTYDYWGQGTQVTVSS
seq6386,EVQLVESGGGLVQPGRSLTLSCAASTNIFSNSPMGWYRQAPGKQRELVAAIHGDSTLYADSVKGRFTISRDNAKNSIYLQMNSLRPEDTALYYCNKVPWGDYHPRNVRWGQGTQVTVSS
seq6387,GSLRLSCAASGSIFSINTMGWYRQAPGKQRELVAAIHSGGSTNYANSVKGRFTISRDNAANTVYLQMNSLKPEDTAVYYCNVKDYGAVLYEYDYWGQGTQVTVSS
seq6388,KVQLVESGGGLVQPGGSLKLSCAASGFPFSIYPMKWVRQAPGKGLEWVSHITRDGGRTMYADSVKGRFTISRDNAKNTLYLQMNSLKPEDTAVYFCARSAGQVVSRASLENDYRGQGTQVTVSS
seq6389,QVQLQESGGGLVQAGGSLRLSCTASGSIFNTATMAWSRQAPGKQRELVASITQGRITYPVDSVKGRFTLSRDNSKNTVYLQMNSLEPEDTAVYYCGVDTIPTSRPRYWGQGTQVTVSS
seq6390,EVQLVESGGGLVQAGGSLRLSCAASGSTFSATIMRWFRQVSGKQRELVAAIGSSGSANVADSVKGRFTISRDNAKNTVYLQMNSLKPEDTAVYYCNAFKMVPPLNSWGQGTQVTVSS
seq6391,EVQLVESGGGLVQPGGSLRLSCAASGSVHLLNFLGWYRQAPGKEREMVAHITIADATDYSHFAKGRFTISRDEAKNMVYLQMNSLRPEDTAVYFCRAGSRIYPYDYWGHGTLVTVSS
seq6392,EVQLVESGGDLVQPGDSLKLSCAASGRTFSSYSMGWFRQAQGKEREFVVAISSSGGYIYDSVSLEGRFTISRDNTKNTVYLQTPSLKPEDTAVYYCAASRAYGSSRLRLADTYDYWGQGTQVTVSS
seq6393,QVQLVESGGGLVQAGGSLTLSCAASGSTFSIRAMRWYRQAPGTERDLVAVIYGSSTYYADAVKGRFTISRDNAKNTLYLQMNNLKPEDTAVYYCNADTIGTARDYWGQGTQVTVSS
seq6394,EVQLVESGGSLVQPGGSLRLSCATSGFTFDDYAMTWVRQAPGKGLEWVSSINWSGTHTDYTDSVKGRFTISRNNANNTLYLQMNSLKSEDTAVYYCAKNWGDAGTTWFEKSGSAGQGTQVTVSS
seq6395,QVQLVESGGGLVQAGGSLRLSCAASGSMFSDNVMGAIRWSGESPYYVDSVKGTIRTGGSTNYADSVKGRFTISRDNAKNTVYLQMNSLKPEDTAVYYCRHTIPVPSTPYDYWGQGTQVTVSS
seq6396,EVQLVESGGGLVQAGGSLRLSCAVSGGTFDDYAIGWFPQAPGKEREGVSYIGCNDGSTYYADSVKGRFTISCDYPKNTVYLQMNHLKPEDTAAYYCAAAAQWATIRWIQQYHYDYWGQGTQVTVSS
seq6397,EVQLVESGGGSVQAGESLRLSCAASGSIFSSNAMAWYRQAPGKRRDLVAAITSVGVTKYADSVKGRFTISRDNAKNTVYLQMNSLKPEDTAVYYCTSDPRRGWDTRYWGQGTLVTVSS
seq6398,DVQLVESGGGLVQPGGSLRLSCAASGSTSSDWAMAWYRQAPGKRRELVAGISGGGATNYPDSVKGRFTISRDNSKNTVYLQMNSLRPEDTAVYYCNLWPPRASPGGGVYWGQGTLVTVSS
seq6399,EVQLVESGGGLVQPGGSLRLSCAASGFGIDFYAMGWFRQAPGKEREFVAAISGSGDDTYYADSVKGRFTISADNSKNTAYLQMNSLKPEDTAVYYCAASASDYGLGLELFHDEYNWGQGTLVTVSS
seq6400,QVQLVESGGGSVQAGGSLRLSCAASGYTVSSGCMGWFRQAPGKERERVAQIGRDATTTYADSVKGRFTIARDDAENTLYLQMNSLKPEDTAMYSCTAYWGVYCLSPGRYWGQGTQVTVSS
seq6401,EVQLVESGGGLVQAGGSLRLSCAASGSIASFNAMGWFRQAPGKEREWVSSVYIFGGSTYYADSVKGRFTISADNAKNTVYLQMNSLKPEDTAVYYCANSNKPKFDWGQGTQVTVSS
seq6402,VQLQESGGGLVQTGGSLRLSCAASGSIFNINSMGWYRQAPGKQRELVAAITVGGRLAYADSAKGRFTISKESARNTVHLQMSSLKPEDTAVYYCTIWAADYQQYWGQGTQVTVSS
seq6403,EVQLLESGGGEVQPGGSLRLSCAASGLTFPNYGMGWFRQAPGKEREFLAVIYWSGGTVFYAESVKGRFTISRDNAKNTVYLQMSSLRAEDTAVYYCAVTIRGAATQTWKYDYWGQGTLVTVKP
seq6404,QVQLQESGGGLVQAGGSLRLSCSASGSTFTSSGSTFSRYAMAWYRQATGQQRELVAGISSGGSTQYADFARGRFTISRDNAKDTVYLQMNNLQPEDTAVYYCNIRILPRWDQTVGSWGQGTQVTVSS
seq6405,QVQLQESGGGSVQAGDSLRLSCAASGRTISNYAMGWFRQAPGKQREFVAAISRSDNTYYTDSVKGRFTISRDNAKNTLYLQMNSLKPEETAVYYCAADPNLMYESKWKYRALEAWGQGTQVTVSS
seq6406,QVKLEESGGGLVQAGGSLRLSCAASERTFSRYPVAWFRQAPGAEREFVAVISSTGTSTYYADSVKGRFTISRDNAKVTVYLQMNNLKREDTAVYFCAVNSQRTRLQDPNEYDYWGQGTQVTVSS
seq6407,QVQLVESGGGLVQAGGSLRLSCAASGRTFSSDAAGWFRQASGKEREFVAAISWSGNYTYSADSVKGRFTISSDNVKNTVYLQMNSLKPEDTAVYLCAAGNRYSDYRISLVTPSQYEYWGQGTQVTVS
seq6408,QVQLQESGGGLVQPGGSLRLSCTASGLTFSDYVMGWFRQAPGKEREFVARSTSTGYINYADPVKGRFTISRDDAKNTVYLQMNSLKPEDTAVYYCAATRYVNRNREYDYWGQGTQVTVSS
seq6409,EVQLVESGGGLVQAGASLRLSCAASGLAFSRYAMGWFRQAPGKERESVAAISSSGDNIYYADSVKGQFTMSRDNAKSSVYLQMINLEPEDTAVYYCAATSPLFVASDYFEASRYGYWGQGTQVTVSS
seq6410,VQLQESGGGLVQAGGSLTLSCAASGSFSSINAMGYYRQAPGKQRELVAAITNGGRIAYSDSAKGRFTISRDSAKNTMYLQMNSLKPEDTDVYYCNAKASPVYGSTVEDYWGQGTQVTVSS
seq6411,DVQLIESGGGLVQVGDSLRLSCAASGRTFSAYAIGWFRQAPGKEREFVAAISGGVVYTRYADFVKGRFTIARDNAKNLVSLQMNSLEPEDTAVYFCAAGQVGSGLAPTTRDRYVVWGQGTQVTVSS
seq6412,EVQLVESGGGLVQTGDSLRLSCAASGGTFSSYSMGWFRQAQGKEREFVVAISSSGGYIYDSVSLEGRFTISRDNTKNTVYLQTPSLKPEDTADYYCAASRAYGSSRLRLADTYDYWGQGTQVTVSS
seq6413,QVQLQESGGGLVQPGGSLRLSCAASGFTFSSHSMSWYRQAPGKQRELVAAITTYGSTNYIDSVKGRFTISRDNTKNTVYLQMNSLKPEDTAVYFCNARSWNNYWGQGTQVTVSS
seq6414,EVQLVESGGGLVQPGGSLRLSCAASGSIGSGDAMGWYRQPPGKQRERVATITSGGLTVYTESVKGRFAISRDNAKNTVYLQMNSLKPEDTAVYYCNTVNYRVGWGPGTQVTVSS
seq6415,QVQLVESGGGSVQAGDSLRLSCAASGNTASRFSMGWFRQAPGKEREGVAAISAGGRLTYYADSVKGRFTISRDNAKNTLYLDMNNLKPEDTAMYYCAAISDRMTGIQALAALPRLRPEDYGNWGQGTLVTVSS
seq6416,EVQLVESGGGEVQPGGSLRLSCAASGSITGANTMGWYRQAPGKQRDLVALIGNYVTHYAESVKGRFTISRDNAKNTVYLQMSSLRAEDTAVYYCYLYTDNLGTSWGQGTLVTVKP
seq6417,QLQLVESGGGLVRPGGSLRLSCAASGSIFSRSGATWYRQAPGKQRELVALLTRDGHTDYPVVSVKGRFTISKDNAKNTVYLQMNSLQPEDTAVYYCNAIPPLGSWGRGTQVTVSS
seq6418,EVQLVESGGGLVQPGGSLRLSCAAYGSFFSIGTMGWYRQPPGNQRELVAVTYGLGSTNYAESVKGRFTISRDNAKNTVSLQMNSLKPEDTAVYYCYAEIDTDPRSGEWDYWGQGTQVTVSS
seq6419,EVQLVESGGGLVQPGGSLRLSCAASGFALDYYAIGWFRQAPGKEREGVSCISSSDGITYYADSVKGRFTISRDNSKNTVYLQMNSLRPEDTAVYYCATDSGGYIDYDCMGLGYDYWGQGTLVTVSS
seq6420,EVQLVESGGGLVQAGGSLRLSCAASGSIFSIKDMRWFRQAPGKHRELVARISSGGATHYADPVKGRFTISRDNAKNTGSLQMNSLKPEDTAVYYCNADDSSAGWPPRNYWGQGTQVTVSS
seq6421,QVQLVESGGGSVQAGGSLTLSCAVSGNTYSTKYMGWFRQAPGKEREGVAAILAGGRNTDYADSVKGRFTISQDNAKNTVYLQMNSLKPEDTAMYYCAADTRAAFWSIGPLNSDQYNIWGQGTQVTVSS
seq6422,EVQLVESGGGLVQAGGSLRLSCAASGQLPRDYILAWFRQAPGKEREFVASIPWVGAMTSYTDSARGRFTISRDNAENTVYLQMNGLKPEDTAIYYCAARTTFGRINWDRASWGQGTQVTVSS
seq6423,QVQLQESGGDLVQPGGSLRLSCAASGFTISTFRMYWVRQAPGKGLEWVSCIDQGGESIYYADSVKGRFTTSRDNAKNTLYLQMNSLKSEDTAVYYCARWDGSSWYSDWYLEVWGQGTLVTVSS
seq6424,EVQLQASGGGLAQPGGSLRLSVTVSGSIDVINNMAWYRQAPGNARELVATITSGFSTNYASSVKGRFTISRDNAKKAVYLQMNSLKPEDTADYYSKVHLIRLGAARAYDYWGQGTQVTVS
seq6425,QVQLQESGGGLVQSGGSLRLSCAVSGFTLDYFTIGWFRQAPGREREGVSAISGRDGDTYYADSVQGRFTISRDNAKNTLYLQMNSLKPQDTAVYYCTRGINLSDAKGDQGTQVIVSS
seq6426,EVQLVESGGGVVQPGGSLRLSCAASRSIGRLDRMGWYRHRPGEPRELVATITGGSSINYGDSVKGRFTISIDNSKNTVYLQMNSLRPEDTALYYCNFNKYVTSRDTWGQGTLVKVSS
seq6427,QVQLVESGGGLVQAGGSLRLSCAASGRAFSSGRMGWFRQAPGKEREFVAAISWSGHTTYKYYADSVKGRFTISRENAKNTVSLQMNSLKPEDTAVYYCAARQSLVAGGDPRGQSEYDYWGQGTLVTVSS
seq6428,EVQLVESGGGLVQPGGSLTLSCAASFSAVAYLSMAWYRQAPGKKRELVAGISDDGSTVYVDSVKGRFTISRDNAKNSVYLQMNSLRAEDTAVYYCYAYEWTNALPYWGQGTLVTVSS
seq6429,EVQLVESGGGLVQPGGSLRLSCAASGRFFSTYAMGWFRQVPGKEREPVAAVNWNGISTYYADSVKGRFTISRDNAENTVYLQMNSLKPEDTAVYLCARKRFQYIFGSQQPESDFDSWGQGTQVTVSS
seq6430,QVQLVESGGGLVQAGGSLRLSCAASGFTFDDYAIAWFRQAPGKEREGVSCISSSDGSTYYADSVKGRFTISNDNAKNTVYLQMNSLKPEDTAVYYCAADLSRSCGRGYRYLEVWGQGTQVTVSS
seq6431,EVQLVESGGGLVQAGGSLRLSCAASGFTFDDYAIGWFRQAPGKEREGVSCISSSDGSTVYADSVKGRFTISSDNAKNTVYLQMNSLKPEDTAVYYCAAERRRGYSDLCRFYYGMDYWGKGTQVTVSS
seq6432,QVQLQESGGGLVQPGGSLRLSCVASGFTFSSRTMNWVRQAPGKGLEWVSTLNRNGDSASYTDSVKGRFTVSRDNAKNTLYLQMNSLKAEDTAVYYCSIGTIRGSRGQGTQVTVSS
seq6433,EVQLAESGGGSVQAGGSLRLSCAASGVTFSSTSVAWFRQAPGKEREGVAYIYTGDSSTYYADSVKGRFTIAQDNAKNAVYLQMNSLKPEDTAMYYCAADGFLLNHRSYQYWGQGTQVTVSS
seq6434,EVQLVESGGGLVQTGGSLRLSCAASGRTPSIVAMGWFRQTPGKEREFVGEIILSKGFTYYADSVKGRFTISRANAKNTITMYLQMHSLKSEDSAVYYCAARQNWSGGPTRTNEYEYWGQGTQVTVSS
seq6435,VQLVESGGGLVQPGGSLRLSCAASGFTLDSYAIGWFRQAPGKEREGVACISASGSGTDYVDSVKGRFTVSRDQAKSMVFLQMNNMKPEDAAVYYCAADYRPRPLPIQAPCTMTGGNYWGQGTQVTVSS
seq6436,EVQLVESGGGLAQAGGSLRLSCAASGITFSLYAMGWYRQAPGKQGELVARISIDGSTNYADSVKGRFTISRDHAKNMVYLQMDSLKPEDTDVYYCNAQSSYLGRDYWGQGTQVTVSS
seq6437,EVQLVESGGGLVQPGGSLRLSCAASGIPSTLRAMGWFRQAPGKEREFVALINRSGGSQFYADSVKGRFTISADNSKNTAYLQMNSLKPEDTAVYYCAIGRGSWGQGTLVTVSS
seq6438,EVQLVESGGGLVQAGGSLRLSCAASGNAFSIDAAAWYRAPGKQREPVATILTGGSTNYADSVKGRFTISRDNAKNTVYLQMNSLKPEDTAVYYCYVPMVYYSGRYSDYWGQGTQVTVSS
seq6439,EVQLVESGGGLVQAGGSLRLSCSASGLLFSVNSAGWYRQAPGKQRDFVARIRSGGSTNYADSVKGRFTISRDKATNTVYLQMNSLKPEDTAVYYCSSWRTGAYEHWGQGTLVTVSS
seq6440,QVQLQESGGGLVEAEGSLRLSCAASGRTFGSYAMGWFRQAPGKERELVAAISSGGSTLYADSVKGRFTISRDNAKNTVYLQMNSLKPEDTAVYYCAARSGGAYYTARVDWPYWGQGTQVTVSS
seq6441,EVQLVESGGDLVQPGGSLRLSCAASGFTFRGYWMTWVRQAPGKGLEWVSSINNIGEETYYVDSVKGRFTISRDNAKNTLYLQMNSLKSEDTAVYYCVKDWASDYAGYSPNSQGTQVTVSS
seq6442,DVQLVESGGGSVQPGGSLRLSCAASARIFSSYHKAWFRQAPGKEREEVAAITSGGSTNYADSVKGRFTISRDNAKNTVYLQMNSLKPEDTAVYYCKAVVVTTTPYSDYWGQGTLVTVSS
seq6443,QVQLQESGGGSVQVGGSLRLACAASGDTFSGYLAAWFRQAPGKEREGVAAINSVRHTTSYANSVKGRFTISKDNADNMMYLEMNSLKPEDTAIYYCAAADAIGLAEYWSTPTLSAARYKYWGQGTQVTVS
seq6444,EVQLVESGGGLVQPGGSLTLSCAASGFTFSSYAMSWVRQAPGKGLELVSDINSGGISTYYADSVKGRFTISRDNAKNTLYLQMNSLKPEDTAVYYCKTDTLVAGTDDYWGQGTRVTVSS
seq6445,EVQLVESGGRSVQAGGSLRLSCAASGRTFRDYAMGWFRQAPGKEREFVAVISWSGAYTEYADSVKGRFTISRNNAANTGALQMNSLKLEDTAVYYCAATMVPRAMVVDEFEYWGQGTQVTVSS
seq6446,QVQLVETGGGLVQAGDPLRLSCVASGRTVSRYDKAWFRQAPGKEREFVAGISWNGDTKIYADSVKGRFTISRENSRDTLDLQIDNLKPEDTAAYYCAVGIAGVQSMARMLGVRYWGQGTQVTVSS
seq6447,EVQLVESGGGLVQPGGSLRLSCAASGFTFDDYAIGWFRQAPGKEREGVSSISSTYGLTYYADSVKGRFTISRDNSKNTVYLQMNNLKPEDTAVYYCAATPIERLGLDAYEYDYWGQGTLVTVSS
seq6448,QVQLQESGGGLVQVGGSLRLSCAASGSTFILNAMGWYRQAPGNRRELVAGISSGGDTNYPDSVKGRFTISRDNANNIVYLQMNSLKLEDTAVYYCNLWPPRASPSGRPYWGQGTQVTVSS
seq6449,EVQLVESGGGLVQAGGSLRLSCAVSGFSFDDYAIGWFRQAPGKEPEGISCISSSGGITYYADSVKGRFTISRDNAKNTVYLQMNSLKPEDTAVYYCATPGIAACRGIHYTGQGTQVTVSS
seq6450,QVQLQASGGGLVQPGGSLRLSCAASGNIFSINTMGWYRQAPGKQRELVASITTGGTTNYEDSVKGRFTISRDNAKKTVYLQMNRLKPEDTAVYYCNHRRSYSGRDYPVYGMDYWGKGTQVTVSS
seq6451,EVQLVESGGGLVQPGGSLRLSCAASGFTFDDYAIGWFRQAPGKEPEGISCISSSGGITYYADSVKGRFTISRDNAKNTVYLQMNSLKPEDTAVYYCATPGIAACRGIHYTGQGTQVTVSS
seq6452,EVQLVESGGGLVQAGGSLTLSCVASGRTFSNYRMGWFRQAPGKEREFVGTIYWSTGRSYYGDSVKGRFIISGDNAKNTIHLQMNSLKPGDTGVYYCASGPEMSAFDSWGQGTQVTVSS
seq6453,QVQLQESGGGLVHAGGSLRLSCTASGRTSSRGGMGWFRQAPGKDREFVAAITWNIGITYYEDSVKGRFTVSRDNAKNTLYLQMNSLKPEDTAVYYCYGGGGYYGQDSWGQGTQVTVSS
seq6454,QVQLQESGGGLVQAGGSLRLSCAASRSSLSTYAMGWYRQAPGKQRELIATITTGGVTQYVDFVKGRFTISRDNAKNTVYLQMNSLKPEDTAVYYCVRSPRTSWTSWGQGTQVTVSS
seq6455,EVQLVESGGGSVQAGSSLTLSCVASEGTFSSYGMGWFRQAPGKERAFVATINWSGVNAYADSVKGRFTISRDNAKKTAYLQMNSLKPEDTAVYYCAAETYGSGSSLMNEYDYWGQGTQVTVSS
seq6456,QVQLQESGGGSVQAGGSLRLSCAASRYIDSNYYLGWFRQAPGKEREGVAAITDGGGSTYYADSVKGRFTISQDNAKSTVYLLMNSLKPEDTAIYYCAADPWGISPMTSLNREWYNYWGQGTQVTVSS
seq6457,NVKLVEKGGNFVENDDDLKLTCRAEGYTIGPYCMGWFRQAPNDDSTNVATINMGGGITYYGDSVKERFDIRRDNASNTVTLSMDDLQPEDSAEYNGAGDSTIYGSYYECGHGLSTGGYGYDSHYRGQGTDVTVSS
seq6458,EVQLVESGGGLVQAGDSLSLSCTASRGTFRNFGMGWFRQAQGKEREFVAAISRSGGHKYYSDSVQGRFTISKDNAKNMVSLQMNSLKPEDTAVYYCAARFRFDDGTSYYQRAFYDFWGQGTQVTVSS
seq6459,EVQLVESGGGVVQAGGSLRLSCAASGLTFSSYAMGWFRQAPGKERERVVSISRGGGYTYYADSVKGRFTISRDNAENTVYLQMNSLKPEDTATYYCAAARYWATGSEYEFDYWGQGTLVTVSS
seq6460,DVQLQASGGGLVQAGASLRLSCAASGRTFSTYAMGWFRQAPGKEREFVATISWSGVSTYYADSVKGRFTISRDNAKNTVYLQMNSLKPEDTAVYYCNVGSPLNYWGQGTQVTVSS
seq6461,EVQLVESGGGLVQPGGSLRLSCAASGFTFGHYAMGWFRQAPGKEREFVAAISWSGVSTYYADSVKGRFTISADNSKNTAYLQMNSLKPEDTAVYYCASSPYGPLYRSTHYYDWGQGTLVTVSS
seq6462,VHLVESGGGSVQAGGSLRLSCAASGVSVVNFAMRWYRQAPGNEREFVSAMYRSGSTSYADSVRGRFTISRDSALNTVFLQMSGLKPEDTATYYCQATSPMGDTYWGQGTQVTVSS
seq6463,EVQLVESGGGSVQAGGSLRLSCAFSGGRFSDYGMAWFRQGPGKEREFVSRISGNGRGTQYTDSVSGRFIISRDNDKNTVYLQMNDLKVEDTAIYYCARGSGPSSFNEGSVYDYWGQGTQVTVSS
seq6464,QVQLQESGGGLVRPGESLRLSCVVSGSDINFNVMGWYRQAPGQQRELVATITSGGSTDYADSVKGRFTISRHNANNMVYLQMNSLKPEDTAVYYCNADIFFVNYWGKGTLVTVSS
seq6465,EVQLVESGGRLVQAGDSLRLSCAASGRTFTSYRMGWFRQAPGKEREFVSALRWSSGNIDYTYYADSVKGRFSISGDYAKNTVYLQMNSLKAEDTAVYYCAASTRWGVMESDTEYTSWGQGTLVTVSS
seq6466,DVQLVESGGGLVQAGGSLRLSCAASGRTSSPYVTGWYRQTPGKEREPVATVSWGGVTYYADSVKGRFTISRDNAKNTVYLQMNALKPEDTAIYYCNVNTFGNVYWGQGTQVTVS
seq6467,LQLVESGGGLVQPGGSLRLSCAASGLTSRPYYIGWFRQSPGKEREGVSCISSREGSTNYADSVKDRFTISRDNAQSMFYLQMNSLKSEDTAVYYCAGRYSTCSGMARDYNYWGQGTQVTVSS
seq6468,EVQLVESGGGLVQPGGSLTLSCAASGSSVRFLSMAWYRQAPGKKRELVAGISQDGSTDYIDSVKGRFTISRDNAKNSVYLQMNSLRAEDTAVYYCYAYRWRTRYTYWGQGTLVTVSS
seq6469,QVQLQESGGGSVQAGGSLRLSCTASGFTFDDLDMRWYRQAPGNECELVSIINSDGRTYYADSVKGRFAISQNNAKNTVYLQMNSLKPEDTAVYYCAADQHRYGLGTCEALDYWGRGTQVTVSS
seq6470,QVQLQESGGGLVQAGGSLRLSCEASGTTFSRDVMGWYRQAPGKQRELVAIISRGGSTNYADSVKGRFTISRDNAKNTVYLQMNSLAPEDTAVYYCNANTATWGRVFWGQGTQVTVSS
seq6471,QVQLQESGGGLVQAGGSLRLSCAASGSIFSGNVMGWYRQVPGKQRDLVATITGGGITHYADSVKGRFTISRDNAKNTVYLQMNSLKPEDTAVYYCLYRRIMQQYWGQGTQVTVSS
seq6472,EVQLVESGGGTVQAGGSLRLSCAASGHTGTTCSMNWYRQAPAKERELVSSINDFGSTWYADSVKGRFTISEDKAKHVLFLQMNNLRPEDTAMYYCATGNCNYTCHACFPPDYNYWGQGTQVTVSS
seq6473,QVKLEESGGGLVQAGGSLRLSCAASGRTPRHYIVGWFRQAPGKEREFVAAVRESGSSTEYAENVKGRFVISKDNVKSTVFLQMNSLKPEDSAVYYCALDRFPTPEFSDRVGHYDLWGQGTQVTVSS
seq6474,DVQLVDSGGGLVQAGGSLRLSCAASGTFSSIDSMRWFRRAPGKEREFVAHITSTGRTNYADAVKGRFTISRDNAKNTMWLQMDNLKPDDTAVYYCNMVTTPYMHWGQGTQVTVSS
seq6475,EVQLVESGGGLVQPGGSLRLSCAASGFTFDDYGMSWVRQAPGRATEWVSAISWNGNNTYYTESMKGRFTISRDNAKNTLYLQMNSLRPEDTAVYYCVKGSTAIVGVPPTYPDEYDYWGQGTLVTVSS
seq6476,EVQVQESGPGLVKPSQTLSLTCTVSGASIADKSSAWSWIRQPPGKGLEWMGVIRYDGNTRYSPTLKSRTTISRDTSKNQISLQLTSVTPDDTAVYYCSREITLWGQGTQVTVSS
seq6477,QVQLVESGGGLVQSGGSLRLSCAASRRTASNYAVAWFRQAPGKEREFVAAIGWSDDVTYYADSVKGRFTVSRDNAKNTVYLQMNGLEPEDTAVYYCTTNGDRYSYRTASSYHYWGQGTQVTVSS
seq6478,QVQLQQSGGGLVQAGGFLRLSCVASGMIFNFNDMAWYRQAPGKQRESVAVITTGGTTTYADSVKGRFTISRDNAKSTMFLQMNMLKPEDTAVYYCAVDRIPLVRSRCSSANYWGQGTQVTVSS
seq6479,EVQLVESGGGLVQPGGSLTLSCAASGSSVRFLSMAWYRQAPGKKRELVAGISRDGSTDYIDSVKGRFTISRDNAKNSVYLQMNSLRAEDTAVYYCYAYRWSTRYTYWGQGTLVTVSS
seq6480,VQLQESGGGSEQPGGSLRLSCAASGRTVGSYSMGWFRQAPGKEREFVAAVTRSGASPYYADSVKGRFTISRDNAKNTVYLQMNSLKPEDTAVYYCAANPTYSGGWHAEYWGQGTQVTVSS
seq6481,EVQLVESGGGLVQAGDSLRLSCAASGRTGSSGAMGWFRQGPGKEREFVAALMWRNTVTYSYYADSVKGRFTISRDNAKNTAYLQMNSLKPEDTAVYYCAADPDTYGDPRNSGAYSYWGQGTLVTVSS
seq6482,QVQLQESGGGSVQAGGSLRLSCAASESMFRDHNMGWYRQAPGKQRELVATISRGGLINYGDSVRGRFTISRDNAKNTIYLQMNSLKVEDTAVYYCNARRLLTTVWGQGTQVTVSP
seq6483,QVQLVESGGRLVQAGGSLRLSCIASGRTISDYAAGWFRQAPGKEREFLASVTWGFGSTSYADSVKGRFTISRDKAKDTVYLQMNTLEPDDTSVYYCASSPRYCAGYRCYVTASEFDSWGQGTQVTVSS
seq6484,QVQLVETGGGLVQAGGSLRLSCVVSSPLFNLYDMAWYRQAPGNQRELVAGILTDGRATYSDSVKGRFTISRNNLTNTVFLQMSSLKPEDTAVYYCNRKNSIYWDSWGQGTQVTVSS
seq6485,QVQLQESGGGLVQPGGSLRLSCTASVSIFSVNAVDWYRQSPGKERELVAIMTSDGSTNYGDSVKGRFTISRDNAKNTVYLQMNNLKPEDTAVYYCNTVPPRYWGQGTQVTVSS
seq6486,EVQLVESGGGLVQPGGSLTLSCAASGSHVSFLSMAWYRQAPGKKRELVAGISADGPTDYIDSVKGRFTISRDNAKNSVYLQMNSLRAEDTAVYYCYAYRWDTRYTYWGQGTLVTVSS
seq6487,EVQLMESGGGLVQAGGSLRLSCAASGRTFSRYAMGWFRQAPGKEREFVAAISWSGGSIYYADSVKGRFTVSRDNANNTVYLQMNSLKPEDTAVYYCATDSARFSSGERRSRMQYDFWGQGTQVTVSS
seq6488,EVQLVESGGGLVQPGGSLRLSCAVSGFTSDYYVVAWFRQTPGHEREGVSSIRIGDYATYYADSVKGRFSISRDNAKNMVYLQMNSLKPEDTAVYTCAARYDSHLGGGRPREFPYWGQGTQVTVSS
seq6489,QVQLVESGGGLVQPGGSLRLSCTASGISFSISTMGWYRQAPGKQRELVATITSGGEAYYANSMKDRFTISRDNAENTVYLQMNRLKPEDSAVYYCNTKFPWSTDWDSRGQGTQVTVSG
seq6490,EVQLVESGGGLVQPGGSLRLSCAASGFTFSIYAMGWFRQAPGKEREGVAAISWSGGTTYYADSVKGRFTISADNSKNTAYLQMNSLKPEDTAVYYCAAAAGWVAEYGYWGQGTLVTVSS
seq6491,EVQLVESGGGLVQPGDSLRLSCAASGFTFGNYDMSWVRQAPGKGPEWVSGINSGGKTYSADSVKGRFTISRDNAKNTLYLQMNNLKPEDTAVYYCILGIVTLGSWGQGTQVTVSS
seq6492,EVQLVESGGGLVQPGGSLRLSCAASGFTLDYYGIGWFRQAPGKEREWVSCISSSGGSTYYADSVKGRFTISRDNAKNTVYLQMNSLKPEDTAVYYCAAQKGTPPLGCPAYYGMDYWGKGTLVTVSS
seq6493,EVQLVESGGGLVQAGGSLRLSCAASRHTFSGYAMGWFRQAPGKEREFVAAIRWSGGITYYADSVKGRFTISSDNAKNTVYLQMNSLKPEDTALYYCARSVTYYSGSHAYTQEGGYARWGQGTQVTVSS
seq6494,QVHLMESGGGSVQAGGSLRLSCAASGYTYRSNFMGWFRQAPGKEREGIATIHSGVATTYYADSVKGRFTISQDNAKNTVYLQMNSLKPEDTAMYYCAAGGPPANADRWYPLRPPGYNYWGQGTQVTVSS
seq6495,EVQLVESGGGLVQPGGSLRLSCAASGFTSDDYAIGWFRRAPGKEREGVSYISNEDGSTYHADPVKGRFTIYSDNAKRTVYLQMNSLKPEDTAVYYCAAAILGDYVRWLSEYDYNYWGQGTQVTVSS
seq6496,QVQLQESGGGLVQVGGSLRLSCAASGSSFIINAMGWYRQAPGKRRELVAGISSDGATHYPDSVKGRFTISRDNAKNIVYLQMNSLKPEDTAVYYCNLWPPRASPSGRVYWGQGTQVTVSS
seq6497,QVQLQESGGGLVQAGGSLRLACVASGNIGLVSVMDWYRQVPGKERELVATITGGGRTNYADSVKGRFTISMDYAKATVYLQMNNLQPEDTAVYYCRLVSSGRAFWGQGTQVTVSS
seq6498,QVQLQESGGGLVQAGGSLRLSCAASGTIFTLPDMGWYRQAPGKEREFVAGIAGGSSTYYADSVKGRFTISRDNAKNTVYLQMNSLKPEDTAVYYCAVGYVAESSDFYDYSNYHEYWGQGTQVTVSS
seq6499,VQLQESGGGLVQPGGSLRLSCAASGGISSINSMGWYRQAPGNQRELVAAITNGGRTVYGDSVKGRFTISRDSAGNTVHLQMDSLRPEDTGVYYCKAFTRGDDYWGQGTQVTVSS
seq6500,EVQLVESGGGLVQPGGSLRLSCAASGFTFSSSSMYWVRQAPGKGLEWVSTINMIGFRSYADSVKGRFTIFRDDAKNTLYLQMNNLKPEDTALYYCARDRGGDVRGQGTQVTVSS
seq6501,QVQLQESGPGLVKPSQTLSLACTVSGGSITTSYYYWSWIRQPPGKGLEWMGAIGSRGSTYYSPSLKTRTSISRDTSKNQFTLQLSSVTPEDTAVYYCARVTGEITYNSGSYYYTLNLFDYWGQGTQVTVSS
seq6502,QVQLVESGGGLVQPGGSLTLSCVISGFRMDIATMSWVRQAPGKGLEWVAGIINYRNFTWYSDSVKGRFTISTDTAKSEVYLQMNSLKSEDTAVYYCAHGGSDTATSRAIRGQGTQVTVSS
seq6503,EVQLVESGGGSVQPGGSLRLSCAASGFTFRGYWMSWVRQAPGKGLEWVSAINNLGGDTYYADSVKGRFTISRDNAKNMLYLQMNSLKAEDTAVYYCARDWYDDPNKNEYKGQGTQVTVSS
seq6504,EVQLVESGGGLVQAGGSLRLSCAASERTISNYDMGWFRQAPGKERELIAADISWSALNTNYADSVKGRFTISRDNAKNMVYLQMNNLKPEDTAVYYCAARRSGYASFDNWGQGTQVTVSS
seq6505,QVQLQESGGGLVQAGGSLRLSCAASGAIAYIYGMGWYRQAPGNQRELVAAISSGGSTDYADSVKGRFTISRDNAKNTVYLQMSSLKPEDTAVYYCNADVRTSRNLVRSDYWGQGTQVTVSS
seq6506,QVQLQESGGGRVQPGGSLRLSCAAIGSIFEINSIGWYRQAPGKQRELVAAITSGGITNYANSVQGRSTISRDNVNNTVYLQMNSLKPEDSAVYYCKGFTGWGKEDYWGQGTQVTVSS
seq6507,VQLQESGGGLVQPGGSLRLSCAASGTFFNIPVMGWYRQAPGKQRELVAGISTGGTTNYGDSVKGRFTISRDNAKNTVYLQMNSLKPEDTAVYYCNVLVISGIGSHLEVWGQGTLVTVS
seq6508,DVQLQASGGGLVQAGGSLRLSCAASARTFYTMGWFRQVLGKDREFVGAIRWGVYATTRYADSVKGRFSISRDDATNTVALQMNSLKPEDTAVYYCAARAGPLGFELSATSSAEYDYWGQGTQVTVSS
seq6509,VQLQESGGGLVQAGGSLRLSCAASGLTFDTYAMGWFRQAPGKKREYVAAISWTGISTYYADIAKGRFTISRDNAKNTLYLQMDSLKPEDTAVYYCAAQRSLNVPAPWDYWGQGTQVTVSS
seq6510,QVQLQESGGGLVQAGGSLRLSCAASGSIAYIYTMDWYRQAPGKQRELVATSTHDGNTDYADSVKGRFTISRDNAKNTVYLQMNSLKPEDTAVYYCNADLRTAVDLIRANYWGQGTQVTVSS
seq6511,EVQLVESGGGLVEAGVSLRLSCAASGRTSENFAMGWFRQAPGNEREFVAAITRNHRTFYKESVKDRFTISRDDAKNTVYLEMNNLVPDDTAVYTCAAKFDPYASASSYYTGYYYWGQGTQVTVSS
seq6512,SGGGSVQPGGSLRLSCAAIGSVFTMYTTAWYRQTPGNLRELVASITDEHRTNYAASAEGRFTISRDNAKHTVDLQMTNLKPEDTAVYYCKLEHDLGYYDYWGQGTQVTVSS
seq6513,DVQLVESGGGSVETFGSLRLSCVATGDTVGSVSMGWFRQAPGKPLEGVAAYNRAGGVRAYADSVRGRFSVSQEYRSNTQYLNMINLRPEDTGIYYCAAGPHDTLARNGNLRPDGYIYWGQGTQVTVSS
seq6514,QVQLQESGGGLGQAGGSLRLSCEASGRAFSTYHMGWYRQAPGKQRELVATITSSGNINYADSVKGRFTISRDNAKNTVNLQMNNLKPDDTAVYYCNRGVLSPSDVYWPSTTWGQGTQVTVSS
seq6515,DVQLVESGGGLVQAGESLRLSCAASGSIFSINTMGWYRQAPGKERELVAVITSGGKTVYADSVKGRFTITEDAAKNTVYLQMNSLKAEDTAVYYCYADSRSSWYDEYLEHWGQGTLVTVSS
seq6516,GSLRLSCAASGRTFSTAAMGWFRQAPGKERDFVAGIYWTVGSTYYADSACGRFTISRDNAKNTVYLQMDSLKPEDTAVYYCAARRRGFTLAPTRANEYDYWGQGTQVTVSS
seq6517,QVQLQESGGGLVQAGGSLRLSCAVSGNTLSRYAMGWFRQTPGKEREFVAAIRWNNGATYYAESVKGRFTISRDTGKNTVYLQMNNLKPEDTAVYYCAGRFLGYASSNAYHEALYNYDYWGQGTQVTVSS
seq6518,EVQLVESGGGLVQAGGSTRLTCKASGSISNINSINVMAWYRQAPGKGRELVAIIGKGGGTNYADFVKGRFTISRDAAKNTVNLQMNSLRPEDTAVYYCYADYEDHDSPFNASWGQGTQVTVSS
seq6519,GSLRLSCAASGRTFSTAAMGWFRQAPGKERDFVAGIYWTVGSTYYADSAKGRFTISRDNAKNTVYLQMDCLKPEDTAVYYCAARRRGFTLAPTRANEYDYWGQGTQVTVSS
seq6520,EVQLVESGGGEVQPGGSLRLSCAASGSITGANTMGWYRQAPGKQRDLVALIGNYVTHYAESVKGRFTISRDNAKNTVYLQMNSLRAEDTAVYYCYLYTDNLGTSWGQGTLVTVKP
seq6521,QVQLQESGGGLVQAGGSLRLSCAASGSSISMNSMGWYRQAPGKERERVALIRSSGGTYYADSVKGRFTISRDNAKNTVYLQMNNLKPEDTAVYYCQARRTWLSSESWGQGTQVTVSS
seq6522,EVQLVESGGGLVQPGGSLRLSCTASTSIFSLYDMGWYRQAPGKERELVARITSGRSINYADSVKGRFTISRDNAKNTVYLQMNSLKPEDTAAYYCNANHHDWGTNWDFWGQGTQVTVSS
seq6523,EVQLVESGGGLVQPGGSLRLSCAASGSTFRLNVMAWYRQAPGKGRELVAAIITNGTTTYADSVKGRFTISRDNAKNTLYLQMNSLRPEDTAVYYCAFVTTNSDYDLGRDYWGQGTLVTVSS
seq6524,QVQLQESGGGSVQAGGSLRLSCAASGYTRSLYCMGWFRQAPGREREGVAHVYTGDGSPYYADSVKGRFTISQDNGESTLYLQMNNLKPEDTAMYYCAAGTSALSRPYGPISYGYWYWGQGTQVTVSS
seq6525,EVQLVESGGGLVQPGRSLTLSCAASTNIFSKSPMGWYRQAPGKQRELVAAIHGQSTLYADSVKGRFTISRDNAKNSIYLQMNSLRPEDTALYYCNKVPWGDYHPRNVTWGQGTQVTVSS
seq6526,EVQLVESGGGLVQPGGSLRLSCAASGSAFRSTVMGWFRQAPGKEREFVAAISWTGESTLYADSVKGRFTISADNSKNTAYLQMNSLKPEDTAVYYCATGPYRSYFARSYLWGQGTLVTVSS
seq6527,GLVQAGGSLRLSCVVSGRNFSDYAMGWFRQVPGREREFVGAISLSGGATRYVDSVKGRFTISRDNAKSTVYLQMNSLKPEDTAVYYCATKDSGRRDGMDYWGKGT
seq6528,LQQSGGGLAQTGGSLSLSCTTSGRASSNYALGWFRQAPGKEREFVAAISWSGGYTYYADSVKGRFTISRDNAKNTVYLQMSSLKPEETAIYYCVARDYRLWSPYQYEYDYWGQGTQVT
seq6529,EVQLVESGGGLVQPGGSLTLSCVASGSTRSINAMGWYRRAPGKQRELVAGISSDGSKVYADSVKGRFTISRDNAKNSVYLQMNSLRAEDTAVYYCYYFHTVSGSSMRYWGQGTLVTVSS
seq6530,EVQLVESGGGQVQPGGSLRLSCESSVSIWSFKVMGWFRQVPGKQRELVATITTGGSPHYSDSVKGRFTISRDYDKRTLYLQMNSLKPEDTARYYCAGRLWAHITSSGHDVWGQGTQVTVSS
seq6531,QVQLVESGGGLVQAGGSLRLSCAASGRAFIAYAMGWFRQGPGKEREFVAAISSYSGTNTNYADSVRGRFTISRDNVENMVYLQMNNLKPEDTAVYYCAADRRVLTSTSPFWGQGTQVTVSS
seq6532,QVPLLESGGSLVPPGGSPTIPRATPGFPFHNYWMYWVPPAPGKALQWVSRFNFCGGSTYYTHSVKGIFTISRDNQKNTLYLQMNSLQPEDTALYYCRGGIVLHYWGQGTQVTVSS
seq6533,EVQVVESGGGLVQPGGSLRLSCAASGSILHIPVMSWYRQAPGKQRELVAGISTGGTTNYGDSVKGRFTISRDNAKNTVYLQMNSLKPEDTAAYYCNVLVVSGIGSHLEVWGQGTLVTVSS
seq6534,EVQLVESGGGLVQPGGSLTLSCAASGSSVSFLSMAWYRQAPGKKRELVAGISVDGSTDYIDSVKGRFTISRDNAKNSVYLQMNSLRAEDTAVYYCYAYRWRTRYTYWGQGTLVTVSS
seq6535,EVQLVESGGGLVQPGGSLRLSCAASGRTFSIDAMGWFRQAPGKEREFVGAITWGGGNTYYADSVKGRFTISADNSKNTAYLQMNSLKPEDTAVYYCAAIVTDGDYDGWGQGTLVTVSS
seq6536,EVQLVESGGGLVQAGDSLTLSCVASGRRFSAYGMGWFRQAPGKEREFVASINWGDGNTYYANSVKDRFAISKDHAKNTVYLQMNSLKPEDTALYYCAAVSSNTEIFDTWGQGIQVTVSS
seq6537,EVQLVESGGGLVQAGGSLRLSCAASGTISSINAMGWFRQAPGKEREFVAAIVKGFSWGSGSTIYADSVKGRFTISRDNAQNTMSLQTNSLELEDTAIYYCAHGRRSSGRSGYEYWGQGTQVTVSS
seq6538,EVQLVESGGGLVQPGGSLRLSCAASGSIGGLNAMAWYRQAPGKERELVAGIFGVGSTRYADSVKGRFTISRDISKNTVFLQMNSLRSEDTAVYYCRMSSVTRGSSDYWGQGTLVTVSS
seq6539,QLQLVESGGGLVQAGGSLRLSCAASGNTSGINLMAWYRQASGKQREFVANIARGGLPKYADSAKGRFTISRNNAKNTIYLQMNSLKPEDTAVYYCNAVWDWRLGEYWGQGTQVTVSS
seq6540,QVQLQESGGGSVQTGGSLRLSCTASGFTFDAADMGWYRQAPGNECELVSIISSDGSTYYADSVKGRFTISQDNAKNTVYLQMNSLKPEDTAVYYCAAPRVGVGWVRPCDYEYNYWGQGTQVTVSS
seq6541,EVQLVESGGGLVQAGDSLTLSCTASGRTFDNYAMGWFRQAPGKEREFVAAISWSLSRTHYADSVKGRFTISRDNAKNTVLLQMSSLKPEDTAVYYCAAAPRPKRVSVSYFSTTSNYDYWGQGTQVTVSS
seq6542,QVQLQESGGGLVQAGGSLRLSCAASGSIFSIRVMGWYRQAPGKQRELVATMSRGGTINYADSVRGRFTISRDNAKSTVYLQMNSLKPEDTDVYYCAALLDSYYWGQGTQVTVSS
seq6543,NVKLVEKGGNFVENDDDLKLTCRASGRSFSSYIMGWFRQAPNDDSTNVATISETGGDIVYTNYGDSVKERFDIRRDIASNTVTLSMDDLQPEDSAEYNCAGSVYGSGWRPDRYDYRGQGTDVTVSS
seq6544,DVQLVESGGGLVQPGGSLRLSCVASGRTFSIYTMGWFRQAPGKEREFVAAISWSGGRTYYADSVKGRFTISRDNSKNTVYLQMNSLRPEDTAVYYCTAYTGRSYGSYDYWGQGTLVTVSS
seq6545,EVQVQESGPGLVKPSQTLSLTCTVSGGSITTSYSAWSWIRQPPGKGLEWMGLIAYDGSTYYSPSLKSRTSISRDTSKNQFSLQLSSVTPEDTAVYYCASDSYYSGSYYSGSYYYTAWGQGTQVTVSS
seq6546,AVQLVESGGGLVQAGGSLRLSCAASGFTFDYYAVGWFRQAPGKEREAVSCSSSSDGRTYYADSVKGRFTISRDNAKDTVYLQMNSLKPEDTAVYYCATGFFVRSCSSPDSYDYWGQGTRVTVSS
seq6547,EVQLQASGGGVVQPGGSLTLSCVSSGFRFNVYAIGWFRQAPGKEREAVGAISTTDGVTTYADAVRYRFSITRDRAKNTVYLQMNSLKPEDTAIYYCAARGTWGLLSLDVSEYGYWGQGTQVTVSS
seq6548,EVQLVESGGGLVQPGGSLRLSCAAPGIIFSSRSTAWYRQAPGKQREFVAQINTLGSAYYADPVKGRFTIARDNSKNTVYLEMNSLKREDSAVYYCNVPNGNLWGQGTQVTVSS
seq6549,QVQLQESGGGTVQAGGSLRLSCSISGDTSNSYCMGWFRQAPGKEREVVARISTGVISPGYNKFAEGRFTISPDNAKNSVYLQMNNLKPEDTAMYFCAARTGSCSGSWGVADSFNGWGQGTQVTVSS
seq6550,QVQLQESGGGSVQAGGSLRLSCAASGNTHITLAWFRQAPGKEREGVVFIYTSTGYTYYSDSVKGRFTISQDNAKNTVYLQMDNLKPEDAGMYYCAAGRTRSVRPGGRIDPGAFDYWGQGTQVTVSS
seq6551,DVQLVESGGGLVQPGGSLRLSCAASGSTSSAWAMAWYRQAPGKRRELVAGISGGGATNYPDSVKGRFTISRDNSKNTVYLQMNSLRPEDTAVYYCNLWPPRASPGGGVYWGQGTLVTVSS
seq6552,EVQLVESGGGLVQPGRSLTLSCAASTNIFSTSPMGWYRQAPGKQRELVAAIHGTSTLYADSVKGRFTISRDNAKNSIYLQMNSLRPEDTALYYCNKVPWGDYHPGNVYWGQGTQVTVSS
seq6553,QVQLVESGGDSVQAGGSLQLSCKASGYTYNSRVDIRSMGWFRQYPGKEREGVATINIRNSVTYYADSVKGRFTISQDNAKNTVYLQMNALKPEDTAMYYCALSDRFAAQVPARYGIRPSDYNYWGQGTQVTVSS
seq6554,QVHLVESGGGLVQPGGSLRLSCAASGFTFDDYGMTWVRQAPGKGLEWVSAVNSGGGTSYADSVKGRFTISRDNAKNTLYLQMNSLKPEDTAVYYCAKRDGSWWGYTTDYWGKGTQVTVSS
seq6555,LQESGGGLVQAGGSLRLSCGASGSTFSISTMGWHRQAPGKEREYVANIGSLGTTDYADSVKGRFTISRDNAKNTVYLQMNSLKPEDTAVYYCNQDGLYGFTGKNYWGQGTQVT
seq6556,EVQLVESGGGVVQPGGSLRLSCAASETIFSIDSMAWYRQAPGKQRELVAAITGGGSPNYADSVKGRFTISSDVSKRTVYLQMNSLRPEDTALYYCNAEGQAGWGTALRDYWGQGTLVTVSS
seq6557,EVQLVESGGGLVQAGGSLSLPCTASGGTFRNYGMGWFRQAQGKEREFVAAISRSAGRTYYSDSVKGRFTISKNNAKNIMSLQMNSLKPEDTAVYYCAARFRFDDGTYYYQRAFYDFWGQGTLVTVSS
seq6558,EVQLVESGGGLVQPGGSLRLSCRASGAIFSINHMGWYRQAPGKQRELVATITSGGSTNYADSVKGRFTISRDNAKNTVYLQMNSLKPEDTAVYSCNLDWTTGWGSRRDYWGQGTQVTVSS
seq6559,EVQLVESGGGWVQPGGSLRLSCAASGFTLDYFAIGWWRQAPGKGREGVSCISSGDGSTNYADSVKGRFTISRDNAKNTVYLQMNSLKPEDTAVYYCATDRSVYYCSGGAPEEYYWGQGTQVTVSS
seq6560,EVQLVESGGGLVQPGGSLTLSCVASGSTSSINAMGWYRRAPGKQRELAAGISSDGSSVYADSVKGRFTISRDNAKNSVYLQMNSLRAEDTAVYYCYYFRTVSGSSKRYWGQGTLVTVSS
seq6561,QVQLQQSGGGLVQPGGSLRLSCAASEFSLLFGTIGWFRQAPGKEREGVSCVSSSDGSTYYADSVKGRFTISRDKAKNTWYLQMHSLKPEDTAVYYCATRCTVVPGITWGQGTQVTVSS
seq6562,EVQLVESGGGLVQPGGSLRLSCAASGRTYYLNAMGWFRQAPGKEREFVAAIDWSEGNKDYADSVKGRFTISRDNSKNTVYLQMNSLRPEDTAVYYCAADTPPWGPLIYIESYDSWGQGTLVKVSS
seq6563,EVQLVESGGGLVQPGGSLRLSCAASGFTLDYYAIGWFRQAPGKEWEGVSCISSSDGSTYYADSVKGRFTISRDNAKNTVYLQMNSLKPEDTAVYYCATDSIVCGSYYGMDYWGKGTQVTVSS
seq6564,EVQLQASGGGLVQAGGSLRLSCAASGRSFSGSTMEWYRQAPGKERKFVAAIRTISSRTYYVDSVKGRFTISRDSTKNTVYLQLNSLKVEDTAVYYCAARFSGTIGTTSSVDYWGQGTQVTVSS
seq6565,EVQLVESGGGLVQPGGSLRLSCAASGFTFGSYDMSWVRQAPGKGPEWVSSIDTGGDITHYADSVKGRFTISRDNANNMLYLQMNSLKPEDTAVYWCATDEDYALGPNEYDYYGQGTQVTVSS
seq6566,VQLQEFGGGLVQAGESLRLSCVASGSNISTNVMAWYRRAPGNQRDMVASISTSGTTNYLASVKGRFTISRDNAKNTVSLQMNSLKPEDTAVYTCYAAWPLNTWGQGTLVTVSS
seq6567,QVQLVESGGGLVQTGQSLRLSCAAAGRTFSVYAMGWFRQAPGKEREFVASVSWRTGFPNYADSVKGRFTISRDNAKNTVHLQMNNLIPADAAVYYCASRSGLWVGAPPSDPSHYDYWGQGTQVTVSS
seq6568,QVQLQESGGGSVQAGGSLRLSCAASGYTVSNNYMGWFRQAPGKGREGVAAVYIGDGRPYYADSVKGRFTISLDSAKNTVYLQMNSLKPEDTAMYYCAAAPGPLSQHYWYTSANYDYWGQGTQVTVSS
seq6569,QVQLQESGGGLVQPGGSLRLSCAASGLNFRRYTMGWFRQAPGKEREFVGVINWSDDSIYYADSVKGRFAISRDNTKNTVYLQMASLKPEDTAVYYCAASPQWDTRVRQTMRGKYDYWGQGTQVTVSS
seq6570,KVQLVESGGGLVQPGGSLRLSCATSGTIFRSNAMGWYRQAPGKKRDLVASISNSGSTNYADSVKGRFTVSRDNDKNTGYLQMNSLKPEDTGVYYCTVDARRGWNSGYWGQGTQVTVSS
seq6571,QVQLQESGGGLVQPGGSLRLSCAASGSDFSATAMTWYRQPPGKSREYVARIFLSGGTNYADSVKGRFTISRDNAKNTFYLQMNNLKREDTAVYYCNLASYWGQGTQVTVSS
seq6572,EVQLVESGGGLVQPGGSLRLSCAASGRINSMNWYHQAPGKEREWVASITSSGTAIYADSVKGRITISRDNAKNTVYLQMNSLKTEDTGVYYCAANLQNARGSYYGQGTQVTVSS
seq6573,EVQLVESGGGVVQPGGSLRLSCAASGLTFSSYAMGWFRQAPGKEREFVASISRGGGYTYYADSVKGRFTISRDNSKNTVYLQMNSLRPEDTATYYCAAARYWATGSEYEFDYWGQGTLVTVSS
seq6574,EVQLVESGGGLVQAGGSLRLSCAASGFTFRNYAMGWFRQAPGKEREFVSSISSSSSRTSYADSVKGRFTISADNAKNTVYLQMNSLKPEDTAVYYCAARLWGTWTAGDYDYWGQGTQVTVSS
seq6575,EVQLVESGGGVVQAGGSLRLSCAASGGTFSFYGMGWFRQAPGKEQEFVADIRTSAGRTYYADSVKGRFTISRDNAKNTVYLQMNSLKPEDTAVYYCAAEMSGISGWDYWGQGTQVKVSS
seq6576,QVQLVESGGGLVQAGGSLRLSCAGSGRSFSAAVMGWFRQAPGKEREFVAALRQIIGSTHYADSVKGRFTISRDNAKNMLYLDMNSLKPTDTAAYYCTAGPPTMLDVSTDREYDTWGQGTQVAVSS
seq6577,EVQLVESGGGLVQPGGSLRISCAASGSIYLINYMGWYRQAPGKQRELVATLTSGGSTNYAGSVKGRFAISRDNAKNTVYLQMNSLKPEDTALYYCNIGGTLYDRRRFESWGQGTLVKVSS
seq6578,LQLVETGGGLAQPGGSLSLSCELSGGTFSRGTMGWYRQAPGKQRELVASMISGDYINIVDSVKGRFTISRDNAKNTVYLQMNSLKPEDTAVYFCKYNFEGLAYWGQGTQVTVSS
seq6579,EVQLVESGGGLVQTGGSLRLSCVASGRTYRGYSMAWFRQPPGKEREFVAAITWSEGNTYYEDFVKGRFTISRDNAKNTLYLQMTSLKPEDTALYYCAAKIRPYIFKIPGQYDYWGQGTLVTVSS
seq6580,EVQLVESGGGLVQPGGSLRLACAVSGFTMSSSWMYWVRQAPGKGLEWVSSISPGGLFPYYVDSVKGRFSISTDNANNILYLQMNSLKPEDTALYSCAKGGAPNYTPRGRGTQVTVSS
seq6581,DVQLQESGGGLVQAGGSLRLSCAASGSTFSTSPMGWYRQAPGKQREPVAVIYSAGSTNYVPAVKGRFTISRDNAKNTVYLQMLSLEPEDTAVYYCKVWLGGNEYWGQ
seq6582,EVQLVESGGGLVQAGGSLRLSCAASGHTFSSYAMGWFRQALGKEREFVAAINWSSRSTVYADSVKGRFTISRDNAKNTVYLQMNSLKPEDTAVYYCAAGSAYVAGVRRRNAQYDYWGQGTQVTVSS
seq6583,QVQLQESGGGAVQAGGSLTLSCVASGTVNLMAWYRQTPGRQRELVAVIKGTGTTRYADSVKDRFTISRDNAKNTMYLQMNDLKPDDTALYYCFASVLGAGTYWGQGTQVTVSS
seq6584,QVQLQESGGGSVQAGETLRLSCTASGFTFDDSDMGWYRQAPGNECELVSTISSDGSTYYADSVKGRFTISQDNAKNTVYLQMNSLKPEDTAVYYCAADHGGGYELGTCAALDYWGRGTQVTVSS
seq6585,EVQLQASGGGLVQAGGSLRLSCAASQNIFSINVMGWYRQAPGEQRELVAAITSGGSTNVADSVKGRVTISRDNAKNTVYLQMNSLKPEDTAVYYCAAEETYYSGSYYGDMEYWGQGTQATVSS
seq6586,QVQLQESGGGLVRAGGSLRLSCVASGRTLSKYRMGWFRQFPGKERELVAEIEWKSSSTWYRDSVKGRFTISRDNAKNTVYLRMNSLKPEDTAVYYCAAATLGEPLVKYTYWGQGTQVTVSS
seq6587,QVQLQESGGGLVQAGGSLRLSCAASGTISSSADMGWYRQAPGKERELVAGIDRGSNTYYADSVKGRFTISRDNAKNTVYLQMNSLKPEDTAVYYCAAEEVGTGEDDDGADSYHGYWGQGTQVTVSS
seq6588,EVQLVESGGGLVQAGGSLRLSCAASGRALSSSIMGWFRQAPGKEREFVAAITWSGGRAYYADVSDFEKGRFTISRDNGKNTVNLQMKGLKPEDTAVYYCAAALAIPVTMSPHEYPYWGQGTLVTVSS
seq6589,EVQLVESGGGLVQAGGSLRLSCAASGFTFSTSWMGWFRQAPGKEREFVAGILSDGRELYADSVKGRFTISADNAKNTVYLQMNSLKPEDTAVYYCAADVWYGSTWRNWGQGTQVTVSS
seq6590,EVQLVESGGGLVQAGGSLRLSCVASGRTFSSYAMGWFRQAPGKERAFVAGISGSASRKYYADSVKGRFTVSRDNARNTVYLQMNSLKPEDTAVYYCAASNSYPKVQFDYYGQGTLVTVSS
seq6591,EVQLQASGGGLVQPGGSLRLSCATSGSIFSESAMGWYRQAPGNERELVAAITLDGRTNYAYYAEGRFTISRDNAKNTVYLQMNNLEPGDTAVYYCNALRSRAVMDTIPNYWGPGTQVTVSS
seq6592,QVQLQESGGGSVQAGDSLTLSCIASGRTFSSLAMGWFRQAPGKEREFVAAINWSGDSTYYSDSMKGRLTMSRDNAKNTVFLQMNSLEPEDTAVYVCAADASGYGSAWPDRYDYWGQGTQVTVSS
seq6593,EVQLVESGGGLVQPGGSLRLSCAASGSFFRVNNMAWYRQAPGKQRELVADITRGDRTNYADSVNGRFTISRDNVRNTVYLQMNGLKPEDTAVYYCYATIELGVLEPRDYWGQGTQVTVSS
seq6594,QVQLQESGGGLVQAGGSLRLSCAASGLTFGRYAMGWFRQVPGLEREFIARISRSGDNTGYADSVKGRFTVSRDSAKSTVYLQMNSLKTEDTAVYYCAAGTSWVPGHNANAYDYWGQGTQVTVSS
seq6595,EVQLVESGGGLVQPGGSLRLSCAASGFTLDYYAIGWFRQAPGKEREWASSISSSDGSTYYADSVKGRFTISRDNAKNTVFLQMNSLKPEDTAVYSCAASQAPITIATMMKPFYDYWGQGTQVTV
seq6596,QVQLQQSGGGLVQTGGSLRLSCAASGRTYGGYGMGWFRQVPGKERELVAAIRWSGISTYYADSVKGRFTISRDNVKNMVYLQMDSLKPEDTAVYYCAARTVRVVDISSPVGFAYWGQGTQVTVSS
seq6597,QVQLVESGGGLVQAGGSLRLSCAASGRSFSSYGMGWFRQAPGKEREFAAGITGTAGITYYTDSVKGRFTISRDNAKNTVYLQMNNLKPEDTAVYYCAAGLTSYAGRGAAGYDYWGQGTQVTVSS
seq6598,DVQLVESGGGLEQAGGSLRLSCAASGGTLSKNTVAWFRQAPGKERGFVASITWDGRTTYYADSVKGRFTISRDNAKNTVYLQMNSLKPEDTAVYYCASTASCHLFGLGSGAFVSWGRGTQVTVSS
seq6599,VQLVETGGGLVQAGGSLRLSCAASGSTFSHNAGGWYRQAPEKQRELVAGISSDGNINYADSVKDRFTISRDNASNTMYLQMNNLKPEDTAVYVCNIRGSYGNTYYSRWGQGTQVTVSS
seq6600,VQLVESGGGLVQAGGSLNLSCAASGRTFSNYAMSWFRQAPGKEREFVAGISRSGGTTSYADSVKGRFTISRDNAKNTVYLQMNSLKPEDTAVYLCASGLRTSAARWYDTPRSYDYWGQGTQVTVSS
seq6601,QVQLQESGGGSVQPGGSLRLSCAAAGFKLGYYAIGWFRQAPGKEREGVSCITNDGSTYYADSMKGRFTISRNNAKNMVYLEMNSLKPEDTAVYYCAMSEFGTAQPLGIREYDYWGRGTQVTVSS
seq6602,QVQLQESGGGLVQPGRSLKVACAAVGFSLRNYGIGWFRQVPGKAREAVSCTSVNDGSTHYGDSVRGRFSIARDNSKNTVFLQMNDLKPEDTAVYFCATTDCDVTSWGTWINYYGQGTQVTVSS
seq6603,QVQLQESGGGLVQAGGSLRLSCAASGTGFPIITFMGYYRQAPGNQRELVAIISRGGVAKYGDSVKDRFTISRDNAKNTVYLEMNSLKPDDTAVYYCYADRFSGSPTWGQGTQVTVSS
seq6604,VQLQESGGGLVQPGGSLRLSCTPSGSIFSFDVMAWYRQAPGKRRELVAQHRTPGAIDYADPVRGRFTISRDAGDVLFLQMDSLKPEDTAVYFCNLRRWSYDYWGQGTLVTVSS
seq6605,EVQLVESGGGLVQVGGSLRLSCAASEHTFNSYTMGWFRQAPGKEREFVAAISWIASVTEYSDSVKGRFTISRDDAKKTVHLEINNLKPEDTATYYCARRRMPYYHISRRADEYDFWGRGTQVTVSS
seq6606,VKLEESGGGLVQAGGSLRLSCAASGSIPYVPDMHWYRQAPGQQRQLVATITRGGNTMYADSVKGRFTISRDNAKNTVYLQMTSLKPEDTAVYYCNADVWSSVALKLVEYWGQGIQVTVSS
seq6607,QVQLQESGGGLVQAGGSLRLSCAASGRTFSSYAMGWFRQAPGKEREFVAAISFSGDSTDYADSVKGRFTISRDNAKNTVYLQMNSLKPEDTAVYYCAADSHYGYSEYIRGLGMDYWGKGTLVTVSS
seq6608,EVQLVESGGGLVQPGGSLRLSCAASGSIGGLNAMAWYRQAPGKERELVAGIFGVGSTRYADSVKGRFTISRDISKNTVYLQMNSLRSEDTAVYYCRMSSVTRGSSDYWGQGTLVTVSS
seq6609,EVQLVESGGGLVQPGGSLTLSCVASGSISSINAMGWYRRAPGKQRELVAGISSDGSKVYADSVKGRFTISRDNAKNSVYLQMNSLRAEDTAVYYCYYFRMVSGSSMRYWGQGTLVTVSS
seq6610,EVQLQASGGGFVQPGGSLRLSCAASGRTFRIDTMGWFRQAPGKEREFVSAISFDTSHENYYADSVKGRFTISRDNSKNTVYLQMNSLRAEDTATYYCAPESMWFSIEYWGQGTQVTVSS
seq6611,EVQLVESGGGLVQPGGSLRLSCAASGFTFGNYDMSWVRQAPGKGPEWVSAINSGGDTTYYADSVKGRFTISRDNAKNTLYLQMNSLKPEDTAVYYCATPRGWGPTGPHEYGYWGQGTQVTVSS
seq6612,QVQLQESGGGLVQAGGSLRLSCAASGYTNSRYYMGWFRQAPGKEREFVAAISAIGRTYYADSVKGRFTISRDNAKNTVYLQMNSLKPEDTAVYYCAADSSLAGLRGRLYDYWGQGTQVTVSS
seq6613,QVQLVQSGGGLVQAGGSLRLSCAASGSISSYNVVGWYRQLSGNERGGRTMVAQINAYGDTNYANAVVGRFTISRDDAKNTVYLHMSNLKPEDTGVYYCNGQRMLENYTYRDQSWGQGTQVTV
seq6614,QVKLEESGGGSVQTGGELRLTCAASGRTSRSYGMGWFRQAPGKEREFVSGISWRGDSTGYADSVKGRFTISRDNAKNTVDLQMNSLKPEDTAIYYCAAAAGSAWYGTLYEYDYWGQGTQVTVSS
seq6615,QVQLQESGGGLVQPGGSLRLSCAASGRTFSDHSGYTYTIGWVRQAPGKEREFVARIYWSSGNTYYADSVKGRFAISRDIAKNTVDLTMNNLEPEDTAVYYCAARDGIPTSRSVESYNYWGQGTQVTVSS
seq6616,EVQLQASGGGLVQPGGSLRLSCVASGSIFSIKAMAWYRQAPGKQRELVAYIRSGGTTNYADSVKGRFTISRDIAKNTVYLQMNSLKSEDTAVYFCASRGIADGSDFGSYGQGTQVTVSS
seq6617,EVQLVESGGGLVQAGGSLRLSCAASGLTFSTYTMGWFRQAPGKEREFVATISGSGLIKDSVKDRFTVSRDNAKNTVYLQMDSLKPEDTAVYYCAARLSGWTSSRDYDYNYWGQGTQVTVSS
seq6618,QVQLQESGGGLVQAGGSLRLSCAASGRTFGGYAMAWFRQAPGKGREFVAAVTWSSGTTNYAGSVKDRFTVSRDNANNTMYLRMNSLKPEDTAVYICGAASGYRSTDRLSDAAWINYWGQGTQVTVSS
seq6619,EVQLVESGGGLVQAGDSLRLSCAASGLTFSTYVMAWFRQAPGKERECVAAINWSGENIYYADSVKGRFTISRDNAKNTVYLQMNSLKPEDTADYLCAARKYYIHSDVVGNDYPYWGQGTQVTVSS
seq6620,QVQLQESGGGLVQPGGSLRLSCAASGDTFLRYAMGWFRQAPGKEREFVAAITWNGGNTDYAGSLKGRFTISRDNTKNTVYLQMNSLKPEDTAVYYCAADLTFGLASSHYQYDYWGQGTQVTVSS
seq6621,QVQLVQSGGGSVQAGGSLRLSCAASGYTDSNNCMGWFRQAPGKEREGVAVIYTAGNSTYYADSVEGRFTISQDNTKNTLYLQMDSLKPEDTAMYYCAAKPGRCWRDLVAKNFGYWGQGIQVTVSS
seq6622,QVKLEESGGGLVQAGGSLRLSCVASGSIFSINAMGWYRRAPGKERELVASISSDGSIYYADSVKGRFTISRDNAKNTLYLQMNSLKPEDTAMYDCAALGVVNVGVRPTLEYIYWGQGTQVTVSS
seq6623,QVQLVESGGGSVQAGGSLSLSCAASTYTDTVGWFRQAPGKEREGVAAIYRRTGYTYSADSVKGRFTLSQDNNKNTVYLQMNSLKPEDTGIYYCATGNSVRLASWEGYFYWGQGTQVTVSS
seq6624,VQLVESGGGLVQAGGSLRLSCEASGRTYSRYGMGWFRQAPGKEREFVAAVSRLSGPRTVYADSVKGRFTISRDNAENTVYLQMNSLKPEDTAVYTCAAELTNRNSGAYYYAWAYDYWGQGTQVTVSS
seq6625,QVQLQESGGGLVQPGGSLRLSCAASGFSLVSFGIGWFRQAAGKEREGVSCSNVRDGSTYYADSVKGRFTISRDNVRNQLYLQMNSLKPEDTAVYSCATTDCEATSWGTYRGYFGQGTQVTVSS
seq6626,QLQASGGGLVQAGGSLRLSCAASGFTFDDYVIGWFRQSPGKEREGVSCISSAGSTYYADSVKGRFTISSDNAKNMVYLQMDNLKPEDTAVYYCAADVTLNPFTGWDTRSGPMYRYEYDYWGQGTQVTVSS
seq6627,QVQLQESGGGLVQAGGSLRLSCAASLKISSINAMAWYRQAAGKQRELVAGIATDGRTNYAHSVKGRFTISRDNAKNTVYLQMNSLKPEDTAVYYCNQWPPRALDAWGQGTQVTVSS
seq6628,EVQLLESGGGLVQPGGSLTLSCAASGRSFSNYIMGWFRQAPGKEREFVAGLGWSPGNTYYADSVKGRFTISRDNSKNTLYLQMNSLRAEDTAVYYCAARRGDVIYTTPWNYVYWGLGTQVTVSS
seq6629,EMQLVESGGELVQAGGSLRLSCAASGSVSSINVMGWYRQAPGKQRELVATISSSGYTDYSDSAKGRFTISRDNKNTVHLQMNSLKPEDTAVYYCRASTLRTGWFTGWGQGTQVTVSS
seq6630,QVQLVESGGGLVQAGGSLRLSCAASGRTYSISAMGWFRQAPGKEREFVAGISRSGGTTYYADPVKGRFTISRDNAKNTVYLQMNSLKPEDTAVYYCAARARGWTTFPAREIEYDYWGQGTQVTVSS
seq6631,QVQLVESGGGVVQPGGSLRLSCAASGLTLSQYTMGWFRQAPGKERELVAAIHWTSSVTDYADSVDGRFTISRDDSKNTGYLQMNSLRAEDTAVYYCAATHYYTHRGPFDYWGQGTLVTVSS
seq6632,QVQLQESGGGLVQPGGSLRLSCTASGFTFSMHAMTWYRQAPGKQRELVAVITSHGDRANYTDSVRGRFTISRDNTKNMVYLQMNSLKPEDTAVYYCNVPRYDSWGQGTQVTVSS
seq6633,VQLVESGGGSVQPGGSLRLSCAAIGSVFTMYTTAWYRQTPGNLRELVASITDEHRTNYAASAEGRFTISRDNAKHTVDLQMTNLKPEDTAVYYCKLEHDLGYYDYWGQGTQVTVSS
seq6634,EVQLVESGGGSVQAGGSLKLSCAASGRSFSTYAMGWFRQAPGQDREFVATISWTDSTDYADSVKGRFTISRDNAKNTGYLQMNSLKPEDTAVYYCAADRWASSRRNVDYDYWGQGTQVTVSS
seq6635,DVQLVESGGGLVQAGGSTRLTCKASGSISNINSINVMAWYRQAPGKGRELVAIIGKGGGTNYADFVKGRFTISRDAAKNTVYLQMNSLRPEDTAVYYCYADYEDHDSPHNASWGQGTQVTVSS
seq6636,QLQLVESGGGTVQPGGSLNLSCVTSGFTFSRHDMSWVRQAPGKGPEWISGIGTSGTSGRYASSVKGRFTISRDNAKDTLYLQMDSLKPEDTGLYYCTTGGVYSAYVQPRGKGTQVTVSS
seq6637,QVQLVESGGGLVQAGGSLRLSCAASGRSVSLYHVGWFRHTPGKEREFVAATAWHDGSTSYADSVKGRFTISRDSAKNTVFLQMSSLQPEDTAVYYCAADPGGSSWSQPWYDYWGQGTQVTVSS
seq6638,QVHLVESGGGSVQAGGSLRLSCVASGDTGYQPTMRWYRQAPGKEREFVSAIYSDQTTSYADSVKGRFTISQDNARKTVYLQMASLKPEDTAMYYCKLTTRRGSEYWGQGTQVTVSS
seq6639,QVQLQESGGGLVQAGGSLRLSCAASGRSFSSVNMGWFRQAPGKEREFVAVIDWSGGSPYYTDSVRGRFTISRDNSKNTVYLQMNSLKPEDTAVYYCAAGVSYGSRWLGDYWGQGTQVTVSS
seq6640,EVQLQESGPGLVKPSQTLSLTCTVSGGSITSRYYAWSWIRQPPGKGLEWIGVIDYDGDTYYSPSLKSRTTISVDTSKNQFSLHLSSVTAEDTAVYYCARDPDVVTGFHYDYWGQGTQVTVSS
seq6641,QLQLVESGGGLVQPGGSLRLSCEASGFTLDYYGIGWFRQPPGKEREAVSYISASARTILYADSVKGRFTISRDNAKNAVYLQMNSLKPEDTAVYYCARRRFSASSVNRWLADDYDVWGQGTQVTVSS
seq6642,QVQLQESGGGSVQAGGSLRLSCEASGFTTSSRCMAWFRQAPGKEREGVGLIVTGTGATRYADSMKGRFTISQDNAKNTMWLQINSLKPEDTAMYFCAAIDITWRGCSFEKRDVNYWGQGTQVTVSS
seq6643,LQESGGDLVQPGGSLRLSCAASGSTLSIKAMAWYRQAPGKQREMVAAITSRGSPKYADSVKGRFTISRDNAKNTVSLQMNSLKPEDTAVYYCNARTTFLTEGWRNYWGHGTQVT
seq6644,QVQLQESGGGLVQPGGSLRLSCTTSGFAFGSYDMGWVRQAPGKGPEWVSGINSGGRITDYADSVTGRFTISRDNAKNTLYLQMNSLKPEDTAVYYCAQGDRSSWHYYGMDYWGKGTQVTVSS
seq6645,EVQLVESGGGLVQAGDSLSLSCTASRGTFRNFGMGWFRQAQGKEREFVAAISRSGGHKYYSDSVKGRFTISKDNAKNMVSLQMNSLKPEDTAVYYCAARFRFDDGTSYYQRAFYDFWGQGTLVTVSS
seq6646,QVQLVETGGGLVQAGDSLRLSCAASGRTFNYYAMAWFRQAPGKEREFVAFINWSGDSTYYAGSVKGRFTISRDNAKNTVYLQMNNLKPEDTAVYSCAAEFGTFSYLQGDDYSYWGQGTQVTVSS
seq6647,QVQLQESGGGLVQAGGSLRLSCASSASALRMGWYRQAPGEQRELVATMDNAGSTNYAGSVKGRFTISRDSAKNTVYLQMNSLKPGDTAVYYCQARRWTFDGWQDYWGQGTQVTVSS
seq6648,DVQLVESGGGLVQPGGSLRLSCAASGFRFDSVAMTWVRQTPGKGLEWVSSISWDGTTTSYAASVKGRFTISRDNAKNTLYLQLDSLKTEDTAMYYCTKTGVDYRDSRDRGRGTQVTVSS
seq6649,EVQLVESGGGEVQPGGSLRLSCAASGFIFSINAMGWYRQAPGKQRELVAGFTGDTNTIYAESVKGRFTISRDNAKNTVYLQMSSLRAEDTAVYYCAADVQLFSRDYEFYWGQGTLVTVKP
seq6650,EVQLVESGGGLVQAGGSLRLSCAASGFTLDDYAIGWFRQAPGKEREGVSSIRDSDGSTYYADSVKGRFTISSDNDKNTVYLQMNSLKPEDTAVYYCAAVPAGRLRFGEQWYPLYEYDAWGQGTLVTVSS
seq6651,EVQLVESGGGLVQPGGSLTLSCVASGSTSSINAMGWYRRAPGKQRELVAGISSDGSKVVADSVKGRFTISRDNAKNSVYLQMNSLRAEDTAVYYCYYFRTYSGSSMRYWGQGTLVTVSS
seq6652,QVQLVESGGGLVQAGGSLRLSCAASGISFAINNVAWYRQAPGKQRDLVALIDKYDTGNIADSVKGRFSISRDNAKNTAYLQMNSLKPEDTAVYYCNALGTWIRAGPYWGQGTQVTVSS
seq6653,QVQLQESGGGLVQAGGSLRLSCAVSGNTLSRYAMGWFRQTPGKEREFVAAIRWNNAATYYADSVEGRFTISRDTGKNTVYLQMNNLQPEDTAVYYCAGRFLGYASSNAYHEALYNYDYWGQGTQVTVSS
seq6654,EVQLVESGGGLVQAGGFLRLSCELRGSIFNQYAMAWFRQAPGKEREFVAAIGAVPHYGEFVKGRFTISRDNAKSTVYLQMSSLKPEDTAIYFCARSKSTYISYNSNGYDYWGRGTQVTVSS
seq6655,EVQLVESGGGLVQAGDSLRLSCVASGGTFGSYAMGWFRQAPGKEREFVATIDWSGDTAFYADSVKGRFTISRDIANDVVYLQMNSLEPEDTAVYYCARNRQSGVASENLRLYTYWGQGTQVTVSS
seq6656,DVQLQASGGGLVQAGDSLRLSCVASGLTFSLYRMGWFRQGPGKAREFVATITSSGGLTHYADSAKGRFTIFRDNAKNTVYLQMNSLNAEDTAIYSCAAGVTTTSGYEYWGQGTQVTVSS
seq6657,QVQLQESGGGSVQAGGSLRLSCAASGYTYGSYCMAWFRQAPGKEREGVAGVDSDGTTRYADSVKGRFTISKDNAENTLYLQMNSLKPEDTSMYYCAAGVCGTGGSWYEGDAGLFMYEFAYWGQGTQVTVSS
seq6658,EVQLVESGGGEVQPGGSLRLSCAASERTFSTYTMGWFRQAPGKEREFVAVVNWSGGSKYYAESVKGRFTISRDNAKNTVYLQMNSLRAEDTAVYYCAAGGAYSGPYYDTRQYTYWGQGTLVTVKP
seq6659,QVQLVESGGGSVQAGGSLRLSCASSEHRFIHNCMGWFRQAPGKEREGVASIYTGDGFTYYADSVKGRFTISQGNAKNTVYLEMNSLKPEDTAMYYCASAPYHCDSASWRVKEGIFWGEGTQVTVSS
seq6660,EVQLVESGGGLVQAGDSLRLSCAVSGGSFSSYTMGWVRQAPGKEREAVASIWRSGGNTYYADSVKGRFTVSRDNAKHTVYLQMNSLKPEDTAVYYCAAASFAPGSRGYDYWGQGTQVTVSS
seq6661,QVQLQESGGGSVQAGGSLRLSCVASGLTFSIYRMYWYRQAPGKACELVSLIIPDGTTTYADSVKGRFTISRDDAKNTVYLQMNSLEPEDTAVYYCAASTAGNWPRACTDFVYQGQGTQVTVSS
seq6662,EVQLMESGGGLVQPGGSLRLSCATSGFTLDYYVIGWFRQAPGKEREGVSCMSSSGDITTYAPSVKGRFTISRDNAKNMVYLQMTSLKPEDTAVYYCAADFALGCYSGSYVPRYDYWGQGTQVTVSS
seq6663,VQLQESGGGSVQAGETLRLSCTVSGFTFDDADMGWYRQAPGNQCELVSTISSDGITYYADSVKGRFTVSQDNAKNTVYLQMNSLKPEDTAMYYCAAARYSDYEGMCGYWSQGTQVTVSS
seq6664,EVQLVESGGGLVQAGGSLRLSCTASGVTIDAVGWYRQAPGKQREPVATITSGGSTNYADSVKGRFTISRDDAKNTVYLQMNSLKPEDTAVYYCFRPGGPYSDSWGQGTQVTVSS
seq6665,EVQLVESGGGLVQPGGSLRLSCAASGFTFSGNWMGWFRQAPGKEREFVAGILSDGRELYADSVKGRFTISADNSKNTAYLQMNSLKPEDTAVYYCAADVWYGSTWRNWGQGTLVTVSS
seq6666,LQLVESGGGLVQPGGSLRLSCTASKFHLDSYAVAWFRQTPGKEREAVSFINTSDDVTYFADSVKGRFTISRDNSKNTVYLQMNVLKPEDTSIYVCAAVRSPGPTGPSMQPMWSVPDLYDYWGQGTQVTVSS
seq6667,EVQLQESGPGLVKPSQTLSLTCTVSGGSITSRYYAWSWIRQPPGKGLEWIGVIDYDGDTYYSPSLKSRTTISWDTSKNQFSLQLSSVTPEDTAVYYCARDPDVVTGFHYDYWGQGTQVTVSS
seq6668,EVQLVESGGGSVQAGASLRLSCAASGRTFSGIDMAWYRQAPGNGRELVAVITSGGSTKYVDSVKGRFTIFRDNAKNTVALQMNSLKPEDTAVYYCAAVEESPFYSGTYYPKPGDYWGQGTQVTVSS
seq6669,QVQLVESGGGLVQPGGSLRLSCAASGYTYSDVCMGWFRQAPGKEREGVAAIDSVGNTNYADSVKGRFTISKDNSKNTLYLQMNSLKPEDTAVYYCAAQRCLGWVPLVPHEYGYWGQGTLVTVSS
seq6670,EVQLVESGGGLVQPGGSLRLSCATSGFTFDDYAMTWVRQAPGKGLEWVSSINWSGTHTDYTDSVKGRFTISRNNANNTLYLQMNSLKSEDTAVYYCAKNWGDAGTTWFEKSGSAGQGTQVTVSS
seq6671,SGGGLVQAGGSLRLSCAASGSIFNINSINAMGWYRQAPGKQRELVAAITSGGSTNYADSVKGRFTISRDNAKNTVYLQMNSLKPEDTAVYYCNADYEDRDSPFNGSWGQG
seq6672,EVQLVESGGGLVQPGGSLRLSCAASGFALDYYAIGWFRQVPGKEREGVSCISSSDGITYYVDSVKGRFTISRDNAKNTVYLQMNSLKPEDTAVYYCATDSGGYIDYDCMGLGYDYWGQGTQVTVSS
seq6673,EVQLVESGGGLVQPGGSLRLSCVASGFTFDDYGMSWVRQAPGKGLEWVSFITWNGGITYYAESMKGRFTISRDNAKNTLYLQMDSLKSEDTAVYYCAKDSDPSIATPYFGSWGQGTQVTVSS
seq6674,EVQLVESGGDVVQAGGSLRLSCLASGFTFDDYAIGWFRQAPGKEREGISCISSTGNVFYADSVKGRFTISSDKEKNTLYLQMNSLKPEDTAVYHCAAGHFTVDSGKVLLRTDVSSWGQGTQVTVSS
seq6675,DVQLVESGGGVVQAGGSLRLSCAASGLTFSSYAMGWFRQAPGKERERVVSISRGGGYTYYADSVKGRFTISRDNAENTVYLQMNSLKPEDTALYYCAAARYWATGSEYEFDYWGQGTLVTVSS
seq6676,EVQLVESGGGLVQPGGSLRLSCAASGRTFSTHWMGWFRQAPGKEREFVAVINWSGGSIYYADSVKGRFTISADNSKNTAYLQMNSLKPEDTAVYYCARLSSDGYNYFDFWGQGTLVTVSS
seq6677,QVQLQESGGGLVQAGGSLRLSCAASGNIFQDAEMGWYRQAPGKEREFVATIAYGGNTNYADSVKGRFTISRDNAKNTVYLQMNSLKPEDTAVYYCAVYTGVYYDRTTGGYVAFEYWGQGTQVTVSS
seq6678,QVQLVESGGGLVQAGGSLRLSCAASGRTFSSYAIGWFRQAPGKAREFVARVSTIAGDTDYADSVKGRFTISRDNAKNTVYLQMNSLKPEDTAVYYCAADSYNVRLGTGEADYWGEGTQVTVSS
seq6679,QVQLQESGGGLVQAGGSLRLSCAASGRTLNNYAMGWFRQAPGAEREFVGAISASGDSTQYTESVQGRFTISKDYAKSTVYLDMNSLKPEDTAVYYCAADQKTLTYYTSRLRSRYDYWGQGTQVTVSS
seq6680,VQLQESGGGLVQAGESLKLSCAASGNTFSGGFMGWYRQAPGKQRELVATINSRGITNYADFVKGRFTISRDNAKKTVYLEMNSLEPEDTAVYYCYTHYFRSYWGQGTQVTVSS
seq6681,EVQLVESGGGLVQAGGSLRLSCAASERTYGMGWFRQAPGKERVFVAAINYSGRSINYSDSVKGRFIISRDNAKNTVYLQMNSLKVEDTAIYYCAADKTLWSISSDRDEYDYWGQGTQVTVSS
seq6682,EVQLVESGGGPVQAGGSLRLSCANSRRTYRGYSMAWFRQSPGKEREFVAAITWSEGNAYYEDFVKGRFTISRDNAKNTLYLQMTNLKPEDTALYYCAAKIRPYIFKIAGQYDYWGQGTLVTVSS
seq6683,IRLLVESGGGLVQTGDSLKLSCVASGRNFSSYHMAWFRQTPDKEPEFVAVSWKGGSEYYKNSVKGRFTLSRDGAKNTVYLQMNSLKPEDSGVYYCAADDHVTRGASKASYRYWGQGTQVTVSS
seq6684,EVQLVESGGGSVQAGGSLRLSCAGSGFTYSTNCMGRFRQVPGKEREGVATIYTRRCSTYYADSVKGRFTISQDNAKNTVYLQMNSLKPEDTAMYYCAATEQVFFCSWLRGVDFGWWGQGTQVTVSS
seq6685,QVQLQESGGGLVQTGGSLRLSCRASGRAFANYHFGWFRQAPGKDREFVASISWKGGSTYYANFALGRFTSSVDRAESSVYLQMSGLTPEDTATYYCAAHDGGDWNYHTGMDYWGKGILVTVSS
seq6686,QVQLQESGGGLVQPGGSLRLSCAASGIILRIYDMGWYRQAPGKQRELVAAITSGGRTNYADSVKGRFTISRDNAENTVSLQMNSLKSGDTAVYYCNADHTFAGVYWGQGTQVTVSS
seq6687,QVQLQQSGGGLVQAGGSLRLSCAASGSISSSYVMGWYRQAPGKQRELVATITSGGSTIYADSVKGRFTVSRDNAKNTVYLQMNSLKSEDTAVYYCHARRLWNTYWGQGTQVTVSS
seq6688,EVQLVESGGGLVQPGGSLRLSCAASGGTFSDYGMGWFRQAPGKEREGVASISWNDGSTSYADSVKGRFTISADNSKNTAYLQMNSLKPEDTAVYYCAAATADYDYWGQGTLVTVSS
seq6689,VQLQESGGELVQPGGSLKLSCAASGLTFTNYSMGWFRQAPGVDREAVAAISWSGDNTYYVSSVKGRFTISRDNAKNTVYLQMNSLKPQDTAVYYCAVKPDDGWWDYWGQGTQVTVSS
seq6690,EVQLVESGGGLVQPGGSLTLSCVASGSTSSINAMAWYRRAPGKQRELVAGISSDGSKVYADSVKGRFTISRDNAKNSVYLQMNSLRAEDTAVYYCYYFRTVQGSSMRYWGQGTLVTVSS
seq6691,EVQLVESGGGLVQPGGSLRLSCAASGNTFSINVMGWFRQAPGKEREFVAAINWNGGSTDYADSVKGRFTISADNSKNTAYLQMNSLKPEDTAVYYCAAIVTYSDYDLDNDWGQGTLVTVSS
seq6692,EVQLVESGGGLVQPGGSLTLSCAASGTSVSFLSIAWYRQAPGKKRELVAGISADGSTDYIASVKGRFTISRDNAKNSVYLQMNSLRAEDTAVYYCYAYRWRTRYTYWGQGTLVTVSS
seq6693,EVQVVESGGGLVQPGGSLRLSCAASGSGFTINAMTWYRRAPGKERELVAIITNGGITNYADSVKGRFTISRDNAKSTVYLQMDGLEPEDTAVYYCNIVPPVYWGQGTQVTVSS
seq6694,EVQLVESGGGSVQAGESLRLSCAASGSIFSSNAMAWYRQAPGKQRDLVAGINSVGIAKYADSVKGRFTISRDNAKNTVYLQMNSLKPEDTAVYYCTSDPRRGWDTRYWGQGTLVTVSS
seq6695,QVQLQESGGGLVQAGGSLRLSCAASRRTGRNYDMGWFRQAPGREREFVAAITWNGGNTVYADSVKGRFTISRDNGKNMMYLQMSSLKPEDTAVYYCAGTSVRGLVASVRRYEYDYWGQGTQVTVSS
seq6696,EVQLLESGGGLVQPGGSLRLSCAASGTFDKINNMGWYRQAPGKQRDLVAQITPGGITDYADSVKGRFTISRDNAKDTMYLQMNSLKPEDTAVYFCNAEILKRAYIDVYVNYWGQGTQVTVSS
seq6697,DVQLVESGGGSVLTGGSLRLSCAAPGITYRMYCMAWFRQPPGQEREMVATIDRAGGRTYYADSVKGRFTISQDNAKDTLYLQMNSLKPEDTAIYLCAARDYGCYSGSAQGTEFAYWGRGTQVTVSS
seq6698,EVQLQASGGGLVQAGGSLRLSCSASVRTFSIYAMGWFRQAPGKEREFVAGINRSGDVTKYADFVKGRFSISRDNAKNMVYLQMNSLKPEDTALYYCAATWAYDTVGALTSGYNFWGQGTQVTVSS
seq6699,QVQLQESGGGSVQAGGSLRLSCAASGYTFTTAYMGWFRQAPGKEREGVAAIDSDGRTEYADAVKGRFTISKDNAKNTLYLQMNSLKPEDTAMYYCAADKDDWLLLHGRSLFPSAFAYWGQGTQVTVSS
seq6700,EVQLVESGGGLVQAGESLRLSCVASGISISTEVMGWYRQAPGKQGESVAIIKTDGSTYYPDSVKGRFAISRDNAKNTVYLAMNSLKLEDTGVYYCIIAGRGRGQGTQVTVSS
seq6701,LQESGGGLVQAGGSLRLSCAASGITFSDYAMAWFRQAPGKEREFVARSGGSTDYADSVKGRFTISRDNAKNTVYLQMNSLRPEDTAVYYCAGDAGWIRSPRHIARPEMYDYWGQGTQVT
seq6702,EVQLVESGGGLVQAGGSLRLSCAASGSIFRINAMGWFRQAPGKEREGVAAINNFGTTKYADSVKGRFTISADNAKNTVYLQMNSLKPEDTAVYYCAAVRWGPRNDDRYDWGQGTQVTVSS
seq6703,QVQLQESGGGLVQAGESLRLSCAASGRTVSSLFMGWFRRAPGKERELVAAISRYSLYTYYADSVKGRFTISADNAKNAVYLQMNSLKPEDTAVYYCASKLEYTSNDYDSWGQGTQVTVSS
seq6704,QVQLQESGGGLVQPGGSLRLSCAASGSTLNIKIMAWHRQAPGKQRELVATLTSGGNTNYADSVKGRFTISRDNAKNTVYLQMNSLQPEDTAVYYCGLWDGVGGAYWGRGTQVTVSS
seq6705,EVQLVESGGGLVQPGRSLTLSCAASTNIFSVSPMGWYRQAPGKQRELVAAIHGNSTLYADSVKGRFTISRDNAKNSIYLQMNSLRPEDTALYYCNKVPWGDYHPRNVYWGQGTQVTVSS
seq6706,EVQLVESGGGLVQPGGSLRLSCAASGFTFRNYVMGWFRQAPGKEREFVAAINWNGSITYYADSVKGRFTISADNSKNTAYLQMNSLKPEDTAVYYCAAGRSARNYWGQGTLVTVSS
seq6707,QVQLQESGGGLVQPGGSLRLSCAASGSFFPVNDMAWYRQALGNERELVANITRGGSTNYADSVKGRFTISRDNAKNTVYLQMNTLKPEDTAVYYCNVRIGFGWTAKAYWGQGTQVTVSS
seq6708,EVQLVESGGGLVQPGGSLRLYCAAPGTMYSFIEMGWYRQAPGKQRELVAHITSGGSTKYADSVKGRFTISRDLSLQMNNLNPEDSAVYLCNMKGTDRRSYWGQGTQVTVSS
seq6709,EVQLVESGGGLVQAGGSLRLSCAPSGTIFSSNTMGWYRQAPGKQRELVALITVGGRTVYVDSVKGRFTISRDNAKNAVYLQMNSLKPEDTAVYYCNADLRISAAFGWRPFGSWGQGTQVTVSS
seq6710,EVQLVESGGGLVQAGDSLTLSCIDSGRTFSDYPIGWFRQAPGKEREFVAAIYAIGGDVYYADSVKGRFTISRDNAKNTVYLQMSSLKPEDTAIYSCAVASGGGSIRSARRYDYWGQGTQVTVSS
seq6711,EVQLVESGGGLVQAGDSLRLSCAASGRTFLTYAVGWFRQAPGTEREFVAGIRWSGESTDYAESVKGRFTISRDDTKNTVYLQMNSLKPEDTAVYYCAAHRTIATIPEKYYYEYWGQGTQVTVSS
seq6712,VQLQASGGGFVQPGGSLRLSCAASGDGSRIYAMGWFRQAPGKEREFVSAISWEQDWEHYYADSVKGRFTISRDNSKNTVYLQMNSLRAEDTATYYCAAFMTPHRNLTSMYWGQGTQVTVSS
seq6713,EVQLLESGGGLVQPGGSLRLSCAVSGDTFSVYGMGWFRQAPGMGREFVAGISWNAGITAYTDTLKGRFTISRDRAKNTLYLQMNSLQPEDTAVYYCAADVTRHYIATRSKVDASMYDYWGQGTLVTVSS
seq6714,EVQLVESGGGSVQAGGSLRLTCTASELSARSRCLAWLRQAPGKEREGVAVINSDDYSANYADSVKGRFTVSLDSAKNTVYLLMNSLKAGDTGIYYCAVDRHRCLAVRTSFDSYGQGTQVTVSS
seq6715,EVQLVESGGGLVQDGGSLRLSCIFSGRTFANYAMGWFRQAPGKEREFVAAINRNGGTTNYADALKGRFTISRDNTKNTAFLQMNSLKPDDTAVYYCAAREWPFSTIPSGWRYWGQGTQVTVSS
seq6716,EVQLVESGGGLVQAGGSLRLSCAASGGTFSFYGMGWFRQAPGKEREFVADIRTSAGRTYYADSVKGRFTISRDNAKNTVYLQMNSLKPEDTAVYYCAAEMSGISGWDYWGQGTQVTVSS
seq6717,QVQLQESGGGLVQPGGSLRLSCAASGFSLRNYGIGWFRQAPGKEREGVSCSNVRDGSIYYADSVQGRFTISRVNVKNTLYLQMNDLRPEDTAVYYCATTDCEATGWGTWIGYFGQGTQVTVSS
seq6718,EVQLVESGGGLVQPGGSLRLSCAASGFTLDGYAIGWFRQAPGKEREAISCITTAGTIYYADSVKGRVTISRDNAKNTVYLQMNSLKPEDTAVYLCAADGFDTPCVAGTDWGYDYEGQGTQVTVSS
seq6719,VQLVESGGGLVQAGGSLRLSCATSGLTLSSYYIAWYRQAPGREREFVAQIRWSDDSTYYPGSVKGRFTISRDNARNTVYLRMDNLKPEDTARYYCDARKVGGPDYWGQGTQVTVS
seq6720,EVQLVESGGGLVQPGGSLRLSCAASGIPSIHAMGWFRQAPGKERELVAAINWSHGVTYYADSVKGRFTISADNSKNTAYLQMNSLKPEDTAVYYCGGGYGYHFDYWGQGTLVTVSS
seq6721,EVQLVESGGGLVQAGESLRLSCAASGSIASINAMGWYRQAPGSQRELVAAISGGGDTYYADSVKGRFTISRDNAKTTVYLQMNSLRPEDTAVYYCVVDLYGSDYWDWGQGTQVTVSS
seq6722,EVQLVESGGGLVQAGGSLRLSCAASGRAFSDYAMAWFRQAPGKEREFVAGIGWSGGDTHYADSVRGRFTNSKDNAKNRMSLQMNSLKPEDTAVYYCAARQGQYIYSSMRSDSYDYWGQGTQVTVSS
seq6723,EVQLVESGGGLVQAGGSLRLSCAASGRTFDSYAMGWFRQAPGKEREFVAAIGYSGTYDADSVKGRFTISRDNAKKTTVYLQMNNLKPEDTAVYYCAAAGTFSTTVGTTTSHYDYWGQGTQVTVSS
seq6724,EVQLVESGGGEVQPGGSLRLSCGPSEIITSDKSVGWWRQAPGKQRNLVAGISNVGSTNYAQSVKGRFTISRDNAKNTVYLQMSSLRAEDTAVYYCYARDFENEYWGQGTLVTVKP
seq6725,EVQLVESGGGEVQAGDSLTLSCAVSERPFGTYAMGWFRQAPGRERDLVAAVSRNAGASQYAESVKGRFTISRDNAKNTMYLQMSSLRAEDTAVYYCAARSAAYSRSSEVYTGKDEYYYWGQGTLVTVKP
seq6726,QVQLVESGGGLVQAGDSLRLSCAASGRTFSSYVMGWFRQAPGKEREFVAAVTGGGISTYYADSVKGRFTISRDNAKNTVYLQMNSLTPEDTAVYYCYARRLNSWGQGTQVTISS
seq6727,QVQLQESGGGLVQAGGSLRLSCAASGNIFDADIMGWYRQAPGKERELVASITDGGSTNYADSVKGRFTISRDNAKNTVYLQMNSLKPEDTAVYYCAAVAYPDIPTYFDYDSDYFYWGQGTQVTVSS
seq6728,QVQLQESGGGLVQPGESLRLSCVGSGSIFNINSMNWYRQASGKQRELVADMRSDGSTNYADSVKGRFTISRDNARKTVYLQMNSLKPEDTAVYYCHANSIFRSRDYWGQGTQVTVSS
seq6729,QVQLQQSGGGLVQAGDSLRLSCAASERTVGSSGRGWFRQAPGKEREFVGVITWRTGQTTFADSVKGRFTLSRDRAKNTVYLQMNSLKPEDTAVYYCATYVSSRGPSSFTSSYVGWGQGTQVTVSS
seq6730,QVQLQDSGGGLVQAGDSLRLSCTASGSIATIGDMGWYRQVQGTQRELVAVIRRGGTIHYADFVKGRFTISGDNAKNTVLLQMNSLKPEDTAVYYCAAETAPHMDIYWGQGTLVTVSS
seq6731,EVQLVESGGGLVQPGGSLRLSCAASGRTFSIYAMGWFRQAPGKERELVAGISWGGDSTYYADSVKGRFTISADNSKNTAYLQMNSLKPEDTAVYYCAAVAGNGYDYWGQGTLVTVSS
seq6732,EVQLVESGGGLVQAGGSLRLSCAASGFTLDDYAIGWFRQAPGKEREGVSCISSSDGSTYYADSVKGRFTISRDNAKNTVYLQMNSLKPEDTAVYYCAADLLRHRMSGWGPYWFLYEYDYWGQGTQVTVSS
seq6733,EVQLVESGGGLVQAGGSLRLSCVASGLRLNMHRMGWFRQAPGKEREFVARIFTDDGDSYYADSVQGRFTISGDNAKNTVYLQMNSLKPEDTGVYFCAAGYMSGAESPIGYDNWGQGTQVTVSS
seq6734,EVQLVESGGGLVQAGGSLRLSCTASINAVSIDAAGWFRQAPGMQREPVATILTSGSSTYADSVKGRFTISRDSAKNTVYLQMNSLKPEDTAVYTCYAPMVYYSGSYSDYWGQGTQVTVSS
seq6735,QVQLQESGGGLVQAGGSLRLSCAASGRTFSRDAMGWFRQAPGKEREFVAGISWSGGSTYYADSVKGRFTISRDGAKNTVNLQMNSLKPEDTAVYYCAASSIYGSAVVDGLYDYWGQGTQVTVSS
seq6736,QVQLVQSGGGLVQPGGSLRLSCTTSTSLFSITTMGWYRQAPGKQRELVAGIKRGGATNYADSVKGRFTISRDNARNTVFLQMNSLTTEDTAVYYCNAQILAYTGGETNYWGQGTQVTVSS
seq6737,EVQLVESGGGLVQAGGSLRLSCAASGFTFDDYAIGWFRQAPGKEREGVLCFTRSRGSTDGSTYYADSVKGRFTISSDNAKNTVYLQMNSLKPEDTAVYYCATDHYLRVGLKCRDYEYDYWGQGTQVTVSS
seq6738,QVQLQESGGGLVQPGGSLRLSCAASGSTFSVNAVAWYRQAPGKRRELVAGISGGGVTNYPDSVKGRFTISRDNAKNTVYLQMSSLKPEDTAVYYCNLWPPRASPDGRVYWGQGTQVTVSS
seq6739,QVQLVESGGGLVQAGGSLRLSCAASGSSFSIYDVGWFRQAPGKEREFVAATIETGGHTSYADSVKGRFTISRDNAKNTVYLQMNSLKPEDTAVYYCYAKIVYDQGPSYYYWGQGTQVTV
seq6740,AVQLVESGGGSVQAGGSLRLSCKASGYCMGWFRQAPGKEREGVAALNTEGGVTYYADSVKGRFSISRDNTNLYLQMNSLKPEDTAIYYCAADDRPTRCAVGSLYLPYTYRGQGTQVTVSS
seq6741,EVQLVESGGGLVQPGGSLRLSCAASGFTFCDYGMSWVRQAPGKALEWVSAISWNGNNTYYTESMKGRFTISRDNAKNTLYLQMNSLRPEDTAVYYCVKGSTAIVGVPPTYPDEYDYWGQGTLVTVSS
seq6742,QVQLQESGGGLVQAGGSLRLSCAASGLPYRTVFMGWFRQGPGKEREGVAVINADGVSTYYADSVKGRFTISQDNAKNTVYLQMNSLKPEDTAIYHCAANHFFDYSRDPLATAEYNYWGQGTQVTVSS
seq6743,QVQLVESGGGLVQPGGSLRLSCAASGFTLDYYAIGWFRQAPGKEREGVACITSSEGSTYYADSVKGRFTISRDNAKNTVYLQMNSLKPEDTAVYYCAAAVTYASCNEYDYSGQGTQVTVSS
seq6744,QVQLQESGGGLVQTGGSLRLSCAASGRTFSNYVIGWFRQAPGKEREFVAAVGRGINSAYHATHYSESVKDRFTTSRDNAKNTGFLQMNSLKTEDTAVYYCAVTSRWGQFDRTDFNSWGQGTQVTVSS
seq6745,EVQLVESGGGLVQAGGSLRLSCAASGLTFSTYAMGWFRQAPGKEREFVGAINWSSRSTVYADSVKGRFTISRDNAKNTVYLQMNSLKPEDTAVYYCAAGTAYVGGVRRRKAEYDYWGQGTQVTVSS
seq6746,EVQLVESGGGLVQAGGSLRLSCAASGRTFISNYAMGWFRQAPGKEREFVATINWSGSHSDYADSVKGRFTISRDNAKNTVYLQMNNLKSEDTAVYYCAPGWGTAPLSTSVYWGQGTQVTVSS
seq6747,QVQLQASGGGLVQAGGSLRLSCAASGRNFNSYAWGWFRQAPGKERGFVARISFSGGHTYYSDSVKGRFTISRDNAKNSVYLQMNSLKPEDTAVYYCAADPTPYGLRNERNYHYWGQGTLVTVSS
seq6748,LQESGGGLVQAGGSLRLSCAASGRTFRNYAMGWFRQAPGKERDLVARIEWSGDNTYYADSVKGRFSISMDNAKNTVLLQMNSLKPEDTAVYYCAAGFITGIHPYEYHYWGQGTQVTVSS
seq6749,QVQLVESGGGLVQAGGSLRLSCAASGRTWSSGAMGWFRQAPGKEREFVAAISWSGSNILYGDSVKGRFTISRDNAWNTVYLQMNSLKPEDTAVYYCAANTGSRDYVHTKSYGFAHWGQGTQVTVS
seq6750,QVQLVESGGGLVQAGGSLRLSCVASGLTFSRYGMGWFRQAPGQERVVVSVISPDGGSAYYADSVKGRFTISRDNAKNTVYLQMSTLRFEDTGVYYCTAGPRNGATTVLRPGDYDYWGQGTQVTVSS
seq6751,EVQLVESGGGLVQTGGSLRLSCAASGRTFSSYAMGWFRQAPGKEPERDFVAALRWSNDRTYYKYYADSVKGRFTISRDNAKNTVYLQMNTLKPEDTAVYYCAGGNYFSDPRVDKEYNYWGQGTQVTVSS
seq6752,QVQLVESGGFVQAGGSLRLSCAASGRTFSKYAMGWFRQAPGKEREFVAAIRWIGGSTYYADSVKGRFTISRDNDKNTLYLQMNSLKPEDTAVYYCAAGYQAYPEPPWEYDYWGQGTQVTVSS
seq6753,DVQLQESGGGSVQAGGSLRLSCVASGFTYRRYFMGWFRQAPGKEREAVATMFSCGGTTYYADSVKGRFTATQDNAKNTVYLQMNNLKPEDTAIYYCAAASGCWYDGSPAARSVDVSFWGHGTQVTVSS
seq6754,EVQLVESGGGLVQPGGSLRLSCVASGIRFISMAWYRQAPGKHRELVARISSGGTTAYVDSVKGRFTISRDNSKNTVYLQMNSLKAEDTAVYYCNTFSSRPNPWGAGTQVTVSS
seq6755,VNGSLRLSCAASGRTFSTAAMGWFRQAPGKERDFVAGIYWTVGSTYYADSAKGRFTISRDNAKNTVYLQMDSLKPEDTAVYYCAARRRGFTLAPTRANEYDYWGQGTQVTVSS
seq6756,QVQLQESGGGSVQAGGSLRLSCTAPGFTSNTCAMAWFRQAPGKEREFVSSMSTVGSTRFADSVKGRFTISKDEAKDTVYLQMNSLKPEDTAMYFCKTYACRECTGRYCRTAPDAWGQGTQVTVSS
seq6757,QVQLQESGGDLVQPGGSLRLSCAASGFTFDDYVMNWVRQAPGKGLEWISAINWNGGSTYYAESMKGRFTISRDNAKNTLYLQMYSLQSDDTAVYYCVKDTVVSGNGYWGQGTQVTVSS
seq6758,EVQLVESGGGLVQPGGSLRLSCAASGSIFSSNAMGWYRQAPGKQRELVASISSGSRTGYAGSVKGRFAISRDNSKNTVYLQMNSLKPEDTAVYYCNAGGWTSRSGHYSQGHYWSQGTQVTVSS
seq6759,QVQLQESGGGLVQAGGSLTLSCTSSTLTFTPYRMGWYRQTPGKQRDLVADISPGDGSTKNYAGFAQGRFTISRDNIKNTVYLQMNDLKPEDTAVYYCNTYVAFVGRARTWGQGTQVTVTS
seq6760,DVQLVESGGGVVQAGGSLRLSCAASGLTFSSYAMGWFRQAPGKERERVVSISRGGGYTYYADSVKGRFTISRDNAENTVYLQMNSLKPEDTALYYCAAARYWATGSEYEFDYWGQGTLVKVSS
seq6761,EVQLVESGGGLVQPGDSLKLSCVASGRTFSSYSMGWFRQAQGKEREFVVAISSGGYIYDSVSLQGRFTISRDNTKNTVYLQTPSLKPEDTAVYYCAASRAYGSSRLRLADTYDYWGQGTQVTVSS
seq6762,EVQLVESGGGLVQPGGSLTLSCVASGSTSSINAIGWYRRAPGKQRELVAGISSDGSKVYSDSVKGRFTISRDNAKNSVYLQMNSLRAEDTAVYYCYYFRPVSGSSMRYWGQGTLVTVSS
seq6763,VKLEESGGGLVQAGRSLRLSCAASEHTFSSHVMGWFRQAPGKERESVAVIGWRDISTSYADSVKGRFTISRDNAKKTLYLQMNSLKPEDTAVYYCAARRIDAADFDSWGQGTQV
seq6764,QVQLQESGGGLVQAGGSLRLSCAVSGNTLSRYAMGWFRQTPGNEREFVAAIRWNNGATYYADAVKGRFTISRDTGRNTVYLQMNNLKPEDTAVYYCAGRFLGYASSNAYHEALYNYDYWGQGTQVTVSS
seq6765,EVQLVESGGGLVQAGGSLRLSCIASERTFSSAGVGWFRQAPGKERDFVAAISWNGVTIYYADSVKGRFTISRDNAKNTVYLQMNSLKPEDTAVYYCAARINYSVLTTTSSSYHYWGQGTQVTVSS
seq6766,EVQPVESGGGLVQAGGSLRLSCTASGSAFSSTVVGWFRQAPGKEREIVTAINWSGARTYYADSVKGRFTISRDNAKNTAYLQMNSLKPEDTAVYYCAAGSDRYARVLTEYEYVWWGQGTQVTVSS
seq6767,QVQLQESGGGLVQPGGSLRLSCAASGSTFSINAMAWYRQAPGQRRELVAGISGGGVTNYPDSVKGRFTISRDNAKNTVYLQMSSLKPEDTAVYYCNLWPPRASPGGRVYWGQGTQVTVSS
seq6768,EVQLVESGGGVVQPGGSLRLSCAASGGTFSFYGMGWFRQAPGKEQEFVADIRTSAGRTYYADSVKGRFTISRDNSKNTVYLQMNSLRPEDTALYYCAAEMSGISGWDYWGQGTLVTVSS
seq6769,EVQLVESGGGLVQPGGSLRLSCAASGSAFSIKSMGWYRQAPGKQRELAAVIISSGTTTYADSVKGRFTISRDSAKNTVYLQMDSLKPEDTAVYVCNAVYVSTWGNGYDYWGQGTQVTVSS
seq6770,QVKLEESGGGSVQTGGSLRLTCAASGRTSRSYGMGWFRQAPGKEREFVSGISWRGDSTGYADSVKGRFTISRDNAKNTVDLQMNSLKPEDTAVYYCAAAAGSAWYGTLYEYDYWGQGTQVTVSS
seq6771,QVQLVESGGGLVQAGGSMRLSCAASGRTPRHYILGWFRQAPGKQREFVAAIRESGSRTYYADSVRGRDTISRDNTKNAGDLQMNSLKPEDSATYYCAVDQYPTTEFSTQVGHYDYWGQGTEVTISS
seq6772,EVQLVESGGGLVQPGRSLTLSCAASTNIISISPMGWYRQAPGKQRELVAAIHGASTLYADSVKGRFTISRDNAKNSIYLQMNSLRPEDTALYYCNKVPWGDYHPGNVYWGQGTQVTVSS
seq6773,QVQLVESGGGSVQAGGSLRLSCKASGFTFEDFDVGWYYRTPGNVCVLVSSITGDGATAYADSVKGRFTITRDNAKNTVYLQMNNLKLEDTAMYYCAADDSLHGSWRVYCRGKFGYWGQGTQVTVSQ
seq6774,QVQLVESGGGLVQPGGSLRLSCAASGRTFIAYAMGWFRQAPGKEREFVAAITNFAGGTTYYADSVKGRFTISRDNSKNTLYLQMNSLRAEDTAVYYCAADRSAQTMRQVRPVLPYWGQGTLVTVSS
seq6775,DVQLVESGGGVVQPGGSLRLSCAASGFAFDDYAIGWFRQAPGEEREGVSSISSTYGLTYYADSVKGRFTISSDNSKNTVYLQMNSLRPEDTAVYYCAATPIGLIGLDAYEYDYWGQGTLVKVSS
seq6776,EVQLVESGGGLVQPGGSLRLSCTASGSVFSIGNMGWYRQAPGKQRELVATITQAGSPNYSQSAKGRFTISRDVPKNTVSLQMNSLKPEDTAVYYCNGNIVTYDRGRTTVKNYWGQGTQVTVSS
seq6777,EVQLVESGGGLVQAGGSLRLSCAASGFTFDDYGIGWFRQASGKEREGVSCITSSDGSTYYADSVKGRFTISSDNAKNTVYLQMNSLKPEDTAVYYCAALPFVCPSGSYSDYGDEYDYWGQGTQVTVSS
seq6778,AVQLVESGGGLVQAGASLRLSCAASGGTFANYAIAWFRQAPGKEREFVGAISWRGGRSEYADSVKGRFTISRDNAKNTAELQMNSLKPEDTAVYYCAGDPVIYYWEYGGRKPRYWGQGTQVTVSS
seq6779,EVQLVESGGGLVQAGGSLRLSCAASGRTFSIYAMGWFRQAPGKEREFVAAITWIGDSTYYADSVKGRFTIARDNAKNTVYLQMNSLKPEDTAVYYCAAEREATMTLNFDSWGQGTQVTVSS
seq6780,EVQLVESGGGLVQPGGSLRLSCAASGLTLDYYAMGWFRQAPGKEREWVASINWSGGSTYYADSVKGRFTISADNSKNTAYLQMNSLKPEDTAVYYCAAYGSGEFDWGQGTLVTVSS
seq6781,VQLVESGGGLVQAGGSLRLSCAASGNVFRFNIMGWYRQAPGNQRELVASIDDGGDRSYADSVEGRFTISRENGKKIMYLQMNSLKPEDTAVYYCAAGLGTYLNGRVSMATNYWGQGTQVTVSS
seq6782,QVQLQDSGGGLVQAGGSLRLSCAASGRTFSSYAMAWLRQTPGKEREFVAGITWATSSTTYTDSAKGRFTISRDSAQNTVYLQMNSLKSEDTAVYYCAASGPSNGIHWYRYSDYNNWGQGTQVTVSS
seq6783,EVQLVESGGGLVQPGGSLRLSCVASGFSLDDYGMTWVRQAPGKGLEWVSSINWSGTHTDCADSVKGRFTISRDNAKNTLFLQMNSLTPEDTAVYYCNQGWKIIPTDRRGHGTQVTVSS
seq6784,EVQLVESGGKVVQPGGSLRLSCSASGRTFSFSTSTMGWFRQAPGKELEFVAAIDWSDFNTYYADSVKGRFTISRHNPRNSVYLQLNSLKPEDTAVYYCAAHSETRGGTRYFDRPSLYNYWGQGTLVQVSS
seq6785,QVQLQESGGGLVQAGGSLRLSCAASGRTFSSYAMGWFRQSPGKDREFVAAVSWSGGSTYYADSLKGRFTISRDNAKNTVYLQMNSLKPEDTADYYCAAQRVMDYYRPRTESAYAYWGQGTRVTVSS
seq6786,VQLQESGGGLVQAGGSLRLSWAASGRTGSTYDMGWFRQAPGKERESVAAINWDSARTYYASSVRGRFTISRDNAKKTVYLQMNSLKPEDTAVYTAGAGEGGTWDSWGQGTQVTVSS
seq6787,QVQLQQSGGGLVQAGGSLRLSCAASGLTFGSYAMGWFRQAPGKEREFVAAIMRYSSRTYYTDSVKGRFTISRDNAKNTVNLQMNNLEPEDTAIYYCAAAKRLSRVTLPREYEFWGQGTQVTVSS
seq6788,QVQLQESGGGSVQAGGSLRLSCTASGFSLDDSDMGWYRQARGNVCQLVSTIASDRSTYYTPSVKGRFTISHDRAKNTIYLQMNSLKPEDTAVYYCAAAPRLAYTTAMTCEGDFAYWGQGTQVTVSS
seq6789,EVQLVESGGGLVQAGGSLRLSCAASGRTFSSYAMGWFRQAPGKELEFVTAVSWSGGSTYYADSVKGRFTISRDSAKNTVYLQMNSLKPEDTAVYYCAAQSTIVEVTTLEAYDYWGQGTQVTVSS
seq6790,QVQLVESGGGLVQAGGSLRLSCAASGRTFSTYIMGWFRQAPGKEREFVAAITWIGGSTYYADSVKGRFTISRDYAKNTLYLQMNSLKPEDTAVYYCAAQMKFQITTMDSDYDYWGQGTQVTVSS
seq6791,EVQLVESGGGLVQAGGSLRLSCAASGSIFSISYMGWYRQAPGKERESVAIIDRSGASTNYVDSVRGRFTISRSNAKNKNMLYLQMNSLKPEDTAVYYCNTVPTTSAYWGPGTQVTVSS
seq6792,EVQLQASGGGLVQAGGSLRLSCAASGFKITHYTMGWFRQAPGKEREFVSRITWGGDNTFYSNSVKGRFTISRDNAKNTVYLQMNSLKPEDTADYYCAAGSTSTATPLRVDYWGKGTQVTVSS
seq6793,EVQLVESGGGLVQPGGSLRLSCAASGRIFSIGAMGMYRQAPGKGRELVATITSGGSTNYADPVKGRFTISRDNAKNTVYLQMNSLRAEDTAVYYCYANLKQGSYGYRFNDYWGQGTQVTVSS
seq6794,QVQLQESGGGLVQAGGSLRLSCAASGRTDDVYAMGWFRQVPGKEREFVATINRSGSDSFYADSVKGRFTISRDNAKNTVYLQMNSLKPEETAVYYCAASRSDCIGYGCRRVPQEYWGQGTQVTVSS
seq6795,EVQLQASGGGFVQPGGSLSLSCAVSGRSFGDDVMGWFRQAPGKEREFVSAIRFRSNSPFYGDPGKGRFTIARDSAKDTVYLHMYRLRPDDTAVYYCAVGDGALVNRASDYTYWGQGTQVTVS
seq6796,EVQLVESGGGLVQAGGSLRLSCAVSGFTLDDYAIGWFRQAPGKEREGVSSIRDNDGSTYYADSVKGRSTISSDNDKNTVYLQMNSLKPEDTAVYYCAAVPAGRLRFGEQWYPIYEYDAWGQGTLVTVSS
seq6797,QVKLEESGGGLVQAGGSATLSCSAPGDTLSRYAVGWFRQGPGQERDFVASITWSGDYTYYKDSVKGRFTISRDSVNNMVYLRMNSLKPEDTALYYCAADKSSFRLRGPGLYDYRGQGTQVTVSS
seq6798,EVQLVESGGGLVQAGGSLRLSCIATGKVFSIYDMGWYRQAPGKQRELVAEITSSGTTHYDDFVSGRFTISRDNAKNTVYLQMNTLKAEDTAVYYCRANHVFGGSYWGQGTQVT
seq6799,VQLQESGGGLVQAGGSLRLSCAASGSVFSINAMGWYRQAPEKQRELVAAITTQGRTTYEDSVKGRFTISRDGAQNTVYLQMDSLKPEDTAVYYCKAWTAKDDYWGKGTQVTVSS
seq6800,QVQLQESGGGLVQAGGSLRLSCAASGSIFSINAMGWYRQAPGKQRELVAAITSGGSTTYADSVKGRFTVSRDNAKNTVYLQMIRLKPEDTAVYYCHVRDIYSDFLGQYEYDYWGQGTQVTVSS
seq6801,QVQLQESGGGLVQPGESLRLSCAVSGSTSSWNAMAWYRQAPGKRRELVAGISGGGATNYPDSVKGRFTISRDNAKNTVYLQMSSLKPEDTAVYYCNLWPPRASPGGGVYWGQGTQVTVSS
seq6802,EVQLVESGGGLVQPGGSLRLSCAASGEIGRINFYRWYRQAPGNQREVVATITIADKTDYADSAKGRFTISRDESRNMVYLQMSSLKPENTAVYFCHAGSRLYPYDYWGQGTQVTVSS
seq6803,EVQLVESGGGLVQAGGSLSLSCSASGRSLSNYYMGWFRQAPGKERELLGNISWRGYNIYYKDSVKGRFTISRDDAKNTIYLQMNRLKPEDTAVYYCAASILPLSDDPGWNTYWGQGTQVTVSS
seq6804,EVQLEESGGGLVQPGGSLRLSCAASGSIASINAMGWYRQAPGKQRELVAAITRGGSTNYADSVKGRFTISRDNAKNTVYLQMNSLKPEDTAVYSCNGLCSDDRCYGDSLFAPWGPGTQVTVSS
seq6805,QVQLQESGGGLVQAGDSLRLSCAASGRTFSINYMGWYRQAPGKQRELVAAITSGSGSTNYADSVKGRFTISRDNAKNTMYLQMNSLKPEDTAVYYCNADMDSSLSGGYVDVWGQGTQVTVSS
seq6806,QVQLQESGGGLVQPGGSLRLSCAASGRTISSYAMGWFRQAPGKQREFVAAISRSGGNTYYTDSVKGRFIISRDNAKNTLYLQMNNLKPEETAVYYCAADPNLMYESKWKYRALEAWGQGTLVTVSS
seq6807,VHLMESGGGSVQAGGSLRLSCAASGVPASSYCMGWFRQAPGKEREGVAGIVSDTTTTYADSVKGRFTISKDNAKNTLYLQMNSLKPEDTATYYCAASHFLLCARKPRWDDLIKYEYWGQGTQVTVSS
seq6808,VQLVESGGGLVQAGDSLRLSCAASGRTFSRGVMGWFRRAPGKEREFVAIFSGSSWSGRSTYYSDSVKGRFTISRDNAKNTVYLQMNGLKPEDTAVYYCAAGYPEAYSAYGRESTYDYWGQGTQVTVSS
seq6809,QVQLQESGGGLVQAGGSLRLSCAVSGSTARLDAMGWYRQAPGKQREWVAGIDSADITDYARFVKGRFTISRDNAKNTVYLQMNSLKPEDTAVYYCNKWPPSVPPNWGQGTQVTVSS
seq6810,AVQLVESGGGLVQPGGSLRLSCAASGSIFSINVMGWYRQAPGKQRELVAAITRGGNTNYADSVKGRFTISRDNAENTVYLQMNSLRSEDTAVYYCKGIKIRAGKRSTYWGQGTQVTVST
seq6811,AVQLVESGGGLVQPGGSLRLSCLASGRIFSIGTMGLYRQAPGKQRELVATITSGGSTNYADSVKGRFTISRDGAKNTVYLQMNSLRPEDTAVYYCYANLKQGDYGYRFNDYWGQGTQVTVSS
seq6812,QVQLQESGGGLVQAGGSLRLSCAVSGSIFSLLAMGWFRQAPGKERELVASVSTHSNTNYADSVKGRFTISRDNAKNTVYLQMNSLKPEDTAVYYCNAGGRYSARVYWGQGTQVTVSS
seq6813,EVQLVESGGGLVQPGGSLRLSCAASGISSSKRNMGWFRQAPGKEREFVATWTSRGITTYADSVKGRFTISADNSKNTAYLQMNSLKPEDTAVYYCARGGPPRLWGSYRRKYFDYWGQGTLVTVSS
seq6814,QLQLVESGGGLVQAGGSLRLSCAVSISTFTTNGWDWYRQAPGKQRELVALISNDGTTTYTDSVKGRFTISRDGAKNTVYLQMNNLKPEDTAVYYCNTIPPAGSWGQGTQVTVSS
seq6815,EVQLVESGGGLVQPGGSLRLSCACSGFTFDDYGMSWVRQAPGKALEWVSAISWNGNNTYYTESMKGRFTISRDNAKNTLYLQMNSLRPEDTAVYYCVKGSTAIVGVPPTYPDEYDYWGQGTLVTVSS
seq6816,QVQLQESGGGLVQPGESLRLSCAASTSGFSSYVMAWYRQAPGKQRELVASMTTGGLTNYADSVKGRFTISRDNAKNTVYLQMNSLKPEDTAAYYCNARRLWNAYWGQGTQVTVSS
seq6817,EVQLVESGGGLVQAGGSLRLSCAASESTVLINAMGWYRQAPGKQRELVASISSGGSTNYADSVKGRFTISRDNAKNTVYLQMNSLKPEDTAVYYCNADVYPQDYGLGYVEGKVYYGHDYWGTGTLVTVSS
seq6818,EVQLVESGGGLVQAGGSLRLSCAASIRTFSSYNMAWFRQAPGKEREFVTAIIQSGGTTYYDDSVKGRFTISRDNAKNTVYLQMNSLKPEDTAVYYCAARSAYASGIYYYTREVSYNYWGQGTQVTVSS
seq6819,EVQLVESGGGLVQPGGSLRLSCTASGFQLVYHDLGWFRQVPGKEREGISCISSTDGSTYYTDSVKGRFTISRDNAKNIVYLQMNSLKSEDTAVYYCAADWRNVCRLPLGTGFGSWGQGTQVTVSS
seq6820,EVQLVESGGDLVQPGGSLRLSCAASGSVFSINDMGWFRQAPGKQRELVADIISRGVTNYADSVKGRFTISGDPAKNTVYLQMNSLKPEDTAVYYCNAHISTGWGRPHNNYWGQGTQVTVSS
seq6821,VKLEESGGGLVQPGGSLRLSCAASEFTFSSSWGHWVRQAPGKGLKWVSSINSGGEGTYYADSVKGRFTISRDNGKNTLYLEMNSLKSEDTAVYYCTSASGAWGQGIQVTVSS
seq6822,EVQLVESGGDLVQPGGSLRLSCAASGSIFSINDMGWFRQAPGKQRELVADIISRDVTNYADSVKGRFTISGDHAKNTVYLQMNSLKPEDTAVYYCNAHISTGWGRPHNNYWGQGTQVTVSS
seq6823,EVQLLESGGGLVQPGGSLRLSCAASGRPFSNYAMGWFRQAPGKEREFVSAISWSGGSTSYADSVKGRFTISRDNSKNTVYLQMNSLRAEDTAVYYCAAQFSGADYGFGRLGIRGYEYDYWGQGTLVTVSS
seq6824,QVQLVESGGGVVQPGGSLRLSCAASGLTLSQYTMGWFRQAPGKERELVAAIHWTSSVTDYADSVYGRFTISRDDSKNTGYLQMNSLRAEDTAVYYCAATHYYTHRGSFDYWGQGTLVTVSS
seq6825,EVQLLESGGGLVQPGGSLRLSCVHSGPTFRTDTMGWFRQAPGKGREFVAAVTWNSGRINYADSVKGRFTISRDNSKNAAYLQMSSLRPEDTAVYYCAAHRFVVGGNRVEDWRYWGQGTLVTVSS
seq6826,QVQLVESGGGLVQAGGSLRLSCAASGSTSSINTMYWFRQAPGEERELVATINRGGSTNVRDSVKGRFSVSRDSAKNIVYLQMNRLKPEDTAVYYCNTYIPYGGTLHDFWGQGTQVTVSS
seq6827,EVQLVKSGGGSVQAGESLRLSCAASGSIFSSNAMAWYRQALGKQRDLVALIDSAGITKYADSVKGRFTISRDNAKNTVYLQMNRLKPEDTAVYYCASDARRGWNTKYWGQGTLVTVSS
seq6828,QVQLVESGGGVVQPGGSLRLSCAASDSIDSLVNMGWYRQAPGKQRELVALIARYITHYADFVKGRFTISRDNSKNTLYLQMNSLRAEDTAVYYCYARNIIVDYWGQGTLVTVSS
seq6829,EVQLVESGGGLVQAGGSLRLSCAASGFTFDDYAIGWFRQAPGKEREGVSWISSSDGSTYYADSVKGRFTISSDNAKNTVYLQMNSLKPEDTAVYYCAAGAGFLITTIWTTQMYDYWGQGTQVTVSS
seq6830,EVQLVESGGGLVQPGGSLRLSCVASGDVHKINILGWYRQAPGKEREKVARISISDQTDYAESAKGRFTISRDESKNMVYLQMNSLKPEDTAVYLCRAFSRIYPYDYWGQGTLVTVSS
seq6831,EVQLVESGGGLVQPGGSLRLSCAASGSIDSIHVVGWYRKAPGKQREVVAYIGTAGATHYADSVKGRFTISRDNAENLVYLQMNNLKPEDTAVYYCSAGWGDSAYWGQGTQVTVSS
seq6832,QVQLVESGGGSGQPGGSLRLSCAASGFDLDYYAVGWFRQAPGKEREAVSCISVSGANISYVDSVKGRFTISRDNAKRTVDLSLDSLKPEDTAVYYCATTWGIHWCPLNPSDYRRWGRGTQVTVSS
seq6833,EVQLVESGGGAVQPGGSLRLSCVASGIRISRNMMGWFRRTPGRERNMVARISPGGATYYVDSVKGRFSISKDDSKNTVYLQMDSLKPEDTAVYYCNSYSTLGSWGQGTLVTVSS
seq6834,EVQLVESGGGEVQPGGSLRLSCGPSEIITSDKSVGWWRQAPGKGRELVAGISNVGSTNYAQSVKGRFTISRDNAKNTLYLQMSSLRAEDTAVYYCYARDFENEYWGQGTLVTVKP
seq6835,EVQLVESGGGLVQPGGSLRLSCAASGRAFSDYAMAWFRQAPGKEREFVAGIGWSGGDTLYADSVRGRFTISRDNSKNTLYLQMNSLRAEDTAVYYCAARQGQYIYSSMRSDSYDYWGQGTLVTVSS
seq6836,QVQLVESGGGLVQSGGSLTLTCAASGFTFSAASMRWVRQVPGKGLEWVATIDGTGANSYYSESAKGRFTISRDNARNTLRLQMNNLKPDDTAVYYCANFGRNYWGKGTQVTVSS
seq6837,EVQLVESGGGLVQPGGSLKLSCAASGASFHDYAIGWFRQAPGKEREGVSYIGCDDGAQYYAGSVKGRFTISCDYAKNTVYLQMNSLKPEDTAVYYCAAAYQWDTIRWVHEYDYSVWGQGTQVTVSS
seq6838,QVQLQESGGGLVQAGGSLTLSCAASGRYQLAWFRQAPEKVREFVGTISSGDSTWYTNSVKGRFAISRDSARNTVYLQMNDLKPEDTAVYYCAAALYYRDSRRAADYPYWGQGTQVTVSS
seq6839,QVQLQDSGGGLVQPGGSLRLSCAASGSTLDYYAIGWFRQAPGKEREGVSCMSSSDGSSDGYTYYEDSVKGRFTISRDNAKNTVYLQMNNLKPEDTAVYYCAARLYGIATTDPSYFDSWGQGTQVTVSS
seq6840,VQLVESGGGLVQPGGSLRLSCAAPESIVNSRTMAWYRQAPGKQRERVATITTAGSPNYADSVKGRFAISRDNAKNTVYLQMNSLKPEDTAVYYCNTLLSTLPYGQGTQVTVSS
seq6841,EVQLVESGGGLVQAGGSLRLSCAASGSRFRFEIMGWYRQAPGKPRDLVALITSSGSANYADSVKGRFTISRDNAKNTLYLQMNSLKSEDTGVYYCNAHTYTDNLWGQGTQVTVSS
seq6842,EVQLVESGGGVVQAGESLTLSCAASGRTLSAYIMGWFRQAPGKEREFVAGIWSGGYTHLADSAKGRFSISRDNAKNTVYLQMNGLKPEDTALYYCAAGLRGRQYSNWGQGTLVTVSS
seq6843,EVQLVESGGGLVQPGGSLRLTCAASGSIFSIDAMGWYRQAPGKQRELVASITSTTNYAESVKGRFTISRANAKNTVYLQMNSLKPEDTAVYYCNVKGQTGWGTALMDYWGKGTQVTVSS
seq6844,EVQLVESGGGEVQPGGSLRLSCAASGSITGANTMGWYRQAPGKQRDLVALIGNYVTHYAESVKGRFTISRENAKNTVYLQMSSLRAEDTAVYYCYLYTDNLGTSWGQGTLVTVKP
seq6845,DVQLQESGGGLVQAGGSLRLSCAASGATSDVYAMGWFRQVPGKEREFVATINRSGSDSYYADSVKGRFTISRDNAKNTVYLQMNSLKPEETAVYYCAASRSDCIGYGCHHVSQDYWGQGTQVTVSS
seq6846,EVQLVESGGGLVQPGGSLTLSCAASGHSVSFLSMAWYRQAPGKKRELVAGISADGSTDYIASVKGRFTISRDNAKNSVYLQMNSLRAEDTAVYYCYAYRWSTRYTYWGQGTLVTVSS
seq6847,EVQLVESGGGLVQAGGFLRLSCELRGSIFNQYAMAWFRQAPGKEREFVAGMGAVPHYGEFVKGRFTISRDNAKNSVYLQMNSLKVEDTAIYFCARSKSTYISYNSNGYDSWGRGTQVTVSS
seq6848,QVQLQESGGGSVTTGGSLRLSCAASTSIYSNNYMAWFRQAPGKGREGVAAVYIGDGRPYYADSVKGRFTISLDSAKNTVYLQMNSLKPEDTAMYYCAAAPGPLSRHYWYTSANYDYWGPGTQVTVSS
seq6849,QVQLVESGGGLVQAGGSLRLSCAASTTSSINSMSWYRQAQGKQREPVAVITDRGSTSYADSVKGRFTISRDNAKNTVYLQMNSLKPEDTAIYTCHVIADWRGYWGQGTQVTVSS
seq6850,EVQLVESGGGLVQAGGSLRLSCAASGFTFDDYAIGWFRQAPGKEREGVSIISSSDGTTYYADSVKGRFTISTDNAKNTVYLQMNSLKPEDTAVYYCAAGQGWVIATMTSFRAHREYDYWGQGTQVTVSS
seq6851,EVQLVESGGGVVQAGGSLRLSCAASGGTFSFYGMGWFRQAPGKEQEFVADIRTSAGRTYYADSVKGRFTISRDNAKNTVYLQMNSLKPEDTALYYCAAEMSGISGWDYWGQGTQVQVSS
seq6852,EVQLVESGGGLVQPGGSLTLSCAASGSKVSFMSMAWYRQAPGKKRELVAGISADGSTDYIDSVKGRFTISRDNAKNSVYLQMNSLRAEDTAVYYCYAYRWTTRLTYWGQGTLVTVSS
seq6853,EVQLVESGGGLVQPGGSLRLSCAASGRTFGSYGMGWFRQAPGKEREFVATISIGGRTYYADSVKGRFTISADNSKNTAYLQMNSLKPEDTAVYYCARGSGSGFMWYHGNNNYDRWRYWGQGTLVTVSS
seq6854,EVQLVESGGGLVQAGGSLRLSCAASGRTISSSVLGWFRQAPGKEREFVAAISGSGSSTDSAKDRFTISRDNAKNTVYLQMNSLKPEDTAVYYCAAGRAFLTRDPFYYDIWGQGTQVTVSS
seq6855,AVQLVDSGGGLVQPGGSLRLSCAASRSINAIAYLRWYRQTPGNQRELVASITTGGVTNYADSVKGRFTISRDNAKNTLYLQMNSLKPEDTAVYYCNARRYSSSSGYRDYWGQGTRVTVSS
seq6856,EVQLVESGGGLVQPGGSLRLSCAASGSIFRLSTMGWFRQAPGKEREFVASISSFGSTYYADSVKGRFTISADNSKNTAYLQMNSLKPEDTAVYYCARTRGIFLWFGESFDYWGQGTLVTVSS
seq6857,EVQLVESGGGLVQPGGSLRLSCAASGLAFNAYAMGWFRQAPGKEREEVATIGWSGANTYYADSVKGRFTISADNSKNTAYLQMNSLKPEDTAVYYCASDPPGWGQGTLVTVSS
seq6858,EVQLVESGGGMVQAGGSLRLSCTGSRNIFSTYAMAWHRQAPGKQRELVGFIYWGGTTSYVDSVKGRFTISRDNAKNTMYLQMNSLKPEDAAVYYCNIYGSYALPWGQGTQVTVSS
seq6859,QVQLVESGGGLVQVGGSLRLSCVASGLTFSNYAMGWFRQAPGKEREFVTAINWSGAIKNYGDSAKGRFTISRDNALNMLYLQMNRLKPEDTAVYYCAARQGNMGDLVVKSGDYWGQGTQVTVSS
seq6860,EVQLVESGGGLVQPGRSLTLSCAASTNIFSISPYGWYRQAPGKQRELVAAIHGTSTLYADSVKGRFTISRDNAKNSIYLQMNSLRPEDTALYYCNKVPWGDYHPGNVYWGQGTQVTVSS
seq6861,AVQLVESGGGLVRPGGSLRLSCAASASIFSVNGVGWYRRAPGKERELVAAILRDGKTNYADSVKGRFTISRDNAKDTVYLQMNSLKPEDTAVYICATGPEVTTSTMTDTSKYDYWGQGTLVTVSS
seq6862,EVQLQASGGGLAQPGGSLRLSCTADGRTFSDIAMAWFRQAPGKEREIVAAIDWNGGTTYYTTFVKGRFTISRDNAKKTVYLQMTSLKPEDTAVYYCKALDITTAASYWGQGTQVTVSS
seq6863,EVQLVESGGGLVQPGGSLTLSCAASGSSVSFLSLAWYRQAPGKKRELVAGISADGSTDYIDSVKGRFTISRDNAKNSVYLQMNSLRAEDTAVYYCYAYRWKTRRTYWGQGTLVTVSS
seq6864,QVQLQESGGGLVQAGGSLRLSCVDQGRTFSVNAMAWYRQAPGKQRELVASITSSGLDTQYAEGMKGRFTISKGNDKFSTYLQMNNLKPDDTAVYYCNAERWDNGMVYWGKGTQVTVSS
seq6865,QVQLVESGGGSVQAGGSLRLSCAASGFDFSIYVMSWVRQAPGKGLEWISGIMPSGQTTYADAVKGRFTISRDNAKNTLYLQLNSLKTEDTAIYYCAKGVYTKYVGGARGQGTQVTVSS
seq6866,DVQLVESGGDSVQAGGSLRLSCAVSGNPYDSGCVAWFRQAPGKEREAVVSINSGGGILVHTDSVKGRFTISRDNTKNTVYLQMNGLKPEDTAIYYCASDSYDRHSGKADKFVAWGQGTQVTVSS
seq6867,MAESGGGSVQTGGSLRLSCAYTASSVCMAWFRQAPGKEREGVAVTREGLTQTGYADSVKGRFAISQDYAKKTLYLQMSSLKPEDTARYYCAARPTSPCTVDGELLASTYDYWGQGTQVTV
seq6868,EVQLVESGGGLVQAGGSLRLSCAASGHTFSRYAMGWFRRVPGKEREFVTHITWNRGSTYYADSVKGRFTISRDKASNTLYLQMNSLKPEDTAVYYCAAQIKYGAVTHPEEYSYWGQGTQVTVSS
seq6869,QVQLQASGGGLVQAGGSLRLSCAASGRTVATLGWFRQAPGKEREFVAGITWTAGRTYYADSVKGRFTISRDNKRTTYLQMNSLKPEDTGVYYCAATSSGSTRLLSTGRDNYWGQGTLVTVS
seq6870,EVQLVESGGGLVQPGGSLRLSCAASGLTLEYYNIGWFRQAPGKEREGVACIDWTEGSTFYVDSVKGRFTISTDNAKNTVYLHMNSLEPEDTAVYYCAAGWGRVITVQHMCADRSLFTSWGQGTQVTVSS
seq6871,EVQLVESGGGLEQAGGSLRLSCSASGLLFSVNSAGWYRQAPGKQRDFVARIRSGGSTNYADSVKGRSTVSRDNAKNTLYLQLYSLKPEDTAVYYCSSWRTGAYEYWGQWTQVTVSS
seq6872,AVQLVDSGGGLVQPGGSLRLSCAASGFSFGSFGMSWVRQYPGKEPEWVSSINGRGDDTRYADSVKGRFSISRDNAKNTLYLQMNSLKPEDTAEYYCTIGRSVSRSRTQGTQVTVSS
seq6873,EVQLVESGGGLVQPGGSLRLSCATSATIFRSNAMGWYRQAPGKKRDLVASISNSGSTNYADSVKGRFTVSRDNDKNTAYLQMNSLKPEDTGVYYCTIDGRRGWNTGYWGQGTQVTVSS
seq6874,VQLVESGGGSVQAGGSLRLSCTASAYTYSNICLGWLRQAPGGGLEAVATIYIADQTSYYADSVKGRFRISKDAAKNAVYLQMSSLRPEDTAMYYCASRYGSTCGEYLADYTSRAQGTQVTVSS
seq6875,QVQLQESGGGLVQAGGFLTFSCAVFESILRINTKAWYRQAPGKQRELVATITSGGSTNYADSVKGRFTISRGDAKNTVYLRMNSLKPEDTAVYYCKVAKMIGTRDYWGQGTQVTVSS
seq6876,QVQLVESGGGLVQPGGSLRLSCAASGFTFSSSYMSWVRQAPGKGLEWVSGINTDGSFTRYADSVKGRFTISRDNAKNTLYLQMNSLKSEDTALYYCAVGGGLGYGPRGQGTLVTVSS
seq6877,VQLVESGGGVVQPGGSLRLSCAASDSISSLVNMGWYRQAPGKQRELVALIANYITHYADFVKGRFTISRDNSKNTLYLQMNSLRAEDTAVYYCYARNIIVDYWGQGTLVTV
seq6878,QVQLVESGGGSVQAGGSLRLSCTTSGRTYSSCSMGWYRQAPGKERELVSHIFSDGSRYYADSVKGRFTISQDNAKNTVYLQMNSLKPEDTAMYYCNRRTGWAPRCAVPGYWGQGTQVTVSS
seq6879,QVQLQESGGGSVQTGGSLRLSCVVSGHSYSRKCMGWFRQAPGKEREEVATFYTGDGRTYYADSVKGRFTISQDNAKNTLYLQMNSLKPEDTGMYFCAADRRVNCDLLQSTFYNYRGQGTQVTVSS
seq6880,EVQLVESGGGLVQPGGSLRLSCAASGFTFSSYYMGWFRQAPGKEREFVARISGSTFYADSVKGRFTISADNSKNTAYLQMNSLKPEDTAVYYCAALPFVCPSGSYSDYGDEYDWGQGTLVTVSS
seq6881,QVQLVESGGGVVQPGGSLRLSCAASGLTLSQYTMGWFRQAPGKERELVAAIHWTSSVTDYADSVDGRFTISRDDSKNTGYLQMNSLRAEDTAVYYCAATWYYTHRGSFDYWGQGTLVTVSS
seq6882,QLQLVESGGGLVQPGGSLRLSCAASGIILNFYGMGWDRQTPGQGLEGVSYVNNNGMTNYADSVKGRFTISRDNAKNTMYLQMNSLKPEDTADYYCNVSAYTYRSNYYYPWGQANHVTVSS
seq6883,EVQLVESGGGLVQAGGSLRLSCVASGLTFSTYSMGWFRQAPGKEREFVAAINGGGSSTTYADSVKGRFTISRDNAKNTVYLQMNSLKPEDTAVYSCAVKMYSGSYSSPPGYNYWGQGTQVTVSS
seq6884,VQLQESGGGLVQTGGSLRLSCAASGVDFNWYSMGWFRQAPGKEREYVASIDQGGELDYAISVKGRFTISRDNAKNMVYLQMNSLKPEDTAVYYCAADFSGRGASNPDKYKYWGQGTQVTV
seq6885,EVQLVESGGGVVQTGGSLRLSCAASEPIFSNYAMAWFRQAPGKEREFVAGISWSGSSTNYADSVKGRFTISRDIAKNTGYLQMNSMKPEDTASYYCAVDLHMRSPSPDPGEYDYWGQGTQVTVSS
seq6886,QVQLVESGGGLVQPGGSLRLSCAASGFTLDAYAIGWFRQAPGKEREGVSYITSGTGTTLYADSVKGRFTISRDNAKNTVYLQMNSLKPEDTAVYFCTTLKRTTAGGWPIPGRIGGQGTQVTVSS
seq6887,QVQLQQSGGGLVQPGGSLRLSCAASGRIFRIDVMSWYRQTPGKERELVASITSGGSANYADFAKGRFSITIDTAKHTMDLQMNSLKPEDSAVYYCNAKGPYARGSGPWGQGTQVTVSS
seq6888,EVQLVESGGGLVQAGGSLRLSCAASGFTFDDYALGWFRQAAGKEREGVSCIRCSDGSTYYADSVKGRFTISSDNAKNTVYLQMNSLKPEDTAVYYCAASIVPRSKLEPYEYDAWGQGTLVTVSS
seq6889,HVQLVESGGGSVEAGGSLRLSCAASGFRYAAYCMGWFRQADGKEREGVATIDIDGLTTHADSVKGRFTISRDNAKNTLSLQMNDLKPEDTAMYYCAADRDRCGSIWTYAYKYRGQGTLVTVSS
seq6890,VQLVESGGGLVQSGGSLRLSCAASRRTASNYAVAWFRQAPGKEREFVAAIGWSDDVTYYADSVKGRFTVSRDNAKNTVYLQMNGLEPEDTAVYYCTTNGDRYSYRTASSYHYWGQGTQVTVSS
seq6891,EVQLVESGGGLVQPGGSLTLSCVASGSPSSINAYGWYRRAPGKQRELVAGISSDGSKVYSDSVKGRFTISRDNAKNSVYLQMNSLRAEDTAVYYCYYFRTVSGSSMSYWGQGTLVTVSS
seq6892,EVQLVESGGGLVQAGGSLRLSCVASRGTLNNNPMAMGWFRRAPGKEREFVASIDWSGRSTYYADSVKGRFTISRDNAKNTVWLQINSLEPEDTSVYFCASRREYYTGISIVESDYPYWGQGTQVTVSS
seq6893,AVQLVESGGGSVQAGGSLRLSCTASRYTASYFCMAWFRQSPGKEREAVASINVGGMPWYGDSVKGRFTISQDSAKNTVYLQMDNLKPEDTATYLCAAGWRGSGTSGYCYADLGDFGYWGQGTQVTVSS
seq6894,EVQLQASGGGLLQAGDSLRLSCAASGRTFSTYNMAWFRQAPGKERELVAAITWSGGTYYADSVKGRFTISRDNAKNTVSLQMDSLKPEDTAVYYCTRSRRASYFGDPTDFRSWGQGTQVTVSS
seq6895,EVQLVESGGGLVQAGGSLRLSCAASGFDFEDYDMGWFRQAPGKEREGVSYISSSDGSTYYTDSVKGRFTISSDNAKNTVYLQMNSLIPEDTAVYYCAARPWTRRVYGSSWLARSLDEYEYDYWGQGTQVTVSS
seq6896,EVQLVESGGGLVQPGGSLRLSCAASGFTFSSYWMYWVRQAPGKGLEWISALAPGGDNRYYADSVNGRFTISRDNAENSLYLQMNSLKSEDTAVYYCAKDHNVGYRTGEYDYGGQGTQVTVSS
seq6897,QVRLVESGGGSVQAGGSLRLSCSASGYTYSYNNMGWFRQAPGNEREGVAAISGGRFTAYADSVKGRFTISRDNAENTLYLQMNNLKPEDTGMYYCAAEVVDPTWGSRDQRRYKYWGQGTQVTVSS
seq6898,QLQASGGGFVQPGGSLRLSCAASGTYSEETAMGWFRQAPGKEREFVSAISFAQDGYRYYADSVKGRFTISRDNSKNTVYLQMNSLRAEDTATYYCAEFDNVWHLPYWGQGT
seq6899,EVQLVESGGGLVQAGGSLRLSCAASGSTFSDYVMGWFRQAPGKERELISGITWNGDTTYYADSVKGRFTISADNAKNTVYLQMNSLKPEDTAVYYCAVVRLGGYDYWGQGTQVTVSS
seq6900,DVQLVESGGGSVQAGGSLRLSCDASGYIDRRDCIGWFRQAPGQEREGVAAIYTVGGNTYYSDSVKGRFTISLDTTNNTVYLEMTSLKPEDTAMYYCAANFLVSTSSVLSPLNFGDWGQGTQVTVSS
seq6901,QVQLVESGGGLVQPGGSLRLSCDASGPNFDYYTIGWFREAPGKEREGVSCITISTGDANYADSVKARFTTSRDSAKNTVFLQMSNLTPDDTGVYYCAADKNYYCSTSAFPRYNLYDYWGQGTQVTVSS
seq6902,QVQLQESGGGSVQAGGSLRLSCTAPGFTSKTCAMRWYRQAPGKEREFVSAISTVGTTTYADSVKGRFIISKDEAKDTVYLQINSLKPEDTAMYSCKTFACRHCIGQSCRTEPDYWGQGTQVTVSS
seq6903,EVQLVESGGGLVQAGGSLRLSCAASGSRFRFELMGWYRQAPGKPRDLVALITSSGSANYADSVKGRFTISRDNAKNTLYLQMNSLKPEDTGVYYCNAHTYTDNLWGQGTQVTVSS
seq6904,QVQLQQSGGGLVQAGGSLRLSCAASGRTFSGYIMGWFRQVPGKERELVARISGNNLSTEYGGSVKGRFTISRDSAKETMYLQMNSLKPEDTAIYYCAAEYDYSSGDFVYWGQGTQVTV
seq6905,EVQVVESGGGLVQPGGSLRLSCAASDDISSIYTMAWYRQAPGKQRELVALVTPGGGTNYADSVKGRFTISRDNAKNTVYLQMNSLKPEDTAVYYCNARHRVTGFAYWGQGTQVTVSS
seq6906,EVQLVESGGGLVQPGGSLRLSCAASGRTFRRYPMGWFRQAPGKEREFVAAISRSGGSTYYADSVKGRFTISADNSKNTAYLQMNSLKPEDTAVYYCAAKRLRSFASGGSYDWGQGTLVTVSS
seq6907,QVQLQESGGGLVQPGGSLRLSCTASGFTLDYYNIGWFRQAPGKERERVSCISSSGGNTNYADSVKGRFTISRDNAKNTVYLQMNSLKPEDTGVYYCAHCMATTEGYEYDYWGQGTQVTVSS
seq6908,EVQLVESGGGLVQPGGSLRLSCAASGRAFSDYAMAWFRQAPGQEREFVAGIGWSGGDTLYADSVRGRFTISRDNSKNTLSLQMNSLRAEDTAVYYCAARQGQYIYSSMRSDSYDYWGQGTLVTVSS
seq6909,QVQLQESGGGLVQPGGSLRLSCAASEFTLDYYSIAWFRQAPGKEREGVSCISSYDGSTSYADSVKGRFTISRDNAKNTVYLQMNSLKPEDTAIYYCAAGIRDWATLREYEYDDWGQGTQVTVSS
seq6910,VQLVESGGGLVQAGGSLRLSCAASGYAYTYIYMGWFRQAPGKEREGVAAMDSGGGGTLYADSVKGRFTISRDKGKNTVYLQMDSLKPEDTATYYCAAGGGHHHHHHGGQWGQGTQVTV
seq6911,EVQLVESGGDVVQAGGSLRLSCLASGFTFDDYAIGWFRQAPGKEREGISCISSTGNVFYADSVKGRFTISSDKEKNTLYLQMDSLKPEDTAVYHCAAGHFTVDSGKVLLRTDISSWGQGTQVTVSS
seq6912,QVQLQESGGGLVQAGGSLRLSCKGYGIIFGFNTITWYRQAPGKQRELVATTPPVGTITYSDSVKGRFTISRDNDKNTVYLQMNSLKAEDTAVYYCNMRNYSGQGTQVTVSS
seq6913,DVQLVESGGGLVQAGDSLRLSCAASGRTFSSYAMGWFRQAPGKEREFVAAISWSDGSTYYADSVKGRFTISRDNAKNTVYLQMNSLKPEDTAVYYCAADLTSTNPGSYIYIWAYDYWGQGTQVTVSS
seq6914,EVQLVESGGGLVQPGGSLRLSCTSSANINSIETLGWYRQAPGKQRELIANMRGGGYMKYAGSLKGRFTMSTESAKNTLYLQMNSLKPEDTAVYYCYARTQRMGVVNSYWGQGTLVTVSS
seq6915,EVQLVESGGGLVQPGGSLRLSCAASGITFSPYAMGWFRQAPGKEREFVATINWSGGYTVYADSVKGRFTISADNSKNTAYLQMNSLKPEDTAVYYCAKRKNRGPLWFGGGGWGYWGQGTLVTVSS
seq6916,QVQLQESGGGLVQAGGSLRLSCAVSGSTFGINTMGWYRQAPEKQRELVASISRGGMTNYADSVKGRFIISRDNAKNTVYLQMNSLKPEDTAVYVCNAGIRSRWYGGPITTYWGQGTQVTVSS
seq6917,DVQLQESGGGLVQAGDSLRLSCAASGATLSSYTIGWFRQAPEKEREFVAGSSHDGHTNYYANSVKGRFTISRDNAKNTVYLQMNSLKPEDTAVYYCAAHTTSGVPVRERSYAYWGQGTQVTVSS
seq6918,DVQLQASGGGVVQPGGSLRLSCAAHDPIFDKNLMGWGRQAPGKQREYVATISGSGGTNYASSVEGRFTISRDNAKKTVYLQMNDLKPEDTAVYYCNSAFAIWGQGTQVTVSS
seq6919,VKLEESGGGLAQAGGSLRLSCIGSGDISSFNAMGWYRQVPGKQRELVAFISSGGRSKYTDSVKGRFTISGDNAKNTVYLQMIDLKPEDTAVYYCNAGSVVSYETGNYYEPSNYWGQGTQVTVSS
seq6920,QVQLQESGGGLVQPGGSLRLSCADSGSTFSINNAMGWYRQAPGKRRDWVAGITSSGVTNYPDSVKGRFTISRDNAKNTVYLQMNSLKPEDTAVYYCNLWPPRASPSGTIYWGQGTQVTVSS
seq6921,EVQLVESGGGLVQPGGSLRLSCTFSGGTFSSYTMGWFRQAPGKEREFVAEVRWGGVTTYSNSLKDRFSISEDSVKNAVYLQMNSLKPEDTAVYYCAAVRQMYMTVVPDYWGQGTLVTVSS
seq6922,EVQLVESGGGLVQAGGSLRLSCAASGSIFSNYAMGWFRQAPGKEREFVATISRGGTRTNYADSVKGRFTISADNAKNTVYLQMNSLKPEDTAVYYCAAAAWTIYAYNYWGQGTQVTVSS
seq6923,QVQLQDSGGGLVQAGGSLRLSCAASGRTFRRYAMGWYRQAPGKQRVLVAAITSNGRPSVADSVKGRFTISSDTAKNTVYLQMNSLKPEDTALYYCTLYNTSADYYNQSPSSWGQGTQVTVLS
seq6924,EVQLVESGGGLVQPGGSLTLSCVASGTTSSINAMGWYRRAPGKQRELVAGISSDGSKVYNDSVKGRFTISRDNAKNSVYLQMNSLRAEDTAVYYCYYFRTVRGSSMRYWGQGTLVTVSS
seq6925,VQLQESGGGSVQAGGSLRLSCQASAYTISRNSMGWFRQAPGKQREGVAAIESDGSTSYSDSVKGRFTISLGNAKNTLYLEMNSLKPEDTAMYYCAAPKVGLGPRTALGHLAFMTLPALNYWGQGTQVTVSS
seq6926,QVQLVESGGGLAQPGGSLRISCAASESSFGNYYMSWVRQSPGKGLEWIAAISTRGSHTYYADSVQGRFIISRDNVKDTLYLQMNDLKIEDTALYYCAMDRFPDLNWYGLETWGQGTQVTVSS
seq6927,QVQLVESGGGLVQAGGSLRLSCAASGRTFSTYTMAWFRQAPGKEREFVQGISRSDGGTYDADSVKGRFTISRDNAKNTVYLQMNSLKPEDTAVYFCAAASVKLVYVNPNRYSYWGQGTQVTVSS
seq6928,EVQLVESGGGLVQPGGSLRLSCETSRHTLDHYAIGWFRQAPGKENEGVACISTSTYYADSVKGRFSISRDNAKNTVYLQMNSLKPEDTAVYYCATTGSGYCTLRAFASWGQGTQVTVSS
seq6929,EVQLVESGGGLVQAGGSLRLSCAASIGTFSAYHMGWFRQAPGKERELVAAISWSVSSTYYADSVKGRFTISRDNAKRTVSLQMDSLKPEDTAVYYCAARSGERYDYYKAQYEYWGQGTQVTVSS
seq6930,QVQLQESGGGLVQPGGFLKFSCAASSSSISFDAMGWYRPAPGKQRELVATISSDGTTDYSDSVKGRFTISREYAKNTVHLQMNSLKPEDTAVYYCNALHLPTSTTDTGYSFWGEGTQVTVSS
seq6931,QVQLQESGGGLVQTGGSLRLSCAASGRAFSTYGMGWFRQAPGKEREFVAGISSSGAGSAYVDSVKHRFTVSRDNAKNTMYLQMNSLKPEDTAVYYCAASTTSWGKFAHYIYWGQGTQVTVSS
seq6932,QSGGRLVEAGGSLRLSCVVSGGTFSWYAMGWFRQAPGKEREFVATVSRGGGSIYYADSVKGRFTISRDNAKNTVYLQMNSLKPEDTAIYYCAAGRGAPSDTGRPDEYNYWGQGTQVT
seq6933,GLVQAGGSLRLSCVVSGRNFSSFAMNWFRQVPGKEREFVGAISLSRGATRYAGSVKGRFTISRDNAKSTVYLQMNSLKPEDTAVYYCATKDSGRRDGMDYWGKGT
seq6934,QVQLQESGGGLVQAGGSLRLSCAVSGFTFDNYAIGWFRQAPGKEREGVSCISRSDGSTYYADSVRGRFTISSDNAKNTVYLQMNSLKPEDTAVYYCAAETSADSGEFRFGWVLKPSLYDYWGQGTQVTVSS
seq6935,QVQLQESGGGLVQAGGSLRLSCAASGRTFSNYHMGWFRQAPGKERELVAAISGSGGSTYYTDSVKGRFTISRNNAKNTMSLQMSNLKPEDTGVYYCTTPTEKGSSIDYWGQGTQVTVSS
seq6936,VQLQESGGGSVQTGGSLRLSCAASGLTSTTKYMGWFRQAPGKEREGVAGIYISSGATYYDDSVKGRFTISQDNAKNTVYLHINSLEPDDTAMYYCAASVLSVFRPLSSNQYHYWGQGTQVTVSS
seq6937,VQLVESGGGLMQAGGSLRLSCAVSGRTFSTAAMGWFRQAPGKEREFVAAIRWSGGSAYYADSVKGRFTISRDKAKNTVYLQMNSLKYEDTAVYYCARTSNVRSLLSDYATWPYDYWGQGTQVTVSS
seq6938,EVQLVESGGGLVQPGGSLRLSCAASGGLTFSSNTMGWFRQAPGKEREFVASISSSGRTSYADSVKGRFTISADNSKNTAYLQMNSLKPEDTAVYYCARRVRRLWFRSYFDLWGQGTLVTVSS
seq6939,VQLQQSGGGLVQAGGSLTLSCAATGRTIDNGAMAWFRQAPGKQRELVAAINWSGGATFYTDSVKYRFTISRDNVRHTLDLQMTSLKPEDTTIYFCASRRGVDLRRNSYEYDYWGRGTLVTVSS
seq6940,EVQLVESGGGLVQPGGSLRLSCAASGVIFRLNAMGWYRAAPGKQRELVAIIVNGGSTNYADSVKGRFTISRDNAKNAVYLQMNSLKPEDTAVYYCYYNIPGDVYWGQGTQVTVSS
seq6941,VKLEESGGGLVQAGGSLRLSCAASGRAFSSYVMGWFRQAPGKEREIVGAISWRGGSTYYADSVKGRFTISRDNAKNTVYLQMNSLKPEDTAVYYCAAVYRVGAISEYSGTDYYTDEYDYWGQGTQVTV
seq6942,QVQLVESGGGLVQPGGSLRLSCVASGSGFGINGVIWYRQAPGKQRELVALIKSDGYTNYRESVKGRFTISRDDAKNTVWLQMSALEPEDTGVYYCKTPGVPFGQGTQVTVSS
seq6943,EVQLVESGGGLVQPGGSLRLSCAASGTSIMVGAMGWFRQAPGKEREFVAIIRGDGRTSYADSVKGRFTISADNSKNTAYLQMNSLKPEDTAVYYCARFAGWDAFDIWGQGTLVTVSS
seq6944,EVQLLESGGGLVQPGGSLRLSCAASGRTFNNYAMGWFRQAPGKGREFVAAISWIIGSTYYADSVKGRFTISRDNSKNTLYLQMNSLRPEDTAVYYCAAEGGYSGTYYYTGDFDSWGQGTLVTVSS
seq6945,EVQLVESGGGLVQAGGSLRLSCAASGFTLDKYSIGWFRQAPGKEREGVSCISSSGGSTYYVDSVKGRFTISRDNAKNTVYLQMNNLKPEDTAVYYCAADPLHNCYSGRGYYSPEAVYEYWGQGTQVTVSS
seq6946,QVQLQESGGGSVQAGDSLRLSCVASGRTFSSLDMGWFRQAPGKEREFVAGISRTGISAYYADSMKGRFTISRDNAKNLVYLQMNSLKSEDTAVYYCAAALTFRGSDLPRDSNYWGQGTQVTVSS
seq6947,VQLQASGGGSVQAGGSLRLSCAADAYIYSRNRLAWFRRSPGKDREGVATMCDGNTYYSDSAKGRFTISQDNAKNELILQMSSLRPEDTATYFCAGRPSSIENCGSLSLHDYNFWGQGTQVTVSS
seq6948,DVQLVESGGGLVQPGGSLRLSCAASGFAFDDYAIGWFRQAPGEEREGVSSISSTYGLTYYADSVKGRFTISSDNSKNTVYLQMNSLRPEDTAVYYCAATPIGLIGLDAYEYDYWGQGTLVKVSS
seq6949,QVQLQESGGGLVQPGGSLRLSCAASGFTFSTYGMSWVRQAPGKGVEWVSSINSGGVVPMYAASVKGRFTISRDNANNTLTLQMNSLKPEDTAVYYCVKGYYTGNPPLGQGTQVTVSS
seq6950,EVQLVESGGGLVQPGGSLRLSCAASGFALDYYAIGWFRQAPGKEREGVSCISSSDGSTYYADSVKGRFTISRDNAKNTVYLQMNSLKPEDTAVYYCATDSLGYGSSCRMAPYEYDYWGQGTQVTVSS
seq6951,EVQLVESGGGLVQPGGSLRLSCAASGYTYSSYVMGWFRQAPGKEREFVAAISRFGSTYYADSVKGRFTISADNSKNTAYLQMNSLKPEDTAVYYCARDSGEHFWDSGYIDHWGQGTLVTVSS
seq6952,VQLQESGGGSVQAGGSLRLSCAASGAPYSTYSMGWIRQAPGKQREAVAAIDSDGNISYADSVKGRFTISQDNLKNTLYLQLNKLKPEDTAMYYCAADYPATSGGSGGFLAALLHKYWGQGTQVTVSS
seq6953,EVQLQASGGGFVQPGGSLRLSCAASGAYSFESGMGWFRQAPGKEREFVSAISSDADLFSYYADSVKGRFTISRDNSKNTVYLQMNSLRAEDTATYYCAAFSSGGELSYWGQGTQVTVSS
seq6954,EVQLVESGGGLVQAGGSLRLSCSASGRTFGSYVMGWFRQAPGKEREFVAAVSRSGRNINYADLMKGRFTVSRDNTKNTVYLQLNNLTPEDTAVYYCAADGTISSSWADLRRGETYGDWGQGTQVTVSS
seq6955,QVQLQESGGGLVQAGGSLRLSCAASGRTFDRYRLGWFRQVPGKEREFVAHISYNGANTYYADSVKGRFTVSRDNAKNTVYLQMNSLKPEDTAVYYCAATTSYLGGSYLYSPREYEYWGPGTQVTVSS
seq6956,EVQLVESGGGLVQAGGSLRLSCAASGRTINGYVMGWFRQAPGKEREFVARIDWSGSSTDYADSVKGRFTISRDNAKTTVYLQMNSLKPEDTAVYYCAGSAYYSGYVTHRDFGSWGQGTQVTVSS
seq6957,GGGLVQAGGSLRLSCLASRMSFSRRPMAWYRQAPGKQRERVATISSFGDTTNYTDSVEGRFTISRDNAKNTMYLQMNSLKPDDTAVYYCNTLLATYAWGQGTQVTVSS
seq6958,EVQLVESGGGLVQPGGSLRLSCAASGSTFSIYAMGWFRQAPGKERELVAGINWSDSSTYYADSVKGRFTISADNSKNTAYLQMNSLKPEDTAVYYCAAVTDYDEYNYWGQGTLVTVSS
seq6959,EVQLVESGGGLVQPGGSLRLSCAASGRTNSTTLMGWSRRAPGKEREFVAAISGSGTLTSYADSVKGRFAISRDNAKNTVYLQMNSLKPEDTAIYYCAAGLTSWALIPSRTLTTWGQGTQVTVSS
seq6960,EVQLVESGGDLVQPGGSLRLSCAVSGQLFSTNDVGWYRRAPGKQRELVATITDDGTTDYGDDVKGRFVISREGEMVYLEMNSLKPEDTAVYYCNINRLRSTWGIRYDVWGQGTQVTVSS
seq6961,VQLQESGGGLVQPGGSLRLSCAASGKMSSRRCMAWFRQAPGKERERVAKLLTTSGSTYLADSVKGRFTISQNNAKSTVYLQMNSLKPEDTAMYYCAADSFEDPTCTLVTSSGAFQYWGQGTQVTVSS
seq6962,QVQLQESGGGLVQAGGSLKLSCAASGRTFSSYAMGWFRQAPGKERDFVAVISWRNNTYYADSVKGRFTISRDNAKNTVHLQMNSLKSEDTAVYYCAAAGLGAVVAGMSDYDYWGQGTQVTVSS
seq6963,KVQLVESGGGLVQAGGSLKLACAASGRTFSTLAMGWFRQAPGKEREFVAAISWSEVNTYYTDSVKGRFTISRNNAENTVYLQMNSLKPEDTAVYYCAADRHYSAQQMRVMTGASYMDYWGKGTLVTVSS
seq6964,EVQLLESGGGLVQPGGSLRLSCAASGRTFNNYNMGWFRQAPGKGREFVAAVSRSGVSTYYADSVKGRFTISRDNSKNTVYLQMNSLRPEDTAVYYCGAAYRGTAINVRRSYSSWGQGTLVTVSS
seq6965,EVQLVKSGGGLVQAGGSLRLSCAASGRSFGYYAMAWFRQAPGKEREFVAAFTWNGVSTTTYYADSVKGRFTISRDNAKNTGYLQMNSVRPEDTAVYYCAARSGFYSRQKSEYPYWGQGTQVTVSS
seq6966,QVQLQESGGGLVQAGDSLRLSCAPSGFTFDGYAIGWFRQAPGKEREKVACINKSDGLTYYEDSVKGRFTISSDTAKNTIHLQMNSLKPDDTAVYYCAAAWECDYAPADFGSWGQGTQVTVSS
seq6967,EVQLVESGGGEVQPGGSLRLSCAASERPFGTYAMGWFRQAPGKERDLVAAVSRNAGASYYAESVKGRFTISRDNAKNTMYLQMSSLRAEDTAVYYCAARSAAYSRSSEVYTGKDEYYYWGQGTLVTVKP
seq6968,EVQLVESGGGLVQAGGSLTLSCAVSGSTFRINTMGWYRRAPGKQRELVAARDRGGYINYVDSVKGRFTVSRDNAKPTMYLQMNSLKPEDTAVYYCHAGTQDRTGRNFDRWGQGTQVTVSS
seq6969,QGQLVESGGGSVQAGGSLRLSCAASGIDSSSYCMGWFRQRPGKEREGVARINGLGGVKTAYADSVKDRFTISRDNAENTVYLQMNSLKPEDTAIYYCAAKFSPGYCGGSWSNFGYWGQGTQVTVSS
seq6970,EVQLVESGGGLVQPGGSLRLSCAASGRTLSIYSMGWFRQAPGKEREFVATIGWNSGRTFYPDSLKGRFTISRDNSKNTLYLQMNSLRAEDTAVYYCAAAKGPLRLSSQADYWGQGTLVTVSS
seq6971,QLQLVESGGGLVQAGDSLRLSCAASGRTFSDYAMGWFRQAPGKELEFVARVNWSGLLTYYADSVKGRFTASRDNAKSTVYLQMNSLKPEDTAVYYCAQRGDSGSNFDPSGYRYWGQGTQVTVSS
seq6972,QVQLQESGGRLVQPGGSLRLSCAASGRTFSNYAMAWFRQGPGKEREFVAAISAADSTLYADFVKGRFTISRDNAKNTVYLQMNSLKPEDTAVYYCAARWWIAVRAPAEYNYWGQGTQVTVSS
seq6973,DVQLVESGGGVVQPGGSLRLSCAASGLTFSSYAMGWFRQAPGKEREFVASISRGGGYTYYADSVKGRFTISRDNSKNTVYLQMNSLRPEDTATYYCAAARYWATGSEYEFDYWGQGTLVTVSS
seq6974,QVQLVESGGRLVQAGDSLRLSCAASGRTFSTSAMAWFRQAPGREREFVAAITWTVGNTILGDSVKGRFTISRDRAKNTVDLQMDNLEPEDTAVYYCSARSRGYVLSVLRSVDSYDYWGQGTQVTVS
seq6975,EVQLVESGGGSVQAGGSLRLSCAASVYTSSSYCMGWFRQAPGKEREGVAAMCFGGLVTHYADSVKGRFTISQDNAKNTVYLQMNSLKPEDTAMYYCAADFGRDKNYLRPLLPHAYNYWGQGTQVTVSS
seq6976,QVQLQESGGGLVQAGGSLRLSCAASGSIGDIHTMGWYRQTPGKERDVVATIQSGGSTGYADSVKGRFTISRDNTLNTVYLQMNDLKPEDTAVYYCNADVRPYRTSRYLEVWGQGTLVTVSS
seq6977,EVQLVESGGGLVQAGGSLRLSCAASGSTFDTYVMGWFRQAPGKERELVSTISSDGDSTYYADSVKGRFTISADNAKNTVYLQMNSLKPEDTAVYYCAAGTRRGRNYWGQGTQVTVSS
seq6978,EVQLVESGGGLVQPGGSLRLSCAASGFTLGNYAMGWFRQAPGKERELVSAITWSDGSSYYADSVKGRFTISADNSKNTAYLQMNSLKPEDTAVYYCASTRFAGRWGQGTLVTVSS
seq6979,AVQLVDSGGGLVQAGGSLRLSCAASGRSFSNYHMVWFRQAPGKEREFVAAASGSTSSTYYADSVKGRFTISRDNAKNTVYLQMNSLKPEDTAVYYCAAVAGLLLPRVAEGMDYWGKGTLVTVSS
seq6980,AVQLVESGGGLVQAGGSLRLSCAASGNFFRVNTMAWYRQAPGKQRELVADITRGDRTNYADTVNGRFTISRDNVRNTVYLQMNGLRPEDTAAYYCYAVIELGVLEPRDYWGQGTQVTVSS
seq6981,EVQLVESGGGEVQPGGSLRLSCAASERPFSSYAMGWFRQAPGKERDLVAAVSRNAGASYYAESVKGRFTISRDNAKNTVYLQMSSLRAEDTAVYYCAARSAAYSRSSEVYTGKDEYYYWGQGTLVTVKP
seq6982,GSLSLSCAASGSTFNNSVMGWYRQAPGKQRELVADISGGGVTNYADSVKGRFTISRDNAKNMVYLQMHILKPEDTAVYYCNVKRRFPIWRDYWGKGTLVTVSS
seq6983,EVQLVESGGGLVQAGGSLRLSCIASGRDIFSITAIGWYRQAPGKQREFVAGISNIGATKYTDSVKGRFTISGDNAENTVYLQMNSLKPEDTAVYYCNVLLWSANYWGQGTQVTVSS
seq6984,QVQLVESGGGLVQPGDSLRLSCAASGFTFGSYFMSWVRQAPGKGPEWVSGIHISGGITYYLDSVKGRFTISRDNAKNTLYLQMNNLKPEDTAVYYCVTPPGPFKAHYNGMKYWGKGTLVTVSS
seq6985,EVQLVESGGGLVQSGGSLRLSCAASGLAFSTYAMGWFRQAPGKDREMVIALNWSGDRTWYLNSVKGRFTISRDNAKNTVSLQMNSLKPEDTAVYYCAAKASGTIRGGSYYDSAGYSHWGQGTQVTVSS
seq6986,QVQLQESGGGLVQAGGSLRLSCAASASIMSIRVMGWYRQAPGKQRELVATMSRGNTINYADSVRGRFTISRDNAKSTVFLEMNSLKPEDTAVYYCAALLDSYYWGQGTQVTVSS
seq6987,QVQLQESGGGLVRPGGSLKLSCAASGFTFNWYTMAWYRQVPGEERKMVATITGASGDTKYADSVKGRFTISRDNAKNTVTLQMNSLKPGDTAVYYCHAYLTYDSGSVKGVNYWGQGTQVTVSS
seq6988,EVQLVESGGGLVQPGGSLRLSCAASGMTFRLYAMGWFRQAPGKEREFVAAISWSQYNTKYADSVKGRFTISADNSKNTAYLQMNSLKPEDTAVYYCAAQLGYESGYSLTYDYDWGQGTLVTVSS
seq6989,VQLQESGGGLVQAGGSLRLSCAASGRTFSRQSMGWFRQAPGKEREFVAVITWSGGSPYYADSVRGRFTISRDNAKNTVYLQMNSLKPEDTAVYYCAAPVSYGSQWLADYWGQGTQVTVSS
seq6990,VQLQESGGGLVQAGGSLRLSCAASGRTVGSYSMGWFRQAPGKEREFVAAVTWSGASPYYADSVKGRFTISRDNAKNTVYLQMNSLKPEDTAVYYCAANPTYSGGWHAEYWGQGTQVTVSS
seq6991,QVQLQESGGGLVQPGESLRLSCAVSGSTSSHNAMAWYRQAPGKRRELVAGISGGGATNYPDSVKGRFTISRDNAKNTVYLQMSSLKPEDTAVYYCNLWPPRASPGGGVYWGQGTQVTVSS
seq6992,VQLQESGGGLVQPGGSLRLSCAASEFTLDYYSIAWFRQAPGKEREGVSCISSYDGSTSYADSVKGRFTISRDNAKNTVYLQMNSLKPEDTAIYYCAAGIRDWATLREYEYDDWGQGTQVTV
seq6993,EVQLVESGGGLVQAGGSLRLSCAASGFTFDEYAIGWFRQAPGKEREGVSCISRSDGSTYYAPSVKGRFTISSDNAKNTVYLQMNSLKPEDTAVYYCAVDLEYGSNCYEYDSWGQGTQVTVSS
seq6994,QVQLQESGGGLVQPGGSLRLSCAASGSIFSINAMGWYRQAPGKQRELVAAITSDGSTNYADSVKGRFTISRDNAKNTAYLQMNSLKPEDTAVYYCNLRRRTFLKSSDYWGQGTQVTVSS
seq6995,QVQLQESGGGLVQAGGSLRLSCAASGSIFSGNVMGWYRQVPGKLREWVATISSGGITYYDDSVKGRFTISRDNAKNTVYLQMNSLKPEDTAVYFCNLENRRLGDDYWGQGTQVTVSS
seq6996,EVQLVESGGGLVQPGGSLRLSCAASGRTFSDDAMGWFRQAPGKEREFVAAINWSGGTTRYADSVKGRFTISADNSKNTAYLQMNSLKPEDTAVYYCATDPPLFWGQGTLVTVSS
seq6997,QLQLQQSGGGLAQAGGSLRLSCAASGRTVSIYAMGWFRQAPGKEREFVAGIGWNGGTTYYADSVEGRFTISRDHAKNTAYLQMNSLKPEDTAVYYCAAQESAAGTLGDYWGRGTQVTVKP
seq6998,EVQLVESGGGLVQAGGSLRLSCETSGFTFDDYGIGWFRQAPGKGREGISCISGSGIAHYGDSVKGRFTISSDNAKNTVYLQMNSLKPEDTGLYYCATTPFRCGNWRTTMGSWGQGTQVTVSS
seq6999,EVQLVESGGGLVQPGGSLRLSCAASGSTGYMGWFRQAPGKEREFVAAIHSGGSTNYADSVKGRFTISADNSKNTAYLQMNSLKPEDTAVYYCATVATALIWGQGTLVTVSS
seq7000,EVQLVESGGGEVQPGGSLRLSCAASGSITGANTMGWYRQAPGKQRDLVALIGNYVTHYAESVKGRFTISRDNAKNTLYLQMSSLRAEDTAVYYCYLYTDNLGTSWGQGTLVTVKP
seq7001,EVQLVESGGGLVQPGGSLRLSCAASGSIVSINAMAWYRQAPGKQRELVAYIRSNGSTNYADSVKGRFTISRDNAKNTVYLQMNSLKLEDTAVYYCNGFFTLPGYSSEEFGPWGQGTQVTVSS
seq7002,QVQLQQSGGGLVQAGGSLRFSCAASGSTFSTLPMAWFRQAPGKAREQIAAITWSSSRTNYADSVKGRFTISRDNAKNTLYLEMANLKPEDTAIYFCAAGSAQYAGSYYLRPAEFVFWGQGTQVTVSL
seq7003,QVQLQESGGGLVQAGGSLRLSCAVSGNTLSRYAMGWFRQTPGKEREFVAAIRWNNGATYYADSVEGRFTISRDSGKNTVYLQMNNLKPEDTAVYYCAGRFLGYASSNAYHEALYNYDYWGQGTQVTVSS
seq7004,QVQLQESGGGLVQPGGSLRLSCAASGRTFSDHWYTMYWVRQAPGKGREFVARIYWSSLNTYYADSVKGRFTISRDNAKNTLYLQMNSLKPEDTALYYCARRDGIPTSRSVSSYNYWGQGTQVTVSS
seq7005,EVQLVESGGGLVQPGGSLRLSCAASGRTFSYNPMGWFRQAPGKGRELVAAISRTGGSTYYPASVEGRFTISRDNAKRMVYLQMNSLRAEDTAVYYCAAAGVRAEDGRVRTLPSEYTFWGQGTQVTVSS
seq7006,EVQLVESGGGEVQPGGSLRLSCAASERPFGTYAMGWFRQAPGKERDLVAAVSRNGGASQYGESVKGRFTISRDNAKNTMYLQMSSLRAEDTAVYYCAARSAAYSRSSEVYTGKDEYYYWGQGTLVTVKP
seq7007,ESGEMLFTVKKNSLRLSCAASGRTFSTAAMGWFRQAPGKERDFVAGIYWTVGSTYYADSAKGRFTISRDNAKNTVYLQMDSLKPEDTAVYYCAARRRGFTLAPTRANEYDYWGQGTQVTVSS
seq7008,AVQLVESGGGLVQAGDSLRLSCTLSGGTFRHYAMSWFRQAPGKERVFVARIDYDGAMKYYADSVKGRFTISRDNAKNTMYLQMNSLKPEDTAVYYCNAHWDYGLGPEWDYWGQGTLVTVSS
seq7009,EVQLVESGGGSVQAGESLRLSCAASGNTFCSLDMSWYRQAPGKEREFVSNIDVGGGTTNYADSVKGRFTISRDNAKNTLYLQLNSLKTEDTAMYYCANVGLGYWGQGTQVTVSL
seq7010,QVQLQESGGGLVQAGGSLRLTCAASGRTLSSYLSSYAMGWFRQAPGKERESVATITWNGDRTLYADAVKGRFTISRDNAKNTVYLQMNSVIPEDTAVYYCAADTVGRWRSTLSVRDEYDYWGQGTQVTVAS
seq7011,EVQLVESGGGLVQPGGSLRLSCAASGFTFSNYWMYWVRQAPGKGLEWVSSIDTSGGITMYADSVKGRFTISRDNAKNTLYLQMNSLKSEDTALYYCAKALGYNAFDAWGRGTLVTVSS
seq7012,QVQLVESGGGSVQAGGSLTLSCAVSGNTYSTNYMGWFRQAPGKEREGVAAILAGGRNTYYADSVKGRFTISQDNAKDTVYLQMNSLKPEDTAMYYCAADTRAAFWNIGPLNSDQYNIWGQGTQVTVSS
seq7013,QVQLQESGGGLVQAGGSLRLSCAASGGKFTLYHMGWFRQTPGKEREFVAVISWSGRSTVYADSVKGRFTISRDNDKNAGYLQMNSLKPEDTAIYYCAVDRLIEKFSDPTAWPRMDSWGRGTLVTVSS
seq7014,EVQLVESGGGLVQPGGSLRLSCTASGFTFDDYAIGWFRQAPGKEPEGISCISSSGSITYDADSVKGRFTISRDNAKNTVYLQMNSLKPEDTAVYYCATPGIAACRGIHYWGQGTQVTVSS
seq7015,EVQLVESGGGLVQAGGSLRLSCAASGRSFSANPMGWFRQFPGKERESVAAHRWSDGNTYYADSVKGRFTISRDNAKHTVYLQMNSLKSEDTAVYYCAAGRPWSAAHSPNEYVYWGQGTQVTVSS
seq7016,VQLQESGGGLVQTGGSLRLSCAASGRTFRVNAMGWYRQAPGKQREFVAAVTNGGSTTYADSVKGRFTISRDNAKNTIYLQMNRLEPEDTALYYCNAERRFGMRQVWGQGTLVTVSS
seq7017,EVQLVESGGGLVQDGGSLRLSCAASGRTASIHTMGWFRQAPGQERGFVGNIGWNYGLTLYADSVKGRFTISRDNAKNTVYLQMNNLKPEDTAVYYCAARIGTTPYDYWGQGTQVTVSS
seq7018,EVQLVESGGGLVLAGGSLRLSCVHSGPTFRTDTMGWFRQAPGKEREFVAAVTWNSGRINYADSVKGRFTVSRDNTRNAAYLQMSGLKDEDTAVYYCTAHRFVVGGNEVEDWRYWGQGTQVTVSS
seq7019,QVQLQQSGGGLVQAGGSLRLSCAASGSIFSSNGMYWYRQAPGKQRELVASLYRSGSTNYADSVKGRFIISRDNAKNTVYLQMNSLKPEDTAVYYCNVNWALHDSWGQGTQVTVSS
seq7020,QVQLVESGGGLVQPGGSLRLSCAASGPIFSTYAMGWFRQPPGKEREFVASINRSGDSTYYADSVKGRFTISRDNAKNTGYLQMSSLKPEDTAVYYCAADSDGIGWFNSFEYDYWGRGTQVTVSS
seq7021,EVQLQESGGGLVQPGGSLRLSCAASGFTFSSYWMYWLRQAPGKGLEWVSSISGSSSSTYYRDSVKGRFTISRDNAKNTLYLQMNSLKSEDTAVYYCAKDPGGYAKGQGTQVTVSS
seq7022,SGGGLVQPGGSLRLSCQVSGFTFGDWVMSWFRQAPGKEREFVASITATSSLKYYADSVKGRFTISRDNVNNTLFLQMDRLKSEDTAVYYCRSPNYWGQGTQVTVSA
seq7023,ELQLVESGGGLVQPGGSLRLSCAASGFTFDDYGMSWVRQAPGKGLEWVSAIPWNGGSTYYKESVKGRFTISRDNAKKTLYLQMNSLKSEDTAVYYCAKRSGRIAFGALDAWGQGTLVTVSS
seq7024,DVQLVESGGGLVQAGDSLRLSCAASGPTGAMAWFHQGLGKEREFVGGISPSGDNIYYADSVKGRFTIDRDNAKNTVSLQMNSLKPEDMGVYYCAARRRVTLFTSRTDYEFWGRGTQVTVS
seq7025,EVQLVESGGGLVQPGGSLRLSCAASGFTIGSYDMSWVRRSPGKGPEWVSAINSGGGSTYYADYVKGRFTISRDNAKNTLYLQMNSLKPEDTAVYYCAADRYIWARQGEYWGAYQYDYWGQGTQVTVSS
seq7026,QVKLEESGGGLVQVGDSLRLSCAARTFSNYTMAWFRQFPGKEREFVAVVSRGGGATDYADSVKGRFTISRDNAKNTMYLQMNSLKTEDTAVYYCAAGTDLSYYYSTKKWAYWGQGTQVTVSS
seq7027,QVQLQESGGGLVQPGGSLRLSCAASGRILNINEMGWYRRAPGKQRELVAVITSGGSTNYADSVKGRFTIARDNAKNSVSLQMNNVKPEDTAVYYCYADRIMVPGAMKINVWGQGTQVTVSS
seq7028,EVQLVESGGGLVQTGGSLRLSCAASGRTFSNYTVGWFRQAPGKDREFVTAISRSGSLKAYADSVKDRFTISRDNAKKMAYLQMNSLKPEDTAVYYCAGAPVPWGARPSLFTYDSWGQGTQVTVSS
seq7029,EVQLVESGGGLVQAGGSLRLSCAASGSLFRIFTMGWYRQAPGKQRELVADITTGGSTNYADSVKGRFTISSENAKNTVYLQMNSLKAEDTAVYYCNALGRMAVAHSVSDFNSWGQGTQVTVSS
seq7030,EVQLVESGGGLVQPGGSLRLSCAASGFTFSTYAMSWVRQAPGKGPEWVSGINTGGGSTGYADSVKGRFTISRDNAKNTLYLQMNSLKPEDTAVYYCAKDWMATTPWGQGTQVTVSS
seq7031,EVQLVESGGGLVRPGGSLRLSCATSGFTEDYYVIGWFRQAPGKEREGVSCMSSSGDSTTYADSVKGRFTISRDNAKNMVYLQMTSLKPEDTAVYYCAADFALGCYSGSYYPRYDYWGQGTQVTVSS
seq7032,QVQLQESGGGLVQTGGSLRLSCAASQSTFNFYVLGWYRLAPGKQREFLTSITNGGNIYYADSVKGRFTIARDDSKTTMYLEMNSLKPEDTAVYTCYGQTHKPRVTTSWGQGTQVTVSS
seq7033,QVQLQESGGGLVQAGGSLLLSCAASGRTFSSYAMGWFRQAPGKEREFVAAINWSGGSTSYADSVKGRFTISKDNTKNTVYLQMNSLKPEDTAAFYCAATYNPYSRDHYFPRMTTEYDYWGQGTQVTVSS
seq7034,EVQLVESGGGLVQTGGSLRLSCIVSGGTFSTYAMGWFRQAPGKEREFVAGITRSGLSTSYADSVKGRFTISRDNAKDTVYLQMNSLKPEDTALYYCAATRRLHFGNGADYWGKGTPVTVSS
seq7035,EVKLQESGGGSVQAGGSLRLSCTASGRAFSNYIMGWFRQAPGKEREFVAAIRSSDGNIWYGNPVKGRFAISPQNAKNTVWLQMNNSEPEDTAVYYCAADLLAYAQDSRREYRYWGQGTQVIVSS
seq7036,LQESGGGLVQAGGSLRLSCAASGSTFSINPMGWYRQAPGKQREFVADIYTSTTTTNYGDSVKGRFTISRDNARNTVYLQMNSLKPEDTAVYYCNARRLYSGSYLDHWGQGTQVT
seq7037,EVQLLESGGGLVQPGGSLRLSCVHSGPTFRTDTMGWFRQAPGKGREFVAAVTWNSGRINYADSVKGRFTISRDNSKNTAYLQMNSLRPEDTAVYYCAAHRFVVGGNRVEDWRYWGQGTLVKVSS
seq7038,QVQLQQSGGGLVQAGGSLRLSCAASGRTFNSYAWGWFRQAPGKERGFVARISFSGGHTYYSDSVKGRFTISRDNAKNSVYLQMNSLKPEDTAVYYCAADPTPYGLRNERNYHYWGQGTQVTVSS
seq7039,QVQLQESGGGLVQAGGSLRLSCAASGRSLSRYAMGWFRQAPGKEREFVATKTSGGVTYYGASVKGRFTISRDNAKNMVYLQMNSLNPEDTAIYYCAAGTDAIFKPWMLPDYWGQGTQVTVSG
seq7040,EVQLVESGGGLVQPGGSLRLSCAASGSIFSINTMGWYRQAPGKQRELVSTITSNLVPHYADSVQGRFTISRDNARNTVYLQMNSLKPQDTAHYYCNAWARSSGATPYTNYWGQGTLVTVSS
seq7041,EVQLVESGGGLVQPGGSLTLSCAASGETVSFLSLAWYRQAPGKKRELVAGISTDGSTVYFVSVKGRFTISRDNAKNSVYLQMNSLRAEDTAVYYCYAYSWTTPRAYWGQGTLVTVSS
seq7042,QVQLVESGGGLVQAGGSLRLSCAASGRTFSSNPMGWFRQAPGKEREFVAAISWSGGGTYYADSVKGRFTISRDNAKNTVTLQMNSLKPEDTAVYYCASRDYSDPISLWVEDREYDYWGQGTLVTVSS
seq7043,EVQLVESGGGLVQPGGSLRLSCAAPGRTFSNYAMGWFRQAPGKGREFVADIRWSDGRTYYADSVKGRFTVSRDNAKNTVYLQMNSLKPEDTAVYYCAAQGGVLSGWDYWGQGTQVTVSS
seq7044,VQLQESGGGSVQAGGSLRLSCTAPGFTSNTCAMAWYRQAPGKEREFVSSISTVRTTAYADSVKGRFTISKDEAKATVYLQMNSLKPEDTAMYFCKSYACRDCIGRYCRTAPDAWGQGTQVTVSS
seq7045,EVQLVESGGGLVQPGGSLRLSCAASGFTFDDYGMGWFRQAPGKEREGVAAIGSDGSTSYADSVKGRFTISADNSKNTAYLQMNSLKPEDTAVYYCAATLRATITNFDEYVWGQGTLVTVSS
seq7046,QVQLVESGGGLVQPGGSLRLSCAASGYIYSAYCMGWFRQAPGKEREGVAAISIGGGSTYYADSVKGRFTISRDNSKNTLYLQMNSLRAEDTAVYYCAADVIPTETCLGGSWSGPFGYWGQGTLVTVSS
seq7047,QVQLVESGGGLVLPGGSLRLSCVASGFTFSDTAMMWVRQAPGKGREWVAAIDTGGSSTYYADSVQGRFTISRDSAKNTLYLQMNSLKPEDTARYYCAKTYSGNYYSNYTVANYGTTGRGTLVTVSS
seq7048,QVQLQESGGGLVQAGGSLRLSCAASGRTFSNFAMGWFRQAPGKEREFVAAITWSRGSTYYTDSVKGRFTISRDNAKNTGYLQMNSLKPEDSAVYYCAAGLWRYYTESYFYTEDRYDYWGQGTQVTVSS
seq7049,EVQLLESGGGEVQPGGSLRLSCAASVSTFGTSPVGWFRQAPGKEREFVCAIRWEGVGAYYAESVKGRFTCSRDNAKNTLYLQMSSLRAEDTAVYYCALPRRGDSELPSTVKEYGYWGQGTLVTV
seq7050,EVQLVESGGDSVQAGGSLQLSCKASGYTYNSRVDIRSMGWFRQYPGKEREGVATINIRNSVTYYADSVKGRFTISQDNAKNTVYLQMNALKPEDTAMYYCALSDRFAAQVPARYGIRSSDYNYWGEGTLVTVSS
seq7051,QVQLQESGGGSVQAGGSLRLSCAASGYSYNIDYMAWFRQAPGKEREGVAAIYTGSRRTYYSDSVKGRFAISQDNADNTVYLQMNALKPEDTAMYFCAALVSRPGRSWDKNEYRYWGQGTQVTVSS
seq7052,KVQLVESGGGLVQAGGSLRLSCAASRRTFNMMGWFRQAPGKEREFVAYITWNGGDTRYAESVKGRFTVSRDDVKNTMALQMNRLDPLDTAVYYCGVRIHGSNWSTKADDYDNWGQGTQVTVSS
seq7053,DVQLQASGGGSVQEGESLKLSCVGSGRTFSDWAMGWYRQAPGKDREFVAAVSGAGRGGKPSYANSVKGRFTVSRDNAKNTVYLQMDNLKPEDTAVYYCAADRLVLVALSIADPGFWGQGTRVTVSS
seq7054,QVQLQESGGGLVQAGGSLRLSCAVSGRLFSANTMGWYRQAPGKRRELVATILSSGSTNYADSVKGRFTISRDDAKNTVYLQMNSLKPEDTAVYYCNLAPPPEGYWGQGTQVTVSS
seq7055,DVQLQASGGGLVQAGDSLKLSCAASRRTLSNAMGWFRQAPGKEREFVAAISAGGQTNYADSVKGRFAISRDNAQNLLYLQMNSLKPEDTAVYYCAARTYRSGSGDPGDYDYWGQ
seq7056,QVKLQQSGGGLVQAGGSLRLSCAASGLTFSSYAMGWFRQAPGKEREFVAAINWSGRDTYYADSVKGRFTISRDNAKNTVYLQTNSLKPEDTAVYYCAAAEFLPTQRSPREYDYWGLGTQVTVSS
seq7057,GGGSVQGGGSLRLSCAISGYTYGSFCMGWFREGPGKEREGIATILNGGTNTYYADSVKGRFTISQDSTLKTMYLLMNNLKPEDTGTYYCAAELSGGSCELPLLFDYWGQGTQVTVSS
seq7058,AVQLVESGGGLVQPGGSLRLSCAASGFTFSDLGMSWVRQATGKGFQWVAGINSYGGSTWYADSVKGRFTISRDNAKNTLYLQLNSLKSEDTAIYYCAYGLTPDYWGQGTQVTVSS
seq7059,EVQLVESGGGLVQAGGSLRLSCAASGRTFSRYAMAWFRHAPGKDREFVAAVSQSGLLTFYADSVKGRFTISRDNAKNTVYLQMNSLKPEDTAVYDCAADSRFPLVVPVAYENWGQGTQVTVSS
seq7060,EVQLQESGGGLVQPGGSLRLSCAASGFTFSSYWMYWLRQAPGKGLEWVSSINSGSSSTYYRDSVKGRFTISRDNAKNTLYLQMNSLKSEDTAVYYCAKDPGGYAKGQGTQVTVS
seq7061,VQLVESWGGSVQAGGSLRLSCTAPGFTSNSCRMDWYRQAAGKQREWVSSISTDGRTSYADSVKGRFTISKDKAKDTVYLQMNSLKPEDTAIYYCAVRTNGYRPQSHEFRYWGPGTQVTVSS
seq7062,QVQLQESGGGSVQAGGSLRLSCTASRFTFDDSDMGWYRQAPGNECELVSTISSDGATYYANSVKGRFTISQDNAANTVYLQMNSLKPEDTAVYYCAALEWEYELGTCEALDYWGQGTQVTVSS
seq7063,QVQLQESGGGLVQAGGSLRLSCAASKRIFSTYTMGWFRQAPGKEREFVAAIIWSGGRTRYADSVKGRFTISRDNARNTVHLQMNSLEPEDTAVYYCYTRRLGTGYWGQGTQVTVSS
seq7064,QVQLQASGGGLVQPGGSLRLSCAASGFSLENYVIGWFRQAPGKGREGLSCISSTDDSIFSVDSVKGRFTVSRDNAKNMVYLQMNSLKSEDTAVYYCATSRGLGSCRVDEFYYDMWGQGTQVTVSS
seq7065,QVQLVESGGGSVQAGGSLRLSCTASGYTASYIYMAWFRQAPGKEREGVAGIYSEDGRTSYADSVKGRFIISQGVAKNTVDLQMNNLKPEDSATYYCAVVSDYDTGPPLLPLETYGYKYWGQGTQVTVSS
seq7066,EVQLVESGGKLVQAGGSLRLSCAVSGRTSSIYNMAWFRQGPGKGRESVGRIYWSDDNTYYADSVKGRFTISRDNATNTVYLQMNSLKPEDTAVYYCAGKTTKWSLEYDYWGQGTQVTVSS
seq7067,QVQLQESGGGLVQPGGSLRLSCAASGSIFSASAMTWYRQAPGKSREYVARIFFSGGTNYADSVKGRFTISRDNAKSTMYLQMNNLKREDTAVYYCNLLSYWGQGTQVTVSS
seq7068,QVQLQESGGGLVQPGDSLKLSCAASGGTFGAGVVAWYRQSPGKQREMVGSMGSDGFTQIENGMKGRFTISGAGDKKTVFLQMNNLKPEDTAVYFCHYADGRFGSWGQGTQVTVSS
seq7069,AVQLVDSGGGSLQAGGSLRLSCVASGYVTRNKCIGWFRQLPGKEREGVAAIFTGGYAVYYADSVKGRFTISQDNNKNTVYLEMNNLKPEDTAMYYCAGGDIYQDYDEGPWGGCTDYWGKGTLVAISS
seq7070,EVQLVESGGGLVQAGGSLRLSCAVSGLTFSSYAMGWFRQAPGKVREFVATISRSGGRTSYADSVKGRFIVSRDNAKNTADLQMNDLKPEDTAVYYCGASKWYGGFGDTDIEYWGQGTQVTVSS
seq7071,EVQLVESGGGVVQPGGSLRLSCAASGGTFSFYGMGWFRQAPGKEREFVADIRTSAGRTYYADSVKGRFTISRDFSKNTVYLQMNSLRPEDTALYYCAAEPSGISGWDYWGQGTLVTVSS
seq7072,VQLVESGGGLMQAGGSLRLSCAVSGRTFSTAAMGWFRQAPGKEREFVAAIRWSGGSAYYADSVKGRFTISRDKAKNTVYLQMNSLKYEDTAVYYCAGFSATRSLLSDYATWPYDYWGQGTQVTVSS
seq7073,EVQLVESGGGLVQPGGSLRLSCAASGGTFDTYAMGWFRQAPGKEREFVAGISGDGTITYYADSVKGRFTISADNSKNTAYLQMNSLKPEDTAVYYCATDNPYWSGYNYWGQGTLVTVSS
seq7074,EVQLVESGGGLVQPGGSLRLSCAASGEEFSDHWMGWFRQAPGKEREFVAAIHWSGDSTHRNYADSVKGRFTISADNSKNTAYLQMNSLKPEDTAVYYCATVGITLNWGQGTLVTVSS
seq7075,VQLVETGGLVQAGGSLRLSCAASGSIGRVDNMGWYRQTPGKERERVAIITGGGTAIYADTVKGRFTVSRDNAKNTIYLQMNSVKPEDTAVYFCNADISRSIESIVYRSYWGQGTQVTVSS
seq7076,EVQLVESGGGLVQPGGSLRLSCAASGFTLDYYNIGWFRQAPGKGREWVSCINSSDGSTYYADSVKGRFTISRDNAKNTVYLQMNSLKPEDTAVYYCAAPFEYYSDLCGVNGYDYWGQGTQVTVSS
seq7077,QVQLQESGGGSVQAGGSLRLSCAASEYTDSTYYMAWFRQAPGKERGGVATLASRYDTTYYADSVKGRFTISQDRAKNTVYLQMNSLKPEDTGIYYCAASPRRPGFFPLDPSQYNYWGQGTQVTVSS
seq7078,DVQLVESGGGLVQPGGSLRLSCAASGFTLDDYAIGWFRQAPGKEREGVSSIRDNDGSTYYADSVKGRFTISSDNSKNTVYLQMNSLRPEDTAVYYCAAVPAGRLRFGEQWYPLYEYDAWGQGTLVTVSS
seq7079,EVQLVESGGGLVQAGGSLRLSCAASGGTFSRYIMAWFRQAPGKEREFVAVIDGSGYSTDYAGSVKGRFTIARDNTKNTAYLQMNSLKPEDTALYFCGAGRQYSTGPYWYDYWGQGTQVTVSS
seq7080,EVQLVESGGGLVQPGGSLTLSCAASGRTSMVNSMGWHRQAPGKQRELVALITSGGSSNYADTVKGRFTISRDNAKNSVYLQMNSLRAEDTAVYYCFYYFQSSYWGQGTLVTVSS
seq7081,QVQLQESGGGLVHTGGSLRLSCAASGDTFLRYAMGWFRQAPGKEREFVAAITWNGGNTDYAGSLKGRFTISRDNTKNTVYLQMNSLKPEDTAVYYCAADLTFGLASSHYQYDYWGQGTQVTVSS
seq7082,EVQLLESGGGVVQPGGSLRLSCAASGRIFSLPASGNIFNLLTIAWYRQAPGKGRELVATINSGSRTYYADSVKGRFTISRDNSKKTVYLQMNSLRPEDTAVYYCQTSGSGSPNFWGQGTLVQVSS
seq7083,QVQLVESGGGVVQPGGSLRLSCAASDSIDSLVNMGWYRQAPGKQRELVALIAYYITHYADFVKGRFTISRDNSKNTLYLQMNSLRAEDTAVYYCYARNIIVDYWGQGTLVTVSS
seq7084,VKLEESGGGLVQPGGSLRLSCTASEFTFSDYWMHWVRQAPGKGLEWVASIDTSGQTTYYADSLKGRFTISRDNAKSTLYLQMNSLKSEDTGVYFCAKRYRGGTWYGMANWGKGTQVTVSS
seq7085,QVQLVESGGGSVLAGGSLRLSCAASESTYRRVFTGWFRQAPGKEREGVAAILVGVGDTYYADSVKGRFTISQDNAKNTVYLQMNSLKPEDTAMYYCAAFMTGTQVLRPQDYKYWGQGTQVTVSS
seq7086,QVQLQESGGGLVQAGGSLRLSCKASGIIFSVYKMTWYRQAPGKERELVALITTNNNTMTVDSVKGRFTISRDNVQNTVYLEMNNLKPEDTAVYYCNANRGLAGPAYWGQGTQVTVSS
seq7087,EVQLVESGGGLVQTGGSLRLSCAASGRTFTSYCVGWWRQAPGKERDVVAAITRGSNSTDYVDSVKGRFTISRDNAENTVYLQMNSLKPEDTAVYYCAADINCRNLYTGRPEYWGQGTQVTVSS
seq7088,EVQLLESGGGEVQPGGSLRLSCAASGLTFPNYGMGWFRQAPGKEREFLAVIYWSGGTVYYAESVKGRFTISRDNAKNTVYLQMSSLRAEDTAVYYCAVTIRGAATQTWKYDYWGQGTLVTV
seq7089,EVQLVESGGGLVQAGGSLRLSCAASGRTFSSYAMGWFRQAPGKEREFVAAISWSGGSTYYADSVKGRFTISADNAKNTVYLQMNSLKPEDTAVYYCAAVPSVYGTRDYWGQGTQVTVSS
seq7090,EVQLVESGGGLVQPGGSLRLSCAASGFAFSSYAMSWVRQAPGKGVEWVSAINSGGGSTSYLNSVKGRFTISRDDAKNTLYLQMNSLKPEDTAVYYCAKPIYYSPNTYPPTSRYDYRGQGTQVTVSS
seq7091,VQLQESGGGSVQAGGSLRLSCTAPGFTSKTCAMRWYRQAPGKEREFVSAISTVGTTTYADSVKGRFIISKDEAKDTVYLQINSLKPEDTAMYSCKTFACRHCIGQSCRTEPDYWGQGTQVTVSS
seq7092,QVQLQESGGGLVQAGGSLRLSCAASGRYNMAWFRQAPEKEREFVGTITSADSTWYTNSVKGRFAITQDSARNTVYLQMNDLKPEDTAVYYCAAALYYGDSRRAADYPYWGQGTQVTVSS
seq7093,EVQLVESGGGLVQPGDSLKLSCAFSGRTFSSYSMGWFRQAQGKEREFVVAISSSGGYIYDSVSLEGRFTISRDNTKNTVYLQTPSLKPEDAADYYCAASRAYGSSRLRLADTYDYWGQGTQVTVSS
seq7094,EVQLVESGGGVVQPGGSLRLSCAASGLTFSSYAMGWFRQAPGKERERVASISRGGGYTYYADSVKGRFTISRDNSKNTVYLQMNSLRPEDTALYYCAAARYWATGSEYEFDYWGQGTLVTVSS
seq7095,QVQLQESGGGSVQAGGSLKLSCRVYGYIASQCGMGWYRQAPGKGRELVTTISSDGSTTYADSIKGRFTISRDNVENTLYLQMNNLKPEDTAVYYCAADPLGNSCPGLSYSAQGTQVTVSS
seq7096,QVQLVESGGDSVQPGGSLRLSCVVSASLFSRSCIGWFRQVTGKEYEGVATICPGANRSGYADNVQGRFVISRDNAKNTVYLQMNKLQPEDTAVYACAAGRAQTLVTKYYDSWGQGTQVTVSS
seq7097,EVQLVESGGGLVQPGGSLRLSCAASGLTFSLFAMGWFRQAPGKERELVAAISSGGSTDYADSVKGRFTISADNSKNTAYLQMNSLKPEDTAVYYCARGNTKYYYDSSGYSSAFDYWGQGTLVTVSS
seq7098,EVQLVESGGGLVQAGGSLRLSCAASGRTFSAYAMGWFRQAPGKERESVATIRWTGGSSSTSYADSVKGRFTISKNTAENTVYLQMNSLKPEDTAVYYCAVLLTVWDTYKYWGQGTQVTVSS
seq7099,EVQLVESGGGLVQAGGSLRLACAASGRTFSTLAMGWFRRAPGKEREFVAAISWSEDNTYYSDSVKGRFTISRNNAESTVYLQMNSLKPEDTAVYYCASDRHLLAQQMRVMTGASYMDYWGKGTLVTVSS
seq7100,QVQLQQSGGGLVQPGGSLRLSCAASGSIFSIHTMGWYRQAPGKQRELVTTITTGGTTNYADSVKGRFTISRDDAKNTVYLQMNNLKPEDTAVYYCYALIQTASTTWYRQYWGQGTQVTVSS
seq7101,EVQLVESGGGLVQPGGSLRLSCAASGFALDYYAIGWFRQAPGKEREGVSCISSSDGITYYVDSVKGRFTISRDNAKNTVYLQMNSLKPEDTAVYYCATDSGGYIDYDCMGLGYDYWGQGTQVTVSS
seq7102,QVKLEESGGGSVEAGGSLTLSCTAPEYTGILTCMGWFRQVPGKEREEVAYIGARSYYTDSVEGRFTISRDNYKNMVQLHMTRLTPEDTGMYYCGAKRTGVCGLGGNFTDWGRGTQVTVSS
seq7103,EVQLVESGGGLVQPGGSLRLSCAASGGSFSGKDMGWYRRAPGNQRELVAWITSIGITGNKNSVKGRFTCSRDNAKNTVYLQMNSLKPEDTAVYYCNVVNGPIFPWGQGTQVTVSS
seq7104,EVQLVESGGGLVQAGGSLRLSCAPSGRTFSSYVMGWVRQAPGKAREFVAGITRNSIRTRYADSVKGRFTISRDNADNTVTLQMNSLKPEDTAVYYCAGGIDLYTFDYFGQGTQVTVSS
seq7105,VQLVESGGGLVQPGGSLRLSCAASGFTFSGYVMTWVRQAPGKGLEWVAHIGSGGGHATYTDSVEGRFTISRDNAKNTLYLQMNNLKAEDTAVYYCEFLGRRGQGTQVTVS
seq7106,QVQLVESGGGLVQPGGSLRLSCAASTSIFSIGTMRWYRQAPGKGLEYIAGMTSDGTTYYADSVKGRFTISRDNSKNTLYLQMNSLRAEDTAVYYCNTVAHFQNYWGQGTQVTVSS
seq7107,QVQLQESGGGLVQAGGSLRLSCAASGLTFSNYIMGWFRQAPGKERESLASIGGSGTFTYYADSVKGRFTVSRDNAKNTVYLQMNSLKPEDTASYYCAAGGRDTYGYKLPTTRVDYWGKGTQVTVSS
seq7108,QVQLVESGGGLVQPGGSLRLSCAASEYITSINPMAWYRQAPGKQRDLVARIFGGGSTNYADSVKGRFTISRDIAKNTVSLQMNSLKPEDTAVYYCNARRWGYDYWGQGTQVTVSS
seq7109,EVQLVESGGGLVQAGGSLRLSCAASGRTFNNYAMGWFRRAPGKEREFVAAITRSGVRSGVSAIYGDSVKDRFTISRDNAKNTLYLQMNSLKPEDTAVYTCAASAIGSGALRRFEYDYSGQGTQVTVSS
seq7110,EVQLQESGGGLVQPGGSLRLSCAASGTIFNLPVMSWYRQAPGKQRELVAGISTGGTTNYGDSVKGRFTISRDNARNTVYLQMNSLKPEDTAVYYCNVLVVSGIGSHLEVWGQGTLVTVS
seq7111,EVQLVESGGGLVQPGGSLRLSCAASGNTGSTGYMGWFRQAPGKEREMVAGVINDGSTVYADSVKGRFTISADNSKNTAYLQMNSLKPEDTAVYYCARLATSHQDGTGYLFDYWGQGTLVTVSS
seq7112,QVQLQESGGGLVQAGGSLRLSCAASGRTFDRYRLGWFHQVPGKEREFVAHITYNGANTYYADSVKGRFTVSRDNAKNTVYLQMNSLKPEDTAVYYCAATTSYLGGSYLYSPREYEYWGPGTHVTVSS
seq7113,VQLVESGGGLVQAGGSLRLSCAASGGIFSGGRMGWFRQAPGKEREFVAAVITRGGSTYYADSVKGRFTISRDNAKNTVYLQMNSLKPEDTAVYYCAASEVTYDEGHYIGTKSTYDTWGQG
seq7114,DVQLVESGGGVVQPGGSLRLSCAASGFAFDDYAIGWFRQAPGEEREGVSSISSTYGLTYYADSVKGRFTISSDNSKNTVYLQMNSLRPEDTAVYYCAATPIGLIGLDAYEYDYWGQGTLVTVKS
seq7115,EVQLVESGGGLVQSGGSLRLSCAAAGYTFRARAYVMGWFRQAPGKEREFVAAISTGGTWTGYVDSVKDRFTISRDNTKNTMYLQMASLKPEDTAVYYCAATTPSTSYLPRSERQYEYWGQGTQVTVSS
seq7116,EVQLVESGGGPVQAGDSLRLSCAASGRAYRGYSMGWFRRVPGKEREFVAAIVWTDGNTYYEDSVKGRFTISRDITKNTMYLQMTSLKPEDSATYYCAAKIRPYIFKIAGQYDYWGQGTQVTVSS
seq7117,QVQLQESGGGLVQPGGSLRLSCAASGRTFDNYAMGAMGWFRQAPGKEREFVATITWSSGSSFYANSVKGRFTISRDNAKNTVYLQMNSLKPDDTAVYYCASRKLGGVVTVVTSYDFWGQGTQVTVSS
seq7118,QVQLVETGGGLVQPGGSLRLSCSVSGLHFRFANMGWFRQAPGKQRELVAYITTGDNTNYVDHVKGRFTISRDNAKNTVYLQMNSLKPEDTAVYYCNIVNALGEFNPRNDWGQGTQVTVSS
seq7119,EVQLVESGGGLVQAGGSLRLSCAASGRTFSSYTMGWFRQAPGKEREFVAAIHWSGSNIYYGNSMKGRLTVSRDNAKNTAYLQMNSLKPEDTAVYYCAAALLGENLQWKGAYDYWGQGTQVTVSS
seq7120,QVQLQESGGGLVQAGDSLRLSCAASGDTFSMYTMGWFRQAPGKEREFVAAISRSGGSTNYRDSVKGRFTISRDNDLNAGYLQMNSLKPEDTAVYYCALRLTFSTTTAYTGELQYPYWGQGTQVTVSS
seq7121,QVQLQESGGGLVQAGGSLRLSCAVSGNTLSRYAMGWFRQTPGNEREFVAAIRWNNGATYYAESVEGRFTISRDNGKNTVYLQMNNLQPEDTAVYYCAGRFLGYASSNAYHEALYNYDYWGQGTQVTVSS
seq7122,QVQLQESGGGLVQPGGFLSFSCAASGSIFLINAMGWYRQAPGKQRELVAIITNGGTTNYADSVKGRFTISRDNTKNTVYLQMDSLKPEDTAVYYCNGDHYSTQGGQLYWGQGTQVTVSS
seq7123,MAESGGGSVQTGGSLRLSCAYTASSVCMAWFRQAPGKEREGVAVTREGLPKTGYADSVKGRFAISQDYAKKTLYLQMSSLKPEDTARYYCAARPTSPCTVDGELLASTYNYWGQGTQVTV
seq7124,EVQLVESGGGLVQPGGSLRLSCAVSGGTFSSIGMGWFRQAPGKEREFVGAISRSGDSTYYADSVKGRFTISRDGAKNTVYLQMNSLKDEDTAVYYCAGRPAGTAINIRRSYNYWGQGTQVTVSS
seq7125,ELQLVESGGALVQPGGSLRLSCAASGFTFDDYAMSWVRQAPGKGLEWVSHISGNGRSTFYAESVKGRFTISRDNAKNTLYLQMNSLKSEDTAVYYCAKDDYGSGLYAYWGQGTQVTISS
seq7126,QVQLQESGGRSVQSGGSLRLSCAASGIDVNRNAMGWFRQAPGTEREFVAGVRWSDAYTDYADSVKGRFTISRDNNKNTVYLQMGSLEAGDTALYYCAAGLLDVQYVRQAAGYSYWGQGTQVTVSS
seq7127,VQLVDSGGGLVQPGGSLRLSCVASGGIFVINAMGWYRQAPGKQRELVASIRGLGRTNYDDSVKGRFTISRDNANNTVYLQMNSLEPEDTAVYYCTVYVTLLGGVNRDYWGQGTQVTVSS
seq7128,QVQLQESGGGLVQAGGSLRLSCAASGRPFSDYVMGWFRQAPGKERDFVAAITWSGGVTYYADSVKGRFTISNDNAKNTVLLQMNSLKPEDTAVYYCAAGYNPFRIGIMNKRAYDTWGQGTQVTVSS
seq7129,EVQLLESGGGVVQPGGSLRLSCAASGRIFSLPASGNIFNLLTIAWYRQAPGKGRELVATINSGSRTYYADSVKGRFTISRDNSKKTVYLQMNSLRPEDTAVYYCQTSGSGSPNFWGQGTLVTVKS
seq7130,QVQLQESGGGLVQPGGSLRLSCAVSGTMLSRNAMGWYRQAPGKQRQWVAGITSDGLGNYVDFVKGRFTISRDNARNTVYLQMNTLKPDDTAVYYCNFWPPPSDRPIWGQGTQVTVSS
seq7131,QVQLQESGGGLVQAGGSLRLSCAASGRTFSNYVMGWFRQAPGKEREFVSAISWNGVSTFYADSVKGRFTISRDNAKNTVYLQMNSLKPEDTAVYYCAADERFVVRYNYWGQGTQVTVSS
seq7132,QVKLQESGGGLVQPGGSLRLSCTASRSIFTRAMAWYRQAPGKQRELVAAIDSGDRTHYADSVKGRFTISRNNAKDTLYLQMNSLKSEDTAVYYCNANLGALLDYWGQGTQVTVSS
seq7133,QVQLQESGGGLVQAGGSLRLSCAASGRTFSKYAMGWFRQAPGKEREFVSAISWSDGSTYYADSVKGRFTISRDNAKNTVYLQVNSLKPEDTAVYYCAATYLVDVWAVHVPIRPYEYDYWGQGTQVTVSS
seq7134,EVQLVESGGGLVQAGGSLRLSCAASERTYSMGWFRQAPGKEREFVAGSGWDGIPTRYADSVKGRFTISRDNAKNTVSLQMSGLKPEDTAIYYCATGTSVYHYQYWGQGTQVTVSS
seq7135,EVQLVESGGGLVQPGGSLRLSCAASGRTFRHYAMGWFRQAPGKEREFVAAISSYGSTDYADSVKGRFTISRDDSKNTVPLQMNSLRPEDTAVYYCAAADETLGAVPNFRLHEKYEYEYWGQGTLVTVSS
seq7136,QVQLQESGGGWVQPGGSLRLSCEASGRTSSSLDMGWFRQAPGKEREFVAGISRTGISAYYADSMKGRFTISRDNAKNLVYLQMNSLKSEDTAVYYCAAALTFRGSDLPRDSNYWGQGTQVTVSS
seq7137,QVQLQASGGGLVQPGEHLLLSCAASGFAFGIYTMGWYRQAPGKEREKVASISRTSDSWNYADSVKGRFTISRENAKNTLYLQMNSLKPEDTALYFCAKSRSAWNTDDIEYWGQGTQVG
seq7138,EVQLVESGGGLVQAGGSLRLSCAASGRTFSNNAMGWFRQGPDQEREFVAAISRSGGGSGGAPLYADSVKGRFTISRDNAKNTMSLSMNSLSPEDTAVYYCAARSLYKVAGSDDLSDYAYWGQGTQVTVSS
seq7139,EVQLVESGGGLVQTGGSLRLSCAASGFTLDDYAIAWFRQAPGKEREGVSILSSIGKTFYADSAKDRFSITADGAKTTVFLQMNSLKPEDTAIYYCVAGHFVYNDGAISLNTARGSGFWGQGTQVTVSS
seq7140,EVQLVESGGGLVQPGGSLRLSCAASGFTFDDYAIGWFRQAPGEEREGVSSISSTYGLTYYADSVKGRFTISRDNSKNTVYLQMNSLKPEDTAVYYCAATPIERLGLDAYEYDYWGQGTLVTVSS
seq7141,EVQLVESGGGLVQAGGSLRLSCAASGRTSDIYGMGWFRQAPGKEREFVARIYWSSGNTYYADSVKGRFTISADNAKNTVYLQMNSLKPEDTAVYYCAAAYRFSDYSRPAGYDWGQGTQVTVSS
seq7142,GLAQAGGSLRLSCAASGRTFSSYAMAWFRQAPGKEREIVASISWNGGSTDYADSVKGRFTISRDNAKNTVYLQMNSLKPEDTAVYYCAADSTNWVFYDYWGQGT
seq7143,EVQLVESGGGLVQPGGSLKLSCAASGAVHKINFLGWYRQTPEKEREMVATITIGDEVDYADSAKGRFTISRDEAKNMVYLQMTSLKPEDTAVYVCRAGSRLYPYNYWGQGTLVTVSS
seq7144,GGLVQPGGSLRLSCAASGLTFDDYAMSWVRQAPGKGLEWVSTIYTHSRNTYYADSVKGRFTISRDNAKNTLYLQMNSLKSDDTALYYCAKEWVGSVVHGRYRGWGQGTQVTVSS
seq7145,CVQLEESGGGLVEPGGSLRLSCAASGNISNILSMGWFRQAPGKRRELVATITNDGNTEYRDSVKDRFTISRDNAEKTYYLQMDRLKLEDTAVYYCNAARWTQPRPSWGQGTQVTVSC
seq7146,EVQLVESGGGLVQPGGSLTLSCVASGETDTINAVGWYRRAPGKQRELVAGISSDGSKVYAESVKGRFTISRDNAKNSVYLQMNSLRAEDTAVYYCYYFRRLEGYSNRYWGQGTLVTVSS
seq7147,QVQLVETGGGLVQPGGSLRLSCAASGSISSINAMGWYRQAPGKQRELVAAITIRGNTVYGDSVKGRFTVSRDNAKNTVYLQMNSLKPEDTAVYYCNAKSTPSLYAAGYGVDYWGEGTLVTVSS
seq7148,QVQLVESGGGLVQPGGSLRLSCAASGKMSSRRCMAWFRQAPGKERERVAKLLTTSGSTYLADSVKGRFTISRDNSKNTVYLQMNSLRAEDTAVYYCAADSFEDPTCTLVTSSGAFQYWGQGTLVTVSS
seq7149,EVQLVESGGGLVQAGGSLRLTCAASGRIGTINAMGWYRQAPGKQRELVAVITSGGRIDYADSVKGRFTISRDNAKNTVYLQMNSLKPEDTAVYYYNVETVVGAVYWGQGTQVTVSS
seq7150,QVQLQESGGGLVQAGGSLRLSCAASGRTFSRYAVGWFRQAPGLGRDFVAAITWSGGYTYYADSVKGRFTISRDNAKNTIYLQMNSLNVEDTGVYYCAVDTRNVIGPRAGDYWGQGTQVTVSS
seq7151,EVQLVESGGGLVQPGGSLRLSCAASGRTFSRSAMGWFRQAPGKGREFVGFITGSGGTTYYGESVKGRFTISRDNAQNPVYLQMNSLRPEDTAVYYCGVYRRTYISSTYSESSEYDYWGQGTLVTVSS
seq7152,QVQLQESGGGLVQAGGSLRLSCAASGRTDIYAAMGWFRQAPGKQREFVASDSWNGGSTDYADSVKGRFTISRDNAKSTVNLQMNSLKPEDTAVYVCAAKIGLYGTTRFENEYDYWGQGTQVTVSS
seq7153,EVQLVESGGGLVQPGGSLRLSCAASGPTFSSMGWFRQAPGKEREFVAAISWDGGATAYADSVKGRFTISADNSKNTAYLQMNSLKPEDTAVYYCAIEIVVGGIYWGQGTLVTVSS
seq7154,QVQLVESGGGLVQPGESLRLSCAASGFTFSKNAIAWVRQAPGKGLEWVSVISSTGNTTAHADSVKGRFTISRDNARNIMYLQMNSLKPEDTAVYYCAKLGGATWYMDSWGQGTQVTVSS
seq7155,EVQLVESGGGLVQAGGSLRLSCAASGRTFSTYAMGWFRQAPGKERELVAAISWSGGSTYYADSVKGRFTISRDNAKNTVDLQMNSLKPEDTAVYYCAAGNGGSKYGHSRARYDYWGQGTQVTVSS
seq7156,QVQLQESGGGLVHPGGSLRLSCAASGSFSSINVMGWYRQAPGKERELVARITNLGLPNYADSVTGRFTISRDNAKNTVYLQMNSLKPEDTAVYYCYLVALKAEYWGQGTQVTVSS
seq7157,EVQLVESGGGLVQPGGSLRLSCSASGRTFSFSTSTMGWFRQAPGKEREFVAAIDWSDFNTYYADSVKGRFTISRHNPRNSVYLQMNSLRPEDTAVYYCAAHSETRGGTRYFDRPSLYNYWGQGTQVTVSS
seq7158,EVQLVESGGGLVQAGGSLRLSCAASGRTFTSYTMGWFRQAPGKEREFVAAIKWNGGSTYYADSVKGRFTISRDNAKNTVYLQMNSLKPEDTAVYYCAADGDPYFSPTDGIVWHAPHQSEYDYWGQGTLVTVSS
seq7159,EVQLVESGGGVVQPGGSLKLSCVASGADFSINFIRWYRQAPGKQREFVAGFTATGNTNYADSMKGRFTISRDNTKNAVYLQIDSLKPEDTAVYYCYMLDKWGQGTQVTVSS
seq7160,ASGGGLVQAGGSLRLSCAASGFSFDDYVIGWFRQAPGKGREGIACIRWHDSHINTEDSVKGRFTISGDNAKNAVYLQMNSLNPEDTAVYFCAAGSSGLKGPYDYWGQGTQVT
seq7161,EVQLVESGGGLVQAGGSLRLSCAASGFTLSDRAMAWYRQAPGKQRELVAQVNSIGSTNYGDPVKGRFTISRDNAKNTVYLQMNSLKPEDTAVYYCNAPLYNYWGQGTQVTVSS
seq7162,EVQLVESGGGLVQPGGSLRLSCAASGFTLDGYAIGWFRQAPGKEREAISCITTAGTIYYADSVKGRVTISRDNAKNTVYLQMNSLKPEDTAVYLCAVDGFDTPCVAGTDWGYDYEGQGTQVTVSS
seq7163,EVQLEESGGGLVQPGGSLRLTCAASGSLGGIFAMTWYRQAPGKERELVADILGTGVTKYADFAKGRFAISRDGFENTVFLQMNNLKPEDTAVYYCNLRDYWGQGTQVTVSS
seq7164,EVQLVESGGGLVQAGGSLRLSCTASGLTFSMYAMAWIRLAPGKEREVIAAIDWSGGSTFYGDSVKGRFTISRDNAKNTVYLEMNSLKPEDTAVYYCAANRRIYSSGSSLSDNSLYNFWGQGTQVTVSS
seq7165,QVQLVESGGGLVQPGGSLRLSCAASGRAFLTYAMGWFRQAPGKEREFVAAISWSGSSTYYADSVKGRFTISRDNAKNMVYLQMNSLKPEDTAVYYCAAKVSGATRDHLMTTYDYWGQGTQVTVSS
seq7166,EVQLVESGGGLVQAGGSLRLSCAASGNIFSRYIMGWFRQAPGKEREWVAGISNGGTTKYADSVKGRFTISADNAKNTVYLQMNSLKPEDTAVYYCAQGWKIIPTDWGQGTQVTVSS
seq7167,QVHLMESGGGSVQAGGSLTLSCAASVFTDSNYCMAWFRQVPGKEREGVAIIDRYGGTMYKDSVKGRFTISKDTAKNILYLQMNSLKLEDTAMYYCAAAGYRGSSCDADSGYWGQGTQVTVSS
seq7168,EVQLVESGGGLVQAGGSLRLSCAASGRTSSYYTMSWFRQDPGKEREFVAAVPLSGNTYYADPVRGRFTISRDNAKNTADLQMNSLKPEDTAVYYCAARASGSIYNRGSYAYWGQGTQVTVSS
seq7169,QVQLVESGGGLVQPGGSLSVSCAASGFTFSVYWFYWVRQAPRQGLEWVSTIASNGSTYYSDSVKGRFTISRDNAKNTVYLQMNSLKPEDTAVYYCVSDPDYYSDYERAYKFWAQGTQVTVSS
seq7170,QVQLQESGGGSVQAGGSLRLSCVASGYTYRSNYMGWFRQAPGKERERVAHINSGGGSTRIADSVKGRFTISQDNAKNTVYLQMNSLKPEDTAMYYCGAGRYWYSMDYWGKGTLVTISS
seq7171,QVQLVESGGGSVQAGGSLRLSCVVSGFSGSTACMGWFRQAPGKEREGLAIINRRGGSAYYADSVKGRFTISQDVGKNTIYLQMNSLKPEDTAIYYCAAEMGLTIATESWGVDDFHEWGQGTQVTVSS
seq7172,EVQLVESGGGLVQPGGSLTLSCAASGSSVRFLSMAWYRQAPGKKRELVAGISRDGSTDYIDSVKGRFTISRDNAKNSVYLQMNSLRAEDTAVYYCYAYRWGTRYTYWGQGTLVTVSS
seq7173,EVQLVESGGGLVRPGGSLRLSCASSASISVFDAMGWYRQAPGKQRERVAEIINDGTTNYAGDVKGRFTISRDNTKNTMYLQMNNLKPEDTAVYYCSAYYTDYDEALEETRGSYDYWGQGTQVTVSS
seq7174,QMQLVESGGGLVQPGGSLRLSCAASGFTFSSYYMSWVRQAPGKGLEWVSSIYSDGSNTYYADSVKGRFTISRDNAKNTVYLQMNSLKSEDTALYYCATPRGAHGPTYCSGGYCYYGGQGTQVTVSS
seq7175,EVQLVESGGGLVQPGGSLRLSCAASGSAVGDITVAWYRQAPGIQRQLVATITPSGYTYYWDFVKGRFTISRDNSKNIVYLQMNSLKPEDTAAYYCNTQFYWGQGTQVTVSS
seq7176,EVQLVESGGRLVQAGGSLRLSCAASGRTFSTDVMGWFRQVPEKEREFVAEIGWRDTTLYADSVKGRFTISRDNAKNMVYLQMNSLKPEDTAVYYCSSRRAAAAYDQWGQGTQVTVSS
seq7177,QVQLQESGGGLVQAGGSLRLSCVVSGSIMSIRVMGWYRQAPGKQRELVATMSRGNTINYADSVRGRFTISRDNAKSTVYLQMNSLKPEDTAVYYCAALLDSYYWGQGTQVTVSS
seq7178,QVQLQESGGGLVQAGGSLRLSCVDSGRTFGSYTMAWFRQAPGKEREFVAAISGSGGWKYYADSVKGRFTISRDNAKNTVYLQMNSLKPEDTAVYYCAGGLLPVTAAREYTYWGQGTQVTVSS
seq7179,VQLAETGGGSVQTGGSLRLSCAASGLPFRNYAMAWFRQAPGKEREFVAAISREGGRTYYADFVKGRFTISRDNGRNTIYLEMNSLASEDTAIYYCAGVEGAYTYRTGASYTYWGQGTQVTVSS
seq7180,EVQLVESGGGLVQAGGSLGLSCAASERTLPSYVMGWFRQAPGKELEFVAGISWSSGRTYYTDSVKGRFTISRDAAENTWYLQMNSLKPEDTAVYYCASNSVSEPTLHTWQYEASYDYWGQGTQVTVSS
seq7181,EVQLVESGGGLVQTGASLRLSCAASGRTFSNYAMGWFRQAPGKERERVAAITPRAFTTYYADSVKGRFTISRDNAKNTAYLQMVSLKPEDTAVYYCAAQLVGSGSNLGRQESYAYWGQGTLVKVSS
seq7182,QVQLVESGGGLVQPGDSLRVSCAASGGSFRSYAMAWFRQAPGKEREFVAAMSGTYGSTIYSDSMKGRFTISRDNAKKMVYLRMNSLRPEDTAVYYCAGYYSGAYYGTPKTDYTEYDSWGQGTQVTVSS
seq7183,EVQLVESGGGLVQPGGSLRLSCAASGGTFSLFAMGWFRQAPGKEREFVAAISWTGDSTYYKYYADSVKGRFTISADNSKNTAYLQMNSLKPEDTAVYYCAYNNSSGEYWGQGTLVTVSS
seq7184,QVQLQESGGGLVQAGGSLKLTCAASEHTFSSAAMGWFRQAPGKEREFVAAIRWSGGGTYYAPSLAGRFAISGNHAKNLVYLEMNNLKPEDTAAYYCAAMLRRFFTASYYSTTTSYDYWGQGTQVTVSL
seq7185,QVQLQESGGGLVQAGGSLRLSCAASGSIFSIASMAWYRQAPGKQRELVAAITSFSSTNYADSVKGRFTISRDNAKNTVYLQMNSLKPEDTGVYYCNARYFERTDWGQGTQVTVSS
seq7186,QVQLQESGGGLVQAGGSLRLSCAASGRTFGRSAMGWFRQAPGKEREFVAAIGTRGGSTKYADSVKGRFTISTDNAKNTVYLQMDSLKPEDTAVYRCAVRGPGYPSAAIFQDEYHYWGQGTQVTVSS
seq7187,EVQLVESGGGLVQAGGSLRLSCAASGFTFDDYDIGWVRQAPGKEREWVSGISSSDGNTYYADSVKGRFTISSDNAKNTVYLQMNSLKAEDTAVYYCAAEPPDSSWYLDGSPEFFKYWGQGTQVTVSS
seq7188,DVQLQASGGGLVQAGGSLRVSCAASGGSFSNYNMGWFRQAPGKGREFVVGIGWSGGRIIVADSVKGRFTIFRDNAKSTVYLQMNSLTPEDTAIYYCAATKQFFPLSNESVWYDYWGRGTQVTVSS
seq7189,EVQLVESGGGLVQPGGSLRLSCAASGPTFDTYVMGWFRQAPGKEREFVAAISMSGDDTAYADSVKGRFTISADNSKNTAYLQMNSLKPEDTAVYYCATDLRGRGDVSEYEYDWGQGTLVTVSS
seq7190,GGGSVQAGGSLRLSCTASGDSFSRFAMSWFRQAPGKECELVSSIQSNGRTTEADSVQGRFTISRDNSRNTVYLQMNSLKPEDTAVYYCGAVSLMDRISQHGCRGQGTQVTVSL
seq7191,QVQLQESGGGSVQTGGSLALSCVASGTLSLFDPMGWYRQAPGKQRELVASISGLSTNYANSVKGRFTISRDDAKKTVSLQMNSLEPADTAVYYCHLSRYYNSNIYWGQGTQVTVSS
seq7192,QVQLQESGGGSVQAGGSLRLSCAASTSIYSNNYMAWFRQAPGKGREGVAAVYVGDGRPYYADSVKGRFTISLDSAKNTVYLQMNSLKPEDTAMYYCAAAPGPLSHNYWYTSANYDYWGQGTQVTVSS
seq7193,QVQLVESGGGLVQAGGSLRLSCTTSTTFSINSMSWYRQAPGNQREPVAVITNRGTTSYADSVKGRFTISRDNARNTVYLQMDSLKPEDTAIYTCHVIADWRGYWGQGTQVTVSS
seq7194,QVQLVESGGGLVQAGGSLRLSCAASGRTINTYVMGWFRQAPGKEREFVARIDWSGSSTDYADSVKGRFTISRDNAKNTVYLQMNSLKPEDTAVYYCAGSAYYSGYVTHRDFGSWGQGTLVTVSS
seq7195,EVQLVESGGGLVQPGGSLRLSCAASGRTFSRSAMGWFRQAPGKGREFVGFITGSGGTTYYADSVKGRFTISRDNAQNPVYLQMNSLRPEDTAVYYCGVYRRTYISSTYSESSEYDYWGQGTLVTVSS
seq7196,QVKLEESGGGLVQAGGSLRLSCAASGNVFTIAAMAWYRQAPGKERELVAGITTGGSTNYADSVKGRFTISRDNAQNTMYLQMNSLRPEDTAVYFCNAVTKWAARVGGSAEYEYWGQGTQVTVSS
seq7197,QVQLQESGGGLVQAGGSLRLSCAASGSIFSGNVMGWYRQVPGKQRDLVATITGGGITRYADSVKGRFTISRDNAKNKVYLQMNGLKPEDTAVYFCFYRRIMQQYWGQGTQVTVSS
seq7198,EVQLVESGGGLVQAGGSLSLSCAVSGRTLTGLLIGWFRQAPGKERELVAIISWTYGSTNYADSVKGRFTISRDNAKNTVLLQMNSLKPEDTAVYYCSARDVAVAKYDSWGQGTQVTVSS
seq7199,QVQLQQSGGGLAQTGGSLILSCAASGSIFAINEINLMGWYRQAPGKQRELVAACASDGNTYYADSVKGRFTISRDNAEKTVYLQMNNLKPDDTAVYYCDANSRGNYYSGQGTQVTVSS
seq7200,EVQLVESGGGSVQAGGSLRLSCTASQPLYSAYCMSWFRQAPGKGREWIATINRDGSSTVETDSVQGRFTPSQDFPSNTVYLQMNSLKPEDTAIYYCAAAGRRSECDSERHSFPYWGQGTQVTVSS
seq7201,EVQLVESGGGLVQAGDSLRLSCTASGTFGSYAIAWFRQTPGKEREFVAVINRSGSYVYYTDAVKGRFTISRHNAKNTAYLQMNSLKPEDTAVYYCAARDGTLYSTTYYYISSYTYWGQGTQVTVSS
seq7202,QVQLQESGGGLVETGGSLRLSCAASGRTFGGYAMAWFRQAPGKGREFVAAVTWTSGTTNYAGSVKDRFTVSRDNANNTMYLQMNSLKPEDTAVYICGAASGYRSPDRLSEPEWINYWGQGTQVTVSS
seq7203,DVQLVESGGGLVQPGGSLRLSCVASGRTFSIYGMGWFRQAPGKEREFVAAINGGSRTYYADSVKGRFTISRDNSKNTVYLQMNSLRPEDTAVYYCAADRSGYGTSLDWWYDYWGQGTLVTVSS
seq7204,EVQLVESGGGLVQAGGSLRLSCAASGFTFSDYVMGWFRQAPGKEREFVSAISWSGTNTNYADSVKGRFTISADNAKNTVYLQMNSLKPEDTAVYYCATRALRDGRGYWGQGTQVTVSS
seq7205,EVQLVESGGSLVQPGGSLRLSCAASGFTFDDYAMSWVRQAPGKGLEWISSINWSGTHTDYADSVKGRFTISRNNANNTLYLQMNNLKFEDTAVYYCAKNWRDAGTTWFEKSGSAGQGTQVTVSS
seq7206,VDQLQESGGGLVQPGGSLRLSCAASGRTFSSYAMGWFRQAPGKQREFVAAIRWSGGYTYYTDSVKGRFTISRDNAKTTVYLQMNSLKPEDTAVYYCAATYLSSDYSRYALPQRPLDYDYWGQGTQVTVSS
seq7207,EVQLVESGGGEVQPGGSLRLSCAASGFSFSINAMGWYRQAPGKRREFVAAIESGRNTVYAESVKGRFTISRDNAKNTVYLQMSSLRAEDTAVYYCGLLKGNRVVSPSVAYWGQGTLVTVKP
seq7208,VQLVESGGGSVRAGESLRLSCVASRSIYVWYCMGWFRQAAGKEREGVGSMFVGGGRTYYDDSVKGRFTISQDKAKNTLYLQMDNLAPEDTAMYYCAAGRCGGNWLRSNAFDKWGQGTLVTVSS
seq7209,EVQLVESGGGLVQPGGSLTLSCVASGYPSLNNAMGWYRRAPGKQRELVAGISSDGSQVYGASVKGRFTISRDNAKNSVYLQMNSLRAEDTAVYYCYYFRLVSGSSMSYWGQGTLVTVSS
seq7210,EVQLVESGGGSVQAGGSLRLSCAASGYSFSGYCMGWFRQVPGKEREGVATINTFGGTTLYADSVKARFTISRDNAKNTMWLQMDSLKPEDTAIYYCARCGPRSSFDNCARGESGYFYWGRGTQVTVSS
seq7211,QVQLQQSGGGLVQAGGSLRLSCAASGGTFSRLTIGWFRQAPGEERVFVAAVSWVAETTDYADSVKGRFSISRDNSKNTVYLQMNSLKPVDTAVYYCAAGPRDMIRSRNIRSYDSWGQGTQVTVSS
seq7212,EVQLVESGGGLVQPGGSLRLSCCASGFTFDDYGMSWVRQAPGKALEWVSAISWNGNNTYYTESMKGRFTISRDNAKNTLYLQMNSLRPEDTAVYYCVKGSTAIVGVPPTYPDEYDYWGQGTLVTVSS
seq7213,EVQLVESGGGLVQAGGSLRLSCAASGFTFDDYAIGWFRQAPGEEREGVSSISSTYGLTYYADSVKGRFTISSSNAKNTVYLQMNNLKPEDTAVYYCAATPIERLGLDAYEYDYWGQGTLVTVSS
seq7214,EVQLVESGGGLVQPGGSLRLSCVASGFSLDDYGMTWVRQAPGKGLEWVSSINWSGTHTDYADSVKGRFTISRDNAKNTLFLQMNSLRSEDTAVYYCNQGWKIVPTDRRGHGTQVTVSS
seq7215,QVQLQQSGGGLVQAGGFLRLSCAASGRAFNLYAMGWFRQAPGKEREFVATINWTGGTSSYADSVKGRFNISRDNAKNTVYLQMNSLKPEDTAVYYCAADVDIVFSVRSRAYDYWGQGTQVTVSS
seq7216,QVQLQESGGGLVQPGGSLRLSCAASGSIANLNSVGWYRQAPGKEREWVAAILAGGFATYADSVKGRFTISRDNAKNTVYLQMNSLKLEDTAVYYCNTPDRPGAWGQGTQVTVSS
seq7217,EVQLVESGGGLVQAGGSLRLSCAASGRTFSSYAMGWFRQAPGKEREFVARISWNGGSTYHADSVKGRFTISRDNPKNTVYLQMDSLKPEDAAIYYCAASIALVGGVTPHSYDYWGQGTQVTVSS
seq7218,EVQLVESGGGLVQPGGSLRLSCVASRIPASIRTMAWYRQTPGNQRDWLATIGSSGTPAYADSVKGRFTVSRDNAKNTVYLQMNSLKPEDTAVYYCRDVNGDYWGQGTQVTVSS
seq7219,EVQLVESGGGLVQPGGSLTLSCVASGSISSIIVMGWSRQAPGKQRESLATISRGGTRTYADSVKGRFTISRDNAKNSSYLQMNSLRAEDTAVYYCYARYGDINYWGQGTLVTVSS
seq7220,QVQLQESGGGLVRPGGSLTLSCAASGFTPRGFAIGWFRQAPGKEREGVSCISTTGAITYYADSAKGRFTISRDNAKNTVYLQMNNLKPDDTAVYYCASDNQCGSAWNRHRKYDYWGQGTQVTVSS
seq7221,EVQLVESGGGLVQPGGSLTLSCVASGSTSSINAMGWYRRAPGKQRELAAGISKDGSKVYADSAKGRFTISRDNAKNSVYLQMNSLRAEDTAVYYCYYFRTVSGSSSRYWGQGTLVTVSS
seq7222,EVQLVESGGGPVQAGGSLTLSCANSRRTYRGYSMAWFRQPPGKEREFVAAITWSEGNPYYEDFVKGRFTISRDNAKNTLYLRMTRLEPEDTALYYCAAKIRPYIFKIAGQYDYWGQGTQVTVSS
seq7223,DVQLQASGGGKVQAGDSLRLSCAASERIDTTYAVAWFRQAPGKEREFVAAIHWRGSTYVANSVKDRFSVSRDNAKNTVYLQMNSLKPEDTAVYYCYMKDVRGYGYWGQGTQVTVSS
seq7224,EVQLVESGGGLVQAGGSLTLSCAASGGTFTTYAMGWFRQAPGKEREFVAAVSRFGVSWDYADSVKGRFTISRDNTANTLKLRMNSLKADDTAVYYCAAGGRSFLPFVPAYWGQGTQVTVSS
seq7225,EVQLVESGGGLVQAGDSLRLSCTASGAFGSYAIAWFRQTPGKEREFVAVINRSGSYVYYTDSVKGRFTISRHNAKNTAYLQMNSLKPEDTAVYYCAARDGTLYSTTYYYISSYTYWGQGTQVTVSS
seq7226,QVQLVQSGGGLAQPGGSLRLSCTASGFTFRINDMGWYRQAPGKECEMVAGISNNGFSTAYADSVKGRFTISRDNAKNTVSLQMDSLKSEDTAVYYCHRTDDGAAHACSRGQGTQVTV
seq7227,LQESGGGLVQAGGSLRLSCAASGSIFSVNAMGWYRAAPGRQRELVASITSGGSTNYADSVKGRFTISRDNAKNTMYLQMNDLKPEDTAVYYCTNCRVGNWRLEGSWGQGTQVT
seq7228,EVQLVESGGGLVQAGGSLRLSCAASGFAFDDYAIGWFRQAPGKEREGVSSISSSNGNTYYADSVRGRFTISSDNAKNTVYLQMNSLKPEDTGVYYCAAIWGIFFNEKMPVGAYDYWGQGTQVTVSS
seq7229,KVQLVESGGGLVQAGGSLRLSCAASGRTFSSYAMAWFRQAPGTEREFIAGIRWSDGSTYYADSVKGRFTISRANAKNTVYLQMNGLKPEDTAVYYCAADFYVSTLAHEYDYWGQGTQVTVSS
seq7230,DVQLVESGGGLVQPGGSLRLSCAASGSIFTINAMAWFRQAPGKEREIVAAVNGGSSSTYVADSVKGRFTISRDNAKNTVYLQMNSLKPEDTAVYYCKAVVVTTTPYSDYWGQGTLVTVSS
seq7231,QVQLQESGGGLVQPGGSLRISCAGSGSTFRHHAMAWFRQTAGKEREFVSAINDHGTKTRYSDSVRGRFTISRDNDENMVYLQMDNLRSEDTANYTCAAGPLVDYLETVPVVYTYWGQGTQVTVSS
seq7232,EVQLVESGGGLVQAGGSLRLSCVASKMTFMRYTMGWYRQAPGKQRDLVASIDSSGGTNYADSVKGRFTISRDNAKNTVYLEMNSLTPEDTAVYYCNQGWKIVPTDRTGHGTQVTVSS
seq7233,EVQLVESGGGLVQAGGSLRLSCAASGLIFTYYDMGWFRQAPGKEREFVAAIPRRGGSTYYAEFVQGRFTISRDNAKNTVYLRMDSLKPEDTAVYYCAANRSYGDLVKNTYDYWGQGTQVTVSS
seq7234,EVQLVESGGGEVQPGGSLRLSCAASGFLFSIYDMNWYRQAPGKEREWVAGITNNGYSTAYAESVKGRFTISRDNAKNTIYLQMSSLRAEDTAVYYCHADLTKAYDVEYAWGQGTLVTVKP
seq7235,QVQLQESGGGLVQPGGSLRLSCAASGRTFSDHSGYTYTIGWFRQAPGKEREFVARIYWSSGNTYYADSVKGRFAISRDIAKNTVDLTMNNLEPEDTAVYYCAARDGIPTSRSVESYNYWGQGT
seq7236,AVQLVESGGGLVASGGSLRLSCAASDFKFSDYWMHWIRQAPGKEREFVASIGWNGEITDYEESIEGRFAISRDNNKYTLYLEMRDLIPEDTGLYYCAASSDYRWSRQPFEFENWGQGTQVTVSS
seq7237,EVQLVESGGGLVQPGGSLRLSCAASRSIFSPNVVGWYRQAPGKQRELVAAVTSGGITNYADSVKGRFTISRDNAKNTLYLQMNSLKAEDTAVYYCNARERGIYDSWGQGTQVTVSS
seq7238,QVQLQESGGGLVQPGGSLRLSCAASGFILKDYAIGWFRQAPGKEREGVSCISSSDGSRYYADSVKGRFTISRDNAKNTVYLGMNSVKPEDTAVYYCATIRACGSSWSPDYWGQGTQVTVSS
seq7239,QVQLVESGGGLAPAGGSLRLSCAASGRTFSSYAMGWFRQAPGKEREFVATINWSDNSTYYVDSVKGRFTISRDNAKNTVYLQMNSLKPEDTAVYYCAADTGLGPWYDYWGQGTQVTVSS
seq7240,QVQLVQSGGGLVQAGDSLTLSCAVSERPFGTYAMGWFRQAPGRERDLVAAVSRNGGASQYGDSVKGRFSISRDNIKNTMYLQMNSLKPEDTAVYYCAARSAAYSRSSEVYTGKDEYYYWGQGTQVTVKP
seq7241,QVQLQESGGGLVQAGGSLRLSCQASGNIFRINDMGWYRQAPGTQRELVAAITSGGSTKYADSVKGRFTISKDNAKNTVYLQMNSLKPEDTAVYYCAAEDRHRIGTVGYWGQGTQVTVSS
seq7242,QVQLEESGGGLVQTGGSLRLSCTASGFTFDRNAMRWYRQAPGKEREGVSCISWTGANIAYADSVKGRFTISRDNAKNTLYLQMNSLKPEDTGMYYCAADTTSGSCSGFWSTSRYYWGQGTQVTVSS
seq7243,EVQLVESGGGLVQPGGSLRLSCAVSQSISSINAMDWYRQAPGKQRELVAIIFNNGRTNYADSVKGRFTISRDNARNTVYLQMNSLKPEDTAVYYCNIVPPLRNWGQGTQVTVSS
seq7244,EVQLVESGGGLVQPGGSLTLSCVASGSTSSINAMGWYRRAPGKQRELVAGISSDGSKVYSDSVKGRFTISRDNAKNSVYLQMNSLRAEDTAVYYCYYFRLVSGSSMRYWGQGTLVTVSS
seq7245,QVQLQESGGGLVQAGGSLRLSCAASGSTFAIIAMGWYRQAPGKQRELVAVISTGDTRYADSVKGRFTISRDNAKNTVYLQMDSLRPEDTAVYYCNAAVQVRDYRNYWGQGTQVTVSS
seq7246,EVQLVESGGGLVQPGGSLTLSCAASGTSVMLLSLAWYRQAPGKKRELVAGISPNGSAVYTESVKGRFTISRDNAKNSVYLQMNSLRAEDTAVYYCYAYGWKTRQPYWGQGTLVTVSS
seq7247,QVQLQESGGGLVQPGGSLRLSCVTSGSIRSINTMGWYRQAPGNERELVATITSGGTTNYADSVKNRFTISRDNAKNTVYLQMNSLKPEDTAVYYCNLHQRAWARSYVYWGQGTQVTVSS
seq7248,QVQLVESGGGLVQAGGSLRLSCVASGKIFSPNDMGWYRQVPGKQRELVAAMSSRGFTNYAESLTDRFTVSRDNAKNTVYLQMNGLKPDDTAVYYCYLWTAGDNFWGQGTQVTVS
seq7249,EVQLVESGGGLVQPGGSLRLSCAASGNIFTRNVMGWFRQAPGKEREFVAAIHWNGDSTKYADSVKGRFTISADNSKNTAYLQMNSLKPEDTAVYYCAAGSNIGGSRWRYDWGQGTLVTVSS
seq7250,EVQLVESGGGLVQPGGSLRLSCAASGRSFSSVGMGWFRQAPGKEREFVAVISRSGASTAYADSVKGRFTISADNSKNTAYLQMNSLKPEDTAVYYCASAGPADARNGERWAWGQGTLVTVSS
seq7251,QVQLQESGGGVVQPGGSLTLSCTRTGFTASTNAVGWYRQGPGKKCEWVSYMTIPSGRTTYADAVKGRFAMSRDKAKSTVFLQMNSLKPEDTAVYYCGDVPFSTLPAMCTNDGPWGQGTQVTVSS
seq7252,QVQLQESGGGLVQAGGSLRLSCAASGSISSIRYMNWYRQAPGKQRESVAWITSSGSTNYADSVQGRFTISRDNAKNTVYLQMDNLKPEDTAVYYCYTMGYWGQGTQVTVSS
seq7253,QVQLQQSGGGLVQAGGSLRLSCAASGSIFSINVIGWYRQVPGKERELVAKSDRTTKYADSVKGRFTISRDNAKNTVDLQMNSLKPEDTAVYYCNAVVTSRTSQGLRSYAYWGQGTQVTVSS
seq7254,QVQLQESGGGLVQAGGSLRLSCAVSGNTLSRYAMGWFRQTPGKEREFVAAIRWNEGATYYADAVEGRFTISRDNAKNTVYLQMNNLQPEDTAVYYCAGRFLGYASSNAYHEALYNYDYWGQGTQVTVSS
seq7255,EVQLVESGGGLVQPGGSLRLSCAASGFTFRNYHMSWVRQVPGKGFEWISDINSAGGSTYYADSVKGRFTISRDNAKNTLYLEMNSLKPEDTALYYCARVNVWGVNYWGKGTLVSVSS
seq7256,QVQLQESGGGLVQAGDSLRLSCAASGRTFSSYAMAWFRQAPGKDREFVGTINWSGSSTYYVDSVKGRFTISRDNAKNTVYLQMNSLKPEDTAVYYCAASHYGGSGYLLEQRSYAYWGQGTQVTVSS
seq7257,QVQLQESGGGLVQPGGFLRFSCAASGRIFRINSASWYRQPPGKGRDLVATICDAGTSNYADSVRGRFTISRDIPTNTIYLQMNSLKPEDTAVYYCYLSTYTGDYFGRGTQVTVSS
seq7258,DVQLQASGGGLVQAGGTLRLSCAHSGRTSSTQFWGWFRQAPGKEREFVAGMSRSGLSTFYADSVKGRFAISRDSGKNTVYLQMNSLKPEDTAVYFCASSPFIGEHYYSSTKYHYWGQGTQVTVSS
seq7259,VKLEESGGGLVQEGGSLRLSCAASGTIYTDSTIYWYRQAPGKQRELVASITRGGDTKYVDSVKGRFAISSDNAKNTVYLQMNSLKPEDTAVYYCNLYYRTGPSSYYRNDWGQGTQVTVSS
seq7260,KVQLVESGGGLVQPGGSLRLSCATSGTIFSNNAMGWYRQVPGKKRDLVASISNSGSTNYADSVKGRFTVSRDNDKNTGYLQMNSLKPEDTGVYYCTVDARRGWNTGYWGQGTQVTVSS
seq7261,EVQLVESGGGLVQPGGSLRLSCAASGRTFSMGWFRQAPGKEREFVASISRFGRTNYADSVKGRFTISADNSKNTAYLQMNSLKPEDTAVYYCAKRSTWLPQHFDSWGQGTLVTVSS
seq7262,DVQLQASGGGLVQAGGSLRLSCAASGSGFSINGVGWYRQTPGRQRELVAGITIGGYTNYADSVKGRFTISSDNAKNTVYLQMNSLKPEDTAVYYCNANLQFYRGGGSDVKNYWGQGTQVTVSS
seq7263,QVQLVESGGGLVQTGGSLRLSCAASGLTFSSYTMGWFRQAPGKEREFVAAISWGGASTWYADSVKGRFTISRDNAKTMVYLQMNGLKPEDTAVYYCAKGRNNGYATAVRAYDYWGQGTLVTVSS
seq7264,QVQLQESGGGLVQAGGSLRLSCAASGRATSGHGHYGMGWFRQVPGKEREFVAAIRWSGKETWYKDSVKGRFTISRDNAKTTVYLQMNSLKPEDTAVYYCAARPVRVDDISLPVGFDYWGQGTQVTVSS
seq7265,QVQLVESGGGLVQAGGSLRLSCAASGRAFSQYTMGWFRQAPGKEREFVTAIRWSGGSIYKYYADSVKGRFTISGDNARNTVDLQMNSLKPEDTAVYYCAARMSPWGDPRGNEYDYWGQGTLVTVSS
seq7266,EVQLVESGGRLVQAGDSLRLSCAASGRTFISYRMGWFRQAPGKEREFVAALRWSSSNIDYTYYADSVKGRFSISGDYAKNTVYLQMNSLKAEDTAVYYCAASTRWGVMESDTEYTSWGQGTLVTVSS
seq7267,DVQLQESGGGLVQAGDSLRLSCAASGRTFSSYAMGWFRQAPGKEREFVAAISWANGGSTVYADPVKGRFTISRDNAKNTVYLQMNSLKPEDTAVYYCAAADQRIGYIEYYSGSSGKEYDYWGQGTQVTVSS
seq7268,EVQLVESGGGLVQAGGSLRLSCAASGRTFSPYGMGWFRQTPGKERAFVAAVDWNDGSTYYSDSVKGRFTISRDNAKNTVYLQMNSLKSEDTAVYYCAADLTGWGLDADVSEYDYWGQGTLVTVSS
seq7269,VQLQESGGGLVQPGGSLRLSCAASGVIASISVLRWYRQTPGKTRDWVAIITSGGNTRYADSVKGRFTTSRDNARNTVYLQMNSLKPEDTAVYYCNTLVGAKDYWGQGTQVTVS
seq7270,VQLQESGGGSVQAGGSLRLSCTASSNTGRMGWFRQAPGKEREGVTAVDNFGRTNYAKYVKGRFTISKDNAKNTLYLQMNSLKPEDTAMYYCAADPWGRGAALTPNEYIYWGQGTQVTVSS
seq7271,EVQLVESGGGLVQPGGSLTLSCVASGSSVKFLSMAWYRQAPGKKRELVAGISGDGSTTYIDSVKGRFTISRDNAKNSVYLQMNSLRAEDTAVYYCYAYRWTTRRTYWGQGTLVTVSS
seq7272,QVQLQESGGGLVQAGDSLRLSCEASGPTFSRYAFGWFRQTPGQEREFVGAMTWRGGLTSVVADSVKGRFTIFRDMTRNMMWLQMNDLKAGDSAVYYCAARPRGSLYYSEDSYDYWGQGTQVTVSS
seq7273,EVQLVESGGGLVQAGGSLRLSCAASGRTLSSYRLSWFRQAPGKEREFVATHSWDGRRTYYADSVKGRFTFSRDNAKNTVYLQLNSLKPEDTAVYHCAAATLIGGYYSDLDNYDYWGPGTQVTVSS
seq7274,VKLEESGGGLVQTGGSLRLSCAASGRTFSSYAMGWFRQAPGKEREFVAAISWSGGHTYYADSAVDSVRGRFTISRGNAKNTVYLQMNNLKPEDTAVYYCAADFGTRLRFTTNDYQYWGQGTQVTVSS
seq7275,QVQLQESGGGLVQPGGSLRLSCAASGSIISFNFMRWYRQVPGNQREWVAIINSSGSTYYRDSVKGRFTISRDNAKNTVYLQMNSLKPEDTAVYYCNAENIWGQGTQVTVSS
seq7276,EVQLVESGGGLVQAGGSLRLSCAASISANAIDVVSWYRQAPGKPRELAASITSAGRIKYAESVKGRFGISRDNAKNTVSLQMNSLKPEDTAVYYCNALYRNAIYWGQGTQVTVSS
seq7277,QVKLEESGGGLVQAGGSLRLSCAASGRDFSTLAMGWFRQAPGKEREFVATINWSGGTTHYADSVKGRFTISRDNAKNTVYLQMGSLKPEDTAVYYCGRSKYAAGALTRAYDYNYWGQGTQVTVSS
seq7278,EVQLVESGGGLVQPGGSLRLSCAASGSTFRINAMGWFRQAPGKERELVAAISPAALTTYYADSVKGRFTISADNSKNTAYLQMNSLKPEDTAVYYCAAEPYGSGSLYDDYDGLPIKYDWGQGTLVTVSS
seq7279,QVQLQQSGGGLVQAGGSLRLSCAASGSIFSINAMGWYRQAPGKRREMVAVVSRFGETTYTGSVKGRFTISRINRNNTVFLQMNRLKPEDTAVYYCNARIRGNYGSRIDYWGQGTQVTVSS
seq7280,QVQLVESGGGLVQPGGSLRLSCAASGVDISSDVMAWYRQAPGKQREFVSGLTRGGSINYADSVKGRFTISRDFAKNTVDLQMNSLKPEDTAVYYCNAEIYTGTFYPRSYWGQGTLVTVSS
seq7281,EVQLVESGGGEVQPGGSLRLSCAASGSIFSINAMGWYRQAPGKQRELVAVVSSDGRTTVAPSVKGRFTISRDNAKNTVYLQMSSLRAEDTGVYYCGVREWYSDSDWRDYEGQGTLVTVKP
seq7282,EVQLLESGGGEVQPGGSLRLSCAASGLTFPNYGMGWFRQAPGKEREFVSAIYWSGGTVYYAESVKGRFTISRDNAKNTVYLQMSSLRAEDTAVYYCAVTIRGAATQTWKYDYWGQGTLVTV
seq7283,QVQLVESGGGLVQPGGSLRLSCLASGFTFSRYVMSWVRQAPGKGLEWISGIMPDGGTTYADAVKGRFTISRDNAKNTLYLQLNSLKTEDTAIYYCAKGVYSTYRGSARGQGTQVTVSS
seq7284,EVQLVESGGGLVQPGGSLRLSCAASGRTFGDDTMGWFRQAPGKEREFVAAINWSGGYTYYADSVKGRFTISADNSKNTAYLQMNSLKPEDTAVYYCATDPPLFWGQGTLVTVSS
seq7285,EVQLVESGGGLVQPGGSLRLSCAASGDVHKINILGWYRQAPAKEREMVAHITIGDATDYADSAKGRFTISRDEAKNMVYLQMNSLKPEDTAVYFCRAYSRIYPYNYWGQGTLVTVSS
seq7286,QVQLQESGGGLVQAGGSLRLSCAASGRTFSRYAVGWFRQAPGLGRDFVAAITWSGGYTYYADSVKGRFTISRDNAKNTVYLQMNSLKPEDTAVYYCAVDTRNVIGPRAGDYWGQGTQVTVSS
seq7287,VQLQESGGGLVQAGGSLRLSCAASGYTNSRYYMGWFRQAPGKEREFVAAISAIGRTYYADSVKGRFTISRDNAKNTVYLQMNSLKPEDTAVYYCAADSSLAGLRGRLYDYWGQGTQVTVSS
seq7288,VQLQESGGGLAQPGGSLRLSCAASGSTISSVAVGWYRQTPGNQREWVATSSTSSTTATYADSVKGRFTISRDNAKNTIYLQMNSLKPEDTAVYYCKTGLTNWGQGTQVTVSS
seq7289,EVQLVESGGGLVQPGGSLRLSCAASGTTFRLNVMAWYRQAPGKGRELVAAIITSGTTTYADSVKGRFTISRDNAKNTLYLQMNSLRPEDTAVYYCAFVTTNSDYDLGRDYWGQGTLVTVSS
seq7290,EVQLVESGGGLVQPGGSLTLSCVASGSTSSINAIGWYRRAPGKQRELVAGISSDGSKVLADSVKGRFTISRDNAKNSVYLQMNSLRAEDTAVYYCYYFRIVSGSSMGYWGQGTLVTVSS
seq7291,QVQLQESGGSLVQPGGSLRLSCAASGSIFRLNDMRWYRQAPGKQREMVATITSGGTTNYADSVKARFTISRDNAKNTVYLQMNSLKPEDTAVYYCNADISLYSAFGLFSPPKNYWGQGTQVTVSS
seq7292,QVQLVESGGGLVQPGGSLRLSCAASGYTYSDVCMGWFRQAPGKEREGVAAIDSVGNTNYADSVKGRFTISRDNSKNTLYLQMNSLRAEDTAVYYCAAQRCLGWVPLVPHEYGYWGQGTLVTVSS
seq7293,EVQLVESGGGLVQAGGSLRLSCAASGSTFSINRWGWYRQAPGKQRELVAAIDDGGNTEYSDFVNGRFTISRDNPETAVHLQMNSLKLEDTAVYYCNAKQLPYLQNFWGQGTQVTVSS
seq7294,EVQLVKSGGGLVQAGGSLRLSCAASGRTFSSYRMGWFRQAPEKEREFVALISRSGGTTFYSNSVKGRFTISRDNAKNTVYLQMNSLEPEDTAVYYCAAGAQMGWAEASTYDYWGQGTQVTVSS
seq7295,EVQLVESGGGLVQPGGSLRLSCAASGFTFSSSWMYWVRRAPGKGLEWVSTIKSGGGSTVYADFVKGRFTISRDNAKNTLYLQMNSLKSEDTAVYYCAKDWGASTFVRGQGTQVTVSS
seq7296,QLQLVESGGGLQQPGGSLRLSCAASGFTFSSYAMGWVRQAPGKGLEWISIILNDGHRTYYTDSVKGRFTISRDNAKDTLSLQMNSLKPEDTAVYFCVKYVLNWAISDWGQGTQVTVSS
seq7297,LQESGGGLVQAGGSLRLSCTASGSISSIGAMGWFRQDSGNQRKRVAIITGGGNTNYADSVKGRFTISRSDDKTALYLQMDNLKPEDTAVYYCAADRMYRPVGNQYDYWGQGTQVT
seq7298,EVQLVESGGGLVQPGGSLRLSCAASRSIGRLDRMGWYRHRPGEPRELVATITGGSSINYGDSVKGRFTISIDNSKNTVYLQMNSLRPEDTAVYYCNFNKYVTSRDTWGQGTLVTVKS
seq7299,EVQLVESGGGLVQAGGSLRLSCAASGRTFDNYIMGWFRQAPGKEREFVAAINYEGDRTYSPNSVKGRFTISRDNAKNTVYLQMNSLKPEDTAVYQCATGPRYGKYDYWGQGTQVTVSS
seq7300,EVQLVESGGGLVQAGGSLRLSCAASGRIYSSNTMAWFRQAPGKEREFGSAIMWRGDATYTDYADSMKDRFTISRDNAKNTVYLQMNSLKPEDTAIYYCAAGGRRWNTRKDSSQYDYWGQGTQVTVSS
seq7301,EVQLVESGGGLVQAGGSLSISCAASGGSLSNYVLGWFRQAPGKEREFVAAINWRGDITIGPPNVEGRFTISRDNAKNTGYLQMNSLAPDDTAVYYCGAGTPLNPGAYIYDWSYDYWGRGTQVTVSS
seq7302,EVQLVESGGGLVQAGGSLRLTCAASGRTFRSYAMGWFRQAPGKEREFVAAINYSGGSTNYADSVKGRFTISRDNAKNTLYLQMNSLEPEDTAVYYCAAGSGYASLSYYSTERAYTYWGQGTQVTVSS
seq7303,EVQLVESGGGLVQPGGSLRLSCAASGGSLSNYVLGWFRQAPGKEREFVAAINWRGDITIGPPNVEGRFTISRDNAKNTGYLQMNSLAPDDTAVYYCGAGTPLNPGAYIYDWSYDYWGRGTLVTVSS
seq7304,QVQLVESGGGLVQAGGSLKLSCAASGSTFSFAYMGWYRQAPGKQRELVALISSGGSTNYADSVKGRFTISRDNAKNTVYLQMNSLRPEDTAVYYCNAGALRSSWYIDDYWGQGNQVTVSS
seq7305,EVQLVESGGGLVQPGGSLRLSCAASGYIISSYCMGWFRQAPGKEREGVAAIDSDGGTSYADSVKGRFTISKDNSKNTLYLQMNSLRAEDTAMYYCAADFCWVDEDRHLYEYNSWGQGTLVTVSS
seq7306,QVQLQDSGGGLVQAGGFLRFSCAASGSTFRFNTMGWYRQAPGKERELVAAISSSGITNYADSVKGRFTISRDDAKNTVYLQMNSLKPEDTAVYYCNADVSRWNGGWYAYWGQGTQVTVSS
seq7307,EVQLVESGGGLVQPGGSLRLSCAASGRTFSTYAMGWFRQAPGKEREFVAASNWSGGSKHYADSVLGRFTISRDNYKNTVFLQMNSLKPEDTAVYFCAARGSGELRLREYEYDYWGQGTQVTVSS
seq7308,EVQLVESGGGLVQPGGSLRLSCAASGRIFRRNSMGWFRQAPGKEREFVAVITRSGGGEVTTYADSVKGRFTINADNSKNTAYLQMNSLKPEDTAVYYCAMSSVTRGSSDWGQGTLVTVST
seq7309,QVQLVQSGGGLVQAGGSLRLSCAASGLTFSSYAMGWFRHPPGKEREFVAAISWSGGNTLYADSVKGRFTISRDNSKNTVYLQMNSLKPEDTAVYSCAVGPRDYFSDLEVDFGSWGQGTQVTVKP
seq7310,RGAGVESGGGLVQAGGSLSLSCAASGLTFSNYAMAWFRQAPGKEREFVAGINWKGDRTYYTDSVKGRFTISRDNAKNSTYLQMNSLKPDDTAVYYCVADYRVWGTRIAGTKYDSWGQGTQVTVSS
seq7311,EVQLVESGGGLVQPGGSLRLSCAASGDVHKINILGWYRQAPAKERGMVAHITIGDATDYADSAKGRFTISRDEAKNMVYLQMNSLKPEDTAVYFCRAYSRIYPYNYWGQGTQVTVSS
seq7312,EVQLVESGGGLVLAGGSLRLSCVHSGPTFSTDTMGWFRQAPGKEREFVAAVTWNSGRTNYADSVKGRFTVSRDNTRNAAYLQMSGLKDEDTAVYYCTAARLTVGSLSVGDWRYWGQGTQVTVSS
seq7313,QVQLQESGGGLVQAGGSLRLSCAASGNIFAKVWMGWYRQAPGKEREFVASIANGATTYYADSVKGRFTISRDNAKNTVYLQMNSLKPEDTAVYYCAARNWSGLGHFYWGQGTQVTVSS
seq7314,EVQLVESGGGLVQPGGSLTLSCVASGSKSSINAMGWYRRAPGKQRELPAGISSNGTKVYADSAKVRFTISRDNAKNSVYLQMNSLRAEDTAVYYCYYFRTVLGTSMRYWGQGTLVTVSS
seq7315,QVQLVESGGGLVQPGGSLRLSCAASGFTFSGYVMSWVRQAPGKGLEWVASIGSGGGYPSYTGSVEGRFTISRDNAKNTLYLLMNNLKPDDTAVYYCEMLGRRGQGTQVTVSS
seq7316,QVQLQESGGGLVQPGGSLRISCVASGFTFSSYYMGWVRQAPGKGLEWVSSVYIFGGSTYYADSVKGRFTISRDDAKNTLTLQMNSLKPEDTARYYCTREMRIGRASDYWGPGTQVTVSS
seq7317,VQLQESGGDSVQAGGSLRLACKVPGFTSNTCAMAWFRQAPGKEREFVSSISTGGTTGYAESAKGRFTLSKDEAKDTVYLQMNSLKPEDTAMYFCKSYACRTCIGRYCRTAPDAWGQGTQVTVSS
seq7318,EVQLVESGGGLVQPGGSLRLSCAASRSIGRLDRMGWYRHRPGEPRELVATITGGSSINYGDSVKGRFTISIDNSKNTVYLQMNSLRPEDTALYYCNFNKYVTSRDTWGQGTLVQVSS
seq7319,QVQLQESGGGLVQPGGSLRLSCTASGNIVNIRDMGWYRQVPGKQRELVATITSDQSTNYADSVKGRFTTTRDNAKKTVYLQMDSLKPEDTAGYYCNARVRTVLRGWRDYWGQGTQVTVSS
seq7320,EVQLVESGGGLVQAGGSLRLSCAVSGTTFSVATLGWYRQAPGQQRALVADISSGGSTNYADSVRGRFTISRDNAKNLAYLQMNSLKPEDTAVYYCNARTSGWRTRSNYWGQGTLVTVSS
seq7321,LQQSGGGLVQAGGSLRLSCTAAGNTFVINPMGWYRQAPGKQRELVAEVTFTGTTNYADSVKGRFTASRDNTKNTVFLQMNSLKPEDTAVYYCNAVVWVGPKSYDSWGQGTQVT
seq7322,EVQLVESGGGLVQAGGSLRLSCAASGRTFSTNPMGWFRQSPGKERSLIAAVRWADGNTFYADSVKGRFTISRDNAKKTVYLQMNSLKSEDTATYYCAAGRPWSAYHSPAEYVHWGQGTQVTVSS
seq7323,EVQLVESGGGLVQAGGSLRLSCVASGGTFGSYIMGWFRQAPGKERERVAAITWRGGTIVYADSVNGRFTISRDNAKNTVSLQMNSLKGDDTAVYVCAAAVSRRIWPLEYDYWGQGTQVTVSS
seq7324,EVQLVESGGGLVQAGGSLRLSCAASGRTYAMAWFRQAPGKEREFVAHINALGTRTYYSDSVQGRFTISRDNAKNTEYLQMNSLKPEDTAVYYCAAGGQWRAAPVADAAQYDFWGQGTQVTVSS
seq7325,EVQLVESGGGLVQPGGSLRLSCAASGFTFSVYYMNWVRQAPGKGLEWVSDINNEGGTTYYADSVKGRFTISRDNAKNTLYLQMNSLKPEDTAVYYCVRDAGYSNHVPIFDSWGQGTTVIVSS
seq7326,EVQLVESGGGLVQPGGSLRLSCAASGRTFSNAAMGWFRQAPGKEREFVARILWTGASRNYADSVKGRFTISADNSKNTAYLQMNSLKPEDTAVYYCATTENPNPRWGQGTLVTVSS
seq7327,EVQLVESGGGLVQAGGSLRLSCESSISTFSSDAMGWFRQAPGKEREWLAAIGWSGAVTHYSDSVQGRFTISRDNAKNTVYLQMNSLKSEDTGRYYCAEDYDTDVWQYWGQGTQVTVSS
seq7328,EVQLVESGGGLVQAGGSLRLSCVASGLTFRNYAMAWFRQAPGKEREFVAGINWSGNGVYYPDSLKERFAISRENAKNMVYLQMNSLNPEDTAVYYCTADRTLTAWDRDSAEYWGQGTQVTVSS
seq7329,VQLQESGGGSVQAGETLRLSCAASGYTYTGYCMGWFRQATGKEREGVATIDSDGDTTYADSVKGRFTISKDNGKNTLYLQMNSLKPEDTAMYYCAADFRRWHLCSSSFQEYDMDYWGKGTQVTVSS
seq7330,QVQLQESGGGLVQAGGSLRLSCAASGSSVSFLSMAWYRQAPGKKRELVAGISTDGSTNYADSVKGRFTISEGNAKNTVDLQMNSLQPEDTAVYYCYAYRWVDRYTYWGQGTQVTVSS
seq7331,QVQLQESGGGLVQAGGSLRLSCAASGRTFSSSSMGWFRQAPGKERDFVAAINWSGDSTRYADSVKGRFTISRDNAKSTVYLQMNSLKPEDTAVYYCAASTMDFIVLLTKWYPYWGQGTQVTVSS
seq7332,EVQLVESGGGLVQPGGSLRLSCAASGRIFSIGAMGMYRQAPGKGRELVATITSGGSTNYADPVKGRFTISRDGAKNTVYLQMNSLRAEDTAVYYCYANLKQGSYGYRFNDYWGQGTQVTVSS
seq7333,QVQLQESGGGSVQTGGSLRLSCAASTSIYSNNYMAWFRQAPGKGREGVAAVYIDDGRTYYADSVKGRFAISLDSAKNTVYLQMNSLKPEDTAMYYCAAAPGPLSRHYWYTSANYDYWGPGTQVTVSS
seq7334,QVQLQEFGGGLVQAGGSLRLSCVVSGSIIARSAMGWYRQAPGKQRELVATSDGSSNTNYADCAKGRFTIFRDNAGNTLYLQMNSLKPEDTAVYYCYARALATGSSGFIDYWGQGTQVTASS
seq7335,EVQLVESGGGLVQAGGSLRLSCAASGSSFSSYTMGSINNGGSTKYADSVKGAIRWSDESPYYSDSVKGRFTISRDNAKNTLYLQMNSLKPEDTAVYYCSARLVPPGIPIERTLENMRYSGKGTLVTVSS
seq7336,QVQLVESGGGLVQAGDSLRLSCAASGRTFSGYAMGWFRQAPGKEREFVARINWSGTLTYYADSVKGRFTGSRDNAKNTVYLQMNSLKPEDTAVYYCAQRGDSGSNYDPSGYRYWGQGTQVTVSS
seq7337,EVQLVESGGGLVQAGDSLRLSCAASGRTFSSYSMGWFRQAQGKEREFVVAISSSGNYKYDSVSLEGRFTISRDNTKNTVYLQINSLKPEDTAVYYCAASRAYGSSRLRLGDTYDYWGQGTQVTVSS
seq7338,EVQLVESGGGLVQPGGSLRLSCTASESIFSIDAMGWHRQAPGKQRELVAHITGGGRPNYADSVKGRFTISGDSAKRTVYLQMNSLKPEDTAVYYCNAEGQAGWGTALMDYWGKGTLVTVSS
seq7339,EVQLAESGGGSVQSGGSLRLSCAVSGSGYSYSRGCFAWFQQRPGKEREGVAIINSDGHTAYSDSVQGRFIISQDKAKNTLYLQMNSLKPDDTAMYYCAYDRSQCYVLRDRLRLPDTFTDWGQGTQVTVSS
seq7340,QVQLVESGGGLVQAGGSLRLSCAASGRTFNNYHMAWFRQAPGKEREFAAAISRRAGTTYYADSVKGRFTISRDNAKNTVYLQMNSLKPEDTAVYYCAADPDTYGVSYLARKYDYWGQGTQVTVSS
seq7341,DVQLQESGGGLVQAGGSLRLSCAASGFTLDEGAIGWFRQAPGKEREVVSCMSGADGSTFYGDSVKGRTTISSDNAKNTVYLQMNSLKPEDTAVYYCAALGSGYGCYLFTTTVGMDYWGKGTLVTVSS
seq7342,EVQLVESGGGLVQAGGSLRLSCKASGGTFNNYAMGWFRRAPGKEREFVAAITRSGVRSGVSAIYGDSVKDRFTISRDNVKNTLYLQMNTLKPEDTAVYTCAASAIGSGALRRFEYDYSGQGTQVTVSS
seq7343,QVQLQESGGGLVQPGGSLRLSCAASGFILKDYAIGWFRQAPGKEREGLSCISSSGGIRYYADSVKGRFTTSRDNAKNTVYLQMNSLKPEDTAVYYCATIRACGSSWSPDYWGQGTQVTVSS
seq7344,VQLQESGGGLVQAGGSLRLSCAASGFSSDDYTIGWFRQAPGKEREGISCYSSSDGSTGFADSVKGRFTISSDNAKNTVYLQMNSLRPEDTAVYYCAADFNVWSPPICGSRWYGPPPGGMAYWGKGTQVTVSS
seq7345,QVQLQESGGGLVQAGGSLRLSCAVSGNTLSRYAMGWFRQTPGNEREFVAAIRWNNGATYYADSVEGRFTISRDTGKNTVYLQMNNLQPEDTAVYYCAGRFLGYASSNAYHEALYNYDYWGQGTQVTVSS
seq7346,EVQLVESGGGLVQAGGSLRLSCASSGFTFDDYAIGWFRQAPGKEREGVSCISSSDGSTYYADSVKGRFTISSDNAKNTVYLQMNSLKPEDTAVYYCAARPPFHSCSEYENDYWGQGTQVTVSS
seq7347,QVQLVESGGGLVQAGGSLRLSCTASGNTSGINIMAWYRQTSGKQREFLANIARGGLPKYSDSAKGRFTISRDNAKNTVHLQMNSLKPEDTAVYYCNALWDWRLGEYWGQGTQVTVSS
seq7348,QVQLQESGGGLVQPGGSLRLSCAASGNSANIFSFASVAWYRQAPGKQRELVAVITSAGGTKYSDSVKGRFTISRDNAKNTILLQMNSLKPEDTAVYYCNVDYLQDYWGQGTQV
seq7349,LQESGGGLVQAGGSLRLSCAASGFSSDDYTIAWFRQAPGKEREAVSCITSSDGSTYYRDSVKGRFTISSDNAKNTVFLQMNSLKPEDTAVYYCAATFDDLYVPWVDTDTYDYWGQGTQVT
seq7350,QVQLQEFGGGLVQPGGFLRFSCAASGSIFSGNAMGWHRQVPGKQRELVGAITTDGCTNYAASVKGRFTISRDNAKNTVYLQMNSLKPEDTAVYYCNADYRARNYQGNFWGQGTQVTIS
seq7351,QVKLEESGETSVMAGGSLRLSCSVSDLTFDNVHMGWYRKTPGSECEMVAEIKSSGEIWYHMSVQGRFTISRVNEKRTAYLQMDNLAPSDTAMYYCSAEGVDWFKGGCSGRWSQGTRVTVSS
seq7352,QVQLQESGGGLVQAGGSLRLSCAASGSTFRHHAMAWFRQTPGKEREFVSAINDHGDRTKYLDSVRGRFTISRDNTDNMVYLQMSDLRTEDTAVYTCAAGPLVDYLETTPLVYTYWGQGTQVTVSS
seq7353,QVQLVQSGGGLVQPGGSLRLSCVVSGFTFRSYAMSWVRQAPGKGLEWVSTINSGESSTKYADSVKGRFTISRDDAKNTLYLQMSDLKPEDTAVYFCAKHRGWSTVDDINYWGKGTQV
seq7354,VTTSKSSLRLSCAASGRTFSTAAMGWFRQAPGKERDFVAGIYWTVGSTYYADSAKGRFTISRDNAKNTVYLQMDSLKPEDTAVYYCAARRRGFTLAPTRANEYDYWGQGTQVTVSS
seq7355,QLQLVESGGGSGQPGGSLRLSCAASGFDLDYYAVGWFRQAPGKEREGIACTSVSGANTTYVDTVKGRFTISRDNAKRTVDLSLDSLKPEDTAVYYCATTWGIHWCPLSASEYRRWGRGTQVTVSL
seq7356,EVQLVESGGGLVQTGGSLRLSCAASGRSFNLYYMGWFRQAPGREREFVAGISGSGGSTFYGDSVKGRFTISRDNLKNTMYLQMNSLKPEDTAVYYCQSSRRIITNPREYGYWGQGTQVTVSS
seq7357,QVKLEESGGGSVQAGGSLRLSCETSEHLDSEYCMAWFRQAPGKEREGVASLKRHGDSTTYGDSVKGRFTISQDNAKNAVYLQMDSLKVEDTAIYYCALQYFCLKATMTSNRYILWGQGTQVTVSS
seq7358,EVQLVESGGDLVQPGGSLRLSCEASGRIFGFNGMGWYRQVQGKQRELVARILSSISTYYVDSVKGRFTISRDNARNTVYLQMDSLKPEDTAIYYCNFEDYWGRGTQVTVSS
seq7359,QVQLVESGGGLVQAGGSLRLSCAASGGTFSRCTMGWFRQAPGKEREFVAAISWGGSSTYYADSVEGRFTISRDNTKNTVYLQMDSLKSEDTAVYYCAADYNRLQIGQRSRDYDYWGQGTQVTVSS
seq7360,QVKLQQSGGGLVQSGGSLRLSCIASGNTVSGNTMGWYRQAPGKQRELVAVISSVGVSNVAQSVKGRFAISRDNAKNTVYLQMSSLKPEDTAVYYCNALGTGRANWGQGTQVTVSS
seq7361,EVQLVESGGGWVQAGDSLRLSCAASGRTFSFDAKGWFRQAPGKEREFVAAINWSGSDTHYADSVKGRFTISRDNAKNTVYLQMNSLKPEDTAVYYCAAAFDYSGNYNSVGLWDYWGQGTQVTVSS
seq7362,EVQLLESGGGEVQPGGSLRLSCAASGLTFPNYGMGWFRQAPGKEREFVSAIYWSGGTVYYAESVKGRFTISRDNAKNTVYLQMSSLRAEDTAVYYCAVTIRGAATQTWKYDYWGQGTLVTVKP
seq7363,EVQLVESGGGLVQPGGSLRLSCAASGLTFRNYAIGWFRQAPGKEREGVSCINSGGSITDYLDSVKGRFAISRDNAKSTVYLQMNSLKPEDTAVYYCATDLTSSCPIYSGTDYWGKGTLVTVSS
seq7364,QVQLQQSGGDLVQAGGSLRLSCAASMRTFNSRTIGWFRQAPGKGRELAAAIAWTGGNTYYADSVKGRFTISRDNAKNTVYLQMNSLKPEDTAVYYCAAQTRPYDLPSIRPDDYASRGQGTQVTVSS
seq7365,QVQLVETGGGLVQPGGSLTLSCAGSGGTLEHYAIGWFRQAPGKEHEWLVCNRGEYGSTVYVDSVKGRFTASRDNAKNTVYLQLNSLKPDDTGIYYCVSGCYSWRGPWGQGTQVTVSS
seq7366,QVQLQESGGGLVQPGGSLRLSCAGSGSTFSINAMAWYRQAPGERRELVAGISGDNITNYPNSVKGRFTISRDNAKNTVYLQMSSLKPEDTAVYYCNLWPPRASPGGRVYWGQGTQVTVSS
seq7367,EVQLVESGGGLVQPGGSLRLSCATSKTIFRSNAMGWYRQAPGKKRGLVASISNSGSTNYADSVKGRFTVSRDNDKNTGYLQMNSLKPEDTGVYYCTVDARRGWNTGYWGQGTQVTVSS
seq7368,QVQLQQSGGGLVQAGGSLRLSCAASGSGFSFNPMGWYRQAPGKQRELVASITSGGTTNYVDSVKGRFTISRGNAKNTVYLQMNSLKPEDTAVYYCAAEGPRRRGSTWYTDNYWGQGTQVTVSS
seq7369,QLQVVESGGGLVQPGGSLRLSCVASGFTFGDYAMSWVRQAPGKGLEWIAGITWNGNTYYPDSLEGRFTISRDNAKNTLSLQMNSLKSEDTAVYYCAKGGIGATVFGSWGQGTQVTISS
seq7370,EVQLVESGGGLVQAGDSLRLSCAASGRTLSSYNMGWFRQAPGKELEFVAAIMWSGTTTYYTDSVKGRFTISTDNAKNMVYLQMNSLKPEDTAVYYCAAELHSSDYTSPGAYAYWGQGTQVTVSS
seq7371,EVQLVESGGGLVQAGGSLRLSCAASGFTFSSYAMGWFRQAPGKEREFVAAITWSGTRTDYADSVKGRFTISADNAKNTVYLQMNSLKPEDTAVYYCAAAAWRYSEYDYWGQGTQVTVSS
seq7372,EVQLVESGGGLVQPGGSLRLSCAASGRTFNNYAMGWFRQTPGKGREFVAAISWIIGSTYYADSVKGRFTISRDNAKNTLYLQMNSLRPEDTAVYYCAAEGGYSGTYYYTGDFDSWGQGTLVTVSS
seq7373,QVQLQESGGGLVQTGDSLRLACAASGRTFSSYPMAWYRQAPGQEREFVAGINRNGNIPVYADSVKGRFTISRDNAKNTVYLQMNNLKPEDTAVYYCAARTIYDSHYTSWGQGTQVTVSS
seq7374,QVQLQEFGGGLVQAGGSLRLSCAASGRTFNSYAWGWFRQAPGKERGFVARISFSGGHTYYSDSVKGRFTISRDNAKNSVYLQMNSLKPEDTAVYYCAADPTPYGLRNERNYHYWGQGTLVTVSS
seq7375,EVQLVESGGGSVQAGGSLRLSCVVSGVTNSRYSIGWFRQAPEKEREAVAAINTGGMTNYVTSVKGRFTISQDNAKNTVYLQMNSLKPDDTAIYYCALGYRSYYRDYALLSDGYNSWGQGTQVSVSS
seq7376,QVQLVESGGGSVQAGGSLRLSCVVSGLNYKGYYIGWFRQAPGKEREGVAVISSPSNWPEYANSVKGRFTISRDRAENIVDLQMNSLKPEETAIYYCAQGRGRFKTGLNAAEYDAWGQGTQVAVSS
seq7377,EVQLVESGGGLVQPGGSLRLSCAASGFTFGSYDMSWVRQAPGKGPEWVSAINSGGGSTYYADSVKGRFTISRDNAKNTLYLQMNSLKPEDTAVYYCAIPRGWGPTGPIEYGYWGQGTQVTVSS
seq7378,VQLVESGGGLVQAGGSLRLSCAASGRTVSSYTMGWFRQAPGKERRFVATVNSSGRGTHYADSVKGRFTISRDNAKNTVYLQMNSLKPEDTAVYYCAAAPYPDGSLGPGYDYWGQGTQVTVSS
seq7379,EVQLVESGGGLVQPGGSLRLSCAASGSIFSINDMGWFRQAPGKEREHVALIRFKDGSIYYADSVKGRFTISRDNAKSTVYLQMNSLKPEDTAVYYCAAKTGTSFVYWGQGTQVTVSS
seq7380,DVQLQASGGGLVQAGGSLRLSCAASGLTFSSYVMGWFRQAPGKERDFVAAIITSGRSTYYADSVKGRFTISRDNAKNTVYLQMNSLKPEDAAVYYCAAATKWVVRRPADYNYWGQGTQVTVSS
seq7381,QVQLQESGGGLVQAGGFLRLSCVVFGITFNIYFPGWYRQASGKQRELVAHISRGGSTNYAESVKGRFTISRDNAKNTVYLQMNNLKPEDTANYYCAGSKPYYMMSVNTNDYYYWGQGTQVTVSA
seq7382,EVQLVESGGGEVQPGGSLRLSCAASGSDFSINAIGWYRQAPGKQRDWVAGFTGDGVTTYAESVKGRFTISRDNAKNTVYLQMSSLRAEDTAVYYCAADVKIGGDYEWFWGQGTLVTVKP
seq7383,QVQLQESGGGLVQAGGSLRLSCAASGTISSIRYMNWYRQAPGKQREVVAYITSSGNTNYADSVKGRFTISRDNAKNTVYLQMDNLKPEDTAAYYCYTMGYWGQGTQVTVSS
seq7384,DVQMQESGGGSVQAGGSLRLSCAASGDTLSTYCMGWFRQAPGKDREGVAAIYRLRDMTFYADSVKGRFTISRDNANDTVDLQMNSLKPEDTAVYYCAARCVRLFGTCQLVEDFELWGQGTQVTVSS
seq7385,QVQLQESGGGSVQAGETLRLSCTASGFTFDDSDSDMGWYRQAPGNECELVSSISSDGSTYYADSVKGRFTISQDNAKNTVYLQMNSLKPEDTAVYYCAAINSGYELGTCESLDYWGRGTQVTVSS
seq7386,QVQLQESGGGLVQAGGSLRLSCTASGTIFSINHMDWFRQAPGKQRELVALITSDGFPTYADSAKGRFTISRDNTKKTVSLQMNSLKPEDTAVYYCHVSSGVYNYWGQGTQVTVSS
seq7387,DVQLQESGGGLVQAGGSLRLSCAASGATFSSYYMGWFRQAPGKEREFVAAINGSGGNRISADSVKGRFTISRDNAKNTVYLQLNSLKPEDTAVYYCAASLTYYGRSARYDYWGQGTQVTVSS
seq7388,EVQLVESGGGLVQAGGSLRLSCAASGRTFSGILSAYAVGWFRQAPGKEREFVSTITSGGSTLSADSVKGRFTLSRDNAKDTVYLQMNSLKPEDTAVYYCAVRTWPYGSNRGEVPTENEYGHWGQGTQVTVSS
seq7389,EVQLVESGGGLVQPGGSLRLSCAASGSIYDFDVMGWFRQAPGKGRELVAAINSFGDITYYPDSVEGRFTISRDNAKRMVYLQMNSLRAEDTAVYYCAADWHVLIQQVLGYWGQGTQVTV
seq7390,EVQLVESGGGLVQPGGSLRLSCAASGRTFSSYSMGWFRQAPGKEREFVVAISKGGYKYDAVSLEGRFTISRDNAKNTVYLQINSLRPEDTAVYYCASSRAYGSSRLRLADTYEYWGQGTLVTVSS
seq7391,VQLQESGGGLVQAGGSLRLSCAASGFTFDDYTIGWFRQAPGKEREGISCISSDGSTGYADSVKGRFTISSDNAKNTVYLQMNSLKPEDTAVYYCAADFNVWSPPICGSNWYGPPPGGMDYWGKGTQVTVSS
seq7392,EVQLVESGGGLVQPGGSLRLSCIASGLPFSTKSMGWFRQAPGKGREFVARISPGGTSRYYGDFVKGRFAISRDNAKNTTWLQMNSLKAEDTAVYYCASGERSTYIGSNYYRTNEYDYWGTGTLVTVSS
seq7393,EVQLVESGGKVVQPGGSLRLSCSASGRTFSFSTSTMGWFRQAPGKELEFVAAIDWSDFNTYYADSVKGRFTISRHNPRNSVYLQLNSLKPEDTALYYCAAHSETRGGTRYFDRPSLYNYWGQGTLVQVSS
seq7394,EVQLVESGGGLVPPGGSLRLSCAASQFTLESYAIGWFRQAPGKDIEGVACISSSTYYADSVKGRFTISRDNAKNTVYLQMESLKPEDTAVYHCATSGAGSYCTLRAFESWGQGTQVTVSS
seq7395,QVQLQESGGGSVQAGGSLRLSCAASGSTFSIKAMGWYRQAPGKQRELVAAFISGRGSTKYADSVKGRFAISRDNAKNTMYLQMDSLEPEDTAVYYCYIVLPTGGGSAMDYWGEGTQVTVSS
seq7396,QLQLVESGGGLVQPGGSLRLSCAASGFTLDYYAIGWFRQAPGNEREFVAAISWNGGSTYYADSVKGRFTISRDNAKETVYLQMNSLKPEDTGVYYCNYRPQFGLGYNYWGQGTQVTVSS
seq7397,QVQLQESGGGLVQAGGSLRLSCVGDGRTFSSYLIGWFRQAPGNEREFVVAITWDGSATTYADSVKGRFTVSRDSAKNTAYLQMNSLKPEDTAVYYCAAVPARGLTMDLENSDIYDHWGRGTQVTVSS
seq7398,EVQLVESGGGLVQPGGSLRLSCTAYGFIFDQSRMFWARQAPGKGFEWLSSILTAGDTWHSDSVKGRFTISRDNAKNTLYLQMNDLKSEDTAVYYCSKDGIYSSKGQGTQVTVSS
seq7399,QVQLVESGGGLVQPGGSLRLSCAASGFTLDYYAIGWFRQAPGKEREGVSCISSSSGRTDYVDSVKGRFTISRDNARNTVYLQMNSLKPEDTAVYYCAALERATMCPRDPTWYDYWGQGTQVTVSS
seq7400,QVQLQESGGGLVQAGDSLRLSCAASGRTLSSYAMGWFRQVPGKGREFVAAIRRSGGSTYYADSAEGRFTISRDNAKNTVYLQMNNLRPEDTAVYYCAAGDDLVDQYDYWGQGTQVTVSS
seq7401,EVQLVESGGDLVQPGGSLRLSCAASGFTFRGYWMTWVRQAPGKGLEWVSSINNIGEEAYYVDSVKGRFTISRDNAKNTLYLQMNSLKSEDTAVYYCVKDWASDYAGYSPNSQGTQVTVSS
seq7402,EVQLVESGRGLVQAGGSLRLSCAASGSIFSINAMLWYRQAPGKQRELVAAITSGGSTNYADSVKGRFTISRDNAKNTVYLQMNSLKPEDTAVYYCAADSDYSSDYYYWGQGTQVTVSS
seq7403,EVQLVESGGGLVQPGGSLRLSCAASGSIFSINDMGWFRQAPGKEREHVALIRIKDGSIYYADSVKGRFTISRDNAKNTVYLQMNSLRPEDTAVYYCGAKTGTSFVYWGQGTQVTVSS
seq7404,EVQLVESGGGLVQAGGSLRLSCAASASIFGFDSMGWYRQAPGNERILVAIISNGGTTSYRDSVKGRFTIARDNAKNTVSLQMNSLKPEDTAVYYCNLDRRSYNGRQYWGQGTQVTVSS
seq7405,EVQLVESGGGLVQAGGSLRLSCAASGRTFSSYGMGWFRPAPGKEREFVAGISWTLGRTYYADSVKGRFTISGDNAKNTVYLQMNSLKPEDTAVYYCASDESDAYNYWGQGTQVTVSS
seq7406,EVQLVESGGGLVQAGGSLRLSCAASGRTVSDYGMGWFRQAPGKLREFVASINWSGIYTRYIDSVEGRFTISRDNTKNTLYLQMNNLKAEDTAVYYCAYFLGPNWYSNYGRPSSYDFYGQGTQVTVSS
seq7407,DVQLVESGGGLVQPGGSLRLSCAASGRTFSSYAMGWFRQAPGKEREFVAAISWSDASTYYADSVKGRFTISRDNAKNTVYLQMNSLRPEDTAVYYCAADLTSTNPGSYIYIWAYDYWGQGTLVTVSS
seq7408,EVQLVESGGGLVQAGGSLRLSCAASGFTFGTTTIGWFRQAPGKEREVVSCISTGGGSTYYTESVKGRFTISSDNAKNTVYLQMNSLKPEDTAVYYCALDQAPMWSNWSAPYEYDYWGQGTQVTVSS
seq7409,EVQLVECGGGLVQPGGSLRLSCAASGSIFSINTMGWYRQAPGKQRELVAGITRGGSTKYADSVKGRFTISRDNAKNTLYLQMNSLKPEDTAVYYCTDYSRSYYQDYWGQGTQVTVSS
seq7410,DVQLQASGGGSVQAGGSLTLSCRYSGGFVFRVSSMGWYRQAPGNQRELIATITVGGKTNYKDSVQGRFIISRNDTTVTLQMNRLQPEDTAVYYCNLASTAVGADTWGQGTRVTVSS
seq7411,AVQLVESGGGLVQPGGSLRLSCAASGFTFSSYAMSWVRQGPGKGLERVSAINPDGKYTNYPDSVKGRFTISRDNAKNTLYLQMNSLKSGDTALYYCATSSSNSVDYWGQGTQVTVSS
seq7412,DVQLTESGGGSVQVGGSLRLSCLAAEYESSSYGPCMGWFRQVPGKGREGVAAINRPGGVTSIADSVKGRFSISLDRAKDTLYLLIFDPKPEDTATYYCATGGRWNTACGSWLGNPEEISAWGRGTQVTVSS
seq7413,EVQLVESGGGCVQPGGSLRLSCAASGFTFDDYGMSWVRQAPGKALEWVSAISWNGNNTYYTESMKGRFTISRDNAKNTLYLQMNSLRPEDTAVYYCVKGSTAIVGVPPTYPDEYDYWGQGTLVTVSS
seq7414,QVQLVESGGGLVQGGGSLRLSCAASRSIFSINAMGWYRQALGKERELVAAISSGGSTYYVDSVKGRFTISRDHVKNTLYLQMNSLKPEDTAMYYCAALQSWGSYPHDDYWGQGTQVTVSS
seq7415,EVQLVESGGGLVRPGGSLRLSCAASGLTFSSAAMSWVRQAPGKGLDYVSAINSGGSNSWYADSVKGRFTISRDNAKNTLYLQLNSLKTEDTAVYYCVKNPSTWYFEIWGQGTLVTVSS
seq7416,EVQLVESGGGVVQAGGSLRLSCAASGLTFSSYAMGWFRQAPGKERERVVSISRGGGYTYYADSVKGRFTISRDNAENTVYLQMNSLKPEDTALYYCAAARYWATGSEYEFDYWGQGTLVQVSS
seq7417,QVQLQESGGGLVQPGGSLRLSCAASGFTFTAYAMSWFRQAPGKEREEVSCINSSDGSTYYADSVKGRFTISRDNAKNTVYLQMNSLKPEDTAVYHCATDGWRDCTWSNEYAYWGQGTQVTVSS
seq7418,MAESGGGSVQTGGSLRLSCAYTASSVCMAWFRQAPGKEREGVAVTRDGLTKTGYADSVKGRFAISQDYAKKTLYLQMSSLKPEDTARYYCAARPTSPCTVDGELLASTYDYWGQGTQVTV
seq7419,EVQLVESGGGLVQPGGSLRLSCAASGNTFSGGFMGWFRQAPGKEREFVASIRSGARTYYADSVKGRFTISADNSKNTAYLQMNSLKPEDTAVYYCAQRVRGFFGPLRTTPSWYEWGQGTLVTVSS
seq7420,EVQLVESGGGLVQAGGSLRLSCAASGLTTVYTMAWFRQAPGKEREFVAAITRSGKTTYYADSVKGRFTISRDNAKNTVNLQMNSLKPDDTAVYYCAAKALLGMTNPAGYEYWGQETQVTVSS
seq7421,EVQLVESGGRLVQPGGSLRLSCKNAGSTSNAYATGWFRRAPGKEREFVAGIQWSGGDAFYRNSVKGRFRITRDPDNTVYLQMNDLKPEDTAIYYCAQKLSPYYNDFDSSNYEYWGQGTQVTVSS
seq7422,EVQLVESGGGSVQAGGSLKLSCGLSGYTSSMNAMGWFRQAPGKEREGVAAVSRGGKAYYADSVKGRFTVSRDNVKNTVDLQMKGLKAEDTATYYCAATDESPLRRRFSLLDRRRYDWWGRGTQVFVSS
seq7423,EVQLVESGGGLVQPGGSLRLSCAASGGSLSNYVLGWFRQAPGKEREFVAAINWRGDITIGPPNVEGRFTISRDNAKNTGYLQMNSLAPEDTAVYYCGAGTPLNPGAYIYDWSYDYWGRGTLVTVSS
seq7424,EVQLLESGGGLVQPGGSLRLSCAHSGPTFRTDTMGWFRQAPGKGREFVAAVTWNSGRINYADSVKGRFTISRDNSKNTLYLQMNSLRPEDTAVYYCAAHRFVVGGNRVEDWRYWGQGTLVTVSS
seq7425,VKLVESGGGSVQAGGSLRLSCVASTSTYCRYYMRWYRQAPGKEREFVSAMQPDGTTSYSDSVKGRFTMSQDRANNMLYLQMNSLRPEDTAMYYCKRDPMGGSRTPCTSAWGQGTQVTVSS
seq7426,QVQLQESGGGLVQAGGSLRLSCVASGSSFSITSMAWYRQAPGKQRDLVAAITSFGSTNYADSVKDRFTISRDNAKNTVYLQMNSLKPEDTAVYYCNGRVFDHVYWGQGTQVTVSS
seq7427,EVQLVESGGGLVQAGGSLRLSCAASGFTLDDYAIGWFRQAPGKEREGISCISSTDSSTYYVDSVKGRFTISSDNAKNTVYLQMNSLKPEDTAVYYCAALRFGCSYYYTEYDYWGQGTQVTVSS
seq7428,QVQLQESGGGSVQTGGSLRLSCAASTSLYSYNYMAWFSQAPGKGREGVAAVYVGDGRPYYADSVKGRFTISLDSAKNTVYLQMNSLKPEDTAMYYCAAAPGPLSHNYWYTSANYDYWGQGTQVTVSS
seq7429,EVQLVESGGGLVQPGGSLRLSCAASGFTFDDYGMSWVRQAPGKALECVSAISWNGNNTYYTESMKGRFTISRDNAKNTLYLQMNSLRPEDTAVYYCVKGSTAIVGVPPTYPDEYDYWGQGTLVTVSS
seq7430,EVQLVESGGGEVQAGGSLRLSCAASGSIFSINAMGWYRQAPGKQRELVAVVSSDGRTTVAPSVKGRFTISRDNAKNTVYLQMSSLRAEDTAVYYCGVREWYSDSDWRDYEGQGTLVTVKP
seq7431,EVQLVESGGGLCQPGGSLRLSCAASGFTFDDYGMSWVRQAPGKALEWVSAISWNGNNTYYTESMKGRFTISRDNAKNTLYLQMNSLRPEDTAVYYCVKGSTAIVGVPPTYPDEYDYWGQGTLVTVSS
seq7432,EVQLVESGGGLVQAGGSLRLSCAASGSPFRLYTMGWFRQAPGKEREVVAHIYSYGSINYADSVKGRFTISADNAKNTVYLQMNSLKPEDTAVYYCAAALWGHSGDWGQGTQVTVSS
seq7433,EVQLVESGGGLVQPGGSLRLSCAASGFTLDYYAMGWFRQAPGKEREFVAAINWSGDNTHYADSVKGRFTISADNSKNTAYLQMNSLKPEDTAVYYCARAPFYCTTTKCQDNYYYMDVWGQGTLVTVSS
seq7434,EVQLVESGGGLVRAGDSLRLSCAASGRAFSRYAMGWFRQALGKERELVAAIGWSPTHTYYADSVKGRFTMSRDNGKNTVFLQMNSLNPEDTAVYYCAAKYSSRDAAYRSDYDYNYWGQGTQVTVSS
seq7435,QVQLQESGGGLVQAGGSLRLSCAASGFTSSIYVMGWYRQAPGKPRDLVASINGGTTNYANSVKGRFTISRDNAKNTVSLQMNTLKPEDTAVYYCNARHSSSWRDYWGQGTQVTVSS
seq7436,EVQLVESGGGLVQPGRSLTLSCAASTNIFSSSPMGWYRQAPGKQRELVAAINGFSTLYADSVKGRFTISRDNAKNSIYLQMNSLRPEDTALYYCNKVPWGDYHPRNVHWGQGTQVTVSS
seq7437,EVQLVESGGGLVQPGGSLRLSCAASRSIGRLDRMGWYRHRPGEPRELVATITGGSSINYGDSVKGRFTISIDNSKNTVYLQMNSLRAEDTAVYYCNFNKYVTSRDTWGQGTLVTVSS
seq7438,EVQLVKSGGGLVQAGGSLRLSCAASPGTFSSFNMGWFRQTPGKEREFVAATSWSDISTYYADSVKGRFTISRDNAKNTVTLEMNSLKPEDTAVYYCAAGYYRGGYLGYRLTLEGSYDVWGQGTQVTVSS
seq7439,EVQLVESGGGLVQAGDSLRLSCAASGRTFNNAIMGWFRQAPGQEREFVAAMNWRGGPTYYADSVKGRFTISGDNTKNTVFLQMNFLKPEDTAVYYCAADEDLYHYSSYHYSRVDLYHYWGQGTQVTVSS
seq7440,QVQLQESGGGLVQPGGSLRLSCSASGNRFSSSYVMGYYRQAPGKQRELVATVTTGGLTNYADSVKGRFTISRDNAKNTVYLQMNSLKPEDTAVYYCNARILLTNYWGQGTQVTVSS
seq7441,GLVQAGGSLRLSCAASGRTFSSYAMGWFRQAPGKEREFVAAISWSGGSTYYADSVKGRFTISRDNAKNTVFLHMNSLKPEDTAVYFCAAGMEIVGRGYHGMDYWGKGT
seq7442,EVQLVESGGGLVQAGGSLRVSCAASGLTFSNYAMGWFQQAPGKEREFVAGISWSGVSTYYADFVKGRFTISRDNAKNTVYLQMNSLKPEDTAVYYCAADNRRYSRGTSISTWRSDYDYWGQGTQVTVSS
seq7443,VQLQESGGGSVQAGETLRLSCTASGFTFDDSDSDMGWYRQAPGNECELVSSISSDGSTYYADSVKGRFTISQDNAKNTVYLQMNSPKPEDTAVYYCAAINSGYELGTCESLDYWGRGTQVTVSS
seq7444,QVKLEESGGGLVQEGGSLRLSCAASGTIYTDSTIYWYRQAPGKQRELVASITRGGDTKYVDSVKGRFAISSDNAKNTVYLQMNSLKPEDTAVYYCNLYYRTGPSSYYRNDWGQGTQVTVSS
seq7445,QVQLQESGGGLVQPGGSLRLSCAASGSTLTRYSVSWYRQAPGNERDVVARILKGGSTHYSDSVKGRFTISRDNAKNTVSLQMNSLGPEDTAVYYCHLDWTDFWGPGTQVTVSS
seq7446,QVQLQESGGGSVQAGGSLRLSCAASGYTYSSYCMGWFRQAPGKEREGVAAIYPDAGITFYTDSVKGRFTISRDNAKNTLFLQMNSLKPEDTATYYCAAAPPSVPCRLVVARYNYWGQGTQVTVSS
seq7447,EVQLVESGGGTVLAGDSLRLSCVASEHTFSWNTMAWFRQAPGKEREFVAAVSWSDGSTYYADSTKGRFTISRDNAENTLFLQTHSLKPEDTAVYYCAAGARVCFGVRWCASEATYNYWGQGTQVTVSS
seq7448,EVQLVESGGGLVQPGGSLRLSCAASGFTFDDYGMSWVRQAPGKCLEWVSAISWNGNNTYYTESMKGRFTISRDNAKNTLYLQMNSLRPEDTAVYYCVKGSTAIVGVPPTYPDEYDYWGQGTLVTVSS
seq7449,QVQLVESGGGVVQPGGSLRLSCAASDSIDSLVNMGWYRQAPGKQRELVALIATYITHYADFVKGRFTISRDNSKNTLYLQMNSLRAEDTAVYYCYARNIIVDYWGQGTLVTVSS
seq7450,EVQLVESGGGLVQAGDSLRLSCAASGRTFINLDMGWFRQPPGKEREYVAAITRNGAITSYADSAKGRFTISRDNAKNTVSLEMNSLKPEDTGVYYCAAYSISNYGSGWYKPDYWGQGAQVTVSS
seq7451,EVQLVESGGGLVQDGGSLRLSCAASGRTASIQVMGWFRQAPGKEREFVGNIGWNYGLTLYPDSVKGRFTISRGNAKNAVYLQMNNLKPEDTAVYYCAARIGTTTYDYWGQGTQVTVSS
seq7452,AVQLVESGGGLVQAGGSLRLSCAASGRTFSSYVMGWFRQAPGKEREFVAAIGWSGGSTAYADSVKGRFTISRDNARNTVYLQMNSLKPEDTAVYYCASAPTRWVPRDSRFYDRWGQGTRVTVSS
seq7453,EVQLVESGGGLVQAGGSLRLSCAASGLTFSSYIMGWFRQAPGEERELVAEISSGGMTSYADSVKGRFTISRDNAKKTGYLQMNSLKPEDTAVYYCAAPERGSIWYSRYEYKYWGQGTQVTVSS
seq7454,QVQLQESGGGLVQAGGSLRLSCAASGSIFYSRTMGWYRQAPGKEREFVATIGLGGITNYADSVKGRFTISRDNAKNTVYLQMNSLKPEDTAVYYCAVYAQRLTYIASARYHRYWGQGTQVTVSS
seq7455,EVQLVESGGGLVQPGGSLRLSCAASGSTSRHYYIGWFRQAPGKEREGVSCITSREGSTNYADSVKDRFTISRDNAQNMFYLQMNSLKSEDTAVYYCAARYSSCSGMPSDYNYWGRGTQVTVSS
seq7456,QVQLVESGGGLVQPGGSLRLSCAASGSISTYTMAWYRQAPGEQRESVAAISSGGRTDYIDSVKGRFTISRDNAKNMVYLQMNSLKPEDTAVYYCNSADGLKIGTYYFKGLGWGQGTQVTVSA
seq7457,EVQLVESGGGLVQPGGSLTLSCVASGGTSSINAMGWYRRAPGKQRELVAGISSDGSKVYSDSVKGRFTISRDNAKNSVYLQMNSLRAEDTAVYYCYYFRTVSGSSARYWGQGTLVTVSS
seq7458,EVQLVESGGGLVQAGGSLRLSCAASGFRIINDRMAWYRQAPGKQREAVASIDYAGSTTYAEFVKGRFTISRDNTKNMVTLQMNNLEPEDTAVYYCNTAPIARFRGQGTQVTVSS
seq7459,VQLVESGGGVVQPGGSLRLSCAASGGTFSFYGMGWFRQAPGKEREFVADIRTSAGRTYYADSVKGRFTISRDNSKNTVYLQMNSLRPEDTALYYCAAEPSGISGWDYWGQGTLVTVSS
seq7460,QVQLQESGGGVVQAGDSLRLSCAASGRTFGGYTVAWFRQAPGKEREFVARISWSGIMAYYAESVKGRFTISRDNAKNTVYLQMNSLKPEDTAVYYCASRSQIRSPWSSLDDYDRWGQGTQVTVSS
seq7461,EVQLVESGGGLVQPGGSLRLSCAASGRTFSSYAMGWFRQAPGKEREFVAAISWSGGSTYYADSVKGRFTISRDNSKNTVYLQMNSLRPEDTAVYYCTAALAVYGPNRYRYGPVGEYNYWGQGTLVTVSS
seq7462,VQLQESGGGSVQAGETLRLSCTASGFTFDDSDMGWYRQAPGNECELVSHISSDGSTYYADSVKGRFTISQDNAKNTVFLQMNSLKPEDTAVYYCAADKDARGYELGTCESLDYWGRGTQVTVSS
seq7463,EVQLVESGGGLVQAGGSLRLSCAASGPISGINRMGWFRQAPGKEREWVSTITFNGDHTYYADSVKGRFTISADNAKNTVYLQMNSLKPEDTAVYYCAARPYTRPGSMWVSSLYDWGQGTQVTVSS
seq7464,EVQLVESGGGVVQAGESLRLSCAASGYNFKDHDLGWFRQAPGMEREFVAAISWRGSSTYYADSVKGRFTISRDNAKNTVYLQMSSLKPEDTAVYYCAAGRLYPSSRSRDYDYWGQGTQVTVSS
seq7465,EVQLVESGGGLVQPGGSLRLSCAASGGTLSSYIMGWFRQAPGKEREFVAAISGWSGGTTNYADSVKGRFTISADNSKNTAYLQMNSLKPEDTAVYYCAAARFAPGSRGYDWGQGTLVTVSS
seq7466,EVQLQASGGVFVQSGGSLRLSCAASGATSTFDGMGWFRQAPGKEREFVSAISYEQGSYTYYADSVKGRFTISRDNSKNMVYLQMNSLRAEDTASYYCAPAYEGDLYAFDSYGGQGTQVTVSS
seq7467,QVKLQESGGRLVQPGGSLRLSCAASGRTFSNYAMAWFRQGPGKEREFVAAISAADSTLYADFVKGRFTISRDNAKNTVYLQMNSLKPEDTAVYYCAARWWIAVRAPAEYNYWGQGTQVTVSS
seq7468,EVQLVESGGGLVQPGGSLRLSCAASGFTFSNYYMGWFRQAPGKGRELLGNISWRGYNIYYKDSVKGRFTISRDDSKNTIYLQMNSLKPEDTAVYYCAASILPLSDDPGWNTYWGQGTQVTVSS
seq7469,EVQLVESGGGLVQAGGSLRLSCAASGFTFDDYAIGWFRQAPGKEREAVSCISSSDGTTYYADSVKGRFTISSDNAKNTVYLAMNNLKPGDTAVYYCAADLLSTVVGCLYYGGSYYPRTTIDYWGKGTLVTVSS
seq7470,EVQLVESGGGLVQAGGSLRLSCAASGFSFDDYAIGWFRQAPGKEREGVSLISSSDGSTYYADSVKGRFTISSDNAKNTVYLQMNSLKPEDTAVYYCAAGQGLLRAQALRWESYDYWGQGTQVTVSS
seq7471,VQLQQSGGGLVQPGGSLRLSCAASGSIFSIYAMGWYRQAPGKQRELVAAISSYGSTNYADSVKGRFTISRDNAKNTVYLQMNSLKPEDTAVYYCNADIATMTAVGGFDYWGQGTQVTVSS
seq7472,QVQLQESGGGLVQAGGSLRLACVASGNIGLVSVMDWYRQVPGKERELVATITGGGSTNYSDSVKGRFTISMDYAKSTIYLQMNSLKPEDTAVYYCRLVNNGRPFWGQGTQVTVSS
seq7473,EVQLVESGGGLVQAGGSLRLSCESSISTFSSDAMGWFRQAPGKGLEFLAAIGWSGAVTHYSDSVKGRFTISRDNAKNTVYLQMNSLRAEDTGRYYCAEDYDTDVWQYWGQGTQVTVSS
seq7474,IRLLVESGGGLVQAGGSLRLSCTTSGIKFGITAMTWYRQTPLNEPELVAVVGGGGSTLYEGRVKGRFTISRDNDKNTAYLQMNSLKPEDTAVYYCGAAASILAASSAETVQYWGQGTQVTVSL
seq7475,VQLQESGGGLVQAGGSLRLSCAASGRTFPGYVMAWFRQSPGQEREFAAAINWRGGDTYYADSVKGRFTISRDNVKNTVFLQMNSLKPEDTAVYFCAARLTTEYDYAYWGQGTQVTVSS
seq7476,EVQLVESGGGVVQPGGSLRLSCSASGLLFSRNSAGWYRQAPGKQREFVARIRYGGSINYADSVKGRFTISRDNSKNTVYLQMNSLRPEDTALYYCSSWREGFYEYWGQGTLVTVSS
seq7477,QVQLQESGGGLVQAGGSLRLSCAVSGNTLSRYAMGWFRQTPGKEREFVAAIRWNNAATYYADAVEGRFTISRDTGKNTVYLQMNNLKPEDTAVYYCAGRFLGYASSNAYHEALYNYDYWGQGTQVTVSS
seq7478,EVQLVESGGGVVQPGGSLRLSCAASGSNISSYVMGWFRRAPGKEREFVAAISRSGGYTYYADSVKGRFTISRDNSKKTAYLQMNSLRPEDTALYYCAAGRYSAWYSQSYEYDYWGQGTLVTVSS
seq7479,EVQLVESGGGLVQPGGSLRLSCETSRHTLDHYAIGWFRQAPGKEGEGVACISTSTYYADSVKGRFSISRDNAKNTVYLQMNDLKPEDTAVYHCATTGSGLCTLRAFASWGQGTQVTVSS
seq7480,EVQLVESGGGLVQPGGSLRLSCAASGRTFGDDTMGWFRQAPGKEREIVAAINWSAGYTPYADSVKGRFTISADNSKNTAYLQMNSLKPEDTAVYYCATDPPLFCCHFDLWGQGTLVTVSS
seq7481,EVQLVESGGGLVQPGGSLRLSCAASGSIFTINAMAWYRQAPGKQRELVAHLTNSGRTGYADSVKGRFTISSDNAKNTVYLQMNSLKPEDTAVYYCNRLGLHWSWGQGTQVTVSS
seq7482,QVQLQESGGGLVQAGDSLRLSCVASGRAFSSYGMGWFRQAPGKERAFVAAISRSGGLTQYAESLKGRFAISRDNAKNTVYLQMGSLKPEDTAVYYCAGDLYGLGSHMENEYDSWGQGTQVTVSS
seq7483,QVQLVESGGGSVQAGGSLRLSCAATAYTASFYCMGWFRQAPGKEREAVASINDDGVTMYADSVKGQFTISQDSATKTLYLQMNRLKPEDTAMYYCAATPEGYCYAERLSTWRYTFWGQGTQVTVSS
seq7484,EVQLVESGGGLVLAGGSLRLSCVHSGPTFWTDTMGWFRQAPGKEREFVAAVTWNSGRINYADSVKGRFTVSRDNTRNAAYLQMSGLKDEDTAVYYCTAHRFVVGGNMVEDWRYWGQGTQVTVSS
seq7485,QVQLQQSGGGLVQAGGSLRLSCAFSGRSFNTDAVAWFRQAPGKEREFVAAISWDGTRTYYADSAKGRFTISRDNAKNTVYLQMNSLNSEDTAVYYCAAEPQKAWPIGTSAAGFRSWGQGTQVTVSS
seq7486,EVQLVESEGGSVQAGGSLRLSCAASGRTFSSYAMGWFRQAPGKEREFVAAINWSGGYTYYADSVRGRFTISRDNAKNTVYLQMNSLKPEDTAVYYCAAPAPGSSGYEYDYWGQGTQVTVSS
seq7487,EVQLVESGGGLVQAGGSLRLSCAASGFTFDDYPIGWFRQAPGKEREGISCISSSDGSTYYADSVKGRFTISSDNAKNTVYLQMNSLKPEDTAVYYCAAGLGALVRYYSGSYYCDGMDYWGKGTLVTVSS
seq7488,QVQLVESGGGSVQPGGSLRLSCAASGFTLDYYYIGWFRQAPGKEREGVSCISSSHGSTYYADSVKGRFTISRDNAKNTVYLQMNSLKPEDTAVYYCATIRSSSWGGCVHYGMDYWGKGTQVTVSS
seq7489,QVQLVESGGGLVQAGGSLRLSCAASGRAPETYAMGWFRQAPGKEREFVAHIIVTGDRTYYADSVKGRFTISRNNAKNTVYLQMNSLKPEDTAVYYCAADRSARWEPGTHYWGQGTQVTVSS
seq7490,QVQLVESGGGLVQPGGSLRLSCLPSGGIFTINSMGWYRQAPGKQRELVASITGGGSSRYADSVKGRFIMSRDNAKNMVYLQMNSLKPEDTAVYYCNTIPPARTQSDHGEWYDYWGQGTQVTVSS
seq7491,EVQLVESGGGSVQAGGSLRLSCVLSGVTYSNRCMAWFRQGPGKEREWVAVINTRGESPDYAASVKGRFTISQDNAKNTVYLQMNSLKPEDTATYVCATRTAEWFACPPAASVDYNDWGPGTQVTVSS
seq7492,QVQLQESGGGLVQAGGSLTLSCAASGRTFSSHAMGWFRQAPGKEREFVATITRSDGSTYYADSVKGRFTISTDNAKNTVYLQMNSLKPEDTAVYYCAARTVYSGPQYYTRAHEYNYWGLGTQVTVSS
seq7493,EVQLQESGPGLVKPSQTLSLTCTVSGGSITSRYYAWSWIRQPPGKGLEWIGVIDYDADTYYSPSLKSRTSISWDTSKNQFSLKLSSVTPEDTAVYYCARDPDVVTGFHYDYWGQGTTVTVSS
seq7494,EVQLVESGGGLVQPGGSLRLSCAASGSISIINFMNWYRQAPGKQRELVAQVTSGVTSGGTTYYDDSVKGRFTISRDNAKNMVSLQMNSLKPEDTAVYYCNVQGYFGSTWINYWGQGTQVTVSS
seq7495,EVQLLESGGGLVQPGGSLRLSCAASGRTFNNYNMGWFRQAPGKGREFVAAVSRSGVSTYYADSVKGRFTISRDNAKNAVYLQMNSLRPEDTAIYYCAAAYRGTAINVRRSYDSWGQGTLVTVSS
seq7496,QVQLQESGPGLVKPSQTLSLTCTVSGGSITTYYYWSWIRQPPGKGLEWMGAIAYSGSTYYSPSLKSRTSISRDTSKNQFTLQLSSVTPEDTAVYYCARYDYWGQGTQVTVSS
seq7497,QVQLVESGGGSVQAGGSLTLSCAVSGNTYSTKYMGWFRQAPGKEREGVAAILAGGRNTYYADSVKGRFTISQDNAKNTVYLQMNSLKPEDTAMYYCAADTRAAFWYIGPLNSDQYNIWGQGTQVTVSS
seq7498,QVQLVESGGSLVQPGGSLRLSCAASGRFAESSSMGWFRQAPGKEREFVAAISWSGGATNYADSAKGRFTLSRDNTKNTVYLQMNSLKPDDTAVYYCAANLGNYISSNQRLYGYWGQGTQVTVSS
seq7499,EVQLVESGGGLVQPGGSLRLSCVVSGFTVDDYAIGWFRQAPGKEREGISCITSSDGNTYYALSVKGRFTASSDNAKNTVYLQMNSLNPEDTAVYYCAADPVRRGWGCRDHYKYWGQGTQVTVSS
seq7500,EVQLVESGGGLVQPGGSLRLACAVSGPGLIFKFTGVAWYRRQVPGAKRGLVALITGDGATRYGDSVKGRFTVSRDIAAKRVYLEMNDLRSEDTAVYYCKTGEYWGQGTQVTVSS
seq7501,EVQLVESGGGEVQPGGSLRLSCAASGSTFSSYHMSWFRQAPGKQREPVATSHHGGTTNYAGSVKGRFTISRDNAKNTVYLQMNSLRPEDTAVYYCKADHGYGGRGYWGQGTLVTVKP
seq7502,QVQLQESGGGLVQAGGSLRLSCAASGIIFRGKAIGWYRQAPGKQRELVARIDAGDITNYADSVKGRFSISRDHAKNTVYLQMNSLKSEDTAVYYCNLRGTNYWGQGTQVTVSS
seq7503,QVQLVESGGGLVQAGDSLRLSCAASGRTFLTLAVGWFRQAPGTEREFVAGIRWSGSGTDYADSVKGRFTISRDNAANTVYLQMNSLKPEDTAVYYCAAHTTIATIPEKYEYEYWGQGTQVTVSS
seq7504,EVQLVESGGGLVQAGGSLRLSCAASGRTFSNYAMGWFRQAPGKEREFVATISWSGGSTYYADSVKGRFTISRDNAKNTVYLQMNSLKPEDTAVYYCAAAFSGSDYANTKKEVEYDYWGQGTQVTVSS
seq7505,QVQLVESGGGLVQTGGSLRLSCVVSGRTETTYNIGWFRQAPGKERELVTAISRGATITYYADSVKGRFTISRDNAKNAVYLQMNSLKPEDTAVYYCAASFTNLAVVARDYYYWGQGTQVTVSS
seq7506,QVQLQESGGGLVQAGGSLRLSCAVSGFILDYYGIGWFRQAPGKEREAVSCISSSDGSTYYADSVKGRFTISRDNALNTLYLQMNSLKPEDTAVYHCATATLCDGGIWGYWGQGTQVTVSS
seq7507,QVKLEESGGGSVQAGGSLRLSCVVSGVPDEGNCMGWFRQAPGNEREWVAQIETRRSITFYNPSVKGRFTISRDTIKNTVYLQMDSLKPEDSAMYYCAAVSTAWTLCPRTPGAYNYWGQGTQVTVSS
seq7508,VQLQESGGGLVRTGGSLRLSCAGSGSFFSINPMGWYRQAPGQQRELVATITGSGSTNYADSVKGRFTISRDNAKNTLYLQMNSLKPEDTAVYYCNAGYFDRIGRRYDRWGQGTQVTVSS
seq7509,ASGGGLVQPGGSLTLSCIASGFTLDYYSVGWFRQAPGKKRERVSCTGPNGESTNYADSVKGRFTISRDNAKNTAYLQMNSLKPDDTAVYYCAAVALPQCTWARMDEYDYSGQGTQVTVS
seq7510,EVQLVEFGGGPVQAGDSLRLSCAASGRAYRGYSMGWFRQVPGKEREFVAAIVWTDGNTYYEDSVKGRFTISRDITKNTMYLQMTSLKPEDSATYYCAAKIRPYIFKIAGQYDYWGQGTLVTVSS
seq7511,QVQLQESGGGLVQAGGSLRLSCAVSGRLFSANTMGWYRQAPGKRRELVATILSSGSTNYADSVKGRFTISRDDGKNTVYLQMNSLKPDDTAVYYCNFAPPPEGYWGQGTQVTVSS
seq7512,VQLQESGGGLVQAGASLRLSCAASGRTFSNYNVGWFRQAPGKEREFVSFISWISDITYYSDSVKGRFIISRDNAKNMVYLQMNSLKPEDTAVYYCAAHPPDPSRGGEWRLQTPSEYDYWGQGTQVTVSS
seq7513,QVQLQESGGGSVQAGGSLRLSCAASGRTFSSYAMAWFRQAPGMERELVAAISWSGGSTYYADSVKGRFTISRDNAENTVYLQMNSLKPEDTAVYYCAAEAEGSGREGNFYERSWYQGQGTQVTVSS
seq7514,VQLQESGGGLVQPGGSLRLSCVPSGFTFDGYLIGWFRQAPGSERKAVSCISVNGDRTNYADSVKGRFTISRDNAKNTVYLQMNSLRPNDTAIYYCATRRGNRLYNNNCPYFEYGTWGQGTQVTVSS
seq7515,EVQLVESGGGLVQPGGSLRLSCAASGRTLSSYAMGWFRQAPGKGREFVARISQGGTAIYYADSVKGRFTISRDNAKNTLYLQMNSLRPEDTAVYYCAKDPSPYYRGSAYLLSGSYDSWGQGTLVTVSS
seq7516,QVQLQQSGGGLVQAGGSLRLSCAASGSSFRSNAIGWYRQSPGKSRELIAVITRSGSTQYADSVKGRFTASRDNAKNMIYLQMNSLKPEDTAVYYCHDETMKLITGKNDYWGQGTQVTVSS
seq7517,EVQLVESGGGLVQPGGSLRLSCAASGRTFGDYAMGWFRQAPGKEREFVAAINWSGGYTRYADSVKGRFTISADNSKNTAYLQMNSLKPEDTAVYYCATDPPLFWGQGTLVTVSS
seq7518,LQESGGGLVQAGGSLRLSCAASASTFVINPMRWYRQAPGKQRELVAGITFNGATNYADSVKGRFTISNNNAKNTVFLQMNSLRPEDTAVYYCNVVVWVGSESYDYWGQGTQVT
seq7519,VQLQESGGGLVQPGGSLRLSCAASGFTFSSYAMSWVRLAPGKGLEWVSTINIAGGITSYADSVKGRFTISRDNAKNTLYLQMNSLKPEDTAVYYCAKTAANWSAQRGQGTQVTVS
seq7520,EVQLVESGGGLVQPGGSLRLSCAASGFTDGIDAMGWFRQAPGKEREYVAAISGSGSITNYADSVKGRFTISADNSKNTAYLQMNSLKPEDTAVYYCAANGIESYGWGNRHFNWGQGTLVTVSS
seq7521,QVQLQESGGGLVQAGGSLRLSCVASGFTFDDYAISWIRQAPGKEREGVSCITVSDGSTYDAYSVKGRFTISSDDAKNTEYLLMNSLKPDDTAVYYCAASRAPPHRCYGMDHWGKGTLITVSS
seq7522,EVQLVESGGGPVQAGGSLRLSCAASGRTYRGYSMAWFRQAPGKEREFVAAIVWSDGNTYYEDFVKGRFTISRDSAKNTLSLHMTNLKPEDTAVYYCAAKIRPYIFKIAGQYDYWGQGTQVTVSS
seq7523,EVQLVESGGGLVQPGGSLKLSCAAAGFTFRPYAMGWFRQAPGKEREFVAAVATNVGTTFYQDSVKGRFTISRDNAKNTVYLQMNSLRPEDTAVYYCNTKLYSGIFREYWGQGTQVTVSS
seq7524,EVQLVESGGGLVQPGGSLTLSCVASGTSSSINAMGWYRRAPGKQRELVAGISSDGSKVFNESVKGRFTISRDNAKNSVYLQMNSLRAEDTAVYYCYYFRPAAGSPMRYWGQGTLVTVSS
seq7525,QVQLQESGGGSVQAGGSLRLSCAASGRYHMAWFRQAPEKEREFVGTISSGDSTWYTNSVKGRFAISRDSARNTAYLQMNDLKPEDTAVYYCAAALYYGDSRRAADYPYWGQGTQVTVSS
seq7526,QVQLQESGGGLVQAGGFLRFSCAASGSIGGINDMGWYRQAPGKQRELVAAITSGGITKYASSVKGRFTVSRDSAKNTMYLQMDSLKPEDTAVYYCNTPMNAAKNQWGQGTQVTVAS
seq7527,EVQLVESGGGLVQPGGSLRLSCAASGSIASIHAMGWFRQAPGKEREFVAVITWSGGITYYADSVKGRFTISRDNSKNTVYLQMNSLRPEDTAIYYCAGDKHQSSWYDYWGQGTLVTVSS
seq7528,EVQLVESGGGLVQAGGSLRLSCATSGFTFSRFDMSWFRQAPGKQREFIATIFSGGDTDYIDSVKGRFTISRDNAKNTVYLQMNSLKPEDTAVYYCCPLGIEYAWGQGTQVTVSS
seq7529,QVQLQEFGGGLVQAGGFLRFSCTASGRIFSMGWYRQAPGKQRELVATISTRHTTTYADSVKGRFTVSRDNAKNTVYLQMNSLKPEDTGVYFCAADSLRIVGMNYWGKGTLVTVSS
seq7530,QVQLQQSGGGLVQSGGSLRLSCTATRSTISGYGGRWYRQAPGKQREFVALLSSGGMTRYADSVMGRFTISRDDIKNTLYLQMNTLKPEDTAVYYCNTFDGAWGQGTQVTVSS
seq7531,QVQLQQSGGGLVQPGGSLRLSCAASGSIFSINGMGWYRQAPGKERELVAGLTSGGSVTNYADSVKGRFTISRDNAKNTVYLQMNSLKPEDTAVYYCRAEIFTRTGENYYGMDYWGKGTQVTVKP
seq7532,EVQLMESGGGLVQTGGSLRLSCVASGRTFSNYTMGWFRQAPGKDREFVAAISRSGSLKSYADSVKGRFTISRDNAKKMAYLQMLFLKLEDSAVYYCAAAPVPWGTRPSTFPYDSWGQGTQVTVSS
seq7533,EVQLVESGGGLVPAGDSLRLACAASERSFSSYNTGWFRQAPGKEREFVAATSGSTFSTYYTDSVKGRFTISRDNAKNTVYLQMDNLKPEDTAVYYCAASTSGNAWFTVYYSTLGEYDYWGQGTQVTVSS
seq7534,EVQLVESGGGLVQAGGSLRLSCTASGRTFSSYAMGWFRQTPGKEREFVASISWIGKFTYYADSVKGRFTISGENAKNTVYLQMNSLKPEDTAVYYCAAKTLVGVTTAFDRWGQGTQVTVSS
seq7535,EVQLVESGGGLVQPGGSLTLSCVASGSTSTINAMGWYRRAPGKQRELVAGISSDGSKVYADSVKGRFTISRDNAKNSVYLQMNSLRAEDTAVYYCYYFRTASGSSMRYWGQGTLVTVSS
seq7536,EVQLVESGGGLVQPGGSLRLSCATSRTIFRSNAMGWYRQGPGKKRDLVASITNSGSTNYADSVKGRFTVSRDNDRNTGYLQMNSLKPEDTGVYYCTVDARRGWNTGYWGQGTQVTVSS
seq7537,EVQLVESGGGLVQAGGSLRLSCTASGRTISTTVMGWFRQAPGKEREFVAAVHWGDGNTVYADSVKGRFTISRDDAKNTVYLQLNYLKPEDTSVYYCAARPPTYVGTSRNSRSYDYWGQGTQVTVSS
seq7538,QLQASGGGFVQPGGSLRLSCAASGSTYETYAMGWFRQAPGKEREFVSAISASPTIEGYYADSVKGRFTISRDNSKNTVYLQMNSLRAEDTATYYCATWSKMGISIYWGQGTQVTVSS
seq7539,QVQLQESGGGLVQAGGSLRLSCAASGSTFSINAMGWYRQAPGKQRELVARIMTNGSPNYADSVEDRFTISRDNAKNTLYLQMNDLNPEDTAVYYCHAVNKVNIHFWGQGIQVTVSS
seq7540,LQESGGGLVQAGGSLRLACAASGTTVSSNTMDWHRQAPGKKRELVARISRGDVLTYSDSVKGRFIISRDPTKNMVYLQMNELKPEDTAVYYCAAGLNIGTGIIPHKYWGQGTQVT
seq7541,AVQLVESGGGLVQSGGSLRLSCGASGFPFDDYAIGWFRQIPGTDRAGIAAISPSDGMTYYADSVKGRFTISSDDAKNTVYLQMNSLIPEDTAVYYCAADSEYRLILLGVLSLASWGQGIQVTVSS
seq7542,EVQLVESGGGLVQAGGSLSLSCAASGSVFRIDVMRWHRQAPGKQREFLASIASGGTTNYADSVKGRFTISRDNAKNTVYLQMNSLKPEDTAVYYCGANAESGPYTYWGLGTQVTVSS
seq7543,EVQLVESGGGLVQAGGSLRLSCAASGGTFSFYGMGWFRQAPGKEQEFVADIRTSAGRTYYADSVKGRFTISRDNAKNTVYLQMNSLKPEDTALYYCAAEMSGISGWDYWGQGTLVTVSS
seq7544,EVQLVESGGGLVQPGGSLRLSCAASGEVYKINFLGWYRQAPGKEREKVAHITIADVADYADFAKGRFTISRDEAKNMVYLQMNSLKPEDTAVYFCRAGSRIWPYDYWGQGTQVTVSS
seq7545,EVQLVESGGGLVRPGGSLRLSCAASGDVHKINILGWYRQAPAKEREMVAHITIGDATDYADSAKGRFTISRDEAKNMVYLQMNSLKPEDTAVYFCRAYSRIYPYNYWGQGTLVTVSS
seq7546,QVQLVESGGGLVRPGGSRRLSCVDSGRTSYPMGWFRRAPGKEREFVASITWSGIDPTYADSVADRFTISRDVANNTLYLQMNSLKHEDTAVYYCAARAPVGQSSSPYDYDYWGQGTQVTVSS
seq7547,QVQLQESGPGLVKPSQTLSLTCTVSGGSITTRYYAWSWIRQPPGKGLEWIGVIDYDGDTYYSPSLKSRTTISWDTSKNQFSLQLSSVTPEDTAVYYCARDPDVVTGFHYDYWGQGTQVTVSS
seq7548,AVQLVESGGGLVQAGDSLRLACAASGRTFLTYALGWFRQAPGKEREFVAGVSWSGSSTKYADSVKGRFTISRDNAKNTVYMQMNSLKPEDTAVYYCAAQISAIVPISAHEYQYWGQGTQVTVSS
seq7549,GSLRLSCAASGRTFSTAAMGWFRQAPGKERDFVAGIYWTVGSTYYADSAKGRFTISRDNAKNTVYLQMDSLKPEDTAVYYCAARRRGFTLAPTRANEYDYWGQGTQVTVCS
seq7550,QVQLQDSGGGLVQAGGSLRLSCAASGRTFSTYAMGWFRQAPGKEREFVAGITWTTGTTTYADSVKGRFTVSRDNAENTGYLQMNSLKPEDTAVYYCAASRATYSVNWYQYHDYNNWGQGTQVTVSS
seq7551,SGGSLRLSCAASGRTFSTAAMGWFRQAPGKERDFVAGIYWTVGSTYYADSAKGRFTISRDNAKNTVYLQMDSLKPEDTAVYYCAARRRGFTLAPTRANEYDYWGQGTQVTVSS
seq7552,VQLVESGGGLVQPGGSLRLSCAASGSIFSVYVMGWFRQAPGKGRELVAAITPFDDNTYYPDSVEGRFTISRDNAKRMVYLQMNSLRAEDTAVYYCAADWEWPEYNYWGQGTQVTV
seq7553,EVQLVESGGGLVQAGGSLRLSCAASGFPFSEYPMGWFRQAPGKEREFVAVVNWNGDSTYYADSVKGRFTISADNAKNTVYLQMNSLKPEDTAVYYCANFNRDWGQGTQVTVSS
seq7554,QVQLQESGGGLVQAGGSLRLSCVASGSTSSINAMGWYRRAPGKQRELVAGISSDGSKNYADSVKGRFTISRDNAKNTVYLQMNSLKPEDTAVYYCYYFRTVAASSMQYWGQGTQVTVSS
seq7555,EVQLVESGGGLVQPGGSLRLSCAASGGTFSAFPMGWFRQAPGKERELVAAISSGGTTYYADSVKGRFTISADNSKNTAYLQMNSLKPEDTAVYYCAAQGGVLSAWDWGQGTLLTVSS
seq7556,EVQLVESGGGLVQPGGSLRLSCAASGRTFSSYAMGWFRQAPGKEREFVAAISWSDASTYYADSVKGRFTISRDNAKNTVYLQMNSLRPEDTAVYYCAADLTSTNPGSYIYIWAYDYWGQGTLVTVSS
seq7557,QVQRQESGGGLVQPGGSLRLSCAASGFTFSSHVMAWVRQAPGKGLEWVSAINGGGGTTSYADSVKGRFTISRDNAKNTLYLQMNSMKSEDTAVYYCANSLWPYQGSWGQGTQVTVSS
seq7558,EVQLVESGGGLVQAGGSLRLSCAASGFTFDDYAIGWFRQAPGKEREGVSCISSSDGYSFYANSVKGRFTISSDNAKNTVYLQMNSLKPEDTAVYYCAATPRRFGWCSDYDEYDYWGQGTQVTVSS
seq7559,VQLVESGGGLVQPGGSLRLSCAASVSIFSINAMGWYRQAPGKERELVAAITSGGRTAYADSVKGRFTISRDNSKNTVYLQMDSLKPEDTDVYYCKAYIRGEDYWGKGTQVTVS
seq7560,VQLQESGGGLVQAGGSLRLSCAASGFSFDDYTIGWFRQVPGKEREGISCISSDGSTGYADSVKGRFTISSDNAKNTVYLQINSLKPEDTAVYYCAADFNVWSPPICGSIWYGPPPGGMDYWGKGTQVTVSS
seq7561,EVQLVESGGGLVQAGGSLRLSCAASGFTFSSYWMYWFRQAPGKGLEWVSSINSGSGNTYYADSVKGRFTISRDNAKNTVYLQMNSLKPEDTAIYYCAAARTFYSRTYYPVNRDEYDYWGQGTQVTVSS
seq7562,QVQLQESGGGLVQAGGSLRLSCAASGITFRNKAIGWYRQAPGKQRELVARIDSYDITNYADSVKGRFSISRDNSKNTVYLQMNSLKSEDTAVYYCNLRGSNYWGQGTQVTVSS
seq7563,VVQLVESGGGSVQAGGSLRLSCAASGYTDSVKWVAWFRQAPGKEREGVACIYSGGFNTYYADSVKGRFTISQDIAKNTVYLQMNSLKLEDTAMYYCATDFLSGNLLDGRYRYWGQGTQVTVSS
seq7564,EVQLVESGGGLVQAGGSLRLSCAASGFTFDDYAIGWFRQAPGKDLEGVSCISSSDGSTYYADSVKGRFTISSDNAKNTVYLQMNSLKPEDTAVYYCAAVNGLGPFSVPVPVYDFWGQGTQVTVSS
seq7565,EVQLVESGGGSVQSGGSLRLSCAVSGSGYSYSRGCFAWFQQRPGKEREGVAIINSDGHTRYSDSVQGRFIISQDKAKNTLYLQMNSLKPDDTAMYYCAYDCSQCYVLRDRLRLPDTFTDWGQGTQVTVSS
seq7566,EVQLVESGGGSVQPGGSARLSCAVLGSIGSLNAMGWYRQTPGKERELVARITSLGPIMYAEFVKGRFTISRDNDKNTVYLQMNSLKPEDTAVYYCKTRWYEGIWREYWGQGTRVTVSS
seq7567,EVQLVESGGGLVQPGGSLRLSCVASGFTFADYAMSWVRQAPGKGLQWVSSISYNGDTTYYAESMKDRFTISRDNAKNTLYLQMNSLKSEDTAVYYCASSGSYYPGHFESWGQGTQVTVSS
seq7568,EVQLVESGGGEVQPGGSLRLSCAASERPFGTYAMGWFRQAPGKERDLVAAVSRNGGASQYGDSVKGRFTISRDNAKNTMYLQMSSLRAEDTAVYYCAARSAAYSRSSEVYTGKDEYYYWGQGTLVTVKP
seq7569,QVQLQESGGGSVQAGGSLRLSCTAPGFTSNTCAMAWYRQAPGKEREFVSSRSTVGTTGYADSVKGRFTISKDEAKDTVYLQMNSLKPEDTAMYFCKTYACRNCIGRHCRTAPDAWGQGTQVTVSS
seq7570,QVQLVESGGGSVQAGGSLRLSCTASGYTYRYLYMGWFRQTPGKEREGVACIYTGSGSTGYADSVKGRFTISQDNAENTVYLQMNSLKPEDTAMYYCAAASPRWGGTCRRWSEYNYWGQGTQVTVSS
seq7571,EVQLVESGGGLVQPGGSLRLSCAASGRTFSEPSGYTYTIGWFRQAPGKGREFVARIYWSSGLTYYADSVKGRFTISRDIAKNTVDLQMNSLKPEDTAVYYCAARDGIPTSRSVGSYNYWGQGTLVTVSS
seq7572,QVQLQESGGGSVQTGGSLRLSCACSTSIYSNNYMAWFSQAPGKGREGVAAVYIGDGRPYYTDSVKGRFTISLDSAKNTLYLQMNSLKPEDTAMYYCAAAPGPLSHNYWYTSANYDYWGQGTQVTVSS
seq7573,QVQLQEFGGGLVQPGGSLRFSCAASGIIFRIAKGGWYRQVPGKQRELVATITGGGSTKYADSAKGRFTISRDDAKNTVYLQMNSLEPEDTAVYSCNARRVGEINAYWGHGTQVTVSS
seq7574,DVQLVESGGGLVQPGGSLRLSCVASGLTFSSYAMGWFRQAPGKEREFVAAISWSGGRTYYADSVKGRFTISRDNSKNTVYLQMNSLRPEDTAVYYCTAARGPGSVGPSEEYNYWGQGTLVTVSS
seq7575,EVQLVESGGGLVQAGGSLRLSCAASGVDASNSAMGWYRQAPGKQREWVARITGGGLIAYTDSVKGRFTISRDNAKSTVYLQMNSLEPEDTAVYYCNTINSRDGWGQGTQVTVSS
seq7576,EVQLVESGGGMVQPGGSLRLSCAASGDVHKINILGWYRQAPAKEREMVAHITIGDATDYADSAKGRFTISRDEAKNMVYLQMNSLKPEDTAVYFCRAYSRIYPYNYWGQGTLVTVSS
seq7577,EVQLVESGGGLVQAGGSLRLSCAASGGTFSSYGMGWFRQAPGKEREFVADIRSSAGRTYYAGSVKGRFTISRDNAKNTVYLQMNSLKPEDTAVYYCAAEMTGITGWDYWGQGTQVTVSS
seq7578,EVQLVESGGGVVQAGESLTLSCAASGRTLSAYIMGWFRQAPGKEREFVAGIWSGGYTHLADSAKGRFSISRDNAKNTVYLQMNGLKPEDTAVYYCAAGLRGRQYSNWGQGTLVTVQS
seq7579,EVQLVESGGGLVQPGGSLRLSCAASGFTFGNYDMSWVRQAPGKGPEWVSAINSGGGITYYADSVKGRFAISRDNAKTTLYLQMNNLQPEDTAVYYCATPRGWGPTGPHEYGYWGQGTQVTVSS
seq7580,EVQLVESGGGLVQAGGSLRLSCAASGRTFSSYAMGWFRQAPGKERDFVAAISWSGGSTYYTGSVKGRFNISRDNAKNTVYLQMNSLKPEDTAVYYCAGGPRSAYYDDYGYDYWGQGTQVTVSS
seq7581,QVQFVESGGGLVQAGGSLRLSCVASGRAFSTYTIGWYRRPPGKQRELVATIGGNGNTYYVGSAKGRFTISRDNAKNTVYLQMNSLKPEDTDVYYCNRLGALDTWGQGTQVTVS
seq7582,QVQLQESGPGLVKPSQTLSLTCTVSGGSITSRYYAWSWIRQPPGKGLEWMGVIDYDGDTYYSPSLKSRTTISWDTSKNQFSLKLSSVTAADTAVYYCARDPDVVTGFHYDYWGQGTTVTVSS
seq7583,QVQLQESGGNFMQAGGSVRLSCAASGRAFDAYHMGWFRQTPEKQREFVAFIHRSGTSTYYADSVKGRFTISRDNAKDTVYLQMNNLKPEDTAMYYCAAELHNSDPFNPSEYDYWGQGTQVTVSS
seq7584,DVQLVESGGGLVQPGGSLRLSCAASGSIGGLNAMAWYRQAPGKERELVAGIFGVGSTRYADSVKGRFTISRDNSKNTVYLQMNSLRPEDTATYYCRMSSVTRGSSDYWGQGTLVTVSS
seq7585,QVQLVETGGGLVQAGGSLRLSCVVSGRNNSGIGMGWFRQAPGKEREFVAAIGWGGSSTIYADSVKGRFTVSRDNAKNTVYLQMVSLKPDDTAVYVCAARRRALTPISLAAGFEYWGQGTQVIVSA
seq7586,EVQLVESGGGLVQAGGSLRLSCAASGNIFSDNIMGWYRQAPGKQREFVAHMSRDGTSNYEDSVKGRFTISRENAKNTLYLQMNSLKPEDTAIYYCRLLTIPTTGRKEGFWGQGTQVTVSS
seq7587,QVQLQESGGGVVQAGDSLRLSCVASGHTFSSLDMGWFRQAPGKEREFVAGISRSGISQYYADSMKGRFTISRDNAKNLVYLQMNSLKPEDTAVYYCAAALTFRGSDLPRDSNYWGQGTQVTVSS
seq7588,QVQLQQFGGGLVQAGGSLRLSCAASGSIFAINEINLMGWYRQAPGKQRELVAACASDGNTYYADSVKGRFTISRDNAEKTVYLQMNNLKPDDTAVYYCDANSRGNYYSGQGTLVTVSS
seq7589,EVQLVESGGGLVQPGGSLRLSCAASGFTFSTSWMGWFRQAPGKERELVAGVNSNGYINYADSVKGRFTISADNSKNTAYLQMNSLKPEDTAVYYCAADVWYGSTWRNWGQGTLVTVSS
seq7590,EVQLVESGGGQVQPGGSLSLSCESSVSIWSFKVMGWFRQAPGKQLELVATITTGGSPHYSDSVKGRFTISRDYDKRTLYLQMNSLKPEDTAVYYCAGRLWAHITSSGHDVWGQGTQVTVSS
seq7591,EVQLVESGGGLVQPGGSLRLSCAASGRSLSNYYMGWFRQAPGKGRELLGNISWRGYNIYYKDSVKGRFTISRDDSKNTIYLQMNSLRPEDTAVYYCAASILPLSDDPGWNTYWGQGTLVTVSS
seq7592,EVQLEESGGGLVQPGGSLRLSCAASGLTFNDYAMGWYRQAPGKERDMVATISIGGRTYYADSVKGRFTISRDNAKNTVYLQMNSLKPEDTAIYYCVAHRQTVVRGPYLLWGQGTQVTVSS
seq7593,EVQLVESGGGLVQPGGSLRLSCAASGSIRSINIMGWFRQAPGKEREAVAAISWSGGSTVYADSVKGRFTISADNSKNTAYLQMNSLKPEDTAVYYCASLLAGDRYFDYWGQGTLVTVSS
seq7594,EVQLVESGGGLVQPGGSLRLSCAASGSIASIHAMGWFRQAPGKEREFVAAISRSGGFGSYADSVKGRFTISADNSKNTAYLQMNSLKPEDTAVYYCARDDKYYDSSGYPAYFQHWGQGTLVTVSS
seq7595,QVQLQESGGGLVQAGDSLRLSCAASGRTFSINYMGWYRQAPGKQRELVAAITSGSGSTNYADSVKGRFTISRDNAKKTMYLQMNSLKPEDTAVYYCNADMDSSLSGGYVDVWGQGTQVTVSS
seq7596,EVQLVESGGGLVQAGGSLRLSCVISGRTSPTYPMGWFRQSPGNEREFVASINWSGGWRNYADSVKGRFTISRDDAKNTVYLQMNSLKPEDTAVYYCARGQYSSGTPVYAHEYAYWGQGTQVTVSS
seq7597,QVQLEESGGGSVQAGETLRLSCTASGSTFGDSDMGWYRQAPGNACELVSIISSDGRTYYVDSVKGRFTISQDNAVSTVYLQMNSLKPEDTGVYYCAADLRQYCRDGRCCGYWGQGTQVTVSS
seq7598,QVQLVESGGGLVQAGGSLRLSCATSGLTLSSYYIAWYRQAPGREREFVAQIRWSDDSTYYPGSVKGRFTISRDNARNTVYLRMDNLKPEDTARYYCDARKVGGPDYWGQGTQVTVSS
seq7599,VKLEESGGGLVQAGGSLRLSCVASGTIVSISTMGWYRQAPGKQRELVATITRRGRTNYTDSVKGRFTISRDNAKNTVYLQMNSLKPEDTAVYYCNAEVQLDIWASAYDYWGQGTQVTVAS
seq7600,EVQLVESGGGLVQPGGSLRLSCAASGEVYKINFLGWYRQAPGKEREKVAHITIADAADYADFAKGRFTISRDEAKNMVYLQMNSLRPEDTAVYFCRAGSRIWPYDYWGQGTLVTVSS
seq7601,QVQLQDSGGGLVQAGGSLRLSCAGVGRTISPYNMGWFRQALGKERDFVAAIRWSGSDTNYADSVKGRFTISRDNARNTVYLQMNNLNPEDTAVYYCAAGGDVFGSALTYHHWGQGTQVTVSS
seq7602,EELLVESGGGSVQAGGSLKLSCAASGLTLDDYAIGWFRQAPGKEREGVSSIRDNDGSTYYADSVKGRFTISSDNDKNTVYLQMNSLKPEDTAVYYCAAVPAGRLRFGEQWYPIYEYDAWGQGTLVTVSS
seq7603,DVQLQESGGGLVQAGGSLRLSCAASGATGSTYDMGWFRQAPGKERESVAAINWGSAGTYYASSVRGRFTISRDNAKKTVYLQMNSLKPEDTAVYTCGAGRIGRSVFNLRRESWVTWWGQGTQVTVSS
seq7604,EVQLVESGGGLVQPGGSLRLSCAASGFTLDTYAIGWFRQAPGKEREGVSCISKIDEQRYYLDSVKGRFTISRDNAKNTVYLQMNSLKPEDTAVYYCATPRSQYYCHNGAIGYDRWGQGTQVTVSS
seq7605,QVQLVESGGGLVQAGGSLRLSCAASGVTLDYTAIGWFRQAPGKERELVAAITSGGNTDYAESAKGRFRISRDNSKNTIYLQMNSLKPEDTGVYYCAARRGGARGEYDYWDQGTQVTVSS
seq7606,LQLVESGGGLVQPGGSLRVSCTASGFTFNTYYMTWVRQAPGKGLEWVSDINSGGGTYYADSVKGRFTISRDNAKNTLYLQMNSLKPEDTALYYCVRVRIWPVGYDYWGQGTQVTVSS
seq7607,QVQLQESGGGLVQAGGSLRLSCAASGRTFSNYNMGWFRQAPGKEREFVAAIDWSGGSPYYAASVRGRFTISRDNAENTVYLQMNSLKPEDTAVYYCAAPLSYGSTWLADYWGQGTQVTVSS
seq7608,VQLVESGGGLMQAGGSLRLSCAVSGRTFSTAAMGWFRQAPGKEREFVAAIRWSGGSAYYADSVKGRFTISRDKAKNTVYLQMNSLKYEDTAVYYCAIFSNVRSLLSDYATWPYDYWGQGTQVTVSS
seq7609,EVQQVESGGGLVQAGGSLRLSCTASGRAFSSTAVGWFRQAPGKERELVTAINWSGARTYYADSVKGRFTISRDNAKNTVYLQMNSLKPEDTAVYYCAAGSDRYARVLTDYEYVWWGQGTQVTVSS
seq7610,EVQLVESGGGSVQAGGSLRLSCTASGRALSSAVVGWFRQAPGKEREFVTAINWSGARTYYADSVKGRFTISRDNAKNTVYLQMDSLKSEDTAVYYCASASDRYARPLDEYEYVSWGQGTQVTVSS
seq7611,EVQLVESGGGLVQAGGPLRLSCAASGSFFRVNNMAWYRQAPGKQRELVADITRGDRTNYADSVNGRFTISRDNVRNTVYLQMNGLKPEDTAVYYCYARIELGVLEPRDYWGQGTQVTVSS
seq7612,QVQLQESGGGLMQPGGSLRLSCTASGNIVNIRDMGWYRQVPGKQRELVATITSDQSTNYADSVKGRFTTTRDNAKKTVYLQMDSLKPEDTAGYYCNARVRTVLRGWRDYWGQGTQVTVSS
seq7613,QVKLEESGGGVVQVGGSLRLTCAASGRTSRSYGMGWFRQAPGKEREFVSGISWRGDSTGYADSVKGRFTISRDNAKNTVDLQMNSLRAEDTAVYYCAAAAGSAWYGTLYEYDYWGQGTQVTV
seq7614,EVQLVESGGGLVQPGGSLRLSCAASGFTFDDYAIGWFRQAPGEEREGVSSISSTYGLTYYADSVKGRFTISRDNSKNTVYLQMNNLKPEDTAVYYCAATPIERLGLDAYEYDYWGQGTLVTVSS
seq7615,EVQLVESGGGLVQAGGSLRLSCAASGRTFSRAAMGWFRQAPGKEREFVGCALSSAGSALTADSVKGRFTISRDNAKNMVYLQMNNLKPEDTAVYSCVAGGYCTRAGVYPYWGQGTLVTVSS
seq7616,QVQLQESGGGLVQAGGSLRLSCAVSGNTLSRYAMGWFRQTPGKEREFVAAIRWNNGATYYADSVEGRFTISRDSGKNTVYLQMNNLQPEDTAVYYCAGRFLGYASSNAYHEALYNYDYWGQGTQVTVSS
seq7617,EVQLVESGGALVKAGGSLRLSCAVSGTSVSDNGMGWGRQAPGKQRELVAVLTSGGATNYAPSVKGRFTISRDNAKNAVYLQMNNLKPEDTAVYYCAADTAARSLYSDPFDVWGQGTQVTVSS
seq7618,EVQLVESGGGLVQAGGSLRLSCAASGFTFDDYDIGWVRQAPGKEREWVSGISSSDGNTYYADSVKGRFTISRDNAKNTVYLQMNSLRPEDTAVYYCAAEPPDSSWYLDGSPEFFKYWGQGTLVTVSS
seq7619,QVQLVESGGGSVQAGGSLRLSCSASGFDGIHCMAWYRLAPGTEREGVATFSSGGRTAYADSVKGRFTISRDNTKNTVFLQMNSLKPEDTAIYLCAANPFRCDWSYVPPATAFLYWGQGTQVTVSS
seq7620,ELQLVESGGGLVEPGGSLRLSCAASGFTFSNYAMTWVRQAPGKGLEWVSAINSGGGSTYYGDAVKGRFTISRDNAKNTLYLQINSLKPEDTAVYYCAKVGGLGYVDYWGQGTQVTVSS
seq7621,EVQLVESGGGLVQPGRSLTLSCAASTNIASISPMGWYRQAPGKQRELVAAIHGTSTLYADSVKGRFTISRDNAKNSIYLQMNSLRPEDTALYYCNKVPWGDYHPGNVYWGQGTQVTVSS
seq7622,QVQLQESGGGLVQTGGSLRLSCAASGRTFGGYAMAWFRQAPGKGREFVAAVTWSSGTTNYAGSVKDRFTVSRDNGNNTMYLQMNSLKPEDTAVYICGVASGYRSTDRLSEPGWINYWGQGTQVTVSS
seq7623,QVQLQESGGGSVQAGGSLRLSCAASGYAYTSDCMGWFRQTPGKEREGVALIYTPGNSTNYADSVKGRFTISQDNVKNTVYLQMNSLKPEDTAMYYCAARRGACSLRLPFFYWGQGTQVTVSS
seq7624,EVQLVESGGGLVQTGGSLRLSCAASGSIFMILAMGWYRQAPGKQRELVTTIIRDGKTYYSDSVKDRFTISRDNAKNTAYLQMNSLKPEDTAVYYCYTKVIVMGAGMDDNDFFGQGTQVTVSS
seq7625,EVQLVESGGGLVQPGGSLRLSCAASGSAFRSTVMGWFRQAPGKEREFVAAVIGSSGITDYADSVKGRFTISADNSKNTAYLQMNSLKPEDTAVYYCARGDWRYGWGQGTLVTVSS
seq7626,EVQLVESGGGLVQPGGSLRLSCAASGLTFTLYTMGWFRQAPGKEREFVAAISASGGTTYYADSVKGRFALSRDNAKNTVFLQMNTLKPEDTAEYLCAAAFRGFAINTPTSYNYWGQGTQVTVSS
seq7627,AVQLVESGGGLVQPGGSLRLSCAASGSIFSSTAMAWYRQAPGKRRDLVAAISTVGVTKYADSVKGRFTISRDNSKNTVYLQMNSLRPEDTAVYYCTSDPRRGWDTRYWGQGTLVTVSS
seq7628,EVQLVESGGGSVQAGESLRLSCAASGSIFSSNAMAWYRQAPGKQRDLVAGINSVGITKYADSVKGRFTISRDNAKNTVYLQMNSLKPEDTAVYYCTSDPRRGWDTRYWGQGTQVTVSS
seq7629,EVQLVESGGGLVQAGGSLRLSCTASGRTFSDYDMGWFRQAPGKEREFVAVIDTNGGHTLTVGSVKGRFAISSDNAKNTVYLQMNSLVPEDTAVYTCAAGAWSSLRKTAASYWGQGTQVTVSS
seq7630,EVQLVESGGGLVQAGGSLRLSCAVSGRTFTSYDMAWFRQAPGKERESVAAIRWTGSSTYYADSVKGRFTISRDNAKSTVYLQMNSLKPEDTAVYYCAARDTGRYRSRTYDYWGQGTQVTVSS
seq7631,QVQLQEFGGGLVQPGGFLRFSCAASGSIFRANAMGWYRQAPGKERELVARITSGGIPNYADSVTGRFTISRDNAENTVYLQMNSLKPEDTAVYYCKGIRNKTWFPGMDYWGKETLVTVSE
seq7632,EVQLVESGGGLVQPGGSLRLSCAASGFTFGSYDMSWVRRSPGKGPEWVSAINSGGGSTYYTDYVKGRFTISRDNAKNTLYLQMNSLKPEDTAVYYCAADRYIWARQGEYWGAYVYDYWGQGTQVTVSS
seq7633,EVQLVESGGGLVQAGGSLSLSCTASVGNFRNFGMGWFRQAQGKEREFVAAISRSGGHTYYSDSVKGRFTISRDNAKNMVSLQMNSLKPEDTAVYYCAARFRFDDGTYYYQRAFYDFWGQGTQVTVSS
seq7634,EVQLVESGGGLVQAGGSLRLSCAASGSTFSSYAMGWYRQAPGKQRELVAAISNGGSTNYVDSVKGRFTISRDNAKNTVYLQMNSLKPEDTAVYYCFYSGSYYYPTDVHEYDYWGQGTQVTVSS
seq7635,VQLQESGGGLVQAGGSLRLSCAASGRTFSTYPVGWFRQAPGKEREFVAVILWSGVSTYYADSVKGRFTISRDNAQNTVYLQMDSLKPEDTAVYYCAVPRSHFTTAQDMGQDMGAPSWYEYWGQGTQVTVSS
seq7636,QVQLQESGGGLVQTGGTLRLSCTASGNTNGIHDMGWFRQAPGNQRELVATISSGGTIRYADYVKGRFAISRDNAETTVYLQMNSLKPEDTAVYYCYVDRAWVNYWGQGTQVTVSS
seq7637,QVQLVESGGGLVQPGGSLRLSCAASTSGFSFSDYYVNWFRQPPGKQHEVVASINPNGFTNYADSVKGRFTISRDNVKNAVYLQMNSLKPEDTALYYCHAVRISGGANYWGPGTQVTVSS
seq7638,EVQLVESGGGLVQAGGSLRLSCVTSGIIFSNNAMGWYRQGPGKKRDLVASIGSTYSTNYADSVKGRFTVSRDNDKNTGYLQMNSLKPEDTGVYYCTIDARRGWNTAYWGQGTPVTVSS
seq7639,EVQLLESGGGLVQPGGSLRLSCAASGRYIDETAVAWFRQAPGKEREFVAGIGGGVDITTYADSVKGRFTISRDNSKNTLYLQMNSLRPEDTAVYYCAARPGRPLITSKVADLYPYWGQGTLVTVSS
seq7640,EVQLVESGGGLVQTGGSLRLSCAASGSTVNINAMGWYRQAPGKQRELVAIINKRGVTNYADSTEGRFTISRDNSKRTLYLQMNSLKPEDTAVYYCNAVVGRYGRTYGYWGQGTQVTVSS
seq7641,EVQLVESGGGLVQPGGSLRLSCAASGFTFDDYAIGWFRQAPGKEREGVSSISSTYGLTYYADSVKGRFTISRDNSKNTVYLQMNSLKPEDTAVYYCAATPIERLGLDAYEYDYWGQGTLVTVSS
seq7642,EVQLLESGGGLVQPGGSLRLSCAHSGPTFRTDTMGWFRQAPGKGREFVAAVTWNSGRINYADSVKGRFTISRDNSKNTVYLQMSSLRPEDTAVYYCAAHRFVVGGNRVEDWRYWGQGTLVTVSS
seq7643,EVQLVESGGGSVQAGGSLRLSCAASGFTNSDRCMGWFRQTPGKEREGVASINFDGDIIYYADSVKDRFLISRDNAKSTLYLQMNSLKPEDTAIYYCAARQFSVCAGALMPSAYDDWGQGTQVTVSS
seq7644,EVQLVESGGGLVQAGGFLRLSCELRGRTFNQYAMAWFRQAPGKEREFVAGMGAVPHYGEFVKGRFTISRDNAKSTVYLQMSSLKPEDTAIYFCARSKSTYISYNSNGYDYWGRGTQVTVSS
seq7645,VQLAESGGGLVQAGGSLTLSCAASGLNFDKYAIGWYRQAPGKEREGVSCISKYYNHRMYSDSVKGRFTVSSNYAKNTVYLQMTNLKPEDTAVYYCAAGCIDPEDWGQGTQVTVSS
seq7646,EVQLVESGGGLVQPGDSLRLSCEVSGRTFSSYSMGWFRQAPGKEREFVVAISKGGYKYDSVSLEGRFTISKDNAKNTVYLQINSLRPEDTAVYYCASSRAYGSSRLRLADTYEYWGQGTLVTVSS
seq7647,EVQLVESGGGLVQPGGSLRLSCAASGFTLDDYAIGWFRQAPGKEREGVSSIRDNDGSTYYADSVKGRFTISRDNAKNTVYLQMNSLRPEDTAVYYCAAVPAGRLRFGEQWYPLYEYDAWGQGTLVTVSS
seq7648,EVQLVESGGGLVQPGGSLRLSCETSRHTLDHYAIGWFRQAPGKEGEGVACISTNTYYADSVKGRFSISRDNAKNTVYLQMNDLKPEDTAVYHCATTGSGYCTLRAFASWGQGTQVTVSS
seq7649,QVQLQESGGGLVQPGGSLRLSCALSGFTSTIYAMSWVRQAPGKGLEWVSTINSDGGYRYYADSVKGRFTISRDNAKNTLYLQLNSPKTEDTAMYYCARCSDIYCYNGPSYRGQGTQVTVSS
seq7650,EVQLVETGGGSVQAGGSLRLSCAASGVSNTDMIMIWFRQAPGKEREGVLAAIYKNSTYYADSVKGRFTISQDNAKNTVYLQMNSLKPEDTAIYYCAAIRAVIGRHIRPHIYWGQGTQVTVGG
seq7651,EVQLVESGGGLVQAGESLRLSCAAGRTFTNLGMGWFRQAPGKEREFVAADTWSGTSTWYGDSVKGRFTISRDNAKNTVYLQMNNLKPEDTAVYYCAARLRGWITTRKPNEYDYWGQGTQVTVAS
seq7652,EVQLVESGGGLVRAGGSLRLSCAASGLTFSSYAMGWFRQAPGKEREFVAAVNWSGRRELYADSVKGRFTISRDNAKNTVYLQMDSLKPEDTAVLYCAARENRYSFNYGDINQYNYWGQGTQVTVSS
seq7653,IRLLVESGGGLAQPGGSLRLSCAASGVQEGLDGMGWYRQAPGKQPELVAGISSTNIPNYSKSVKGRFTISRDNAKNTVYLQMNSLKPEDTAVYYCNADKRGPVITVYWGKGTQVTVSS
seq7654,EVQLVESGGGLVQPGGSLRLSCITSGETFKVNIWGWYRQGPGKQRELVASLTIGGATNYADSVKGRFTISEDSAKNTVYLQMNSLKPEDTAVYFCNAKSRLYPYDYWGRGTQVTVSS
seq7655,QVQLQESGGGLVQAGGSLRLSCAVSGNTLSRYAMGWFRQTPGKEREFVAAIRWNNGATYYADSVKGRFTISRDNGKNTVYLQMNNLQPEDTAVYYCAGRFLGYASSNAYHEALYNYDYWGQGTQVTVSS
seq7656,EVQLVESGGGLVQAGGSLRLSCAASGRTFSSYGMGWFRQAPGKEREFVAGISWTLGRTYYADSVKGRFTISGDNAKNTVYLQMNSLKPEDTAIYYCASDESDAYNYWGQGTQVTVSS
seq7657,QVQLQESGGGSVQTGGSLRLSCAASPSIYSANYMAWFSQAPGKGREGVAAVYIGDGRPYYADSVKGRFTISLDSAKSTVYLQMNSLKPEDTAMYYCAAAPGPLSHNYWYTSANYDYWGQGTQVTVSS
seq7658,EVQLVESGGGLVQPGGSLRLSCAASGSIFSRNAMGWFRQAPGKEREFVAAIRWSGKETWYADSVKGRFTISADNSKNTAYLQMNSLKPEDTAVYYCAKTKRTGIFTTARMVDWGQGTLVTVSS
seq7659,QVQLQESGGGLVQPGGSLRLSCAASGFTFSSYWMYWFRQAPGKGLERVSAINFGGDVTYYTDSVKGRFTISRDNAKNTLYLQMNSLKSEDTAVYYCTKGLSPYRDLESSGSRGQGTQVTVSS
seq7660,QVQLQESGGGLVQAGGSLRLSCAASGRTFSTYAMGWFRQAPGKERELVAAISNGGSAYYADSVKGRFTISRDNARNTVYLQTNSLKPEDTAVYYCAARRGSAYYTNRIDWPYWGQGTQVTVSS
seq7661,QVQLVESGGGLVQAGGSLRLSCAASGRAFSSYAMGWFRQAPGKERELVAAISWSDDSTYYANSVKGRFTISRDNAKSAVYLQMNSLKPEDTAVYYCAAHKSLQRPDEYTYWGQGTQVTV
seq7662,QVQLVESGGGLVQPGGSLRLSCAASGFSLDYYGVGWFRQAPGKEREGVSCISSSDGDTYYADSVKGRFTISRDNAKNTVYLQMNSLKPEDTAVYYCATDLSDYGVCSRWPSPYDYWGQGTQVTVSS
seq7663,DVQLVESGGGVVQPGGSLRLSCAASGSIFSIDSMGWYRQAPGKQRELVAAITSSTNYADSVKGRFTISRDNSKNTVYLQMNSLRPEDTALYYCNLEGQAGWGTALINYWGQGTLVTVSS
seq7664,QVQLVQSGGGLVQAGGSLRLSCTASGSIFSINHMAWYRQAPGKQREMVAHITGGASTKYADSVKGRFTISRDSALNTVSLRMNSLKPEDTAVYYCNAEVNEGWNADYYDVWGQGTQVTVSS
seq7665,QVQLQESGGGLVQAGGSLRLSCAASGSMFNINAMGWYRQAPGKQREWVATISSGGITYYDDSVKGRFTISRDNAKNTVHLQMNSLKPEDTAVYFCNAENRLGDDYWGQGTQVTVSS
seq7666,QVQLVESGGGLVQAGGSLRLSCAASGRTFSSYAMGWFRQAPGKEREFVAAISWSGGSTYYADSVKGRFTISRDDARNTVTLLMNSLKPEDTAVYFCNAWSLEEQYWGQGTQVTVSS
seq7667,EVQLVESGGGLVQAGGSLRLSCAASGGTFSFYGMGWFRQAPGKEQEFVADIRTSAGRTYYADSVKGRFTISRDNAKNTVYLQMNSLKPEDTALYYCAAEMSGISGWDYWGQGTQVQVSS
seq7668,EVQLVESGGGLVQPGGSLRLSCAASGFTFDDYAIGWFRQAPGEEREGVSSISSTYGLTYYADPVKGRFTISSDNSKNTVYLQMNSLRPEDTAVYYCAATPIGLIGLDAYEYDYWGQGTLVTVSS
seq7669,EVQLVESGGGLVQPGGSLRLSCAASGFTLDYYAIGWFRQAPGKEREGVSCISSWDGSTYYADSVKGRFTISRDNAKNTVYLQMNSLKPEDTAVYYCATDLTDSLCSYYDYMRPENDYWGQGTQVTVSS
seq7670,QVQLVESGGGSVQAGGSLRLSCSVSGFTACRYDMSWYRQAPGKEREFVSSIHWDGSTVYADSVKGRFTISQDNAKSTVYLQMNNLKPEDTAMYYCKIDSGSYRTFWCRDDNVHWGQGTQVTVSS
seq7671,QVQLQESGGGLVQAGGSLRLSCAASTRFFSNYAMGWFRQAPGKEREFVAAISRDGAVPLSGNSVPGRFTISRDNAKNTLYLQMNSLKPEDSAVYYCAASRQGNPYAQTSYDYWGQGTQVTVSS
seq7672,LQESGGGLVQAGGSLRLSCAASGIIFSLNHMGWYRQAPGKQRELVALIHTGGGTYYADSVKGRFSISRDNAKNTVYLQMNSLKPEDTAVYYCNSRAVDELLTMNWGQGTQVT
seq7673,QVQLQESGGGLVQAGGSLRLSCAASASALRMGWYRQAPGESRELVATIDNAGKTNYADSVKGRFTIAKDSAKNTVYLQMNSLKPGDTAVYYCQAHRWTFDGWQDYWGQGTQVTVSS
seq7674,EVQLVESGGGLVQAGGSLRLSCVASGISSSIRNMGWYRQAPGKQRESVATISSGGNKDYTDAVKDRFTISRDTTKNTVYLQMNSLKPEDTAVYYCKIEAGTGWATRRGYTYWGQGTQVTVSS
seq7675,VQLVESGGGLVQPGGSLRLSCAASGSTFGDSDMGWYRQAPGKGCELVSIISSDGRTYYVDSVKGRFTISQDNAKNTVYLQMNSLRPEDTAVYYCAADLRLNCRDGRCCGYWGQGTLV
seq7676,EVQLVESGGGLVQPGGSLRLSCAASGSIFSINDMGWFRQAPGKEREHAALIRFKDGSIYYADSVKGRFTISRDNAKNTVYLQMNSLKPEDTAVYYCAAKTGTSFVYWGQGTQVTVSS
seq7677,QVQLVESGGGLVQAGGSLRLSCAASGSIFSINAMGWYRQAPGKQRERVAAITSGGSTNYADSVKGRFTISRDNAKNTVYLQMNNLEPRDAGVYYCVVDLYGEDYWIWGQGTQVTVSS
seq7678,QVQLQESGGGSVQAGGSLRLSCTASSNTGRMGWFRQAPGKEREGVTAVDNFGRTNYAKYVKGRFTISKDNAKNTLYLQMNSLKPEDTAMYYCAADPWGRGAALTPNEYIYWGQGTQVTVSS
seq7679,EVQLVESGGGLVQPGGSLRLSCAASGSILSIHYMGWFRQAPGKQRELVAGIPTGGTTNYADSVKGRFTMSRDNAKNTVDLQMNTMKPEDTAVYYCNAWISSERESRWLNYWGQGTQVTVSS
seq7680,QVQLVESGGGLVQAGGSLRLSCAASGRTIYGYVMGWFRQAPGKEREFVARIDWSGSSTDYADSVKGRFTISRDNAKNTVYLQMNSLKPEDTAVYYCAGSAYYSGYVTHRDFGSWGQGTQVTVSS
seq7681,QVQLQESGGGLVQAGDSLRLSCAASGRTFNSLTMAWFRQAPGKDRDFVSVVNWDGDRTNYADSVKGRFTIFRDNAKNTVYLQMNGLKPDDTAIYRCAARWDYGLWRPSTYNYAYWGQGTQVIVSS
seq7682,EVQLVESGGGLVQAGGSLRLSCAASGLTFSNYVMGWFRQAPGKERESVAAINWDSARTYYADSVKGRFTISADNAKNTVYLQMNSLKPEDTAVYYCASAGRWGQGTQVTVSS
seq7683,EVQLVESGGGLVQAGGSLRLSCAASGRAFSSGTMGWFRRAPGKEREFVASIPWSGGRIYYADSVKGRFTISRDNAQNTVYLQMNSLKPEDTAVYYCAVKERSTGWDFASWGQCTQVTVSS
seq7684,EVQLVESGGGLVQAGGSLRLSCAASGRTFASYAMGWFRQAPGKERTFVAAISWSGSSTTYADSVKGRFTISRDNAKNTMYLQMNSLKPEDTAVYYCARLRNSNWQIADYWGQGIQVTVSS
seq7685,EVQLVESGGGLMQTGGSLRLSCAASGVTYSYYTASWFRQAPGKGREFVAAISPSGNTYYADSVKGRFTISRDNGKHTLYLQMNSLRPEDTAVYFCAIRATDSIYYASSYRHWGQGTLVTVSS
seq7686,EVQLQASGGGSVQAGGSLRLSCAASGGQTFDSYAMAWFRQAPGKECELVSSIIGDDNRNYADSVKGRFTISRDNAKNTVYLQMDRLNPEDTAVYYCAQLGSARSAMYCAGQGTQVTVSS
seq7687,QVQLQESGGGLVQAGGSLRLSCAATGDISSINAMGWHRPARGNERELVAAITNGGRTTYVDSVKGRFTISRDNAKNTVYLQMNSLKPEDTAVYFCKAYTRDEDYWGQGTQVTVSS
seq7688,QVQLVESGGGVVQPGGSLRLSCAASGLTLSQYTMGWFRQAPGKERELVAAIHWTSSVTDYADSVMGRFTISRDDSKNTGYLQMNSLRAEDTAVYYCAATWYYTHRGPFDYWGQGTLVTVSS
seq7689,EVQLVESGGGLVQAGGSLRLSCAVSGGTFESDTMAWFRQAPGKEREFVARVSWIRTTYYSDSVKGRFTISKDNAKNTVYLQMNSLKPEDTAVYYCAAQTLGRSLYDYWGQGTQVTVSS
seq7690,QVKLEESGGGLVQAGGSLRLSCAASERTFSRYPVAWFRQAPGAEREFVAVISSTGRSTYYADSVKGRFTISRDNAKVTVYLQMNNLKREDTAVYFCAVNSQRRRLQDPNEYDYWGQGTQVTVSS
seq7691,LQESGGGLVQAGGSLSLSCATSGRASSSYAMGWFRQAPGEEREFVAAISWSGGYTYYADSVKGRFTISRDNAKNTVYLQMNSLKPEDTAVYYCVARDYRLWSPYQYDYDYWGQGTQVT
seq7692,QVQLQESGGGLVQAGGSLRLSCADSGSTFGLGAMGWYRQSPGKQRELVASITSGGRTNYADSVKGRFTISRVGAKRTVYLQMNSLKPEDTAVYVCNARFGIRDFWGQGTQVTVSS
seq7693,VQLQESGGGSVQAGGSLRLSCAVSGYSISNYCMGWFRQPPGKEREGVANIDTWGVTSYTDSVKGRFTISKDNAKNTLYLQMNSLKPEDTALYYCARRQFVNCGTLAPVNYVNWGQGTQVTVSS
seq7694,QVQLVESGGGLVRAGDSLRLSCAASGRTNSTVAMGWFRQTPGKEREFVAVIVWSNGYSHYADSVKDRFSISRNKARNTVYLQLNSLKPEDTAVYYCALDIRDSEITVQQKYWGMGTQVTVSS
seq7695,EVQLVESGGGLVQPGRSLTLSCAASTNIFSSSPMGWYRQAPGKQRELVAAIHGFSTLYADSVKGRFTISRDNAKNSIYLQMNSLRPEDTALYYCNKVPWGDYHPRNVYWGQGTQVTVSS
seq7696,QVQLVESGGGLVQAGGSLRLSCAFSGTTYTFDLMSWYRQAPGKQRTVVASISSDGRTSYADSVRGRFTISGENGKNTVYLQMNSLKLEDTAVYYCLGQRSGVRAFWGQGTQVTVSS
seq7697,EVQLVESGGGLVQAGGSLRLFCAASGFTFGTSNMAWLRQAPGKRREWVALITISGYTDYAHSVKDRFTISRDNAKNTVSLQMNSLKPEDTAIYFCARRVGSEYDLWGQGTQVTVSS
seq7698,GGGLVQAGGSLRLSCAGSGRSFSAAVMGWFRQAPGKEREFVAALRQIIGSTHYADSVKGRFTISRDNAKNMLYLDMNSLKPTDTAAYYCTAGPPTMLDVSTDREYDTWGQGTQVTVSS
seq7699,EVQLVESGGGSVQAGESLRLTCMSSGHAFATNTMAWFRLVAGKEREFVAAASRGIETALYADSVRGRFTISRDNAKNTVYLQMNSLKSEDTAVYYCAQSIDRTGYSLGNIRSYSYWGQGTQVTVSS
seq7700,VQLQESGGGLAQAGNSLRISCVASGNTFDTRAMGWFRQAPGKEREFVAAISRSSFNTYYSDSVTGRFTISRDNAKNTVYLQMNSLKPEDTAVYYCAAGKYGMKWRDGADYWGQGTQVTVSS
seq7701,QVKLEESGGGLVQAGGSLRLSCAASGRTFNTLSMGWFRQAPGKEREFVCAVSRSGGSTYYADSVKGRFTCSRDNAKNTVYLQMNSLKPEDTAVYYCAAAATKSNTTAYRLSFDYWGQGTQVTVSS
seq7702,QVQLQQSGGGLVQPGGFLKFSCAASSSSISFDAMGWYRPAPGKQRELVATIFSDGTTDYSDSVKGRFTISREYAKNTVHLQMNSLKPEDTAVYYCNALHLPTSTTDTGYSFWGEGTQVTVSS
seq7703,QVQLQESGGGSVQAGGSLRLSCTTSGYTLRPYCMGWFRQAPGKEREGVATITRSGDRTSYADAVKGRFTISQDTAKNTVYLQMNNLKSEDAANYYCAASFNYRPTYVTCNSRTAEYNFWGQGTQVTVSS
seq7704,QVQLVESGGGLVQPGGSLRLSCATSGGTFSSYAMGWFRQAPGKEREFVAAITWNGSNRYYADSVKGRFTISRDNAKSTVYLQMNSLKPEDTAVYYCAAEHSTRYSGFYYYTRGETYHYWGQGTQVTVSG
seq7705,EVQLVESGGGLVQPGGSLTLSCAASGTMSAINALNWYRQPPGKERKMVAAITDNGNAHYADSVKGRFTISRDNARNMVFLQMNSLKPDDTAVYYCHYLEKEKLGVWVDYWGQGTQVTVSS
seq7706,EVQLVESGGGLVQPGGSLKLSCAASGAGFNDYAIGWFRQAPGKEREGVSYIGCLDGAQYYAGSVKGRFTISCDYAKNTVYLQMNSLKPEDTAVYYCAAAEQWNTIRWVHEYDYGDWGQGTQVTVSS
seq7707,EVQLVESGGGLVQPGGSLRLSCAVSGGTFSSIGMGWFRQAPGKGLEFVGAISRSGDSTYYADSVKGRFTISRDGSKNTVYLQMNSLKDEDTAVYYCAGRPAGTAINIRRSYNYWGQGTQVTVSS
seq7708,QVKLEESGGGLVQPGGSLRLSCAASGFTFSNYWMYWVRQAPGKGLEWVSTISPRAANTYYADSVKGRFTISRDNAKNTLYLQMNSLEPDDTALYYCAKSLRYRDRPQSSDFLFWRQGTQVTVSS
seq7709,EVQLVESGGGLVQPGGSLTLSCVASGNTSSINAMGWYRRAPGKQRELVAGISSDGSRVYADSVKGRFTISRDNAKNSVYLQMNSLRAEDTAVYYCYYFRTVSGSSMRSWGQGTLVTVSS
seq7710,QVQLQESGGGLVQAGGSLRLSCTASGSIFSINHMAWYRQAPGKQREMVAHITGGASTKYADSVKGRFTISRDSALNTVSLRMNSLKPEDTAVYYCNAEVNEGWNADYYDVWGQGTQVTVS
seq7711,EVQLVESEGGLVQAGGSLRLSCAASGSTFSSYAMGWYRQAPGKQRELVAVISNGGITNYPNSVKGRFTISRDNAKNTVYLQMNSLKPEDTAVYYCFYSGSYYYPTDVHEYDYWGQGTQVTVSS
seq7712,EVQLVESGGGWVQAGGSLRLACAASGTTFSIDDMAWYRQAPGEQRELVAIISSHGSTNYADSVKGRFTISRDNAKNTLYLQMNSLKPEDTAVYSCWARDNLSTYSGRGTQVTVSS
seq7713,EVQLVESGGGLVQPGGSLRLSCAASGGTFSMGWIRWVPQAQGKELEFMGCIGWITYYADYAKSRFSLFTDNADNTKNPPNMHMNPQKPEDTAVYYCAPFGWGQGTLVTVSS
seq7714,DVQLVESGGGVVQPGGSLRLSCTASGFTFSTADMGWFRQAPGKGREFVARISGIDGTTYYDEPVKGRFTISRDNAKNTVYLQMNSLRPEDTALYYCRSPRYADQWSAYDYWGQGTLVTVSS
seq7715,EVQLVESGGGLVQPGGSLTLSCAASYSSVSRLSMAWYRQAPGKKRELVAGISADGSTVYIDSVKGRFTISRDNAKNSVYLQMNSLRAEDTAVYYCYAYRWTTRNTYWGQGTLVTVSS
seq7716,VQLQESGGGSAQAGGSLRLSCTAPGFTSNTCAMAWYRQAPGKEREFVSSRSTVGTTGYADSVKGRFTISKDEAKDTVYLQMNSLKPEDTAMYFCKTYACRNCIGRHCRTAPDAWGQGTQVTVSS
seq7717,EVQLVESGGGLVQPGGSLTLSCVASGSTSSINAMGWYRRAPGKQRELVAGISSDGSRVYFDSVKGRFTISRDNAKNSVYLQMNSLRAEDTAVYYCYYFKTIAGAGMRYWGQGTLVTVSS
seq7718,VQLQESGGGSVQAGGSLRLSCAVSGFISSRRCMGWFRQAPGKERVGVANITGTGNTYLADSVKGRFTISQNNAKSTVYLQMNSLKPEDTAMYYCAADSFPTCTVVASSGAFQYWGQGTQVTVSS
seq7719,EVQLVESGGGLVQPGGSLRLSCAASGGTFSFYGMGWFRQAPGKGQEFVADIRTSAGRTYYADSVKGRFTISRDNAKNSLYLQMNSLRPEDTAVYYCAAEMSGISGWDYWGQGTLVTVSS
seq7720,QVQLQESGGGLVQAGGSLRLSCAASGFIFRAASISWYRQSPGNERELVATINSGGFTNYADSVLGRFTISRDNAKNTGYLQMNSLKPEDTAVYFCAATFLRSDGQPPIWGQGTQVTVSS
seq7721,EVQLQASGGGLVQPGGSLRLSCTASGFTDDYYAIGWFRQAPGKEREGVSCITNFDGGTYYADSVKSRFTMSRDNAKNTVYLQMNSLKPEDTAVYYCAADKGLCSWLRAGGKVTFGSWGQGTQVTVSS
seq7722,EVQLVESGGGLVQAGGSLSLSCTASGGTFRNFGMGWFRQAQGKEREFVAAISRTGGHTYYQDSVKGRFTISKDNAKNILSLQMNSLKPEDTAVYYCAARFRFGDGTYYYQRAFYDFWGQGTLVTVSS
seq7723,VQLQESGGGSVQAGGSLRLSCTVSGTIFSVTVMGWYRQAPGKQRELVAGFTNTRNTNYVDSVKGRFTISKDSAKNTMYLQMNSLKPEDTAVYYCNVRRWGGTNWNDYWGQGTQVTVSS
seq7724,GLVQAGGSLRLSCAASGRTFSSYAMGWFRQAPGKEREFVAAISWSGGSTYYADSVKGRFTISRDNAKNTVYLQMNSLKPEDTAVYYCATKHSGRRDGMDYWGKGT
seq7725,ESGGGSVQVGGSLRLSCVASTHTDSSTCIGWFRQAPGKEREGVASIYFGDGGTNYRDSVKGRFTISQLNAQNTVYLQMNSLKPEDSAMYYCAITEIEWYGCNLRTTFTRWGQGTQVTVSS
seq7726,LQQSGGGSVQPGGSLRLSCAASGPIISPNTMGWFRQAPGKQRELVATITYNGGTTYADSVKGRFTISRDNTKKMMSLQMNSLNPDDTAVYYCTLWSQWESETYWGQGTQVT
seq7727,QVQLQESGGGLVQAGGSLRLSCAASGRTFSSYNIGWFRQAPGKEREFVAAISWSGARTYYADSVKGRFTISRDNAKNTVYLQMNSLKPEDTAVYYCVAGRGWGTEAILDYWGQGTQVTVSS
seq7728,QVQLQASGGGLPGGSLRLSCTASGITSSLWTMGWFRQGPGKHRDLVGHVTRGGSTTIVDSVRDRFTISRDGNKNTIYLQMNDLKPEDTAVYYCNGGRNEGFLGGVNDYWGQGTQVG
seq7729,EVQLVESGGGLVQAGGSLRLSCAASGVTFDDYSIGWFRQAPGKEREGVSCISSSDGIPYYSDFVKGRFTTSIDNAKNTVYLQMNSLKPEDTAVYYCAAGFGRLCAEFDSWGQGTQVTVSS
seq7730,EVQLVESGGGLVQPGGSLRLSCAASGIIGTIRTMAWYRQAPGKQRDWVASIGTRGAPVYADSVNGRFTISRDGATNTVFLQMNNLKPEDTAVYYCRDVNRDYWGQGTQVTVSS
seq7731,QVQLQESGGGLVQAGGSLRLSCAASGRTFTVYTTGWFRQAPGKEREFVAAIDWSGSSTYYTDSVKGRFTISRDNTKNTVYLQMNSLKPEDTAVYYCAARDAIVGVTDTSGYRYWGQGTQVTVSS
seq7732,EVQLVESGGGLVQAGGSLRLSCTASGRTFSSYAMGWFRQTPGKEREFVAAITSSGGSTYYADSVKGRFTISRDNAKSTMYLQMDSLMLDDTSVYYCAADSSRPQYSDSALRRILSLSNSYPYWGQGTQVTVSS
seq7733,DVQLVESGGGSVQAGGSLRLSCAASGYIYSNNCISWFRQAPGKKLEGVATIYTGGGYTYYVDSVKGRFIISQDNAENTVYLQMNSLKPEDTAMYYCAADRVVAGICQNEYNYWGQGTQVTVSS
seq7734,EVQLVESGGGLVQPGGSLRLSCAASGSIFSINDMDWYRQAPGKQRELVAAITRGGSTNYADSVKGRFTISRDNAKNTVYLQMNSLKPEDTAVYYCNAEVSTETTGWRTWRDYWGQGTQVTVSS
seq7735,EVQLVESGGGLVQPGGSLRLSCAASGYTTSINTMGWFRQAPGKEREVVAAISRTGGSTYYADSVKGRFTISADNSKNTAYLQMNSLKPEDTAVYYCAASAIGSGALRRFEYDWGQGTLVTVSS
seq7736,VQLQASGGGLVQAGGSLRLSCAASGFKITHYTMGWFRQAPGKEREFVSRITWGGDNTFYSNSVKGRFTISRDNAKNTVYLQMNSLKPEDTADYYCAAGSTSTATPLRVDYWGKGTQVTVS
seq7737,QVHLMESGGGLVQTGGSLRLSCTASGFTFDRNAMRWYRQAPGKEREGVSCIDWTGANIAYADSVKGRFTISRDNAKNTLYLQMNSLKPEDTGMYYCAADTTSGYCSGFWSTSRYSWGQGTQVTVSS
seq7738,LQESGGGLVQAGGSLRLSCAASGLTFSRYYLAWFRQAPGKERELVATIGWYDYSTYYADSVKGRFTISRDNAKNTMYLQVNSLKPEDTAVYYCAGGRSLTDVPGSWSYWGQGTQVT
seq7739,QVQLQESGGGLVQAGESLRLSCAASVSIFRSYFMGWYRQAPGKQRELVAAITDGGRLAYADSAKGRFTISREDTRNTVHLQMSSLKAEDTAVYYCTIWTTDRQQYWGQGTQVTVSS
seq7740,QVQLVESGGGSVQVGGSLRLSCAASGFTYNSYSVGWFRQAPGKEREGVAAINSGGSSTYYAASVKGRFTISRDNAKNTVYLQMNSLKPEDTAMYYCAARSPSPLTFQTRTLREDSYNYWGQGTQVTVSS
seq7741,EVQLVESGGGEVQPGGSLRLSCAPSGSTFSSYHMSWFRQAPGKQREPVATSHHGGTTNYAGSVKGRFTISRDNAKNTVYLQMNTLRAEDTAVYYCKADHGYQGRGYWGQGTLVTVKP
seq7742,QVQLQESGGGLVQAGGSLRLSCAVSGNTLSRYAMGWFRQTPGKEREFVAAIRWNNGATYYADAVKGRFTISRDTGKNTVYLQMNNLKPEDTAVYYCAGRFLGYASSNAYHEALYNYDYWGQGTQVTVSS
seq7743,EVQLVESGGGLVQAGGSLRLSCAASGRTFSSYVMGWFRQAPGKEREFVSVINRSGGSTDYASSVKGRFTISRDNAKNTVYLEMTSLEPEDTAVYYCAAGEYYTGISSRYDYWGQGTPVTVSS
seq7744,EVKLQQSGGDLVQAGGSLRLSCAASGRTPYVMGWFRQARGKEREFVAAITSSFTRYLADSVKGRFAISRDNAKNTVYLQMNSLQPEDTAVYYCAAGSIVRPSTDAYDYWGQGTQVTVSS
seq7745,QVQLQESGGGSVQTGGSLRLSCTASTSIYSNSYMAWFSQAPGKGREGVAAVYIDDGRPYYADSVKGRFTISLDSAKNTVYLQMNSLKPEDTAMYYCAAAPGPLSRHYWYTSANYDYWGQGTQVTVSS
seq7746,EVQLVESGGGSVQAGGSLRLSCAASGVSNTDMIMIWFRQAPGKESEGVLAAIYKNSTYYADSVKGRFTISQDNAKNTVYLQMNSLKPEDTAIYYCAAIRAVIGRHIRPHIYWGQGTQVTVGG
seq7747,QVQLVESGGGLAQAGGSLTLSCAASGTAAGIDVMGWYRQTPGNSREFVARIFSNDVTHYADSVTGRFTLSRTQDKNTVSLQMNSLKPDDTGVYYCNARIWTGSTTVDYWGQGTQVTVSS
seq7748,EVQLVESGGGLVQPGGSLRLSCAASGFTFDDYDIGWFRQAPGKGREGVSGISSSDGNTYYADSVKGRFTISSDNAKNTVYLQMNSLRPEDTAVYYCAAEPPDSSWYLDGSPEFFKYWGQGTLVTVSS
seq7749,QVQLVESGGGLVQLGGSLRLSCTASEIDLQYYPIAWFRQAPGKEREGVSCIRATDSGTYYADSVKGRFTIARDNAKNTVYLQMNNLAPEDTAVYYCGTDDSEDCTDYAPAHYGYWGRGTQVTVSS
seq7750,EVQLVESAGGLVQAGGPLGLSCSSSGLLFSLNSAGCSRQPPGKQREFVARIRMGGSINYGDSVKGRFTVSRDIAKNTMYLQMNDLKPEDTAKYFCSSWREGFYEYWGQGTQVTVSS
seq7751,QVQLQESGGGLVQPGGSLRLSCAASGFDMRRFGIGWFRQVAGKEREGVSCSNVHDGTTYYTNDVKGRFTIVRDNTKNMLYLQMNKLRPEDTAVYSCATTDCEATAWGTYRGYFGQGTQVTVSS
seq7752,EVQLVESGGGSVQTGGSLRLSCAVSGNIGSSYCMGWFRQAPGKKREAVARIVRDGATGYADYVKGRFTISRDSAKNTLYLQMNRLIPEDTAIYYCAADLPPGCLTQAIWNFGYRGQGTLVTVSS
seq7753,VQLVESGGGLVQPGGSLTLSCAASGRTFSSYAMGWFRQAPGKEREFVAADRWSGGNTRYADSVKGRFTISRDNAKNTLYLQMNSLRAEDTAVYYCAATYLSSDYEWGVPPKAYDYDYWGQGTLVTV
seq7754,QVQLVESGGGSVQTGGSLTLSCVVSGSTFSDYAVAWYRQVPGKSRAWVAGVSTTGSTSYTDSVRGRFTISRDNHKKTVYLSMNSLKPEDTGIYYCNLWPFTNPPSWGQGTQVTVSS
seq7755,QVQLVESGGGLVQPGGSLRLSCAASASIFSIYVMAWYRQAPGKQRELVATVTSGGATNYANSVKGRFTISRDNAKNTMDLQMNSLKPEDTAVYYCNAEDYYDYGLSRSKIYWGQGTQVTVSS
seq7756,EVQLVECGGGLVQAGGSLRLSCVASGSGFGINGVIWYRQAPGKQRELVALIKSDGYTNYRESVKGRFTISRDDAKNTVWLQMNALEPEDTGVYYCKTPGVPFGQGTQVTVSS
seq7757,QVQLQESGGGLVQPGGPLKLSCAASGFSVAYYGMGWFRQAPGKEREGVACISALRNTTYYTDSVQGRFTLSRDNVKNTLSLQMNSLKPEDTGVYYCATTDCDTTSRMTYLSYLGQGTQVTVSS
seq7758,QVQLQESGGGLVQAGGSLRLSCAASGGIFGINAMRWYRQAPGKQRELVASISSGGNTNYSESVKGRFTISRDDANYTVYLQMNSLKPEDTAVYYCNFVRLWFPDYWGQGTQVTVSS
seq7759,QVQLVETGGGLVQPGGSLRLSCTASGFTFSMHAMTWYRQAPGKQRELVAVITSHGDRANYTDSVRGRFTISRDNTKNMVYLQMNSLKPEDTAVYYCNVPRYDSWGQGTQVTVSS
seq7760,VQLVESGGGLVQPGGSLRLSCAASGSSDSINAMGWYRQAPGKERELVAAITSGGRVVYSDSVKGRGTISRDNAKNTVYLQIASLKPEDTAVYYCNVKTKSAVLFGGMDYWGKGTQVTVS
seq7761,VQLVESGGGVVQPGGSLRLSCAASDSIDSLVNMGWYRQAPGKQRELVALIANYITHYADFVKGRFTISRDNSKNTLYLQMNSLRAEDTAVYYCYARNIRVDYWGQGTLVTV
seq7762,QLQVVESGGGLMQPGGSLRLSCAASGFTFSGSAMSWVRQAPGKGLEWVSSIYSHSMYTYYADSVKSRFTISTDNAKNTLYLQMNSLKPDDTAVYYCAASSDYEGLFVSWGQGTQVTVSS
seq7763,EVQLVESGGGLVQAGGSLRLSCAASGRPFSNYGMGWFRQAPGKKRESVAGISWSGGSTDYADSVKGRFTISRDNAKNTVYLQMNSLKPEDTAVYYCAAVFSGAETAYYPSDDYDYWGQGTQVTVSS
seq7764,QVQLQESGGGLVQAGGSLRLSCAASGSIFSINTMRWYRQAPGKHRELVATITSGGSTNYADSVKGRFTISRDNAKNTVYLQMNSLKPEDTAVYYCNADGIHYYSDYDAPPIREYDYWGQGTQVTVSS
seq7765,QVQLQESGGGLVQPGGSLRLSCAASGIILSSKAVAWYRQPPGQQREGVAHSSVSGTTIYADSVKGRFTVSRDNAKNTVYLEMNSLKPEDTAVYYCTAPVGHWGQGTQVTVS
seq7766,VQLAESGGGSVQAGGSLRLSCVASRYTFSSTCMAWFRQAPGKEREEVAAIYTDDGSTWYADSVKGRFTISRDNAKNTVYLQMNSLKPEDTAMYYCAARRWACPRVGSWHEFAYWGQGTQVTVSS
seq7767,QVQLVESGGGLVQPGGSLRLSCAASGSIFMINVMGWYRQAPGKQRELVAVITRGASTNYADSVKGRFTISRDNSKNTLYLQMNSLRAEDTAVYYCNADLNLASDPFKWYTYWGQGTLVTVSS
seq7768,EVQLVESGGALVQPGGSLRLSCAASGFTFDDYAMSWVRQAPGKGLEWVSHISGNGFSTFYAESMKGRATISRDNAKNTLYLQMNSLKSEDTAVYYCAKDDYGSGLYAYWGQGTQVTVSS
seq7769,EVQLVESGGGSVRTGGSLRLSCAASGRTFSGYYMGWFRQAPGKEREFVATIRWRDGVRFYGDSAKGRFTISRDNGKNTVYLQMNSLKPEDTAVYYCAADDTYDWRNYYTQEKYDYWGQGTQVTVSS
seq7770,QVQLQESGGGLVQPGGSPRLSCAASGRFFRVNAMGWYRQAPGKQRELVAAITNGGQTAYADSVKGRFTISRDSAKNTVYLQMNSLKSEDTAVYYCKVFAADGMEYWGKGTQVTVSS
seq7771,QVQLQESGGGLVQAGASLRLSCEVSGNTLSQYAMGWFRQVPGHKREFVAAIRWTNGNTYYADSVEGRFTISRDSAKKTVYLQMNSLQPDDTAIYYCAARFLPYASSNAYHESLYNYDYWGQGTQVTVSS
seq7772,QVQLVETGGGLVQPGGSLRLSCVASGFTLDSYAIGWFRQAPGKEREGVSCMSSGDGSTYYTNSVKGRFTISRDNAQNTVYLQMNSLKPEDTAVYYCAADGFDYCSAYVPGRGMNYSGKGTLVTVSS
seq7773,QVQLQESGGGLVQPGGSLSLSCSASGIIFSDYALTWYRQAPGKQREWVAQITRSQNINYTGSVKGRFTVSRDNAKNTVHLQMNSLKPEDTAVYYCHAYDGRRPPYWGQGTQVTVS
seq7774,QVQLQESGGGLVQPGGSLTLSCAASGFAFGFFDMTWVRQAPGKGLEWVSGINSIGGSTTYADSVKGRFTISRDNAKNELYLQMNSLKPDDTAVYYCAKSRSSYSNNWRPPGQGTQVTVSS
seq7775,QVQLQESGGGSVQAGGSLRLSCAASEYTYHTNCMGWFRQAPGKEREGLAVMNPSGGVTYFADSVKGRFTISRDNAKNTVYLQMNSLKPEDTAMYYCAAGRGRCSGYSGYYNEWGQGTQVTVSS
seq7776,EVQLVESGGGVVQPGRSLRLSCAASGRTITTITMGWFRQAPGKGREFVASHSFTDNNPYYADSVKGRFTISRDNAKNTLYLQMNSLRPEDTAVYYCAATARRSFVGRQWYTEARQYDYWGQGTLVTVSS
seq7777,QVQLQESGGGLVQAGASLKLSCEASLGGLYGMGWFRQAPGKEREFVAAISGSGGTTYYEDSVRGRFTISRDNAKSTVFLQMNNLKPEDTAVYYCAARTSYSASNAWNQLREYGYWGQGTQVTVSS
seq7778,EVQLVESGGGLVQAGGSLRLSCVASGITFSIATMGWYRQAPGNERELVARFSPSGSTNYSDSVKGRFTISRNNAKKMVYLQMDSLKPEDTAVYYCNADLYFPRRSNYWGQGTQVTVSS
seq7779,EVQLVESGGGLVQAGGSLRLSCAASGGTLSSYITGWFRQAPGKEREFVGAVSWSSSTIVYADSVEGRFTISRDNHQNTVYLQMDSLKPEDTAVYYCAARPYQKYNWASASYNVWGQGTQVTVSS
seq7780,EVQLVESGGGLVQPGGSLTLSCAASGSTFNFKIMAWHRQAPGKQRELVASLTSEGLTNYRDSVKGRFTISRDNAKNSVYLQMNSLRAEDTAVYYCGLWDGVGGAYWGQGTLVTVSS
seq7781,EVQLVESGGGLVQAGGSLRLSCAASGRTFSAYDMGWFRQAPGKEREFVAVISWSGGMTDYADSVKGRFTISRENAKNTQFLQMNSLKPEDTAVYYCAVGRRRAYSRWRYYTGVNEYDYWGQGTQVTVSS
seq7782,QVQLQESGGGLVQAGGSLRLSCAASGPIFSDTIRTMGWYRQAAGKQRELVATIASFPSRTNYVDSVKGRFTISRDIAKNTVYLQMDSLKPEDTAVYYCNVDLASIPTKTYWGQGTQVTVSS
seq7783,EVQLVESGGGLVQPGGSLRLSCAASGFTLDYHNIGWFRQAPGKEREWVSCISSSGGSTAYADSVKGRFTISRDNAKNTVYLQMNSLKPEDTAVYYCAAPFSHYNDLCGVNAIDYWGQGTQVTVSS
seq7784,QVQLVESGGGSVQAGGSLRLHCASSGYVEARILMGWFRQAPGKEREGVAAIYIGDGTTDYGDSVKGRFTVSQDGAKNAIYLHMYDVKPEDAATYYCAAGIMPWYRTWSGRLNVGDFDSWGQGTQVTVSS
seq7785,QVQLQESGGGSVQAGETLRLSCTASGFTFNDSNMGWYRQAPGHECELVSTISSDGSTYYADSVKGRFTISQNNARNTVYLQMNSLKPEDTAVYYCAGDWGYELGICTSLDYWGQGTQVTVSS
seq7786,EVQLVESGGGEVQPGGSLRLSCAASGSTLNIDHIGWYRQAPGKERELVGVISSGAGPNYAESVKGRFTISRDNAKNTVYLQMSSLRAEDTAVYYCNAWIDYGSGLPQNYWGQGTLVTVKP
seq7787,QVQLQEFGGGLVQAGGSLRLSCAASGRTFSTYAWGWFRQAPGKEREFVARISFSGGHTYYSDSVKGRFTISRDNAKNTVYLQMNSLKPEDTAVYYCAADPTPYGLRNERSYPYWGQGTLVTVSS
seq7788,QVQLVETGGGLVQAGGSLGLSCAASGLSFNWYDVGWFRQAPGKEREFVASRSSGGGSTYYGDSVKGRFSISTDNAKNTAYLQMNSLKPEDTAVYYCAADWTGRAGFSVGYYRPDEYDYWGQGTQVTVSE
seq7789,QVQLVESGGGSVQAGGSLTLSCAASRYTRCRYDMNWYRQAPGKNREFVSGIDSDGTTTYATSVKGRFTISQDNAKNTATLQMASLKPEDTAMYYCNRVILCGDSDMANYWGQGIQATVSS
seq7790,QLQLVESGGGLVQPGGSLRLSCAASGFTFGTYSMRWVRQVPRKALEWVSSISTDGGGTAYRDSVKGRFTISRDNAKNTLYLQMNNLKPEDTAIYYCVIAGYSDWGQGTQVTVSS
seq7791,GGSVQAGGSLRLSCVHSGTTECYYDMSWYCQAPGKEREFVSGIDSDEGSRYADSAKGRFTISQDNAKNTVLLQMNNLKPEDTAMYYCRLVVKWCPRRLTGLTYWGQGTRVTVSS
seq7792,QVQLQESGGGLVQAGGSLRLSCAVSGRTFSTYAMGWFRQAPGKEREFVGSANWKSGSTYLVDSVKGRFTISGDNAHDTVHLQMTSLKPEDTGVYFCVARSFGTGQWDYWGQGTQVTVSS
seq7793,EVQLVESGGGLVQAGGSLRLSCAASGFTFDDYAIGWFRQAPGKEREAVSCISSSDGSTYYTDSVKGRFTISSDNAKNTVYLTMNSLKPEDTAVYYCAADQLSTVVGCFYYRGSYYPRTTADYWGKGTLVTVSS
seq7794,DVQLQESGGGSVQAGGSLRLSCAVSGYTYNIYTMAWFRQAPGKEREGVAGIYSPGGTTYYADSVKGRFTISQDNAKNTVYLQMNSLAPEDTAIYYCAARGGLLSRVLKEAGYNAWGQGTQVTVSS
seq7795,EVQLVESGGGLVQPGGSLRLSCAASGLTLDYYAIGWFRQAPGKEREGVSCISSVDHSTTYADSVKGRFTISWDSAKNTVYLQMNDLKPEDTAVYYCAADPALGCYSGSYYPRYDYWGQGTQVTVSS
seq7796,EVQLVESGGGLVQAGGSLRLSCAASGRTFSYYHMGWFRQAPGKEREGVSWISSYYSSTYYADSESGRFTISADNAKNTVYLQMNSLKPEDTAVYYCAAVLDGYSCSWGQGTQVTVSS
seq7797,EVQLVESGGGLVQAGGSLRLSCAASGFTFDDYVIGWFRQAPGKEREGVSCISRLDGRTYYTDSVKGRFTISSDNAKNTVYLQMNSLKPEDTAVYYCALEPRYTGDYYPVHPELYDYWGQGTQVTVSS
seq7798,EVQLVESGGGLVQPGGSLRLSCAASGSTFRINIMAWYRQAPGKGRELVAGVITSGNTTYADSVKGRFTISRDNAKNTLYLQMNSLRPEDTAVYYCAFVTTNSDYDLGRDYWGQGTLVTVSS
seq7799,QVQLQESGGGLVQAGSSLRLSCAVSGRPFRRSSVGWFRQAPGKEREFVATLTWSGSSEYAESVKGRFTISRDNHRDTVYLQMNDLKPEDTAVYYCATDPASRIGDSYGDFRSWGQGTQVTVSS
seq7800,QVQLQASGGGVVQAGGSLRLTCAASGRTYAMGWFRQAPGKERDFAAAINWIGSTTDYADSVKGRFTISRDIAKNTMYLQMNSLKPEDTAVYYCAAEKTASLSIYRRAYDYGYWGQGTLVTVSS
seq7801,QVQLVESGGGLVQPGGSLRLSCAASGFTFGSYDMSWVRQAPGKGPEWVSAINKSGGSTYYADSVKGRFTISRDNAKNTLYLQMNSLKPEDTAVYYCATMYGSSWSYWGQGTQVTVSS
seq7802,EVQLVESGGGLAQAGDSLRLSCAASGRSFSHYNMGWFRQAPGKEREFVASIRGGGGSTTYANSVKDRFTISRENAKNTVYLQMNSLKPEDTAVYYCAATAFYRGPYDYDYWGQGTQVTVSS
seq7803,EVQLVESGGGLVQPGGSLRLSCAASGFTFDDYGMSWVRQAPGKALEWVSAISWNGNNTYYTESMKGRFTISCDNAKNTLYLQMNSLRPEDTAVYYCVKGSTAIVGVPPTYPDEYDYWGQGTLVTVSS
seq7804,EVQLVESGGGLVQPGGSLRLSCAASGSIFSGNTMGWYRQAPGKQRELVAAISSGGSTDYADSVKGRFTISRDNSKNTVYLQMNSLRPEDTAVYYCNAAILLYRLYGYEEGDYWGLGTLVTVSS
seq7805,QVQLQESGGGLVQPGGSLRLSCAASGFAFSSFPMTWVRQAPGKGLEWVSGILEGGGSPAYADSVKGRFTISRDDAKNTLYLQMNSLKPEDTAVYYCAKGYVYAREGARSQGTQVTVSS
seq7806,EVQLVESGGGLVQPGGSLRLSCAASGSIFSINAMGWYRQAPGKQRELVAAITSGTNYADSAKGRFTISRDHAKNTVYLQMNSLKPEDTAVYYCNLEGQTGWGTALMDYWGKGTLVTVSS
seq7807,EVQLVESGGGVVQPGGSLRLSCVTSGIIFSNNAMGWYRQGPGKKRDLVASIGSTYSTNYADSVKGRFTVSRDNDKNTGYLQMNSLKPEDTGVYYCTIDARRGWNTAYWGQGTPVTVSS
seq7808,QVQLQESGGGLVQTGESLRLSCAASGIIKSINFMGWYRQPPGTKRELVASTTSDGRTTVADSVKGRFTISRDNAKNTIYLEMSSLKPEDTATYWCNADIWLPSDRMYNYWGQGTQVTVSS
seq7809,QVQLQASGGGLVQPGGSLRLSCAASGFTFRTAVMKWYRQAPGKERERVATIISGGTYKNYAEFVKGRFTISRDDTKNMVYLQMNSLTPEDTAVYYCANGDLWGQGTQVG
seq7810,EVQLQASGGGFVQPGGSLRLSCAASGGGYDWDAMGWFRQAPGKEREFVSAISSNNNGSRYYADSVKGRFTISRDNSKNTVYLQMNSLRAEDTATYYCAADQYWGQGTQVTVSS
seq7811,EVQLVESGGGSVQAGGSLRLSCTASGRPFDNYAMAWFRQAPGKEREFVAAISWSLSRTHYADSVKGRFTISRDNAKDTAFMQMSSLKPEDTAVYYCAAAPRPKWVSVRYFSTSLNYDYWGQGTQVTVSS
seq7812,EVQLLESGGGLVQPGGSLRLSCAASGRYIDETAVAWFRQAPGKEREFVAGIGGGVDITYYADSVKGRFTISRDNSKNTLYLQMNSLRPEDTAVYYCAARPGRPTITSKVADLYPYWGQGTLVTVSS
seq7813,QVKLEESGGGLVQAGDTLRLSCAASGGTFSAYAMGWFRQAPGKEREFVAAIMWNGVSTYYSDSVKGRFTISRDNAKHTVYLQMNSLKPEDTAVYYCAAGAGRYGSSWYSPGEYDYWGQGTQVTVSS
seq7814,QVQLQESGGGLVQAGDSLRLSCAASGRTFSSYAMGWFRQAPGKEREFVAAISRSGGTTYYADSVKGRFTISRDNAKNTVYLQMNTLKPEDTAVYYCAANPYGSSSYQGQYGSWGQGTQVTVSS
seq7815,EVQLVESGGGLVQAGGSLRLSCAASGRHFSDYAMAWFRQAPGKEREFVAGIGWSGGDTLYADSVRGRFTNSKDNAKNRMSLQMNSLKPEDTAVYYCAARQGQYIYSSMRSDSYDYWGQGTQVTVSS
seq7816,EVQLVESGGGLVQPGGSLTLSCVASGSTSRINAMGWYRRAPGKQRELVAGISSDGSKVYKDSVKGRFTISRDNAKNSVYLQMNSLRAEDTAVYYCYYFRTVSGSSMRYWGQGTLVTVSS
seq7817,DVQLVESGGGVVQPGGSLRLSCAASGGTFSTYVMGWFRQAPGKEREFVSAISQNSIHTYYADSVKGRFTISRDNSKNTVYLQLNSLRPEDTALYYCAASRFTSWYTADYEYDYWGQGTLVTVSS
seq7818,QVQLQQSGGGVVEPGESLRLVCTSSGSIFSINAMGWYRQAPVKQRELVADISSGDSTNYAESVKGRFTISRDFRKRTVYLQMNNLKPEDTAIYYCNARGITDYYREYDELWGQGTQVTVSS
seq7819,QVQLQESGGGLVQPGGSLRLSCTASGFTLDKYAVGWFRQAPGKEREGVSCISSIDDSTDYVDSVKGRFTISRDNAKNAVYLQMNSLKPEDTAVYDCMTIPLPYGSTCRIPSRSDLLAINYWGKGTLVTVSS
seq7820,EVQLVESGGGLMQTGGSLRLSCAASGVTYSYYTASWFRQAPGKEREFVAAISPSGNTYYADSVKGRFTISRDNGKHTMYLQMNSLNPEDTAVYFCAIRATDSIYYASSYRHWGQGTQVTVSS
seq7821,EVQLLESGGGLVLPGGSLRLSCVHSGPTFRTDTMGWFRQAPGKGREFVAAVTWNSGRINYADSVKGRFTVSRDNSRNAAYLQMSGLKDEDTAVYYCTAHRFVVGGNRVEDWRYWGQGTLVTVSS
seq7822,LQESGGGLMQTGGSLRLSCAASGRAFESYAMAWFRQTPGKEREFQAAIAWTDVTYYADSVKGRFTISRDTAKNTVYLQMNSLKPEDTAVYYCAADRGAFRQYSDYGRQWLYEYWGQGTQVT
seq7823,EVQLVESGGGLVQAGASLRLSCAASGSMITLDAMGWFRQAPGKQREYVAGSLRSSAYFYYADSVKGRFTISRDNAKNTVYLQMNALKPEDTAVYYCAAGMVDTYNYWGQGTQVTVSS
seq7824,QVQLQESGGGLVQAGGSLRLSCAASSSFNTMGWYRQAPGKQRELVAGITSGGTIKYGDSVKGRFTISGDNAKNTVYLQMDSLKPEDTAVYYCVADWQYGSTWNYWGQGTQVTVSS
seq7825,VQLVESGGGVVQPGGSLRLSCAASDSIDSLVNMGWYRQAPGKQRELVALIANYITHYADFVKGRFTISRDNSKNTLYLQMNSLRAEDTAVYYCYARNIYVDYWGQGTLVTV
seq7826,EVQLLESGGGVVQPGGSLRLSCAASGRIFSLPASGNIFNLLTIAWYRQAPGKGRELVATINSGSRTYYADSVKGRFTISRDNSKKTVYLQMNSLRPEDTALYYCQTSGSGSPNFWGQGTLVTVSS
seq7827,QVQLVESGGGLVQPGGRLRLSCAASGSIFSIRDMGWYRQAPGKQRELVAIFARGGSTHYADSVKGRFTISRDNAKNTVYLQMNSLEPEDTAAYYCNAEVATMIQPGFRDYWGQGTLVTVSS
seq7828,EVQLVESGGGLVQAGGSLRLSCAASGLTFSTYPMGWFRQAPGKEREFVAAINSGGSYTYYADSVKGRFTISRDNAVNTIYLQMNSLKPEDTAVYSCAVKIYSGSYSSPPGYNHWGQGTQVTVSS
seq7829,QVQLQAFGGALVQAGGSLRLSCATSGFTFGYYAIGWLRQAPGKEREGVLCITNADRITYYTNSVKDRFTISRDNTANTVYLQMNNLKPEDTATYYCATNFYSYCSDNGGKYQEWGQGTLVTVSS
seq7830,QVQLQQSGGGLVQAGGSLRLSCAASGRTFSNNGMGWFRQAPGKEREFVAAISWSSGSTYYADSVKGRYTISRDNAKNTVYLQMNSLKPEDTAVYYCAARTRYNSGYFTRNYDYWGQGTQVTVSS
seq7831,VQLQESGGGLVQAGDSLRLSCAGSEGTFSSYGIGWFRQAPGKEREFVGGINWSGDSTDYADSVKGRFTISRDNAKNTVYLQMNSLKPEDTAVYYCAAGESGVWVGGLDYWGQGTQVTVSS
seq7832,QVQLQESGGGLVQPGGSLRLSCAASGFSLRYFGIGWFRQAAGKEREGVSCSNVRDGSTYYADSVKGRFTISRDNVRNMLYLQMNSLKPEDTAVYSCATTDCEAANWGTYVSYYGRGTQVTVSS
seq7833,QVQLQESGGGLVQAGGSLRLSCVASGTIFSSGAMAMGWYRQAPGKQREWVAGITGSRTTTYADSVKGRFTISRDNAENTVFLQMNNLKSEDTAVYYCNLWPPSRPDHWGQGTQVTVSS
seq7834,QVQLQESGGGLVQAGGSLRLSCAVSGNTLSRYAMGWFRQTPGKEREFVAAIRWNEGATYYADAVEGRFTISRDSGKNTVYLQMNNLQPEDTAVYYCAGRFLGYASSNAYHEALYNYDYWGQGTQVTVSS
seq7835,QVQLQQSGGGLVQPGGSLRLSCAASGRMFSGYVMGWYRQAPGKQRELVATITNGGLTNYADSVKGRFTISRDNAKNTVYLQMNSLKPDDTAVYYCNARRLWDIYWGQGTQVTVSS
seq7836,EVQLVESGGGLVQPGGSLRLSCAASGFTFDDYALGWFRQAPGKEREGVSCIRCSGGSTYYADSVKGRFTISSDNSKNTVYLQMNSLRPEDTAVYYCAASIVPRSKLEPYEYDAWGQGTLVTVSS
seq7837,QVQLVQASGGGLVQPGGSLTLSCAASGSIDSILAMGWYRQGPGKQRELVATITSDGGSTNYAEYVKGRFTISRDDANNTACLQMDNLKPDDTAVYYCNAKGRRLSYGYWGQGTQVG
seq7838,QVQLQESGGGLVQAGGSLRLSCAASGSISASYVMGWYRQTPGKQRELVATTTSGGTTRYADSVRGRFTISRDNARNTVYLQMNSLKPDDTAVYYCNARRLFLNYWGQGTQVTVSS
seq7839,AVQLVESGGGSVQAGGSLRLSCASSGFTVSDYSMAWFRQVPGQEREVVAHINADTGTTFYADSVKGRFTISLDNAKAAVYLQMNSLNTDDTAVYYCAAETAPRYYNDAVWPSDSDFSFWGQGIQVTVSS
seq7840,EVQLVESGGGLVQPGGSLRLSCAASGSVSSINVMGWYRQTPGKQRELVAAINRGGSTNVADSVKGRFTISRDNAKNTVYLQMNSLKPEDTAVYYCNAEPYGLDWRYDYWGQGTQVTVSS
seq7841,QVQLQASGGGAVQPGGSLRLSCAASGYSFSKYEVSWVRQAPGKGLEWVSAISRGGDSAYYAASVKDRFTISRDNAKNTVYLQMNSLKPEDTAVYYCAAVASYYCSPLPLYDYWGQGTQVG
seq7842,QVQLQESGGGVVQAGGSLRLSCAASGRTVSSSAMGWFRLAPGKEREFVVGISRSGGSIFYADSVKGRFTISRKNAKNTVDLQMNSLKPEDTAVYYCAAGYRPGYGDYGRVFYREDEYDDWGQGTQVTVSS
seq7843,EVQLVESGGGLVQAGDSLRLSCAASGRTFSFDARGWFRQAPGKEREFVAAINWCGSDAHYADSVKGRFTISRDNAKNTAYLQMNSLKPEDTAVYFCAAAFDYSGSYNSVGLWDYWGQGTQVTVSS
seq7844,EVQLVESGGGLVQPGGSLRLSCAASGFTLADYAMGWFRQAPGKEREFVAVITCSGGSTDYADSVKGRFTISADNSKNTAYLQMNSLKPEDTAVYYCAADDCYIGCGWGQGTLVTVSS
seq7845,QVQLQESGGGSVQTGGSLRLSCAASTSIYNNNYMAWFSQAPGKGREGVAAVYVGDGRTYYADSVKGRFTISLDSAKNTVYLQMNSLKPEDTAMYYCAAAPGPLSHNYWYTSANYDYWGQGTQVTVSS
seq7846,EVQLVESGGGLVQAGGSLRLSCAASGRSFSSYAMAWFRQAPGKEREFVAAISWGGGSTYYAVSVKGRFTISRDNAKNTVYLQMNSLKPEDTARYYCAADETFHSSAYGEYEYWGQGTQVTVSS
seq7847,EVQLVESGGGLVQPGGSLRLSCAASGRTFSDYTMGWFRQAPGKEREFVAAINWSGGYTYYADSVKGRFTISADNSKNTAYLQMNSLKPEDTAVYYCATDPPLFWGQGTLVTVSS
seq7848,EVQLVESGGGLVQAGGSLRLSCAASRSRSSFDDMGWYRQAPGKQREFVAGITLGGSTIYADSVKGRFTISMDSARNTGYLQMNSLKPEDTAVYYCNAALDGYSGSSWGQGTQVTVSS
seq7849,EVQLVESGGGLVQPGGSLRLSCAASGFTFDDYAMGWFRQAPGKEREFVAGISWTGGITYYADSVKGRFTISADNSKNTAYLQMNSLKPEDTAVYYCAVNVGFEWGQGTLVTVSS
seq7850,DVQLVESGGGVVQPGGSLRLSCAASGFILDYYAIGWFRQAPGKEREGVLCIDASDDITYYADSVKGRFTISRDNSKNTVYLQMNSLRPEDTAVYYCATPIGLSSSCLLEYDYDYWGQGTLVTVQS
seq7851,QVQVQESGPGLVKPSQTLSLTCTVSGGSITTNSYYWSWIRQPPGKGLEWMGAIDYSGDTYYSPSLKSRTSISRDTSKNQFTLQLTSVTPEDTAVYYCVSRIPTGEYWGQGTQVTVSS
seq7852,EVQLVESGGGLVQAGGSLTLSCTASETTVRIRTMAWYRQPPGNQREWVATIGSNGFATYPDSVKGRFTISRDNAKNTVYLQMNSLKPEDTAVYYCRDINRDIWGQGSQVTVSS
seq7853,QVQLQESGGGLVQAGGSLRLACAVSPRTFSVYAMAWFRQAPGKEREFVAHIIWDTGFTYYGDSVKGRFTISRDYAGKTTYLQMNSLKPEDTAVYYCAAKSVGSGSVDTLPQSYDYWGQGTQVAVSS
seq7854,VQLQESGGGVVQAGDSLRLSCVASGRTFSSLDMGWFRQAPGKEREFVAGISRSGISQYYADSMKGRFTISRDNAKSLVYLQMNSLKPEDTAVYYCAAALTFRGSDLPRDSNYWGQGTQVTVSS
seq7855,EVQLVESGGGLVQPGGSLRLSCAASGRIFSLPASGNIFNLLTIAWYRQAPGMQRELVATINSGSRTNYADSVKGRFTISRDNSQKTLYLQMNNLRPEDTAVYYCQTSGSGSPNFWGQGTLVTVSS
seq7856,EVQLVESGGGLVQAGGSLRLSCAASGRAFNTNPMGWFRQSPGKEREFLAAVRWHDGSTYYTDSVKGRFTISRDNAKNTVCLQMNSLKSEDTAVYYCAAGRPWSAYHSPNEYVYWGQGTQVTVSS
seq7857,QVQLQESGGGLVQPGGSLTLSCSASGLSFSNYAMGWFRQGPGKEREFVAAISRSGGGIYYADSVLGRSTISRDNAKHTVYLQMNSLKPDDTAVYYCAGGNIYPSSNYDLNNSRMYGYWGQGTQVTVSS
seq7858,QVQLQESGGGLVQAGGSLRLSCAASVNIGTLNSMAWYREAPGKQRELVAGITGGGQITYANSVRGRFTVSRDIAKSTAYLQMNTLKPEDTAVYYCAAYDRSATPYWGQGTQVTVSS
seq7859,DVQLVESGGALAQPGGSLRLSCAASGFTFTSYWMSWVRQAPGKGLDWVSTLNGDGTITRYADSVKGRFTISRDNAKNTLYLQMDSLKSEDTALYYCTIETYYNFKNWGQGTQVTVSS
seq7860,EVQLVESGGGLVQAGGSLRLSCAVSGGTFDDYAIAWFRQAPGKEREGVSYIGCNDGSTYYAGSVKGRFTISCDNAKNTVYLQMNSLKPDDTAVYYCAAAAQWATIRWIQEYDYDYWGQGTQVTVSS
seq7861,EVQLVESGGGLVQAGGSLRLTCIASGRDIFSVTAMGWYRQAPGKQREFVAGLSNIGATKYADSVKGRFTVSGDAAKNTVYLQMNSLKPEDTAVYYCNVLLWSGNYWGQGTQVTVSS
seq7862,EVQLVESGGGLVQAGGSLRLSCTASGSAFSSHVVGWFRQAPGKERDFVTAINWSGARTAYADSVKGRFTISRDNAKNTAYLQMNSLKPEDTAVYFCAAGRDRYARDLTEYEYLWWGQGTQVTVSS
seq7863,LQESGGGLVQAGGSLRLSCAASGDTESIVTMAWFRQAPGKEREFVAAITRSGDSTDYADSVKGRFTISRDNAKNTVYLQMNSLKLEDTAVYYCLADKTTYWNIPRDEYDYWGQGTQVT
seq7864,EVQLVESGGGLVQAGDSLRLSCTASERPFMSYVMGWFRRAPGKDREFVGAITWSGINTWYSDSVLGRFTISRDNAKNTVYLQMNSLKPEDTAVYYCAVADGVGLYRYERQYDYWGQGTQVTVSS
seq7865,EVQLVESGGGLVQAGGSLRLSCTASGRTFDNYAMGWFRQAPGKEREFVAAISWSLSRTHYADSVKGRFTISRDNAKNTVLLQMSSLKPEDTAVYYCAAAPRPKWVSVSYFSTTSNYEYWGQGTQVTVSS
seq7866,QVQLQESGGGLVQPGGSLRLSCTASGFPFSSAPMSWVRQAPGKELEWVSYIGYTGTITDYANSVKGRFTISRDNAKNRLYLQMNSLKPEDTAVYFCAQGYARLIADSDLVRGQGTQVTVSS
seq7867,QLVETGGGLVQPGGSLRLSCAASGFTFSDYVMTWVRQAPGKGPEWIATINTDGSTMRDDSTKGRFTISRDNAKNTLYLQMTSLKPEDTALYYCARGRVISASAIRGAVRGPGTQVTVS
seq7868,EVQLVESGGGLVQAGGSLRLSCAASGFTFDDYAIGWFRQAPGKEHEGVSCISSDDGSTYYADFVKGRFTISSDNAQNTVYLQMNSLKPEDTAVYYCAAQRDVPARSLCGSYYWYDYRGQGTQVTVSS
seq7869,AVQLVDSGGGSVQAGGSLRLSCTTSQYMFDTRAMAWFRQPPGKECELVSIIKSDGSTGVADSVKGRFAISQDSNENTVYLQMNSLKPEDTAVYYCAADVGLRLTPDDVLTWGGPRDFRYWGQGTQVTVSS
seq7870,EVQLVESGGGLVQPGGSLRLSCAASGSTLPYHAMGWFRQAPGKEREFVAAITWNGASTSYADSVKGRFTISADNSKNTAYLQMNSLKPEDTAVYYCARDRYYDTSASYFESETWGQGTLVTVSS
seq7871,EVQLVESGGGLVQAGGSLRLSCEASGRTFSSNAMGWFRQAPGKEREFVAAVTRWSGARTVYADSVKGRFTISRDNAENTVYLQMNSLKPEDTAVYTCAADSTNRNSGAIYYPWAYDYWGQGTQVTVSS
seq7872,VQLVESGGGLVQAGGSLRLSCATSVRTPLSNFAMGWFRQTPGKEREFVAAISRSGGSTSYADSVKGRFTISRDNAKNTVYLEMNSLKGEDTVVYYCAAKIAGMNNIVFIGAPQYNYWGQGTQVTVSS
seq7873,EVQLVESGGGLVQAGKSLRLSCAASGSIFSIHAMGWFRQAPGKEREFVAAITWSGGITYYEDSVKGRFTISRDNAKNTVYLQMNSLKPEDTAIYYCAADRAESSWYDYWGQGTQVTVSS
seq7874,QVHLVESGGGLVQAGGSLRLSCAASGFTYSNCCMRWYRQAPGKARELVSLINSSGGTYYADSVRGRFTISKDNAKNTLYLQMNSLKPEDTAMYYCAAYQAKYCSGPCAPPTDWGQGTQVTVSS
seq7875,QVQLVETGGGLVQAGGSLRLSCAVSGDTIFTIAAAWYRQVPGKERELVAAITSGGATRYADSVKGRFTISRDNAKNTVALQMNSLKPEDTAVYYCNAPKGGSYYFPAVGGYDYWGQGTQVTVSS
seq7876,EVQLVESGGGLVQAGGSLRLSCAASGSMFSINDMGWYRQAPGKQRELVATITRGGNTYYADSVKGRFTISRDNATYTKNTVYLQMNSLKPEDTAVYYCNARHIRGSGGDYAREAWGQGTQVTVSS
seq7877,QVQLQESGGGLVQPGGSLRLSCLASGRTFSSYAMGWFRQAPGKEREFVAAISWSGGPTVYADHVKGRFTISRDNAKNTVYLQVNSLKPEDTADYYCAAKRLDYSATDKGVDLSDEYDYWGQGTQVTVSS
seq7878,DVQLVESGGGSVQAGGSLRLSCTASGLRLNTYHMSWVRQAPGKGLEWVSTIYIGGTTTSHANSVSGRFTISRDDAKNTLYLQMNNLKPEDTAVYFCATGSVNAYGVKGQGTQVTVSS
seq7879,VKLEESGGGLVQAGGSRRLSCATSGLTFRNFHMAWFRQVAGKEREVVCAISWSRDRQYYPDPVKGRFTCTRDNAKNTVYLQMNSLKPEDTAVYYCAARTASASGDWYKGSYQYWGQGTQVTVSS
seq7880,EVQLAESGGGSVQAGGSLTLSCTASEYVTHLGWFRQAPGKEREGVAIESFRIGYTYYADSVKGRFTISHDNAKNTLYLQMNSLKPEDTAIYYCAARQDRSGASMVNRDSYNYWGKGTQVTVSS
seq7881,EVQLVKSGGGSVQAGGSLRLSCTASGRPFDNYAMAWFRQAPGKEREFVAAISWSLSRTHYADSVKGRFTISRDNAKNTAFMQMSSLKPEDTAVYYCAAAPRPKYVSVRYFSTSSNYDYWGQGTQVTVSS
seq7882,EVQLVESGGGLVQPGRSLTLSCAASTNIFSESPMGWYRQAPGKQRELVAAIHGFTTLYADSVKGRFTISRDNAKNSIYLQMNSLRPEDTALYYCNKVPWGDYHPRNVTWGQGTQVTVSS
seq7883,QVQLQESGGGLVQAGGSLRLSCTASRSTLSTYAMGWYRQAPGEQRELVATITTGHITQYADFVKGRFTISRDNTKNTVYLQMNSLKPEDTAVYYCVRSPRTSWTSWGQGTQVTVSS
seq7884,QVQLVESGGGLVQPGGSLRLSCAASGFTFSAHWMYWVRQAPGKGLEWISSIDTENDRSYYADSVKGRFTISRDNSKNTVYLEMNSLQPEDTALYYCARVGDLWSVDYWGQGTQVTVSS
seq7885,EVQLVESGGGLVQPGGSLRLSCATSGTIFSNNAMGWYRQVPGKKRDLVASISNSGSTNYADSVKGRFTVSRDNDKNTGYLQMNSLKPEDTGVYYCTVDARRGWNTGYWGQGTQVTVSS
seq7886,EVQLVESGGGLVQAGGSLRLSCAASGFTLDYYAIGWFRQAPGKEREGVSCISSRGGSTYYEDSVKGRFTISRDNAKNTVYLQMNSLKPEDTAVYYCAADPIHNCYSGRYYASPDAVYDYWGQGTQVTVSS
seq7887,VHLMESGGGSVQVGGSLRLSCAASGYTVSSYCMGWFRQAPGKEREGVAAIDSDGSVSYADSVKGRFTISKDNAKNTLYLQMNSLKPEDTAMYFCAADLCWVDQDQGEYNTWGQGTQVTVSS
seq7888,EVQLVKSGGGLVQPGGSLRLSCAASGFIFSIYAMGWYRQAPGKQRELVAAITSGGSTNYADSVKGRFAISRDNAKNTVYLQMNSLKPEDTAVYYCNANAHEEGVYRWDFWGQGTQVTVSS
seq7889,EVQLVESGGGLVQPGGSLTLSCAASGSSVSFLSVAWYRQAPGKKRELVAGISANGSTDYIDSVKGRFTISRDNAKNSVYLQMNSLRAEDTAVYYCYAYRWTNRYTYWGQGTLVTVSS
seq7890,VQLVESGGGSVQNGGSLRLSCQTSGFGSDRYEIGWYRQIPGWCEKVSTISDTGTTFYADSVKGRFAISQDTAKNLVYLQMDRLKPQDTARYYCAAITTPARNNGVLNALSRLLKCLNPYNYWGQGTQVTVSS
seq7891,EVQLVESGGGSVHPGGSLRLSCSASGLLFSVNSAGWYRQAPGKQRIFVARLRRGGDTNYADSVKGRFTISRDNAKNTVYLQMNSLKPEDTAVYYCSAWRAGTYEYWGQGTQVTVSS
seq7892,EVQLVESGGGLVQAGGSLRLSCAASGRTFRSYPMGWFRQAPGKEREFVASITGSGGSTYYADSVKGRFTISRDNAKNTVYLQMNSLRPEDTAVYSCAAYIRPDTYLSRDYRKYDYWGQGTQVTVSS
seq7893,EVQLVESGGDLVQPGGSLRLSCAASGSIFSINDMGWFRQAPGKQRELVADIISRGVTNCADSVKGRFTISGDPAKNTVYLQMNSLKPEDTAVYYCNAHISTGWGRPHNNYWGQGTQVTVSS
seq7894,QVQLQQSGGGLVQAGGSLRLSCAASGSSFRSNAIGWYRQFPGKSRELIAVITRSGSTQYADSVKGRFTASRDNAKNMIYLQMNNLKLEDTAVYYCHDETMKLISVKNDYWGQGSQVTVSS
seq7895,EVQLVESGGGVVEAGGSLRLSCAATGSRFRFEIMGWYRQAPGKPRDLVALITRSGSANYADSVKGRFTISRDSAKNTLYLQMNSLKPEDTGVYYCNAHTYTDNLWGQGTQVTVSS
seq7896,EVQLVESGGGLVQAGDSLTLSCAASGRTFSSVAMGWFRQAPGKERKFVANISWNGDSTYYTDSVKGRFTISRDNAKNTVYLQMSSLKPEDTAVYYCAADVRWTGDGHRADYWGQGTQVTV
seq7897,EVQLVESGGGLVQPGGSLRLSCAASGDVHKINILGWYRQAPAKEREMVAHITIGDATDYADSAKGRFTISRDEAKNVVYLQMNSLKPEDTAVYFCRAYSRIYPYNYWGQGTLVTVSS
seq7898,EVQLVESGGGLVQAGGSLRLACAASGRTFSDYAVGWFRQAPGKERQIVAAISWGGGDTYYTNSVKGRFTISRDNTRNTVYLQMSSLKPEDTAVYYCAANRNRRGVVSAPSSYDYWGQGTQVTVSS
seq7899,QVQLVESGGGLVETGGSLKLACVGDFESDASGYSFADSEMGWYRQAPGNECAMVSTITVDDRVEYGDSVKGRFTISHDTLTGTVYLDMDNLAPEDTAIYYCTTSYSPYVGCRPEDDYRHLEIWGRGTQVTVSS
seq7900,EVQLVESGGGLVQAGGSLRLSCTVSGQTSTTDAVGWFRQAPGKEREFVSAISWSDNKLYYEDSVKGRFAISRDNAKDTVYLQMDSLKPEDTAVYYCAARNRPPDFLTNYFRVLYYREGAYDYWGQGTQVTVSS
seq7901,QVQLQESGGGLVEAEGSLRLSCAASGRTFGSYAMGWFRQAAGKERELVAAISAGGSTLYADNVKGRFTISRDNARNTVYLLSNSLKPEDTAVYYCAARRGSAYYTNHIDWPYWGQGTQVTVSS
seq7902,EVQLVESGGGLVQPGGSLRLSCAASGFTFDDAAMGWFRQAPGKEREFVAAVRWRGGITWYADSVKGRFTISADNSKNTAYLQMNSLKPEDTAVYYCAAQGSLYDDYDGLPIKYDWGQGTLVTVSS
seq7903,QVQLQESGGGLVQPGGSLRLSCRASETLFSLYAMGWYRQAPGKQPELIATISGGGEGTGNYADPVKGRFTISRNNADNMVFLQMNNLKPEDTAVYYCNVYGTNLAPWGQGTQVTVSS
seq7904,GLAQAGGSLRLSCAASGRTFSSYAMAWFRQAPGKEREIVASISWNGNSTDYADSVKGRFTISRDNAKNTVYLQMNSLKAEDTAVYYCAADSTKWVFYDYWGQGT
seq7905,EVQLVESGGGLVQAGGSLRLSCAASGSTFSSYAMGWYRHQAPGKQRELVAAISSDGSTHYADSVKGRFTISRDNAKNTMYLQMNSLKPEDTAVYYCNTKTFGSNWYDDYWGQGTQVTVSS
seq7906,EVQLVESGGSLVPPGGSLRLSCAASGFTFDDYAMSWVRQAPGKGLEWVSSINWSGTHTGYTDSVKGRFTISRNNANNTLYLQMNSLKSEDTAVYYCAKNWGDAGTTWFEKSGSAGQGTQVTVSS
seq7907,EVQLVESGGGLVQAGGSLRLSCASSGSIYSINFMNWYRQAPGKQRELVASITSGGYTNYADSVKGRFTISRDNAKNTVYLQMNSLKPEDTAVYICNAEGLIIATMDGGVNNDMDYWGKGTLVTVSS
seq7908,EVQLVESGGGLVQPGGSLRLSCAASGRTFSFYGMGWFRQAPGKERELVAIKFSGGTTDYADSVKGRFTISADNSKNTAYLQMNSLKPEDTAVYYCAAIAHEEGVYRWGQGTLVTVSS
seq7909,EVQLVESGGGLVQAGGSLRLSCSASGLLFSVNSVGWYRRAPGKQREFVARLRTTGSTNYAESVKGRFTISRDNAKNTVYLQMNNLKPEDTAVYYCSAWRIEAYEYWGQGTQVTVSS
seq7910,EVQLLESGGGLVQPGGSLRLSCAHSGPTFRTDTMGWFRQAPGKGREFVAAVTWNSGRINYADSVKGRFTISRDNSKNTAYLQMNSLRPEDTAVYYCAAHRFVVGGNRVEDWRYWGQGTLVTVSS
seq7911,EVQLVESGGGLVQPGGSLTLSCVASGSTSSINAMGWYRRAPGKQRELVAGISSDGSKVYVDSVKGRFTISRDNAKNSVYLQMNSLRAEDTAVYYCYYFRTVSGSSMPYWGQGTLVTVSS
seq7912,EVQLVESGGGLVQPGGSLRLSCAASGFTFRGYWMSWVRQAPGKGLEWVSAINNVGDEVYYADSVKGRFTISRDNAKNTLYLQMNSLKSEDTAVYYCTRDWYNDPNKNEYKGQGTQVTVSS
seq7913,VKLEESGGGLVQPGGSLRLSCLPSGGIFTINSMGWYRQAPGKQRELVASITGGGSSRYADSVKGRFIMSRDNAKNMVYLQMNSLKPEDTAVYYCNTIPPARTQSDHGEWYDYWGQGTQVTVSS
seq7914,QVLLEESGGGLERTGGSLRLSCAASGSIFSVNSMTWYRQAPGKRREFLGTITEEGRTNYADSVKGRFTISRDNAKNTMYLQMNSLKPEDTAVYYCYANLISSEDRTFGVWGQGTQVTVSS
seq7915,VKLEESGGGLVQAGGSLRLSCAASGWNLGNYALGWFRQAPGKEREFVAAIDWRHSSYYADSVKGRFTISRDNTKNMVYLQMSSLKLEDTRLYYCAASSLFPSSAPRQYDYWGQGTQVTVSS
seq7916,VQLQESGGGLVQAGGSLRLSCVASGNTFSIIAMAWYRQAPGKQREVVASINSIGSTNYADSVKGRFTISRDNAKNTVYLQMSSLKPEDTAVYYCAAGNLLVKRPYWGQGTLVTVSS
seq7917,EVQLVESGGGLVQAGGSLRLSCVLSGRTFSRSDMGWFRQAPGKEREFVASIDWITINTYYADSVKGRFTISRDNPKNTFYLQMNSLKPEDTAVYHCASSGPADARNVQRWALWCQGTQVTVSS
seq7918,QVKLEESGGGLVQAGDSLRLSCAASGLTYTVGWFRQAPGKEREFVAAIDWSGGSALYADSVKGRFTISRDNTKNTVYLQMGSLEPEDTAVYWCAAPGTRYHGRNQVNYNYWGQGTQVTVSS
seq7919,QVQLQESGGGLVQPGGSLRLSCVASGFTFSDNAMSWVRRAPGKGLEWVSAINRAGDSARYADSVKGRFTISRDNAKNTLYLQMNSLKPEDTAVYYCTNGGNYRGQGTQVTVSA
seq7920,QVQLQESGGGSVQAGGSLRLSCADSRTIFIFNAMAWYRQAPGKQRELVAAISSGGSTKYADSVKGRFTISSSNAKNTKYLQMNRLKPEDTAVYYCAASRSGRWLDDARDYEYWGPGTQVTVSS
seq7921,LQLVESGGGLVQAGGSLRLACSASGSIGPFAPMGWYRQAPGKQRELVAGISSDGTTTYADSVKGRFTISRDNNDKITVYLQMNSLRPEDTAVYHCNGYENWSAPWGQGTQVTVST
seq7922,EVQLLESGGGEVQPGGSLRLSCAASGSVFSIDAMGWYRQAPGQQRELVAVLSGISSATYAESVKGRFTISRDNAKNTLYLQMSSLRAEDTAVYYCYADVSTGWGRDAHGYWGQGTLVTV
seq7923,EVQLVESGGGMVQTGGSLRLSCAASGSTLNINNGEWYRQAPGKQREFVAAIGSGGTTDYADSVKGRFTISKANAKNTLYLQMNSLKPEDTAVYYCYVRSWRNYWGQGTQVTVSS
seq7924,EVQLVESGGGLVQAGDSLRLSCTATGRTSSIYNMDWFRQTPGKERELIARLWWRSGSTYYADSVKGRFTISRDNAKNTVYLQMNSLKPEDTSVYICTAGDTGGAAYGYWGQGTQVTVSS
seq7925,QVKLEESGGGLVQAGGSLRLSCSASGLTFSNYAMAWFRQAPGKEREFVATISQRGGMRHYLDSVKDRFTISRDNAKNTVYLQMNSLKPDDTAVYYCAADLMYGVDRRYDYWGRGTQVTVSS
seq7926,QVQLVESGGGSVQAGGSLELSCRASGYIYSMAWFRQAPGKEREGVATTYRGVNITYYADSVKGRFSISQVTAENSVYLQMNSLKPEDTAIYYCAARLSYNSLHWTNLNAYKAWGQGTQVTVSS
seq7927,EVQLVESGGGLVQPGRSLTLSCAASTNHFSISPMGWYRQAPGKQRELVAAIHGSSTLYADSVKGRFTISRDNAKNSIYLQMNSLRPEDTALYYCNKVPWGDYHPRVVYWGQGTQVTVSS
seq7928,AVQLVESGGGLVRDGGSLRLSCAASGRTFSSYVMGWFRQAPGKEREFVAAIGWSGGSTAYADSVKGRFTISRDNARNTVYLQMNSLKPEDTAVYYCASAPTRWVPRDSRFYDRWGQGTQVTVSS
seq7929,EVQLQASGGGLVQAGGSLRLSCAASGFKITHYTMGWFRQAPGKEREFVSRITWGGDNTFYSNSVKGRFTISRDNAKNTVYLQMNSLKPEDTADYYCAAGSTSTATPLRVDYWGKGTQVTV
seq7930,EVQLVESGGGLVQAGGSLRLSCAASGFSFADYAIGWFRQAPGKEREGVSCIANSEGTKYYADSAQGRLPISSDNAKKTVYLQMDSLKPEDTAVYYCAALPYTICPVVVKKGAVYYGVDDYWGKGTQVTVSS
seq7931,QVQLQESGGGLVQAGGSLRLSCAASGSIGSDYVLGWYRQAPGKQRELVATITSGGLTHYGDSVKGRFTISRDNAKNTVYVQMNSLKFEDTAIYYCNARRLFRNYWGQGTQVTVSS
seq7932,VQLQESGGGFVHPGGSLTLSCAASGRIFNIEDMGWYRQGPGEQRDLVATITRTGAPTYANSVKGRFTISRDNAKNTVYLQMTRLKPEDTAVYYCNAKDVTVIPFPPKDYWGRGTQVTVSS
seq7933,VQLVQSGGGLVQAGGSLRLSCAASGRTFSSYAMAWFRQAPGKEREFVAAISWSGANIYVADSVKGRFTISRDNAKDTVYLQMNSLKPEDTAVYYCAVKLGFAPVEERQYDYWGQGTQVTVS
seq7934,EVQLVESGGGLVQPGGSLTLSCVASGSTASFNAMAWYRRAPGKQRELVAGISSDGSKVYTDSVKGRFTISRDNAKNSVYLQMNSLRAEDTAVYYCYYFRTVTGRAARYWGQGTLVTVSS
seq7935,DVQLVESGGGLVQPGGSLRLSCAASGFTLDDYAIGWFRQAPGKEREGVSAIRSSGGSTYYADSVKGRFTISSDNSKNTVYLQMNSLRPEDTAVYYCAAVPAGRLRFGEQWYPLYEYDAWGQGTLVTVSS
seq7936,EVQLVESGGGLVQAGDSLRLSCAASGATLSSYTMGWFRQAPEKEREFVAGSSRDGRTNYYANSVKGRFTISRDNAKNTVYLQMNSLKPEDTAVYYCAAHTTSGVPVQERSYAYWGQGTQVTVSS
seq7937,EVQLVESGGGLVQAGGSLRLSCAASGSIFSINAMGWFRQAPGKERQFVAAINWSTGSTYYSDSVKGRFTISRDNAKNTVYLQMNSLKPEDTAVYFCASGYLFPSSRGSQYDYWGQGTQVTVSS
seq7938,EVQLVQSGGGLVQAGGSLRLSCAASGRTFSSYAMGWFRQAPGKEREFVGAISGSGSNIYYANAMPGRITIFRDNAKNTVYLQMNSLNPEDTAVYYCAAAPTLVEITPTPTYWGQGTQVTVSS
seq7939,AVQLVESGGGLVQPGGSLRLSCAASGSIFRIGAMGWYRQAPGKQRELVAAVSSGGSTYYVDSVKGRFTISRDNSKNTVYLQMNSLRPEDTAVYYCNRETGPYGPPKRDYWGQGTLVTVSS
seq7940,QVQLQDFGGGLVQAGGFLRFSCAASGSIFSINAMGWYRQAPGKQRELVAAITSGGSTNYADSVKGRFTISRDNAKNTVYLQMNSLKPEDTAVYYCNAGLYSFTLGQGTQVTVSS
seq7941,EVQLVESGGGLVQPGGSLRLSCAASASGFTLDYYAIGWFRQAPGKEREGVSCISSTDGSTYYADSVKGRFTISRDNAKNTVYLQMNSLNPEDTGVYTCAAVLTTAQAMGVPTRSYEYDYWGQGTQVTVSS
seq7942,EVVASGGGLVQPGGSLRLSCAASGFTFSNYWMYWARQAPGKGLEWVSAIDQSGTTTRYADSVKGQFTISRDNAKHTLYLQMNSLKPEDTALYYCTTSGRYYAMDYWGKGTQVTVS
seq7943,EVQLVESGGGLVQPGGSLRLSCVASGIIFSIPDMGWFRQAPGKQRELVAKISSGGSTAYVDSVKGRFAISRDNAKNTVYLQMNSLTPEDTAVYYCNDLRRLAIGPWGQGTQVTVSS
seq7944,VQLVESGGGLVQAGGSLRLSCAASGSIFSINAMGWYRQPPGKQRELVARIINGSDSPMYADSAKGRFTISKDNAKNTVYLQMNSLKPEDTAVYSCWAVVNDMGYWGKGTLVTVSS
seq7945,EVQLVESGGGLVQAGGSLRLSCATSGFRFDDYDIGWFRQAPGKEREGVSCISRGDGMTYYADFVKGRFTISSDSAKNTVYLQMNSLKPEDTAVYYCAADPGRSVGWVRAWSST
seq7946,EVQLVESGGGLVQAGGSLRLSCTASGRAFSSTVVGWFRQAPGKEREFVTGINWSGARTYYADSVKGRFTISRDNAKNMAYLQMNSLKPEDTAVYYCASGSDRYARALSEYEYVWWGQGTQVTVSS
seq7947,VQLQESGGGLVQPGGSLRLSCAASGFTFSIKAMSWVRQAPGKGLEWVSTIDSGGGRRYYADSVKGRFTISRDNAKNTLYLQLSSLKTEDTAMYFCARCSDIYCYNGASYRGQGTQVTVSS
seq7948,DVQLQASGGGLVQAGGSLRLSCAASGSTFSIKHHGWYRRAPGNQREWVAGINSENITNVAGAVKGRFTISRDNAKNTVYLQMNSLKVEDTAVYFCYAQDNDYRFLHRFWGQGTQVTVSL
seq7949,QVQLQESGGGLVQAGGSLRLSCAASGGTFSNYVMGWFRQAPGKEREFVGFITWSGASTYYADSVKGRFTISRDNAENTVYLQMNSLKPEDTAVYYCAATLFRSNGPKDLSSGYEYDYWGQGTQVTVSS
seq7950,QVQLQASGGGSVQAGGSLRLSCVASQYEYSNNYIAWFRQAPGKEREGVAAIYTGGVTRASPYYADPVKGRFSISKDNAKNTVYLQMNDLKPEDSGTYICASSIHGLGNPLRSEFSYYGQGTLVTVSS
seq7951,QVQLQESGGGLVQAGDSLRLSCAASGRNFGYYTMGWFRQAPGNERIFVAAITWRGVIHHADSVKGRFTISRDNAKNTVYLQMNSLKPEDTAVYYCAAASSSSRPLEPIGYNYWGQGTQVTVSS
seq7952,EVQLVESGGGLVQPGGSLRLSCAASGRALSSYSMGWFRQAPGKEREFVALITRSGGTTFYADSVKGRFTISADNSKNTAYLQMNSLKPEDTAVYYCALDNRRSYVDWGQGTLVTVSS
seq7953,EVQLVESGGGLVQPGGSLRLSCAASGTTFKINIMAWYRQAPGKGRELVAGVINSGTTNYADSVKGRFTISRDNAKNTLYLQMNSLRPEDTAVYYCAFVTTNSDYDLGRDYWGQGTLVTVSS
seq7954,QVQLVESGGGLVQPGGSLRLSCTASGFSLSSSYMDWVRQAPGKGIEWVSTISPGGRITYAVSVEGRFTLSRDNAKNTLSLQMNELKPEDTAVYYCRRLGEKGQGTQVTVSS
seq7955,QVQLQESGGGLVQAGGSLTLSCTYSGLTFDDYNMGWFRQGPGKERERVSAISFRGITYYVDSVKGRFTISRDNAKKTLYLQMNGLTPDDTATYYCAGSRFLSPFVRDGDTKLINDWGQGTQV
seq7956,EVQLVESGGGLVQAGGSLKLSCVNSGIPSTLRAMAWYRQAPGRQRDWVATSSNTGGTTYDDSVKGRFTISRDNAKNTVYLQMNSLKPEDTGVYYCRDVNRDLWGQGTQVTVSS
seq7957,QVQLQQSGGGLAHAGGSLRLSCTVSGRYFRIDSMAWYRQTPGKQRELVASITGDGLTNYAESVTGRFTISRDGYANVAYLQMNNLRPEDTAVYLCNARGPYSRGSGAWGQGTQVTVSS
seq7958,EVQLVESGGGLVQPGGSLRLSCAASGRTLSTYNMGWFRQAPGKEREFVASISRFGRTNYADSVKGRFTISADNSKNTAYLQMNSLKPEDTAVYYCARRGKLSAAMHWFDPWGQGTLVTVSS
seq7959,QVQLVESGGGLVRPGGSLRLSCVDSGRTSYPMGWFRRAPGKEREFVASITWSGIDPTYADSVADRFTISRDVANNTLYLQMNSLKHEDTAVYYCAARAPVGQSSSPYDYDYWGQGTQVTVSS
seq7960,ESGGGLVQPGGSLRLSCAASGFTFSNYAMEWVRQAPGKGLEWVSGINSGGIGTYYADSVKGRFTISRDNAKNTLYLQLNSLKTEDTAMYYCAKGYGNMVVAGITSNYRGQGTQVTVSS
seq7961,LQLVESGGGLVQPGGSLSVSCAVRGRDLDYYVIGWFRQAPGKEREGVSCINNSDDTTYYSDSVKGRFTISRDHAKNTVYLQMNNLKPEDTALYYCAADFDRLDFTVKAMCVMKFFYYWGQGTQVTVSS
seq7962,AVQLVESGGGLVQPGGSLRLSCAASGFTLAYYAIGWFRQAPGKEREGVSCISSSVGTTYYSDSVKGRFTISRDNAKNTVYLQMNSLKPEDTAVYYCVRSSWFDCGVQGRDLGNEYDYRGQGTQVTVSS
seq7963,VKLEESGGGLVQAGGSLRLSCAASGGTLSKNTVAWVRQAPGKERGFVTSITCDGRTTYYANSVNGRFPINRNNAENLVVLQMNSLKPDDTALYYCAAYRKSIMSIQPDYWGQGTQVTVSS
seq7964,EVQLVESGGGLVQAGGSLRLSCRASGNTGNVNAMGWYRQAPGKQRELVAAVSGRGKTNYADSVKGRFTISIDNAKIIVYLQMNNLKPEDTAVYYCNAGVMGTSGSYYLGEDNWGQGTQVTVSS
seq7965,EVQLVESGGGLVQAGASLRLSCAASGSTLSRYGVGWFRQAPGKERELVASVDWSGSRTYYADSVKGRFTISRDNAKNTGYLQMNSLKPDDTAVYYCAADSSVVPGIEKYDDWGLGTQVTVSS
seq7966,EVQLVESGGGLVQPGGSLRLSCAASGRTFSIGAMGWFRQAPGKEREYVGSITWRGGNTYYADSVKGRFTISADNSKNTAYLQMNSLKPEDTAVYYCAAGVTGGAAYGWGQGTLVTVSS
seq7967,EVQLVESGGGLVQPGGSLRLSCAASGSIFSFNAMGWFRQAPGKEREFVAGITRRGLSTSYADSVKGRFTISADNSKNTAYLQMNSLKPEDTAVYYCAAAKGIGVYGWGQGTLVTVSS
seq7968,QVQLVESGGGLVQPGGSLRLSCAASGSAFSINAMGWYRQAPGEEREFVAAITAGGNTYYADSAKARFTISRDNAKNMLYLQMNSLKPEDTAMYYCAATKAFGIATITADYELWGQGTQVTVSS
seq7969,EVQLQESGPGLVKPSQTLSLTCTVSGGSITSRYYAWSWIRQPPGKGLEWIGVIDYDGDTYYSPSLKSRTTISWDTSKNQFSLQLSSVTAEDTAVYYCARDPDVVTGFHYDYWGQGTLVTVSS
seq7970,EVQLQASGGGLVQTGGSLRLSCAVSGRTFSSYGMGWFRQAPGKEREFVAAMRESGADTHYADFVRGRFTISRDYDKNAVYLQMDNLKPEDTGVYYCAATINGAARRGQGTQVTVSS
seq7971,EVQLVESGGGLVQAGGSTRLTCKASGSIFNINSINVMAWYRQAPGKQRELVAIIGKGGGTNYADFVKGRFTISRDAAKNTVNLQMNSLKPEDTAVYYCYADYEDRDSPHNASWGQGTQVTVSS
seq7972,EVQLVESGGGLVQPGGSLRLSCAASGFILDYYAIGWFRQAPGKEREGVLCIDASDDITYYADSVKGRFTISRDNAKNTVYLQMNSLKPEDTGVYYCATPIGLSSSCLLEYDYDYWGQGTLVTVKP
seq7973,EVQLVESGGGSVQAGGSLRLSCTASGRPFDNYAMAWFRQAPGKEREFVAAISWSLSRTHYADSVKGRFTISRDNAKNTAFMQMSSLKPEDTAVYYCAAAPRPKRISVQYFTTSSNYDYWGQGTQVTVSS
seq7974,QVKLEESGGGSVQTGGDLRLTCAASGRTSRSYGMGWFRQAPGKEREFVSGISWRGDSTGYADSVKGRFTISRDNAKNTVDLQMNSLTPEDTARYYCAAAAGSAWYGTLYEYDYWGQGTQVTVSS
seq7975,VQLQESGGGSVQAGETLRLSCTVSGDTFEASGVGWFRQVSGNECDLVSSINRDGTTYYTPSVAGRFTMSQNNAKNTVYLQMNSLKPDDTAVYYCATDPAVGIVVRSTCRGPFGYWGQGTQVTVSS
seq7976,EVQLVESGGGLVQPGGSLRLSCAASGRTFRRYAMGWFRQAPGKEREFVAAINRSGSTEYADSVKGRFTISADNSKNTAYLQMNSLKPEDTAVYYCARQHQDFWTGYYTVWGQGTLVTVSS
seq7977,QVQLVESGGGLVQPGGSLRLSCAASGSIFMINVMGWYRQAPGKGLELVAVITRGASTNYADSVKGRFTISRDNSKNTLYLQMNSLRAEDTAVYYCNADLNLASDPFKWYTYWGQGTLVTVSS
seq7978,DVQLVESGGGVVQPGGSLRLSCAASGGTFSFYGMGWFRQAPGKEQEFVADIRTSAGRTYYADSVKGRFTISRDNSKNTVYLQMNSLRPEDTALYYCAAEMSGISGWDYWGQGTLVTVSS
seq7979,EVQLVESGGGLVQAGGSLRLSCAATGRTFSEYAMGWFRQAPGKEREFAAAISWTGSKTYYADSVKGRFTISRDNAKNTVYLQMNSLKPEDTAVYYCAASSDCSGPGCHTEEYDYWGQGTQVTVSS
seq7980,QVQLQESGGGLVQAGGSLRLSCAASGRTFTGYAMGWFRQVPGLEREFVARISRSGNSTGYADSVKGRFTVSRDNAKSTMYLQMNSLKTEDTAVYYCAATTSWLPGHNANVYDYWGQGTQVTVSS
seq7981,EVQLVESGGGVVQPGGSLRLSCAASGGTFSFYGMGWFRQAPGKEREFVADIRTSAGRTYYADSVKGRFTISRDTSKNTVYLQMNSLRPEDTALYYCAAEPSGISGWDYWGQGTLVTVSS
seq7982,HVQLVESGGGAVQTGGSLRLTCTAVGLTFEGGNQGWYRETPGNEFELVSSIAPDGSRWYADSVQGRFTISRNVLPERLSLQMTRLKAEDTAMYYCAAGPDVGREKHLTADQVLSIRRNNFWGQGTQVTVS
seq7983,EVQLVESGGGLVQPGGSLRLSCITSGETFKINIWGWYRQAPGKQRELVASLTIGGATNYADSVKGRFTISEDSAKNTVYLQMNSLKPEDTAVYFCNAKSRLYPYDYWGQGTLVTVSS
seq7984,QVKLEESGGGLVQPGGSLRLSCVASGRTFSNYAMGWFRQAPGQEREFVAAINWNSRSTYYADSVKGRFTISRLNARNTVYLQMNRLKPEDTAVYDCAASHDSDYGGTNANLYDYWGQGTQVTVSS
seq7985,VQLQESGGGLVQPGGSLRLSCAASGFTFGGYDMGWFRQAPGKEREFVAGISRSGISQYYADSMKGRFTISRDNAKNLVYLQMNSLKPEDTAVYYCAAALTFRGSDLPRDSNYWGQGTQVTVSS
seq7986,QVQLVQASGGGLVQPGGSLRLSCAASGFTFSSSGMSWVRQAPGKGLEWVAGIDSAGGYTTYADSVKGRFTISRDNTKNTVYLQMNNLKPEDTAVYYCNATFAYGEPWYWGQGTQVG
seq7987,EVQLVESGGDLVQPGGSLRLSCVASGFALEEHAIGWFRQAPGKEREGVSLSSYLGAAYYATSVKGRFTISRDNAKNTVTLQMNSLKPEDTAVYYCARGHFTYDDGRITIRSVDYWGKGTLVTVSS
seq7988,QVQLQESGGGLVQAGGSLRLSCAASGSIFSINAMGWYRQAPGKQRELVAGITSGGMTKHADSVKGRFTISRDGAKNTVYLQMNSLKPEDTAVYYCAATEMEAGIFNNYWGQGTQVTVSS
seq7989,QVQLQESGGGLVQPGGSLRLSCVASGFSFSSSGMSWVRQAPGKGLEWVSTISYNGGSTFYTDSVKGRFTISRDNAKNTLYLQLNSLKTEDTAMYYCAKSGTPVLAPNSVRGQGTQVTVSS
seq7990,QVQLQESGGGLVQAGGSLRLSCAASGRTFSGYGMGWFRQVPGKEREFVAAIRWSGVTTYYVDSVKGRFTISRDNAKTTVYLQMNSLKPEDTAVYYCAARPVRVDDISLPVGFDYWGQGTQVTVSS
seq7991,EVQLLESGGGLVQPGGSLRLSCVHSGPTFRTDTMGWFRQAPGKGREFVAAVTWNSGRINYADSVKGRFTISRDNSKNTAYLQMSSLRPEDTAVYYCAAHRFVVGGNRVEDWRYWGQGTLVTVSS
seq7992,EVQLVESGGGLVQAGGSLGLSCAASGRTFSNYAMGWFRQAPGKEREFVAGISWSGGHTFYADSVKGRFTISRDNTKNTVYLQMNSMRPEDTAVYYCAARLSSVAVASTRYDYWGQGTQVTVSS
seq7993,EVQLVESGGSLVQPGGSLRLSCAASGFTFDDYAMSWVRQAPGKGLEWISSINWSGTHKDYADSVKGRFTISRNNANNTLYLQMNNLKFEDTAVYYCAKNWRDAGTTWFEKSGSAGQGTQVTVSS
seq7994,EVQLVESGGGLVQAGGSLRLSCAASGGTFSGGFMGWFRQAPGKEREWVASVLRGGYTWYADSVKGRFTISADNAKNTVYLQMNSLKPEDTAVYYCANGGSSYWGQGTQVTVSS
seq7995,QVQLQESGGGLVQPGGFLRFSCAASGTTASINDMGWYRQAPGKQRELVAYIDIDGHANYTNSAIGRFTISRDSAKKNLYLQMNSLKPEDTAVYYCKADKRRGHGRIDYWGQGTQVTVSS
seq7996,EVQLVESGGGLVQPGGSLRLSCAASGSILDSNLMGWFRQAPGKGRELVASINSYDDNTYYPDSVEGRFTISRDNAKRMVYLQMNSLRAEDTAVYYCAAQVFVGWPYTDQMHDYWGQGTQVTV
seq7997,QVQLQESGGGLVQPGGSLRLSCAASGFTSSNYAMSWVRQAPGKGLEWVSSINSRTGSITYADSVKGRFTITLDNAKNTLYLQMNSLKPEDTAVYYCASRVDDRVSRGQGTQVTVSS
seq7998,VQLQESGGGLVQAGGSLRLSCTVAESIDVRNAMGWYRQAPGKRREWVATITTGGRTNYADSVKARFTISRDNAKNTVYLQMNSLKPEDTAVYYCNAAPPILNSWGQGTQVTVSS
seq7999,EVQLVESGGGLVQAGGSLRLSCAASGRTFSIYAMGWFRQAPGKEREWVATISSSGDRTYYADSVKGRFTISADNAKNTVYLQMNSLKPEDTAVYYCAARRYGRRYDYWGQGTQVTVSS
seq8000,EVQLVESGGGLVQPGGSLRLSCAASGSIGGLNAMAWYRQAPGKERELVAGIFGVGSTRYADSVKGRFTISRDISKNTVFLQMNSLRPEDTAVYYCRMSSVTRGSSDYWGQGTLVTVSS
seq8001,EVQLVESGGGLVQPGRSLTLSCAASTNDFSISPMGWYRQAPGKQRELVAAIHGGSTLYADSVKGRFTISRDNAKNSIYLQMNSLRPEDTALYYCNKVPWGDYHPRNVAWGQGTQVTVSS
seq8002,EVQLVESGGGLVQPGGSLTLSCVASGSTSSTNAMGWYRRAPGKQRELVAGISSDGSKVLADSVKGRFTISRDNAKNSVYLQMNSLRAEDTAVYYCYYFRTVNLSSMRYWGQGTLVTVSS
seq8003,QVHLVESGGGSVQAGGSLRLSCVASGYRNCRSTMRWYRQGPGQVRDWVSSIYTDGTTSYTDSVKGRFTIAQDKGKNTVYLQMNSLQPEDTAMYYCRIDLVGCNVAGGSPYWGHGTQVTVSS
seq8004,QVQLQESGGGLVQTGGSLRLSCAASGRYIMGWFRQAPGKEREFVAGISRSGASTAYADSVKDRFTISRDSALNTVYLQMNSLKAEDTAVYFCAAALAIRLGIPRGETEYEYWGQGTQVTVSS
seq8005,EVQLVESGGGLVQPGGSLRLSCAASGFTFDDYAIGWFRQAPGEEREGVSSISSTYGLTYYADSVKGRFTISSSNSKNTVYLQMNNLKPEDTAVYYCAATPIERLGLDAYEYDYWGQGTLVTVSS
seq8006,QVQLVETGGLVQPGGSLRLSCAASGFTLDYSSIGWFRQAPGKEREGVSCISSSGDSTKYADSVKGRFTTSRDNAKNTVYLQMETNSLKPDDTAVYYCAAFRATMETCGVFPLSPYGKDDWGKGTLVTVSS
seq8007,EVQLVESGGGLVQPGGSLRLSCAASGFTFSSDGMGWFRQAPGKERELVAAINRSGSTFYADSVKGRFTISADNSKNTAYLQMNSLKPEDTAVYYCAKTARPGIFTTAPVEDWGQGTLVTVSS
seq8008,VQLVESGGGLVQAGGSLRLACAGSGRIFAIYDIAWYRHPPGNQRELVAMIRPVVTEIDYADSVKGRFTISRNNAMKTVYLQMNNLKPEDTAVYYCNAKRPWGSRDEYWGQGTQVTVSS
seq8009,QVQLQDSGGGLVQPGGSLRLSCVASGIIVSRNAMAWYRQAPGKQREMVALIGSDGSTNYADSVKGRFTISRDSAKNMVYLQMSSLKPEDTAVYYCNVPRSYYSSSDPWGQGTQVTVSS
seq8010,EVQLVESGGGLVQPGGSLRLSCAASGFTIGSYDMSWVRRSPGKGPEWVSAINSGGGSTYYTDYVKGRFTISRDNAKNTLYLQMNSLKPEDTAVYYCAADRYIWARQGEYWGAYVYDYWGQGTQVTVSS
seq8011,VQLVESGGGLMQAGGSLRLSCAVSGRTFSTAAMGWFRQAPGKEREFVAAIRWSGGSAYYADSVKGRFTISRDKAKNTVYLQMNSLKYEDTAVYYCAQTGYTSWLLSDYATWPYDYWGQGTQVTVSS
seq8012,EVQLVESGGGLVQPGGSLRLSCAASESIFSIDAMGWYRQAPGKQRELVATITGGSSTNYADSVKGRFTISGDNAKRTVYLQMNSLKPEDTAVYYCNAEGQAGWGTALMDYWGKGTQVTVSS
seq8013,QVQLQESGGGLVQPGGSLRLSCAPSRRTFHTYHMGWFRQAPGKEREFVAVINWSGGSTVYADSVKGRFTISRDNSKNTLYLQMNSLRAEDTAVYYCAAGGATTQRATEASYDYWGQGTLVTVSS
seq8014,QVQLVESGGGLVQPGGSLRLSCAASGSIASINTMAWYRQAPGKQRELVAGITRSGTTTYAGSVKGRFTISRDNAKNTVYLQMNSLKPEDTAVYYCTDYSSSYYQDYWGQGTQVTVSS
seq8015,EVQLVESGGGSVQVGESLRLSCTASGYIYSVAWFRQLPGKEREGVATAYYRVPSIYYSDSVKGRFAISLDDAKNTVYLQMNSLKPEDTAMYYCAARTAYNPGKWDKPEVYDAWGQGTQVTVSS
seq8016,QVQLQESGGGLVQPGGSLRLSCAASGSIFSINTMGWYRQAPGKQRELVAAIHSGGSTNYANSVKGRFTISRDNAANTVYLQMNSLKPEDTAVYYCNVKDYGAVLYEYDYWGQGTQVTVSS
seq8017,QVQLVESGGGSVRAGDSLRLSCASSGRTFPGPNMAWFRGGPGQEREFVAAITSRDSKTYYADSAKGRFTISRDNAKRTVYLQMNNLKPEDTAVYYCVALRFIGGVCPKVVLTQRPSDYRGQGTQVTVSS
seq8018,QVQLQESGGGLVKAGGSLRLSCAASGRTFSSYVMGWFRQAPGKEREFVGAIHWSGGRTYYADSVKGRFTISSDNAKNTLYLQMNSLKPEDTAVYYCAASRIIYSYVNYVNPGEYDYWGQGTQVTVSS
seq8019,EVQLVESRGGLVQAGGSLRLSCAASGGTFSVFAMRWFRQAPGKEREFVAGISWTGGTTYYADSVKGRFTMSADNAKNTVYLQMNSLKPEDTAVYYCAVDVGGGSDRYLGQGTQVTVSS
seq8020,EVQLVESGGGLVQPGGSLRLSCAASGFTLGYFAIGWFRQAPGKEREGVSCISSSDGSTYYADSVKGRFTVSRDNAKNTVYLQMNSLKPEDTAVYYCATDRSVYYCSGGAPEEYYWGQGTQVTVSS
seq8021,QVQLQESGGGLVQPGGSLRLSCAASRYTASSNCMAWFRQAPGKERERVATIYNGGGSTAYADSVKGRFTISQNNAKSTVYLQMNSLKPEDTAMYYCAADSFEDPTCTLVTSSGAFQYWGQGTQVTVSS
seq8022,EVQLVESGGGLVQAGGSLRLSCAASGFTLDDYAIGWFRQAPGKEREGVSSIRDNDGSTYYADSVKGRSTISSDNARNTVFLQMNSLKPEDTAVYYCAAVPAGRLRFGEQWYPIYEYDAWGQGTLVTVSS
seq8023,QVKLEESGGGLVQPGESLRLSCSASGSIFKVFRVFAMSWYRQGPGKQRELVASISSGETTTYADSVKGRFTISRDNAKNTAYLQMDSLKPEDTAVYYCNADHTFTGDFWGQGTQVTVSS
seq8024,EVQLVESGGGLVQAGGSLRLSCVVSGIPSTIRAMAWYRQAPGRQRDWVATIYSPSGSAVYADSVKGRFTISSDNAKKTIYLQMNSLKPDDTAVYYCRDVNREYWGQGTQVTVSS
seq8025,QVQLQDSGGGLVQAGGSLRLSCAASVRIFTSYAMGWFRQAPGKEREFVAAINRSGKSTYYSDSVEGRFTISRDNAKNTVSLQMDSLKLEDTAVYYCAADYSGSYTSLWSRPERLDWGQGTQVTVFS
seq8026,EVQLVESGGGLVQAGGSLRLSCAASGFTFDDYDIGWVRQAPGKEREWVSGISSSDGNTYYADSVKGRFTISSDNAKNTLYLQMNSLKAEDTAVYYCAAEPPDSSWYLDGSPEFFKYWGQGTLVTVSS
seq8027,EVQLVESGGGLVQPGGSLRLSCAASGRAFSDYAMAWFRQAPGQEREFVAGIGWSGGDTHYADSVRGRFTISRDNSKNTLYLQMNSLRAEDTAVYYCAARQGQYIYSSMRSDSYDYWGQGTLVTVSS
seq8028,QVQLVETGGGLVQAGGSLRLSCEASGSVVTIKEMGWYRQAPGKEREQERDLVAAIGIGGVTYYATSVKGRFTISRDSAKTTLRLQMSSLRPEDTAMYYCAVITDRNTGGYPDYWGQGTQVTVTA
seq8029,EVQLVESGGGLVQPGDSLRLSCAASGRANSINWFGWFRQTPGKEREFVAGIRWSDAYTEYANSVKGRFTISRDNSKNTVDLQMDSLRPEDTAVYYCVLDLSTVRYWGQGTLVTVSS
seq8030,EVQLVESGGGLVQAGGSLRLSCAASGSIFSINTMGWYRQAPGNQRDLVAAITNGGSTKYVDSVKGRFTISRDNAKNTVYLQMNSLKPEDTAVYYCAAESLGRWGWGQGTQVTVSS
seq8031,QVQLVESGGGLVQAGGSLRLSCAASGRTFTMGWFRQAPGKQRELVADISGGRTNYADSVKGRFTISRDNAKNTVYLQMNSLKPEDTAVYYCAADRKSVMSIRPDYWGQGTQVTVSS
seq8032,QVQLQESGGGLVQAGGSLRLSCAASGRTFSNYAMAWFRQAPGKEREFVAGITWTTSSTTYADSVKGRFTVSRDSAENTGYLQMNSLRPEDTALYYCATSRSTYSVNWYQYHDYNTWGQGTQVTVSS
seq8033,QVQLVESGGGLVQPGGSLRLSCAASGFDFSIYVMSWVRQAPGKGLEWISGIMPGGQTTYADAVKGRFTISRDNAKNTLYLQLNSLKTEDTAIYYCAKGVYTKYVGGARGQGTQVTVSS
seq8034,EVQLVESGGGLVQPGGSLRISCAASGSIYLINYMGWYRQAPGKQRELVATLTSGGSTNYAGSVKGRFAISRDNAKNTVYLQMNSLKPEDTAVYYCNIGGTLYDRRRFESWGQGTLVKVSS
seq8035,QVQLQASGGGSVQAGGSLRLSCAASGYTYSSNCMGWFRQALGKEREGVAAIYTGGGSTYYADSVKGRFTISQDNAKNTVYLQMNSLKPEDTAMYYCAASLLPLVAGIGVWDAFDYRGQGTQVTVSS
seq8036,DVQLVESGGGLVQPGGSLRLSCAASGRTFSSYAMGWFRQAPGKEREFVAAISWGGGSTYYSDSVKGRFTISRDNSKNTVYLQMNSLRPEDTAVYYCTAALGSTGSGSTPVPEYRYWGQGTLVTVSS
seq8037,EVQLVESGGGLVQTGQSLRLSCAAAGRTFSVYAMGWFRQAPGKEREFVASVSWRTGFPNYADSVKGRFTISRDNAKNTVYLQMNNLIPADAAVYYCASRSGLWVGVPPSDPSHYDYWGQGTQVTVSS
seq8038,EVQLVESGGGSVQAGGSLRLSCIASGYIGRYYSVGWFRQAGREREAVASIQTGERSIYYAESAKGRFTISQEKAENTVHLLMNNLKPEDASTYYCAAGAGRAGDSWIYSTWFDIWGQGTQVSVSS
seq8039,QVQLQESGGGLVQAGGSLRLSCAASGRTFSAYGMAWFRQSPGKEREFVAAVSGGGGGTAYAEPVKDRFTISRDNAKNTVYLQMNTLKPEDTALYYCAAATAGHWGRDANYDYWGQGTQVTVSS
seq8040,EVQLVESGGGLVQPGRSLTLSCAASTNIFSESPMGWYRQAPGKQRELVAAIHGNSTLYADSVKGRFTISRDNAKNSIYLQMNSLRPEDTALYYCNKVPWGTYHPRNVYWGQGTQVTVSS
seq8041,EVQLVESGEGLVPAGGSLGPSCSASGLLFSRYSAGWYRQAPGKQREFVARSRMGGSINYGDSVKGRFTVSRDIAKNTMYLQMNDLKPEDTAEYFCSSWREGFYEYWGIGTQVTVSS
seq8042,EVQLVESGGGEVQPGGSLRLSCAASGSTFSSYHMSWFRQAPGKQRELVATSHHGGTTNYAGSVKGRFTISRDNAKNTVYLQMNTLRAEDTAVYYCKADHGYQGRGYWGQGTLVTVKP
seq8043,EVQLVDSGGGLVQAGGSLRLSCAASGSISYVPDMHWYRQAPGQQRQLVATITRGGNTMYADSVKGRFTISRDNAKNTVYLQMTSLKPEDTAVYYCNADVWSSVLFKLVEYWGQGTQVTVSS
seq8044,DVQLVESGGGWVQPGGSLRLSCAASGPTASSHAIGWFRQAPGKEREFVVGINRGGVTRDYADSVKGRFAVERDNVKNTVYLQMNRLKPEDSAIYICAARPEYSFTAMSKGDMDYWGKGTLVTVSS
seq8045,EVQLVESGGGLVLAGGSLRLSCVHSGPTFKTDTMGWFRQAPGKEREFVAAVTWNSGRINYADSVKGRFTVSRDNTRNAAYLQMSGLKDEDTAVYYCTAHRFVVGGNMVEDWRYWGQGTQVTVSS
seq8046,QVQLQESGGGSVQAGGSLRLSCAASGYTYSSYNSNCMGWFRQAPGKEREGVAAIDSDGSTSYADSVKGRFTISKDNAKNTLYLQMNSLKPEDTAMYYCAASPRTCEVFSLGGSWHLFGYWGQGTQVTVSS
seq8047,EVQLVESGGGLVQAGGSLRLSCAASGRTLSNYDMGWFRQAPGKEREFVATIRWSTRETYYTDSVKGRFTISSDNTKNTVHLQMNSLTPEDTAVYYCAARSVYSYEYNYWGQGTQVTVSS
seq8048,QVQLVESGGGLVQPGGSLRLSCAASGSFFSRYRMGWYRQAPGEQRELVAGITYDDSTNYAGSVKGRFTISRDNAKNTVHLQMNSLKPEDTAVYYCNLNPPGNLYWGQGTQVTVSS
seq8049,VKLQQSGGGLVQAGGSLRLSCAASGTFSRYAMGWFRQAPGKEREFVAAINWTGGSTYYADSVKGRFTISGDNAKNTVYLQMNSLKPGDTAVYYCAAEVHPGDYGLTYMQSQYEYDYWGQGTQVTVSS
seq8050,LQESGGRLVQAGGSLSLSCAASGRAFSDYAVGWFRQAPGKEREFVAAINWSGGYTYYADSVKGRFTISRDNAKNTAYLQMNSLKPEDTAIYYCVARHYRLWSPYQYDYDYWGQGTQVT
seq8051,EVQLVESGGGLVRPGGSLRLSCAASRSIGRLDRMGWYRHRPGEPRELVATITGGSSINYGDSVKGRFTISIDNSKNTVYLQMNSLRPEDTAVYYCNFNKYVTSRDTWGQGTLVTVSS
seq8052,EVQLVESGGGLVQPGGSLRLSCAASGFPFSLYDMGWYRQAPEKQRESVAIITQSGSTDYADSVKGRFTISRDNAKNTLYLQMNSLKPEDTAVYYCRLVGVTWGQGTQVTVSS
seq8053,VQLVDSGGGLVQAGGSLRLSCAASGSISSLNAMAWYRQGPGKERELVASITRGGSTAYTDSVKGRFTISRDNAKNTVYLQMNSLKPEDTAVYYCRAVWGFGDYGSWGQGTQVTVS
seq8054,EVQLVESGGGVVQAGGSLRLSCAASGGTFSFYGMGWFRQAPGKEQEFVADIRTSAGRTYYADSVKGRFTISRDNAKNTVYLQMNSLKPEDTALYYCAAEMSGISGWDYWGQGTLVQVSS
seq8055,EVQLVESGGGLVQPGGSLRLSCAASGIPSTLRAMGWFRQAPGKEREFVAATSWSGGSKYYADSVKGRFTISADNSKNTAYLQMNSLKPEDTAVYYCATDLYYMDVWGQGTLVTVSS
seq8056,QVQLQQSGGGLVQAGGSLRLSCTASGRTFSSYPMGWFRQAPGKEREQIAGISRSGNPGKYADSVSGRFTISRDNAKNTLYLQMNSLKPEDTAVYYCAARQIYSNNYSYWGQGTQVTVSS
seq8057,EVQLVESGGGLVQAGASLRLSCAASGRTFSNYAMGWFRQAPGKEREPVAAISPAALTTYYADFVKGRFTISRDNAKNTAYLQMVSLKPEDTAVYYCAAQLVGSGSNLGRQQSYAYWGQGTQVTVSS
seq8058,DVQLVESGGGLVQAGGSLRLSCTVSGRTFSNYAMGWFRQAPGKEREFVAGISWTGGHTLYTDSVKGRFTISRDNAKNTVYLQMNSLKPEDTALYYCAADRAADFFAQRDEYDYWGQGTQVTVS
seq8059,QVQLQESGGGLVQAGGSLRLSCAASGSIFGLNAMGWYRQAPGKEREFVAAISAGTNTYYADSVKGRFTISRDNAKNTVYLQMNSLKPEDTAVYYCAVSIPVGTVTRRKQGYWFNYWGQGTQVTVSS
seq8060,QVQLQESGGGLVQAGGSLRLSCAASGRTFSNSVMGWFRQPPGKEREFVAAVLWSGVSTAYADSVKGRFTISRDNAKNTVYLQMNNLKPDDTAVYYCAAHESTYYSGTYYLTDPRRYVYWGQGTQVTVSS
seq8061,QVQLQQSGGGLVQPGGSLRLSCVASESTVSINIMGWYRQAPGKQRELVATITTGGTTNYADSVKGRFTISRDNAKNTVYLQMNSLEPEDTAVYYCNLKRRDLQARFGGYWGQGTQVTVSS
seq8062,EVQLMESGGGSVQAGGSLRLSCAASGFSYSNICMGWFRQAPGKEREGVAAIYSNGSTIYADSVKGRFTVSKEFAKNTQYLQMNSLKPEDTAMYYCAAGRCGGPNYWGQGTQVTVSS
seq8063,VQLVESGGGLVQPGGSLRLSCAASGSIFSSTAMAWYRQAPGKRRDLVAAISSVGVTKYADSVKGRFTISRDNSKNTVYLQMNSLRPEDTAVYYCTSDPRRGWDTRYWGQGTLVTVSS
seq8064,QVQLQEVRGRLVQLGGSLRLSCAASGFTFKYYAMSWVRQAPGKGLEWVSYINDNGGYTDYSDSVKGRFTISRDNAKNTLYLHMNRLKPEDTAVYFCAKWDTDAVSSSRYKTHNGDIRGPGTQVTVSS
seq8065,QVQLQESGGGLVQAGGSLRLSCAASGRTFSRQSMGWFRQAPGEEREFVAVITWSGGSPYYADSVRGRFTISRDNAKNTVYLQMNSLKPEDTAVYYCAAPVSYGSQWLADYWGQGTQVTVSS
seq8066,QLQLVESGGGLVQPGGSLRLSCAASGFTFSSYIMSWVRQAPGKGLEWVSGISSGGGITAYADSVKGRFTISRDNAKNTLYLQMNSLKPDDTAVYYCVAGLLRVEGYWGQGTQVTVSS
seq8067,EVQLVESGGGLVQAGGSLRLSCTASGRTFDNYAMGWFRQSPGKAREFVAAISWSLSRTHYADSVEGRFAISRDNAKNTVLLQMSGLKPEDTAVYYCAAAPRPKRVSVSYFYTSSNYDYWGQGTQVTVSS
seq8068,HVQLVESGGGSVEAGGSLRLSCAASGFRYAAYCMGWFRQADGKEREGVATIDIDGLATHADSVKGRFTISRDNAKNTLSLQMNDLKPEDTAMYYCAADRDRCGSIWTYAYKYRGQGTLVTVSS
seq8069,EVQLVESGGGLVQPGGSLRLSCAAAGGTFRNYVMGWFRQAPGKGREFVTAISTGGSWTGYVDSVKDRFTISRDNTKNTLYLQMNSLRPEDTAVYYCAATTPATTYLPRSERQYDYWGQGTLVTVSS
seq8070,EVQLVESGGGLVQAGGALRLSCAASGRTFETYRMGWFRQAPGKEREFVALINWSSGITVYLDSVKGRFTISGDNAKDTVYLEMNSLKPEDTAVYYCAVGRAWSGSYYSALAYQYWGQGTQVTVSS
seq8071,GSLRLSCAASGFTFSRYAMSWVRQAPGKGPEWVSAINSPGGSTSYADSVKGRFTISRDNAKNTLYLQMNSLKPDDTAVYYCAKYERATEWGHTIVAVTPLLDGVHDYWGQGTQVTVSS
seq8072,QVQLQESGGGLVQAGGSLRLSCAVSGNTLSRYAMGWFRQTPGNEREFVAAIRWNNGATYYAESVEGRFTISRDTGKNTVYLQMNNLKPEDTAVYYCAGRFLGYASSNAYHEALYNYDYWGQGTQVTVSS
seq8073,QVQLQESGGGSVQTGGTLTLSCVASGNTFDTRAMGWFRQAPGEEREFVAAISRSSFNTYYSDSVTGRFTISRDNAKNTVYLQMNSLKPEDTAVYYCAAGKYGMKWRDGADYWGQGTQVTVSS
seq8074,EVQLVESGGGLVQAGGSLGLSCSASGLLFSRNSAGWYRQAPGKQREFVARIRFGGSINYADTVKGRFTISRDNAKNTVYLQMNSLKPEDTAVYYCSSWRTGFYEYWGQGTLVTVSS
seq8075,QVQLQESGGGLVQPGGSLRLSCAASGFTFSRSWMYWVRQAPGKGLEWVSSITPGGTEAFYADSVKGRFTISRDNAKNTLYLQMNSLKSEDTALYFCAKDSKNGPRGQGTQVTVSS
seq8076,EVQLVESGGGLVQPGGSLRLSCATSASIFSIGAMGWYRQAPGKQRELVASITSLGTTNYADSVKGRFTISRDNAKKTVYLQMNSLKAEDTAVYYCNAGSSRHSHRGSYPRKTDYWGQGTQVTVSS
seq8077,QVQLQESGGGLVQAGGSLRLSCAASGLTFDTYAMGWFRQAPGKKREYVAAISWTGISTYYADIAKGRFTISRDNAKNTLYLQMDSLKPEDTAVYYCAAQKSLNVPAPWDYWGQGTQVTVSS
seq8078,EVQLLESGGGVVQPGGSLRLSCAASGRTFNNYNMGWFRQAPGKGREFVAAVSRSGVSTYYADSVKGRFTISRDNSKNTVYLQMNSLRPEDTAVYYCAAAYRGTAINVRRSYSSWGQGTLVTVKS
seq8079,EVQLLESGGGVVQPGGSLRLSCVHSGPTFRTDTMGWFRQAPGKGREFVAAVTWNSGRINYADSVKGRFTISRDNSKNTAYLQMNSLRPEDTAVYYCAAHRFVVGGNRVEDWRYWGQGTLVTVQS
seq8080,QVQLQESGGGLVQPGGSLRLSCAASGFSLVYYGIGWFRQAPGKEREGVSCSSVHDGSTYYAESVKGRFTISRDNAKNTLYLQMNNLKPEDTAVYYCATTDCEATGWGTWTNYRGQGTQVTVSS
seq8081,QVQLVESGGGLVQPGGSLRLSCAASGYTYGSYCMAWFRQAPGKEREGVAGVDSDGTTRYADSVKGRFTISKDNSENTLYLQMNSLRAEDTAVYYCAAGVCGTGGSWYEGDAGLFMYEFAYWGQGTLVTVSS
seq8082,QVQLQEFGGGLVQAGGSLRLSCAASGSIFSINAMGWFRQVIGKQRELVAYILWSGGNTYYQDFAKGRFTISRDNAKNTVDLQMNSLKPEDTAVYYCAARQIGTIKWDNWGQGTQVTVSS
seq8083,EVQLQESGPGLVKPSQTLSLTCTVSGGSITSRYYAWSWIRQPPGKGLEWIGVIDYDGDTYYSPSLKSRTTISWDTSKNQFSLQLSSVTPADTAVYYCARDPDVVTGFHYDYWGQGTQVTVSS
seq8084,VQLVESGGGLVQAGGSLRLSCTDSGRTFSVKPMGWFRQAPGMEREFVAAASFTGVSTFYADSVKDRFTIFRDKDKNTMDLQINSLKPEDTGAYYCAGTTRTLWGSKWRDVLEYEYWGQGTQVTVSS
seq8085,EVQLVESGGGLVQPGGSLRLSCAVSGFPLGYYAIGWFRQAPGKEREEVSCIVTSDGSTYYTDSVKGRFTISRDNAKNTVYLQMNNLNPEDTAVYYCAAGGTIVAVTDSCFIDYVMDYWGKGTLVTVSS
seq8086,QVQLQESGGGLVQPGGSLRLSCAVSGFNLDPYAIAWFRQAPGKEREEVSCISSSDVGTYYADSVKGRFTISRDNAKKTVYLQMNSLKPEDTAVYYCATDGYYYCSDYPHPLYWGQGTQVTVSS
seq8087,EVQLVESGGGLVQPGGSLRLSCAASGLTDRRYTMGWFRQAPGKEREFVAAINSGGSTLYADSVKGRFTISADNSKNTAYLQMNSLKPEDTAVYYCAAGNGGRTYGHSRARYEWGQGTLVTVSS
seq8088,EVQLVESGGGLVQAGGSLRLSCAASGFTLENNMMGWFRQAPGKERELVSAIGWSGASTYYADSVKGRFTISADNAKNTVYLQMNSLKPEDTAVYYCAANLRGDNWGQGTQVTVSS
seq8089,QVQLQESGGGLVQAGGSLRLSCAASGLYVEANDMGWFRQAPGKEREFVAAIAWRGSATSYADSVKGRFTISRDNARNTVYLQMNSLKPEDTAVYSCASGHTHGATMTAPGSFGSWGQGTQVTVSS
seq8090,QVQLQESGGGLVQAGDSLRLSCAASGRTFSSYAMGWFRQAPGKDREFVSTISRSGGSTYYADSVKGRFTISRDNAKNTVYLQMNSLKPEDTAVYYCAANRYGSSSYQGQYGSWGQGTQVTVSS
seq8091,EVQLVESGGGSVQAGGSLRLSCVVSGIPSSIRAMAWYRQAPGRQRDWVATIYSRSGGAVYADSVKGRFTISSDNAKNTIYLQMNSLKPDDTAVYYCRDVNRDYWGQGTQVTVSS
seq8092,EVQLVESGGGLVQSGGSLRLSCAASGFTFSGYWMYWVRQAPGKGLEWVSAISPGGGSTYYPDSVKGRFTISRDNAKNTLYLQMNSLKPEDTALYYCASSLTATHTYEYDYWGQGTQVTVSS
seq8093,EVQLVESGGGLVQPGGSLRLSCAASGSIFSINAMGWYRQAPGKQRDLVAHITFGGSSYYADSVKGRFTISRDNAKNTVYLQMNSLKPEDTAVYYCNARGLGSHRVSDYWGQGTQVTVSS
seq8094,QVKLEESGGGLVQPGGSLRLSCAASEFTFSSSWGHWVRQAPGKGLKWVSSINSGGEGTYYADSVKGRFTISRDNGKNTLYLEMNSLKSEDTAVYYCTSASGAWGQGIQVTVSS
seq8095,EVQLVESGGALVQAGGSLGLSCSASGLLFIRNSAGCYRQAPGKHREFVARIRMGGSINYGDSVKGRFTVSRDIAKNTVYLQMNDLKPEYTAIYFCSSWREGYYEYWGQGTQVTVSS
seq8096,EVQLVESGGGVVQPGGSLRLSCAASISIFDIYAMHWYRQAPGKQRELVAVSFRDGSTYYADSVKGRFTISRDNSKNTLYLQMNSLRPEDTAVYLCHVSLYRDPLGVAGGMGVYWGKGALVTVSS
seq8097,DVQLVESGGGLVQAGGSLRLSCAASGGTLSKNTVAWVRQAPGKERGFVTSITCDGRTTYYANSVKGRFPISRDNAENTVYLQMNSLKPEDTAGYVCADLGKWPAGSADYWGQGTHVTVSS
seq8098,QVKLVESGGGSVQAGGSLRLSCAASRYTDNFVYMGWFRQAPGKEREGVALIYPGGGSTYYASSVKGRFTISQDNAKGTVHLQMNNLKPEDTAMYYCAAKWGLGGGGLKSDTYMYWGQGTQVTVSS
seq8099,DVQLQESGGGSVQAGGSLRLSCAASGYTHSSYCMAWFRQAPGREREGVASIDSDGTTSYADSVKGRFTISQDNAKNTLYLQMNSLKPEDTAMYYCAARFGPMGCVDLSTLSFGHWGQGTQVTVS
seq8100,EVQLVESGGGLVQPGGSLRLSCAASGFTLDYYAIGWFRQAPGKEREGVSCIVSSDGSTYYADSVKSRFTISRDNAKNTVYLHMNSLKPEDTAVYYCAAVHGLKLPTLRGLGGSYYYLQARSYDYWGQGTQVTVSS
seq8101,GLAQAGGSLRLSCAASGRTFSSYAMAWFRQAPGKEREIVATISWNGDTTDYADSVKGRFTISRDNAKNTVYLQMNSLEPEDTAVYYCAADSSRWVFYDYWGQGT
seq8102,EVQLVESGGGLVQAGGSLSLSCTASGGTFRNFGMGWFRQAQGKEREFVAAISRSGGHIYYSDSVKGRFTIARANAKNMVSLQMNSLKPEDTAVYYCAARFRFDDGTYYYQRAFYDFWGQGTQVTVSS
seq8103,EVQLVESGGGVVQPGGSLRLSCAASGLTFSSYAMGWFRQAPGKEREFVASISRGGGYTYYADSVKGRFTISRDNSENTVYLQMNSLRPEDTALYYCAAARYWATGSEYEFDYWGQGTLVTVSS
seq8104,EVQLVESGGCLVQAGGSLGLSCSAPGLLFSPNSAGWYRQAPGKQREFVARILMGGSINYGDSVKGRFTVSRDIAKNTMYLQMKDLKPEDTAKYFCSRWREGFYEYCGQGTQVTVSS
seq8105,VQLVETGGGLVQPGGSLRLSCAASGFTFSSYRMSWYRQAAGKERDVVATITANGVPTGYADSVMGRFTISRDNAKNTVYLEMNSLNPEDTAVYYCNAPRLHTSVGYWGQGTQVTVSS
seq8106,EVQLVESGGGLVQPGGSLRLSCAASGFTFGSYDMSWVRRSPGKGPEWVSAINSGGGSTYYTDYVKGRFTISRDNAKNTLYLQMNSLKPEDTAVYYCAADRYIWARQGEYWGAYQYDYWGQGTQVTVSS
seq8107,EVQLVESGGGLVQPGGSLRLSCAASGFTFDDYALGWFRQAPGKEREGVSCIRCSDGSTYYADSVKGRFTISRDNSKNTVYLQMNSLRPEDTAVYYCAASIVPRSKLEPYEYDAWGQGTLVTVSS
seq8108,DVQLVESGGGLVQPGGSLRLSCTASGTIVNIHVMGWYRQAPGKQRELVALIFSGGSADYADSVKGRFTISRDNSKNTVYLQMNSLRPEDTAVYYCAAEIGYYSGGTYYSSEAHWGQGTLVTVSS
seq8109,EVQLVESGGGSVQAGESLRLSCAASGTIFSSNAMAWYRQAPGKQRDLVAGINSVDITKYADSVKGRFTISRDNAKNTVYLQMNSLKPEDTAVYYCTSDPRRGWNTRYWGQGTLVTVSS
seq8110,EVQLVESGGGLVQPGGSLRLSCAASGRHHSDYAMAWFRQAPGQEREFVAGIGWSGGDTLYADSVRGRFTISRDNSKNTLYLQMNSLRAEDTAVYYCAARQGQHIYSSMRSDSYDYWGQGTLVTVSS
seq8111,QVQLVESGGGLVQAGGSLRLSCAASGFTLGHNQVAWFRQAPGKEREGVACISATGASTHYADPVKGRFTVSRDNTKNVVYLQVNSLKPEDTANYVCASRFSLMSIDASMCLSAPQYDRWGQGTQVRISS
seq8112,EVQLVESGGGLVQAGASLRLSCAASGRRFISNYAMGWFRQAPGQERAFVAAISRSGSITYYTDSVKGRFSISRDYAKSTVYLQMDNLKPEDTAVYYCAADGGAVRDLTTNLPDYWGRGTQVTVSS
seq8113,QVQLQESGGGLVQAGGSLRLSCAASGSIFRASYMGWYRQAPGKEREFVAAISTGTNTYYADSVKGRFTISRDNAKNTVYLQMNSLKPEDTAVYYCAVIEYYYYQFDYWGQGTQVTVSS
seq8114,QVQLVESGGGLVQAGGSLRLSCAASGRTFSSYAMGWFRQAPGKEREFAAVITWNGGSTHYADSVKGRFTISRDNAKNTVYLQMNSLKPEDTAVYYCAADPMNSPYWGQGTQVTVSS
seq8115,QVQLVESGGGLVQAGDSLRLSCTASERNLRSYDMAWWRQAPGKEREYVAVITSSGDSTHYSDFVKGRFTISRDNAKNTVSLQMDSLKPEDTASYYCNVNAIRQWPWGQGTQVTVSS
seq8116,VQLQESGGGSVQAGGSLRLSCAYTPRRLCMGMGWFRQGLGKEREGVATIDDAGSTTYADSVKARFTISQDNAKNTLYLQMDSLKPEDSAMYYCAARAGVGWYQVSCPEESRTSAFVYWGQGTQVTVSS
seq8117,EVQLVESGGGLVQPGGSLRLSCAASGTIFSTSTMGWYSQAPGKQRELVADITFLGSAKYADSVKGRFTISRDKIKNTVYLQMNSLKPEDTAAYYCNARQSTFRGVHYNYWGQGTQVTVSS
seq8118,EVQLVESGGGLVQAGESLTLSCAASGRTLSAYIMGWFRQAPGKEREFVAGIWSGGYTHLADSAKGRFSISRDNAKNTVYLQMNGLKPEDTALYYCAAGLRGRQYSNWGQGTLVQVSS
seq8119,QVQLQESGGGSVQTGGSLRLSCAASTSLYSYNYMAWFSQAPGKGREGVAAVYVGDGRPYYAASVKGRFTISLDSAKNTVYLQMNSLKPEDTAMYYCAAAPGPLSHNYWYTSANYDYWGQGTQVTVSS
seq8120,EVQLVESGGGLVQAGGSLRLSCAASGFTLDGYAIGWFRQAPGKEREAISCITTAGTIYYADSVKGRVTISRDNAKNTVYLQMNSLKPEDTAVYLCAADGFDTPCVAGTDWGYDYEGQGTQVTVSS
seq8121,EVQLVESGGGLVQPGGSLTLSCVASGSTSSINAMAWYRRAPGKQRELAAGISSDGSKVYADSVKGRFTISRDNAKNSVYLQMNSLRAEDTAVYYCYYFHTVSGSSMRYWGQGTLVTVSS
seq8122,EVQLVESGGGSVQAGESLTLSCVASISTFSQNAMGWFRQAAGKRRESVARISSSGNVGYTDAVKGRFTMSRDNAKKTVYLQMNSLKPEDTAVYYCNAYSMSGELAAPWGQGTQVTVSS
seq8123,EVQLVESGGGLVQAGGSLRLSCEASGRTFSPIAMGWFRQAPGKEREFVAVVTRWSGARTVYADSVKGRFTISRDNAENTVYLQMNSLKPEDTAVYTCAADSTNRNSGAIYYTWAYDYWGQGTQVTVSS
seq8124,QVQLVESGGGLVQPGGSLRLSCAASGTITRSPTMSWARQAPGRQREWVTSILGTGRTDYADSVKGRFTISRDNANNTVYLQMNNLKPEDSAVYYCYTVLNGRPSWGQGTQVTVSS
seq8125,QVQLQESGGGLVQPGGSLRLSCAASGFTFNNHWLYWVRQAQGKGLEWVSAINPGGSTVYLDSVKGRFTISRGNTKNTLYLQMNSLKSEDTAVYYCTKAMAWATDWDEYDLWGQGTQVTVSS
seq8126,QVQLQESGGGSVQAGGSLRLSCAASGYTSRPNFMVWFRQAPGKEREAVAGIYTVTGGTLYSDPVKGRFTISQDKAKNTVYLQMNSLNPEDTAMYYCAVKWYGGSWSDAATFRTWGRGTQVTVSS
seq8127,DVQLQASGGGTVQPGASLKLACKVSGRTFNTYVVGWFRQAPGQGREFVATFSSSGGDVHYASSVTGRFIMSRDDAQNTEYLEMNGLKIEDTAVYYCALRNAYTFSALEHQYPYWGQGAQVTVSS
seq8128,EVQLVESGGGLVQPGGSLRLSCAASGSTFSIYAMGWFRQAPGKEREFVAAISWSGDTTYYADSVKGRFTISADNSKNTAYLQMNSLKPEDTAVYYCAIDLPDDTYLATEYDYWGQGTLVTVSS
seq8129,EVQLVESGGGLVQAGGSLRLSCAASGFTFDDYAIGWFRQAPGKEREGVSCISSRDGMTYYADSVKGRFTISSDNARNTVYLQMNSLKPEDTAVYYCAADLVGSFPCPVAAYDYWGQGTQVTVSS
seq8130,QVQLQEFGGGLVQAGGFLKFSCAASGRTFSSYTMGWFRQAPGKERERVAVISTSGGSTNYTGSVKGRFTVSRDNAKNTVYLQMNSLKPEDMAIYYCAARMGTFVTSPLASYDYWGQGTQVTVSS
seq8131,ASGGGLVQIGGSLRLSCAASGRSTSINLISWYRQAPGKQRELVAKVPRSGLITFADSVKGRFSISRDSDKNTVYLQMNNMQPEDTAVYYCNAEGTWYSGPRGGYWGQGTQVT
seq8132,HVQLQQSGGGLVQPGGSLRLSCAASGFTLDYYAIGWFRQAPGKEREGVSCISSSGGSTYYADSVKGRFTISRDNAKNTVYLQMNSLKPEDTAVYYCAVAQSCLRGGVRGGYWGQGTQVTVSS
seq8133,VQLQESGGGLVTAGGSLRLSCAASRNFFTFRAMGWYRQAPGKQREMVASITTGGRTVYADSVKGRFTISKSNANNTVYLQMNSLEAEDTAVYYCNARRRFPVPGPTDYWGRGTLVTVSS
seq8134,QVQLQESGGGLVQAGGSLRLSCVVSGSIMSIRVMGWYRQAPGKQRELVATMSRGGTINYADSVRGRFTISRDNAKSTVYLQMNSLKPEDTAVYYCAALLDSYYWGQGTQVTVSS
seq8135,EVQLVESGGGLVQPGGSLRLSCAASGIPSSIRAMGWFRQAPGKEREFVAVIRWTGGSTYYADSVKGRFTISADNSKNTAYLQMNSLKPEDTAVYYCARDIGYYDSSGYYNDGGFDYWGQGTLVTVSS
seq8136,QVQLQESGGGLVQAGGSLRLSCAASGNISNWYTMGWYRQAPGKEREFVAAIDVGATTYYADSVKGRFTISRDNAKNTVYLQMNSLKPEDTAVYYCAARFAVTRTKKYGLYYWGQGTQVTVSS
seq8137,VKLEESGGGLVQPGGTLRLSCAASGSIRSIGDMEWYRQAPGQQRELVASISAGPEMRSAGTPTYAKSVEGRFTISRDNIKNMMWLQMNSLRPEDTAVYSCNADVLTYYNGRYSRDVYWGQGTQVTVSS
seq8138,VQLVESGGGLVQVGGSLRLSCVVSGSDISGIAMGWYRQAPGKRREMVADIFSGGSTDYAGSVKGRFTISRDNAKKTSYLQMNNVKPEDTGVYYCRLYGSGDYWGQGTQVTVSS
seq8139,QVQLQESGGGLVQAGGSLRLSCAASGFTFDDYAIGWFRQAPGKEREGVSCLKSSDGRIYYADSVKGRFTISSDNAKNTVYLQMNSLKPEDTAVYYCAAERKFYGLGYCSEYGMDYWGKGTLVTVSS
seq8140,EVQLVESGGGLVQAGGSLRLSCVASAEGSFSTYVMAWFRQAPGKEREFAAAISGRSGLTSYADSVKGRFTISRDNAKNTVYLQMNSLKPEDAARYYCAADRRAWSARPDMGNYYWGQGTQVTVSS
seq8141,EVQLVESGGGLVQAGGSLRLSCAASGRTFSPYAMGWFRQAPGKEREFVAAISWSGGTTYYADSVKGRFTISRDNAKNTVYLQMNSLKPEDTAVYNCAADVSSTNSGSYIYTWAYDYWGQGTQVTVSS
seq8142,EVQLVESGGSLVQPGGSLRLSCAASGFTFDDYAMTWVRQAPGKGLEWVSSINWSGTHTDYADSVKGRFTISRNNANNTLYLQMNSLKSDDTAVYYCAKNWGDAGTTWFEKSGSAGPGTQVTVSS
seq8143,EVQLVESRGGLVQPGGSLRLSCAASGFTFSSSWMYWVRQAPGKGLEWVATIKTGGSAAYADFVKGRFTISRDDAKNTLYLQMNSLKPEDTAQYYCARDYAGRLRGQGTQVTVSS
seq8144,QVQLQESGGGLVQAGGSLRLSCTASGLTFALGTMGWYRQAPGKQRELVASISTGSTNYADSVKGRFTISRDIIKNILYLQMNSLKPEDTAVYSCNARLWWSNYWGQGTQVTVSS
seq8145,EVQLVESGGGLVQPGGSLRLSCAASGSTFGDSDMGWYRQAPGKGCELVSIISSDGRTYYVDSVKGRFTISQDNAKNTVYLQMNSLRPEDTAVYYCAADLRLNCRDGRCCGYWGQGTLVTVSS
seq8146,EVQLLESGGGLVQPGGSLRISCAASGGSLSNYVLGWFRQAPGKGREFVAAINWRGDITIGPPNVEGRFTISRDNSKNTLYLQMNSLAPEDTAVYYCGAGTPLNPGAYIYDWSYDYWGQGTLVTVSS
seq8147,EVQLVESGGGWVQAGDSLRLSCTASGSAFSSSVVGWFRQAPGKEREFVTAINWSGARTYYVDSVKGRFTISRDNAKNTAYLQMNSVKPEDTAVYYCAAGRDARARALTEYEYVWWGQGTQVTVSS
seq8148,QVQLQESGGGLVQAGGSLRLSCAVSGNTLSRYAMGWFRQTPGKEREFVAAIRWNNGATYYAESVEGRFTISRDNGKNTVYLQMNNLKPEDTAVYYCAGRFLGYASSNAYHEALYNYDYWGQGTQVTVSS
seq8149,EVQLVESGGGLVQAGGSTRLTCHASGSIFNINSINVMAWYRQAPGKQRELVAIIGKGGGTNYADFVKGRFTISRDAAKNTVNLQMNSLKPEDTAVYYCYADYEDRDSPFNASWGQGTQVTVSS
seq8150,VQLQESGGGLVQAGGSLRLSCAASGSIIGINSMGYYRTAPGKQRELVAAITSGGRTTYVDSVKGRFTISRDNAKNTVYLQMNSLKPEDTAVYFCKAFTRDEDYWGQGTQVTVSS
seq8151,EVQLVESGGGLVQPGGSLTLSCAASGSSVSRLSMAWYRQAPGKKRELVAGISVDGSTDYIDSVKGRFTISRDNAKNSVYLQMNSLRAEDTAVYYCYAYRWTTRLTYWGQGTLVTVSS
seq8152,EVQLVESGGGLVQPGGSLTLSCVASGSTSSINAVGWYRRAPGKQRELVAGISSDGSKVYVDSVKGRFTISRDNAKNSVYLQMNSLRAEDTAVYYCYYFRTVYGSSMRYWGQGTLVTVSS
seq8153,EVQLVQSGGGSVQVGGSLRLSCAASGSTLNIDHIGWYRQAPGKERELVGVISSGAGPNYADSVKGRFTISRDNAKNTVYLQMNSLKPEDTAVYNCNAWIDYGSGLPQNYWGQGTQVTVKP
seq8154,EVQLVESGGKLVQAGGSLRLSCSASGRTFSFSTSTMGWFRQAPGKELEFVAAIDWSDFNTYYADSVKGRFTISRHNPRNSVYLQLNSLKPEDTAVYYCAAHSETRDGTRTFDRPSLYNYWGQGTQVTVSS
seq8155,EVQLVESGGGLVQAGGSLRLSCSASGATHHTNNMGWYRQAPGKERELVANIRTGGRTDYADSVKGRFTISRDIPWNSVYLQMNSLKVEDTAVYHCKSDGIYLDDSSGRWADYDSWGQGTQVTVSS
seq8156,ESGGGSVQVGGSLKLSCKISGGTPDRVPKSLAWFRQAPEKEREGIAVLSTKDGKTFYADSVKGRFTIFLDNDKTTFSLQLDRLNPEDTADYYCAANQLAGGWYLDPNYWLSVGAYAIWGQGTQVTVSS
seq8157,EVQLVESGGGLVQTGGSLRLSCAASGRTFSNYTMGWFRQAPGKDREFVAAISRSGNLKSYADSVNGRFTISRDNAKKMAYLQMNSLKPEDTAVYYCAAAPVPWGTRPSFLTYDSWGQGTQVTVSS
seq8158,QVQLQESGGGLVQAGGSLRLSCAAPGFAFNDHAILWFRQAPGKEREGVSEICRDGTTYYTDSVKGRFTISSDNAKNTVYLQMNSVKTDDTAVYYCAVDRRRYYCSGNRAFSSDYYYWGQGTQVTVSS
seq8159,QVQLQESGGGLVQAGGSLRLSCAASGSTFSITYMTWFRQAPEKQRELVAEMSRRGSTFYADSVKARFTISRDNTKNTVYLQMNSLEPEDTAVYYCSVGARRDEDDYVYWGQGTQVTVSS
seq8160,EVQLVESGGGLVQAGGSLRLSCAASGRTYYLNAMGWFRQGPGKDREFVAAIDWSDGNKDYADSVKGRFTISRDNAKNTVYLQMNSLKPEDTAVYYCAADTPPWGPYIYIESYDSWGQGTLVTVSS
seq8161,QVQLQESGGGLVQAGGSLRLSCAASGRTFSSLDMGWFRQAPGKEREFVAGISRSGISQYYADSMKGRFTISRDNAKNLVYLQMNSLKPEDTAVYYCAAALTFRGSDLPRDSNYWGQGTQVTVSS
seq8162,EVQLVESGGGLVQPGGSLRLSCAASGYTISSYCMGWFRQAPGKEREGVAAIDSDGSTSYADSVKGRFTISKDNSKNTLYLQMNSLRAEDTAMYYCAADFCWVDDFYEYNYWGQGTLVTVSS
seq8163,AVQLVESGGGLVQAGGSLRLSCAASGRTFSSYVMGWFRQAPGKEREFVAAIGWSGGSTAYADSVKGRFTISRDNARNTVYLQMNSLKPEDTAVYYCASAPTRWVPRDSRFYDRWGQGTQVTVSS
seq8164,QVKLEESGGGLVQAGGSLRLSCVASGSGFGINGVIWYRQAPGKQRELVALIKSDGYTNYRESVKGRFTISRDDAKNTVWLQMNALEPEDTGVYYCKTPGVPFGQGTPVTVSS
seq8165,QVQLQESGGGSVQAGETLRLSCTASGFTFDDSDMGWYRQAPGNECELVSRISSDGSTYYADSVKGRFTISQDNAKNTVYLQMNSLKPEDTAVYYCAALEWEYELGTCEALDYWGQGTQVTVSS
seq8166,EVQLVESGGGEVQPGGSLRLSCAASGSTFSKYHMSWFRQAPGKQREPVATSHHGGTTNYAGSVKGRFTISRDNAKNTVYLQMNSLRAEDTAVYYCKADHGYQGRGYWGQGTLVTVKP
seq8167,EVQLVESGGGLEQAGGSLRLSCAVSRSIFETNTMAWFRQAPGKQRELVARISSTGDTNYADSVKGRFTISRDNAKNTVYLQMNSLKPEDTAVYYCHVAGPYGSKFAWGQGTQVTVSS
seq8168,QVQLQESGGGLVQPGESLRLSCAATGRYHLAWFRQAPEKEREFVGTITSADSTWYTNSVKGRFAITRDSARNTVYLQMNDLKPEDTAVYYCAAALYYGDSRRAADYPYWGQGTQVTVSS
seq8169,EVQLVESGGGLVQAGGSLRLSCAASGFTFDDYAIGWFRQAPGKEREGVSCISSSDGSIFYADSVKGRFTISSDNAKNTVYLQMNSLKPEDTAVYYCAAALRTVLAGTPTCDRYEYDYWGQGTQVTVSS
seq8170,EVQLVQSGGGLVQAGGSLRLSCAASGSTFSSLDMGWFRQAPGKERAFVAAISRSGDNIYYAESVKGRFTISRDNAENTMYLQMNSLKPEDSAVYYCAVESQPTYSGGVYYPRYGMDVWGQGTQVTVSS
seq8171,QVQLVESGGGLVQPGGSLRLSCAASGFTFSSYGMSWVRQAPGKGLEWVSGINSGGGSTSYADSVKGRFTISRDNAKNTLYLQMNSLKSEDTAVYYCAKDASEDAGRLYWTDYWGQGTQVTVSS
seq8172,EVQLVESGGGLVQPGGSLRLSCAASGRTFRSYPMGWFRQAPGKGREFVASITGSGGSTYYADSVKGRFTISRDNAKNTLYLQMNSLRPEDTAVYSCAAYIRPDTYLSRDYRKYDYWGQGTLVTVSS
seq8173,EVQLVESGGGEVQPGGSLRLSCAASEIITSDKSVGWWRQAPGKQRNLVAGISNVGSTNYAQSVKGRFTISRDNAKNTLYLQMSSLRAEDTAVYYCYARDFENEYWGQGTLVTVKP
seq8174,DVQLQESGGGLVQAGGSLRLSCAASGATFSSYYIGWFRQAPGKEREFVAAINGSGGNRISADSVKGRFTISRDNAKNTVYLQLNSLKPEDTAVYYCAASLTYYGRSAHYDYWGQGTQVTVSS
seq8175,EVQLVESGGGVVQPGGSLRLSCAASISIFDIYAMDWYRQAPGKQRELVAVSFRDGSTYYADSVKGRFTISRDNSKNTLYLQMNSLRPEDTAVYLCHVSLYRDPLGVAGGIGVYWGKGALVTVSS
seq8176,QVQLVESGGGLVQPGGSLRLSCAASGFTFSSSWMYWVRQAPGKGLEWVATVKTNNSTVYADFVKGRFTISRDNAKNTLYLRMNSLKPEDTALYYCARDYAGRLRGQGTQVTVSS
seq8177,EVQLVESGGGLVQPGGSLRLSCAASGRTYDAMGWFRQAPGKEREFVAAISGSGDDTYYADSVKGRFTISRDNSGITMYLQMNSLRPEDTAVYYCATRRGLYYVWDSNDYENWGQGTLVTVSS
seq8178,EVQLVESGGGLVQAGGSLRLSCVASGFTFDDYAIGWFRQAPGKEREGVSCISSSDGSTYYADSVKGRFTISGDNAKNTVYLQMNSLKPEDTAVYYCAAGITPCSDYTQTYEYDVWGQGTQVTVSS
seq8179,DVHLQDSGGGSVQAGGSLTLSCLMSGHTYYGPCVGWFPQRPGKAREGIAQMIPIGGSVSYSGGVKGRFTISRDNSKNTIALIMNDLVPEDTATYYCATDSGGLCSHRERDYDIWGQGTQVTV
seq8180,QVQLQESGGGLVQPGGSLRLSCAASGFTFSNKVMSWVRQAPGKGFEWVSSIARGGDWTTYADSVEGRFTISRDNAKNTLYLQLNSLKTEDTAMYYCAQAENWKTPPGQGTQVTVSS
seq8181,QVQLQESGGGLVVAGGSLRLSCAASGSSVSFLSIAWYRQAPGKKRELVAGISTDGTTNYVDSVKDRFTISRDNAKNTVYLQMNSLQPEDTAAYYCYAYRWVGRDTYWGQGTQVTVSS
seq8182,EVQLVESGGGLVQAGGSLRLSCAASGFTLDDYAIGWFRQAPGKEREGVSSIRDNDGSTYYADSVKGRFTISSDNDKNTVYLQMNSLKPEDTAVYYCAAVPAGRLRFGEQWYPLYEYDAWGQGTLVTVSS
seq8183,QVQLQESGGGLVQPGGSLRLSCAASGFTFSRYAMSWVRQAPGKGPEWVSAINSPGGSTSYADSVKGRFTISRDNAKNTLYLQMNSLKPDDTAVYYCAKYERATEWGHTIVAVTPLLDGVHDYWGQGTQVTVSS
seq8184,QVQLVESGGGLVQAGGSLRLSCVASGSAPSFFAMAWYRQSPGNERELVAALSSLGSTNYADSVKGRFTISMDNAKNTVYLQMNNVNAEDTAVYYCAAGDFHSCYARKSCDYWGQGTQVTVS
seq8185,EMQLVESGGGLVQAGGSLRLSCAASGSRLRFELMGWYRQAPGKPRDLVALITSSGSANYADSVKGRFTISRDNAKNTLYLQMNSLKPEDTGVYYCNAHTYTDNLWGQGTQVTVSS
seq8186,KVQLVESGGGLVQPGGSLRLSCAASGFPFSIYPLKWVRQAPGKGLEWVSHISRDGGRTMYADSVKGRFTISRDNAKNMLYLQMNSLKPEDTAVYFCARSAGKVVSRASLENDYRGQGTQVTVSS
seq8187,EVQLVESGGGLVQPGGSLRLSCAASGLTLDYYALGWFRQAPGKGREGVSCISSSDHTTTYADSVKGRFTISWDNAKNTLYLQMNSLKPEDTAVYYCAADPALGCYSGNYYPRYDFWGQGTQVTVSS
seq8188,EVQLVESGGGLVQAGGSLSLSCTASGGTFRNFAMGWFRQAQGKEREFVATISRSGGHIFYSESVKGRFTISRDNAKNMVSLQMNSLKPEDTAVYYCAARFRSDDGTYYYQRIFYDFWGQGTQVTVSS
seq8189,EVQLVESGGGEVQPGGSLRLSCAASGSTFSMYHMSWFRQAPGKQREPVATSHHGGTTNYAGSVKGRFTIFRDNAKNTVYLQMNSLRAEDTAVYYCKADHGYNGRGYWGQGTLVTVKP
seq8190,EVQLVESGGGLVQAGGSLRLSCAASGRPFSNYAMGWFRQAPGKEREFVAAISWSGGSTSYADSVKGRFTISRDNAENTVYLQMNSPKPEDTAIYYCAAQFSGADYGFGRLGIQGYEYDYWGQGTQVTVSS
seq8191,QVQLQESGGGLVQAGGSLRLSCVVSGSIMSIRVMGWYRQAPGKQRELVATMSRGNTINYADSVRGRFTISRDNAKNTVYLQMTSLKPEDTAVYYCAALLDSYYWGQGTQVTVSS
seq8192,EVQLVESGGGLVQPGGSLTLSCVASGQTSSINAMGWYRRAPGKQRELVAGISSDGSQVYADSVKGRFTISRDNAKNSVYLQMNSLRAEDTAVYYCYYFRTKSGSSMRYWGQGTLVTVSS
seq8193,EVQLVESGGGLVQPGGSLRLSCAASGSVFKINVMAWYRQAPGKGRELVAGIVTGGSTSYADSVKGRFTISRDNAKNTLYLQMNSLRPEDTAVYYCAFITTESDYDLGRRYWGQGTLVTVSS
seq8194,EVQLVESGGGSVQPGGSLRLSCVASGSISSVNAMGWHRQVPGKQRELVAIVTDGFTNYADFAKGRFTISRDNAKTTVYLQMNSLQPEDTARYYCRYSGIGTDNWGQGIEVTVSS
seq8195,QVQLQESGGGLVQPGGSLKLSCAASGSTFRHHAMAWFRQTPGKEREFVSAINDHGDRTKYLDSVRGRFTISRDNTDNMVYLQMSDLRPEDTAVYSCAAGPLVDYLETTPLVYTYWGQGTQVTVSS
seq8196,EVQLVESGGGLVQAGGSLNLSCNASGDIGSINAMGWHRQAPGQQREWVAVITDTDSTIYPDSVKGRFAISRDGAKNTVHLRMSSLKPEDTAVYYCNAYQAGWGDYWGQGTQVTVSS
seq8197,EVQLVESGGGVVQPGGSLRLSCAASGRTLSSYAMGWFRQAPGKEREFVARISQGGTAIYYADSVKGRFTISRDNSKNTVYLQMNSLRPEDTALYYCAKDPSPYYRGSAYLLSGSYDSWGQGTLVKVSS
seq8198,EVQLVESGGGLVQPGGSLRLSCAASGFTFSIYGMSWVRQAPGKGLEWVSVINSGGDSTSYADSVKGRFTISRDNAKNTLYLQMNNLKPEDTAVYYCAKGGVLGHSNYYAMDYWGKGTLVTVSS
seq8199,EVQLVESGGGLVQAGGPLRLSCTASGRTFTDYDMGWFRQAPGKEREVVAIIDTNGDNTLTVGSVKGRFAISSDNAKNTVYLQMNSLLPEDTAVYTCAAGAWSALRRSVANYWGQGTQVTVSS
seq8200,GLVQAGGSLRLSCVASGRTFSNYAMGWFRQAPGKEREFVAGINWINDNTYYIDSVKGRFTISRDNAKNTVFLHMNSLKPEDTAVYFCAAGMEILTRGHYGMDYWGKGT
seq8201,QVQLVESGGGLVEPGGSLRLSCPLSGLGFSPNHMCWYRQSPGKLREMVACITSGGSPNYSDTAKGRFTISRDRTTNTVYLQMDSLKPDDTAIYYLKAEDWTTTPRSDYWGQGTQVTVSS
seq8202,QVQLQQSGGGLVQAGGSLRLSCAASGLTFGSPAMAWYRQAPGKEREWVATISRGGSTYYADSVKGRFTISRDNAKNTSYLQMNSLKPEETAVYYCAAGLSSMRYDYWGQGTQVTVSS
seq8203,EVQLVESGGGLVQPGGSLRLSCAASGRTFNNYAMGWFRQTPGKGREFVAAISWIIGSTYYADSVKGRFTISRDNAKNTLYLQMNGLRPEDTAVYYCAAEGGYSGTYYYTGDFDSWGQGTLVTVSS
seq8204,VRLVESGGGSVQAGGSLRLSCVASGYFYNTYYFMGWFRQAPGKEREGVAAIDTDGRTSYADSVKGRFTISKDNAKNTLYLQMNSLKPEDTAMYYCAAGFGYMNVIQALNGMRQNPDYWGQGTQVTVSS
seq8205,EVQLVESGGGLVQPGGSLRLSCAASGGTFSSYAMGWFRQAPGKEREFVAAISWRSGSTYYADSVKGRFTISRDNSKNTVYLQMNSLRPEGTAVYYCAADPRGYGVAYVSAYYEYWGQGTLVTVSS
seq8206,QVQLVESGGGLVQAGDSLRLSCAASGRDSSRDAMAWFRQAPGKQLELVASITAGGHTNYADSVEGRFTISRDNAKNTVYLQMNALEPEDTAVYRCFADVYGSDRPSWGRGTLVTVSS
seq8207,QVQLQQSGGGLVQAGSFLSFSCTASGRTFSNYAMGWFRQASGNQRAFVAAIGRNGDTHYIDSVKGRFTISRDNGKDTVYLQMNSLKPEDTAVYYCRIWVGARDYWGQGTQVTVSS
seq8208,QVQLVESGGGVVQPGGSLRLSCAASDSIDSLVNMGWYRQAPGKQRELVALIANYITHYADFVKGRFTISRDNSKNTLYLQMNSLRAEDTAVYYCYARNIIEDYWGQGTLVTVSS
seq8209,EVQLVESGGGLVQAGGSLRLSCAASGFTFDDYDIGWVRQAPGKGREGVSGISSSDGNTYYADSVKGRFTISSDNAKNTVYLQMNSLKAEDTAVYYCAAEPPDSSWYLDGSPEFFKYWGQGTLVTVSS
seq8210,EVQLVESGGGLVQAGGSLRLSCAASGRTFSSYAMAWYRQAPGKEREYVAAIRWSGGTAYYADSVQSRFTISRDNAKNTVYLQMNSLKPEDTAVYYCANRAPDTRLEPYEYDHWGQGTQVTVSS
seq8211,QVKLEESGGGSVQTGGSLRLTCAASGRTSRSYGMGWFRQAPGKEREFVSGISWRGDSTGYADSVKGRFTISRDNAKNTVDLQMNSLSPEDTAIYYCAAAAGSAWYGTLYEYDYWGQGTQVTVSS
seq8212,EVQLVESGGGLVQPGGSLRLSCAASGRTFGDYIMGWFRQAPGKERESVAAINWSAGYTPYADSVKGRFTISADNSKNTAYLQMNSLKPEDTAVYYCATDPPLFWGHVDLWGQGTLVTVSS
seq8213,EVQLVESGGGLVQAGGSLRLSCAASGFTFSTSWMGWFRQAPGKEREWVVGISSGGSTHYADSVKGRFTISADNAKNTVYLQMNSLKPEDTAVYYCAADVWYGSTWRNWGQGTQVTVSS
seq8214,EVQLVESGGGLVQAGGSLRLSCAAAGCTFRNYVMGWFRQAPGKEREFVTAISTGGTWTGYVDSVKDRFTISRDNTKNTVNLQMASLKPEDTAVYYCAATTPTTSYLPRSERQYEYWGQGTQVTVSS
seq8215,QVQLVESGGGLVRAGGSLKLTCAVSGDIFSIKAMGWYRRAPGKKRESVAAISAAGNTLYADSVKGRFTISRDNDANTLFLQMNSLKPEDTAMYYCAAEINNSDSLNQGGQGTQVTVSS
seq8216,QVKLEESGGGLVQVGDSLRLSCAASVSSFSINDMGWYRQAPGKQRELVATIASGGSTNYADSVKGRFTISRDNVKNTVYLQMNGLKPEDTAVYYCNADFRDWTRRRYSYWGQGTQVTVSS
seq8217,QVQLAETGGGSVQTGGSLRLSCAASGLPFRNYAMAWFRQAPGKEREFVAAISREGGRTYYADFVKGRFTISRDNGRNTIYLEMNSLASEDTAIYYCAGVEGAYTYRTGASYTYWGQGTQVTVSS
seq8218,QVQLQQSGGGLVQAGGSLRLSCAASGSTFSITYMAWFRQAPGKQRELVAEISSRGSVFYADSVKGRFTISRDNAKKTVYLQMNSLETEDTAAYYCSVGARRDEDDYVYWGQGTQVTVSS
seq8219,EVQLVESGGGEVQPGGSLRLSCAASGSMTGANTMGWYRQAPGKQRDLVALIGNYVTHYAESVKGRFTISRDNAKNTVYLQMSSLRAEDTAVYYCYLYTDNLGTSWGQGTLVTVKP
seq8220,QVQLQESGGGSVQAGGSLRLSCVASGYSVSKNSMGWFRQAPGKEREGVAGINEGGTATYYANSVKGRFTISQDNAKNTVYLQMNTLKPEDTAIYYCAAGSPDPPPLIESVVKYWGQGTQVTVSS
seq8221,EVQLVESGGGLVQPGGSLRLSCAASGRTFSYNPMGWFRQAPGKGRDVVAAISRTGGSTYYARSVEGRFTISRDNAKRSVYLQMNSLRAEDTAVYYCAAAGVRAEDGRVRTLPSEYNFWGQGTQVTVSS
seq8222,EVQLVESGGGLVQPGGSLRLSCAASGFSLDYYDMGWFRQAPGKEREFVAALGWSGGSTDYADSVKGRFTISADNSKNTAYLQMNSLKPEDTAVYYCAAGNGGRYGIVERWGQGTLVTVSS
seq8223,EVQLVESGGGLVQAGGSLRLSCAASGRTFSSYAMAWFRQAPGKEREFVAGINKSGGITHSADSVKGRFTISRDNAKNTVYLQMNSLKPEDTAVYYCAADAYTVIATLPHEYDYWGQGTQVTVSS
seq8224,QVQLQESGGGLVQAGGSLRLSCRVSGRTVGSYAMGWFRLQPGKERQFVAAIGWSGASTLYAESVKGRFTISRDNAKNTVYLQMNSLKPEDTAVYYCAQRPSSRYASRYLGDYAYWGQGTQVTVSS
seq8225,QVQLAESGGGSVHAGGSLRLSCVVSEYTFSSDSMGWFRQAPGKEREGVAAIDSDGSTSYAGSVKGRFTISKDNAENTLYLQMNSLKPEDTAMYYCATSPLWLLSRLDPADFEYWGQGTQVTVSS
seq8226,EVQLVESGGGLVQAGDSLRLSCAASGATLSSYTMGWFRQAPEKEREFVAGSSRDGRTNYYANSVKGRFTISRDNAKNTVYLQMNSLKPEDTAVYYCAAHTTSGVPVHERSYAYWGQGTQVTVSS
seq8227,EVQLVESGGGLVQPGGSLRLSCVAAGFTLDYYAIGWFRQAPGKEREGVSCITSDGRTYYADSVKGRFTISRDMAKKMVYLQMNSLKPEDTAVYYCAAGACMGGSGYEADFGSWGQGTQVTVSS
seq8228,EVQLVESGGGSVQAGGSLRLSCVASGRYPMAWFRQAPGKEREFVAGVSWGGDRTYYADSVQGRFTVSRDYAKNTLYLQMNSLKPEDAAVYYCAGDPWGRLFRVKDNYSDWGQGTLVTVSS
seq8229,QVQLQESGGGFVQAGGSLRLSCAASGSIFSINYGNWYRQAPGKQRELVAGISRGGRTKYADSVKGRFTISRDSAKTLTLQMTSLKPEDTAIYSCNARSFVRTYWGQGTLVTVSS
seq8230,VQLQESGGGLVQARGSLTLSCAASGRTFSNYVIGWFRQAPGEEREFVAVVTWSGDSTYSSDSLKGRFTISRDNAKNTVYLQMNNLNPEDTAVYYCAAMPPRAYTGRSVSLKDQSKYEYWGQGTQVTVSS
seq8231,EVQLVESGGGVVQPGGSLRLSCAASGGTFSTYVMGWFRQAPGKEREFVSAISQNSIHTYYADSVKGRFTISRDNSKNTVYLQMNSLRPEDTALYYCAASRFTSWYTADYEYDYWGQGTLVTVSS
seq8232,QVQLQESGGGLVQAGGSLRLSCVASGSIRSINVMGWYRQAPGKQRELVAACASDGNTYYADSVKGRFTISRDNAEKTVYLQMNNLKPDDTAVYYCDANSRGNYYSGQGTQVTVSS
seq8233,EVQLVESGGRLVQAGGSLRLSCAASGRTFDSNPMGWFRQAPGKKREFVAIISGNGGITNYANSVKGRFTISRDNAKNTIYLQMNSLKPEDTAVYYCAASGLYGSGSVYDLMYDYWGQGTQVTVSS
seq8234,DVQLVESGGGLVQAGGSLRLSCTASGLTISTYNIGWFRQAPGKEREFVGIIIRNGDTTYYADSVKGRFTISRDNAKNTVYLQMNSVKPADAAVYSCGATVRAGAAAEQYNSYIFRGQGTQVTVSS
seq8235,EVQLVESGGSLVQVGDSLTLSCAASERTFKYYTVGWFRQAPGKEREFVASIGRDSVVFYVDSVKGRFTISRDNAKNTAYLQMNSLKSEDTAAYYCAIDVALPTGQYMDVPGIDYWGQGTRVTVSS
seq8236,QVKLEESGGGLVQPGGSLRLSCAASGFTFSNYWMYWVRQAPGKGLEWVSTISPRAGSTYYADSVKGRFTISRDNAKNTLYLQMNSLEPDDTALYYCARSLIYKARPQSSDFVSWRQGTQVTVSS
seq8237,EVQLVESGGGVVQAGDSVRLSCAASGPTFRSYTMAWFRQTPGKERDIVAAISSSLGRTYYADSVKGRFQILRDNAKETVWLQMNSLKPEDTAVYICAASRSLNLAYTTKPYDYWGQGTQVTVSS
seq8238,EVQLVESGGGLVQPGGSLRLSCAASGFTFSSYAMSWVRQAPGKGLEWVSDINSGGGSTKYNDSVKGRFAISRDNAKNTLYLQMNSLKPEDTAVYYCAKEGGSGRYWTNEYDYWGQGTQVTVSS
seq8239,EVQLVESGGGLVQPGGSLRLSCAASGFTFDDYAMSWVRQAPGKGLEWVSIISWNGEITHYAESMKGRFTISRDNAKNTLYLQMNTLKSGDTAVYYCAKNHYTLTWGYDYWGQGTQVTVSS
seq8240,EVQLVESGGGLVQPGGSLRLSCAASGFTLDDYAIGWFRQAPGKEREGVSCINSNDGNTYYADSVKGRFTISRDNAKSTVYLQMNSLKPDDTAVYYCAAEAMGYCSAYGSFEGYWGQGTQVTVSS
seq8241,QVQLVQSGGGLVQAGGSLRLSCAASVRFFSINTMGWYRQAPGKQRELVADITSSGSTNYADSGKGRFTISRDNAKNTVYLQMNRLKPEDTAVYYCHADYKYTTHNTAWGQGTQVTVSS
seq8242,EVQLVESGGGLVKPGGSLRLSCAASGSFFRVNNMAWYRQGPGKQRELVADITRGDRTNYADSVNGRFTISRDNVRNTVYLQMNGLKPEDTAVYYCYATIELGVLEPRDYWGQGTQVTVSS
seq8243,EVQLVESGGGLVQPGGSLRLSCAASGFNIGTYTMGWFRQAPGKEREFVAAIGSNGLANYADNVKGRFTISADNSKNTAYLQMNSLKPEDTAVYYCSAALDGYSGTWGQGTLVTVSS
seq8244,EVQLVESGGGLVQPGGSLRLSCAASGRANSINWFGWFRQAPGKEREFVAGIRWSDAYTEYAASVKGRFTISRDNSKNTVYLQMNSLRPEDTAVYYCVLDLSTVRYWGQGTLVTVSS
seq8245,QVQLQESGGGSVQAGGSLRLSCVASGDTLRLCRMGWYRQAPGKGRELVSSMEIDGTTNYADSVKGRFTISQGDNRNTMYLQMNSLKPEDTAMYYCKMEGGYGGNCRLAIYNYWGQGTQVTVSS
seq8246,VQLQESGGGSVQAGGSLRLSCTVSGFTFDDVDMGWYRQAPGNECELVSTISSDGSTYYADSVKGRFTISQDNAKNTVYLQMNSLKPEDTAMYYCAAARYSDYEGMCGYWSQGTQVTVSS
seq8247,EVQLVESGGGLVQPGGSLRLSCAASGIPSTIRAMGWFRQAPGKERESVGRIYWRDDNTYYADSVKGRFTISADNSKNTAYLQMNSLKPEDTAVYYCAAVLDGYSGSWGQGTLVTVSS
seq8248,QVQLQESGGGLVQPGGSLTLSCAASGRIFRIDFMGWFRQSPGKQREMVATLTGDDIANYSDSVKGRFTISRDNSKNTFYLQMNSLKPDDTAVYYCNARGPYSRGSGPWGQGTQVTVSS
seq8249,QVHLVESGGGLVQAGGSLRLSCAASGRTFSSYAMGWFRQPPGKEREFVAAITWSGSSIYYADSVKGRFTISRDNAKNTVYLQMNSLKPEDTAVYYCAAEETSKYSGSYYYMMGDSYDYWGQGTQVTVSG
seq8250,QVQLQESGGGLVQAGGSLRLSCTASGRTFSSYTVAWFRQSPGKEREGISCISNTDSSTYYADSVKGRFTISSDNAKSTVHLQMSSLKPEDTAVYYCAADGNVWSPPICGSAGPPPGGMDYWGKGTQVTVSS
seq8251,RGAGVESGGGLVQAGDSLRLSCAASGRTFSTYATGWFRQAPGKEREVVAAISWNGGNTYYAASGKGRFTISRDNAKNTVYLQMNSLKPEDTAVYYCAATNSNTDWRTYTEYNYWGQGTQVTVSS
seq8252,QVQPVESGGGLVQPGGSLRLSCVVSGSDFTEDAMAWYRQASGKERESVAFVSKDGKRILYLDSVRGRFTISRDIDKKTVYLQMDNLKPEDTGVYYCNSAPGAARNYWGQGTQVTVSS
seq8253,EVQLVESGGGLVQPGGSLRLSCAVSGNIYNRNFMGWFRQAPGKGREGVSAIYTGTSRTYYADSVKGRFTISRDNAKNTVYLQMNSLRPEDTAVYYCAADLREGFWDTGVWNTWGQGTLVTVS
seq8254,QVQLQESGGGLVQPGGSLRLSCAASGFTFSSYSLTWVRQAPGKGLEWVSTIKARGGTTLYADSVKDRFTISRDNAKNTLYLLMNSLKPEDTAVYYCAKPLYNNFAGHFGSWGQGTTVTVSS
seq8255,EVQLVESGGGLVQPGGSLRLSCAASGTTFKVNIMAWYRQAPGKGRELVAAIITGGSTSYADSVKGRFTISRDNAKNTLYLQMNSLRPEDTAVYYCAFVTTNSDYDLGRDYWGQGTLVTVSS
seq8256,QVQLVESGGGLVQPGGSLRLSCAASGFTFDDYAMSWVRQAPGKGLEWVSAISWNGSSTYYAESMKGRFTISRDNAKNTLYLQMNSLKSEDTAVYYCAKDLIGSHDYWGQGTQVTVSS
seq8257,EVQLVESGGGLVQAGGSLRLSCTASGRAVSTYAMGWFRQAPGKEREFVAAMISSLSSKSYADSVKGRFTISRDYAKNTVYLQMNSLKPEDTADYYCAADLLPYSSTRSLPMGYDYWGQGTQVTVSS
seq8258,EVQLVESGGGLAQAGGSLRLSCTASGRTFNNYVMGWFRQAPGNEREFVAAITSTNGPTYYADSVKGRFTISGDNTKNKVFLQMDSLRPEDTAVYYCAIDEDLYHYSSYHYTRVALYHYWGQGTQVTVSS
seq8259,QVQLQESGGGLVQAGGSLRLSCAASGSDFSIYDIGWYRQAPGKQRELVAAIGRGGYTNIAASVKGRFTISRDNAKNTVNLQMNTLKPEDTAVYSCAAAKRYGRGRLDDITRYDYWGQGTQVTVSS
seq8260,QVQLVESGGGSVQAGQSLRLSCVVSEYPFKDMCLGWFHAAPGEEREGVAGIYTDGGNSRYSDSVKGRFTISVDNAKNTVYLQMNNLKPEDTGIYYCAASEYCSGGYPARVGKYPVWGQGTQVTVSS
seq8261,EVQLVESGGGLVQPGGSLRLSCAASGRAFSDYAMAWFRQAPGQEREFVAGIGWSGGDTHYADSVRGRFTISRDNSKNTLYLQMNSLRAEDTAVYYCAARQGQHIYSSMRSDSYDYWGQGTLVTVSS
seq8262,QVQLQESGGGLVQPGGSLRLSCAASGSTFSVNAVAWYRQAPGKRRELVAGISGGGVTNYPDSVKGRFTISRDNAKNTVYLQMSSLIPEDTAVYYCNLWPPRASPGGRVYWGQGTQVTVSS
seq8263,EVQLVESGGGLVQAGGSLRLSCELRGSIFSQYAMGWFRQAPGKEREFVAGMGAVAHYGEFVKGRFTISREDAKNTINLQMNSLKPEDTAIYFCARSKSTYISYNSNGYDFWGRGTQVTVSS
seq8264,GGGLVQAGGSLRLSCAASGRYAMGWFRQAPGKEREFVATISRSGAIREYADSVKGRFTISRDGAENTVYLEMNSLKPDDTAIYVCAEGRGATFNPEYAYWGQGTQVTVSS
seq8265,QVQLQESGGGMVEPGGSLRLSCAASGFRFSSYAMSWVRQAPGKGLERVSAINSDGDKTSYADSVKGRFTISRDNARNTLYLQMNNLKPEDTAVYYCADRDLYCSGSMCKDVLGGARYDFRGQGTQVTVSS
seq8266,EVQLVESGGGLVQPGGSLRLSCAASGLTFSDDTMGWFRQAPGKEREFVAAVSWSGGNTYYADSVKGRFTISADNSKNTAYLQMNSLKPEDTAVYYCATDPPLFWGQGTLVTVSS
seq8267,QVQLQESGGGLVQAGGSLRLSCAASGSTFSINAVAWYRQAPGKRRELVAGISGGGVTNYPDSVRGRFTISRDNAKNTVYLQMSSLKPEDTAVYYCNLWPPRASPDGRVYWGQGTQVTVSS
seq8268,QVQLQESGGGSVQTGGSLRLSCAASTSIYSNNYMAWFSQAPGKGREGVAAVYIDDGRPYYADSVKGRFTISLDSAKNTVYLQVNSLKPEDTAMYYCAAAPGPLSRNYWYTSANYDYWGQGTQVTVSS
seq8269,EVQLVESGGGLVQPGGSLRLSCAASGSTFSNYAMGWFRQAPGKERELVAAITSGGSTSYADSVKGRFTISADNSKNTAYLQMNSLKPEDTAVYYCARGDWRYGWGQGTLVTVSS
seq8270,QVQLQESGGGLVQAGGSLRLSCAASGTISTLRTMGWYRQAPGKEREFVASIGNGGSTYYADSVKGRFTISRDNAKNTVYLQMNSLKPEDTAVYYCAVRGGRRRTLQGGSYHLYWGQGTQVTVSS
seq8271,QVQLQESGGGLVQAGGSLRLSCAASGRTLSSNPMAWFRQAAGKEREFVAGMSWNPGPAVYADSVKGRFTISRDSAENTVYLQMNSLKPEDTAVYYCAGAARAWWSGSYDYTRMNNYDYWGPGTQVTVSS
seq8272,EVQLVESGGGLVQAGGSLRLSCAASGFTSDDYAIGWFRRAPGKEREGVSYVSIEDGSTYTADSVKGRFTISSDNAKNTVYLQMNSLKPEDTAVYYCAAAILGDYVRWLQEYDYDYWGQGTQVTVSS
seq8273,EVQLVESGGGLVQAGGSLRLSCESSISTFSSDAMGWFRQAPGKEREFLAAIGWSGAVTHYSDSVQGRFTISRDNAKNTLYLQMNSLKSEDTGRYYCAEDYDTDVWQYWGQGTQVTVSS
seq8274,VQLQQSGGGLVRAGGSLRLSCSASGRTFGNEVMGWFRQAPGKEREFVAAINWSSGNTYYRDSVKGRFTISRDNAKNTVYLQMNSLEPEDTAVYYCAARSRPAISTRRPDYFAWGQGTQVTVSS
seq8275,EVQLVESGGGLVQAGGSLRLSCAASGRTFSSIVMGWFRQAPGKEREFVGAIMWNDGITYLQDSVKGRFTIFRDNAKNTVYLQMNSLKLEDTAVYYCAASKGRYSEYEYWGQGTQVTVSS
seq8276,QVQLQESGGGLVQPGGSLRLSCADSGSTFTINAMAWYRQAPGKRRELVAGISGGVTNYPDSVKGRFTISRDNAKNTVYLQMSSLKPEDTAVYYCNLWPPRASPDGRVYWSQGTQVTVSS
seq8277,EVQLVESGGGLVQAGGSLRLSCAASGSIFSINAMGWYRQAPGKQRELVAAIISGGNTHYADSAKGRFTISRDNAKNTVYLQMNSLKPEDTAVYYCAAAKRRNGSYYFYGDYWDQGTQVTVSS
seq8278,QVQLQESGGGLVQAGESLRLSCLAAGRTFSTSTLGWFRQAPGLEREFVAAIRYTSDYTARTTDYADSVKGRFAISRDYIKQAVYLQMNNLKPEDTAVYYCAAAKYGMGYSDPSGYTYWGQGTQVTVSS
seq8279,QVQLQESGGGLVQPGGSLRLSCEASGFRLRNFGIGWFRQAAGKEREGVSCSNVRDGSTYYADSVKGRFIISRDNTRNTLSLQMNSLKPEDTAVYSCGTTDCEATGWGTYVGYFGQGTQVTVSS
seq8280,DVQLVESGGGVVQPGGSLRLSCTASGFTFSTADMGWFRQAPGKGREFVCRISGIDGTTYYDEPVKGRFTCSRDNSKNTVYLQMNSLRPEDTALYYCRSPRYADQWSALDYWGQGTLVTVSS
seq8281,SGGGLVHPGGSLRLSCAPSASLPSTPFNPFNNMVGWYRQAPGKQREMVASIGLRINYADSVKGRFTISRDNAKNTVDLQMDSLRPEDSATYYCHIEYTHYWGKGTLVTVSS
seq8282,EVQLVESGGGSVQAGGSLRLSCTAAGRPLDNYAMAWFRQAPGKEREFVAAISWSLSRTHYADSVKGRFTISRDNAKNTAFMQMSSLKPEDTAVYYCAAAPRPKYVSVRYFSTSSNYDYWGQGTQVTVSS
seq8283,EVQLVESGGGSVQAGDSLRLSCAASGRASSINWFGWFRQTPGKEREFVAGIRWSDAYTEYANSVKGRFTISRDNAKNTVDLQMDSLKPEDTAVYYCVLDLSTVRYWGQGTQVTVSS
seq8284,QVQLQESGGGLVQAGGSLRLSCAVSGNTLSRYAMGWFRQTPGNEREFVAAIRWNNGATYYADSVEGRFTISRDNAKNTVYLQMNNLKPEDTAVYYCAGRFLGYASSNAYHEALYNYDYWGQGTQVTVSS
seq8285,EVQLVESGGGLVQAGGSLRLSCAASGSTFNSYAMGWYRQAPGKQRELVAVISSGSVTNYADSVKGRFTISRDNAKNTVSLQMNSLKPEDTAVYYCFYSGSYYYPTDVHEYDYWGQGTQVTVSS
seq8286,QVQLQQSGGGLVQAGGFLRLSCAASGSVLSVVAMGWYRQAPGKERELVARITSGGSTIYADSVKGRFTISRDNAKNTVFLQMNSLKPEDTAVYYCAAPVITIATMCGSDFASWGQGTQVTVSS
seq8287,QVQLQESGGGLVQAGGSLRLSCAASGFDFRYNTMAWYRQAPGKQRELVATIASTYRTSYADSVKGRFTISRDNARGTVYLQMNSLKPEDTAVYYCAAARSLVQTPTSYDYWGQGTQVTVSS
seq8288,LQQSGGGLVQAGGSLRLSCAASGRTDSTDTMTWFRQAPGKEREFVASVSWIANTYYADSVKGRFTVSRDYTKNTVDLQMNNLTPEDTAVYYCAAADHGSRWWRQVADITTYDYWGQGTQVT
seq8289,EVQLVESGGGLVQAGGSLRLSCAGSGFTSDDYAIAWFRQAPGKEREGVSCIGSGDGTTYYADSVKGRFIISSENAKKTVYLQMNSLKPEDTGIYYCAADLYPPADYALDHTWYDYWGQGTQVTVSS
seq8290,QVQLQQSGGGLVQAGGSLRVSCAASGRTFSSYGMGWFRQAPGKEREFVAAISWSGGTQYYADSAKGRFTISRDNAKNTVYLQMNSLKPEDTAVYYCADYTDYVVYRPQEIGYWGQGTQVTVKP
seq8291,QVKLEESGGGVVQVGGSLRLTCAASGRTSRSYGMGWFRQAPGKEREFVSGISWRGDSTGYADSVKGRFTISRDNAKNTVDLQMNSLRAEDTAVYYCAAAAGSAWYGTLYEYDYWGQGTQVTVSS
seq8292,EVQLVESGGGLVQAGGSLRVSCVASIRSFSSYVVGWFRQAPGKDREFVAGIAWGDGITYYADSVKGRFTISRDHAKNTAYLQMNSLRPEDTAVYYCAVRPGMIITTIQATYGFWGQGTQVTVSS
seq8293,EVQLVESGGGLVQPGGSLRLSCAASGFTDGIDAMGWFRQAPGKEREVVAGIAWGDGITYYADSVKGRFTISADNSKNTAYLQMNSLKPEDTAVYYCAASYNVYYNNYYYPISRDEYDWGQGTLVTVSS
seq8294,QVQLQDSGGGLVQAGGSLRLSCAASSRTFSVYTVAWFRQTPGGKEREFVAQINWNGDSTNYADSVKGRFTVSRDNVKNTVFLQMSTLKPEDTAVYYCAAGSNWGQGTQVTVSS
seq8295,QVQLAESGGGSVQAGGSLRLSCAASGYTYSACRMAWYRQAPGKERELVSFINSAGSTYYADSVKGRFAISRDNAKTTVYLQMNALKAEDTAIYYCNTWDSSCRFQYWGQGTQVTVSS
seq8296,QVQLVESGGGLVQAGGSLRLSCAASGRTVSSVAMGWFRQAPGKEREFVATISWTGGSTYYADSVKGRFTISRDNAKNTAYLQMNSLKPEDTAVYYCAAGYPADPIALMTLRYEYDYWGQGTLVTVSS
seq8297,EVQLVESGGGLVQPGGSLRLSCAASGFTFDDYGMSWVRQAPGKALEWVSAISWNGNNTYYTESMKGRFTISRDCAKNTLYLQMNSLRPEDTAVYYCVKGSTAIVGVPPTYPDEYDYWGQGTLVTVSS
seq8298,EVQLLESGGGEVQPGGSLRLSCAASGRSISNYAMGWFRQAPGKEREFVSASVWNNAGNYYAESVKGRFTISRDDAKSTLYLQMSSLRAEDTAVYYCVVARTPETPITSARGANYWGQGTLVTVKP
seq8299,QVQLQESGGGLVQPGGSLRLSCEASGFTFSYYAMSWVRQAPGKGLEWVSYINSDGGYTSYADSVKGRFIISRDNAKNILYLHMNSLKPEDTAVYFCAKWRTDAVSSSRYKTNDYEYRGPGTQVTVSS
seq8300,EVQLVESGGGLVQPGGSLRLSCAASGFTFSNYWMYWVRQAPGKGLEWISALAPGGDNRYYADSVNGRFTISRDNAENSLYLQMNSLKSEDTAVYYCAKDHNVGYRTGEYDYGGQGTQVTVSS
seq8301,QIQLVESGGGSVQAGETLRLSCTASGSTFGDSDMGWYRQAPGNACELVSIISSDGRTYYVDSVKGRFTISQDNAVSTVYLQMNSLNPEDTGVYYCAADLRLNCRDGRCCGYWGQGTQVTVSS
seq8302,EVQLLESGGGLVQPGGSLRLSCAASGFTFRDYSASWVRQAPGKGLEWVSAISWNGDSTYYAESVKGRFTISRDNAKNTLYLQMNSLRAEDTAVYYCAKSWATPIESLYYYGSDYWGQGTLVTVSS
seq8303,QVQLQESGGGLVQAGGSLRLSCAASGRSSRYYAMGWFRQGPGKEREFVAAVNWNGDSTYYADSVKGRFTISRGNAENTAYLQMNSLVPEDTAVYYCAMRMNAGLGYSAASYQYWGQGTQVTVSL
seq8304,EVQLVESGGGLVQPGGSLRLSCSASGFTFSGSWMFWVRQAPGKDYEWVASINSSGGRTYYDDSVKGRFTISRDSAKNTLYLEMNNLKPEDTALYFCARSPRVGSWGQGTQVTVSS
seq8305,VQLQESGGGLVQAGGSLRLSCAASGRTFSRFAMGWFRQAPGKEREFVAAISWSGGMIYYTDSVKGRFTISRDNAKNMLYLQMNSLKPEDTAVYYCAVDTRNVIGPRAGDYWGQGTQVTVS
seq8306,DVQLVESGGGSVQAGGSLRLSCAISGLTFSNYHMGWYRQAPGREREFVAQITWSDASIYYAGSVKGRFTISRDNVKNIVYLQIDNLKPEDTAIYYCDARKVGGPDYWGQGTQVTVS
seq8307,QVQLQESGGGLVQAGGSLRLSCAASGRATSGYGMGWFRQVPGKEREFVAAIRWSGVTTYYVDSVKGRFTISRDNAKSTVYLQMNSLKPEDTGVYYCAVRPVRVDDISTPDGFVYWGQGTQVTVSS
seq8308,QVQLQDSGGGLVQTGGSLRLSCAASGPIGDVYLMGWYRQAPGKQREMVASITATGPPNYTDSVKGRFTISRDNDKNTEYLQMNNLKPEDTAVYYCNAQVRVRFSSDYTNYWGQGTQVTVSS
seq8309,EVQLVESGGGLVQAGGSLRLSCTASGFTLDYYAIGWFRQAPGKEREGVSCISSSGGSTYYADSVKGRFTISRDNAKNTVYLQMNSLKPEDTAVYYCAADPFHNCYSGSAYSSPEAVYEYWGQGTQVTVSS
seq8310,EVQLVESGGGLVQPGGSLRLSCVASGFSLDDYAMTWVRQAPGKGLEWVSSINWSGTHTDYADSVKGRFTISRDNAKNTLFLQMNSLNPEDTAVYYCNQGWKVWPTDRGTHGTQVTVSS
seq8311,QVQLVESGGGVVQTGGSLRLSCAASEPIFSNYAMAWFRQAPGKEREFVAGISWSGSSTNYADSVKGRFTISRDIAKNTVYLQMNSMKPEDTAAYYCGVDLHMRSPNPDPGEYDYWGQG
seq8312,EVQLVESGGGLVQAGGSLRLSCAASGRIFSLPASGNIFNLLTIAWHRQAPGMQRELVATINSGSRTNYADSVKGRFTISRDNAQKTVYLQMNNLKPEDTAVYYCQTSGSGSPNFWGQGTQVTVSS
seq8313,EVQLVESGGGLVQAGGSLRLACAASGFTFEDYAIGWFRKAPGKEREGVSCISGSDGSTTYADSVKGRFTISTDNAKNTVYLEMNSLKPEDTAVYYCAQQYGVGGRVVCPGPYEYDVWGQGTQVTVSS
seq8314,QVKLEESGGGSVQAGGSLRLSCAVSGSIFSGDAMGWYRQAPGKKREYVALIGKEGDTVYADSVKGRFTISRDNAKNTFYLQMNNLEPEDTARYICATFEERPQPSYVYWGPGTQVTVSS
seq8315,QVQLQESGGGLVQAGDSLRLSCAASGLTFLEHVMAWFRQTPGKEREFVGAIDWSGRRITYTDSVKGRFTISRDNAKNTVYLQMNTLKPEDTAVYYCAADRTYSYSSTGYYYWGQGTQVTVSS
seq8316,QVQLQESGGGLVQAGGSLRLSCKISGNTFSSYTMGWYRRPPGKQRELVAQLTKGGSTNYADSVKDRFTISTDNAKNTVYLQMDSLKPEDTAVYYCNMKTAWTIGTRGYDYWGQGSQVTVSS
seq8317,QVQLQESGGGLVQPGESLRLSCAVSGSTSSPNAMAWYRQAPGKRRELVAGISGGGATNYPDSVKGRFTISRDNAKNTVYLQMSSLKPEDTAVYYCNLWPPRASPGGGVYWGQGTQVTVSS
seq8318,EVQLVESGGGLVQAGGSLRLSCAASGFTFDDYAIGWFRQAPGKEREGVSCISSYDGTTYYADSVKGRFTISSDNAKNTVYLQMNSLKPEDTAVYYCAADPLVCGYNDPRLADYWGQGTQVTVSS
seq8319,QVQLQESGGGLVQPGGSLRLSCAASGSIFSINVMGWYRQTPGKERELVAKITNFGITSYADSAQGRFTISRGNAKNTVYLQMNSLKPEDTAVYYCNLDTTGWGPPPYQYWGQGTQVTVSS
seq8320,QVQLQESGGGLAQPGGSLTLSCKVTGSTLDYYAIGWYRQAPGKEREGVSCISSRDATNYEDSVKGRFTISRDTVKNTVYLQMRNLKPEDTAVYYCAAASRYVSISGIYCPADRWGQGTQVTVSS
seq8321,EVKLQESGGGLVQSGGSLRLSCIASGSTVSDNTMGWYRQAPGKQRELVAVISSVGVANVAQSVKGRFTISRDNAKNTVTVYLQMSSLKPEDTAVYYCNALGTGRGNWGQGTQVTVSS
seq8322,QVQLQESGGGLVQAGGSLRLSCAASGRTSGRTFSSYTMGWFRQAPGKEREFVATITWGGGSTYYADSVKGRFTISRDNANNTVYLQMNSLKPEDTAVYYCAASVKVVAGSGIDISGSRNYDYWGQGTQVTVSS
seq8323,EVQLVESGGGLVQPGGSLRLSCAASGDVHKINFLGWHRQAPGKEREKVAHITIGDATDYADSAKGRFTISRDEAKNMVYLQMNSLKPEDTAVYFCRAGSRIYPYDYWGQGTQVTVSS
seq8324,EVQLVESGGGLVQPGGSLRISCAASGSIYLINYMGWYRQAPGKQRELVATLTSGGSTNYAGSVKGRFAISRDNAKNTVYLQMNSLKPEDTAVYYCNIGGTLYDRRRFESWGQGTLVQVSS
seq8325,EVQLVESGGGLVKPGGSLRLSCAASGRPVSNYAAAWFRQAPGKEREFVSAINWQKTATYADSVKGRFTISRDNAKNSLYLQMNSLRAEDTAVYYCAAVFRVVAPKTQYDYDYWGQGTLV
seq8326,EVQLVESGGGLVQAGGSLRLSCAASGLTFRRNAMGWFRQAPGKERELLAGINWSGGTTYYVDSVKGRFTISRDNAKNTVDLQMISPKPEDTAVYYCAADGDIGTLVNDENPRYWGQGTLVTVSS
seq8327,QVQLVESGGGLVQAGGSLRLSCAASGRTFSSYNMAWFRQVPGKEREFVASIARTGSGTYYRDSVKGRFTISRDNAKNTVYLQMNSLKPQDTAVYYCTAGGSLATISDYWGQGTQVTVSS
seq8328,DVQLVESGGGSVQAGGSLRLSCTASGFTFDDFEMGWYHQAPGNERELVSTISSDGDTSYTESVKGRFTMSRDNAKKTVYPQMDSLKPEDTGMYYCAAVEDTGSGGLINALGAWGQGTQVTVSS
seq8329,QVQLQESGGGVVQAGDSLRLSCVASGRTFSSLDMGWFRQAPGKEREFVAGISRSGISQYYADSMRGRFTISRDNAKNLVYLQMNSLKPEDTAVYYCAAALTFRGSDLPRDSNYWGQGTQVTVSS
seq8330,EVQLVESGGGLVQPGGSLRLSCAASGFTPDDYAMGWFRQAPGKEREFVASIGYSGRSNSYNYYADSVKGRFTISADNSKNTAYLQMNSLKPEDTAVYYCAIAHGSSTYNWGQGTLVTVSS
seq8331,QVQLQESGGGLVQAGGSLRLSCAASGRTYGGYGMGWFRQVPGKERELVAAIRWSGTSTYYADSVKGRFTISRDNVKNMVYLQMNSLKPEDTAVYHCAARTVRVVDISSPVGFAYWGQGTQVTVSS
seq8332,EVQLVESGGGLVQAGGSRRLSCVASGSTLSISSMGWYRQAPGRERELVARIRRGGRTNYPNYADSVKGRFTISRDSAKNTVYLQMNSLKPEDTAVYYCNANAGDYDYWGQGTQVTVSS
seq8333,VQLVESGGGLMQAGGSLRLSCAVSGRTFSTAAMGWFRQAPGKEREFVAAIRWSGGSAYYADSVKGRFTISRDKAKNTVYLQMNSLKYEDTAVYYCAGSKITRSLLSDYATWPYDYWGQGTQVTVSS
seq8334,QVQLQESGGGLVQTGGSLRLSCAASGVDFNWYSMGWFRQAPGKEREYVASIDQGGELDYAISVKGRFTISRDNAKNMVYLQMNSLKPEDTAVYYCAADFSGRGASNPDKYKYWGQGTQVTVSS
seq8335,EVQLVESGGGLVQAGGSLRLSCAASGRTFSSYAMGWFRQAPGKEREFVAAINWSGDSTYYADSVKGRFTISRDNAKNTVYLQMNSLKPEDTAVYYCAAGDVGRPDLYEYDYWGQGTQVTVSS
seq8336,QVQLQESGGGSVQAGGSLRLSCAASRFTASMGWFRQAPGKEREGIATVSGAASTNYADSVRGRFTISKDNAKNTLYLQINSLKPEDTAVYYCAADDDYYAFLSRGARDFRYWGQGTQVTVSS
seq8337,EVQLVESGGGLVQCGGSLRLSCAASGFTFDDYGMSWVRQAPGKALEWVSAISWNGNNTYYTESMKGRFTISRDNAKNTLYLQMNSLRPEDTAVYYCVKGSTAIVGVPPTYPDEYDYWGQGTLVTVSS
seq8338,EVQLVESGGGLVQPGGSLRLSCAASGFTFSSYWMYWVRQAPGKGLEWVSAISTGGGDTHYADSVKGRFTISRDNPKNTLYLQMNSLKPEDTALYYCARNRDSGSSYITFSLADFGSWGQGTQVTVSS
seq8339,EVQLVESGGGLVQTGDSLRLSCAVSGRTLSSFALGWFRQSPGKEREFVAALTWDGDRTSYSESVKGRFTISRDHAKNTVYLQMNSLKPEDTAVYYCAAGDLGRVPHYWGQGTRVTVSS
seq8340,QVKLEESGGGLVQAGGSLRLSCAASGRTFSVYAMGWFRQAPGKEREFVTAITSSGDSIPYAHSVKGRFTISRDNAKNTVYLQMNSLKPEDTAAYYCAATTSGTYNYMGPDPKEYVYWGQGTQVTVSS
seq8341,EVQLVESGGGSVQAGGSLRLSCAASGRTFSTNPMGWFRQVPGKERELIAAVRWADGNTFYADSVKGRFTISRDNAKKTVYLQMNSLKSEDTATYYCAAGRPWSAYHSPAEYVHWGQGTLVTVSS
seq8342,EVQLVESGGGLVQPGGSLRLSCAASGFTFDDYDIGWFRQTPGKEREGVSCISSSDGYKFYADSVKDRFTISSDNAKNTVYLQMNSLKPEDTAVYYCAAVKRAPKQYCSDYEAYDYWGQETQVTVSS
seq8343,QVQLQDSGGGLVQAGGSLRLSCEASGRTISSYAMAWFRQAPGKEREFVASISSSGVSKHYADSVKGRFTISNDKVKNTVYLQMNSLKPEDTAVYFCAAKYRYYSSYYTKSGDYDYWGQGTQVTVSS
seq8344,EVQLVESGGGLVQPGGSLRLSCAASGLTFDDNIHVMGWFPQAPGKEREFVAAIHWSGGSTIYADSVKGRFTINADNSKNTAYLQMNSLKPEDTAVYYCAADVYPQDYGLGYVEGKMYYGMDWGQGTLVTVSS
seq8345,EVQLVESGGGEVQPGGSLRLSCAASGSIFSINAMGWYRQVLGKQRELVAVVSSDGRTTVAPSVKGRFTISRDNAKNTVYLQMSSLRAEDTAVYYCGVREWYSDSDWRDYEGQGTLVTVKP
seq8346,EVQLVESGGGLVQPGGSLTLSCAASGSSVNFLSMAWYRQAPGKKRELVAGISADGSTHYIDSVKGRFTISRDNAKNSVYLQMNSLRAEDTAVYYCYAYRWLTRYTYWGQGTLVTVSS
seq8347,EVQLLESGGGVVQPGGSLRLSCVHSGPTFRTDTMGWFRQAPGKGREFVAAVTWNSGRINYADSVKGRFTISRDNSKNTALLQMNSLRPEDTAVYYCAAHRFVVGGNRVEDWRYWGQGTLVQVSS
seq8348,EVQLVESGGGLVQAGGSLRLSCESSISTFSSDAMGWFRQAPGKEREFLAAIGWSGAVTHYSDSVKGRFTISRDNAKNTVYLQMNSLKSEDTGRYYCAEDYVTDVWQYWGQGTQVTVSS
seq8349,QVQLQESGGGLVQPGGSLTLSCAASGSRFRLIAMGWYRRAPGKQRDLVATITSGGSTNYADSVKGRFTISRDNAKNTVSLQMNSLKPEDTAVYVCNFRRFPTWSTNYWGQGTQVTVSS
seq8350,QVQLQESGGGLVQAGGSLRLSCTASGSIFSIAVMGWYRQVPGKRREWVATIFDGSYTNYADSVKGRFTISRDNARNKVYLQMNNLKPEDTAVYYCQTHWTQGSVPKESWGQGTQVTVSS
seq8351,QLQLVESGGGLVQPGGSLRLSCAASGFAFSSYSMYWVRQAPGKGLERVAAIKTDGGSTNYADSVKGRFTVSRDNAKNTLYLQMNSLKSEDTAVYYCVIQGYGTWGQGTQVTVSS
seq8352,QVQLQESGGGLVQPGGSLRLSCVASGFTFSDYPMAWVRQAPGKGLEWISVINSGGVNTSYAASVKGRFTISRDNAKNTLFLQMNSLKPEDTAVYYCAKYSLKNEQYWRGQGTQVTVSS
seq8353,EVQLVESGGGLVQAGGSLRLSCVASGSTFSANRMAWYRQAPGKQRDLVATINSGGGTNYVDSVKGRFTISRDNAKGTVYLQMNSLKPEDTAVYYCNTRDARDLPWGRTRDYWGQGTQVTVSS
seq8354,QVQLQESGGGLVQAGGSLTLSCRGSGFTSNTCAMAWFRQAPGKEREFVSSMSTVGSTRFADSVKGRFTISKDEAKDTVYLQMNSLKPEDTAMYFCKTYACRECTGRYCRTAPDAWGQGTQVTVSS
seq8355,EVQLVESGGGLVEPGGSLRLSCAASGSISSYNVMGWYRQAPGQQRDLVAHIASNGEIMYADSAKGRFTISRDNAKKTVYLQMNSLKPEDTAVYYCKLWVLGNDYWGQGTQVTVSS
seq8356,DVQLVESGGGSVQVGGSLTLSCAVSGYTDSYGVMAWFRQAPGKEREGVASIYRNSGITYYPDSVKGRFTISRDNAKNTVLLQMNSLKPEDSATYYCAVRSFGSVSTWAGYVYWGQGTQVTVSS
seq8357,EVQLVESGGGLVQPGGSLRLSCAASGRPNSINWMGWFRQAPGKERQFVATITPGGNTNYADSVKGRFTISADNSKNTAYLLMNSLKPEDTAVYYCAAAAGTTWYGTLYEYDWGQGTLVTVSS
seq8358,EVQLVESGGGLVQPGGSLRLSCAASGRTDRSNVMGWFRQAPGKEREFVAAINRSGSTFYADSVKGRFTISADNSKNTAYLQMNSLKPEDTAVYYCAKTKRTGIFTTARMVDWGQGTLVTVSS
seq8359,QVQLQESGGGLVQAGGSLRLSCAASASIISIRVMGWYRQAPGKQRELVATMSRGGTINYADSVRGRFTISRDNAKSTVYLQMNSLKPEDTAVYYCAALLDSYYWGQGTQVTVSS
seq8360,EVQLVESGGGLVQAGGSLRLSCAASGFTFDDYAIGWFRQTPGKEREGVSCISSSDGSTYYADSVKGRFTISSDNAKNTVYLQMNSLKPEDTAVYYCAAEVPSSCGGYSGSYYYTDDELDFWGQGTQVTVSS
seq8361,EVQLVESGGGLVQAGGSLSISCAASGGSLSNYVLGWFRQAPGKEREFVAAINWRGDITIGPPNVEGRFTISRDNAKNTGYLQMNSLAPDDTAVYYCGAGTPLNPGAYIYDWSYDYWGRGTQVTV
seq8362,EVQLVESGGGLVQPGGSLRLSCEASGRTFSSYSMGWFRQAPGKEREFVVAISKGGYKYDSVSLEGRFTISRDNAKNTVYLQINSLRPEDTAVYYCASSRAYGSSRLRLADTYEYWGQGTLVTVSS
seq8363,QVQLVETGGALVHTGGSLRLSCEVSGSTFSSYGMAWYRQAPGEQRKWVAGIMPDGTPSYVNSVKGRFTISRDNAKNSVYLHMNNLRPEDTAVYYCNQWPRTMPDANWGRGTQVTVSS
seq8364,QVQLQESGGGLVQPGGSLRLSCAASGKMSSRRCMAWFRQAPGKERERVAKLLATSGSTYLADSVKGRFTISQNNAKSTVYLQMNSLKPEDTAMYYCAADSFEDPTCTLVTSSGAFQYWGQGTQVTVSS
seq8365,EVQLVESGGGLVQAGDSLRLACAASGFALDYYAVGWFRQAPGKEREGVSCISSRGGSTFYADSLKGRFTTSRDNAKNTVYLQMNSLKPEDTAVYYCAADPIHNCYSGSDYASPEAVYEYWGQGTQVTVSS
seq8366,QVQLVESGGGSVQAGGSLRLSCAASGYTYSDVCMGWFRQAPGKEREGVAAIDSVGNTNYADSVKGRFTISKDNSKNTLYLQMNSLRAEDTAVYYCAAQRCLGWVPLVPHEYGYWGQGTLVTVSS
seq8367,QVQLQESGGGLVQPGSSLRLSCAASGRTFSSYNIGWFRQAPGKEREFVAAISWSGARTYYADSVKGRFTISRDNAKNTVYLQMNSLKPEDTAVYSCAAGRGWGTEAILDYWGQGTQVTVSS
seq8368,VQLQASGGGLVQAGGSLRLSCTVSGFTSDDYTVGWFRQAPGLKREGLSCLSRRDGRFYHSNSVKGRFTMSSDDNKNTVYLQLDSLKPDDTAVYYCAATTSVVVLLAPNWYEYWGQGTQVTVSS
seq8369,QVQLQESGGGLVQPGESLRLSCAASGIAFEVFNMGWYRQAPGKQRELVATITNSGATNYADSVKGRFTISRDNAKDTLYLQMNSLKPEDTAVYYCNAQNSWRNIWGQGTQVTVSS
seq8370,EVQLVESGGGLVQAGDSLRLSCVVSGLTFSRYGMGWFRQATGKEREFVGGISVGSSGTMYPNSVKGRFTISRDNAKSTVYLQMNSLKPEDTAVYFCAAIDQGSFVQQRDYRYWGQGTQVTVSS
seq8371,AVQLVESGGGLVQAGGSLRLSCTASGSTFRANAMGWYRLAPGKQRELVAGIRSGGDTYYSDSVKGRFTISRDGAKNMVYLQMNSLKPGDTAVYYCAAGDHGPNYWGQGTQVTVST
seq8372,EVQLVESGGGLVQPGGSLRLSCAASGLTLDYYAIGWFRQAPGKEREGVSCISSVDHSTTYADPVKGRFTISWDSAKNTVYLQMNDLKPEDTAVYYCAADPALGCYSGSYYPRYDYWGQGTQVTVSS
seq8373,QVQLQASGGGVVQSGGSLRLSCVASGNIFGINSMAWYRQAPGKQRELVADITRGNRKYADSVKGRFTISQDNAKNTVYLQMNRLKPEDTAVYFCNAEIVTQIPFPPREFWGRGTLVTVSS
seq8374,LEESGGGLVQAGDSLRVSCAASGRDFSDYVMGWFRQAPGKGLEFVAAISRNGLTTRYADSVKGRFTISRDNDKNMLYLQMNSLRAEDTAVYYCAVNSAGTYVSPRSREYDYWGQGTLV
seq8375,VQLQESGGGLVQAGGSLRLSCVASGRAFSNYAMAWFRQAPGKEREFVAANWRSGGLTDYADSVKGRFTISRDDAKNTVYLQMNSLKPEDTAVYYCAAGGGSRWYGRTTASWYDYWGQGTQVTVS
seq8376,EVQLVESGGGSVQPGGSLRLSCAASGGTFSRYAMGWFRQAPGKEREFVSAISVGGTYQYYVDSVKGRFTISRDNAESTVYLQMNSLKPEDTAVYYCAGDASPYGYLREYTATRFDYWGQGTQVTVSS
seq8377,EVQLVESGGGEVQPGGSLRLSCAASGSILSINAMGWYRQAPGKQREMVAGFTGDGNTIYAESVKGRFTISRDNAKNTVYLQMSSLRAEDTAVYYCAADVQLFSRDYEFYWGQGTLVTVKP
seq8378,EVQLVESGGGLVQAGGSLTLSCAASGRSLYDRAMAWFRQAPGKEREFVAAIHWNGDSTAYGDSMKGRLTISRGSTKNTVYLQMNSLIPEDTAIYYCAAAYRGIPTMRLKGWEYEYWGQGIQVTVSS
seq8379,QVQLQESGGGLVQPGGSLRLSCAASGRIFDINAMGWYRQAPGKQRELVAAITNGGQTTYADSVKGRFTISRDNAGNTVYLQMNSLRPEDTAVYYCKAFTRSDDYWGQGTQVTVSS
seq8380,QVQLQESGGGLVQTGGSLRLSCAASGRTFGGYAMAWFRQAPRKGREFVASVTWNGGATDYAGSVKDRFTVSRDTANNTMYLQMNSLKPEDTAVYICGAASGYRSTDRLSDPGWTNYWGQGTQVTVSS
seq8381,QVQLVESGGGLVQAGDSLRLSCAASGRTFTTYGMGWFRQAPGKEREFVTTITWSGSTNYKYYADSVKGRFTISRDNAKNTVYLQMNSLKPDDTAVYYCAASTVLRDPRVPTEYDYWGQGTQVTVSS
seq8382,LQLVETGGGLVQAGGSLRLSCAASGNIFRVRAMAWYRQAPGKQREWVAVLGSRGGTNYADSVKGRFTISRDNAANTIFLQMNSLKPEDTAVYYCNHYPPEKRDYWGQGTQVTVSS
seq8383,EVQLVESGGGLVQPGGSLRLSCAASGFTLDYYAIGWFRQAPGKEREGVSYISSSDGRTYYADSVKGRFTISRDNAKNTVYLQMNSLKPEDTAVYYCATDLSGRGDVSEYEYDYWGQGTQVTVSS
seq8384,EVQLVESGGGSVQAGESLRLSCAASGTIFSSNAMAWYRQAPGKQRDLVAGINSVDITKYADSVKGRFTVSRDNAKNTVYLQMNSLKPEDTAVYYCTSDPRRGWNTRYWGQGTQVTVSS
seq8385,QVQLQESGGGLVQAGGSLRLSCAASGLTFDTYAMGWFRQAPGKKREYVAAISWTGISTYYADIAKGRFTISRDNAKNTLYLQMDSLKPEDTAVYYCAAQRSLNVPAPWDYWGQGTQVTVSS
seq8386,EVQLVESGGGVVQTGGSLRLSCAASGRTFSMYTMGWFRQAPGKDREFVAAISRSGGLKAYADSVLGRFTISRDNANEMAYLQMNSLNPEDTAVYYCAAAPVPWGTRPSHFTYDSWGQGTQVTVSS
seq8387,EVQLVESGGGLVQTGGSLRLSCTASGTIDMTYGLIWYRQAPGKERELVASIRRDGRTNYADSVKGRFTISIDNAKNSIHLQMNSLKPDDTARYYCNSPYHALWGQGTQVTVSS
seq8388,EVQLVESGGGLVQAGGSLRLSCAASGRTFSSYAMGWFRQAPGKEREFVGAISGSGSNIYYANSMPGRITIFRDNAKNTVYLQMNSLNPEDTAVYYCAAAPTLVEITPTPTYWGRGTRVTVSS
seq8389,EVQLVESGGGLVQPGGSLRLSCAASGFTFSIYPMGWFRQAPGKERECVSTIWSRGDTYYADNVKGRFTISADNSKNTAYLQMNSLKPEDTAVYYCAAALDGYSATWGQGTLVTVSS
seq8390,QVKLEESGGGLVQAGGSLRLSCAASGLDFSSYAMGWFRQAPGEEREYVAGISRFGGRLYYADSVKGRFTISRDNAKNTVYLQMNSLKPEDTAIYHCAADRRSGLGTSKEYDYWGQGTQVTVSS
seq8391,VQLQESGGGSVQAGGSLRLSCVASGLVYSLKAYDWGWARQAPGKECELVGRIMPNGATVYIDSVKGRFIISRENSNNTVYLQMNSLKFEDTAVYYCARVGDPSGGWCKGQGTQVTVSS
seq8392,EVQLVESGGGLVQPGGSLRLSCAASGSIFKVNAMGWYRQAPGKGRELVAGIISGGSTNYADSVKGRLTISRDNAKNTLYLQMNSLRPEDTAVYYCSFVTTNSDYDLGRDYWGQGTLVTVSS
seq8393,EVQLVESGGGLVQAGGSLRLSCAVSGFTLDDYAIGWFRQAPGKEREGVSSIRDNDGSTYYADSVKGRFTISSDNDKNTVYLQMNSLKPEDTAVYYCAAVPAGRLRFGEQWYPLYEYDAWGQGTLVTVSS
seq8394,QVQLQESGGGLVQAGGSLRLSCAASGSIFSRDTMAWYRQVPGEQRELVAYITNFGGTNHADSVKGRFTISRDNAKNTVYLQMNSLKPEETAVYYCAAGLVSLRTHTWEYWGQGTQVTVSS
seq8395,EVQLLESGGGLVQPGGSLTLSCAASGFIFRAASMAWYRQSPGNERELVASISSGAFTNYADSVKARFTISRDNSKNTLYLQMNSLRAEDTAVYYCGATFLRSDGHHTINGQGTLVTVSS
seq8396,DVQLVESGGGSVEAGGSLRLSCKVSGATSRSSCMGWFRQAPGKEREAIAGISSTAISTNYADSVKGRFIISRDNAENEVYLQMNNLKPEDTAIYYCASGRYGIVNFARCEESDFVHWGQGTQVTVSS
seq8397,QVRLVESGGGSVQAGGSLRLSCAADRYTYSSACMGWFRQAPGKEREGVASIFTGTGGSTYYADSVKGRFTISQDNAKNTVYLQMNSLKPEDTAIYYCAARAFQVGYCYLRTDVYNYWGQGTQVTVSS
seq8398,EVQLVESGGGLVQPGGSLRLSCAASGYTFRAYVMGWFRQAPGKERELLAVITRDGSTHYADSVKGRFTISADNSKNTAYLQMNSLKPEDTAVYYCAVNGRWRSWSSRNPWGQGTLVTVSS
seq8399,VQLVESGGGLMQAGGSLRLSCAVSGRTFSTAAMGWFRQAPGKEREFVAAIRWSGGSAYYADSVKGRFTISRDKAKNTVYLQMNSLKYEDTAVYYCAQTSYVSFLLSDYATWPYDYWGQGTQVTVSS
seq8400,KVQLVESGGGLVQTGDSLRLSCAASGRAIGSYAMGWFRQAPGKEREFVAVINYRGSSLKYADRVKGRFTISRDNAKNMVYLQMNSLKPDDTAVYYCAAQTSGADFGTTPQRYTYWGQGTQVTVSS
seq8401,EVQLVESGGGLVQPGGSLRLSCAASGRTYDAMGWLRQAPGKEREFVAAISGSGDDTYYADSVKGRFTISRDNSKITMYLQMNSLRPEDTAVYYCATRRGLYYVWDSNDYENWGQGTLVTVSS
seq8402,QVQLVESGGNLVQPGGSLRLSCIASDSISGFNYVAWFRQSPEQARIVVAMMDAEGATNYDTSVKGRFTISKDNAKNTIYLQMNNLRPEDTALYYCNVPGVWGRGTQVTVSS
seq8403,QVQLQESGGGLVQPGGSLRLSCAASGIGDRPYVMAWHRQAPGKQRELVATITRDGYTNYADTVKGRFVVSRDNAQNTVYLQMNYLKPADTAVYYCRAYNAYLNLGYWGQGTQVTVST
seq8404,QVQLQESGGGLVQAGGSLRLSCAVSGRGFSTYAMGWFRQAPGKEREFVGSANWKSGSIYVADSVKGRFTISNDNAQNTVYLQMSSLKPEDTAVYYCVARSFGTGQWDYWGQGTQVTVSS
seq8405,EVQLVESGGGLVQAGGSLRLSCSASGLLFSVNSVGWYRRAPGKQREFVARLRTTGSTNYAQSVKGRFTISRDNAKNTVYLQMNNLKPEDTAVYYCSAWRIEAYEYWGQGTQVTVSS
seq8406,QVQLQESGGGLVQPGGALRLSCAASGSFFSIYAMAWYRQAPGKQRELVAGITSGSETNYADSVKGRFTISRDNAKNTVYLQMNSLKLEDTAVYYCNRWAPLTRLDYWGQGTQVTVSS
seq8407,QVQLQESGGGLVQPGGSLRLSCAASGSTFSIVAVAWYRQAPGKRRELVAGISGGGVTNYPDSVKGRFTISRDNAKNTVYLQMSSLKPEDTAVYYCNLWPPRASPGGRVYWGQGTQVTVSS
seq8408,QVQLQESGGGLVQTGGSLRLSCAASESISSFIAVGWYRQAPGKERELVAGINRSGFTYYTDSVKGRFSISRDNAKNTVLLQMTSLKPEDTAVYYCNAGGLYFSNAYTQGDYWGQGTQVTVSS
seq8409,KVQLVESGGGLVQAGGSLRLSCAASGSFFRVNNMAWYRQGPGKQRELVADITRGDRTNYADSVNGRFTISRDNVRNTVYLQMNGLKPEDTAVYYCYATIELGVLEPRDYWGQGTQVTVSS
seq8410,VQLVESGGGLVQAGGSLRLSCATSGHTFSFYGMAWFRQAPGKEREFVAALSWRTGSSYYADSVKGRFTISGDNAKNMLYLQMNSLKPEDTAVYYCAAPERTKLLQLRLQGDYAYWGQGTQVTVSS
seq8411,EVQLVESGGGLVQAGGSLRLSCVASGRTLSSVNMGWFRQAPGKERDIVARISPSSVSTYYAESVKGRFTISRDNAKNTVYLQMNSLRPEDTGVYYCVADSPGGRSYEYWGQGTQVTVSS
seq8412,EVQLVESGGGLVQPGGSLRLSCAASGRTFSDDAMGWFRQAPGKEREFVAAINWSGGSTYYADSVKGRFTISADNSKNTAYLQMNSLKPEDTAVYYCATDPPLFWGQGTMVTVSS
seq8413,EVQLVESGGGLVQAGGSLRLSCVASGDTSEIYDMGWFRQAPGKEREFVSSIHWGGRGTNYTDSVKGRFTISKDNAKNMVHLQMNSLKPEDTAVYYCAATRLIVYTPTGFRQYFDWGQGTQVTVSS
seq8414,EVQLVESGGGLVQAGGSLRLSCAASGSSLSFNAMGWFRQAPGKEREWVSSVYIFGGSTYYADSVKGRFTISADNAKNTVYLQMNSLKPEDTAVYYCANSNKPKFDWGQGTQVTVSS
seq8415,VQLVESGGGSVQAGGSLRLSCTASGYIFCMGWFRQAPGKAREGIATIYTGGDSTYYDDSVKGRFTISRDNAKNTVYLQMNSLKPEDTAMYYCAAGGQECYLTNWVSYWGQGTQVTVSS
seq8416,EVQLVESGGGLVQAGGSLRLSCAASGRTFSSNAMGWFRQAPGKEREFVAAISWSGGSTYYLDSVKGRFTISRDNAKNTVYLQMNSLKPEDTAVYYCAGSAGLGYVGDPDAMDYWGKGTQVTVSS
seq8417,DVQLVESGGGLVQPGGSLRLSCAASRSIGRLDRMGWYRHRPGKPRELVATITGGSSINYADSVKGRFTISIDNSKNTVYLQMNSLRPEDTAVYYCNFNKYVTSRDTWGQGTLVTVSS
seq8418,EVQLVESGGGLVQAGDSLRLSCTVSGRTFNTYVTGWFRQAPGKEREFVAAIHQIGSTYYRNSVKGRFTISRDGAKDTVYLQMNNLKPEDSAVYYCAAGNGGYVMSDIAYGTWGQGTQVTVSS
seq8419,EVQLVESGGGSVQAGGSLRLSCVASEGTYSTAWFRQAPGREREGVAVTYSVPGIQYYADSVKGRFTVSRDNAKNTIYLQMNTLKPSDTAMYYCAAKKSYGSGHWSMTSWYDYWGQGTQVTVSS
seq8420,VQLVESGGGLVQPGGSLRLSCAASGFFFSIYDMNWFRQAPGKGLEWVSGITGNGYTTAYADSVKGRFTISRDNAKNTLYLQLNSLKSEDTAMYYCAQGSNRGRGTQVTVSS
seq8421,EVQLVESGGGLVQPGGSLRLSCATSGFTFSTSWMYWLRQAPGKGLEWVSTITPRGLTDYTDSVKGRFTISRDSAKNTLYLQMNSLKSEDTADYYCTRDKNGPPMGQGTQVTVSS
seq8422,KVQLVESGGGLVQPGGSLRLSCAASGSIFGFNDMAWYRQAPGKQRELVALISRVGVTSSADSVKGRFTISRVNAKDTVYLQMNSLKPEDTAVYYCYMDQRLDGSTLAYWGQGTQVTVSS
seq8423,QVQLQESGGGLVQAGGSLRLSCAASGSTFSINAMGWYRQAPGKQRELVAAISSGGSTNYADSVKGRFTISRDNAKNTVYLQMNSLKPEDTAVYYCNAGSRFNPFGSAYDYWGQGTQVTVSS
seq8424,EVQLVESGGGLVQAGGSLRLSCAASGGTFSSFPMGWFRQAPGKERKFVAGISQSGGSTHYSDSVKGRFTISRENAKNTVYLQMNNLKPEDTAVYYCAARGRTLALRNYAYTTEVGYDDWGQGTQVTVSS
seq8425,EVQLLESGGGEVQPGGSLRLSCAASGRTVSNYAMGWFRQAPGKDREFVSALNWGGDTTYYAESVKGRFTISRDNAKNTLYLQMSSLRAEDTAVYYCAAAQSFRRGGAPYGDNYWGQGTLVTV
seq8426,EVKLEESGGGLVQAGGSLRLSCAVSGGTFSSIGMGWFRQAPGKEREFVGAISRSGDSTYYADSVKGRFTISRDGAKNTVYLQMNSLKDEDTAVYYCAGRPAGTAINIRRSYNYWGQGTQVTVSS
seq8427,EVQLVESRGGLVQTGGSLRLSCAASGGTFSTYAMAWFRQAPGKEREFVAGITRSAVSTSYADSVKGRFTISRDNAKDMVYLQMNSLKPEDTALYYCAATRRLHFGNGADYWGKGTPVTVSS
seq8428,QVQLQEFGGGLVQPGGFLRFSCVASGSVGALNAMGWFREAPGKQRELIASITRDGTTNYPDTMKGRSAISRDDAQNTIYLEMNGLEPEDTAVYRCAASATRKLHLLQYFEVWGQGTLVTVSS
seq8429,EVQLLESGGGLVQPGGSLSISCAASGGSLSNYVLGWFRQAPGKGREFVAAINWRGDITIGPPNVEGRFTISRDNAKNTLYLQMNSLAPDDTAVYYCGAGTPLNPGAYIYDWSYDYWGQGTLVTVSS
seq8430,QVQLVESGGGLVQPGGSLRLSCAASTRTFSSYIMGWFRQAPGKERELVAAISWSGRMTHYADSVKGRFTISRDNAKNTVYLQMNSLRAEDTAIYSCAADRTTAWGAPRSQYDSWGQGTLVTVSS
seq8431,EVQLVESGGGLVQPGGSLRLSCAASRSIGRLDRMGWYRHRPGEPRELVATITGGSSINYGDSVKGRFTISIDNSKNTVYLQMNSLRPEDTAVYYCNFNKYVTSRDTWGQGTQVTVSS
seq8432,EVQLVESGGGLVQPGGSLTLSCVGSGRRFSADVMGWYRQAPGKQREFVASISSGSAINYADSVKGRFTVSRDNAQNTVYLQMNSLKIEDTGVYYCNARRIVNVEGAYRDYWGQGTQVTVSS
seq8433,VQLQESGGGSVQTGGSLRLSCAASGRDFSTYSMGWFRQAPGKERESVATISWSGQRTRYADSVKGRFTISRDNAKNTVYLQMNSLKPEDTAVYYCAAPRTWGEFPPTQYDSWGQGTQVTVSS
seq8434,EVQLQASGGGLVQAGGSLRLSCAASGFKITHYTMGWFRQAPGKEREFVSRITWGGDNTFYSDSVKGRFTISRDNAKNTVYLQMNSLKPEDTADYYCAAGSTSTATPLRVDYWGKGTQVSS
seq8435,QVKLEESGGGLVQPGGSLRLSCTASEFTFSDYWMHWVRQAPGKGLEWVASIDTSGQTTYYADSLKGRFTISRDNAKSTLYLQMNSLKSEDTGVYFCAKRYRGGTWYGMANWGKGTQVTVSS
seq8436,EVQFVESGGGLVQPGGSLRLSCATSGYIYSTYSMGWFRQAPGKEREGVAHIYTNSGRTYYADSVKGRFTISQDNAKNTVYLQMNSLRAEDTAVYYCAARPSIRSASFSATEYKDWGQGTLVTVSS
seq8437,EVQLVESRGGLVQPGGSLRLSCATSGTIFSNNAMGWYRQAPGKKRDLVASISSSGSTNYADSVKGRFTVSRDNDKNTGYLQMNSLKPEDTGVYYCTLDARRGWNTAYWGQGTQVTVSS
seq8438,EVQLVESGGGLVQPGGSLTLSCVASGSTSRINAMGWYRRAPGKQRELVAGVSSDGSKVYADSVKGRFTISRDNAKNSVYLQMNSLRAEDTAVYYCYYFRTVSGSSMSYWGQGTLVTVSS
seq8439,QVQLVESGGGLVQPGGSLRLSCAASGSIFSINAMGWFRQAPGKQRELVAAIASGGSTNYADSVKGRFTISRDNAKKTVVLQMNSLKPEDTAVYYCAARLITMRDFNYWGQGTQVTISS
seq8440,DVQLQASGGGLVQPGGSLRLSCAASGIVFRVSTMGWYRQAPGKQRELVATISSGGSTNYADSVKGRFTIYRDNAKNTVYLQMNSLKPEDTAVYYCNANTGLRTLSFWGQGTQVTVSS
seq8441,VQLQESGGGSVQTGGSLRLSCAASTSIYNNNYMAWFSQAPGKGREGVAAVYIEDGRPYYADSVKGRFTISLDSAKNTVYLQMNSLKPEDTAMYYCAAAPGPLSRNYWYTSANYDYWGQGTQVTVSS
seq8442,QVQLQESGGGLVQPGGSLRLSCVASGFPLGLYGMGWFRQAPGKEREAVSCSSVHDGSTYYAEFVKGRFTISRDNAKNTMYLQMNSLRPEDAAVYYCATTDCEASSWGTWINYRGQGTQVTVSS
seq8443,EVQLVESGGGLVQPGGSLRLSCAASGFTFRGYWMSWVRQAPGKGLEWVSAINNVGGETYYADSVKGRFTISRDNAKNTLYLQMNSLKSEDTAAYYCARDWYNDPNKNEYKGQGTQVTVSS
seq8444,EVQLVESGGGLVQAGGSTRLTCKASGSISNINSINVMAWYRQAPGKQRELVAIIGKGGGTNYADFVKGRFTISRDAAKNTVNLQMNSLKPEDTAVYYCYADYEDRDSPFNASWGQGTQVTVSS
seq8445,QVQLQESGGGLVQAGGSLRLSCAASGRTFSSYAIGWFRQAPGKEREFVAAISWGGSNTYYADSVKGRFTISRDNAKNTVYLQMNSLKPEDTAVYYCAAGEVSNSDYAYEYDYWGQGTQVTVSS
seq8446,AVQLVESGGGAVSPGGSLKLSCTASGLAFNGGAMGSEHRLTAGAMGWFRQAPGKDREFVAAIHPRTNDTYYSGTLEDRFTISIDDAKMTVYLQADSLRLEDTAVYSCAADEDVTPRGMGVIPYAEYWGQGTQVTVSS
seq8447,LQLVESGGGLVQPGGSLRLSCEVSGSRGSIYFSGWYRQAPGKQRELVASITSGGTTNYADSVKGRFTISRDNAKNTVYLQMNSLKPEDTAVYYCNIGRYGLGGSWGQGTQVTVSS
seq8448,EVQLVESGGGLVQPGRSLTLSCAASTNIFSITPMGWYRQAPGKQRELVAAIHGASTLYADSVKGRFTISRDNAKNSIYLQMNSLRPEDTALYYCNKVPWGDYHPGNVYWGQGTQVTVSS
seq8449,EVQLVESGGGLVQPGGSLRLSCAASGFDFSVSWMGWFRQAPGKERELVARISSGGELPYYADSVKGRFTISADNSKNTAYLQMNSLKPKHTAVYYCAARPNTRPGSMWGQGTLVTVSS
seq8450,EVQLVESGGGLVQPGGSLRLSCTTSGFTLDYYAVGWFRQAPGKEREGVSCISSSDGSTYYADSVKGRFTISRDNAKNTVYLQMNSLKPEDTAVYYCATGNLRIYYSDYALACFPYEYDYWGQGTQVTVSS
seq8451,EVQLVESGGGLVQAGDSLRLSCTASERTFRNDAGGWFRQAPGKEREFVAAITSGGSTDYANSVKGRFTISRDNAKNTVYLQMNSLRPEDTAVYYCAADSNVNTVKLGWGRYWGQGTQVTVSS
seq8452,QVQLVQSGGGLVQAGGSLTVSCTASGRAINMYAMGWFRQAPGKEREFVAAINWNGAYTQYADSVKGRFTISRDNAKNTMYLQMNSLKPEDTAQYYCSADADYNTYVSPNKRVSYWGQGTQVTV
seq8453,EVQLVESGGGLVQPGGSLTLSCAASGSSVRFLSMAWYRQAPGKKRELVAGISTDGSTDYIDSVKGRFTISRDNAKNSVYLQMNSLRAEDTAVYYCYALRWTTRYTYWGQGTLVTVSS
seq8454,EVQLVESGGGLVQPGGSLRLSCAASGFTFTSYRMGWFRQAPGKEREFVAGISRFFGTAYYADSVKGRFTISADNSKNTAYLQMNSLKPEDTAVYYCARVTRWFGGLDVWGQGTLVTVSS
seq8455,EVQLVESGGGLVQPGGSLTLSCVASGSTSSINAMAWYRRAPGKQRELAAGISSDNSKVYADSVKGRFTISRDNAKNSVYLQMNSLRAEDTAVYYCYYFRTRSGSSMRYWGQGTLVTVSS
seq8456,EVQLVESGGGLVQPGGSLTLSCVASGTTSSINAMGWYRRAPGKQRELAAGISSDGSKVYNDSVKGRFTISRDNAKNSVYLQMNSLRAEDTAVYYCYYFRTVRGSSMRYWGQGTLVTVSS
seq8457,QVQLQESGGGLVQAGGSLRLSCAASGFTLDSYAIGWFRQAPGKEREGVSCISASGGSTNYADSVKGRFTISRDNAKNTVYLQMNSLKSEDTAVYYCAADHPGLCTSESGRRRYLEVWGQGTQVTVSS
seq8458,EVQLVESGGGLVQTGGSLRLSCAASGMTFRLYALSWYRQAPGERREVVATITIDGKTNYAEPLKGRFTISRDNAKNTIYLQMNSLKPEDTAVYYCNAVFSRGPLTYWGRGTQVTVSS
seq8459,EVQLVESGGGLVQPGGSLRLSCAASGFTLDSYAIAWFRQAPGKEREGVSCISSSDGTTYYADSVKGRFTISRDNAKNMVYLQMQSLKPEDTAVYYCAADPELVTVCRPGWGPAYDYWGQGTQVTVSS
seq8460,QVQLVESGGGLVQAGGSLRLSCTDSGRTFSVKPMGWFRQAPGKEREFVAAASFTGVSTFYADSVKDRFTIFRDKDKNAMDLQINSLKPEDTGAYYCAGTTRTLWGSKWRDVLEYEYWGQGTQVTVSS
seq8461,EVQLVESGGGLVQAGDSLRLSCTASGRTFSRAVMGWFRQAPGKEREFVAAISAAPGTAYYAFYADSVRGRFSISADSAKNTVYLQMNSLKPEDTAVYYCAADLKMQVAAYMNQRSVDYWGQGTQVTVSS
seq8462,EVQLVESGGGLVQPGRSLTLSCAASTNIFSTSPMGWYRQAPGKQRELVAAIHGTSTLYADSVKGRFTISRDNAKNSIYLQMNSLRPEDTALYYCNKVPWGDYHPRNVQWGQGTQVTVSS
seq8463,QVQLVESGGGLVQAGGSLRLSCSASGRTFTPNAVGWFRQAPGKERDFVAGLSWAGDSTNYADSVKGRFFIYKDTAKNTVSLQMNNLEPEDTAVYYCAARNGPPTGPGDYAMDYWGKGTLVTVSS
seq8464,EVQLVESGGGLVQAGGSLRLSCVLRGSDFSRYAMGWFRQAPGKEREFVAGMGAVAHYGEFVKGRFTISRDNAKNAQYLQMNSLKPEDTAIYFCARSKSTYISYNSNQYDIWGQGTQVTVSS
seq8465,QVQLVESGGGLVQPGGSLRLSCAASGSFFSRYRMGWYRQAPGEQRELVASIAYDGSTSYADPVKGRFTISRDNANTVHLQMYSLKPDDTAVYYCNLDPPGILYWGQGTQVTVSS
seq8466,QVQLQESGGGLVQAGGSLRLSCAASGNIFDADIMGWYRQAPGKERELVASITDGGSTNYADSVKGHFTISRDNAKNTVYLQMNSLKPEDTAVYYCAAVAYPDIPTYFDYDSDYFYWGQGTQVTVSS
seq8467,EVQLVESGGGLVQPGGSLRLSCAASGFTWDYYAIGWFRQAPGKEREGVSCISSSDGSTTYADSVKGRFTISRDNTKNTVYLQMNSLTPEDTAVYYCAVDPALGCYSGNYYPRYDYWGQGTQVTVSS
seq8468,EVQLVESGGGSVQAGGSLRLSCTASGRPFDNYAMAWFRQAPGKEREFVAAISWALTRTHYADSVKGRFTISRDNAKNTAFMQMSSLKPEDTAVYYCAAAPRPKWISVRYFSTSSNYDYWGQGTQVTVSS
seq8469,HVQLVESGGGSVQAGGSLKLSCVTSAYTFSASGNCMGWLRQAPGKGREGIAATYTRSAKTYYADSVKGRFTISQDNAKNTVYLQMNGLKPEDTATYYCAVARCAGRPDRSTLTSFAWWGQGTQVTVSS
seq8470,QVQLQESGGGLVQAGGSLRLSCAASGITFRRKAVGWYRQAPGKQRELVARIDSDDITNYADSVKGRFSISRDHAKNTVYLQMNSLKSEDTAVYYCNLRGTNYWGQGTQVTVSS
seq8471,EVQLVESGGGSVQPGGSLRLSCAASRSIGRLDRMGWYRHRPGEPRELVATITGGSSINYGDSVKGRFTISIDNSKNTVYLQMNSLRPEDTAVYYCNFNKYVTSRDTWGQGTLVTVSS
seq8472,VQLQESGGGLVRVGGSLRLSCAVSGSFDSRNSMGWYRQAPGKRREWVATITSGSRTNYADSVKARFTISRDNAKNTVYLQMDSLKPEDTAVYYCNAAPPIFNSWGQGTQVTVSS
seq8473,QVQLEESGGGSVQAGGSLRLSCVASGYTYGSTFMGWFRQNPGKEREGVAVIYTGGGSTWYASSVKGRFTISQDNAKNTVYLQMNSLKPEDTAMYYCAARYGSGNVNYWGQGTQVTVSS
seq8474,QVQLVESGGGLVQPGGSLTLSCVASGSNLDYFAIGWFRQAPGKEREGVSCISTSSDMSKYADSVKGRFTISRDNTRNTVYLQMNSLEPEDTAVYYCAAKRRRYGLDRDMCLMDSVGMDVWGKGTLVTVSS
seq8475,EVQLVESGGGLVQAGGSLRLSCAASGRTISNAAMGWFRQAPGKEREFVAAISWSGGSTVYADSVKGRFTISRDNAKNTVYLQMNSPKPEDTAVYYCAAGNGGRNYGHSRARYDYWGQGTQVTVSS
seq8476,EVQLVESGGGLVQPGGSLRLSCAASGGTFSSYAMGWFRQAPGKEREFVAAIRRSGRRTYYADSVKGRFTISRDNSKNTVYLQMNSLRPEDTAVYYCAAARRVRSSTRYNTGTWWWEYWGQGTLVTVSS
seq8477,QVQLQESGGGLVQPGGSLRLSCSASGFILDYYNIGWFRQAPGKEREGVSCISSSGGSTNYADSVKGRFTISRDNAKNTVYLQMNSLKPEDTAVYYCAHCMALTEGYEYDYWGQGTQVTVSS
seq8478,VQLQESGGGLVQTGGSLRLSCAASGVDFNWYSMGWFRQAPGKEREYVASIDQGGELDYAISVKGRFTISRDNAKNMVYLQMNSLKPEDTAVYYCAADFSGRGASNPDKYKYWGQGTQVTVSS
seq8479,EVQLVESGGGLVQPGGSLRLSCAASGFTLDYYNIGWFRQAPGKEREGVSCVSDSGGSTYYADSVKGRFTISRDNAKNTVYLQMNSLKPEDTAVYYCATLNLFTTCDGPWGYEYDYYGQGTQVTVSS
seq8480,VQLQESGGGLAQAGNSLRISCVASGNTFDTRAMGWFRQAPGKEREFVAAISRSSFNTYYSDSVTGRFTISRDNAKNTVYLQMNSLKPEDTAVYYCVAGKYGMKWRDGADYWGQGTQVTVSS
seq8481,QVQLQESGPGLVKPSQTLSLTCTVSGGSISTTAPAWGWIRQSPGKGLDWMAVIAFDGSAYYSPSLKSRTLISRDTSKNQFSLQLSSVTPEDTAVYYCARLGGRNYPPYVELWGQGTLVTVSS
seq8482,EVQLVESGGGWQTGGSLRLSCAASGRTFSMYTMGWFRQAPGEDREFVAAISRSGGLKAYADSVLGRFTISRDNANEMAYLQMNSLNPEDTAVYYCAAAPVPWGTRPSHFTYDSWGQGTQVTVSS
seq8483,EVQLVESGEGLVQAGGSLGLSCSASGLLFSPNSAGWYRQAPGKQRKFVARIRRGGGINYGDSVKGRFTVSRDIAKNTMYLQMNDLKPEDTAIYFCSSWREGFDEYWAQGTQVTVSS
seq8484,QVQLQESGGGLVQPGGSLRLSCAASGNSANIFSFASVAWYRQAPGKQRELVAVITSAGGTKYSDSVKGRFTISRDNAKNTILLQMNSLKPEDTAVYYCNVDYLQDYWGQGTQVTVS
seq8485,QVQLQESGGGLVQAGGSLRLSCTASGAITFSLGTMGWYRQAPGKQRELVASISTGSTNYADSVKGRFTISRDIIKNILYLQMNSLKPEDTAVYSCNARLLWSNYWGQGTQVTVSS
seq8486,VQLQESGGGSVQAGGSLRLSCVASRSSDNYMGWFRQAPGKEREGVAAIWGGTAYYADSVEGRFTISQDNAKNTVYLQMNSLKPEDTAMYYCATGFLKGGSWSRAERFHYWGQGTQVTVSS
seq8487,QVQLVESGGGLVQAGGSLRLSCAASGRTFSRYSMGWYRQAPGKQRELVATISSGGTTNYADSVKGRFTISRDNAKRTTYLQMNSLKPEDTAVYYCNADILRTNGMRNSYWGQGTQVTVST
seq8488,EVQLVESGGGEVQPGGSLRLSCAASGSVTGANTMGWYRQAPGKQRDLVSLIGNYVTHYAESVKGRFTISRDNAKNTLYLQMSSLRAEDTAVYYCYLYTDNLGTSWGQGTLVTVKP
seq8489,EVQLVESGGGLVQSGGSLRLSCAASEGTFTIYPLGWFRQAPGKDRKFVAALPWSAGIPQYSDSVKGRFTISRDNAKNTVYLQMNNLKPEDTAVYYCAAKGRDDSYQPWNYWGQGTLVTVSS
seq8490,QVQLQQSGGGLVQAGGSLRLSCAASRSALSMGWYRQAPGEQRELVATKDNAGVTTYADSVKGRFTVSRDSAKNTVYLQMNSLKPEDTAVYYCQARRWTLDGWQDYWGQGTQVTVSS
seq8491,QVQLVESGGGLVQAGGSLRLSCAASESTFSNYAMGWFRQAPGPEREFVATISQTGSHTYYRNSVKGRFTISRDNAKNTVYLQMNNMKPEDTAVYYCAAGDNYYYTRTYEYDYWGQGTQVTVSS
seq8492,EVQLVESGGGLVQAGGSLRLSCAASGSIFSINAMGWYQQAPGKQRELVAFITSVGTTNYADSVKGRFIISRDNAKNTVYLQMNSLKPEDTAVYYCAADLHYSGPNYWGQGTQVTVSS
seq8493,EVQLVESGGGLVQAGGSLRLSCAASGRTINDYTMGWFRQAPGKDREFVSAINWRGSSTYYADSVKGRFTISRDNAKKTIYLQMNLLKPEDTAVYYCARQVSPYVELTATAAYWGQGTQVTVSS
seq8494,EVQLVESGGGVVQAGGSLRLSCAASGGTFSFYGMGWFRQAPGKEQEFVADIRTSAGRTYYADSVKGRFTISRDNAKNTVYLQMNSLKPEDTAVYYCAAEMSGISGWDYWGQGTQVTVQS
seq8495,EVQLVESGGGLVQAGGSLRLSCAASGRTFSNYAMGWFRQAPGKEREFVAAISWSGGDTYYADSVKGRFTISRDNAKNTVCLQMNSLKPEDTAVYYCAASFQSGAAPGANFYDYWGQGTQVTVSS
seq8496,EVQLVESGGGLVQPGGSLRLSCAASGTAFSITSMGWYRQASGEQRELVARIDSDGSTNYADSVKGRFTISRDNAKNTVYLQMNSLKPEDTAVYYCNAKKWILETYWGQGTQVTVSS
seq8497,EVQLVESGGGLVQAGGSLRLSCAASGFTFENYAMGWFRQAPGKEREGVSCISSSDGSTYYADSVKGRFTISSDNTKNTVYLQMNSLKPEDTAVYYCAAEVPSSCGYYSGNYDYTDDEYDFWGQGTQVTVSS
seq8498,QVQLVESGGGLVQPGGSLRLSCAASGFTFDVYGMSWVRHSPGKGLEWVSTINWNGGSTYYAESMKGRFTISRDNAKNTVYLQMNSLKPEDTAVYYCAKFAPWDGDMEWGQGTQVTVSG
seq8499,AVQESGPGLVKPSQTLSLTCTVSGGSITTKYYYWNWIRQPPGKGLEWMGAIAYSGTTYYSPSLESRTSISRDTSKNQFTLQLSSVTPEDTAVYYCARGVYSGSYYYRYLEVWGRGTLVTVSS
seq8500,EVQLVESGGGLVQAGGSLRLSCAASGRTFSSLAMGWLRQAPGKEREFVSGISRGGTSTYYADSVKGRLTISRDNAKNTMYLQMNSLKPEDTAVYYCAGSPVLSIVLDTRGLEYWGQGTQVTVSS
seq8501,EVQLVESGGGLVQAGGSLRLSCAASGSIFSIVSMGWYRQVPGKQRELVAAITSAGSTNYGDSAKGRFTISRDNAKNTVYLQMNSLKPEDTAVYYCNSYGLGYPGDYGIDYWGKGTLVTVSS
seq8502,QVKLEESGGGLVQAGGSLRLSCGASGIIFSATTMAWYRQAPGKQRELVALITSDWHTKYADSVKDRFSISRDNAKSTVHLQMNSLRSEDTAVYFCYARQAFSEPRWGQGTQVTVSS
seq8503,QVQLQESGGGLVHPGGPLTLSCAASGFRVEYYGIGWFRQAPGKEREKVSCISALHESTYYADSVKGRFTISRDNGKNAVYLQMNSLKPEDTGVYYCATTDCDATSWGTWTNYRGQGTQVTVSS
seq8504,QVQLQESGGGLVQPGTSLRLSCAASGFTLDYYAIGWFRQAPGKEREEVSCISSSDGSTYYADSVKGRFTISRDNAKNTVNLQMNSLKPEDTAVYYCATDGWSSCRHGINEYLYWGQGTQVTVSS
seq8505,QVQLQESGGGLVQAGGSLRLSCAASGRTFSSYAMAWFRQAPGKEREFVAGITWTTGSTTYADPVKGRYTVSRDNAENTGYLQMNSLKPEDSAVYYCTASRATNSVNWYQYHDYNNWGQGTQVTVSS
seq8506,EVQLVESGGGLVQAGDSLSLSCVASGGTFDSYIMGWFRQAPGKERERVAAITWRGGTIVYADSVEGRFTISRDNAKNTVSLQMNSLKRDDTAVYVCAAAVSRRIWPLEYDYWGQGTQVTVSS
seq8507,QVQLQESGGGLVQAGGSLRLSCAASGRTFSTYAMGWFRQAPGKERGLVAAISWSGGSTYYADSVKGRFTIFRDNAENTVYLQMNSLKPEDTAVYYCAAEAEGSGREGNFYERSWYQGQGTQVTVSS
seq8508,EVQLVESGGGLVQPGGSLRLSCITSGQTFKINIWGWYRQAPGKQRELVASLTIGGATNYADSVKGRFTISEDSAKNTVYLQMNSLKPEDTAVYFCNAKSRLYPYDYWGQGTQVTVSS
seq8509,LQESGGGLVQAGGSLTLSCAVSGDTYKIYVAGWVRQAPGKERELVGDINWSGGFGSYAGSVKGRFTISRNNAKTMLYLQMSSLKPEDTAVYYCVAHRARVTLTSDYWGQGTQVT
seq8510,EVQLVESGGGLVQPGGSLRLSCAASGRTFNNYAMGWFRQAPGKEREFVAAITRSGVRSGVSAIYGDSVKDRFTISRDNAKNTLYLQMNSLRPEDTAVYYCAASAIGSGALRRFEYDYSGQGTLVTVKS
seq8511,QVQLQESGGGSVQTGGSLRLSCVASTSIFSNNYMAWFSQAPGKGREGVAAVYIGDGRPYYADSVKGRFTISLDSAKNTVYLQMNSLKPEDTAMYYCAAAPGPLSHNYWYTSANYDYWGQGTQVTVSS
seq8512,EVQLVESGGGSVQAGGSLSLSCTASRGTFRNFGMGWFRQAQGKEREFVAAISRTGGRTYYSDSVKGRFTISRDNAKNMVSLQMNSLKPEDTAIYYCAARFRFDDGTYYYQRAFYDFWGQGTLVTVSS
seq8513,EVQLVESGGGLVQPGGSLRLSCAASGRTFNRYPMGWFRQAPGKEREFVAHMSHDGTTNYADSVKGRFTISADNSKNTAYLQMNSLKPEDTAVYYCAAPGTRYYGSNQVNYNWGQGTLVTVSS
seq8514,EVQLVESGGGLVQPGGSLRLSCAASGSTLDYYAIGWFRQAPGKEREGVSCTSNSGSTYYGGSVKGRFTASRDNAKNTVYLQMNSLRPEDTAVYYCVATIGCATLGGTLDVQRYYYRGQGTQVTVSS
seq8515,EVQLVESGGGLVQAGGSLTLSCAASGNISSINIVNWYHQAPGKQRELVAFITNGEETNYAETVKGRFTVSRDNAKNTVSLQMNSLKPEDTGVYYCNLHIMWPTVRDYWGQGTQVTVSS
seq8516,QVQLQESGGGSVQPGGSLRLSCAASGSALSSNVLGWYRQAPGKQRELVATISSGGLTNYADSVKGRFTISRDNAKNTVYLQMNSLKPEDTAVYYCQSRRLFTVYWGQGTQVTVSS
seq8517,QVQLVESGGALVQPGGSLRLSCAASGFPVNRYSMRWYRQAPGKEREWVAGMSSAGDRSSYEDSVKGRFTISRDDARNTVYLQMNSLKPEDTAVYYCIHRDQQHESFLDARPEPGLTEYWGQGTQVTVSS
seq8518,EVQLVESGGALVQAGGSLGLPCSAPGLLFSRNSAGWYRQAPGKQREFVAGVRMGGSINYGGSVKGRFTVSRDIAKNTMYLQMNDLKPEDTAVYFCSSWRGGFYEYWGQGTQVTVSS
seq8519,QVQLQESGGGLVQAGGSLRLSCAVSGNTLSRYAMGWFRQTPGKEREFVAAIRWNEGATYYADAVEGRFTISRDTGKNTVYLQMNNLQPEDTAVYYCAGRFLGYASSNAYHEALYNYDYWGQGTQVTVSS
seq8520,EVQLVESGGGVVQAGGSLRLSCAASGGTFSFYGMGWFRQAPGKEQEFVADIRTSAGRTYYADSVKGRFTISRDNAKNTVYLQMNSLKPEDTAVYYCAAEMSGISGWDYWGQGTLVQVSS
seq8521,QVQLQQSGGGLVQAGGSLRLSCAASGSIFSINAMGWFRQAPGKEREFVAAISWSGGSTYYADFVKGRFTISRDNAKNTVYLQMNSLKPEDTAIYYCAAISGWGRSIRVGERYEYDYWGQGTQVTVSS
seq8522,QVQLVESGGGLVQPGGSLRLSCAATGFTSDYYALGWFRQAPGKEREGVSCISSRGGDGTIYYADSVKGRFTISRDYAKNTVYLQMNSLKPEDTGVYYCAADLRVPVEEMCVMADNYGMDYWGKGTPVTVSS
seq8523,VQLVESGGGVVQPGGSLRLSCAASDSIQSLVNMGWYRQAPGKQRELVALIANYITHYADFVKGRFTISRDNSKNTLYLQMNSLRAEDTAVYYCYARNIIVDYWGQGTLVTV
seq8524,EVQLVESGGGLVQTGGSLRLSCAASGGTFSTYAMGWFRQAPGKEREFVAGITRSSVSTSYADSVKGRFTISRDNAKDMVYLQMNSLKPEDTALYYCAATRRLHFGNGADYWGKGTPVTVSS
seq8525,EVQLVESGGGLVQPGGSLRLSCAASGHTFSTSWMGWFRQAPGKEREFVATINSLGGTNYADSVKGRFTISADNSKNTAYLQMNSLKPEDTAVYYCARVSSGDYGMDVWGQGTLVTVSS
seq8526,QVQLQESGGSSVQAGGSLRLSCAASGSSFSINVMGWFRQAPGKEREFVAAISWSDGSTNYADSVKGRFTISRDNTKNTVYLQMNSLKPEDTAIYYCAVEPRGWPKGHRYWGQGTQVTVSS
seq8527,DVQLQASGGGLVQAGGSLTLSCAASGSIGDNNAMGWSRTPPGKQREFVARIDSGGITRYADSLKGRFTVSRDTGKNTVSLQMNSLKAEDTGVYYCFAHVGGTIWGQGTQVTVSS
seq8528,QVQLQESGGGSVQAGGSLRLSCTVSGFTFDDVDMGWYRQAPGNECELVSTISSDGSTYYADSVKGRFTISQDNAKNTVYLQMNSLKPEDTAMYYCAAARYSDYEGMCGYWSQGTQVTVSS
seq8529,EVQLVESGGGLVQPGGSLRLSCAASGSIFSIDAMGWYRQAPGKQRELVATITSGKNYADSVKGRFTISRDNAKNAVYLQMNSLKPEDTAVYYCNLEGQAGWGTALMDYWGKGTQVTVSS
seq8530,DVQLQASGGGLVQAGDSLRLSCAASGFAYNRYNMGWFRQAPGMEREFVAAFRWITGTTQYANSAKGRFTISRDNAKNTVYLQMNSLKPKDTAVYYCAADPRVTFNVNEFDYWGRGTQVTVSS
seq8531,VKLVESGGGSVQAGGSLILSCTASGSDYRWMYIARFRQCPGKEREGVAAIYTDDTDDSSPIYATSAKGRFTISQDKDKNAVYLQMNSPKPEDTAMYYCAARAFGGTWSLSSPDDFSAWGQGTQVTVSS
seq8532,QVQLAESGGGLVQAGGSLRLSCAASGRTFSSYVMGWFRQAPGKEREFVAAISRNGGKTYYADSVKGRFTISRDGTENTVYLQMNSLKPEDTAVYYCAAAVAASAEFVTARSNFYEYWGQGTQVTVSS
seq8533,QVQLQESGGGLVQAGGSLTLSCVASGRTISDYAVGWFRQAPGKEREFVASISWGGGFTAFADSMKGRFTISRDNAKNTVYLQTHTLEPDDTSVYYCASSRRYCTGYRCYATASEFDSWGQGTQVTVSS
seq8534,VQLQESGGGSVQTGGSLRLSCAASGDSITTYHMAWFRQTPGKEREEVAVINDDANSRIYVDSVKGRFTISQDKAKNTVYLQMNYLTPEDTAIYYCAADLRCVPGTDSGHPYSYNYWGQGTQVTAS
seq8535,ELQLVESGGGLVQPGGSLRLSCAASGFTFRDYSMSWVRQAPGKGLEWVSAISWNADSTYYAESLKGRFTISRDNAKNTLYLQMNSLRAEDTAVYYCAKSWATPIESLYYYGSDYWGQGTLVTVSS
seq8536,EVQLVESGGGSVQAGESLRLSCAASGGIFSRNAMAWYRQAPGKQRDLVASINSVGITKYGDSVKGRFTISRDNAKNTVYLQMNSLKPEDTAVYYCTSDARRGWDTRYWGQGTQVTVSS
seq8537,QLQLVESGGGRVQAGGSLTLSCAASGDIFTLASMGWYREDLHKKRELVAQLMSDGTANYGDSVKGRVTISRDDVDTTVHLRMNTLQPSDTGEYFCYIHTSREITWGRGTQVTVSQ
seq8538,EVQLVESGGGLVEAGGSLRLSCATSGSTFGIEAMAWYRQAPGKQRELVATINSASRTNYADSVKGRFTISRDTGKSILYLQMNNLEPEDTAVYYCKITTPLPYRRDFWGQGTQVTVSS
seq8539,EVQLVESGGGVVQAGGSLRLSCAASGGTFSFYGMGWFRQAPGKEQEFVADIRTSAGRTYYADSVKGRFTISRDNAKNTVYLQMNSLKPEDTALYYCAAEMSGISGWDYWGQGTLVKVSS
seq8540,QVQLVESGGGLVQPGGSLRLSCAASGSIFSINTMAWYRQAPGKQRELVAGITRSGTTTYAGSVKGRFTISRDNAKNTVYLQMNSLKPEDTAVYYCTDYSSSYYQDYWGQGTQVTVSS
seq8541,EVQLVESGGGLVQPGGSLRLSCAASGRTFSDDTMGWFRQAPGKEREFVAAIHWSGSSTRYADSVKGRFTISADNSKNTAYLQMNSLKPEDTAVYYCATDPPLFWGQGTLVTVSS
seq8542,EVQLVESGGGLAQAGGSLRLSCAPSGRAFSGSAMGWFRQVPGKEREFVGVIIWTGGYTYYADSVKGRFTISRDSAKNTVYLQMDSLKPEDTAVYYCAARTPNSSWFPTTLYEYDYWGQGTQVTVSS
seq8543,EVQLVESGGGLVQPGGSLRLSCAASGTLFKINAMGWFRQAPGKERELVAAINRGGKITHYADSVKGRFTISADNSKNTAYLQMNSLKPEDTAVYYCAASLRNSGSNVEGRWGQGTLVTVSS
seq8544,VQLQESGGGLVQSGDSLRLSCAASGFTFSNYAMSWVRQAPGKGLEWVSTINSGGGSTSYAYSVKGRFTISRDNAKNTLYLQMNSLKPEDTAVYYCAKTASHIPLSQGTQVTVS
seq8545,TVQLQESGGGSVQDGGTLQLSCEDSKWSYTYYCMGWFRQAPGKEREPVAHIDSEGTVAYADTVKGRFTISRGDAKHRVYLQMNNLKADDTAIYYCAANGGYCLRPRQLAADYEYWGQGAQVTVSS
seq8546,DVQLVESGGGLVQPGGSLRLSCTSSANINSIETLGWYRQAPGKQRELIANMRGGGYMKYAGSLKGRFTMSTESAKNTMYLQMNSLKPEDTAVYYCYVKLRDDDYVYRGQGTQVTVSS
seq8547,EVQLVESGGGLVQPGGSLTLSCAASGSSVSQLSMAWYRQAPGKKRELVAGISADGSTDYFDSVKGRFTISRDNAKNSVYLQMNSLRAEDTAVYYCYAYRWTTRGTYWGQGTLVTVSS
seq8548,EVQLVESGGGVVQPGGSLRLSCAASGRTFNNYAMGWFRQAPGKEREFVAAITRSGVRSGVSAIYGDSVKDRFTISRDNAKNTLYLQMNSLRPEDTAVYYCAASAIGSGALRRFEYDYSGQGTLVQVSS
seq8549,QVQLQESGGGLVQAGGSLRLSCVVSGSIMSIRVMGWYRQAPGKQRELVATMSRGGTINYADSVRGRFTISRDNAKSTVYLQMNSLKPEDTDVYYCAALLDSYYWGQGTQVTVSS
seq8550,QVQLQESGGGLVQAGGSLRLSCAASGTILSIIYMDWYRQTPGKQRELVGRITAGGSTNYADSAKGRFTISKDNAKNTVYLQMNSLKPEDTAVYYCNALITRWDKSVNDYWGQGTQVTVSS
seq8551,AVQLVDSGGGLVQPGGSLRLSCAASGFTFSANYMIWLRQAPGKGLEWVSGINLGDSNTYYADSVKGRFTISRDNAKNTLYLQMNSLKSEDTALYYCGFGNYRGQGTQVTVSS
seq8552,EVQLVESGGGLVQAGGSLKLSCAVSGRTIVPYTMAWFRQAPGKEREFVAVTRSGGTTFYADSAKGRFTIARDDAKNTVYLQMNSLKPEDTAVYYCALATAYRTNYSSRDKYDYWGQGTQVTVSS
seq8553,QVKLVESGGGSVQAGGSLRLSCAASGSTISSRPMAWFRQAPGKEREGVACIHTGLGRTYYADSVKGRFTISQDNAKNTVYLQVNSLKPEDTAMYYCAADSRRPCMVAAGYTYWGQGTQVTVSS
seq8554,EVQLVESGGGVVQAGESLRLSCAASGRSFSNYEMGWFRQAPGTEREFVGTINRRGSSTYYADSVKGRFTISRDNAKNTVFLQMSSLKPEDTAVYYCAAGWLYPSSSSRDYDYWGQGTQVTVSS
seq8555,QVQLVESGGGLVQAGGSLRLSCAASRSISTLRFMAWYRQAPGEQRELVAAETSAGRLTYADSVKGRFTVSRDNAKDTIDLQMNSLKPEDTGVYYCAARGLADYWGQGTQVTVSS
seq8556,QVNLVESGGGSVQAGGSLRLSCAASENINVINDMGWYRQAPGKQRELVAVITGHDNINYADSATGRFTISTYTWNTENLQMNMLKPEDTAVYYCNADITYANGRFNDWGQGTQVTVSS
seq8557,QVQLQESGGGLVQPGGSLRLSCAASGSTFSINAMAWYRQAPGKRRELVAGISGGGVTNYPDSVKGRFTISRDNAKNTVYLQMSSLKPEDTAVYYCNLWPPRASPGGRVYWGQGTQVTVSS
seq8558,EVQLVESGGGLVQPGGSLTLSCVASGRTSSINAMGWYRRAPGKQRELVAGISSDGSKVYNDSVKGRFTISRDNAKNSVYLQMNSLRAEDTAVYYCYYFRTVSGTSMRYWGQGTLVTVSS
seq8559,QVQLQDSGGGLVQPGGSLRLSCAVSGIDFSNNAMAWYRQRPGKQHVFVASITTDGRTRYADSVKGRFTISRDNAKTTVYLQMNSLELEDTAVYYCNAFPRWTDWGQGTQVTVSS
seq8560,EVQLVESGGGLVQPGGSLRLSCAASGFTWGDYTMGWFRQAPGKEREFVAAINWSGGNTYYADSVKGRFTISADNSKNTAYLQMNSLKPEDTAVYYCAADRRGLASTRAADYDWGQGTLVTVSS
seq8561,EVQLVESGGGLVQPGGSLRLSCAASGRTLTNHDMGWFRQAPGKEREGVSYISMSDGRTYYADSVKGRFTISADNSKNTAYLQMNSLKPEDTAVYYCAAVLDGYSGSWGQGTLVTVSS
seq8562,DVQLVESGGGLVQPGGSLRLSCAASGSIFTINAMGWYRQAPGKQREEVAAITSGGRTNYADSVKGRFTIPRDNARNTVYLQMNSLNPEGADVYSCKAVVVTTTPYSDSWGQGPLVTVYS
seq8563,EVQLVESGGGLVQPGGSLRLSCAASGSFFSIKSMGWYRQAPGKQRELVAGITSGGTNYADSVKGRFTISRDSAKNTVYLQMNSLKPEDTAVYYCNAVGERLAYTGVTEYDYWGQGTLVTVSS
seq8564,ESGGGSVQAGGSLRLSCAASDYTITDYCMAWFRQAPGKERELVAAIQVVRSDTRLTDYADSVKGRFTISQGNTKNTVNLQMNSLTPEDTAIYSCAATSSFYWYCTTAPYNVWGQGTQVTVSS
seq8565,DVQLVESGGGLVQPGGSLRLSCAASGSTFSINAVAWYRQAPGKRRELVAGISGGGVTNYADSVKGRFTISRDNSKNTVYLQMNSLRPEDTAVYYCNLWPPRASPGGRVYWGQGTLVTVSS
seq8566,ESGEMLFTVKKGDSLRLSCAASGRTFSTAAMGWFRQAPGKERDFVAGIYWTVGSTYYADSAKGRFTISRDNAKNTVYLQMDSLKPEDTAVYYCAARRRGFTLAPTRANEYDYWGQGTQVTVSS
seq8567,DVQLQASGGGLVQAGGPLRLSCAASGRNIDTYTTGWFRRAPGKKREFVAAISWSGTNTNYADSVKGRFTISRDNAKNTMYLQMNRLAPEDTAVYYCAATSTRTYYYTTSRSNEYVYWGQGTQVTVSS
seq8568,KVQLVESGGGPVQAGGSLRLSCTASGRPFDNYAMAWFRQAPGKEREFVAAISWYVSTTFYADSVKDRFTISRDNAKNTAFMQMSSLKPEDTAVYYCAAAPRPKRISVRYFSTSSNYDYWGQGTQVTVSS
seq8569,DVQLVESGGGLVQPGGSLRLSCSASGRTFSFSTSTMGWFRQAPGKELEFVAAIDWSDFNTYYADSVKGRFTISRHNPRNTVYLQMNSLRPEDTAVYYCAAHSETRGGTRYFDRPSLYNYWGQGTQVTVSS
seq8570,QVQLQESGGGLVQPGGSLRLSCAASRSISSIAAMGWYRQAPGKQRELVARITNGGSTNYADSVKGRFTISRDNAKNTVYLQMNSLKPEDTAVYYCNADERPYYGDSVLSWGQGTQVTVSS
seq8571,LQESGGGLVQAGGSLRLSCAASASTFVINPMRWYRQAPGKQRELVAGITFNGATNYADSVKGRFTISNNNAKNTVFLQMNSLKPEDTAVYYCNVVVWVGSESYDYWGPGTQVT
seq8572,EVQLVESGGGLVQPGGSLRLSCAASGRTFRRYSMGWFRQAPGKEREFVASITPGGNTNYADSVKGRFTISADNSKNTAYLQMNSLKPEDTAVYYCASRRRWLTPYIFWGQGTLVTVSS
seq8573,EVQLVESGGGLAQAGGSLRLSCTTSGLTFSSYYMGWFRQAPGKEREFVATISWNKISTIYTDSVKGRFTVSRDNNKNTVYLQMNSLKPEDTAVYYCAADASRPTLRIPQYWGQGTQVTVSS
seq8574,VQLQQSGGGLVQAGGSLRLSCTASGRIDRTYTVSWFRQGPGKEREFVATISWDGSIYYDNAVEGRFSISGDNAKTTVALQMNSLKPEDTAVYYCAARRRVFSRAAAAYNYWGQGTQVTVSS
seq8575,EVQLVESGGGLVQPGGSLRLSCAASGRAINAYNMGWFRQAPGKGREFVSAINWNAARTYYAESVKGRFTISRDNAKNTLYLQMSSLRAEDTAVYYCAASGRWSAAVPSGEDQYNFWGQGTLVTV
seq8576,QVQLQESGGGLVQPEGSLRLSCAASGSISSINAMAWYRQAPGKRRELVAGIDGGGVTNYPDSVKGRFTISRDNAKNTVYLQMSSLKPEDTAVYYCNLWPPRASPGGRVYWGKGTQVTVSS
seq8577,EVQLVESGGGSVQAGGSLRLSCTASGRPFDNYAMAWFRQAPGKEREFVAAISWSLSRTHYADSVKGRFTISRDNAKNTAFMQMSSLKPEDTAVYYCAAAPRPKWVSVRYFSTSLNYDYWGQGTQVTVSS
seq8578,HVQLVESGGGSVQAGGSLRLSCAISGRSNENYFLAWFRQPPGKEREGVAAMYTGFGGGNIYYDDSVKGRFTISQDNSKNTLFLQMNVLRPEDTAMYYCAARKVARGSHFSLGRAPALRRDEYNFWGQGTQVTVS
seq8579,QVQLQESGGGLVQAGGSLRLSCTASRSTLSTYAMGWYRQAPGKQRELVATITTGRITQYADFVKGRFTISRDNDKNTVYLQMNSLKPEDTAVYYCARSPRTSWILWGQGTQVTVSS
seq8580,QVQLVESGGGSVQAGGSLRLSCAASGYIYGCMGWFRRAPGKAREEVATIYRDGTAYYANSVEGRFTASRNNAENTLSLEMNSLNAEDTAMYYCAARTTGCNWDISGVYWGQGTQVTVSS
seq8581,QVQLQESGGGLVQPGGSLRLSCAASGFTFSSYSLTWVRQAPGKGLEWVSTIKARGGTTLYADSVKDRFTISRDNAKNTLYLLMNSLKPEDTAVYYCVKPLYSNFAGDFGSWGQGTTVTVSS
seq8582,QVQLQESGGGLVQPGGSLRLSCAASGFNLDPYAIAWFRQAPGKEREEVSCISSSDVGTYYADSVKGRFTISRDNTKKTVYLQMNSLKPEDTAVYYCATDGYYYCSDYPHPLYWGQGTQVTVSS
seq8583,DVQLVESGGGLVQPGGSLRLSCAASGGSLSNYVLGWFRQAPGKEREFVAAINWRGDITIGPPNVEGRFTISRDNAKNTGYLQMNSLRPEDTAVYYCGAGTPLNPGAYIYDWSYDYWGRGTLVTVSS
seq8584,VQLVESGGGVVQPGGSLRLSCAASGLTLSQYTMGWFRQAPGKERELVAAIHWTSSVTDYADSVYGRFTISRDDSKNTGYLQMNSLRAEDTAVYYCAATWYYTHRGPFDYWGQG
seq8585,EVQLVESGGGLVQTGDSLRLSCEVSGRTFSSYSMGWFRQAQGKEREFVVAISKGGYKYDAVSLEGRFTISKDNAKNTVYLQINSLKPEDTAVYYCASSRAYGSSRLRLADTYEYWGQGTQVTVSS
seq8586,EVQLVESGGGLVQAGGSLRLSCAASGRTFDSYAMGWFRQAPGKEREFVAAITSSGGNTYYADSVKGRFTISADNAKNTVYLQMNSLKPEDTAVYYCAAVPARYGARDYWGQGTQVTVSS
seq8587,QVQLVQSGGGLVQPGGSLRLSCAASGFTFDDHAMSWVRQAPGKGLEWVSAISWNGHYTYYAESMKGRFAISRDNAKNTLYLQMNSLKSEDTAVYYCVKGWRGSYTRDRPFASWGQGTQV
seq8588,EVQLVESGGGLVQAGGSLRLSCAASGRTFSSYDMGWYRQAPGKEREFVAIITWNSSTYYADSVKGRFTISRDNAKNTVYLQMNSLKPEDTAIYYCNAQYGLGYAEDYWGQGTQVTVSS
seq8589,QVQLVESGGGLVQPGGSLRLSCVASGRLFDTYTMAWYRLPPGKQRELVADISRTGFTNYADSVKGRFTISRDNAKNTVYLQMNSLKPDDTAHYRCKVREPATMYEYWGQGTQVTVSS
seq8590,MAESGGGSVQTGGSLRLSCAYTASSLCMAWFRQAPGKEREGVAVTRDGLTKTGYADSVKGRFAISQDYAKKTLYLQMSSLKPEDTARYYCAARPTSPCTVDGELLASTYNYWGQGTQVTV
seq8591,DVQLQASGGGLVQHGGSLRLSCEASGRTFSGYAMAWFRQAPGKEHEFVAAISSSSNSAPYYANSVKGRFTISRDNAKNTVYLQMNNLQTEDTAVYYCAARYGTKRYVAREYDSWGQGTQVTVSS
seq8592,QVKLEESGGGLVQAGGSLRLSCAASERTFSRYPVAWFRQAPGAEREFVAVISSRGTSTYYADSVKGRFTISRDNAKVTVYLQMNNLKREDTAVYFCAVNSQRTRLQDPNEYDYWGQGTQVTVSS
seq8593,LQQSGGGLVQPGGSLRLSCAASGNISSVNFMAWYRQNPGTQRELVAQIPSGGYPVYADSVKGRFTISRDNAKNTLYLQMNGLKPEDTAVYYCYAAARTWFYNYNYWGQGTQVT
seq8594,EVQLVESGGGLVQPGGSLRLSCAASGFTLDYFAIGWWRQAPGKGREGVSCISSGDGSTNYADSVKGRFTISRDNAKNTVYLQMNSLKPEDTAVYYCATDRSVYYCSGGAPEEYYWGQGTQVTVSS
seq8595,QVQLVESGGGLVQPGGSLRLSCAASGFTPRGFAIGWFRQAPGKEREGVSCISTTGAITYYANSVKGRFTISRDNAKNTVYLQMNNLKPDDTAVYYCASDNQCGSAWNRHRKYDYWGQGTQVTVSS
seq8596,QVQLVESGGGLVQPGGSLTLSCVISGSFSALWAMRWYRQAPGQQRELVASSRGGTTSYADSVKGRFTISRDNSKNTLYLQMNSLRPEDTAVYYCNAIDGHLAYWGQGTLVTVSS
seq8597,EVQLVESGGGLVQPGGSLRLSCAASGRTYDAMGWFRQAPGKEREFVAAISGSGDDTYYADSVKGRFTISRDNSGNTMYLQMNSLRPEDTAVYYCATRRGLYYVWDSNDYENWGQGTLVTVSS
seq8598,RLTCAASGSIFSIIGMGWYRQAPGKQRELVATITSGDNTNYADSVKGRFTISRDNAKNTVYLQMNSLKPEDTAVYYCNALDSSGWSDYWGQGTLVTVSS
seq8599,EVQLVESGGGLVQPGGSLTLSCAASGSKVSFLSMAWYRQAPGKKRELVAGISRDGSTDYIDSVKGRFTISRDNAKNSVYLQMNSLRAEDTAVYYCYAYRWTTRYTFWGQGTLVTVSS
seq8600,EVQLLESGGGLVQPGGSLRLSCAVSGDTFSVYGMGWFRQAPGMGREFVAGISWNAGITAYTDTLKGRFTISRDRAKNTMYLQMNSLQPEDTAVYYCAADVTRHYIATRSKVDASMYDYWGQGTLVTVSS
seq8601,QVQLQESGGGLVQPGGSLRLSCAASGFILKDYAIGWFRQAPGKEREGVSCISSSDDSRYYADSVKGRFTISRDNAKNTVYLGMNSVKPEDTAVYYCATIRACGSSWSPDYWGQGTQVTVSS
seq8602,QVKLEESGGGSVQTGGSLRLTCAASGRTSRSYGMGWFRQAPGKEREFVSGISWRGDSTGYADSVKGRFTISRDNAKNTVDLQMNSLKPEDGAIYYCAAAAGSAWYGTLYEYDYWGQGTQVTVSS
seq8603,QVQLQESGGGLVQAGGSLRLSCAASGSTFSNNAMAWYRQAPGKQRELVAYISSGGFTNYGDSVKGRFTISEDNAKSTVYLQMTSLKPEDTAVYYCSAGGTYRSGNVYFFPRSWGQGTQVTVSS
seq8604,EVQLVESGGGLVQAGGSLRLSCAASGFTFDDYAIGWFRQAPGKEREGPLCISSSDGSTYYADSVKGRFTISSDNAKNTVYLQMNSLKPEDTAVYYCAAESLGDYGLASPLPADFGSWGQGTQVTVSS
seq8605,VQLQESGGGSVQAGETLRLSCTASGDTFDDSGVGWFRQVSGNECDLVSSINRDGTTYYAPSVAGRFTISQNNAKNTVYLQMNSLKPDDTAVYYCATVPAVGIVVRITCRGPFGYWGQGTQVTVSS
seq8606,QVQLQQSGGGFVRPGESLTLSCAASTSIFSSNGMYWYRQAPGKRRELVASLFRSGSTNYADSVKGRFTISRDNAKNTVYLQMNSLKPEDTAVYYCNVNWALHDSWGQGTQVTVSS
seq8607,QLQESGPGLVKPSQTLSLTCTVSGGSITTNYYYWSWIRHTPGKGLQWMGAIAYSGSTYYNPSLKSRTSISRDTFKNQFTLQLSSVTPEDTAVYYCARDLLGPSLLGQGTQVTVSS
seq8608,QVQLQESGGGLVQAGGSLRLSCSASGSISSSHVMGWYRQAPGKQRELVATITNGGLTHYADSVKGRFTISRDNAKNTVYLQMNSLKPDDTAVYYCNARRLWDNYWGQGTQVTVSS
seq8609,EVQLVESGGGLVQAGGSLRLSCAASGGTFSSYRMAWFRQTPGKEREFVTLISRSGGTTDYTDSVKGRFTISRDNAKNTVYLQMNSLKPEDTAVYYCAAAGSMGWNHFREYDYWGQGTQVTVSS
seq8610,EVQLVESGGGLVQAGESLRLSCAASGFTSDDYAIGWFRQAPGKEREGVSYISHEDGSTYVADSVRGRFTISYDYAKNTVYLQMNSLKPEDTAVYYCAAAILGNSVLWLWEYEYRYWGQGTQVTVSS
seq8611,QLQASGGGLVQPGGSLRLSCAASGFTLEYYALAWFRQAPGKERVGISCISSTNGRADYVDSVKGRFTISRDNAKNAFYLQMNSLKPEDTAVYYCAAAMWKCQLMMSSSNYTKIWGQGTQVTVSS
seq8612,VQLVESGGGLVQAGGSLRLSCTDSGRTFGAYNMGWFRQAPGKEREFVAAINWSGISTYYTDSVKGRFTISRDNAKNTVCLQMNNLSPEDTAVYYCAANRGGNYEKVYLYNNWGQGTQVTVSS
seq8613,QVQLQESGGGLVQAGGSLKLSCAASSSIFSISSMSWYRQAPGKQRELVAAITTFDYTNYADSVKGRFTISRDNAKNMMYLQMNSLKPEDTAVYLCNARAFGRDYWGQGTQVTVSS
seq8614,QVQLQESGGGLVQPGGSLRLSCTAPRIIFFMYDVGWYRQAPEKQRELVAQINSDVSTKYADSVKGRFTISRDNAKRTVYLQMNDLKPEDAAVYYCNVRRASADYWGQGTQVTVSS
seq8615,EVQLVESGGGVVQPGGSLRLSCAASGGTFSFYGMGWFRQAPGKEREFVADIRTSAGRTYYADSVKGRFTISRDSSKNTVYLQMNSLRPEDTALYYCAAEPSGISGWDYWGQGTLVTVSS
seq8616,QVQLQESGGGLVQAGGSLRLSCAASGLSISNYNMAWFRQAPGKERELVAVITWTGGSTYYAEDVKGRLTISRDNAKNTVFLQMNSLKPEDTAIYFCAAGLKGSGRSLSYPDGYDNWGQGTQVTVSS
seq8617,EVQLVESGGGLVQPGGSLRVSCAASGFTFSSLYMSWVRQVPGKGLEWVSTIHTASGSTFYADSVQGRFLVSRDNAKNTLYLQMDSLKPEDTARYYCASAILGWYDYWGQGTLVTVSS
seq8618,EVQLVESGGGLVQTGGSLRLSCAASGRTFSAYDMGWFRQAPGKEREFVAVISWSGGMTYYADSVQGRFTISRDNAKSTVYLQMNSPKPEDTAVYYCAVDRRRAYSRWRYYTGVNDYEFWGQGTQVTVSS
seq8619,QVQLQESGGGLVQPGGSLRLSCAASGFTFSSYSLTWVRQAPGKGLEWVSTIKARGGTTLYADSVKDRFTISRDNAKNTLYLLVNSLKPEDTAVYYCAKPLYNNLAGDFGSWGQGTTVTVSS
seq8620,EVQLVESGGGLVQPGGSLRLSCAASGFTLDYYNIGWFRQAPGKEREWVSCINSSDGTTYYADSVKGRFTISRDNAKNTVYLQMNSLKPEDTAVYYCAAPFEYYSDLCGVNGYDYWGQGTQVTVSS
seq8621,QVKLVESGGGLVQAGGALRLSCAASGRTFSYNPMGWFRQAPGRERDVVAAISRTGGSTYYPDSVEGRFTISRDNAKRMVYLQMNNLKPEDTAVYYCAAAGVRAEDGRVRSLPSEYTFWGQGTQVTVSS
seq8622,EVQLVESGGGLVQAGGSLRLSCAASGRTISSYAMAWFRQAPGKEREFVAAISLSGDSTYYADSVKGRFTISRDNAKNTVYLQMNSLKPEDTAEYYCAATDWDFEDIPEYYCSGYGCDESLFDSWGQGTQVTVSS
seq8623,QVQLQESGGGLVQTGGSLRLSCAASGRTFTRNAMGWFRQAPGKAREFVAVISWSGNRAYSDSVKGRFTISRDNGKNLVSLQMNSLKPEDTAVYYCAAAREAITSTYYTPHVLTDYDAWGQGAQVTVSS
seq8624,QVQLQESGGGLVQPGGSLRLSCAASGFILNDYAIGWFRQAPGKEREGLICVSSSDGTRYYADSVKGRFTISRDNAKNTVYLGMNSVKPEDTAVYYCATIRACGSSWSPDYWGQGTQVTVSS
seq8625,EVQLVESGGGEVQPGGSLRLSCAASGSILSINAMGWYRQAPGKQRELVAGFTGDTNTIYAESVKGRFTISRDNAKNTVYLQMSSLRAEDTAVYYCAADVQLFSRDYEFYWGQGTLVTVKP
seq8626,EVQLVESGGGLVQAGDSLTLSCTASGRTFDNYAMGWFRQAPGKEREFVAAISWSLSRTHYADYVKGRFTISRDNAKNTVLLQMSSLKPEDTAVYYCAAAPRPKRISVSYFSTTSNYDYWGQGTQVTVSS
seq8627,EVQLVESGGGQVQPGGSLSLSCESSVSIWSFKVMGWFRQVPGHQLELVATITTGGSPDYSDSVKGRFTISRDYDKRTLYLQMNSLKPEDTAVYYCAGRLWAHITSSGHDVWGQGTQVTVSS
seq8628,EVQLVESGGGLVQPGGSLRLSCAASGFSLDYFAIGWFRQAPGKEREEISCISNSDGSTYYANSVKGRFTISIDNAKNTVYLQMTSLKPEDTAVYYCATPVGLGPFCKTTNDYDYSGQGTLVTVSS
seq8629,EVQLLESGGGEVQPGGSLRLSCAASGFTFSSNAMGWYRQAPGKRREFVAAIESGRNTVYAESVKGRFTISRDNAKNTVYLQMSSLRAEDTAVYYCGLLKGNRVVSPSVAYWGQGTLVTVKP
seq8630,EVQLMESGGGLVQAGGSLRLSCAASGRTFSSYAMGWFRQAPGKERENVAAISSSGGYTYYPDSVKGRFTISRDTAKNTVYLQMNSLKPDDTAVYYCAGTQPNFGWQLLLLQTEYDYWGQGTQVTVSS
seq8631,QVQLVESGGGLVQPGGSLRLSCAASGYTYGSYCMAWFRQAPGKEREGVAGVDSDGTTRYADSVKGRFTISRDNSENTLYLQMNSLKPEDTAVYYCAAGVCGTGGSWYEGDAGLFMYEFAYWGQGTLVTVSS
seq8632,VQLVESGGGLVQPGGSLRLSCEASGFTLDYYAIGWFRQAPGKEREGVICISRSDGSTYYADSVKGRFTISRDNAKKTVYLQMISLKPEDTAAYYCAAGADCSGYLRDYEFRGQGTQV
seq8633,EVQLVESGGGEVQPGGSLRLSCAASGRPFSSSAMGWFRQAPGKERETVAAVSRNAGSSYYADFVKGRFTISRDNAKNTVYLQMSSLRAEDTAVYYCAARSAAYSRSSETYTEKHDYTYWGQGTLVTVKP
seq8634,GGSLVQPGGSLKLSCAASGFTFSSSWMYWVPQAPGKGLEWVSTIDSDGTNTYYADSVKGRFTISRDNAKNTLYLQMNSLKSEDTAVYYCLKISDYGIYWGQGTWGQGTQVTVSS
seq8635,QVQLQESGGGLVQAGGFLRLSCAASGITFRSKSVGWYRQAPGKQRELVAYISGDDITNYADSVKGRFSISRDNAKNTVYLQMNSLKSEDTAVYYCNLRGSNYWGQGTQVTVSS
seq8636,QVQLQESGGGLVQAGGSLRLSCAASGSIFSINAMGWYRPALGEQRELVAAITTGGRTTYVDSVKGRFSISRDNAKNTVYLQMNSLKPEDTAVYFCKAFTRDEDFWGQGTQVTVSS
seq8637,LQESGGGLVQAGGSLRLSCAASGDISSIVAMGWFRQAPGKERDIVARIIWFADSSYYADSVKGRFTISKDNAQSTVSLQMNSLEPEDAAVYYCTAVTTQTYGYDYWGLGTQVT
seq8638,QVQLQESGPGLVKPSQTLSLTCTVSGGPITTSYYAWSWIRQPPGKGLEWMGAIDYDGSAYYSPSLKSQTSISRDTSKNQFSLHLSSVTPEDTAVYYCARSWGEYSSWSFASWGQGTQVTVSS
seq8639,VQLVESGGGLVQPGGSLRLSCAASGSISSLYVMGWYRQAPGKQRELVADITSSGSIYYVDSLKGRFTISRDNARSTVYLQMNSLEPEDTAVYYCMAHVRQDSGSEYLTYWGQGTQVTVSS
seq8640,QVQLQESGGGLVQPGGSLRLSCTASGFDFSRYVMSWVRQAPGKDFEWISGIMPLSSAGTTYADAVKGRFTISRDNAKNTLYLQLNNLKTEDTAIYYCAKGVYTTYIGGARGQGTQVTVSS
seq8641,QVQLVESGGGLVQPGGSLRLSCAASGFTFSVYDMNWFRQAPGKGLEWVSGITGNGYTTSYADSVKGRFTISRDNAKNTLYLQLNSLKSEDTAMYYCAKETNRGQGTQVTVSS
seq8642,QVQLQASGGGLVQAGESLTLSCDASGRTFSIGAMGWFRQAPGKEREFLAAINWNGGYTSYADVASGRFTISRNAKNTVYLQMNSLQPEDTAVYYCAAKYGGSARSRTYDYWGQGTQVTVS
seq8643,EVQLVESGGGLVQPGGSLRLSCAASGSIFSINDMGWFRQAPGKEREHVALIRIKDGSIYYADSVKGRFTISRDNAKNTVYLQMNSLKPEDTAVYYCAAKTGTSFVYWGQGTQVTVSS
seq8644,EVQLVESGGGLVQPGGSLRLSCAASGFTLDDYAIGWFRQAPGKEREAVSCISSVDGSTHYADSVKGRFTISRDNAKDTVYLQMNSLKPEDTAAYYCAVQGYSGGYYYTCEDSADFGFWGQGTQVTVSS
seq8645,EVQLVESGGGLVQPGGSLKLSCAASGFDFSSHWMYWVRQAPGKELEWLSEINTNGLITAYGDSVKGRFTVSRNNAANKMYLELTRLEPEDTALYYCARNQKGLNKGQGTQVTVSS
seq8646,EVQLVQSGGGLVQPGGSLRLSCAASGFTFSTYWMYWVRQAPGKGLEYVGSIDNDGFTYYSEDVKGRFTISGDNARNTLYLQINSVKPEDTALYYCVRGVYYMDYEPRMDYWGKGTLVTVSS
seq8647,LQQSGGGLVQNGDSLRLSCAASGRSFRTYAMGWFRQAPGKEREIVGALSWSDSGTYYADSVKGRFTISRDNAKNTLYLQMDSLKPEDTAVYYCAADPSYARIVGSGRYIIEYWGQGTQVT
seq8648,QLQLQESGGGLVQAGGSLRLSCAASGSIFSIDATAWYRQAPGKQRELVAIITSSGSTNYPDSVKGRFTISRDNAKNTVYLQMNSLNPEDTALYSCNAITRMGGSTYDFWGQGTQVTVKP
seq8649,QVQLVETGGGVAQAGGSLRLSCAASGFSFDDYAIGWLRQAPGKEREGVSCISAGDGSPQYADSVKGRFTISSDNAKNTVYLQMNSLKPEDTAVYYCAVSRWSNCAWDYYGMDPWGKGTLVTVSS
seq8650,EVQLVESGGGLVQPGGSLTLSCAASKSSVSFLSMAWYRQAPGKKRELVAGISADGSTDYIDSVKGRFTISRDNAKNSVYLQMNSLRAEDTAVYYCYAYRWTTRATYWGQGTLVTVSS
seq8651,EVQLQESGGGLVQPGGSLRLSCAASGFTFSSYWMYWLRQAPGKGLEWVSSINSDSSSTYYRDSVKGRFTISRDNAKNTLYLQMNSLKSEDTAVYYCAKDPGGYAKGQGTQVTVSS
seq8652,EVQLVESGGGLVQAGGSLRLSCAASLRTLDNYGVGWFRQTPGREREFVSAVSWNGDRTYYQDSVKGRFTISREYAKNTVYLQMDSLKPEDTAVYYCAVNMYGSTFPGLSVESHYDYWGQGTQVTVSS
seq8653,LQESGGGLVQAGGSLRLSCAASGSTFRINAMAWYRQAPGKQRELVARISFDARTIYADSVQGRFTISRDNAKNTVYLQMNNLKPEDTAVYYCNQGLVWGQGTQVT
seq8654,QVQLVESGGGLVQPGGSLRLSCVASGLPFSSSRMAWFAQAPGKEREFVAAIGWRGRTSYKYYADSVKGRFTVSGDNAKKTLDLQMKDLKPEDTALYFCAAHPNDDGDPRISGNYQYWGQGTQVTVSS
seq8655,QVQLQESGGGLVQAGGFLRFFCAASERVDAIFAMAWYRQAPGKQREFLAAVTSDGSLNYADSVRGRFTITRGNVKNTILLQMHSLKPEDTAVYYCNAGNQLITGARSGDVWGHGTQVTVSS
seq8656,EVQLVESGGGLVQAGGSLRLSCAVSGATFDDYAIGWFRQAPGKEREGVSYIGCNDGSIYYAGSVKGRFTISCDYAKNTVYLQMNSLKPEDTAVYYCAAAAQWATIRWIQEYDYDTWGQGSQVTVSS
seq8657,EVQLVESGGGLVQPGGSLRLSCAASGRNFRRNSMGWFRQAPGKEREFVAGISWSGARTHYADSVKGRFTISADNSKNTAYLQMNSLKPEDTAVYYCARVSRRPRSPPGYYYGMDVWGQGTLVTVSS
seq8658,EVQLVESGGGLVQAGGSLRLSCVASGLSFDDYAIGWFRQAPGKEREGVSCIGDKGDRIFYADSVKGRFAISSDHAKHTVDLQMTNLKPEDTATYYCAAVAPFAFCTESLPDTWYDYWGQGIQVTVSS
seq8659,EVQLVESGGGLVQAGGSLRLSCAASGRTYYLNAMGWFRQGPGKDREFVAAIDWSDGNKDYADSVKGRFTISRDNAKNTVYLQMNSLKPEDTAVYYCAADTPPWGPMIYIESYDTWGQGTLVTVSS
seq8660,DVQLQASGGGLVQAGGSLRLSCAGSGRTFTNYDMGWFRQAPGKERRFVAAISGSGGSARYAVPVKGRFTITRDNAKNTVYLQMSSLKPEDTAVYYCAADRFVVAAGTHDLDYWGQGTQVTVSS
seq8661,QVQLQESGGGLVQAGGSLRLSCAASGRNFRRNAMGWFRRAPGKEREFVAAISWSGGATSYKDSVKGRFTISRDNAKSTLYLQMDSLKTEDTAVYYCAAVGRRPTIATPHSEYEYDYWGQGTQVTVSS
seq8662,QVQLQESGGGLVQPGGSLRLSCAASGFTFSSYDMSWVRQAPGKGIEWVSVINSGGSNTDYADSVKGRFTISRDNAKNTLYLQMNSLKTEDTAVYYCATAWMGYSDYLDGIARGQGTQVTVSS
seq8663,EVQLVESGGGLVQPGGSLKLSCAASGFDFSSHWMYWVRQAPGKELEWLSEINTNGLITHYGDSVKGRFTVSRNNAANSMYLELTRLEPEDTALYYCARNQKGLNKGQGTQVTVSS
seq8664,EVQLVESGGGLVQPGGSLRLSCAASGRTFRHYAMGWFRQAPGKEREFVAAISSYGSTDYGDSVKGRFTISRDNSKNTVYLQMNSLRPEDTAVYYCAAADETLGAVPNFRLHEKYEYEYWGQGTLVTVSS
seq8665,EVQLVESGGGLVQPGGSLRLSCAASGFTWDYYAIGWFRQAPGKEREGVSCISSSDGSTTYADSVKGRFTISRDNTKNTVYLQMNSLTPEDTAIYYCAVDPALGCYSGNYYPRYDYWGQGTQVTVSS
seq8666,EVQLVESGGGLVQPGGSLRLSCAASGTTFKINVMAWYRQAPGKGRELVAAIISGGSTPYADSVKGRFTISRDNAKNTLYLQMNSLRPEDTAVYYCAFVTTNSDYDLGRDYWGQGTLVTVSS
seq8667,EVQLVESGGGLVQPGGSLRLSCAASGRTFGDDTMGWFRQAPGKEREFVAGINWSGGNTYYADSVKGRFTISADNSKNTAYLQMNSLKPEDTAVYYCATDPPLFWGQGTLVTVSS
seq8668,EVQLLESGGGLVQPGGSLTLSCAASGRTDSWYVMGWFRQAPGKDREFVAGVSWSYGNTYYADSVKGRFTISRDNSKNTLYLQMNSLRAEDTAVYYCAARVSREVIPTRWDLYNYWGLGTQVTVSS
seq8669,EVQLVESGGGLVQAGGSLRLSCAASGFTFSDYDIGWFRQAPGKEREWVSGISSSDGNTYYADSVKGRFTISRDNAKNTLYLQMNSLRPEDTAVYYCAREPPDSSWYLDGSPEFFKYWGQGTLVTVSS
seq8670,EVQLQESGPGLVKPSQTLSLTCTVSGGSITTRYYAWSWIRQPPGKGLEWIGVIDYDGDTYYSPSLKSRTTISWDTSKNQFSLKLSSVTPADTAVYYCARDPDVVTGFHYDYWGQGTTVTVSS
seq8671,EVQLVESGGGLVQPGGSLRLSCAASGSVHKINFLGWYRQAPGKERELVATITIGDTTDYADSAKGRFTISRDEAKNMVYLQMNSLKPEDTAVYFCRAGSRLYPYNYWGQGTLVTVSS
seq8672,EVQLVESGGGLVQAGGSLRLSCAASGFTFDDYAIGWFRQAPGKEREGVSCISSSDGSTYYADSVKGRFTISSDNAKNTVYLLMNSLKPEDTAVYYCAAEPPDSMWSLDGSPEFFKFWGQGTQVTVSS
seq8673,DVQLVESGGGLVQPGGSLRLSCAASRSIGRLDRMGWYRHRTGEPRELVATITGGSSINYGDFVKGRFTISRDNAKNTVYLQMNSLRPEDTAVYYCNFNKYVTSRDTWGQGTLVTVSS
seq8674,QVQLQESGGGLVQPGGSLRLSCATSPFSLRLGVVGWFRQAPGREREGVSCISSSEGSTHYADSVKGRFTISRDNAKNTVYLQMNSLKPEDTAVYYCATRCTVVPGITWGQGTQVTVSS
seq8675,QVQLQESGGGLVQAGGSMRLSCAASGFTFSSYGMSWVRQTPGKGPEWVSAIDSGGGSTSYADSVKGRFTISRDNAKNTLYLQMNSLKPEDTAVYYCAQGYYCSGYGCSDYWGQGTQVTVSS
seq8676,VQLVESGGGLVQPGGSLRLSCAASGVDISSDVMAWYRQAPGKQREFVSGLTRGGSINYADSVKGRFTISRDFAKNTVDLQMNSLKPEDTAVYYCNAEIYTGTFYPRSYWGQGTLVTV
seq8677,VQLQESGGGSVQAGGSLRLSCAASGYTYSNDGMGWFRQIPGKEREGVAAISPTGRRTEYADSVQGRFTISRDNAKNMLSLQMNSLKPEDTGMYYCAREGSGSFSLQNSAVRSWGQGTQVTVSS
seq8678,EVQLVESGGGLVQPGGSLRLSCAASGFTFDDYGMSWVCQAPGKALEWVSAISWNGNNTYYTESMKGRFTISRDNAKNTLYLQMNSLRPEDTAVYYCVKGSTAIVGVPPTYPDEYDYWGQGTLVTVSS
seq8679,EVQLVESGGGLVQAGDSLTLSCVASGRTFNNYGMGWFRQAPGKEREFVASINWGNGKTYYANPVKDRFAISKDHAKNTVYLQMNSLKPEDTALYYCAAVSSNTETFDTWGQGIQVTVSS
seq8680,EVQLVESGGGLVQPGGSLRLSCAASGFTFSFYTMGWFRQAPGKEREFVAAISSGGRTSYADSVKGRFTISADNSKNTAYLQMNSLKPEDTAVYYCAAALDGYEGSWGQGTLVTVSS
seq8681,QVQLQESGGGTVQAGGSLRLSCAASGYTYRSYCMGWFRQAPGKEREEVASINSDQGSTRYAASVKGRFTSSQDNANNTVTVYLQMNSLKPEDTAIYYCAANDGCAYRVYRGGAYGYNFWGQGTQVTVSS
seq8682,EVQLVESGGGLVQAGGSLRLSCTASGSAFSGSVVGWFRQAPGKEREFVTAINWSGARTYYVDSVKGRFTISRDNAKNTAHLQMNSLKPEDTAVYYCAAARDRYARVLTEYEYLWWGQGTQVTVSS
seq8683,EVQLVESGGGLVQPGGSLRLSCAASGFTFDDYTMSWVRQVPGKGLEWISGISGNGGRTDYVEPIEGRFTISRDNAKNTLYLQMNSLKSEDTAVYYCAKTSPQSLDYWGQGTQVTVSS
seq8684,DVQLQESGGGLVQPGGSLRLSCAASEFTFGSYWMYWVRQAPGKGLEWVAQINARGSTIYYVDSVKGRFTISRDNAKNTLYLQMNSLKPEDTAVYYCATDSRGTHKGQGTQVTVSS
seq8685,EVQLVESGGGVVQPGGSLRLSCAASGRTFRHYAMGWFRQAPGKEREFVAAISSYGSTDYGDSVKGRFTISRDDAKNTVPLQMNSLKPEDTALYYCAAADETLGAVPNFRLHEKYEYEYWGQGTLVTVQS
seq8686,QVQLVESGGGLVQAGGSLRLSCATSVRTPLSNFAMGWFRQTPGKEREFVAAISRSGGSTSYADSVKGRFTISRDNAKNTVYLEMNSLKGEDTVVYYCAAKIAGMNNIVFIGAPQYNYWGQGTQVTVSS
seq8687,EVQLVESGGGSVQPGGSLRLACTVSEFPYRSNFVGWFRQAPGKEREGVATIGTGDGTSYYSDSVKGRFTISKDDAKNTIYLQMNSLRLEDTAMYYCAAGAKPRTIAISGVAPVGYAYWGQGTQVTVSS
seq8688,EVQLVESGGGLVQPGGSLRLSCAASGFDFSSHWMYWVRQAPGKGLEWVSEINTNGLITKYIDSVRGRFTASRDNAANTLYLEMTNLEPEDTALYYCARNQKGLNKGQGTQVTVSS
seq8689,EVQLVESGGGLVQPGGSLRLSCAASGFTLSDRAMGWFRQAPGKEREYVAHITAGGLSNYADSVKGRFTISADNSKNTAYLQMNSLKPEDTAVYYCVHLASQTGAGYFDLWGQGTLVTVSS
seq8690,QVQLQESGGGLVQAGGSLRLSCTASRRTDRAYAMAWFRQAPGKERDVVAVISRSGGNQYYVDSVKGRFTISRDNAKSTVYLQMNSLKPEDTAVYYCAARRGYDSGIYSSGRYDYWGQGTQVTVSS
seq8691,QVQLQESGGGLVQAGDSLRLSCAASGRTFSAYTVGWFRQAPGKKREFVATVNWSGGSSYYADSVKGRFTISRDNAKNTVYLQMNSLKPEDTAVYSCAATEYGGSGYLLGGLDYHYWGQGTQVTVSS
seq8692,QVQLQESGGGLVQAGGSLRLSCAASGTISGGPWMGWYRQAPGKEREFVAAIARGGNTNYADSVKGRFTISRDNAKNTVYLQMNSLKPEDTAVYYCAARDAVYPYLKYWGQGTQVTVSS
seq8693,QVQLVQSGGGSVQAGGSLRLSCAASGYTYDTYCMGWFREAPGKEREGVASINSGGGITNYADSVKGRFTISRDSAKDTVYLQMNSLKPEDTAIYYCAVDTSKYGGVCALPRYGYEYWGQGTQVTVSS
seq8694,EVQLVESGGGLVQPGGSLRLSCAASGSIFSINAMGWYRQAPGKQRELVAAISSGGSTYYADSVKGRFTISRDNSKNTVYLQMNSLRPEDTAVYYCNAAVDASRGLPYELYYYWGQGTLVTVSS
seq8695,QVQLVESGGGLVQAGGSLRLSCAASGRTFSSYAMGWFRQAPGKEREFVAAITWNGGTTYYADSVKGRFTISRDNAKNTVYLQMNSLKPEDTAVYYCAADPFNQGYWGQGTQVTVSS
seq8696,QVQLVESGGGLVQPGGSLRLSCAASGRTFSYNPMGWFRQAPGKGRELVAAISRTGGSTYYPDSVEGRFTISRDNAKRMVYLQMNSLRAEDTAVYYCAAAGVRAEDGRVRTLPSEYTFWGQGTQVTVSS
seq8697,QVQLQQSGGGLVQAGGSLRLSCTASGRSFSRYIMGWFRQAPGKERESVARIAPSGGSAYYADSVKGRFTISRDNAKNTVYLQMNNLKSEDTAVYHCAARYDMDYEYKTWGPGTQVTVSS
seq8698,EVQLQASGGGLVQAGGSLRLSCAASGFKITHYTMGWFRQAPGKEREFVSRITWGGDNTFYSNSVKGRFTISRDNAKNTVYLQMNSLKPEDTADYYCAAGSASTADPLRVDYWGKGTQVTVSS
seq8699,QVQLQESGGGLVQAGGSLRLSCAASGRTFNRYAMGWFRQAPGKEREFVAAISWSGNTQYTDSVKGRFTISRDDAKNTVYLQMNSLKPEDTAVYYCALRIPASSSTTYYYADQYDYWGQGTQVTVSS
seq8700,EVQLVESGGGLVQPGGSLRLSCAASGFTLDYYAINWFRQAPGKEREGVSCISGGDGSTYYADSVKGRFTISRDNAKNTVYLQMNSLKPEDTAVYYCATALGLSSSCHGDGYDYWGQGTLVTVSS
seq8701,QVQLQEFGGGLVQAGGSLRLSCAASGRTFSRYAWGWFRQAPGKEREFVARISFNSRSTYYADSVQGRFTISRDNAKNTVYLQMNSLKPEDTAVYYCAADPTPYGLKNERNYDYWGQGTQVTVSS
seq8702,EVQLVESGGGLVQAGGSLRLSCAASGRPDSSYFMGWFRQAPGKEFEFVSRINWIGSNTAYADSVKGRFTISRDNAKNTVYLQMNSLKPEDTAVYFCVATTINSFNSGNYKDPRLWTYWAQGTQVTVSS
seq8703,QVQLQESGGGLVQPGGSLRLSCAASRSGFVFNPMGWYRQAPGKQRELVAVITASLTTNYADSVKGRFTISRDNTGNTAYLQMNSLKPEDTAVYYCYGRGPRKAPTGWITDDYWGQGTQVTVSS
seq8704,QVQLVESGGGSVQAGGSLRLSCTASGYIFCMGWFRQAPGKAREGIATIYTGGDSTYYDDSVKGRFTISRDNAKNTVYLQMNSLKPEDTAMYYCAAGGQECYLTNWVSYWGQGTQVTVSS
seq8705,EVQLVESGGGLVQPGGSLKLSCAASGFDFSSHWMYWVRQAPGKELEWLSEINTNGLITHYGDSVKGRFTVSRNNAANKMYLELTRLEPEDTALYYCARNQHGLNKGQGTQVTVSS
seq8706,EVQLVESGGGLVQAGGSLRLSCAASGRTFSSYGMGWFRQAPGKERDFVAAVSRSGGNTYYTASVKGRFTISRDNAKNTMYLQMNSLKPEDTAVYYCAAGRWESGSRLGSTWYGERTYDYWGQGTQVTVSS
seq8707,QVQLQQSGGGSVQAGGSLRLSCAASGGTFATSPMGWLRQAPGKELEFVAAISPSGGDRIYADSVKGRFTISRDNAGYFIYLQMNSLKPEDTARYYCAVRRRFDGTSYYTGDYDSWGQGTLVTVSS
seq8708,DVQLQESGGGLVQAGGSLRLSCAASGGTFSSYAMGWFRQAPGKEREFVATITRNGRFTNYADSVKGRFTISRDNAKNTVYLQMNSLKPEDTAVYSCAARSDASSPTYDYWGRGTQVTVSS
seq8709,VQLQESGGGLVQPGGSLRLSCAASGRIGSINSMGWYRQAPGKQREMVAAITNGGATVYADSVKGRFTISRDNAGNTVDLHMNSLRPEDSAVYYCKAFTRGDDYWGQGTQVTVSS
seq8710,EVQLTESGGEDVQAGGSLRLSCSASGLTFSSYNMGWFRRAPGKEREFVASITWSGRDTFYADSVKGRFTISRDNAKNTVYLQMSSLKPEDTATYYCAANPWPVAAPRSGTYWGEGTQVTV
seq8711,EVQLVESGGGVVQPGGSLRLSCAASGSTISSYVMGWFRRAPGKEREFVAAISRSGGYTYYADSVKGRFTISRDNSKKTAYLQMNSLRPEDTALYYCAAGRYSAWYSQSYEYDYWGQGTLVTVSS
seq8712,KVQLVESGGGSMQAGESLRLSCAASGSIFSSNAMAWYRQAPGKQRDLVAAINSVGITKYADSVKGRFTISRDNAKNTVYLQMMSLKPEDTAVYYCTSDPRRGWDTRYWGQGTQVTVSS
seq8713,QVQLQEFGGGLVQAGGFLRFSCVASGVISSTDAMGWYRQAPGKQRELVAGLTTGGRTNYADSVRGRFTISRDIFKNVVYLQMNSLKPEDTAVYNCNIRWNPVTWGQGTQVTVSS
seq8714,EVQLVESGGGLVQAGGSLRLSCAASGFTSDDYAIGWFRQAPGKEREGVSYISHEDGSTYVADSVRGRFTISYDYAKNTVYLQMNSLKPDDTAVYYCAAAILGNSVLWLWEYEYRYWGQGTQVTVSS
seq8715,EVQLVESGGGLVQPGGSLRLSCAASGRSFSFNAMGWFRQAPGKERELVAAITKLGFRNYADSVKGRFTISADNSKNTAYLQMNSLKPEDTAVYYCAASIEGVSGRWGQGTLVTVSS
seq8716,EVQLVESGGGLVQAGGSLRLSCAASGNFFRVNTMAWYRQAPGKQRELVADITRGDRTNYADTVNGRFTISRDNVRNTVYLQMNSLKPEDTAAYYCYARIELGVLEPRDYWGQGTQVTVSS
seq8717,EVQLVESGGGLVQPGGSLRLSCSASGFDFSIHWMYWVRQAPGKELEWVAEINTNGLITLYADSVKGRFTASRDNAKNALFLQMNDLKFEDTAVYYCAKSRNGAAGGQGTQVTVSS
seq8718,QVQLVESGGGSVQAGGSLRLSCVASTYTGCMGWFRQAPGKEREGVAALSSRGFAGHYTDSVKGRFSISRDYVKNAVYLQMNTVKPEDAAMYYCAAREGWECGETWLDRTAGGHTYWGQGTLVTVSS
seq8719,QVQLVESGGALVQPGGSLRLSCAASGFPVNRYSMRWYRQAPGKEREWVAGMSSAGDRSSYEDSVKGRFTISRDDARNTVYLQMNSLKPEDTAVYYCYYNPLPHDCGRDNNTDICSRYWGQGTQVTVSS
seq8720,AVQLVESGGGLVQAGGSLRLTCAASHGTFSKYTMGWFRQAPGKEREFVVAISWNGYTTRYGDSAKGRFTISRDNAKNTVYLQMNSLKPEDTAVYYCAARSGAGTAPPYDYWGQGTQVTVSS
seq8721,DVQLVESGGGLVQAGGSLRLSCAASGRTFSSYAMSWFRQAPGKEREFVAVIGRSGGIKYYADSVKGRFTISRDNTINTVYLQMNNLTPEDTAIYYCATRRPFNSYNTEQSYDSWGRGTLVTVSS
seq8722,QVQLVESGGGLVQAGGSLTLSCSVSGLTFSSRAMGWFRQASGKEREFVAAIIHSGDYTYYADSVKGRFTVSRDNAKNTVYLQMNSLKLGDTAVYYCAADSVNKRGASSYYVRTTEYDYWGQGTQVTVSS
seq8723,QVQLQESGGGLVQAGGSLRLSCAASGNIFSDFDMGWYRQAPGKERELVAGISVGSNTYYADSVKGRFTISRDNAKNTVYLQMNSLKPEDTAVYYCAAETVKVDYLFYWGQGTQVTVSS
seq8724,EVQLVESGGGLVQAGGSLRLSCAASGVTLDLYAMGWFRQAPGKEREFVAGIWRSGGSTVYADSVKGRFTISADNAKNTVYLQMNSLKPEDTAVYYCATWTTTWGRNRDWGQGTQVTVSS
seq8725,EVQLQQSGGAVVQPGGSLRLSCAASGSIFSISIMGWYRQAPGKERELVASTTSSGTTNYVDSVKGRFTASRDNAKNTVYLQMNSLKPDDTAIYHCHAYIATTTDRGYRGYWGQGTQVTVKP
seq8726,EVQLVESGGGSVQAGGSLRLSCTTSNYALGDVCVGWFRQAPGKEREGVAAIYTGGGATVTSDSVKGRFTISQDRIKNTVYLQMNSLNPEDTAMYYCAAKSRFVKPCAPASDFTYWGQGTQVTVSS
seq8727,EVQLVESGGGLVQPEGSLRLSCRASGSIFSINTMGWYRQPPGKEREFVARIYPGITHYADSVKGRFTISRDNAKNTVYLQMNSLKPEDTAVYYCFYYYDDRNYWGEGTLVTVSS
seq8728,EVQLVESGGGLVQPGGSLRLSCAASGFTLDSYAVGWFRQAPGKEREGVSCISSSGGSTHYADSVKGRFTISRDNAKNTVYLQMSSLKPEDTASYYCAALREGSYYPDDDACRDGMDYWGKGTQVTVSS
seq8729,QVQLVQSGGGLVQPGGSLRLSCAASGFTFASTGMSWVRQAPGKGPEWVSSINSGSDSTMYADSVKGRFTISRDNAMNMLFLQMNSLKPEDTAVYYCAKWALSCSGYGCDDLPQDAGQGTQVTVKP
seq8730,EVQLLESGGGLVQPGGSLRLSCAASGRYIDETAVAWFRQAPGKEREFVAGIGGGVDITSYADSVKGRFTISRDNSKNTLYLQMNSLRPEDTAVYYCAARPGRPLITSKVADLYPYWGQGTLVTVSS
seq8731,QVQLQESGGGSVQAGRSLRLPCAVSRYSASNNVIKWMGWFRQAPGKEREGVAALYTSGGNTYYADSVKGRFTISRDYSENTVSLQMNNLKPEDTGMYYCAATVGTVLAGPLSARKYNYWGQGTQVTVSS
seq8732,QVQLVQSGGGLVQPGGSLRLSCVASGLLFSIYDMNWYRQAPGKEREWIAGITNNGYSTAYTDSVQGRFTISRDNAKNTVYLQMNSLKPEDTAVYYCHTDEWGREYWGQGTQVTVK
seq8733,EVQLVESGGGVVQPGGSLRLSCAASGRTFNNYAMGWFRQAPGKEREFVAAITRSGVRSGVSAIYGDSVKDRFTISRDNAKNTLYLQMNSLRPEDTALYYCAASAIGSGALRRFEYDYSGQGTLVTVSS
seq8734,EVQLEESGGGLVQPGGSLRLSCEASGFTWDYYVIGWFRQAPGKEREGLSCISSDGLTTYADSVKGRFTISRDNAKNTVYLQMNGLKPEDTAVYYCATDPALGCYSGSYYPRYDYWGQGTQVTVSS
seq8735,EVQLQESGGGEVQPGGSLRLSCAASGGIFAIKPISWYRQAPGKQREWVSTTTSSGATNYAESVKGRFTISRDNAKNTLYLQMSSLRAEDTAVYYCNVFEYWGQGTLVTVKP
seq8736,EVQLVESGGGSVQAGGSLRLSCAASGSTFSSYGMGWFRQAPGKERAFVATINWSGVTAYADSVKGRFTISRDNAKKTVYLQMNSLKPEDTAVYYCATETYGSGSSLMNEYDYWGQGTQVTVSS
seq8737,EVQLVESGGGLVQPGGSLTLSCVASGSTSRINGMGWYRRAPGKQRELPAGISSDGSKAYADSVKGRFTISRDNAKNSVYLQMNSLRAEDTAVYYCYYFRTASGTSMRYWGQGTLVTVSS
seq8738,QVQLVETGGGLVQAGGSLRLSCAASGNIFSFNVMGWYRQAPGKQRELVAAITSGDTTTYADSVQGRFTISRDNAKNAVYLQMNSLTPEDTAVYFCNARRNPINGPYYTTAYWGQGTQVTVSS
seq8739,QVQLVESGGGLVQAGGSLRLSCVASGRTFSGYAMGWFRQTPGREREAVAAITWSAHSTYYSDSVKDRFTISIDNTRNTGYLQMNSLKPEDTAVYYCTVRHGTWFTTSRYWTDWGQGTQVTVS
seq8740,QVQLVESGGGVVQPGGSLRLSCAASDSIDSLVNMGWYRQAPGKQRELVALIANYITHYADFVKGRFTISRDNSKNTLYLQMNSLRAEDTAVYYCYARNIRVDYWGQGTLVTVSS
seq8741,EVQLVESGGGLVQAGGSLRLSCAASGFTFSDYDIGWFRQAPGKGREGVSGISSSDGNTYYADSVKGRFTISRDNAKNTLYLQMNSLKAEDTAVYYCAAEPPDSSWYLDGSPEFFKYWGQGTQVTVSS
seq8742,EVQLVESGGGLVQPGGSLRLSCAASGSVFKINVMAWYRQAPGKGRELVAGIISGGSTSYADSVKGRFTISRDNAKNTLYLQMNSLRPEDTAVYYCAFITTESDYDLGRRYWGQGTLVTVSS
seq8743,EVQMVESGGGLVQPGGSLRLSCVASGSIARLNTMGWYRQAPGKQRELVATLSIFGVSDYADSVKGRFTISRDNAKNMVYLQMNSLKPEDTALYFCKQRQHDGGSWYDYWGQGTQVTVSS
seq8744,EVQLVESGGGEVQPGGSLRLSCAASGSISSYNVMGWYRQAPGKQRELVAQINAYGDTNYANAVVGRFTISRDNAKNTVYLQMSSLRAEDTAVYYCNGQRMLENYTYRDQSWGQGTLVTV
seq8745,QVQLQESGGGLVQAGESLRLSCADSGRTSSTYDMAWFRQAPGKEREFVAAISRDGGRLSYADSVKGRFTISRDNAKNTLSLQMNSLRPEDTAVYYCAAFSIRGGLRPSYKYWGQGTQVTVSS
seq8746,EVQLVESGGGLAQAGGSLRLSCAASGRTFSGSDMGWFRQSPGKEREIVAAIRLSGSITYYPDSVKGRFTISRDNAKNTVYLQMNSLKPEDTAVYYCAARSTYSYYLALADRGGYDYWGQGTQVTVSS
seq8747,QVQLVESGGDLVRPGGSLRLSCAASGFTFSIYDMNWVRQAPGKGLEWVAGISGNGYSTSYAESVKGRFTISRDNAKNTVYLQLSSLKFEDTAMYYCVRDAERWDENDLRRKGQGTQVTVSS
seq8748,EVQLVESGGGLVQPGGSLRLSCAASGSIYSLDAMGWFRQAPGKEREFVAAISPAALTTYYADSVKGRFTISADNSKNTAYLQMNSLKPEDTAVYYCAGSSRIYIYSDSLSERSYDWGQGTLVTVSS
seq8749,LQESGGGLVQAGGSLRLSCVASGFNSGSYTIGWFRQAPGKEREGVSCIDSADGTTYYAESVKGRFTISSDSAKNTVYLQMNNMNPEDTAAYYCAADSLQCRPWADYLSYPMDYWGKGILVT
seq8750,DVQLQESGGGLVRPGGSLRLSCAASGFLFSGTYMTWARQAPGKGLEWLCGINKDGSGTLYADSVEGRFTCSRDNAKNTLYLQMNSLKSEDTALYYCSTGALLPTRPQGQGTQVTVSS
seq8751,EVQLVESGGGVVQAGGSLRLSCAASGGTFSFYGMGWFRQAPGKEQEFVADIRTSAGRTYYADSVKGRFTISRDNAKNTVYLQMNSLKPEDTAVYYCAAEMSGISGWDYWGQGTLVKVSS
seq8752,EVQLVESGGGLVQAGDSLRLSCAASGRTVTMGWFRQAPGKEREFVASITGSGSVTNYADSVKGRFTISRDNAKNTVFLQMNSLKPEDTAVYYCAAYLPSPYYSSYYDSTKYEYWGQGTQVTVSS
seq8753,EVQLVESRGRLVQAGGSLRLSCAASGRTFTSYPMGWFRQAPGKEREFVAAISMSGDDAAYADFVRGRFTISRDDARNTVYLHMTSLKPEDTAVYYCAARTSYDGTYDYIDDYSYWGQGTQVTVSS
seq8754,QVKLEESGGGLVQTGGSLRLSCAASGRTFSSFAMGWFRQAPGREREFVASIGSSGITTNYADSVKGRFTISRDNAKNTVYLQMNSLKPEDTGLCYCAVNRYGIPYRSGTQYQNWGQGTQVTVSS
seq8755,QVQLQESGGGLVQAGDSLRLSCAASGFDFDNFDDYAIGWFRQAPGQEREGVSCIDPSDGSTIYADSAKGRFTISSDNAENTVYLQMNSLKPEDTAVYVCSAWTLFHSDEYWGQGTQVTVSS
seq8756,DVQLQESGGGSAQPGGSLRLSCAVSGSTASMYCLAWFRQAPGKEPEGVAAISGDDKGFTNYADSVKGRFTISQNKANKTVNLQMNSLKPEDTAIYYCAVDARATTTGERLHARTYEFWGQGTQVTV
seq8757,VQLVESGGGSVQAGGSLRLSCAASGVTYSSACMGWFRQAPGKGREVVAVLYAGGSTTHYASSVKERFTISQDNAKNTVYLQMNSLKPEDTAVYYCAAALGDRSSCEWRYWGQGTQVTVSS
seq8758,QVQLVESGGGLVQAGGSLRLSCAASGSVSIINVMGWYRQLPGKQRELVALMTNAGTTKYEDSVKGRFTVTRDNAKNMVFLEMNSLKPEDTAVYYCVYYARDDSYGQGDYWGQGIQVTVSS
seq8759,HGSLRLSCAASGRTFSTAAMGWFRQAPGKERDFVAGIYWTVGSTYYADSAKGRFTISRDNAKNTVYLQMDSLKPEDTAVYYCAARRRGFTLAPTRANEYDYWGQGTQVTVSS
seq8760,QVQLQESGGGLVQAGGSLRLSCAVSGNTLSRYAMGWFRQTPGNEREFVAAIRWNNGATYYADSVKGRFTISRDNGRNTVYLQMNNLKPEDTAVYYCAGRFLGYASSNAYHEALYNYDYWGQGTQVTVSS
seq8761,VKLEESGGGLVQAGGSLRLSCVASGSGFGVNGVIWYRQAPGKQRELVALIKSDGYTNYRESVKGRFTISRDDAKNTVWLQMNALEPEDTGVYYCKTPGVPFGQGTQVTVSS
seq8762,EVQLVESGGGLVQPGGSLRLSCAASGFTFDDYAIGWFRQAPGKEPEGIGCISSSGGSTYYADSVKGRFTISRDNAKNTVYLQMNSLKPEDTAVYYCATPGIAACRGIHYWGQGTQVTVSS
seq8763,QVQLQESGGGLVQPGGSLRLSCAVSGMMYIRYTMRWYRQAPGKQREWVAVVSSTGNPHYADSVKGRFTISRDNAKNTVYLQMNSLTPEDTAVYYCNTYLGSRDYWGQGTQVTVSS
seq8764,EVQLVESGGGLVQPGGSLTLSCAASGSSVSFLSMAWYRQAPGKKRELVAGISGDGSTDYIDSVKGRFTISRDNAKNSVYLQMNSLRAEDTAVYYCYAYRWTTRYTYWGQGTLVTVSS
seq8765,EVQLLESGGGLVQPGGSLRLSCAASGGSLSNYVLGWFRQAPGKGREFVAAINWRGDITIGPPNVEGRFTISRDNSKNTLYLQMNSLRPEDTAVYYCGAGTPLNPGAYIYDWSYDYWGQGTLVTVSS
seq8766,LQESGGGLVQAGGSLRLSCAASGRTFSGGAMGWFRQAPGKEREFVAAISWSGHSTYYGDSVKGRFTISRNNARNTVYLQMNSLKPEDTAVYYCNARESAGWSSYRNYWGQGTQVT
seq8767,EVQVVESGGGLVKTGDSLRLSCAASGGTISGYEMGWFRQAPGKEREFVAGISRNGRSTGYSDSAKDRFTISRDNAKNTVYLQMNSLKPEDTAVYYCAAGLKADYGDSYVDTSTRNYNYWGQGTQVTVSS
seq8768,QVQLVESGGALVQPGGSLRLSCAASGFPVNRYSMRWYRQAPGKEREWVAGMSSAGDRSSYEDSVKGRFTISRDDARNTVYLQMNSLKPEDTAVYYCRGGRLCYCRRRFCVCVGRYWGQGTQVTVSS
seq8769,QVQLQESGGGLVQAGGSLRLSCAASERTFSRYAMGWFRQAPEKEREFVAAINWSGSSTYYADSVKGRFTVSRDDAKNTVNLEMNSLKPEDTAVYYCAAHYQGSYGSASAYDTWGQGTQVTVSS
seq8770,QVQLQESGGGLVQPGGSLRLSCAASGSIFSIASMGWYREAPGKQRELVAVIGSDDDTDFGDSVKGRFTISRDGAKNTVYLQMNSLKFEDTAVYYCSGLIQASDGQYGRYWGQGTQVTVSS
seq8771,VQLQESGGGLVQPGGSLRLSCAASRFTLDYYAIGWFRQAPGKEREFVAAVTWSGASPYYADSVKGRFTISRDNAKNTVYLQMNSLKPEDTAVYYCAANPTYSGGWHAEYWGQGTQVTVSS
seq8772,QVQLQESGGGLVQAGGSLRLSCAASGTIFQDAYMGWYRQAPGKEREFVATIAYGGNTNYADSVKGRFTISRDNAKNTVYLQMNSLKPEDTAVYYCAVYTGVYYDRTTGGYVAFEYWGQGTQVTVSS
seq8773,DVQLVESGGGVVQPGGSLRLSCAASGRTFSNYAMAWFRQAPGKEREFVAVISYAGGRTYYADSVKGRFTISRDNAKNTVYLQMNSLRPEDTALYYCAAVDSPLIATHPRGYDYWGQGTLVTVSS
seq8774,LQLVESGGGLVEVGESLRLSCVALGFTLDGYAIGWFRQAPGKEREKISCISSTGDSTNYDDSVKGRFTISRDTAKSTVFLQMNNLIPEDTAIYYCGADLLARCGRVWYFPPDLNYRGQGTQVTVSS
seq8775,QVQLQDSGGGLVQPGGSLRLSCAASENARSINVMGWYRQLPGTQRELVATIAEDGSTNYADSVKGRFTISRDKTKNTIYLQMNSLKPEDTAVYYCNADRVLYYGDLGYAAGYDYWGRGTQVTVS
seq8776,EVQLVESGGGLVQPGGSLRLSCAASGFTFGNYAMYWVRQAPGKGLEWVSAINSGGGSTGYTDSVKGRFTISRDNAKNTLYLQMNSLKPEDTAVYYCAKDPYGSSWYGSPVYDYWGQGTQVTVSS
seq8777,QVQLQESGGGLVQAGDSLRLSCVASGRTFSTTTMGWFRQAPGKEREFVGLISWGGSSTDYADSVRGRFTIFRDNTKNTVYLQMDSLKPEDTAVYYCAARRDYVLYNHEYDSWGQGTQVTVSS
seq8778,EVQLVESGGGLVQPGGSLRLSCAASGRTFSWYPMGWFRQAPGKEREFVASISWGGARTYYADSVKGRFTISADNSKNTAYLQMNSLKPEDTAVYYCARSTGPRGSGRYRAHWFDSWGQGTLVTVSS
seq8779,QVQLVESGGGSVQAGGSLRLSCAASGDTYGSYWMGWFRQAPGKEREGVAAINRGGGYTVYADSVKGRFTISRDTAKNTVYLQMNSLRPDDTADYYCAASGVLGGLHEDWFNYWGQGTQVTVSS
seq8780,EVQLVESGGGSVQAGESLRLSCAASGSIFSSNAMAWYRQAPGKRRDLVAAINTVGVTKYADSVKGRFTISRDNAKNTVYLQMNSLKPEDTAVYYCTSDPRRGWDTRYWGQGTLVTVSS
seq8781,EVQLVESGGGLVQPGGSLRLSCAASGFTFDDYAMSWVRQAPGKGLEWVSAISWNGGSADYADSVKGRFTISRDNAKNTLYLQMNSLKSEDTAVYYCAKDQGPFYSGTYYYTKGYAYWGQGTQVTVSS
seq8782,EVQLVESGGGLVQAGGSLRLSCAASGRTFSSIYAKGWFRQAPGKEREFVAAISRSGRSTSYADSVKGRFTISRDNAKNTVYLQMNSLKPEDTAVYYCAAVGGATTVTASEWDYWGLGTLVTVSS
seq8783,QVQLQDSGGGLVQAGGSLRLSCAASGRTFRRYAMGWYRQAPGKQRVLVAAITSNGRPSVADSVKGRFTISSDTAKNTVYLQMNSLKPEDTALYYCTLYNTSADYYNQSPSSWGQGTQVTVL
seq8784,AVQLVESGGGSVPAGGSLKLSCAASGYTFGIYPMAWVRQAPGKECELVATLGSDGSTNYYDSAKGRFTISRDNAKNTVYLQMNSLKPEDTARYYCAADGPDDIATPCPCGAQYRFLEVWGQGTLVNVSS
seq8785,QVQLQESGGGLVQAGGSLSVSCAASGSIFSMGWFRQAPGKQRELVAAVTSGGVTNYADSVKGRFTISRDNAKNTVYLQMKSLKPEDTAVYYCAADSSRGKIYFSNYRSWNYWGQGTQVTVSS
seq8786,QVQLVESGGGLVQPGGSLRLSCAASEFTLEHAAVGWFRQAPGKEREGVSCISSRDSNTYYADSVKGRFTISRDNAENTVYLQMNSLKPEDTAVYYCATDVPCWDGSNWSLGHEYDYWGQGTQVTVSS
seq8787,EVQVVESGGGLVQAGGSLRLSCAASTITISSAGVSWYRQAPGKQRELVAIITRGGSTNYADSVKGRFTISRDNAKNTHYLQMYNLKPEDTGIYYCNVVPPTYWGQGTQVTVSS
seq8788,EVQLVESGGGLVLAGGSLRLSCVHSGPTFRTDTMGWFRQAPGKEREFVAAVTWNSGRINYADSVKGRFTVSRDNTRNAAYLQMSGLKDEDTAVYYCTAHRWVVGGNMVEDWRYWGQGTQVTVSS
seq8789,EVQLVESGGGLVLAGGSLRLSCVHSGPTFRTDTMGWFRQAPGKEREFVAAVTWNSGRINYADSVKGRFTVSRDNTRNAAYLQMSGLKDEDTAVYYCTAHRFVVGGTMVEDWRYWGQGTQVTVSS
seq8790,EVQLVESGGGEVQPGGSLRLSCAASGSTFSMYHMSWFRQAPGKQREPVATSHHGGTTNYAESVKGRFTISRDNAKNTVYLQMNSLRAEDTAVYYCKADHGYQGRGYWGQGTLVTVKP
seq8791,QVQLKESGGGSVQAGGSLRLSCAASGYTYSSHSMGWFRQAPGKEREGVAVIYTGDGSTYYADSVKGRFTISQDNAKNTVYLQMNSLKPEDTAMYYCAADPNPDYMLPFRPSRRSWWGQGTQVTVSS
seq8792,QVKLEESGGGLVEPGGSLRLSCVASGSISSARSMTWYRQAHGKQRELVAVITSGGSTMYADSVKGRFTISRDSAKNTVYLQMNSLKPEDTAVYYCNADWGEVGFVNLGPWGQGTQVTVSS
seq8793,EVQLVESGGGLVQPGGSLRLSCETSRHTLDHYAIGWFRQAPGKEGEGVACISTSTYYADSVKGRFSISRDNAKNTVYLQMNDLKPEDTAVYHCATTGSGYCTLRAFESWGQGTQVTVSS
seq8794,EVQLVESGGGLVQAAGSLGLPCSASGLLFSRMSARWYRQAPGEQREFVARIRMGGSINYGDSVKGRFTVTRDIAKNTMYLQMNDLKPEDTAKYFCSSWREGFYEYWCQGTQVTVSS
seq8795,QVQLQQSGGGLVQAGGSLRLSCAASGSIFAINEINLMGWYRQAPGKQRELVAACASDGNTYYADSVKGRFTISRDNAEKTVYLQMNNLKPDDTAVYYCDANSRGNYYSGQGTLVTVSS
seq8796,EVQLQESGPGLVKPSQTLSLTCTVSGGSITSRYYAWSWIRQPPGKGLEWIGVINYDGDTYYSPSLKSRTTISWDTSKNQFSLQLSSVTPEDTAVYYCARYPDVVTGFHYDYWGQGTQVTVSS
seq8797,QVQLQESGGGSVQAGESLRLSCVVSGYTYSAYYLAWFRQAPGKEREGVACIHSGSGSTYYADSAKGRFTISQDNAKNTVYLQMNRLKREDTAIYYCAADYRFSYASACRHEYKYWGQGTQVTVSS
seq8798,EVQLVESGGGLVQPGGSLRLSCAASGDVHKINILGWYRQAPAKEHEMVAHITIGDATDYADSAKGRFTISRDEAKNMVYLQMNSLKPEDTAVYFCRAYSRIYPYNYWGQGTLVTVSS
seq8799,EVQLVESGGGLVQPGGSLRLSCAASGFTFSDYDIGWFRQAPGKGREGVSGISSSDGNTYYADSVKGRFTISSDNAKNTVYLQMNSLKAEDTAVYYCAAEPPDSSWYLDGSPEFFKYWGQGTLVTVSS
seq8800,EVQLVESGGGLVQAGGALRPSCAASGRTFETYRMGWFRQAPGKEREFVALINWSSGTTVYADSVKGRFTISGDNAKDTVYLEMNSLKPEDTAVYYCAVGRRWSGSYYSALAYQYWGQGTQVTVSS
seq8801,QVQLQQSGGGLVQAGGSLRLSCAASGGSFSRLTLGWFRQAPGEEREFVAAVSWVAETTDYADSVKGRFSISRDNSKNTVYLQMNSLKPVDTAVYYCAAGPRDMIRSRNIRSYASWGQGTQVTVSS
seq8802,EVQLVESGGGLVQAGGSLRLSCAASGRTFSNYAMGWFRQAPGKEREFVATINWGGGNTYYADSVKGRFTISADNAKNTVYLQMNSLKPEDTAVYYCAAVPKTRYAYDYWGQGTQVTVSS
seq8803,QVQLQESGGGLVQPGGFLRFSCAASGSISSSYFMYWYRQAPGKQREFVARISSSDGSTHYADSVKGRFTISRDNGANTVLLQVNNLKPEDTAVYYCATDSRNVVRPKWSPWYAWDYWGRGTQITVSS
seq8804,QVQLQQSGGGLVQAGGSLTLSCAASGRAFSRNSKAWFRQRIGKEREFVAAITWSGYTRYANSVKGRFTISRDNAKNTVYLQMNTLKHEDTAIYYCAARSQQLMQDLTTPSGYDYWGQGTQVTVPS
seq8805,EVQLLESGGGEVQPGGSLRLSCAASGFSFSINAMGWYRQAPGKRREFVAAIYSGSSTVYAESVKGRFTISRDNAKNTVYLQMSSLRAEDTAVYYCGLLKGNRVVSPSVAYWGQGTLVTVKP
seq8806,EVQLVESGGGLVQPGGSLRLSCAASESILGINAMGWYRQAPGKQRQLVATFTSAGTTNYADSVKGRFTISRDNAKNTVYLQMNSLKPEDTAVYYCHAHRSSSRVRYRDYWGQGTQVTVSS
seq8807,QVQLVESGPGLVKPSQTLSLICTVSGGSITSSGYYWSWIRQSPGKGLEWIGTIGFDDFHYYSPSLKSRSSISRDTSKNQITLQLSSVTPEDTAVYYCARDKLPLGGTRWSEYDSWGQGTQVTVSS
seq8808,VQLQEFGGGLVQPGGSLRLSCAASGRTGSSYAMGWFRQAPGKEREFVAAISWSGGSTDYADSVKGRFTISRDNAKNTMYLQMNSLKPEDTAVYYCAVDRNLFKLRVAVQEYTNLGQGTQVTVSS
seq8809,QVQLQESGGGLVQAGGSLRLSCAVSGNTLSRYAMGWFRQTPGKEREFVAAIRWNNGATYYAESVKGRFTISRDSGKNTVYLQMNNLKPEDTAVYYCAGRFLGYASSNAYHEALYNYDYWGQGTQVTVSS
seq8810,EVQLVESGGGLVQPGGSLRLSCAASGSIFSMTGMGWYRQPPGKQRELVAAITTDGSTHYADSVKERFTISGDNAKKTLYLQMNSLKPEDTAVYYCYAPMIYDRGSYRDYWGQGTQVTVSS
seq8811,EVQLLESGGGLVQPGGSLRLSCAASGRYIDETAVAWFRQAPGKEREFVAGIGGGVDITYYADSVKGRFTISRDNSKNTLYLQMNSLRPEDTAVYYCAARPGRPLITEKVADLYPYWGQGTLVTVSS
seq8812,VQLVESGGGVVQPGGSLRLSCAASDSIDSLVNMGWYRQAPGKQRELVALIAYYITHYADFVKGRFTISRDNSKNTLYLQMNSLRAEDTAVYYCYARNIIVDYWGQGTLVTV
seq8813,EVQLVETGGGLVQAGGSLRLACEVSGRTFSSYAMGWFRQAPGREREFVASIRVSGGITDYADSVKGRFTISRDNAKDTVYLQMINLKPEDTAVYYCNADISRYRFSRGDYWGKGTLVTVSS
seq8814,EVQLVESGGSLVQPGGSLRLSCAASGFTFDDYAMSWVRQVPGKGLEWVSSINWSGTHTDYADSVKGRFTISRNNANNTLYLQMNSLKSEDTAVYYCAKNWRDAGTTWFEKSGSAGQGTQVTV
seq8815,QVKLQESGGGLVQAGESLRLSCAASGRSFSSDVMGWFRQAPGKEREFVAASSWNGGWTHYSDSVKGRFTISRDIAKNTLYLQMNSLKPEDTAVYYCRWGRPPRPNYWGQGTQVTVSS
seq8816,QVQLQESGGGLVQAGGSLRLSCAAARGTFSTYAMGWFRQAPGKAREFVAGISRSGSMTHYADSVKGRFTISRDNAKNTVDLQMNSLKLEDTAVYYCAAKTRGAWYRTTYSSSRDYDYWGQGTQVTVSS
seq8817,EVQLVESGGGLVQAGGSLRLSCAASELAFDFDGYNFAWVRQAPGREREFVSVINRSGGSTDYASSVKGRFTISRDNAKNTVYLQMTSLEPEDTAVYYCAAGPYYTGSSDRYDYWGQGTPVTVSS
seq8818,QVQLQESGGGLVQPGGSLRLSCAASGFTFSSYWMYWLRQAPGKGLEWVSSINTSSSSTYYRDSVKGRFTISRDNAKNTLYLQMNSLKSEDTAVYYCAKDPGGYAKGQGTQVTVS
seq8819,EVQLVESGGGLVQPGGSLRLSCAASGRTFSSNMGWFRQAPGKEREFVARIFGGDRTLYADSVKGRFTISADNSKNTAYLQMNSLKPEDTAVYYCADINGDWGQGTLVTVSS
seq8820,QVQLQESGGGSVQAGGSLRLSCRASGFTFSSYAMSWVRQPPGKELEWVSAIWGGGDSQHYADSVKGRFTISRDNAKNTLYLQLNSLKTEDTGMYYCVKDRGPFFSGSKYVLGAADRGQGTQVTVSS
seq8821,EVQLVESGGGLVQPGDSLKLSCAFSGRTFSSYSMGWFRQAQGKEREFVVAISSSGGYIYDSVSLEGRFTISRDNTKNTVYLQMPSLKPEDTADYYCAASRAYGSSRLRLADTYDYWGQGTQVTVSS
seq8822,EVQLVESGGGLVQPGGSLRLSCAASGFTFSSYAMYWVRQAPGKGPEWVSRISSGGGSTYYGDSVKGRFTISRDNAKNTVYLQMNSLKTEDTAVYYCANRAGWGMGDYWGQGTQVTVSS
seq8823,EVQLVQSGGGLVQTGGSLRLSCGASGRTISDYVVGWFRQAPGKERAFVAAISRYGTTYYAASVQGRFTISRDNPRNTVYLQVDSLRPEDTAVYFCAALQNDVRNNHSPTSYDYWGQGTQVTV
seq8824,QVQLQESGGGLVQAGGSLRLSCAASGLYVSANDMGWFRQAPGKEREFVAAISWRGSSTSYGDSVKGRFTISRDNARNAVYLQMNSLKPEDTAVYSCAAGHTHGATMTAPGRFASWGQGTQVTVSS
seq8825,EVQLVESGGGLVQAGGSLRLSCAASTNVSSFNTMSWYRQSPRKQREWVATITDGDNTHYADSVKGRFTTSRDNAKNLLYLQMNSLKPEDTAVYYCTGWRATSGGSYGQGTQVTVSS
seq8826,EVQLVESGGGLVQAGGSLRLSCAASGRALSRSPMAWFRQAPGKEREFVVHWISGSTYYADSVKGRFTTSRDNAENTVYLQMNSLKPEDTAVYYCAAGFAPDTPSIFTSPRTYYYWGQGTQVTVSS
seq8827,EVQLVESGGGLVQAGGSLRLSCAASGRTFSTYVMGWFRQAPGKEREFVAGITSSIGVTRYAGSVQDRFTISKDNAKNTVFLQMNSLKPEDTADYYCAARPDYYISINPVAYPYWGQGTQVTVSS
seq8828,QVQLQESGGGLVQPGGFLRFSCAASGIIVSRNAMAWYRQAPGKQREFVATIGSGSMTNYADSVKGRFTISRDNAKNTVYLQMNSLKPEDTAVYYCKSIGRAAWGQGTQVTVSS
seq8829,VKLEESGGGLVQPGGSLRLSCVASGSIDSTYTMGWYRQAPGKQRELVASITSSGSTNHADSVKGRFTISRDNAKNTVYLQMNTLKPEDAAVYYCRYLSVLSAYWGQGTQVTVSS
seq8830,EVQLVESGGGLVQAGGSLRLSCAASGLTFSTYPMGWFRQAPGKEREFVAAINSGGSSTYYADSVKGRFTISRDNAKNTVYLQMNSLKPEDTAVYSCAVKIYSGSYSSPPGYNYWGQGTQVTVSS
seq8831,VQLVESGGGVVQPGGSLRLSCAASGLTLSQYTMGWFRQAPGKERELVAAIHWTSSVTDYADSVYGRFTISRDDSKNTGYLQMNSLRAEDTAVYYCAATWYYTHRGSFDYWGQG
seq8832,VQLVESGGGSVQAGGSLRLSCAATAYTASFYCMGWFRQAPGKEREAVASINDDGVTMYADSVKGQFTISQDSATKTLYLQMNRLKPEDTAMYYCAATPEGYCYAERLSTWRYTFWGQGTQVTVSS
seq8833,EVQLVESRGGLVQAGGSLRLSCAASGRTFSSYAMAWFRQAPGKEREYVAAIRWSGGTAYYADSVQGRFTISRDNAKNTVYLQMNSLKPEDTAVYYCANRAPDTRLEPYLYDHWGQGTQVTVSS
seq8834,QVQLVESGGGLTQAGGSLRLSCATSGLIFSAFGMGWFRQAPGKEREFVGGINWRGSTNYGDFVKGRFTISRDNAKNTVYLQMNNLKPEDTAVYYCAARMVHKTEYDYWGEGTQVTVSS
seq8835,EVQLVESGGGLVQTGGSLRLSCAASVINFRLADMDWYRQALGKQRELVASISTGYRTNYADFVKGRFTISRDNAKNTVYLQMDSLKPEDTAVYYCAARDLRGLRVDYWGQGTQVTVSS
seq8836,EVQLQESGPGLVKPSQTLSLTCTVSGGSITSRYYAWSWIRQPPGKGLEWIGVIDYDGDTYYSPSLKSRTSISVDTSKNQFSLQLSSVTAEDTAVYYCARDPDVVTGFHYDYWGQGTLVTVSS
seq8837,QVQLVESGGGLVQPGGSLRLSCSASGSAVLFSTYPMSWYRQAPGKQRELVAAVTTDGSTSYADYAKGRFTISRDNAKNTVYLQMNSLKPEDTAVYYCNARDGFFNRYDYWGQGTQVTVSS
seq8838,QVQLVESGGGLVQAGGSLRLSCAASGYAYTYIYMGWFRQAPGKEREGVAAMDSGGGGTLYADSVKGRFTISRDKGKNTVYLQMDSLKPEDTATYYCAAGGGHHHHHHGGQWGQGTQVTVSS
seq8839,DVQLQESGGGSVQAGGSLRLSCAASGYSYSYYIGWFRQAPGKEREGVAAIAIVNSGGGRTYYADSVKGRFTISQGNDKNTVYLQMNSLKPEDTAIYYCAARSLSWYSHPLLQPSQFNNWGQGTQVTVSS
seq8840,QVQLQESGGGSVQAGGFLRLSCAASGYTYSTCSMAWYRQAPGKERELVSSIRNDGSTAYADSVKGRFTISQDNAKNTVYLQMNSLKPEDTAMYYCNIRIGVGPGGTCSIYAPYWGEGTQVTVSS
seq8841,DVQLQASGGGSVQAGGSLRLSCAADAYIYSRNRLAWFRRSPGKDREGVATMCDGNTYYSDSAKGRFTISQDNAKNELILQMSSLRPEDTATYFCAGRPSSIENCGSLSLHDYNFWGQGTQVTVSS
seq8842,EVQLVESGGGLVQAGGSLRLSCAASGSTLSIYAMGWFRQAPGKERELVATISSGGGSTYYADSVKGRFTISADNAKNTVYLQMNSLKPEDTAVYYCAAGSVYGRNYWGQGTQVTVSS
seq8843,EVQLVESGGGLVQAGGSLRLSCAASGGTFRNYGMGWFRQAPGKERELVAAISWSGVSTIYADSVKGRFTISADNAKNTVYLQMNSLKPEDTAVYYCASSPYGPLYRSTHYYDWGQGTQVTVSS
seq8844,EVQLVESGGGLVQAGGSLRLSCAASGNTFSTNPMYWYRQAEGKQRELVASISSRGITNYADSVRGRFSISRDNTKDTVYLQMNSLKPEDTAVYYCRLASLSSGTVYWGKGTLVTVSS
seq8845,EVQLVESGGGEVQPGGSLRLSCAPSERTFSTYTMGWFRQAPGKEREFVAVVNWSGGSKYYAESVKGRFTISRDNAKNTVYLQMNSLRAEDTAVYYCAAGGAYSGPYYDTRQYTYWGQGTLVTVKP
seq8846,EVQLVESGGGLVQAGDSLRVSCAASGRTFSRLAMAWFRQATGKERESVAAISASGSDTYYRDSVKGRFTISRDNAKNMVYLQMNSLKPEDSAVYYCAARFDGAASSRGYGYWGQGTQVTVSS
seq8847,MAESGGGSVQTGGSLRLSCAYTASSVCMAWFRQAPGKEREGVAVTREGLTKTGYADSVKGRFAISQDYAKKTLYLQMSSLKPEDTARYYCAARPTSPCTVDGELLASTYNYWGQGTQVTVGQ
seq8848,QVKLQESGGRLVQAGGSLRLSCAASGRTFSTYDMGWYRQAPGKEREVVAVISSSGSSTYYADSVKGRFTISRDNAKNTVYLQMNSLKPEDTAIYYCNAELQRLNPGSWGQG
seq8849,EVQLVESGGGLVQPGGSLRLSCAASGRTFRRYTMGWFRQAPGKEREFVASISRSGTTYYADSVKGRFTISADNSKNTAYLQMNSLKPEDTAVYYCAKEGWRWLQLRGGFDYWGQGTLVTVSS
seq8850,QVQLQESGGGLVQAGGSLRLSCAASGRTFSTYTVGWFRQAPGKEREFVASITWNGGTILYADSVKGRFTISRDNAKNTVLLQMNSLKPEDTAVYYCVMGAAGQGWRYWGQGTQVTVSS
seq8851,EVQLVESGGGSVQAGGWGRYKWSGYTFRSYCMGWFRQAPGKECEGVATMYSGGGTAYSADSVKGRFTISQDNAKKTTYLQMNSLKPEDTAMYYCAEKPGCGDYPMGAFVGYYYWGQGTQVTVSS
seq8852,EVQLVESGGGLVQAGGSLRLSCTASGSAFSSTVVGWFRQAPGKERELVTAINWSGARTYYADSVKGRFTISRDNARNTAYLQMNSLKPEDTAVYYCAAGSDRYARVLTEYEYMWWGQGTQVTVSS
seq8853,MQLVESGGGSVQAGETLRLSCTTSAFTFDGPDMAWYRQAPGNECVLVSIISADGRTYYADSVKGRFTISRDNAKNTVFLNLNSLQPEDTAVYYCALDPRKNCRGGYCCANWGPGTQVTVSS
seq8854,EVQLVESGGGLVQAGGSLRLSCAASGSTFSISTMGWYRQAPGKQRELVAAISSGGSTNYADSVKGRFTISRDNAKNTVYLQMNSLKPEDTAVYYCNAESGLAYGLGTRLFDYWGQGTQVTVSS
seq8855,EVQLVESGGGLVQPGGSLRLSCAASGFTFSSYAMSWVRQAPGKGLEWVSAINSGGGSTSYADSVKGRFTISRDNAKNTLYLQMNSLKPEDTAVYYCAKYLSFYSDYEVYDYWGQGTQVTVSS
seq8856,MAESGGGSVQTGGSLRLSCAYTASSLCMAWFRQAPGKEREGVAVTRDGLTKTGYADSVKGRFAISQDYAKKTLYLQMSSLKPEDTARYYCAARPTSPCTVDGELLASTYDYWGQGTQVTV
seq8857,QVQLVESGGGLVQAGGSLSLSCAASGRRFSTNVMGWFRQAPGKEREFLAAINWVIGNTNYAESVKGRFTISRDNAKETVYLQMDNLKVEDTAVYYCAGRSSYYTSSRREDYDYWGQGTQVTVSS
seq8858,EVQLVCSGGGLVQPGGSLRLSCAASGFTFDDYGMSWVRQAPGKALEWVSAISWNGNNTYYTESMKGRFTISRDNAKNTLYLQMNSLRPEDTAVYYCVKGSTAIVGVPPTYPDEYDYWGQGTLVTVSS
seq8859,QVQLQESGPGLVKPSQTLSLTCTVSGGSITTNYYYWSWIRQPPGKGLEWMGAIAYSGSTYYSPSLKSRTSISRDTSKNQFTLQLSSVTPEDTAVYYCARGYYSGSSLDFGSWGQGTQVTVSS
seq8860,AVQLVESGGGLVQAGGSLTLSCAASGRTFSSYAMGWFRQAPGKEREFVAADRWSGGNTRYADSVKGRFTISRDNAKNTVYLQMNSLKPEDTAVYYCAATYLSSDYEWGVPPKAYDYDYWGQGTQVTVSS
seq8861,EVQLVESGGGLVQPGGSLRLSCSFPGSIFSLTMGWYRQAPGKERELVTSATPGGDTNYADFVKGRFTISRDNARSIIYLQMNSLKPEDTAVYYCYARTRNWGTVWGQGTQVTVSS
seq8862,QVQLQESGGGLVQAGDSLRLSCAASGRSFSSYGMGWFRQAPGKEHEFVAGIWRSGVSLYYADSVKGRFTISRDDAKMTVSLQMNSLKPEDTAVYYCAAEATFPTWNRGRFADYDYSGQGTQVTVSS
seq8863,VQLQVSGGGSVQPGGSLRLSCAASGFTFSNYAMYWLRQAPGKGIEWVSRIGPGGSHTEYADSVKGRFTISRDNAKNTLSLQMNSLKPEDTAVYYCAITQQGSGRGQGTQVTVSS
seq8864,QVQLQESGGGFVQPGGSLKLSCAASGFTFNWYTMAWYRQVPGEERKMVATITGASGDTKYADSVKGRFTISRDNAKNTVTLQMNSLKPGDTAVYYCHAYLTYDSGSVKGVNYWGQGTQVTVSS
seq8865,QVQLQESGGGLVQAGGSLRLSCAASGRTFSSYAMGWFRQTPGKEREFVAAIDWSGGTSVHADSVKGRFTIARDNAKNTVYLQMSSLKPEDTATYYCAATSYWSTAEYEYDYWGQGTQVTVSS
seq8866,GGSVEAGGSLNISCVVSEYIYSGKCLGWFRQAPGEERERVATIYDARITYYDDSVKGRFTISVDRVKNTVNLQMNSLKPEDTGMYYCASEGPQLLSSRLCLSHWGQGTWITVSS
seq8867,EVQLVESGGGLVQPGGSLRLSCAASGSIFSIDSMGWYRQAPGKQRELVAAITSSTNYADSVKGRFTISRDNAKNTVYLQMNSLKPEDTAVYYCNLEGQAGWGTALINYWGKGTLVTVSS
seq8868,EVQLVESGGGLVQAGGSLRLSCAASGRFSRINSMGWFRQAPGKERELVAHIFRSGITSYASYADSVKGRFTISADNAKNTVYLQMNSLKPEDTAVYYCAIGRGSWGQGTQVTVSS
seq8869,EVQLVESGGGLVQAGGSLRLSCAASGGTFTKQTMGWFRQTPGKDREFVAVQWWTGLSTYSAEYADSVKGRFTISRDNAKNTAYLQMNSLKFEDTAVYYCAAGLGVVRTFIRRASSYDDWGQGTQVTVSS
seq8870,VQLQESGGGSVQAGETLRLSCTASGFTFDDSDMGWYRQAPGSECELVSTISSDGNTYYSNSVKGRFTISQDNAKNTVYLQMNSLKPEDTAVYYCAADDQHYELGTCEALDYWGRGTQVTVSS
seq8871,EVQLVESGGGLVQAGGSLRLSCAASGSMFSDNVMGWYRQAPGKQRELVATIRTGGSTNYADSVKGRFTISRDNAKNTVYLQMNSLKPEDTAVYYCRHTIPVPSTPYDYWGQGTQVTVSS
seq8872,EVQLVESGGGLVQPGGSLTLSCVASGNTSSINAMAWYRRAPGKQRELVAGISSDGSKVYADSVKGRFTISRDNAKNSVYLQMNSLRAEDTAVYYCYYFRTVSGSSMRYWGQGTLVTVSS
seq8873,QVHLMESGGGSVQAGGSLRLSCAASGYIYSSFCMGWFRQAPGKEREVVAYIRDNIMTSYTDSVKGRFTISKDNAKRTLYLQMNGLKPEDTGMYYCAVDRGGYANSCAVAARYDYWGRGTQVTVSS
seq8874,EVQLVESGGGLVQPGGSLRLSCAASGFTFGSYDMSWVRRSPGKGPEWVSAINSGGGSTYYTDYVKGRFTISRNNAKNTLYLQMNSLKPEDTAVYYCAADRYIWARQGEYWGAYQYDYWGQGTQVTVSS
seq8875,QVQLQESGGGLVQAGGSLRLSCAASGITSSVYSMGWYRQAPGKQRELVAGSSSDGSTHYVDSVRGRFTISRDNAKNTVYLQMSSLKPEDTAVYYCYANRGFAGAPSYWGQGTQVTVSS
seq8876,QVQLVESGGGLVQAGGSLRVSCTASVSTFSINALGWYRQAPGKARELVAAIGSDGTVYYTDSVKGRFTISRDNAKNTVSLQMSSLKPEDTAVYYCNAAGKRIGSDGSIWFAVASFGSWGQGTQVTVSS
seq8877,EVQLVESGGGLVQPGGSLRLSCAASGRTYDAMGWLRQAPGKEREFVAAISGSGDDTYYADSVKGRFTISRDNSKNTMYLQMNSLRPEDTAVYYCATRRGLYYVWDSNDYENWGQGTLVTVSS
seq8878,QVQLQESGGGSVQAGGSLRLSCEASGYTYCMGWFRQAPGKEREGVALAVTGISIPYYADSVKGRFTISQDNVKNTLYLQMNSLKPEDAAMYYCAASTIRYVCPGLNRGDQFKNWGQGTQVTVSS
seq8879,EVQLVESGGGVVQPGGSLRLSCAASGLTFSSYAMGWFRQAPGKERERVASISRGGGYTYYADSVKGRFTISRDNSENTVYLQMNSLRPEDTALYYCAAARYWATGSEYEFDYWGQGTLVTVSS
seq8880,VQLQESGGGLVQPGGSLRLSCAASGFTFSSYAMSWVRQAPGKGLEWVSTINMGGGTTSYADSVKGRFTISRHNAKNTLYLQMNSLKPEDTAVYYCAKTAGNWSAQRGQGTQVTVS
seq8881,QVQLQESGGGWVQAGGSLTLSCASSTLNLYYYAITWFRQAPGKEREGVASISSSDSKTYYADSVKGRFTISFDNLLNTATLQMNSLKPEDTAVYYCAADRDRVGAWDHQPLYDFWGQGTQVTVSS
seq8882,AVQLVESGGGSVQDGGSLRLSCVVSGSTYSVAWFRQTPGKEREGVAVIFTNHRVKYYGDSVKGRFTISQDNTKSTVYLQMNSLKPEDTGMYYCAAKPSYQSGHWSVGNLYNFWGQGTQVTVSS
seq8883,QVQLQESGGGLVQAGGSLRLSCAASGRRTYPMGWFRQASGKERDFVAFISSSGRNTHYADSVKGRFTISRDNAKNAVYLQMNSLKPEDTAIYYCAVTLFHGSDYYTSASEYDYWGQGTQVAVSS
seq8884,MQLVESGGDSVQAGGSLRLSCAASGYTYSGVCMGWFRQAPGKEREGVAAIDSDGSTSYADSVKGRFTISKDNAKNTLYLQMNSLKPEDTAMYYCAAAIVGGFNAYCSGGYVLDFGAWGQGTQVTVSS
seq8885,DVQLVESGGGSVQAGGSLRLSCAASGFIDSFGVMAWFRQAPGKEREGVAAVYRRAGDTYYADSVKGRFTISRDNAKNTVYLQMNSLKPEDSAMYYCAARTYGSVSSWTGYKYWGRGTQVTVSS
seq8886,EVQLVESGGGLVQAGGSLRLSCAASGRTFSRYAMGWFRRAPGKEREFVATISASGMSTYYKDSVKGRFTISRDNAQNTTWLQMNSLKPEDTAVYYCAAADDFLPRLPSSYTYWGQGTQVTVSS
seq8887,EVQLVESGGGLVQAGDSLRLSCAASGRTFSRYTMGWFRQAPGKEREFVAAISWSGGRTNFAGSVKGRFTISRDNAKNTVYLQMNSLKPEDTAVYYCAADWLPVPGRESYDYWGQGTQVTVSS
seq8888,ESGEMLFTVKKDSLRLSCAASGRTFSTAAMGWFRQAPGKERDFVAGIYWTVGSTYYADSAKGRFTISRDNAKNTVYLQMDSLKPEDTAVYYCAARRRGFTLAPTRANEYDYWGQGTQVTVSS
seq8889,EVQLVESGGGLVQAGGSLRLSCVASGRTFNNLAMGWFRQARGKEREFVATISWSHPNTYYTDSVKGRFTISRDDAKNAVYLQMNSLKPEDTAVYYCAANPSYVYSDYLSLAGYTYWGQGTQVTVSS
seq8890,EVQLVESGGGLVQAGGSLRLSCAASGRTFNSYAMAWFRQAPGKERENVAAIRWSGGRATKYADSVRGRFTISKDNAKNTVYLQMSSLKPEDTAVYYCATQTYYRSGLASTRDFDSWGQGTQVTVSS
seq8891,EVQLVESGGGLVQAGGSLRLSCAASGRTFNSYAMAWFRQAPGKERENVAAIRWSGGRATKYADSVRGRFTISKDNAKNTVYLQMSSLKPEDTAVYYCATQTYYRSGLASTRDFDSWGQGTLVTVSS
seq8892,QVQLQESGGGLVQVGGSLRLSCADSGSTFSINSMGWYRQAPGKRRDWVAGITTDGITKYPDSLKGRFTISRDNAKNTVYLQMNSLKPEDTAVYYCNLWPPRASPSGRLYWGQGTQVTVSS
seq8893,QVQLQESGGGSVQAGGSLRLSCAASGYTRSSYCMGWFRQAPGKERERVAHIYTGSGTTHYADSMKGRFTISQDNGKNTLYLQMNNLKPEDTAMYYCAAGTSGTSCATGPFVYGYWYWGQGTQVTVSS
seq8894,EVQLVECGGGLVQPGGSLRLSCAASGSIASINTMAWYRQAPGQQRELVAGITRGGSTKYADSVKGRFTISRDNAKNTLYLQMNSLKPEDTAVYYCTDFSRDYYQDYWGQGTQVTVSS
seq8895,EVQLVESGGGLVQAGGSLSLSCTASAGTFRNFGMGWFRQAQGKEREFVAAISRSGGHTYYSDSVKGRFTISKDNAKNMVSLKMNSLKPEDTADYYCAARFRFDDGTYYYQRAFYDFWGQGTQVTVSS
seq8896,QVQLQESGGGLVQAGESLRLACTASGSIFSINGMGWYRQAPGKQRDLVAAIASGGSTTYGDAVKGRFTISRDNAKNTVYLQMNSLKPEDTAVYYCNAKEVRSTGTSYRVQNNYWGQGTQVTVSS
seq8897,VQLQESGGGLVQAGASLRLSCAASGSIFSINAMGWYRQAPGKQRELVAAITNQGRTTYADSVKGRFTISRDNAKNTVYLQMDSLEPEDTAIYYCKGFSPTGDYWGQGTQVTVSS
seq8898,EVQLVESGGESVQVGGSVRLSCAASGLTFSNFIMGWFRRAPGKERELLAAIGDPSTHYADSATGRFTISRDNAKNMVYLQMNSLKTEDTAVYYCAARSRYSTGTLYDQTKYIYWGQGTQVTVSS
seq8899,KVQLVESGGGSVQAGESLRLSCAASGSIFSSNAMAWYRQPPGKQRDLVAAINSVGITKYADSVKGRFTIFRDNAKNTVYLQMNSLKPEDTAVYYCTSDPRRGWDTRYWGQGTQVTVSS
seq8900,QVQLVESGGGLVQPGGSLRLSCAASGSSDSINAMGWYRQAPGKERELVAAITSGGRVVYSDSVKGRGTISRDNAKNTVYLQIASLKPEDTAVYYCNVKTKSAVLFGGMDYWGKGTQVTVSS
seq8901,EVQLVESGGGTVQAGGSLKLSCAASGRTFTNYAMGWFRQAPGKEREFVAAIAYATHFADSVKGRFTISRGNAKNTVYLQMNSLKPEDTAVYYCAADLSLSKMVSKITSDMDYWGKGTLVTVSS
seq8902,QVQLVEAGGGLVQPGGSLRLSCAASGFSFNIYAMSWVRQAPGKQFEWVSGIHPDGRTTYYTDSVKGRFTISRDNAKNTLYLQLDSLKTEDTAMYYCAKGVLTKYVGGARGQGTQVTVSS
seq8903,EVQLVESGGGVVQPGGSLRLSCAASGSIFSIDSMGWYRQAPGKQRELVAAITSSTNYADSVKGRFTISRDNSKNTVYLQMNSLRPEDTALYYCNLEGQAGWGTALINYWGQGTLVTVSS
seq8904,DVQLVESGGGSVQAGGSLRLSCVVSGNVDSNNCMGWFRQAPGKEREVVATIYLGGPGTDYADSVKGRFTISQDNTENTLYLQMNSLKPEDTGMYYCAAAKGFLFTGSCYSGSWSDSLAYWGQGTQVTVSS
seq8905,EVQLVESGGGLVQPGGSLRLSCAASGITFRRHDMGWFRQAPGKEREFVAAIRWSSSSTVYADSVKGRFTISADNSKNTAYLQMNSLKPEDTAVYYCAADRGVYGGRWYRTSQYTWGQGTLVTVSS
seq8906,EVQLVESGGGLVQAGDSLRLSCATSGRTFTMDGMGWFRQAPGKEREFVATISRSGVGTFYADSVKGRFTISRDNAKNMVYLQMNSLKPEDTALYYCAARPDYTLGTSSYDYDSWGQGTQVTVSS
seq8907,EVQLVESGGGLVQPGGSLRLSCAASGSIFRVNVMGWFRQAPGKEREFVAAINNFGTTKYADSVKGRFTISADNSKNTAYLQMNSLKPEDTAVYYCAADLPSRWGQGTLVTVSS
seq8908,PVQLVESGGGSVQAGGSLRLSCAASGYTGSSYCMGWFRQAPGKEREGVATIASGSGSTYYYDSVKGRFTISQDSAKNTVYLQMNSLKPEDTAMYYCAADYSYSSWCYRTVDFGYWGQGTQVTVSS
seq8909,LQESGGGLVQAGDSLKLSCVASGRSISDYTMAWFRQVPGKEREFVAVVTWNGNLYYTESVKGRFTSSRDNVKNTVYLQMNSLKPEDTAVYYCAARFRLNGYTPSYKEDDYRYWGQGTQVT
seq8910,EVQLVESGGGLVQAGDSLRLSCAASGRTFTTYVMGWFRQAPGKDREFVATITWSGSTNYKYYADPVKGRFTISRDNAKNTVYLQMNSLKPEDTAVYYCTSSTVVTDPRKLNEYAYWGQGTLVTVSS
seq8911,QVKLQESGGGLVQAGGSLRLSCEASGSTFSIMGWFRQAPGKQREAVAAINRGGTTTYADSVKGRFTISGDNAKNTVYLQMNSLKPEDTAVYSCNARPYGCNRPECDDWGQ
seq8912,EVQLVESGGGLVQAGGSLRLSCAASGIITSRYAMHWYRQAPGEQRELVAGITSGGSTSYADSVKGRFTISRDNAKNTVYLQMNGLKPEDTAVYYCKVLGFDRWGQGTQVTVSS
seq8913,EVQLVESGGGSVQPGGSLRPSCAASGSVHKINFLGWYRQAPGKEREMVATITIGDATDYADSAKGRFTISRDEAKNMVYLQMNSLSPEDTAVYFCRAGSRLYPYNYWGQGTQVTVSS
seq8914,QVQLQESGGGLVQPGGSLRLSCAASGFTFSDWAMSWVRQAPGKGLEWVSGIHYGDHTTHYADFVKGRFTISRDDAKNTLYLQMNSLKPEDTAVYYCARGSTKGQGTQVTVSS
seq8915,EVQLVESGGGLVQPGGSLRLSCAASGLTLDYYALGWFRQAPGKEREGVSCISSSDHSTTYTDSVKGRFTISWDNAKNTLYLQMNSLKPGDTAVYYCAADPALGCYSGSYYPRYDYWGQGTQVTVSS
seq8916,VQLQESGGGLVQAGDSLRLSCAASGRTVSSLFMGWFRRAPGKERELVAAISRYSLYTYYADSVKGRFTISADNAKNAVYLQMNSLKPEDTAVYYCASKLEYTSNDYDSWGQGTQVTVSS
seq8917,EVQLVESGGGLVQPGGSLRLSCAASGLAFSNYVMRWFRQVRGKQRELVAAVHRGGSSNTVDSVKGRFTISRDNAKNTVYLQMNSLKPEDTAVYFCNAYADSTNYWGRGTQVTVSS
seq8918,QVQLQESGGGLVQAGGSLRLSCAASGRTGNIYAAMGWFRQAPGKQREFVSSDSWNGGSTDYADSVKGRFTISRDNAKSTVYLQMNSLKPEDTAVYYCAAKIGLHDTSRFENEYDYWGQGTQVTVSS
seq8919,QVQLQESGGGLVKAGGSLRLSCAASGRTFSSYAMGWFRQAPGKEREFVARISPSAKNSYYATSVKGRFTISRDNAKNTVYLQMNSLKPADTALYYCAALKYYGSYEYDYWGQGTQVTVSS
seq8920,EVQLVESGGGLVQAGGSLRLSCAASGNDFARFSIDAMGWYRQAPGKQRELVATVTEDGTKNYADSVKGRATISRDDANNSMYLEMNTLKPEDTAVYYCKMGGLIDGAAPYEFWGRGTQVTVSS
seq8921,EVQLVESGGGLVQAGGSLRLSCAASGFALDYYAVGWFRQAPGKEREGVSCISSRGGSTYYVDSVKGRFTTSRDNAKNTVYLEMNSLKPEDTAVYYCAADPIHNCYSGSYYASPEAVYDYWGQGTQVTVSS
seq8922,EVQLVESGGGVVQPGGSLRLSCAASGSIASIHAMGWERQAPGKEREEVAVITWSGGITYYADSVKGRFTISRDNSKNTVYLQMNSLRPEDTALYYCAGDKHQSSWYDYWGQGTLVTVSS
seq8923,VQLQESGGGSVQAGETLKLSCTASGFTFDDSTMAWYRQAPGNECKLVSTISSDGSTYYADSVKGRFTISQDNAKNTVYLQMNSLKPEDTAVYYCAADDQNYELGTCEALDYWGRGTQVTVSS
seq8924,EVQLVESGGGLVQAGGSLRLSCAASGRTFSSDAVGWFRQAPGKEREFVAHIHWSGDFTTYYYYGDFVKGRFTISRGTAKNTVYLQMNSLKPEDTAVYYCAAPKGAIGDPRSTREYDYWGQGTLVTVSS
seq8925,EVQLVESGGGLVQAGGSLRLSCAASGRTFSSYTFGWFRRAPDKDREFVAQISWIGGRTAYADSVKGRFTISRDNAKSTVYLQMNSLNTEDTAVYYCAADRDVWVLSEHLYDYWGQGTQVTVSS
seq8926,QVQLQQSGGGLVQAGGSLILRCRATVSGFSIGTMGWYRQAPGKEREFVANVSPSGAKYFADSVKGRFTISRDNANNTVYLQMNSLKPEDTGVYYCNIRRFSYLSGDWGQGTQVTVSS
seq8927,EVQLVESGGGLVQAGGSLRLSCAASGLSFSSYAMGWFRQAPGKEREFVAAIRRREGNSYYADSVKGRFTISRDSAKNTVYLQMNSLKPEDTALYSCAATAPHYSGSFAYAGGYDYWGQGTQVTVSS
seq8928,EVQLVESGGGLVQPGGSLKLSCAASGAVHKINFLGWYRQTPEKEREMVATITIGDEVAYADSAKGRFTISRDEAKNMVYLQMTSLKPEDTAVYVCRAGSRLYPYNYWGQGTQVTVSS
seq8929,MAESGGGSVQTGGSLRLSCAYTASSLCMAWFRQAPGKEREGVAVTRDGLPQTGYADSVKGRFAISQDYAKKTLYLQMSSLKPEDTARYYCAARPTSPCTVDGELLASTYNYWGQGTQVTV
seq8930,EVQLVESGGGLVQPGGSLTLSCVASGSTSSINAMAWYRRAPGKQRELVAGISSDGSKLYADSVKGRFTISRDNAKNSVYLQMNSLRAEDTAVYYCYYFRTVQGSSMRYWGQGTLVTVSS
seq8931,QVQLVESGGGSVQAGGSLRLSCVASGRVYSMAWFRQAPGKQREGVATVYPGSIITYHADSLKDRFTASQDRAKRTMYLQMNSLKVEDTGMYYCAVREYYSPGHWAVESTYRNWGQGIQVTVSS
seq8932,VQLVESGGGLVQPGGSLRLSCAASGRTFSSYAMGWFRQAPGMEREFVASIRWSDQTTYVPNSVKGRFTISRDNSKNTLYLQMNSLRPEDTAVYYCATGPTRLSFYSGNYRTYDSWGQGTLVTV
seq8933,EVQLVESGGGLVQPGGSLRLSCAASGFTFDDYGMSWVRQAPGKALEWVSAISWNGNNTYYTESMKGRFTISRDNAKNTLYLQMNSLCPEDTAVYYCVKGSTAIVGVPPTYPDEYDYWGQGTLVTVSS
seq8934,QVQLQESGGGLVQAGGSLRLSCTASVRTFSNYGMGWFRQGPGKEREFVASISWSGTMTQYADSVKGRFTISRDNAKSTVYLQMNNLKPEDTAVYYCNAVKYIPGRGEYDYWGQGTQVTVSS
seq8935,EVQLVESGGGLVQAGGSLALSCAASGRMFSSRSIGWFRQAPGKDREFVAAISPSGSLKAYADSVKGRFTISRDNAKNTVDLQMNSLNTEDMAVYYCAADVISGRWYAGAFTPSRFDYWGQGTQVTVSS
seq8936,QVQLQASGGGLVQPGGSLRLSCAASGFTFSTYYMNWVRQAPGKGLEWVPGINKDGSVSHYADSVKGRFTISRDNAKNTLYLRMNSLKSEDTALYYCATIAGFRVGGGPGGTQVTVSS
seq8937,EVQLVESGGGLVQPGGSLRLSCAASGRTFTSYNMGWFRQSPGKEREFVATISRSGGSTYYADSVKGRFTISRDSAKNAVYMQMNSLKPEDTAVYYCAAARIGAAVNIPSEYGSWGQGTQVTVSS
seq8938,EVQLVESGGGLVQPGGSLRLSCEASGFTWDYYVIGWFRQAPGKEREGLSCISSDGSTTYADSVKGRFTISRDNAKNTVYLQMNSLEPEDTAVYYCATDPALGCYSGSYYPRYDYWGQGTQVTVSS
seq8939,QVQLVESGGGLVQAGESLTLSCTASGGSFNNWHMGWFRQAPGTEREFVAAIRRAYGSTFYADSVKGRFTIARDNAKNTVYLQMSSLKPEDSAVYYCAAKRAFRVGGDFEYYGQGTQVTVSS
seq8940,QVQLQASGGGLVQPGGSLRLSCAASGSIFGLYAMGWYRQAPGKQRDLVAAIASGGSTNYADSVKGRFTISRDNAKNTVYLQMNSLKPEDTADYYCNVAGDVTAQNRCKHLEVWGQGTQVG
seq8941,DVQLVESGGGLVQPGGSLRLSCAASRSIGRLDRMGWYRHRPGEPRELVATITGGSSINYGDSVKGRFTISIDNSKNTVYLQMNSLRPEDTAVYYCNFNKYVTSRDTWGQGTLVTVSS
seq8942,QVQLQESGGGLVQAGGSLRLSCATFGFTFDDYAIAWFRQAPGKEREGISCISNTDSSTYYADSVKGRFTISSDSAKNTVHLQMSSLKPEDTAVYYCAADGNVWSPPICGSAGPPPGGMDYWGKGTQVTVSS
seq8943,EVQLLESGGGEVQPGGSLRLSCAASGSVFSIDAMGWYRQAPGKQRELVAVLSGISSAKYADAVEGRFTISRASAPNTVYLQMSSLRAEDTAVYYCYADVSTGWGRDAHGYWGQGTLVTV
seq8944,EVQLVESGGGLVQAGGSTRLTCKASGSIFNINSINVMAWYRQAPGKQRELVAIIGKGGGTNYADFVKGRFTISRDAAKNTVNLQMNSLKPEDTAVYYCYADYEDHDSPHNASWGQGTQVTVSS
seq8945,EVQLVESGGGLVQAGGSLRLSCAASGVIFRLNAMGWYRAAPGKQRELVAIIVNGGSTNYADSVKGRFTISRDSAKNAVYLQMDSLKPEDTAVYYCYYNIPGDVYWGQGTQVTVSS
seq8946,VQLVETGGGLVQPGGSLTLSCAGSGGTLEHYAIGWFRQAPGKEHEWLVCNRGEYGSTVYVDSVKGRFTASRDNAKNTVYLQLNSLKPDDTGIYYCVSGCYSWRGPWGQGTQVTVSS
seq8947,EVQLVESGGGSVQAGNSLSLSCTASGGTFRNYAMGWFRQAQGKEREFVATISRSGGHIYYSDSVKGRFTISRDNAKNMVSLQMNSLKPEDTAAYYCAARFRFGDGTYYYQRAFYDFWGQGTQVTVSS
seq8948,DVQLQASGGGLVQAGGSLRLSCAGSGRTFSSYAMGWFRQAPGKEREFVASISWSGSRTNYGVPVKGRFTISRDNAKNTVYLQMSSLKPEDTAVYYCAADRFAVAIGTHDLDYWGQGTQVTVSS
seq8949,QVQLQESGGGLVQPGGSLRLSCAASGFTFNDYFMNWVRQAPGKGLEWVSGIYSDGSKTYYGDSVKGRFTISRDNAKNTLYLQMNSLKSEDSAVYYCTRGTGWSSTPYTYRGQGTQVTVSS
seq8950,EVQLVESGGGLVQPGGSLTLSCVASGFTSSINAMGWYRRAPGKQRELVAGISSDGSFVYADSVKGRFTISRDNAKNSVYLQMNSLRAEDTAVYYCYYFRHVSGSSMRYWGQGTLVTVSS
seq8951,QVQLVESGGGLVQAGDSVRLSCTVSGRSITMYTMDWWRQAPGKGREFVATITSSGKPNYANSVKGRATVDRDNSKNTLYLQMNSLRAEDTAVYSCHALLSTHSELGPFYDYWGQGTLVTVSS
seq8952,QVQLQESGGGLVQAGGSLRISCSASGFTFEDYSIGWFRQAPGKEREAVSCISIEGGYTHYADSVKDRFTISSDNAKNTVYLQMNSLKPEDTAIYYCVAARVLWCTVAPENGYWGQGTQVTVSS
seq8953,VQLVESGGGLVQAGDSLRLSCAASERNLRIYDMAWYRQAPGKEREYVAVISSSGDSTHYSDFVKGRFTISRDNAKNTVSLQMDSLKPEDTAFYYCNVNSIRQWPWGQGTQVTVS
seq8954,EVQLVESGGGLVQPGGSLRLSCATSGIIFSNNAMGWYRQAPGKKRDLVASISNSGSTNHADSVKGRFTVSRDNDKNTGYLQMNSLKPEDTGVYYCTVDARRGWNTAYWGQGTQVTVSS
seq8955,EVQLVESGGGLVQAGGSLRLSCAASGRTFSNYAMGWFRQAPGKEREFVAAISWSGGSTYYADSVKGRFTISRDNAKNTVYLQMNSLKPEDTAVYYCAAMFSGSESQLVVVITNLYEYDYWGQGTQVTVSS
seq8956,GGLVQPGGSLRLSCAASGFAFSSYDMSWVRQAPGKGLEWVSAINSGGISTYNADSMKGRFTISRDNAKNTVYLQMNSLKPEDTAVYYCNADTWYCDQLDSSDYWGQGTQVTVSS
seq8957,QVQLVESGGGSVQAGGSLRLSCAASGNVYNNMCMGWFRQAPGKEREGVASMYVGGGYTYYDDSVKGRFTISRDNAKNTLYLQMNSLKPEDTAMYYCAAISIALTREFCAPIVSRYNYWGQGTQVTVSS
seq8958,EVQLVESGGGLVQAGGSLRLSCAASGRTFSRYAMGWFRQAPGKEREFVAAINWSGGSTYYADSVKGRFTISRDNAKNTVYLQMNSLKPEDTAVYDCAASNYYSVYDDRPVMDYWGQGTQVTVSS
seq8959,EVQLVESGGGLVQAGGSLRLSCAASGRGFSRYAMGWFRQAPGKEREFVAAIRWSGKETWYADSVKGRFTISADNAKNTVYLQMNSLKPEDTAVYYCALGPVRRSRLEWGQGTQVTVSS
seq8960,EVQLVESGGGLVRAGGSLKLSCTASGRAFSSSAVGWFRQAPGKEREFVTGINWSGARTYYADSVKGRFTISRDNAKNTAYLQMNSLKPEDTAVYYCAAGRDSHARHLSEYEYMWWGQGTQVTVSS
seq8961,QVQLVETGGGLVQAGGSLRLSCAASGAVSSINAMGWYRQTPEKVRKLVATMGSGGNTYYADSVKGRFTISRDYAKNTVALQMNNLIPEDTAVYYCAADKFGADIHEVDYWGKGTLVTVSS
seq8962,EVQLVKSGGGLVQAGGSLRLSCAASGRTFSNYAMGWFRQAPGKEREFVAAINWSGGSTIYADSVKGRFTISRDNAKNTVYLQMNNLKPEDTAVYYCAAGNGGRSYGHSRARYDYWGQGTQVTVSS
seq8963,EVQLVESGGGLVQPGGSLRLSCAASGLTLSNYAMGWFRQAPGKEREFVAAISRSGSSTYYADSVKGRFTISADNSKNTAYLQMNSLKPEDTAVYYCAAEMSGISGWDWGQGTLVTVSS
seq8964,EVQLVESGGGLVQPGGSLRLSCAASGSIFSINAMGWYRPAPGKQRELVARITSTGSTNYADSVKGRFTISRDNAKNTVYLQMNSLKPEDTAVYYCNADVSPSYGSRWYGWGQGTQVTVSS
seq8965,EVQLVESGGGLVQAGGSLRLSCAASGFTFDDYAIGWFRQAPGKERDGVSCISSSDGSTYYADSVKGRFTISSDNAKNTVYLQMNSLKPEDTAVYYCAVEVPSSCGYYRGSSYYTDEEFAYWGQGTQVTVSS
seq8966,QVQLQESGGGSVQAGGSLRLSCTASGTIFSINRMDWFRQAPGKQRELVALITSDGTPTYADSAKGRFTISRDNTKKTVSLQMNSLKPEDTAVYYCHVSSGVYNYWGQGTQVTVSS
seq8967,EVQLVESGGGLVQPGGSLRLSCAASGRTFSFYAMGWFRQAPGKEREFVAAINRGGKISHYADSVKGRFTISADNSKNTAYLQMNSLKPEDTAVYYCAAVRRYGSPPHDGSSYEWGQGTLVTVSS
seq8968,EVQLVESGGGLVQAGGSLRLSCAASGFAFGDSWMGWFRQAPGKEREWVSGISSGGGRTYYADSVKGRFTISADNAKNTVYLQMNSLKPEDTAVYYCAADVWYGSTWRNWGQGTQVTVSS
seq8969,EVQLVESGGGLVQAGGSLRLSCAASGRTFSGADAGWNRQTPGKEREFVAAINWSGNSTYYADSVKGRFTVSRDNAKNTVYLQMNSLKPEDTAVYYCHAFRDDYYSEGKGTLVTVSS
seq8970,EVQLVESGGGLVQAGDSLRLSCAASGRTFSSYSMGWFRQAQGKEREFVVAISSSGNYKYDSVSLEGRFTISRDNTKNTVYLQINSLKPKDTAVYYCAASRAYGSSRLRLGDTYDYWGQGTQVTVSS
seq8971,QVQLVESGGGLVQPGGSLRLSCAASGFTFSTYYMTWVRQAPGKGLEWVSAANTDGQRTFYADSVKGRFTISKDNARNTLTLQMNNLQPEDTALYYCARGSWTSGYEFWGQGTQVTVSS
seq8972,EVQLVESGGGLVQPGGSLRLSCAASGPTFSNYYVGWFRQAPGKEREFVAAILCSGGITCYADSVKGRFTISADNSKNTAYLQMNSLKPEDTAVYYCAAALDGYIGTWGQGTLVTVSS
seq8973,EVQLVESGGGLVQPGGSLTLSCAASKSAVAFLSIAWYRQAPGKKRELVAGISPDGSTVYIESVKGRFTISRDNAKNSVYLQMNSLRAEDTAVYYCYAYSWTTRYPYWGQGTLVTVSS
seq8974,EVQLVESGGGLVQPGGSLRLSCAASGSTSSLRTMGWFRQAPGKEREGVAAISSRDGSTIYADSVKGRFTISADNSKNTAYLQMNSLKPEDTAVYYCARDDSSSPYFDYWGQGTLVTVSS
seq8975,VQLQESGGGLVQPGGSTRLSCVSSRTFSYYDMGWFRQAPGKEREFVALLSWNGENAEYSDSVMGRFTVSRGNTQNSVNLQMNNLKPEDTGIYYCAVTHGGARSVRSWGQGTQVTVSS
seq8976,EVQLVESGGGLVQPGGSLTLSCVASGSTSSINAMAWYRRAPGKQRELVAGISSDGSKVYKDSVKGRFTISRDNAKNSVYLQMNSLRAEDTAVYYCYYFRNVSGSSMRYWGQGTLVTVSS
seq8977,EVQLVESGGGLVQPGGSLRLSCAASGFTFGNYDMSWVRQAPGKGPEWVSAINSGGGITYYADSVKGRFTISRDNAKNTLYLQMNSLKPEDTAVYYCATPRGWGPTGPHEYGYWGQGTQVTVSS
seq8978,EVQLVESGGGLVQAGESLRLSCAASGSGFGVNILYWYRQAAGIERELIASITSGGITNYVDSVKGRFTISRDNAENTMYLQMNSLKAEDTGVYYCASRNIFDGTTEWGQGTLVTVSS
seq8979,QVQLVQSGGGLVQAGESLRLSCAASGSIFSINAMGWYRQVLGKQRELVAVVSSDGRTTVAPSVKGRFTISRDNAKNTVSLQMNSLKPEDTGVYYCGVREWYSDSDWRDYEGQGTQVTVKP
seq8980,QVQLQQSGGGLVQAGGSLRLSCAASGGTFSSYVMAWFRQAPGKEREFLAAIRWSRGSTYYADSVKGRFTVFRDTVENTVYLQMNSLKPEDTAVYYCAADGNPAKLVLDQYGMDYWGKGTLVTVSS
seq8981,EVQLVESGGGLVQPGGSLRLSCAASGRTFSDIAMGWFRQAPGKEREFVASINWGGGNTYYADSVKGRFTISADNSKNTAYLQMNSLKPEDTAVYYCAAKGIWDYLGRRDFGDWGQGTLVTVSS
seq8982,VQLVESGGGLVQAGGSLRLSCAASGSAVSDSFSTYAISWHRQAPGKQREWIAGISNRGATSYRDSVKGRFTISRDNAKNTVYLQMNNLKPEDTGVYYCEPWPREGLGGGQGTQVTVSS
seq8983,EVQLVESGGGLVQPGGSLRLSCAASGRTYYLNAMGWFRQAPGKEREFVAAIDWSEGNKDYADSVKGRFTISRDNSKNTVYLQMNSLRPEDTATYYCAADTPPWGPLIYIESYDSWGQGTLVTVSS
seq8984,QVQLQESGGGLVQPGGSLRLSCAVSGFSFSINAMGWYRQAPGKRREFLAAIDSGRNTVYAVSVKGRFTISRDNAKNTVYLQMNSLKPEDTAIYYCGLLKGNRVVSPSVAYWGQGTQVT
seq8985,EVQLVESGGGLVQAGGSLRLSCAASGFTLDYYAIGWFRQAPGKEREGISCISSRGGSTFYVDSVKGRFTISRDNAKNTVYLQMNSLKPEDTAVYYCAADPIHNCYSGRYYYSPEAVYEYWGQGTQVTVSS
seq8986,EVQLVESGGGLVQAGGSLRLSCTASGSAFSSTVVGWFRQAPGKEREFVTAINWSGARTYYISSVKGRFTISRDNAKNTAYLQMDSLKPEDTAVYYCAAGSDRYARVLTEYDYVWWGQGTQVTVSS
seq8987,GGLVQTGGSLRLSCAASKTLHSISDMAWYRQPPGKRRKGVATISTDGSTDYDDSVRGRFTITGNNAENTISLQMNNLRPEDSAVYFCQAVIVSVIRQWPGNWGQGAQVTVIS
seq8988,QVQLQESGGGLVQAGGSLRLSCAASGIIFRGTTMGWFRQAPGKQRESVASISPLGTTSYSGSVEGRFTVSRDNAKNTLFLQMNSLKSEDTAVYYCNAIQVTNVGPRVYWGQGTQVTVSS
seq8989,EVQLVESGGGLVQRGGSLRLSCAASGRTFSNLNMGWFRQAPGKEREFQAAISRSGGTTYYADSVKGRFTISRDNAKSTVFLQMNSLKPEDTAVYYCAAASPGGPINYGRAYDSWGQGTQVTVSS
seq8990,EVQLVESGGGLVQPGGSLTLSCAASGSSVKFLSMAWYRQAPGKKRELVAGISADGSTDYIGSVKGRFTISRDNAKNSVYLQMNSLRAEDTAVYYCYAYRWTTRVTYWGQGTLVTVSS
seq8991,EVQLVESGGGLVQAGGSLRLSCAASGGTVTNYGRAWFRQAPGKERDFVAGVNWSGSSTHYLDSVKGRFTISRDNAKNTVYLQMNNLKPEDTAVYYCAAAEGSTWYLESNLYNHWGQGTQVTVSS
seq8992,EVQLVESGGGLVQAGDSLRLSCVASGLPFSTLHMGWFRQAPGKEHESVSAISSDGGSEYYAGSVKGRFTISRDNAKNTVYLQMNSLKPEDTAVYYCAADPRRIGANIKYSDYWGQGTQVTVSS
seq8993,EVQLLESGGGEVQPGGSLRLSCAASGGIFAIKPISWYRQAPGKQREWVSTTTSSGATNYAESVKGRFTISRDNAKNTLYLQMSSLRAEDTAVYYCNVFEYWGQGTLVTV
seq8994,EVQLVESGGGLVQPGGSLRLSCAASGFTLDGYAIGWFRQAPGKEREAISCITTRGTIYYADSVKGRVTISRDNAKNTVYLQMTSLKPEDTAVYLCAADGFDTPCVAGTDWGYDYEGQGTQVTVSS
seq8995,QVQLQDSGGGLVQAGGSLRLSCAVSGRTDSNYVMGWSRQAPGKGREFIAAIHWSEGGTHYADSVKDRFTIFRDSAKNIMYLQMNGLKPEDTAVYHCAHNSGTGAFDYWGQGTQVTVSS
seq8996,EVQLVESGGGLVRPGGSLRLSCATSGSDIGINAMGWYRQAPGNQRELVATITGSTGTTYADSVKGRFAISRDGAKNTVYLQMDSLKPEDTAVYYCNLRVYTGTYGGRNYWGQGTQVTVSS
seq8997,EVQLVESGGGLVQAGGSLRLSCAASGIAFRYNSVAWSRQAPGSQRELVASISNSARTKYADSVKGRFTISRDNEKKMLYLQMDSLKPEDTAVYYCGAGRSMAGDVAYWGQGTQVTVSS
seq8998,EVQLVESEGGLVQAGGSLRLSCAASGRTFSTDDVGWFRQAPGKEREFVAVIRWSTGGTYTSDSVKGRFTLSRDNAKNTMYLQMNSLKPEDTAVYYCAARSRPLGAGAWYTGENYYNYWGQGTQVTVSS
seq8999,DVQLVESGGGLVQPGGSLRLSCAASGRIFSVNAMGWYRQAPGKQRELVAAITNQGAPTYADSVKGRFTISRDNAKNTVYLQMNSLRPEDTAVYYCKAFTRGDDYWGQGTLVTVSS
seq9000,LQESGGGLVQTGGSLRLSCAASGFAFSINAMDWYRQVPGKEREVVARISSGGSTNYADAVKGRFTISRDNAKQLVFLQMNNLKPEDTAVYYCNSAYKHNRDSWGQGTQVT
seq9001,EVQLVESGGGVVQPGGSLRISCAASGSIYLINYMGWYRQAPGKQRELVATLTSGGSTNYAGSVKGRFAISRDNAKNTVYLQMNSLKPEDTALYYCNIGGTLYDRRRFESWGQGTLVQVSS
seq9002,QVQLQESGGGLVQPGGSLRLSCAASGFTFSIRAMSWVRQAPGKGLEWVSTINSGGDSRYYADSVKGRFTISRDNAKNTMYLQLNSLKTEDTAMYYCVRCSDIYCYNGASYRGQGTQVTVSS
seq9003,PVQLVESGGGSVQAGGSLRLACSASAYTYCMGWFRQAPGKEREGVATIATGTGSTYIFDSVKGRFTISQDNAKNTLYLQMNSLKPEDTAMYYCAAEVGYSGSSWCYRVEDFGYWGQGTQVTVSS
seq9004,QVQLQQSGGGLVQAGGSLTLSCAISGNTYNAHTMAWYRQAPGKQRELVARMDFNGESNYDNSVKGRFTISRDNAENTLFLQMNSLRPDDTAVYYCKGSWYFLGDYWGQGTQVTVSS
seq9005,EVQLVESGGGLVQAGGSLRLSCAASPGAFSSFNMGWFRQTPGKEREFVAATSWSDISTYYADSVKGRFTISRDNAKNTVTLEMNSLKPEDTAVYYCAAGYYRGGYLGYRLTLEGSYDVWGQGTQVTVSS
seq9006,QVQLVQSGGGYVQAGGSLSVSCAASGRTFRPYGVGWFRQAPGKEREFVAAIIWSLGYTIYADSVKGRFTISRDNAKNTVYLQMNSLKAEDTAVYYCAARDRSSSEYDYWGQGTQVTVSS
seq9007,EVQLVESGGGSVQAGGSLRLSCAASGDTYGSYWMGWFRQAPGQELEAVAAINRGGGYTVYADSVKGRFTISRDNAKNTLYLQMNSLRPDDTADYYCAASGVLGGLHEDWFNYWGQGTLVTVSS
seq9008,QVQLVESGGGLVQPGESLRLSCVASASTFSTSLMGWVRQAPGKGLESVAEVRTTGGTFYAKSVAGRFTISRDNAKNTLYLQMNSLKAEDTGVYYCTAGAGPIATRYRGQGTQVTVSS
seq9009,EVQLVESGGGLVQPGGSLTLSCAASGFTLDRYAIGWFRQAPGKQREGVACISNLNSTDSKTYYADFVKGRFTISRDNAKNTVYLQMNSLKPEDTAVYYCATPPYSDSYCLHREWVGLVPDDYWGQGTQVTVSS
seq9010,QVQLQESGGGLVRTGGSLRLSCVASGFALANYGIGWFRQAPGKGREGVSCSNVRDGSTYYRDSVKGRFTISRNNIENTVYLQMSTLKPEDTALYYCATTDCEASSWGTWINYRGQGTQVTVSS
seq9011,QVQLQESGGGLVQPGGSLTLSCAATKTGFSINAMGWYRQAPGKQREMVATITSGGTTNYADSVKGRFAISRDNAKNTVSLQMNTLKPEDTALYYCNTEARRYFTRASQVYWGQGTQVTVSS
seq9012,QVQLQESGGGLVQAGGSLKLSCTVSGFAFGSSHMSWVRRAPGKGLEWVSTIHSGGGFGDYANSVQGRFTISRDVAKNTLYLQMNSLKPEDTAIYYCALATDWRKPPGQGTQVTVSS
seq9013,KVQLVESGGGLVQAGGSLRLSCAASGRSFSTYAMGWFRQAPGKEREFVAASNWSGGSKNYADSVLGRFTISRDNAKNTVYLQMNSLKPTDTAVYYCAAKGSGDLRLREYEYDYWGQGTQVTVSS
seq9014,EVQLVESGGGLVQPGGSLTLSCAASGSSSSFLSMAWYRQAPGKKRELVAGISADGSTVYIDSVKGRFTISRDNAKNSVYLQMNSLRAEDTAVYYCYAYRWTTRRTYWGQGTLVTVSS
seq9015,EVQLVESGGGSVQAGGSLKLSCTASGRRFSTYAVGWFRQAPGQDREFVATISWTNSTDYADSVKGRFTISRDNAKNTGYLQMNSLKPEDTSVYVCAADKWSSSRRSVDYDYWGQGTQVTVSS
seq9016,EVQLVESGGGLVQAGGFLRLSCEPRGSIFNQYAMAWFRQAPGKEREFVAGMGAVAHYGEFVKGRFTISRDNAKNTAYLQMNSLKPEDTAIYFCARSKSTYISYNSNGYDYWGRGTQVTVSS
seq9017,QVQLQDSGGGLVQAGGSLRLSCAVSGNTLSRYAMGWFRQAPGNEREFVAAIRWNNGNTYYADSVEGRFTISRDSAKNTVYLQMNSLQPEDTAVYYCAARFLPYASSNAYHEALYNYDYWGQGTQVTVSS
seq9018,EVQLVESGGGLVQAGGSLRLSCAASGRTYYLNAMGWFRQGPGKDREFVAAIDWSDGNKDYADSVKGRFTISRDNAKNTVYLQMNSLKPEDTAVYYCAADTPPWGPMIYIESYDDWGQGTLVTVSS
seq9019,VQLQESGGGLVQAGGSLRLSCAASGRTGSRYAVGWFRQAPGLGRDFVAAITWSGGYTYYADSVKGRFTISRDNAKNTMYLQMNSLKPEDTAVYYCAVDTRNVIGPRAGDYWGQGTQVTVS
seq9020,QVQLVESGGGLVQPGGSLRLSCAASGSIFSINTMAWYRQAPGKQRELVAGITRSGTTNYAGSVKGRFTISRDNAKNTVYLQMNGLKPEDTAVYYCTDYSRRYYQDDWGQGTQVTVSS
seq9021,QVQLQESGGGLVQAGGSLRLSCAASGRTLNNYAMGWFRQAPGAEREFVGAISASGDSTQYTESVQGRFTISKDNAKSTVYLDMNSLKPEDTAVYYCAADRKTLTFYTSRLRSRYDYWGQGTQVTVSS
seq9022,EVQLVESGGGLVQPGGSLRLSCAASGRTFSRYAMGWFRQAPGKEREFVASITKFGSTNYADSVKGRFTISADNSKNTAYLQMNSLKPEDTAVYYCAKERESRFLKWRKTDWGQGTLVTVSS
seq9023,EVQLVESGGGLVQPGGSLTLSCVASGSTSSNNAMAWYRRAPGKQRELVAGISSDGSKVYTDSVKGRFTISRDNAKNSVYLQMNSLRAEDTAVYYCYYFRTRSGSSMRYWGQGTLVTVSS
seq9024,EVQLVESGGGLVQPGGSLRLSCAASGFTLDDYAVGWFRQAPGKEREGVSCIGSSYGSTYYADSVKGRFTISRDNAKNTVYLQMNSLKPEDTAVYYCAVQGYSGGYYYTCEDSADFGFWGQGTQVTVSS
seq9025,QVQLQESGGGLVQAGGSLRLSCAVSGNTLSPYAMGWFRQTPRNEREFVAPIRWNNGNTYYADSVEGRFTISRDSAKNTVYLQMNSLQPEDTAVYYCAARFLPYASSNAYHEALYNYDYWGQGTQVTVSS
seq9026,EVQLVESGGGLVQPGGSLTLSCVASGTTSSINAMGWYRRAPGKQRELVAGISSDGSKVYEDSVKGRFTISRDNAKNSVYLQMNSLRAEDTAVYYCYYFRTVSGSSMRYWGQGTLVTVSS
seq9027,EVQLVQSGGGLVQPGGSLRLSCAASGSDFSINAIGWYRQAPGKQRDMVAGFTGDGVTTYADSVKGRFTISRDNAKNTVYLQMNSLKPEDTAVYYCAADVKIGGDYEWFWGQGTQVTVKP
seq9028,QVQLQESGGGLVQPGGSLRLSCAASGFTFSTNAMSWIRQPPGKAREVVATITSAGGSISYVNSVKGRFTISRDNAKNTLYLQMNMLKPEDTAVYYCARLVNLAQTGQGTQVTVSS
seq9029,EVQLVESGGGLVQPGGSLRLSCAASGSMFSINTMGWYRQAPGKQRELVARIATGGSTNYADSAKGRFTISRDNAKSTVYLQMNSLKPEDTAVYYCNVNPFAGWGRVRDYWGQGTQVTVSS
seq9030,EVQLVESGGGLVQAGGSLRLSCESSISTFSSDAMGWFRQAPGKELEWLAAIGWSGAVTHYSDSVKGRFTISRDNAKNTVYLQMNSLRAEDTGRYYCAEDYDTDVWQYWGQGTQVTVSS
seq9031,DVQLVESGGGMVQTGGSLRLSCVVSGRTDDNYAMGWFRQAPGKEREFVAAISWSGDHTYYADSLKGRFAISRENAKNMMYLQMNSLKPEDTGVYYCNAVSTDWTTDYWGQGTLVTVSS
seq9032,VQLQESGGGLVQAGGSLRLSCAASVVPFRYFPMGWYRQAPGRQRELVASITSGGGVNYADFVEGRFTISRDNAKNTFYLQMSSLKPEDTAVYYCARLLSLGSRWGYGMFTWGKGTLVTVSS
seq9033,EVQLVESGGGLVQPGGSLKLSCVHSGGIFSISAMGWFRQAPGKERERIATIGIGGNPSYADSVKGRFTISTITSVNTNNTMSLQMNDLKPEDTGVYYCKARFKGPSHYGMNDWGKGTLVTVSS
seq9034,DVQLVESGGGLVQPGGSLTLSCAASGFTFSAYWMYWVRQTPETGLEWVSAIYGKDGQTVYPDSVKGRFTISKDNAKNTLYLQMNSLKHEDTAVYYCARDVLSGDIVGFDAWSQGTLVTVSS
seq9035,LQESGGGLVQPGGSLRLSCAASGGTFSWYAMGWFRQAPGKEREFVATVSRGGGSTYYADSVKGRFTISRDNAKNTVYLQMNSLKPEDTAAYYCAAGRGSPSDTGRPDEYDYWGQGTQVT
seq9036,QVQLQESGGGSVQAGGSLRLSCTASGFTFDDSDSDMGWYRQAPGNECELVSSISSDGSTYYADSVKGRFTISQDNAKNTVYLQMNSLKPEDTAVYYCAAINSGYELGTCESLDYWGRGTQVTVSS
seq9037,EVQLVESGGGEVQPGGSLRLSCAASGSIFSINAMGWYRQAPGKQRELVAGFTGDGSTKYAESVKGRFTISRDNAKNTVYLQMSSLRAEDTAVYYCAADVQLLQSDYEFYWGQGTLVTVKP
seq9038,VQLVESGGGSVQAGGSLKLSCVTSAYTFSASGNCMGWLRQAPGKGREGIAATYTRSAKTYYADSVKGRFTISQDNAKNTVYLQMNGLKPEDTATYYCAVARCAGRPDRSTLTSFAWWGQGTQVTV
seq9039,EVQLVESGGGLVQPGGSLRLSCAASGFTFSTHWMYWVRQAPGKGLEWVATSTFNILTGTENTYYSDSVKGRFTISRDNAKNTLYLQMNGLKPEDTALYYCARDSSGNLKGQGTQVTVSS
seq9040,DVQLVESGGGLVQAGGSLRLSCAASRSIGRLDRMGWYRHRTGEPRELVATITGGSSINYGDFVKGRFTISIDNAKNTVYLQMNNLKPEDTAVYYCNFNKYVTSRDTWGQGTQVTVSS
seq9041,EVQLVESGGDLVQPGGSLRLSCAASGSIFSINDMGWFRQAPGKQRELVADIISRGVTNYADSVKGRFTVSGDPAKNTVYLQMNSLKPEDTAVYYCNAHISTGWGRPHNNYWGQGTQVTVSS
seq9042,EVQLVESGGGWVQAGGSLRLSCAASGRAFSSYAMGWIRQAPGKEREFVAGIDQSGESTAYGASASGRFIISRDNAKNTVHLLMNSLQSDDTAVYYCVADGVLATTLNWDYWGQGTQVTVSS
seq9043,EVQLVESGGGVVQPGGSLRLSCAASGRTYYLNAMGWFRQAPGKEREFVAAIDWSEGNKDYADSVKGRFTISRDNSKNTVYLQMNSLRPEDTALYYCAADTPPWGPLIYIESYDSWGQGTLVKVSS
seq9044,QVQLQESGGGLVQAGGSLRLSCAASGIFSTNHMAWYRQAPGKQRELVAAFTNDGSTLYGDSVKGRFVISRDNAKYTVFLQMNSLKPEDTAVYYCYGLGHWGQGTQVTVSS
seq9045,QVQLQESGGGLVQAGGSLTLSCVASGRTSDVYAMGWFRQVPGKEREFVATINRSGSDAYYADSVKGRFTISRDNAKNTVYLQMNSLKPEETAVYYCAASRSDCIGYGCRRVSHNYWGQGTQVTVSS
seq9046,EVQLVESGGGLVQTGGSLRLSCATSGLAFSIYTMGWFRQAPGKEREFVAAAHWTVFRGNTYYVDSVKGRFTISRDNAKNTVYLQMNSLKPEDSAVYYCAATRSTAWNSPQRYDYWGQGTQVTVSS
seq9047,QVQLQESGGGSVQAGGSLRLSCAASGYTYNKYSWGWFRQAPGKEREGVAGIDSDGSTSYADSVKGRFTISKDNTKNTLYLQMNSLKPEDTAMYYCAASDWVSAIQALGVLAVRPYEYWGQGTQVTVSS
seq9048,DVQLVESGGGLVQPGGSLRLSCAASGRIFSVNAMGWYRQAPGKQRELVAAITNQGAPTYADSVKGRFTISRDNSKNTVYLQMNSLRPEDTAVYYCKAFTRGDDYWGQGTLVTVSS
seq9049,EVQLVESGGGLVQAGGSLRLSCAASGRTFSSYAMGWVRQAPGKERELVATISQSGGLRSYADSVKGRFTISRDNAKNTVYLQMNSLTPGDTAVYYCAAQARATAWSPQRVDYWGQGTQVTVSS
seq9050,EVQLVESGGGLVQTGGSLRLSCAASSSTSTSSIDVMGWYRQSPGKQRELVASISSFGSTYYADSVKGRFIISRDNAKNTVNLQMNNLKLEDTAVHFCNLRRLSPPPLLDYWGQGTQVTVSS
seq9051,EVQLVESGGGLVQPGGSLRLSCAASGRTFDDYAMGWFRQAPGKERELVSGITWSGGSTYYADSVKGRFTISADNSKNTAYLQMNSLKPEDTAVYYCAAVLGYDGYDYWGQGTLVTVSS
seq9052,EVQLVESGGGLVKAGGSLRLSCSASGLLFRVNSVGWYRQAPGKQRDFVARIRRGGSTNYADTVKGRVTISRDNAKNTVYLQMNSLSPADTGVYYCSSWREGAYEYWGQGTQVTVSS
seq9053,QVQLQESGGGSVQAGGSLRLSCAASGYTYSMYCMGWFRQAPGKEREGVAAINSGNGNTYYADSVKGRFTISQDNAKNTMYLLMNSLKPEDTAIYYCAADPQRCGSWTWAGVFEYNYWGQGTQVTVSS
seq9054,DVQLVESGGGLVQPGGSLRLSCAASGFTLDDYAIGWFRQAPGKEREGVSAIRDNGGSTYYADSVKGRFTISSDNSKNTVYLQMNSLRPEDTAVYYCAAVPAGRLRFGEQWYPLYEYDAWGQGTLVTVSS
seq9055,EVQLVESGGGSVQTGDSLTLSCQASGWQFTTYCMGWFRQVPGKEREAVAHIGTNGRTYYANSAKGRFTISQERSKLTAYLQMNSLRPEDTAMYYCAADADVAYSCGRGAGARSSFDHWGRGTQVTVSS
seq9056,QVQLQESGGGSVQTGGSLRLSCAASTSIYSMNYMAWFSQAPGKGREGVAAVYIEDGRPYYADSVKGRFTISPDRAKNTVYLQMNSLKPEDTAMYYCAAAPGPLSRNYWYTSANYDYWGQGTQVTVSS
seq9057,QVQLQESGGGLVQAGDSLKLSCVASGRTFSTYAMAWFRRAPGKEREFVASIIWSGGSSYYANSVKGRFTISGDNAKNTVYLQMNGLKPEDTAVYYCAADNRPMGRSTGYNYWGQGTQVTVSS
seq9058,EVQLVESRGGLVQTGGSLRLSCTTSGGTLRGYGVGWFRQGPGKDREFVAAISWSPGRTDYGDAVKGRFTISRDNAKNTVYLQMNSLKPEDTAVYYCAADSVSASYYDARNDMAYDYWGRGTQVTVSS
seq9059,QVQLQQSGGGLVQAGDSLRLSCAASGRTFSSYGMGWFRQATGKEREFVAGISRTGSGTAYADSVKSRFTISRDNAKNTVYLQMNSLKAEDTAVYYCAADSGGSWGRGTTYDYWGQGTQVTVSS
seq9060,QLQASGGGFVQPGGSLRLSCAASGDTSDGYIMGWFRQAPGKEREFVSAISEYNSQSEYYADSVKGRFTISRDNSKNTVYLQMNSLRAEDTATYYCAQSFNEVWKMPNKFPHYWGQGTQVTVSS
seq9061,EVQLVESGGGLVQPGGSLRLSCAASGFALDYYAIGWFRQAPGKEREGVSCISSSDGITYYVDSVKGRFTISRDNSKNTVYLQMNSLRPEDTAVYYCATDSGGYIDYDCMGLGYDYWGQGTLVTVSS
seq9062,QVQLQESGGGLVQAGGSLRLSCAVSGNTLSRYAMGWFRQTPGKEREFVAAIRWNNGATYYADAVEGRFTISRDNAKNTVYLQMNNLQPEDTAVYYCAGRFLGYASSNAYHEALYNYDYWGQGTQVTVSS
seq9063,EVQLVESGGGFVQAGGSLRLSCIASGDNFSINRMGWYRQALGKQRELVAIITNHGSTNYADAVKGRFTISRDYAKNTVYLQMNGLKPDDTAVYYCNAYISEVGTWRDDYWGQGIQVTVSS
seq9064,EVQLVESGGGSVQAGESLRLSCAASGSIFSSNAMAWYRQAPGKRRDLVAAIQSVGVTKYADSVKGRFTISRDNAKNTVYLQMNSLKPEDTAVYYCTSDPRRGWDTRYWGQGTLVTVSS
seq9065,QVQLQESGGGLVQAGDSLRLSCATSGRTFSRYTMGWFRQTPGKEREFVAAISWSGTYYTDSVKGRFTISVDNAKNTVYLQMNSLKPEDTAVYYCASGSRRLYYSSDIDYWGQGTQVTVSS
seq9066,QVQLQESGGGLVQAGGSLRLSCAASGSMFSRNAMGWYRQAPGKQREWVATISSGGITYYDDSVKGRFTISRDNAKNTVYLQMNSLKPEDTAVYFCNAENRRLGDDYWGQGTQVTVSS
seq9067,QVQLVESGGGLVQPGGSLRLSCAASGFTFSNYWMYWVRVAPGKGLERISRDISTGGGYSYYADSVKGRFTISRDNAKNTLYLQMNSLKPEDTALYYCAKDREAQVDTLDFDYRGQGTQVTVSS
seq9068,EVQLVESGGGLVQPGGSLRLSCAASGFTLDYYNIGWFRQAPGKEREWVSCINSSDGSTYYADSVKGRFTISRDNAKNTVYLQMNSLKPEDTAVYYCAAPFEYYSDLCGVNGYDYWGQGTQVTVSS
seq9069,QVQLVESGGGLVQTGGSLKLSCTASVRTLSYYHVGWFRQAPGKEREFVAGIHRSGESTFYADSVKGRFTISRDNAKNTVHLQMNSLKPEDTAVYYCAQRVRGFFGPLRSTPSWYDYWGQGTQVTVSI
seq9070,EVQLVESGGGLVQPGGSLRLSCAASGQLANFASYAMGWFRQAPGKEREFVAAITRSGSSTVYADSVKGRFTISADNSKNTAYLQMNSLKPEDTAVYYCATTMNPNPRWGQGTLVTVSS
seq9071,EVQLVESGGGLVQAGGSLRLSCAASGFTFDDHAIGWFRQAPGKEREVISCISSSDGSAYYPDSVKGRFTVSSDNAKNTVYLQMNSLKPEDTAVYYCAAARDGYCGYYYTPSGIKYWGKGTQVTVSS
seq9072,QVQLQESGGGSVQAGRSLRLSCAVSRYSASNNVIKWMGWFRQAPGKEREGVAALYTSGGNTYYADSVKGRFTISRDYSENTVSLQMNNLKPEDTGMYYCAATVGTVLAGPLSARKYNYWGQGTQVTVSS
seq9073,QVRLVESGGGSVQAGGSLRLSCAASGDMNGYKCMGWFRQAPGKEREAVAGIYTGRNTTYYADSVKDLFTISQDNAQNTVFLQMNSLKPEDTAMYYCASYCAVVAEFRGPRLDRYWGYGTQVTVTS
seq9074,VQLVESGGALVQPGGSLRLSCAASGFPVNRYSMRWYRQAPGKEREWVAGMSSAGDRSSYEDSVKGRFTISRDDARNTVYLQMNSLKPEDTAVYYCNVNVGFEYWGQGT
seq9075,EVQLVESGGGLVQPGGSLRLSCAASGRTFVTYGMGWFRQAPGKGREFVSAISWSGSLTSYGDSVKGRFTISRDNAKNTLYLQMNSLRPEDTAVYYCAAALGAVVYTTREPYTYWGQGTLVTVSS
seq9076,QVQLQESGGGLVQPGGSLRLSCVHSGFTFSSRWMYWVRQTPGKGLEWVSGIHTSASIRKYADFVKGRFTISKDNAKNTVYLEMNNLKPEDTAQYYCATDMSGSLRGQGTQVTVSS
seq9077,EVQLVESGGGLVQTGGSLRLSCAASGRTPSIIAMGWFRQTPGKEREFVGEIILSKGFTYYADSVKGRFTISRANAKNTITMYLQMNSLKSEDTAVYYCAARQNWSGNPTRTNEYEYWGQGTLVTVSS
seq9078,DVQLQESGGGLVQPGGSLKLSCAASGFTFGTYDMSWVRQAPGKRPEWVSAINPGGTSTYYADSVKGRFTVSRDNAKDTLYLQMNSLKPEDTAVYYCTPSYASGIDYYPPPRDSWGQGTQVTVSS
seq9079,EVQLQASGGGLVQAGESLTLSCQASGFRFAEYAIGWFRQAPGKEREGVSYISTSDKTTYYSDFAEGRFTVSVGHGENTVYLQMSGLKPEDTAVYYCAAGLYYSDYRTPEYTEYVHWGRGTQVTVSS
seq9080,RLSCAASGSIFSINAMGWYRQAPGKQRELVAAITSGGSTNYVDSVKGRFTISRDNAKNTVYLQMNSLKPEDTAVYYCNADSRSSSGWYSLDYWGQGTLVTVSS
seq9081,EVQLVESGGGLVQPGGSLRLSCAASGFTFSNSDMTYVRQASGKGLEGISSINKGGDITYYADSVKGRFTISRDNAKDTLYLQMNSLKPEDTAVYYCVTGHLVNGIGAGGWGQGTQVTVSS
seq9082,QVQLQESGGGLVQAGDSLRLSCAASGRTSSSFAMGWFRQAPGKEREFVGGITRTGGRTYYVDSVKGRFTISRDNAKNTMSLQMNSLKPEDTAVYYCAARWATATSNSIRVYYNEGQYDYWGQGTQVTVSS
seq9083,EVQLVESGGGVVQPGGSLKLSCVASGTDFSINFIRWYRQAPGKQREFVAGFTATGNSNYADSMKGRFTISRDNTKNAVYLQIDSLKPEDTAVYYCYMLDKWGQGTQVTVSS
seq9084,EVQLVESGGGLVQAGGSLRLSCAASGRTFSSYVMGWFRQAPGKEREFVAAISSGGSITDYGDSVKGRFTISRDNAKNTVNLQMNSLKPEDTAVYYCAAQDGRGILTRANHYDYWGQGTQVTVSS
seq9085,DVQLQESGGGSVQEGGSLRLSCAASEYTAITYCMAWFRQAPGKEREGVAAINRGGGSTYYADSVKGRFTISQDNAKNTVYLLMNSLKPEDTGMYYCAYKQTGDCGIFQFFGNYGQGTQVTVS
seq9086,EVQLVESGGGLVQAGGSLRLSCAASGIIFSINTMGWYRQSPGEQRELVATISSSGSTNYADSVKGRFTISRDHAKNTVYLQMDSLKPEDTAVYYCNAQQTWKSRQTSWGQGTQVTVSS
seq9087,EVQLVESGGGLVQAGGSLRLSCAASGRSLGTYHMAWFRQAPGKEQEFVGDLRPSGGRAGYADYADSVKGRFTIFRDNAKNTVYLQMNSLKLEDTAVYYCAADSHGGISFMEPDEYDYWGQGTQVTVSS
seq9088,QVQLQESGGGLVQAGGFLRFSCTAFGSIFTIGTMGWYRQAPGKQRELVATISSGGTTNYADSVKGRFTISRDNAKNTVYLQMNSVKPEDTAVYYCTCGWTIGITGPGGNWGQGTQVTVSS
seq9089,DVQLVESGGGLVQPGGSLRLSCAASGRTFSSYAMGWFRQAPGKEREFVAAISWSGGSTYYADSVKGRFTISRDNSKNTVYLQMNSLRPEDTAVYYCTAALAVYGPNRYRYGPVGEYNYWGQGTLVTVSS
seq9090,QVQLVESGGGLVQAGDSLRLSCAASGRALSFNTYAMAWFRQAPGKEREFVASITYNGGSTYYADSVKGRFTVTRDNGKDTVTLRMNSLKPDDTAVYYCASAQYWRSGTSFPANYWGQGTLVTVSS
seq9091,EVQLVESGGGVVQPGGSLRLSCAASGRIFSLPASGNIFNLLTIAWYRQAPGKQRELVATIESGSRTNYADSVKGRFTISRDNSKKTVYLQMNSLRPEDTALYYCQTSGSGSPNFWGQGTLVTVSS
seq9092,QVQLQESGGGLVQPGGSLRLSCVPSGFTFDGYLIGWFRQAPGSERKAVSCISVNGDRTNYADSVKGRFTISRDNAKNTVYLQMNSLRPNDTAIYYCATRRGNRLYNNNCPYFEYGTWGQGTQVTVSS
seq9093,EVQLVESGGGLVQPGGSLTLSCVASGSTYSMNAMGWYRRAPGKQRELVAGISSDGSQVYVDSVKGRFTISRDNAKNSVYLQMNSLRAEDTAVYYCYYFRTVAGSASGYWGQGTLVTVSS
seq9094,EVQLLESGGGLVLPGGSLRLSCVHSGPTFRTDTMGWFRQAPGKGREFVAAVTWNSGRINYADSVKGRFTISRDNTRNAAYLQMSGLKDEDTAVYYCTAHRFVVGGNRVEDWRYWGQGTLVTVSS
seq9095,QVQLVESGGGLVQAGGSLRLSCVASGRIFSPNDMGWYRQVPGKQRELVAGMSSRGFTQYAESMEGRVTISRNNAENTAYLQMNGLQPDDTAVYYCYLWTEGHNFWGQGTQVTVS
seq9096,QVQLQESGGGLVQPGGSLRLSCAASGSIFSIYAMGWYRQAPGKQRELVASISSGGGTNYADSVKGRFTISGDNAKNTVYLQMNSLKPEDTAVYYCKREDYSAYAPPSGSRGRGTQVTVSS
seq9097,EVQLVESGGGLVQAGGSLGLSCSASGLLFSRNSAGWYRQAPGKQREFVARIRRGGSINYADTVKGRFTISRDNAKNTVYLQMNSLKPEDTAVYYCSSWRTGFYEYWGQGTLVTVSS
seq9098,QVQLQESGGGVVQAGDSLGLSCVASGRTFSSLDMGWFRQAPGKEREFVAGISRSGISQYYADSMKGRFTISRDNAKNLVYLQMNSLKPEDTAVYYCAAALTFRGSDLPRDSNYWGQGTQVTVSS
seq9099,QVQLVESGGGLVQAGDSLRLSCTASGRTFSNSAMAWFRQAPGMEREFLAVISWSGNYTKYADSVKGRFTISRDNAKNTVYLQMNSLKPEDTAVYYCAADTGLGPWYDYWGQGTQVTVSS
seq9100,QVQLQESGGGLVQAGGSLRLSCAASGHTFSSYTMGWFRQAPGKEREFVAFIDWSGGGTYYADSVKGRFTISRDNAENTVYLQMNNLKPEDTAVYYCAAAQRLGSVTDYTKYDYWGQGTQVTVSS
seq9101,DVQLQESGGGLVQPGGSLRLSCAASGFTFSNYWMYWVRQAPGKGLEWVSQIDGGGRKTYYADSLKGRFTISRDNAKNTLYLQMNSLKPEDTAMYYCATDSAGSHRGQGTQVTVSS
seq9102,VQLVESGGGLVQPGGSLTLSCAASGSIDSINTMDWFRQAPGKEREFVAAISLSPTLAYYAESVKGRFTISRDNAKNTVVLQMNSLKPEDTALYYCAADRKSVMSIRPDYWGQGTQVTVSS
seq9103,EVQLVESGGGLVQPGGSLRLSCAASGRTFSYNPMGWFRQAPGKGRELVAAISRTGGSTYYPDSVEGRFTISRDNAKRMVYLQMNSLRAEDTAVYYCAAAGVRAESGRVRTLPSEYTFWGQGTQVTVSS
seq9104,QVQLVETGGLVQAGGSLRLSCAASGSIGRVDNMGWYRQTPGKERERVAIITGGGTAIYADTVKGRFTVSRDNAKNTIYLQMNSVKPEDTAVYFCNADISRSIESIVYRSYWGQGTQVTVSS
seq9105,QVQLQESGGGSVQAGGSLRLSCAASGSTFIFDKMDWYRQTPEKSRELVATLMSRGDPYYLDSVKGRFTITRDNAKNTVYLQMNSLKPEDTAVYVCRGRAGERVYWGQGTQVTVSS
seq9106,EVQLVESGGGLVQPGGSLRLSCAASGFTFSNFAMNWVRQAPGKGLEWVSFINRGGGSTGYADSVKGRFTISRDNAKNTLYLQMNSLKPEDTAVYYCAKFSRSVPPYYGMDYWGKGTLVTVSS
seq9107,VQLVDSGGGLVQAGGSLRLSCVASGSGFGINGVIWYRQAPGKQRELVALIKSDGYTNYRESVKGRFTISRDDAKNTVWLQMNALEPEDTGVYYCKTPGVPFGQGTQVTVSS
seq9108,EVQLVESGGGLVQPGGSLRLSCAASGFTVSNYAMGWFRQAPGKEREFVASVNWSGGTTSYADSVKGRFTISADNSKNTAYLQMNSLKPEDTAVYYCATTGTVTLGYWGQGTLVTVSS
seq9109,EVQLVESGGGLVQPGGSLRLSCAASGGTFGVYHMGWFRQAPGKEREGVAAINMSGDDSAYADSVKGRFTISADNSKNTAYLQMNSLKPEDTAVYYCAILVGPGQVEFDHWGQGTLVTVSS
seq9110,QVQLQDSGGGLVQAGDSLRLSCAASGLTFLEHVMAWFRQTPGKEREFVGAIDWSGRRITYTDSVKGRFTISRDNAKNTVYLQMNTLKPEDTAVYYCAADRTYSYSSTGYYYWGQGTQVTVSS
seq9111,QVQLVESGGGSVQAGGSLRLSCTASGDTDNLYSLSWFRQAPGKEREGVAGIRRGGGNPKYSDSVKGRFTISQDVASNMVYLQMNSLKPEDTAIYYCAARKDAHVWTSLLYPNQYNYWGQGTQVTVSS
seq9112,DVQLLESGGGVVQPGGSLRLSCAASGFTFGNYDMAWVRQAPGKRPEWVSSIDTGGDITHYADSVKGRFTISRDNAKNTLYLQMNSLRPEDTAVYWCATDEEYALGPNEFDYYGQGTLVQVSS
seq9113,EVQLVESGGGLVQPGGSLRLSCAASGFTFGRYAMSWVRQAPGKGPEWVSAISWNSGRIYDAESMKGRFTVSRDNTKNTLYLQMNALKTDDTAVYYCARSTAESNWIPLDWGQGTQVTVSS
seq9114,EVQLVESGGGLVQPGGSLRLSCAASGFAFSNYWMYWIRQAPGKGLEWVSTIKTSGSAAYADFVKGRFTISRDNAKNTLYLQMNNLKPEDTALYYCSRDYAGTVRGQGTQVTVSS
seq9115,QVQLQESGGGSVQPGGSLTLSCVGHGFGVANFGIGWFRQAPGKEREAVSCDSVDDGTIAYADSVKGRFTLFRDNYKNTLYLQMNRLRPEDTAVYFCATTDCDARSWGTWINYRGQGTQVTVSS
seq9116,QVQLQESGGGLVQAGGSLRLSCAASGTISSFIAMGWYRQSPGKQRELVAGITSGGETNYEDSVKGRFTISRDNAKNTLYLQMNTLKPEDTAVYYCNAQVFADIFNLINYWGQGTQVTVSS
seq9117,LSCAASGSIFSINAMGWDLQAPRKQRELVAAITSGGSTNYADSVKGRFTISRDNAKNTVYLQMNSLKPEDTAVYYCNAEKPVLLWFGELLKGTYFDYWGQGTLVTVSS
seq9118,EVQLVESGGGLVQPGGSLRLSCAASGSILSRTDVDWYRQAPGKGREWVAIIAPFGTTNSRDSRFTISRDNAKNIVYLQMNSLEPEDTAVYYCRIYWGGNVYWGQGTQVTVSS
seq9119,EVQLVESGGGLVQAGASLRLSCAASGRTFSSYDMGWFRQAPGKERALVAAITSSGGRRWYADSVLGRFTISRDNAKNTVSLQMSSLRPEDTAVYYCAARGRVDYNYYNKDAYTYWGQGTQVTVSS
seq9120,QVQLQESGGGLVQAGGSLRLSCAASGRVLSINAMGWYRQAPGKRREMVARITNGGSTNYAGSVKGRFTISRENTKNTMYLQMNSLKPEDTAVYYCLAEERPYYGGPLEYWGQGTQVTVSQ
seq9121,AVQLVESGGGLVQAGDSLRLSCVVSGTTFSSAAMGWFRQAPGKEREFVGAIKWSGTSTYYTDSVKGRFTISRDNVKNTVYLQMNNLKPEDTGVYTCAADRDRYRDRMGPMTTTDFRFWGQGTQVTVSS
seq9122,QVQLQESGGGLVQAGGSLRLSCAASGRTFSTYNMGWFRQAPGKEREFVAGISWNGGSIYYTSSVEGRFTISRDNAENTVYLQMNSLKPEDTGVYYCASKGRPYGVPSPRQGDYDYWGQGTQVTVSS
seq9123,EVQLVESGGGLVQAGSSLRLSCALSGRTFSDYAIGWFRQAPGKEREFVAAISGWSGGTTNYADSVKGRFTISRDNGKNTVDLRMNSLKPEDTAVYYCAARPAVVHTRKESYPYWGQGTQVTVSS
seq9124,QVQLQESGGGLVQAGGSLRLSCAASGNISYFLIMGWYRQAPGKEREFVAAITRGSNTYYADSVKGRFTISRDNAKNTVYLQMNSLKPEDTAVYYCAVFSTLQYHYDTGYTAYLTYWGQGTQVTVSS
seq9125,EVQLVESGGGLVQAGDSLRLSCAASGRTFSPYVMGWFRRAPGKEREFVGGINWSGSNTWYTDSVKGRFTISRDNVKNMVYLQMNSLKPEDTAVYYCAAGSGVGMYRYERQYDYWGQGTQVTVSS
seq9126,EVQLVESGGGLVQPGGSLRLSCETSRHTLDHYAIGWFRQAPGKEGEGVACISTSTYYADSVKGRFSISRDNAKNTVYLQMNSLKPEDTAVYYCATTGSGLCTLRAFASWGQGTQVTVSS
seq9127,DVQLQESGGGSVQAGGSLRLSCPASGYTFSHYCMGWLRQAPGKEREEVATIDTDSTPTYADSVMGRFTISRDNANNALYLQMNDLKPEDTSMYYCATWMGLRGSCHDRRLEVRGQGTQVTVS
seq9128,EVQLVESGGGLVQAGGSLRLSCTVSGSTGSINAMGWYRQAPGKQRELVAIIYSSGRIDYADSVKGRFTISRDNAKNTVYLQMNNLQPDDTAAYYCNAANPNTGWQRPHRASWGQGTQVTVSS
seq9129,DVQLVESGGGVVQPGGSLRLSCAASGRTFSSIYAKGWFRQAPGKEREFVAAISRSGRSTSYADSVKGRFTISRDNSKNTVYLQMNSLRPEDTALYYCAAVGGATTVTASEWDYWGQGTLVTVSS
seq9130,QVQLQESGGGLVQPGGSLGLSCAASGFTFGSYAMSWVRQAPGKGPEWVSGINSGDGRITYADSVKGRFTISRDNTKNTLYLQMNSLKPEDTAVYYCATGIRTPIIWGQGTQVTVSS
seq9131,EVQLVESGGGLVQAGGSLGLSCSASGLLFSRNIAGWYRPAPGKQREFVARIRMGGSINYGDSVKGRFNGSRDIAKNTMYLQMDDLKPEDTAICFCSSGREGFYEYWGQGTQVTVSS
seq9132,EVQLLESGGGVVQPGGSLRLSCAASGRIFSLPASGNIFNLLTIAWYRQAPGKGRELVATINSGSRTYYADSVKGRFTISRDNSKKTVYLQMNSLRPEDTAVYYCQTSGSGSPNFWGQGTLVTVQS
seq9133,EMQLVESGGDVVQAGGSLRLSCLASGFTFDDYAIGWFRQAPGKEREGISCISSTGNVFYADSVKGRFTISSDKEKNTLYLQMNSLKPEDTAVYHCAAGHFTVDSGKVLLRTDISSWGQGTQVTVSS
seq9134,VQLQQSGGGLVQAGDSLRISCAASLFTFSTSTMGWFRQAPGKEREFVAAIRSTGDSMYYADSVQGRFTISRDNAKKMVYLQMNNLKPEDTAVYYCAKGVYGSRRSADFGSWGQGTQVTVSS
seq9135,VQLQESGGGVVQAGDSLKLSCVASGRTFSSLDMGWFRQAPGKEREFVAGISRSGISQYYADSMKGRFTISRDNAKNLVYLQMNSLKPEDTAVYYCAAALTFRGSDLPRDSNYWGQGTQVTVSS
seq9136,EVQLVESGGGLVQPGGSLTLSCAASGSRVSFLSMAWYRQAPGKKRELVAGISADGSTMYIDSVKGRFTISRDNAKNSVYLQMNSLRAEDTAVYYCYAYRWTTRLTYWGQGTLVTVSS
seq9137,EVQLVESGGGLVQPGGSLRLSCAASGGTFSVYHMGWFRQAPGKEREPVAAISWSGGSTAYADSVKGRFTISADNSKNTAYLQMNSLKPEDTAVYYCAAVNTWTSPSFDSWGQGTLVTVSS
seq9138,EVQLVESGGGLVQPGGSLRLSCAASGSIFSINAMGWHRQALGKQRELVAQSSSGGSTYYADSAKGRFTISRDNAKNMVYLQMNSLKPEDTAVYYCNVRTPEVHTIRDYWGQGTQVTVSS
seq9139,QVQLQQSGGGLVQPGGSLRLSCAASGFTLDYYAIGWFRQAPGKEREGVLCISSSGGSTNYADSVKGRFTISRDNAKNTVYLQMNSLKPEDTAVYYCAADDLRCGSNWSSYFRGSWGQGTQVTVSS
seq9140,QVQLQESGGGLVQAGGSLRLSCAVSGNTLSRYAMGWFRQTPGKEREFVAAIRWNNGATYYADSVKGRFTISRDNGKNTVYLQMNNLKPEDTAVYYCAGRFLGYASSNAYHEALYNYDYWGQGTQVTVSS
seq9141,EVQLVESGGGLVQPGGSLRLSCAASGGTFDYSGMGWFRQAPGKEREFVAVVSQSGRTTYYADSVKGLFTITADNSKNTAYLQMNLLKPEDTAVYYCPTATRPGEWDGGQGTLVTVSR
seq9142,EVQLVESGGGSVQAGESLRLSCAASGSIFSSNAMAWYRQAPGKRRDLVAAISSVGVTKYADSVKGRFTISRDNAKNTVYLQMNSLKPEDTAVYYCTSDPRRGWDTRYWGQGTLVTVSS
seq9143,EVQLVESGGGLVQPGRSLTLSCAASTNIFSITPMGWYRQAPGKQRELVAAIHGESTLYADSVKGRFTISRDNAKNSIYLQMNSLRPEDTALYYCNKVPWGRYHPRNVYWGQGTQVTVSS
seq9144,AVQLVESGGGSVQPGESLRLSCLVSGYAATLGWFRQAPGKECELVATISRDGFTKYGDSVKGRFTVSRDNNKNTMYLEMTSLKPDDAGVYYCAHAFLVWGLGDCPDDRAGAWGQGTQVTVSS
seq9145,EVQLVESGGGLVQPGGSLRLSCAASGFTFRNYDMSWVRQAPGKGPEWVSYMNSGGGGTAYADSVKGRFTISRDNAKNTLCLQMNSLKPEDTAVYYCATEKPLGGAWGQGTQVTVSS
seq9146,QVQLQESGGGLVQPGGSLRLSCAASGFSLVYYGIGWFRQAPGKEREGVACISALRDTTYYTDSVKGRFTLSRDNVKNTLSLQMNSLKPEDTGVYYCATTDCDATSRMTYLSYLGQGTQVTVSS
seq9147,QVQLQESGGGLVQPGGSLRLSCAASGFTFSNSAMSWMRQAPGKGVEWVSSINIGGGTTSYADSVAGRFTISRDNAKNTLYLQMNSLKPEDTAVYYCAKGLASTIRGQGTQVTVSS
seq9148,QVQLQESGGGLVQPGGSLRLSCAASGFTLDYYAIGWFRQAPGKEREEVSCISSSDGSTYYADSVKGRFTISRDNAKNTVNLQMNSLKPEDTAVYYCATDGWSSCRHGINEYLYWGQGTQVTVSS
seq9149,EVQLVESGGGLLQAGGSLTLSCAASGRTFNTMGWFRQASWKEREFVASIAWVGGSVFKSDSTKGRFTVSGDNAKNTVRLQMNSLKPEDTAVYYCAARSGGTFDVWGQGTQVTVSS
seq9150,EVQLVESGGGLVTAGGSLRLSCAASGFRFSVYDMGWFRQAPGKEREFVAVIVGSRTTDYADSVKGRFIIFRDNAKNTLYLQMNGLKPDDTAVYYCARRVGTYETVLGYDKWGQGTQVTVSS
seq9151,VQLQESGGGLVQAGGSLRLSCAASGSTLSSYGMGWYRQAPGKQREVVATISATGSISYADSVKGRFTISRDSAKNTMYLQLNSLTPEDTAVYYCNTIYRSTLYWGQGTQVTVSS
seq9152,EVQLVESGGGLVQPGGSLRLSCAASGFTFSGNWMGWFRQAPGKEREWVVGISSGGTPHYADSVKGRFTISADNSKNTAYLQMNSLKPEDTAVYYCAADVWYGSTWRNWGQGTLVTVSS
seq9153,EVQLVESGGGLVQAGGSLRLSCAASGSILDTYAMGWFRQAPGKERELVSGINTSGDTTYYADSVKGRFTISADNAKNTVYLQMNSLKPEDTAVYYCAAVLAGYEYWGQGTQVTVSS
seq9154,DVQLQVSGGGSVQPGGSLRLSCAASGFTFSNYAMYWLRQAPGKGIEWVSRIGPGGSHTEYADSVKGRFTISRDNAKNTLSLQMNSLKPEDTAVYYCAITQQGSGRGQGTQVTVSS
seq9155,LQESGGGLVQAGGSLRLSCAASASIFSIDVMGWYRQAPGKQRELVAQITRGGSTNYAAFVKGRFTISRDNSKKTLYLQMNSLKPEDTAVYYCRAEGIPETLGSRWGQGTQVT
seq9156,QVQLQESGGGLVQPGGSLPLSCEASGFTFSRFGMTWVRWAPGKGVEWVSGISSLGDSTLYADSVKGRFTISRDNAKNTLYLQMNSLKPEDTAVYYCTIGGSLNPGGQGTQVTVSS
seq9157,QVQLQESGPGLVKPSQTLSLTCTVSGGSITTRYYAWSWIRQPPGKGLEWIGVIDYDGDTYYSPSLKSRTSISWDTSKNQFSLKLSSVTAEDTAVYYCARDPDVVTGFHYDYWGQGTQVTVSS
seq9158,LQESGGGLVQPGGSLRLSCVASGTVFSINDLGWYRQAPGKERELVAAITADGTSAYEDSVKGRFIISRDDAKKMVYLQMNSLKPEDTAVYYCNGLRASNAGWEPRFGTWGQGTQVT
seq9159,EVQLVESGGGLVQAGGSLGLSCSASGLLFSRNSAGWYRQAPGKQREFVARIRLGGSINYADTVKGRFTISRDNAKNTVYLQMNSLKPEDTAVYYCSSWRTGFYEYWGQGTLVTVSS
seq9160,QVQLQESGGGLVQAGGSLRLSCAASGRATSGYGMGWFRQVPGKEREFVAAIRWSGVTTYYVDSVKGRFTISRDNAKSTVYLQMNSLKPEDTAVYYCAARPVRVDDISLPVGFDYWGQGTQVTVSS
seq9161,EVQLVESGGGLVQAGGSLRLSCVASGISSSKRNMGWYRQAPGKQRESVATISSGGNKDYTDAVKDRFTISRDTTKNTVYLQMNSLKPEDTAVYYCKIEAGTGWATRRGYTYWGQGTQVTVSS
seq9162,EVQLVESGGGLVQAGGSLRLSCAASGRTISRFTMGWFRQAPGKERDFVAAISWGGGRTNYEDSVKGRFTISRDNAQNTVYLQMNSLKPEDTAVYYCAADTRGPYNSNWAQSSVSYDGWGQGTQVTVSS
seq9163,QVQLQASGGGLVQAGGSLRLSCAASGRTFNSYAWGWFRQAPGKERGFVARISFSGGHTYYSDSVKGRFTISRDNAKNSVYLQMNSLKPEDTAVYYCAADPTPYGLRNERNYHYWGQGTQVTVS
seq9164,QVQLQQSGGGLVQPGGSLRLSCTTSTSLFSITTMGWYRQAPGKQRELVAGIKRGGATNYADSVKGRFTISRDNARNTVFLQMNSLTTEDTAVYYCNAQILAYTGGETNYWGQGTQVTVSS
seq9165,EVQLVESGGGLVQAGGSLRLSCIASGRTFSNYAMGWFRQAPGKEREFVAAISWSGGMTDHADSVKGRFTISRDNAKNTVYLQMNSLKPEDTAVYYCAAAFAGDIPYGSSWYGDPTTYDYWGQGTQVTVSS
seq9166,EVQLVESGGGLVQPGGSLRLSCAASGFTLDYYAIGWFRQAPGKEREGVSCISSRGGSTYYEDSVKGRFTISRDNAKNTVYLQMNSLKPEDTAVYYCAADPIHNCYSGRYYASPDAVYDYWGQGTQVTVSS
seq9167,QVQLVESGGGSVQAGGSLRLSCVASGYSSGSCRMGWYRQAPGKERELVSKVISDGTTVYADSVKGRFTLSQGNAKNTVYLQMSSLLPEDTAMYYCNAWCREYPGGILNNGWGQGTQVTVSS
seq9168,EVQLVKSGGGLVQAGGSLRLSCAASGRTFSNYAMGWFRQAPGKEREFVAAISWSGGSTLYADSVKGRFTISRDNAKNTVYLQMNSLKPEDTAIYYCAAGNGGRTYGHSRARYDYWGQGTQVTVSS
seq9169,QVQLQESGGGLVQAGGPLRLSCAASGSIFSLNDMGWYRQAPGKQRELVAAITSGGSTNYADSVKGRFTISRDNAKNTVYLQMNSLKPEDTAVYYCNAVVAGTFSTYDYWGQGTQVTVSS
seq9170,EVQLVESGGGPVQAGGSLRLSCANSGRTYRGYSMAWFRQSPGKEREFVAAITWSEGNAYYEDFVKGRFTISRDNAKNTLYLQMTNLKPEDTALYYCAAKTRPYIFKIAGQYDYWGQGTQVTVSS
seq9171,EVQLVESGGGLVQAGGSLRLSCAASGNIFSRYIMGWFRQAPGKEREWVAGISSGGTTKYADSVKGRFTISADNAKNTVYLQMNSLKPEDTAVYYCAQGWKIVPTNWGQGTQVTVSS
seq9172,QVQLQESGGGLVQPGGSLRLSCAASGFTFSTYWMYWVRQAPGKGLEWVSAISTEGGSTRYAGSVKGRFTISRDNAKSTLYLQMDSLKSEDTAVYYCSKGTGPFTDIRSTGSRGKGTQVTVSS
seq9173,QVQLQQSGGGLVQPGGSLRLSCAASGSIFSINAMGWYRQAPGEQRVSVATISLCGSTNYADSVKGRFAISRDNAKNTVYVQMNSLKPEDTAVYLCHARAKPRLLGVVQNRGEYDYWGQGTQVTVSS
seq9174,QVQLVESGGGLVQAGGSLRLSCAASGRTFSSYAMGWFRQAPGKEREFVAAITWRGASTYYADPVKGRFTISRDNAKNTVYLQMSSLKPEDTAVYYCAAEEPSYYSGSYYYMMGDSYNYWGQGTQVTVSG
seq9175,EVQLVESGGGLVQPGGSLRLSCAASGSTFSTYAMGWFRQAPGKERELVAAISWSSGTTYYADSVKGRFTISADNSKNTAYLQMNSLKPEDTAVYYCAAVLVTSDGVSEYNYWGQGTLVTVSS
seq9176,QVQLVESGGGVVQPGGSLRLSCAASGSTFSIRAMRWYRQAPGKERELVAVIYGSSTYYADAVKGRFTISRDNSKNTLYLQMNSLRAEDTAVYYCNADTIGTARDYWGQGTLVTVSS
seq9177,QVQLQESGGGLVQAGGSLRLSCAASGRTFSSYAMGWFRQAPGKEREFVAGITWTTSSTTYADTVKGRFAVSRDTAENTGYLQMNSLKPEDTAVYHCAASRGTNSVNWYQYHDYYNWGQGTQVTVSS
seq9178,EVQLVESGGGLVQPGGSLRLSCAASGSTLDYYAIGWYRQAPGKEREWVSCISSSNYGITTYADSVKGRFTISRDNAKNTVYLQMNSLKPEDTAIYYCATNTRRKYGRLCDLNADYWGQGTQVTVSS
seq9179,EVQLVESRGGLVQPGGSLRLSCAASGRAFNNYTMGWFRQAPGKDREFVAAISRSGNLKAYADSVNGRFTISRDNAKKMAYLQMNSLKPEDTSVYYCTAAPVPWGTRPSLFTYDSWGQGTQVTVSS
seq9180,VQLQESGGGLVQAGGSLRLSCAASGFTFSSSSMGWYRQAPGKQRELVASIMRYGTTTYTDSVKGRFTISRDNGQRTVYLQMNSLKPEDTAVYYCNVRSFVRTYWGQGTLVTVSS
seq9181,QVQLQESGGGLVQPGGSLRLSCAASRSILSISAMGWYRQGPGKQREPVATITSAGSSNYSDSVKGRFTISRDNAKNTAYLQMNSLKPEDTAVYYCKTVYSRPLLGPLEVWGQGTQVTVSS
seq9182,EVQLVESGGGLVQPGGSLRLSCAASGFTFSSYWMGWFRQAPGKEREFVATINWSGVTAYADSVKGRFTISADNSKNTAYLQMNSLKPEDTAVYYCARADDYFDYWGQGTLVTVSS
seq9183,EVQLVESGGGVVQPGGSLRLSCAASGRTYYLNAMGWFRQAPGKEREFVAAIDWSEGNKDYADSVKGRFTISRDNSKNTVYLQMNSLRPEDTAVYYCAADTPPWGPLIYIESYDSWGQGTLVKVSS
seq9184,QVQLQESGGGLVQTGGSLRLSCAASGSIFSINSMGWYRQAPGKQRELVAAITSQGRSTYADSAKGRFTISLGNARNTVNLQMSSLKTEDTAVYYCTIWARDRQQYWGQGTQVTVSS
seq9185,EVQLVESGGGLVQPGGSLRLSCAASGGSLSNYVLGWFRQAPGKEREFVAAINWRGDITIGPPNVEGRFTISRDNAKNTGYLQMNSLRPDDTAVYYCGAGTPLNPGAYIYDWSYDYWGRGTLVTVSS
seq9186,QVQLQESGGGLVQAGDSLRLSCAASGRTASMGWFRQAPGTQREFVATITRSSIYTDYSDSVKGRFAISRDNAKNTVYLQMNSLKPEDTAVYYCAADSTMSGSSRYSSDYAYWGQGTQVTVSS
seq9187,QVKLEESGGGLVQAGGSLRLSCAASGRIFSIYDMGWFRQAPGKEREFVSGIRWSGGTSYADSVKGRFTISKDNAKNTIYLQMNNLKAEDTAVYYCGSRGYWGQGTLVTVSS
seq9188,VQLVESGGGLVQSGGSLRLSCAASGSIDSLYHMGWYRQAPGKERELVARVQDGGSTAYKDSVKGRFTISRDFSRSTMYLQMNSLKPEDTAIYYCAAKSTISTPLSWGQGTQVTVSS
seq9189,EVQLVESGGGLVQPGGSLRLSCAASGPTFSSYVMGWFRQAPGKEREFVAAISWSQYNTKYADSVKGRFTISADNSKNTAYLQMNSLKPEDTAVYYCAAASRSGSGYDWGQGTLVTVSS
seq9190,VQLQQSGGGLVQAGGSLRLSCAASGSTFSITYMAWFRQAPEKQRELVAEMSRRGSTFYADSVKGRFTISRDNTKNTVYLQMNSLEPEDTAVYYCSVGARRDEDDYVYWGQGTQVTVSS
seq9191,QVQLQESGGGLVQAGGSLRLSCAASGSIFSINVMAWYRQAPGQQREWVAIVTSSGTTNYADSVKGRFTISRDYAKKTVYLQMNSLKPEDTAVYNCDANINSRVGRISARGQGTQVTVSS
seq9192,DVQLQASGGGLVQAGGSLRLSCSASGLTFSNYAMGWFRQAPGKEREFVAAISWTNGGSTVYADPVKGRFTISRDNAKNTVYLEMNSLKPEDTAVYYCAAANQRIGYIEYYSGNSGKEYDYWGQGTQVTVAS
seq9193,EVQLVESGGGLVQAGGSLRISCAASGSTFDINAIGWDRQAPGKQRELVAIINSGDTTNYADSVKGRFAISRANAKNTVYLQMISLKPEDTAVYYCYAKDIISIYWGQGTQDTVSS
seq9194,DVQLQASGGGLVQAGGSLRLSCVASGLTFSLYKMGWFRQGPGKAREFVATITTSGGITHYADSVKGRFTIFRDNAKNMVYLQMNSLNAEDTAIYFCASGAPTTSGYKYWGQGTQVTVSS
seq9195,EVQLLESGGGLVQPGGSLRLSCAVSGDTFSVYGMGWFRQAPGMGREFVSGISWNAGITAYTDTLKGRFTISRDRAKNTMYLQMNSLQPEDTAVYYCAADVTRHYIATRSKVDASMYDYWGQGTLVTVSS
seq9196,EVQLVESGGGLVQAGGSLRLSCESSISTFSSDAMGWFRQAPGKGREFLAAIGWSGAVTHYSDSVKGRFTISRDNAKNTVYLQMNSLRAEDTGRYYCAEDYDTDVWQYWGQGTQVTVSS
seq9197,EVQLVESGGGLVQAGGSLRLSCAASESISSFNAMGWYRQGPGKLRELVAQITDLHKDYAESAKGRFTISRDNAKNTVDLQMNSLKPEDTGVYYCAAFRGIMRPDYWGQGTQVTVSS
seq9198,EVQLVESGGGLVQAGGSLTLSCAASGRTFSSYHMGWFRQAPGKEREYVAAISWSGHMTYYKDSAKGRFTISRDNAKNTVYLQMNNLKPEDTAVYYCAARNRDYWSDFDVPGRYAYWGQGTQVTVSS
seq9199,VQLVESGGGLVQPGGSLRLHCAASGSIASIYRTCWYRQGTGKQRELVAAITSGGNTYYADSVKGRFTISRDNAKNTIDLQMNSLKPEDTAVYYCNADEAGIGGFNDYWGQGTQVTVSS
seq9200,QVQLQESGGGLVQAGGSLRLSCAASGRPFSNYAMGWFRQAPGKEREFVAAISRILGNTYYTDSVKGRFAISRDNAKNTVYLQMNSLKLEDSAVYYCAAREDFNPSFSRSDYDYWGQGTRVTVSS
seq9201,QVQLAESGGGSVQTGGSLRLSCAASGNTGSRRYVAWFRQAPGKEREGVARLITDSGSTYYADSVKGRFIISQDNAKNTVYLQMNTLKPEDTAMYYCAEELAPARSGGIWFGGRYFSYWGQGTQVTVSS
seq9202,EVQLVESGGGLVQAGGSLSLSCTASGGTFRNYGMGWFRQAQGKEREFVAAISRSGGRTYYSDSVKGRFTISKNNAKNIMSLQMNSLKPEDTAVYYCAARFRFDDGTYYYQRAFYDFWGQGTQVTVSS
seq9203,QVQLVESGGGSVQAGGSLRLSCAPSGGPTCSHQMEWYRQAPGKEREFLSGIELDGRTMYQDSVKGRFAISHDNLKSTVFLQMNSLKPEDTAKYYCKLTARRCGFTTTWLELWGQGILVNVSS
seq9204,EVQLVESGGGLVQAGGSLRLSCATSGSIASFNAMAWHRQAPGNQRELVAAIHISGNTNYADSVKGRFTISRDNGKNTVYLQMNSLRPEDTAVYYCNAIEVRTGLSPRGHWGQGTQVTVSS
seq9205,VQLVESGGGVVQPGGSLRLSCAASGLTLSQYTMGWFRQAPGKERELVAAIHWTSSVTDYADSVYGRFTISRDDSKNTGYLQMNSLRAEDTAVYYCAATHYYTHRGPFDYWGQG
seq9206,EVQLVESGGGLVQAGGSLRLSCVASGSTFGNAMAWYRQAPGKQREFVAHINSLGGTNYADSVRGRFTISRDNSKNTLYLQIDSLKPEDTAVYFCNWPRYNYWGQGTQVTVSS
seq9207,QVQLVESGGGSVQSGGSLRLSCAASGFTYGAYAMSWFRQAPGKEREGVACIDIYGRTSYTDPVKGRFTISQDNAKNTLYLQMNSLKPEDTAMYYCAARDFGYCTASWVHEGFSRYWGQGTQVTVSS
seq9208,QVQLQESGGGLVQAGGSLRLSCAASGFTFDDYAIGWFRQAPGKELEGVSMINSGGGSTYYADSVKGRFTISSDNAKNTVYLQMNSLKPEDTAVYYCAADQNARLFRLWVVTGTGPVDNALDAWGQGTLVTVSS
seq9209,EVQLVESGGDLVQPGGSLRLSCAASGDVHKINFLGWYRQAPGKEREMVAHITIADATDYAEFAKGRFTISRDEPKNMVYLQMNSLKPVDTAVYLCRAGSRIYPYNYWGQGTLVTVSS
seq9210,EVQLVESGGGLVQAGGSLRLSCAASGPTFSADTMGWFRQAPGKEREFVATIPWSGGIAYYSDSVKGRFTMSRDNAKNTVDLQMNSLKPEDTALYYCAGSSRIYIYSDSLSERSYDYWGQGTQVTVSS
seq9211,EVQLVESGGGLVQAGGSLRLSCVASGSTSSINAMGWYRQTPGKQREFLAVIENIGNTRYADSVLGRFTISRDNAKNTVYLQMNSLKPEDTAVYYCNANARTTPTSISTAWFWGQGTQVTVSS
seq9212,EVQLVESGGGLVQAGGSLRLSCAASGSIASIHATVCWFRQAPGKEREFVAVITWSGGITYYADSVKGRFTISRDNAKNTVYLQMNSLKPEDTALYYCAGDKHQSSWYDYWGQGTLVKVSS
seq9213,DVQLVESGGGLVQPGGSLRLSCAASGGSLSNYVLGWFRQAPGKEREFVAAINWRGDITIGPPNVEGRFTISRDNAKNTGYLQMNSLRPEDTAVYYCGAGTPLNPGAYIYDWSYDYWGQGTLVTVSS
seq9214,EVQLVESGGGLVQPGGSLRLSCAASGFTFGSYDMSWVRRSPGKGPEWVSAINSGGGSTFYTDYVKGRFTISRDNAKNTLYLQMNSLKPEDTAVYYCAADRYIWARQGEYWGAYQYDYWGQGTQVTVSS
seq9215,EVQLVESGGGLVRAGGSLSLSCTSSSGTFRNFAMGWFRQAQGKEREFVATISRSGGHTYYSDSVKGRFTISRDNAKNLVSLQMSSLKPEDTAVYYCAARFRFDDDTYYYQRAFYDFWGQGTQVTVSS
seq9216,EVQLVESGGGLVQPGGSLRLSCAASGFTLDYYNIGWFRQAPGKEREGVSCITSSNGSTYYTDSVKGRFTISRDNAKNTVYLQMNSLKPEDTAVYYCAAPFAHYSDLCGVNGYDYWGQGTQVTVSS
seq9217,EVQLVESGGGLVQPGGSLRLSCAASGLTFSAMGWFRQAPGKEREFVALIRRDGSTIYADSVKGRFTISADNSKNTAYLQMNSLKPEDTAVYYCAALGILFGYDAFDIWGQGTLVTVSS
seq9218,EVQLVESGGGLVQAGGSLRLSCAASGSTFSTTIMRWFRQVSGRQRELVAAIHTGGSANYVDSVKGRFTISRDNAKNTVYLQMNSLKPEDTAVYYCNAFKMVPPLNYWGQGTQVTVSS
seq9219,EVQLVESGGGLVQPGGSLRLSCAASGRAFSDYAMAWFRQAPGQEREFVAGIGWSGGDTLYADSVRGRFTISRDNSKNTLYLQMNSLRPEDTAVYYCAARQGQYIYSSMRSDSYDYWGQGTLVTVSS
seq9220,EVQLVESGGGLVQPGGSLTLSCVASGSPSSINAYGWYRRAPGKQRELVAGISSDGSKVYSDSVKGRFTISRDNAKNSVYLQMNSLRAEDTAVYYCYYFRTVSGSSYSYWGQGTLVTVSS
seq9221,EVQLVESGGGLVQPGGSLRLSCAASGRTFGDYIMGWFRQAPGKEREFVAAINWSAGYTAYADSVKGRFTISADNSKNTAYLQMNSLKPEDTAVYYCATEPPLSCWHFDLWGQGTLVTVSS
seq9222,EVQLVESGGGLVQAGGSLRLSCAASGLTFSSPAMAWFRQVPGKEREFVATIRRSSAWTDYADSVKGRFTISRDRPTNTAYLQMSSLKPEDTAVYYCAADKISRGIDPNWTYWGRGTQVTVSS
seq9223,VQLVESGGGLVQPGGSLRLSCAASGSTFGDSDMGWYRQAPGKGCELVSIISSDGRTYYVDSVKGRFTISQDNAKNTLYLQMNSLRPEDTAVYYCAADLRQYCRDGRCCGYWGQGTLV
seq9224,EVQLVESGGGLVQAGGSLRLSCVISASTVRNYDMGWFRQAPGKEREFVAAIDWSGGSTRYADSVKGRFTVSRDNAKNTVYLQMNSLKPEDTAVYYCVAAGFYNNYLRTAPNDWNYWGQGTLVTVSS
seq9225,QVQLQESGGGLVQPGGSLRLSCAASGNIFSINTMGWYRQAPGKQRELVASITTGGTTNYEDSVKGRFTISRDNAKKTVYLQMNRLKPEDTAVYYCNHRRSYSGRDYPVYGMDYWGKGT
seq9226,EVQLVESGGGVVQPGRSLRLSCAASGRTITTITMGWFRQAPGKGREFVASHSWTDNNPYYADSVKGRFTISRDNAKNTLYLQMNSLRPEDTAVYYCAATARRSFVGRQWYTEARQYDYWGQGTLVTVSS
seq9227,EVQLVESGGGLVQAGGSLRLSCTASGRTFSDYDMGWFRQAPGKERECVAIIDTNGDNTLIVGSVKGRFAISSDNAKNTVYLQMNSLLPEDTAVYTCAAGVWSSLRHTAANYWGQGTQVTVSS
seq9228,EVQLVESGGGLVQAGGSLRLSCAASGRTFNNNDMGWFRQAPGKEREFVAVIKLGGATTYDDYSEGRFTISADNAKNTVYLQMNSLKPEDTAVYYCATWDARHVWGQGTQVTVSS
seq9229,QVQLSERGGGLVQAGDSLRLSCAASGRMFSSYAVGWFRQAPGKEREYVAAISYNGGATYYLNSVEGRFTISRDNAKNMVYLQMNSLKPEDTAIYTCAARGGHWYSIHDPSNFRAWGQGTQVTVSS
seq9230,QVQLQESGGGLVQAGGSLRLSCAASGSTGSINAMGWYRQGPGKQRDLVASISSGGATNYADSVKGRFTISRDNSKNTVYLQMSSLKPEDTAVYYCNAKKSRWSWSIVHDYWGQGTQVTVSS
seq9231,QVQLQDSGGGLVQAGGSLRLSCAASGSIYSINVMGWFRQAPGKQRELVASITNDGSTNYADSVKGRFTISRDNAKNTVYLQMNSLKPEDTAIYYCNAHITTWASDRGYGRWGQGTQVTVSS
seq9232,EVQLVESGGGLVQPGGSMRPSCTGSGFTLDDYAIGWFRQAPGKEREGVSCISSTDSRTYYPDSVEGRFTISRDNAKNTVYLQMNSLKPEDTAVYYCATDVLECNYPGGTYYPLAFGSWGQGTQVTVSS
seq9233,EVQLVESGGGLVRAGGSLRLSCAASGRTFSSYGMGWFRHAPGKEREFVAGISWTLGRTYYADSVKGRFTISGDNAKNTVYLQMNSLKPEDTAVYYCASDESDAANYWGQGTQVTVSS
seq9234,DVQLQASGGGSVQAGGSLRLSCAASGYTIGPYCMGWFRQAPGKEREGVAAINMGGGITYYADSVKGRFTISQDNAKNTVYLLMNSLEPEDTAIYYCAADSTIYASYYECGHGLSDSWGQGTQVTVSS
seq9235,QVQLQESGGGLVQPGGSLRLSCAAFGFTLDQHAIGWFRQSPGNEREAVSCINANDGAIYYADSVKGRFTLSRDNDKNTVDLQMNSLKSDDTGVYYCAANSGRYCARIGYDYWGQGTQVTVSS
seq9236,QVQLQESGGGLVQPGGSLGLSCAASGSLLNIYAMGWYRQAPGRQRELVATVTSSGTAEYADSVKGRFTISRDNAKNTVYLQMNSLRPEDTGVYYCNAHLRYGDYVRGPPEYNYWGQGTQVTVSS
seq9237,EVQLVESGGGLVQAGGSLRLSCAASGGTFRSYVMGWFRQAPGKEREWVATINSSGSRTYYADSVKGRFTISADNAKNTVYLQMNSLKPEDTAVYYCAARPNYRDYEYWGQGTQVTVSS
seq9238,SGPGLVKSSQTLSLTCTVSGGSITTIYHYWSWIRQPPGKGLEWMGAIHSSGSTYDSPSLKSRTSFSRDTSKNQFILQLSSVTPEDTAVYYCARGNTWGLRRGVRYDVWGQGTQVTVSS
seq9239,EVQLVESGGDSVQTGGSLRLSCVNSANSYSMAWFRQAPGKEREGVATIYTDYNLAYAADSVKGRFTISQDRAKNTVYLQMNSLKPEDTAMYYCATRLQYGLGLHWSDTAAYDYWGQGTQVTVSS
seq9240,EVQLVESGGGLVQAGGSLSLSCTASGGTFRNYGMGWFRQAQGKEREFVAAISRTGGHTYYSDSVKGRFTISKNNAKNIMSLQMNSLKPEDTAVYYCAARFRFGDGTYYYQRAFYDFWGQGTLVTVSS
seq9241,EVQLVESGGGLVQAGGSLRLSCAASGSIFRINAMGWFRQAPGKEREGVSWITSFDASTYYADSVRGRFTISADNAKNTVYLQMNSLKPEDTAVYYCAAALDGYSGSWGQGTQVTVSS
seq9242,DVQLQASGGGLVQAGGSLRLSCEASGDTFSSYVMAWFRQAPGKEREAVGVISWYGASLYYLDSVKGRFTVSRDNAKTTVYLQMSGLKPEDTAVYYCGADRSRGTSWLPGQYDYWGQGTQVTVSS
seq9243,QVQLQESGGGLVQPGGSLRLSCVASGNIFSISAMGWYRQAPGQQRELVASMTNEGNTNYADSVKGRFTISRDNAKNTVYLQMDSLKPEDTAVYYCNAYYYYNEYDPDSDAMDYWGKGTLVTVSS
seq9244,EVQLVESGGGLVQAGGSLRLSCAASGFTFENYAMGWFRQAPGKEPEGVSCISSSDGSTYYADSVKGRFTISSDNTKNTVYLQMNSLKPEDTAVYYCAAEVPSSCGYYSGNYDYTDDEYDFWGQGTQVTVSS
seq9245,EVQLQESGPGLVKPSQTLSLTCTVSGGSITSRYYAWSWIRQPPGKGLEWIGVIDYDGDTYYSPSLKSRTSISWDTSKNQFSLQLSSVTAEDTAVYYCARDPDVVTGFHYDYWGQGTLVTVSS
seq9246,QVQLQQSGGGLVQAGGSLRLSCAASGRTFSSYAMGWFRQVLGKERELVAAISRSGGSTYYADSVKGRFTISRDNVKNTVYLQMNSLKPEDTAGYYCAASNEGGTWYGSSWYRPSSYEYWGQGTQVTVSS
seq9247,EVQLQESGGGLVQAGGSLRLSCGPSEIITSDKSVGWWRQAPGKQRNLVAGISNVGSTNYAQSVKGRFTISRDNAKNTLFLQMNSLKPEDTAVYYCYARDFENEYWGRGTQVTVKP
seq9248,EVQLVESGGGLVQAGGSLRLSCSASGLLFRVNSAGWYRQAQGKQREFVARIRSGGSTNYADSVKGRFIISRDNAQNTLYLQMNNLSPEDTAAYYCSSWRIDAYEYWGQGTQVTVSS
seq9249,EVQLVESGGGLVQAGGSLRLSCESSISTFSSDAMGWFRQAPGKGREFLAAIGWSGAVTHYSDSVQGRFTISRDNAKNTVYLQMNSLRAEDTGRYYCAEDYDTDVWQYWGQGTQVTVSS
seq9250,VQLVQSGGGLVQAGGSLRLSCAASGRTFSSYAMAWFRQAPGKEREFVAAISWSGANIYVADSVKGRFTISRDNAKDTVYLQMNSLKPEDTAVYYCAVKLGFAPVEERQYDYWGQGTQVTVSS
seq9251,QVQLQESGGGVVQPGGSLTLSCTRTGFTASTNAYGWYRQGPGKKCEWVSYMTIPSGRTTYADAVKGRFAMSRDKAKSTVFLQMNSLKPEDTAVYYCGDVPFSTLPAMCTNDGPWGQGTQVTVSS
seq9252,EVQLVESGGGLVQAGGSLRLSCAGSGRTGSLYSMGWFRQAPGKEREFVAAITWRPSSTYYADSVKGRFTISRDDAKNTVYLQMNSLKPEDTAVYFCAARPRGGLSPTPQAYDYWGQGTQVTVSS
seq9253,AVQLVDSGGGLVQAGGSLRLSCAVSGRTFSMYDMGWFRQAPGKEREFVASIRWSSGNTWYADSMKGRFTISRDNAKNTVYLQMNSLKPEDTAVYYCYANIYYTRRAPEEYWGQGTLVTVSS
seq9254,EVQLLESGGGLVQPGGSLRLSCVHSGPTFRTDTMGWFRQAPGKGREFVAAVTWNSGRINYADSVKGRFTISRDNSKNTVYLQMSSLRPEDTAVYYCAAHRFVVGGNRVEDWRYWGQGTLVTVSS
seq9255,EVQLVESGGGLVQPGGSLRLSCAASRSIGRLDRMGWYRHRPGEPRELVATITGGSSINYGDSVKGRFTISIDNSKNTVYLQMNSLRPEDTAVYYCNFNKYVTSRDTWGQGTLVTVGS
seq9256,EVQLVESGGGLVQPGGSLRLSCAASGSIFRLHTMEWYRRTPETQREWVATITSGGTTNYPDSVKGRFTISRDDTKKTVYLQMNSLKPEDTAVYYCHAVATEDAGFPPSNYWGQGTLVTVSS
seq9257,VQLQESGGGLVQAGGSLRLSCAASGGPVSDNVMAWFRQAPGSQRELVAQITSGGATSYADSVKGRFTISRDNARSTVDLQMNSLKPEDTAVYYCNVALRYWGRGTQVTVSS
seq9258,QVQLQESGGGLVQAGGSLRLSCAASGNISRYVMGWYRQAPGKERELVAGIDVGAITYYADSVKGRFTISRDNAKNTVYLQMNSLKPEDTAVYYCAVWHYLGYVLAYWGQGTQVTVSS
seq9259,QVQLQESGGRLVQAEDSLRLSCAASGRTFVSYDMGWFRQAPGKEREFVAAINWRGYTTDYVDSVKGRFFISRDIAKSTVYLQMNNLKPEDTAVYYCAARQMSGSSRYSPPGRVGYDFWGQGTQVTVSS
seq9260,EVQLVESGGGSVQAGGSLRLSCAASGMITPATLVIWFRQAPGKEREGVLAAIYKNSTYYADSVKGRFTISQDNAKNTVYLQMNSLKPEDTAIYYCAAIRAVIGRHIRPHIYWGQGTQVTVGG
seq9261,EVQLVESGGGLVQPGGSLRLSCAASGSIFSISDMGWFRQAPGKEREHVALIRIKDGSIYYADSVKGRFTISRDNAENTVYLQMNSLRPEDTAVYYCGAKTGTSFVYWGQGTQVTVSS
seq9262,QVQLQESGGGLVQPGGSLRLSCVASGFTFSSPWMYWVRQTPGKGLEWVSGIHTSRSIRKYADFVKGRFTISKDNAKNTVYLEMNNLKPEDTAPYYCATDMSGSLRGQGTQVTVSS
seq9263,DVQLVESGGGVVQPGGSLRLSCAASGSIASIHAMGWFRQAPGKEREFVAVITVSGGITYYADSVKGRFTISRDNSKNTVYLQMNSLRPEDTALYYCAGDKHQSSFYDYWGQGTLVTVSS
seq9264,EVQLVESGGGLVQPGGSLRLSCAASGRMYNSYSMGWFRQAPGKEREFVARISPGGTFYADSVKGRFTISADNSKNTAYLQMNSLKPEDTAVYYCTTSARSGWFWRYFDSWGQGTLVTVSS
seq9265,QVQLVESGGGSVQAGETLRLSCTASGFTFAEADMGWYRQAPGHECELVSTITTEGITSEASSYYADSVRGRFTISRDNAKNMVYLQMNSLKPEDTAVYYCAPDPYAYSTYSDYCSWAQGTQGTQVTVSS
seq9266,EVQLVESGGGEVQPGGSLRLSCAASEIIFSDKTVGWYRQAPGKQRVLVAVISNVDSTNYAESVKGRFTISRDNAKNTLYLQMSSLRAEDTAVYYCYARDFESEYWGQGTLVTVKP
seq9267,DVQLVESGGGLVQPGGSLRLSCAASGSIFRINAMAWYRQAPGKQRELVAEITAGGSTNYADSVKGRFTISRDNSWNTLYLQMNSLRAEDTAVYYCNLDHYTTWDRRSAYWGQGTLVTVSS
seq9268,EVQLVESGGGQVQPGGSLRLSCESSVSIWSFKVMGWFRQVPGKQRELVATITTGGSPDYRDSVKGRFTISRDYDKRTLYLQMNSLKPEDTARYYCAGRLWAHITSSGHDVWGQGTQVTVSS
seq9269,QVQLQESGGGLVQAGGSLRLSCATSGSIFSRDTMAWYRQVPGEQRELVAYITNFGGTNHADSVKGRFTISRDNAKNTVYLQMNSLKPEDTAVYYCAAGLLSLRTHTWEYWGQGTQVTVSS
seq9270,MAESGGGSVQTGGSLRLSCAYTASSVCMAWFRQAPGKEREGVAVTREGLPQTGYADSVKGRFAISQDYAKKTLYLQMSSLKPEDTARYYCAARPTSPCTVDGELLASTYDYWGQGTQVTV
seq9271,EVQLVESGGGLVQAGGSLRLSCAASVSSFSSYTMGTIRTGGSTNYADSVKGGIRWDDENPYYADSVKGRFTISRDNAKNTLYLQMNSLKPEDTANYYCAARLVPPGIPFERTLENMRYWGKGTLVTVSS
seq9272,VQLQESGGGLVQAGGSLRLSCAASGRTFSRYGMGWFRQLPGKQRELVTSITRGGTTTYADSVKGRFTISRDNAKNTVYLQMNSLKPEDTAVYYCNARSIWRDYWGQGTQVTVSS
seq9273,EVQLVESGGGLVQAGGSLRLSCAASGGTFSFYGMGWFRQAPGKEQEFVADIRTSAGRTYYADSVKGRFTISRDNAKNTVYLQMNSLKPEDTATYYCAAEMSGISGWDYWGQGTQVTVSS
seq9274,EVQLVESGPGLVKPSQTLSLTCTVSGGSITASFDAWSWIRQPPGKGLEWMGVIAYDGSTYYSPSLKSRTSISRDTSKNQFSLQLSSVTPEDTAVYYCARKSSWLIGYGMDYWGKGTLVTVSS
seq9275,QVQLQESGGGSVQAGGSLGLSCAASGYIYSAYCMGWFRQAPGKEREGVAAIYLGGGSTYYADSVKGRFTISQDIAKNTLYLQMNSLKPEDTAMYSCAADVIPTETCLGGSWSGPFGYWGQGTQVTVSS
seq9276,EVQLVESGGGLVQPGGSLRLSCAASGRTFSTYTVGWFRQAPGKEREFVAAIRRRGSSTYYSDSVKGRFTISRDNSKNTVYLQMNSLRPEDTAVYYCAADTRTVALLQYRYDYWGQGTLVTVSS
seq9277,EVQLVESGGGLVQPGGSLRLSCAASGRTFSSARMGWFRQAPGKEREFVAAISWSGDNTHYADSVKGRFTISADNSKNTAYLQMNSLKPEDTAVYYCATTENPNPRWGQGTLVTVSS
seq9278,QVQLQEFGGGLVQPGGSLRLSCAASGRTGSSYAMGWFRQAPGKEREFVAAISWSGGSTDYADSVKGRFTISRDNAKNTMYLQMNSLKPEDTAVYYCAVDRNLFKLRVAVQEYTNLGQGTQVTV
seq9279,EVQLLESGGGEVQPGGSLRLSCAASGLTFPNYGMGWFRQAPGKEREFLAVIYWSGGTVYYAESVKGRFTISRDNAKNTLYLQMSSLRAEDTAVYYCAVTIRGAATQTWKYDYWGQGTLVTV
seq9280,EVQLVESGGGLVQAGASLRLSCAASGRTFSNYAMGWFRQAPGKERERVAAISPSAVTTYYADSVKGRFTISRDNAKNTAYLQMVSLKPEDTAVYYCAAQLPGRGSNLGRQASYAYWGQGTQVTVSS
seq9281,QVQLQESGGNLVQAGGSLRLSCAASGNIVGINAMGWYRQAPEKQRELVATITSGGSTNYADSAKGRFTISRDNAKNTVALQMNSLKPEDTAVYYCNANPVRIDTRRVADSWGQGTQVTVSS
seq9282,VQLVESGGGLMQAGGSLRLSCAVSGRTFSTAAMGWFRQAPGKEREFVAAIRWSGGSAYYADSVKGRFTISRDKAKNTVYLQMNSLKYEDTAVYYCAGSRATRSLLSDYATWPYDYWGQGTQVTVSS
seq9283,QVQLQESGGGLVQPGGFLRFSCAASGFTLDDYAIGWFRQAPGKEREGVSCISSGGRTNYADSVKGRFTISRDNAKNTVFLQMNSLNAEDAAVYYCYATAVMDGTSLLTGYWGQGTQVTVSS
seq9284,IRLLVESGGGLVQPGGSLTLSCETFGVSTSDYYYIGWIRQAPGRERERVSCISGRDGTAAYADSVKGRFTISRDNAKNTVYLQMNNLKPEDTADYYCTANLGLRPSDFNRGYKCPYEYDYWGQGTQVTVSS
seq9285,DVQLVESGGDSVQAGGSLQLSCKASGYTYNSRVDIRSMGWFRQYPGKEREGVATINIRNSVTYYADSVKGRFTISQDNAKNTVYLQMNALKPEDTAMYYCALSDRFAAQVPARYGIRPSDYNYWGEGTQVTVSS
seq9286,EVQLVESGGGLVQAGGSLGLSCAASGRTFSRYAMGWFRQAPGKEREFVAAISWSGGSAVYADSVKGRFTISRDNAENTVYLQMNSLKSEDTALYYCAAGNGGSYYGHSRARYDYWGQGTQVTVSS
seq9287,EVQLVESGGGLVQPGGSLRLSCAASGGSFRSYAMAWFRQAPGKEREFVAAMSGTYGSTIYADSVKGRFTISRDNAKNTVYLQMNSLRPEDTAVYYCAGYYSGAYYGTPKTDYTEYDSWGQGTLVTVSS
seq9288,EVQLVESGGGLVQPGGSLTLSCVASGSTSIINAMGWYRRAPGKQRELVAGISSDGSKVYEDSVKGRFTISRDNAKNSVYLQMNSLRAEDTAVYYCYYFRAVSGSSMRYWGQGTLVTVSS
seq9289,EVQLVESGGGLVQTGGSLRLSCVASGSTVRRGASGWYRQAPGKQRELVATLSSGGSTNYVDSVKGRFTISRDNAKNTVYLQMNSLKPEDTAVYYCRRNYNSRDYWGQGTQVTVSS
seq9290,EVQLVESGGGLVQAGGSLRLSCAASGRTFSRYVMSWFRQAPGKEREFVAVINWSGGSTDYSTSVKGRFTIFRDNAKNTVYLETTSLELEDTAVYYCAAGEYYTGASSRYDHWGQGTPVTVSS
seq9291,EVQLVESGGGVVQPGGSLRLSCAASGRTFNNYAMGWFRQAPGKEREFVAAITRSGVRSGVSAIYGDSVKDRFTISRDNAKNTLYLQMNSLRPEDTAVYYCAASAIGSGALRRFEYDYSGQGTLVTVKS
seq9292,EVQLVESGGGLVQAGGSLRLSCKASGGTFNNYAMGWFRRAPGKEREFVAAITRSGVRSGVSAIYGDSVKDRFTISRDNVKNTLYLQMNTLKPEDTAVYTCAASAIGSGALRRFEYDYSGQGTLVTVSS
seq9293,EVQLVESGGGLVQPGGSLTLSCVASGSTSSINAMAWYRRAPGKQRELVAGISSDGSKVYADSVKGRFTISRDNAKNSVYLQMNSLRAEDTAVYYCYYYRTVSGSSMRYWGQGTLVTVSS
seq9294,QVQLQQSGGGLVQAGGSLRLSCAASGRISSNAMAWFRQNPGKERDFVATISWNGGSTDYADSLKGRFTISRDNAKNTVYLQMNSLKPEDTAVYYCAAALGKPRGAKEDARGYDYWGQGTQVTVSS
seq9295,QVQLVESGGGLVQPGGSLRLSCAASGSIESINRMAWYRQAPGKQREFVARISKGGSTNYPDSVKGRFTISRDNSKNTLYLQMNSLRAEDTAVYYCAAGPVWEQFWGQGTLVTVSS
seq9296,EVQLVESGGGLVQAGDSLRLSCAASGRTFSSYAMGWFRQAPGKEREFVAAISWSDGSTYYADSVKGRFTISRDNAKNTVYLQMNSLKPEDTAVYYCAADLTSTNPGSYIYIWAYDYWGQGTQVTVSS
seq9297,EVQLVESGGNLVQAGGSLGLSCAASVSISSIHIMGWYRQAPGKQRDLVATITSGGSTAYADSVKGRFTVSKDNAKNTVYLQMDSLKPEDTSVYYCAAEVRNGVFGKWNHYWGQGTQVTVSS
seq9298,QVQLQESGGGLVQAGGSLRLSCGASGGTNSNYAMGWFRQPPGKKREFVAALSWSGYNTHYADSVKGRFTISRPSARTVDLQMNNVKPEDTAVYYCAARLSGRTAGSRTYYAEGQYDYRGQGTQVTVSS
seq9299,QVQLQESGGGLVQPGGSLRLSCVASVSFFSLKPIAWYRQGVGKQREWVATITKEGSTDYDDSVKGRFTISRDNDKITMYLQMNSLKPEDTAVYYRNSFGYWGQGTQVTVFS
seq9300,QVQLQESGGGLVQVGGSLRLSCADSGSTFSINAMGWYRQAPGKRRDWVAGITSSGVTKYPDSVKGRFTISRDNAKNTVYLQMNSLKPEDTAVYYCNLWPPRASPSGRIYWGQGTQVTVSS
seq9301,QVQLVESGGGSVQAGGSLTLSCAVSGNTYGTNAMGWFRQAPGKEREGVAAILGGGRNTYYADSVKGRFTISQDNAKNTVYLQMNSLKPEDTAMYYCAADTRAAFWNIGPLNSDQYNIWGQGTQVTVSS
seq9302,QVQLQQSGGGLAQAGGSLRLSCAASGRTFNWYTMAWFRQAPGKEREFVAAIRLGSTVYGDSVKARFTISRDNAKSTVSLQMNSLKPEDTALYYCAVGITGDGTIQGGPYQYWGQGTQVTVSS
seq9303,EVQLQESGGGLVQPGGSLRLSCAASGFTFSSYWMYWLRQAPGKGLEWVSSINSGSSSTYYRDSVKGRFTISRDNAKNTLYLQMNSLKSEDTAVYYCAKDPGGYAKGQGTQVTVSS
seq9304,EVQLVESGRGLVQAGGSLRLSCTASGRAFSSTVVGWFRQAPGKERELVTAINWSGARTYYADSVKGRFTISRDNAKNSVYLQMNSLKPEDTAVYSCAAGSDRYARVLTEYEYVWWGQGTQVTVSS
seq9305,EVQLVESGGGLVQPGGSLRLSCAASGSSFRFRAMGWFRQAPGKEREFVAAINRGGKISHYADSVKGRFTISADNSKNTAYLQMNSLKPEDTAVYYCAAYIRPDTYLSRDYRKYDWGQGTLVTVSS
seq9306,EVQLVESGGGLVQPGGSLRLSCAASGFTLDDYVIGWFRQAPGKEREGVSGISSSDGSTYYADSVKGRFTISRDNAKNTVYLQMNSLKPEDTAVYYCAAGMGVLRLWVLSKLSYDYWGQGTQVTVSS
seq9307,VQLQESGGGVVQAGDSLRLSCVASGHTFSSLDMGWFRQAPGKEREFVAGISRSGISQYYADSMKGRFTISRDNAKNLVYLQMNSLKPEDTAVYYCAAALTFRGSDLPRDSNYWGQGTQVTVSS
seq9308,QVQLVESGGGSVQAGGALSLSCAASGYTVRIDYMGWYRQTPGKGREPVATIASNGGTAYADSVEGRFTISQDNAKNSVYLQMNTLKPGDTAMYYCAAGTWPTLTYFGQGTQVTVSS
seq9309,QVQLQESGGGLVQPGGSLRLSCAASGSSASINALGWYRQAPGKQRELVATITSEGTTNYADSVKGRFTISRDNVKNTVYLEMNSLVPEDTAVYYCNADKVLYNSNGHYYTANDYWGQGTQVTVSS
seq9310,EVQLVESGGGLVQAGDSLRLSCAASGATLSSYTMGWFRQAPEKEREFVAGSSRDGRTNYYANSVKGRFTISRDNAKNTVYLQMNSLKPEDTAVYYCAAHTTSGVPVWERSYAYWGQGTQVTVSS
seq9311,SSGSLRLSCAASGRTFSTAAMGWFRQAPGKERDFVAGIYWTVGSTYYADSAKGRFTISRDNAKNTVYLQMDSLKPEDTAVYYCAARRRGFTLAPTRANEYDYWGQGTQVTVSS
seq9312,EVQLVESGGGVVQPGGSLRLSCAASGLTFSSYAMGWFRQAPGKEREFVVSISRGGGYTYYADSVKGRFTISRDNSENTVYLQMNSLRPEDTALYYCAAARYWATGSEYEFDYWGQGTLVTVSS
seq9313,EVQLVESGGGLVQPGGSLTLSCAASGSTFNIKTMAWHRQAPGNQRELVATLTSGGNTNYADSVKGRFTISRDNAKNSVYLQMNSLRAEDTAVYYCGLWNGVGGAYWGQGTLVTVSS
seq9314,QVQLQESGGGLVQAGGSLKLTCAASEHTFSSAAMGWFRQAPGKEREFVAAIRWSGGGTYYAPSLAGRFAISGNHAKNLVYLEMNNLKPEDTAAYYCAAMLRRFFTASYYSTRTSYDYWGQGTQVTVSL
seq9315,QVQLQESGGGLVQAGGSLRVSCAASGRTLSNYAVAWFRQAPGKQREFVAAINWSSGGISYSNAAKGRFALSRDNAKNTVYLQMDSLKPEDTAVYYCAAASSILSGTVDYWGQGTQVTVSS
seq9316,QVQLVEKGGGKVRAGGKLRLRCTASGGSEYSYSTFSLGWFRQAPGQEREAVAAIASMGGLTYYADSVKGRFKIKRDNAKNTVTLRMNNLKPEDTAIYYCAAVRGYFMRLPSSHNFRYWGQGTRVTVSR
seq9317,QVQLAESGGGLVQPGGSLRLSCEASGFHLEHFAVGWFRQAPGKEREGVSCISASGDSTTYADSVKGRSTISKDNAKNAVYLQMDSLRPEDTGDYYCAASHFSVCGKNIRKIEYRYWGQGTPVTVSS
seq9318,EVQLQESGGGLVQPGGSLRLSCTASGVTISALNAMAMGWYRQAPGERRVMVAAVSDRGNAMYRESVQGRFTVTRDFTNKMVSLQMDNLKPEDTAVYYCHVLEDRVDSFHDYWGQGTQVTVSS
seq9319,EVQLVESGGGEVQPGGSLRLSCAASERPFGTYAMGWFRQAPGKERDLVAAVSRGGGASQYAESVKGRFTISRDNAKNTMYLQMSSLRAEDTAVYYCAARSAAYSRSSEVYTGKDEYYYWGQGTLVTVKP
seq9320,EVQLVESGGGLVQPGGSLRLSCAASGRTYDAMGWLRQAPGKEREFVAAISGSGDDTYYADSVKGRFTISRDNSGITMYLQMNSLRPEDTAVYYCATRRGLYYVWDSNDYENWGQGTLVTVSS
seq9321,QVQLQESGGGLVHSGGSLRLSCRVSESLFSLYAMGWYRQALGKQPELIATISGGGEGTGNYADPVKGRFTISRNNANNTVFLQMNSLKPEDTAVYYCNVYGTNLAPWGQGTQVTVSS
seq9322,VQLQESGGGLVQAGGSLRLSCAASGLTFSSYAMGWFHQAPGKEREFVAAINWSGRDTYYADSVKGRFTISRDNRKNTVYLQMNSLKPEDTAVYYCAAAEFFSSGDPLPGMDYWGKGTLVTVSS
seq9323,EVQLVESGGGLVQAGGSLRLSCTASGRTFDNYAMGWFRQAPGKEREFVAAISWSLSRTHYADSVKGRFTISRDNAKNTVLLQMSSLKPEDTAVYYCAAAPRPKWVSVSYFSTTSNYDYWGQGTQVTVSS
seq9324,QVQLVETGGGLVQPGGSLRLSCAASGFTLDYSSIGWFRQAPGKEREGVSCISSSGDSTKYADSVKGRFTTSRDNAKNTVYLQMNSLKPDDTAVYYCAAFRATMCGVFPLSPYGKDDWGKGTLVTVSS
seq9325,EVQLVESGGGLVQAGGSLRLSCTGSDRTFIGYHMGWFRQAPGKEREFVAYISSGGAYSNYADSVKGRFTISRDNAKNTAYLQMNSLKPEDTAVYHCAATDYNKAYAREGRRYDYWGQGTQVTVSS
seq9326,EVQLVESGGGLVQPGGSLTLSCAASGSSVRFLSMAWYRQAPGKKRELVAGISTDGSTDYIDSVKGRFTISRDNAKNSVYLQMNSLRAEDTAVYYCYAYRWTTRYRYWGQGTLVTVSS
seq9327,EVQLVESGGGLVQTGGSLRLSCAASGRAFNNYTMGWFRQAPGKDREFVAAISRSGNLKAYADSVNGRFTTSRDNAKKMAYLQMNSLKPEDTSVYYCTAAPVPWGTRPSLFTYDSWGQGTQVTVSS
seq9328,EVQLVESGGGMVQPGGSLRLSCVVSGASGNIDFVTVGWHRQAPGKHREMVAVITGDGTRNYRDSVKGRFSISRDNAKNTIYLQMNSLKPEDTAVYYCYMSNPISSWGQGTQVTVSS
seq9329,DVQLVESGGGLVQPGGSLKLSCAASGFDFSSHWMYWVRQAPGKELEWLSEINTNGLITHYGDSVKGRFTVSRNNAANKMYLELTRLEPEDTALYYCARNQHGLNKGQGTQVTVSS
seq9330,EVQLVESGGGLVQAGGSLRLSCVVSENIFSRYAMGWFRQAPGKEREFVAGIGANTHYGEFVKGRFTISRDNAKNTIYLQMNSLKPEDTAIYFCARSKNTYISYSSNQYDDWGQGTQVTVSS
seq9331,EVQLVESGGGLVQPGGSLRLSCAASGFTDGIDAMGWFRQAPGKEREFVAAISWSNDITYYADSVKGRFTISADNSKNTAYLQMNSLKPEDTAVYYCAAALSEVWRGSENLREGYDWGQGTLVTVSS
seq9332,QLQLVESGGGLVQVGGSLRLSCVVSGSDISGIAMGWYRQAPGKRREMVADIFSGGSTDYAGSVKGRFTISRDNAKKTSYLQMNNVKPEDTGVYYCRLYGSGDYWGQGTQVTVSS
seq9333,VQLQESGGGSVQAGGSLRLSCTASGFTFDDSDVRWYRQAPGRECKLVSSISSDRSAYYEDSVKGRFTISQDNAKNTVYLQMNSLKPEDTAVYYCAAHPLHYELGTCAALDYWGRGTQVTVSS
seq9334,QVQLQEFGGGLVQPGGFLRFSCAASGNILNIHTANWYRQAPGMQRELVASMRGSSAYNYTDSVKGRFTISKDDAKNTVYLQMNSLKPEDTAVYYCHLFIDTYVDSDSSDLAFYGMDYWGKGTLVTVSS
seq9335,QVQLVESGGGSVQAGGSLTLSCAVSGNTYSTKYMGWFRQAPGKEREGVAAILAGGRNTYYADSVKGRFTISQDNAKNTVYLRMNSLKPEDTAMYYCAADTRAALWYIGPLNSDQYNTWGQGTQVTVSS
seq9336,EVQLVESGGGLVQPGGSLRLSCETSRHTLDHYAIAWFRQAPGKEGEGVACISTSTYYADSVKGRFSISRDNAKNTVYLQMNDLKPEDTALYHCATTGSGYCTLRAFASWGQGTQVTVSS
seq9337,AAQLQASGGGLVQAGGSLRLSCAASGRSFSGSTMEWYRQAPGKERKFVAAIRTISSRTYYVDSVKGRFTISRDSTKNTVYLQLNSLKVEDTAVYYCAARFSGTIGTTSSVDYWGQGTQVTVGG
seq9338,EVQVQESGGGLVQAGTSLRLSCAASGNIFRIDTMGWYRQAPGKQRELVAGISRGGTTTYAHSVKERFTISRDNAKNTMYLQMNSLKSEDTAGYYCNAQAWDPGTFRYLEVWGQGTLVTVSA
seq9339,QVQLQESGGGLVQPGGSLRLSCSASGFSMDYYAIAWFRQAPGKEREEISCITGSDFMVDTYYVASVKGRFTISRDNAKNTAHLQMNSLKPEDTGVYFCAVRSTANTLCPSHYSVMDYWGKGTQVTVSS
seq9340,EVQLVESGGGLVQPGGSLRLSCAASGPTFSIYAMGWFRQAPGKERELVAGISWNGGSTNYADSVKGRFTISADNSKNTAYLQMNSLKPEDTAVYYCALRRRFGGQEWGQGTLVTVSS
seq9341,EVQLVESGGGLVRAGGSLRLSCAASGRGFSTNPMGWFRQSPGKEREFVAAHRWSDGNTYYVDSVKGRFAISRDNAKNTVHLQMNSLKSEDTAVYYCAAGRPWSDFRAPSEYIYSGPGTQVTVSS
seq9342,EVQLVESGGGLVQAGGSLRLSCAASGLTFSSYTMGWFRQAPGQEREFVSAISWNTFTTYYVDSVKDRFTVSRDNAKNTLYLRMNSLKPEDTAVYYCAAAGGSPRQHEPYEYRVWGQGTLVTVSS
seq9343,QVKLEESGGGLVQAGGSLRLSCAASERTFSRYPVAWFRQAPGAEREFVAVISSTGTSTYYADSVKGRFTISRDNAKVTVYLQMNNLKREDTAVYFCAVNSKRMRLQDPNEYDYWGQGTQVTVSS
seq9344,QVQLQESGGGLVQPGGSLRLSCAASGSTFSIAAVAWYRQAPGKRRELVAGISGGGVTNYPDSVKGRFTISRDNAKNTVYLQMSSLKPEDTAVYYCNLWPPRASPGGRVYWGQGTQVTVSS
seq9345,EVQLVESGGGLVQPGGSLRLSCAASGSTVLINAMGWFRQAPGKEREFVAAVRWSDDYTYYADSVKGRFTISADNSKNTAYLQMNSLKPEDTAVYYCAKEGRAGSLDYWGQGTLVTVSS
seq9346,QVQLQESGGGSVQAGGSLRLACVASGGDTRPYITYWMGWYRQAPGKEREGVATIYTGGSGTYYSDSVEGRFTISQDKAQRTVYLQMNDLKPEDTGMYYCAAGNGALPPGRRLSPQNMDTWGPGTQVTVSS
seq9347,DVQLVESGGGVVQPGGSLRLSCAASGLTFSSYAMGWFRQAPGKERERVASISRGGGYTYYADSVKGRFTISRDNSKNTVYLQMNSLRPEDTALYYCAAARYWATGSEYEFDYWGQGTLVTVSS
seq9348,EVQLMESGGGLVQAGGSLRLSCAASGGTFSSYAMGWFRQAPGEERDFVAAIGWSGNSPYYAQFVKGRFTISRDNAKNTVHLQMNSLKPEDTAVYYCAAAHNTMGSDYEGYDYWGQGTQVTVSS
seq9349,QVQLQESGGGSVQTGGSLRLSCAVSRYSASNNVIKWMGWFRQAPGKEREGVAALYTSGGNTYYADSVKGRFTISRDYSENTVSLQMNNLKPEDTGMYYCAATVGTVLAGPLSARKYNYWGQGTQVTVSS
seq9350,QVKLEESGGGLVQAGGSLRLSCAASIRSFSYRNMGWFRQAPGKEREFVAAITWDGGSTRYADSVKGRFTISRDNAKNTVYLQMNSLKPEDTAVYYCAAGFGHTLATSSDEYDYWGQGTQVTVSS
seq9351,EVQLVESGGGLVQAGGSLRLSCAASGNDFSFNSMGWFRQAPGKEREFLASVSWGFGSTYYADSVKGRFTISADNAKNTVYLQMNSLKPEDTAVYYCARAYGNPTWGQGTQVTVSS
seq9352,EVQLVESGGGLVQAGGSLRLSCAASGFTSDDYAIGWFRQAPGKEREGVSYISAEDGSTYNADSVKGRFTISSDNAKNTVYLQMNSLKPEDTGVYYCAAALLGASVRWLSEYDYDYWGQGTQVTVSS
seq9353,EVQLVESGGSLVQPGGSLRLSCAASGFTFDDYAMTWVRQASGKGLEWVSSINWSGTHTDYADSVKGRFTISRNNANNTLYLQMNSLKSEDTAVYYCAKNWGDAGTTWFEKSGSAGQGTQVTVSS
seq9354,EVQLVESGGGLVQAGGSLRLSCAASGSVSAINVMAWYRQAPGKQRELVATISSTGYTDYSDSAKGRFTISRDNKNTVYLQMNSLKPEDTAIYYCRASTLRTGWLMGWGQGTQVTVSS
seq9355,EVQLVESGGGLVQAGGSLRLSCAVSGFTFDDYAIGWFRQAPGKEREGVSCISSSDGSTAYADSVKGRFTISSDNAKNTVYLQMNSLKPEDTAVYYCTAVPATRRTPQMVVANVCWLAEYEYDYWGQGTQVTVSS
seq9356,QVQLQESGGGLVQPGGSLRLSCTASGFTFSGYYMTWVRQAPGKGLEWVSTIFNDGNKTYYTDSVKGRFTISRDNARNTLYLQMNSLKSEDTAVYYCARVSVWRGNGEQRYEYKGQGTQVTVSS
seq9357,LQESGGGLVQTGGSLKLSCAASGRTSSDYSLGWFRQAPGKERQFVAVVNWNGDSTYYGDSVKGRFTISRIMANNTVNLQMNSLKPDDTAVYYCAARRFWDDVWTRMDYWGKGTLVT
seq9358,QVQLMESGGGLVQAGGSLRLSCAASGRTFSSYDMGWYRQAPGKEREFVAAISWSGGSTYYADSVKGRFTISRDNAKNTVYLQMNSLKPEDTAIYYCNADKDSDYDVQYGMDYWGKGTLVTVSS
seq9359,QVQLQESGGGSVQAGETLRLSCTASGFTFDDSDMGWYRQAPGNECELVSTISSDGSTYYADSVKGRFTISQDNAKNTVYLQMNSLKPEDTAVYYCAADKDARGYELGTCESLDYWGRGTQVTVSS
seq9360,EVQLVESGGGLVQAGGPLSLSCTASGGTFRNYGMGWFRQAQGKEREFVAAISRSAGRTYYSDSVKGRFTISKNNAKNIMSLQMNSLKPEDTAVYYCAARFRFDDGTYYYQRAFYDFWGQGTLVTVSS
seq9361,EVQLVESGGGLVQPGGSLRLSCAASGFTLDGYAIGWFRQAPGKEREAISCITTAGTIYYADSVKGRVTISRDNAKNTVYLQMNSLKPEDTAVYLCAADGFDTPCVAGTDWGYDYGGQGTQVTVSS
seq9362,EVQLVESGGGLVQAGGSLRLSCTGSRSIFSTYAMAWHRQAPGKQRELVGFIYWGGTTSYVDSVKGRFTISRDNAKNTMYLQMNSLKPEDAAVYYCNIYGSYALPWGQGTLVTVSS
seq9363,EVQLVESGGGLVQPGGSLRLSCAASGRDFRVKNVGWIRQAPGKQRELVATITVGGSTNYADSAKGRFTISRDNAKNTVYLQMSSLKPEDTAVYYCNAVATVTDYTGTYSDGFWGQGTQVTVSS
seq9364,LQLVESGGGLVQPGGSLRLSCAASGFTFSSHAMSWVRQAPGKGLEWVSAINSGGGSTSYADSVKGRFTISRDNAKNTLYLQMNSLKPEDTAVYYCAKELRFDLARYTDYEAWDYWGQGTQVTVSS
seq9365,QVQLQESGGGSVQTGGSLRLSCAASSSIASNNYMAWFSQAPGKGREGVAAVYIGDGRPYYADSVKGRFTISLDSAKNTVYLQMNSLKPEDTAMYYCAAAPGPLSRNYWYTSANYDYWGQGTQVTVSS
seq9366,EVQLVESGGGLVQAGGSLRLSCAASGLTFSRYTMSWYRQAPGKEREVVAAISSGDSTYHEDSVKGRFIISRDNAKNTVYLQMNSLKTEDTAVYYCRANGPGTYWGQGTQVTVSS
seq9367,EVQLVESGGGLVQAGGSLRLSCAASGNTGNVNAMGWYRQAPGKQRELVAGISSRGTTNYADSVKGRFTISLDSAKITAHLQMNRLKPEDTAVYYCNAGVMGSSGSYYPGEENWGQGTQVTVSS
seq9368,EVQLVESGGGLVQAGGSLRLSCAASGLTFSDYYMGWFRQAPGKERDFLARIGKSGIGKSYADSVRGRFTISRDNAKNTVYLQMNNLKLEDTAVYYCAADRDIAYDARLTAEYDYWGQGTQVTVSS
seq9369,QVQLQESGGGSVQAGETLRLSCTVSGFTFDDADMGWYRQAPGNQCELVSTISSDGITYYADSVKGRFTVSQDNAKNTVYLQMNSLKPEDTAMYYCAAARYSDYEGMCGYWSQGTQVTVSS
seq9370,VQLVESGGGLVQPGGSLRLSAAASGFILDYYAIGWFRQAPGKEREGVLCIDASDDITYYADSVKGRFTISRDNAKNTVYLQMNSLKPEDTGVYYSATPIGLSSSCLLEYDYDYWGQGTLVTVSS
seq9371,EVQLVESGGGLVQTGDSLRLSCEVSGRTFSSYSMGWFRQAQGKEREFVVAISKGGYKYDSVSLEGRFTISKDNAKNTVYLQMNSLRPEDTAVYYCASSRAYGSSRLRLADTYEYWGQGTLVTVSS
seq9372,AVQLVESGGGLVQAGGSRRLSCAASGRTFSDYVMGWFRQAPGQEREFVSAIDWGTGSTYYPDSVKGRFTISRDNAKNTVYLEMNNLKPEDTAVYYCAADKAYYIGGYYKDFRVYDYWGQGIQVTVSS
seq9373,QVQLQESGGGLVQPGGSLTLACKGSGVELSRSAMAWYQQAPGKRRDWVAGITSSGVTQYPDSVKGRFTISRDNAKNTVYLQMNSLKPEDAAVYYCNLWPPRASPSGRIYWGQGTQVTVSS
seq9374,QVQLQESGGGSVQAGGSLRLSCVASEYPSSSTAMAWFRQAPGKEREGVAAINSVRHTTSYADSVKGRFTISKDNADNMMYLEMNSLKPEDTAIYYCAAADAIGLAEYWSTPTLSAARYKYWGQGTQVTVSS
seq9375,EVQLVESGGGPVQSGGSLRLSCANSGRTYRGYSMGWFRQAPGKEREFVAAIVWSDGNSYYEDFVKGRFTISRDSAKNIMYLQMTNLKPEDTAVYYCAAKIRPYIFKIAGQYDYWGQGTLVTVSS
seq9376,QVQLQQSGGGLVQAGGSLRLSCAASGSIFSIDAMGWYRLAPGKQRELVAVIDGVSPNYADSVKGRFTISSDIAKNTVYLQMHSPKPEDTAVYYCNADVSTGWGRPADHYWGQGTQVTVS
seq9377,VQLQESGGGLVQAGGSLRLSCAASGRMFSINSMGWYRQAPGKERELVATISEAGTTTYADSVRGRFTIARDNAKNTVYLQMNSLNPEDTAVYYCNAYIQLDSTIWFRAYWGQGT
seq9378,LQESGGRLVEAGGSLRLSCAVSGGTFSWYAMGWFRQAPGKEREFVATISRGGGSSYYADSVKGRFTISRDNAKNTVYLQMNSLKPEDTAVYYCAAGRGAPSDTGRPDEYDYWGQGTQVT
seq9379,EVQLVESGGGLVQAGGSLRLSCESSISTFSSDAMGWFRQAPGKEREFLAAIGWSGAVTHYSDSVQGRFTISRDNAKNTVYLQMNSLKSEDTGVYYCAEDYDTDVWQYWGQGTQVTVSS
seq9380,EVQLVESGGGLVQAGGSLRLSCAASGSILSSYVMGWFRQAPGKEREFVSAISRSGTSTYYADSVKGRFTISADNAKNTVYLQMNSLKPEDTAVYYCAAVPKTRYDRDYWGQGTQVTVSS
seq9381,VQLQESGGGLVQPGGSLRLSCAASGRISSINSMGWYRQAPGKQRELVAAITNGGAKTYADSVKGRFTISRDGAGNTVYLQMDNLRPEDTAVYYCKAFTRTYDYWGQGTQVTVSS
seq9382,QVQLQESGGGLVQPGGPLRLSCTASGFNIFYYGMGWFRQAPGKEREGVACISALRQSTYYSDSVEGRFTLSRDNAKNTLSLQMNSLKPEDTGVYFCATTDCDAASRMTYTSYRGQGTQVTVSS
seq9383,EVQLVESGGGLVQPGGSLRLTCAASGRTFRSYAMGWFRQAPGKGREFVAAINYSGGSTNYADSVKGRFTISRDNAKNTLYLQMNSLEPEDTAVYYCAAGSGYASLSYYSTERAYTYWGQGTLVTVSS
seq9384,QVQLVESGGGSVQAGGSLTLSCAVSGNTYSTKYMGWFRQAPGKEREGVAAILAGGRDTYYADSVKGRFTISQDNAKNTVYLQMNSLKPEDTAMYYCAADTRAAFWYIGPLNSDQYNIWGQGTQVTVSS
seq9385,QVQLQESGGGLVQAGGSLRLSCAASGYISNYYYMGWYRQAPGKERELVATIGSGGNTYYADSVKGRFTISRDNAKNTVYLQMNSLKPEDTAVYYCAVYGRRISIESRRGVFSYWGQGTQVTVSS
seq9386,EVQLVESGGGLVQPGGSLTLSCAASGFAFGNHWMYWYRQAPGRGRELVASISSGGSTNYVDSVKGRFTISRDNAKNTLYLQMNSLRAEDTAVYYCGTSDNWGQGTLVTVSS
seq9387,EVQLVESGGGQVQPGGSLRLSCESSVSIWSFKVMGWFRQVPGKEREFVATITTGGSPHYSDSVKGRFTISRDYDKRTLYLQMNSLKPEDTAVYYCAGRLWAHITSSGHDVWGQGTQVTVSS
seq9388,VVASGPGLVKPSQTLSLTCTVSGDSITTTFSHWTWIRQSPEKGLEWMGAIGYGGSIYYSPSFKSRTSISRDTSRNQFTLHLSSVTPEDTAVYYCARLPHSSGYAKFGHLDYWGQGTQVTVSS
seq9389,EVQLVESGGGLVQPGGSLRLSCTASGFTFDVYAIGWFRQAPGKEPEGISCISSSGSITYYADSVKGRFTISRDSAKNTVYLQMNSLKPEDTAVYYCATPGIAACRGIHYWGQGTQVTVSS
seq9390,EVQLVESGGGLVQPGGSLRLSCVASGRTFSSYAMGWFRQAPGKEREFVAAISRSGGRTYYADSVKGRFTISRDNSKNTVYLQMNSLRPEDTAVYYCAADRRVYSTLPPTTSRYNYWGQGTLVTVSS
seq9391,QVQLVESGGGSVQPGGSLRLSCAASGFTLSNYAVHWFRQAPGKEREGVSSIAIIDDTYYGESVKGRFTISRDNDANAVYLQMNSLKPEDTAIYYCAADRTDIAFWLQVGGDGGSGRHYDYWGQGTQVTVSS
seq9392,EVQLVESGGGVVQAGGSLRLSCAASGSIASIHAMGWFRQAPGKEREFVAVITWSGGITYYADSVKGRFTISRDNAKNTVYLQMNSLKPEDTAIYYCAGDKHQSSWYDYWGQGTLVQVSS
seq9393,EVQLVESGGGLVQAGGSLRLSCATSGFTFDDYGIAWFRQAPGKEREGLACITRSGYTTYYLDSVKGRFTISSDNAKNTVYLQMNSLNPEDTGVYYCAADEPLIVWNCNGDFGSWGQGTQVTVSS
seq9394,QVQLVESGGGLVQPGGSLRLSCQVSGFTFGDWVMSWFRQAPGKEREFVASITATSSLKYYADSVKGRFTISRDNVNNTLFLQMDRLKSEDTAVYYCRSPNYWGQGTQVTVSA
seq9395,QVQLVESGGGLVQPGGSLRLSCAASGRPFSSYAMGWFRQAPGKEREIVAGLSWSGGNVYYADSVKGRFTISRDNAKNTGDLQMNSLKPEDTAVYYCAIGPKLTTGPTAYRYWGQGTQVTVSS
seq9396,EVQLVESGGGEVQPGGSLRLSCGASEITFSDKTVGWYRQAPGKQRVLVAVISNVDSTNYAESVKGRFTISRDNAKNTVYLQMSSLRAEDTAVYYCHARDFENEYWGQGTLVTVKP
seq9397,EVQLVESGGGLVQPGGSLRLSCAASGRTFSSFPMGWFRQAPGKEREFVAAISWSGSTSYADSVKGRFTISADNSKNTAYLQMNSLKPEDTAVYYSACGRLGFGAWGQGTLVTVSS
seq9398,EVQLVESGGGLVQAGGSLRLSCVASGTISAINTMGWFRQAPGKEREFVAALVKGFSWGSGSTIYADSVKGRFTISRDNAKNTMSLQMNSLKLEDTAIYYCAQGRRSSGRSGSGYEYWGQGTQVTVSS
seq9399,QVQLQESGGGSVRAGDSLRLSCAASGRTVSTSAMAWFRQAPGKERQFVASISWTGDSTNYADSVRGRFTISKEATENTNYLQMNVLKPEDTAVYYCAAGSGIYAYLYTDHRAYEYWGQGTQVSVSS
seq9400,EVQLVESGGGLVQPGGSLRLSCRASGGTFRKLAVAWFRQAPGKEREFVAGITRSAVSTSYTDSVKGRFTISRDNAKDMVYLQMNSLKPEDTALYYCAATRRLHFGNGADYWGKGTPVTVSS
seq9401,QVQLQESGGGVVQPGGSLKLSCAASGSTFRHHAMAWFRQTPGKEREFVSAINDHGDRTKYLDSVRGRFTISRDDTDNMVYLQMSDLRTEDTAVYTCAAGPLVDYLETTPLVYTYWGQGTQVTVSS
seq9402,EVQLVESGGGLVQPGGSLRLSCAASGFIFDDYAMSWVRQAPGKGLEWVSSINWSGTHTDYAEDMKGRFTISRDNAKKTLYLQMNSLQSEDTAVYYCAKGWGPAVTSIPVATLGTQVTVSS
seq9403,QVQLQESGGGLVQAGGSLRLSCAASGRTDTRYTMGWFRQAPGKEREFVSGITWNGGTSYADSVKGRFTISRDNGKNSVYLQMNSLKPEDTAVYYCAADRFTLVPTTSDLDYWGQGTQVTVSS
seq9404,QVQLQESGGGLVQAGGSLRLSCAASGTIFPVDYMGWYRQAPGKERELVAGINYGSNTYYADSVKGRFTISRDNAKNTVYLQMNSLKPEDTAVYYCAAWQPEGYAVDFYHPYWGQGTQVTVSS
seq9405,VQLVESGGGLVQPGGSLRLSCAASGFTFSTSWMYWLRQAPGKGLEWVSVINTDGGTYYADSVKGRFTISRDNSKNTLYLQMNSLRAEDTAVYYCAKDWGGPEPTRGQGTLVTVSS
seq9406,QVQLVESGGGLVQAGGSLRLSCAASGISFAINNVAWYRQAPGKQRDLVALIDKYDTGNIADSVKGRFSISRDNAKNTAYLQMNSLKPEDTAVYYCNALGHWIRAGPYWGQGTQVTVSS
seq9407,EVQLQESGPGLVKPSQTLSLTCTVSGGSITSRYYAWSWIRQPPGKGLEWIGVIDYDGDTYYSPSLKSRTTISWDTSKNQFSLKLSSVTAEDTAVYYCARDPDVVTGFHYDYWGQGTLVTVSS
seq9408,EVQLVESGGGLVQPGGSLRLSCAASGRTLSIYSMGWFRQAPGKEREFVATIGWNSGRTFYPDSVKGRFTISRDNSKNTLYLQMNSLRAEDTAVYYCAAAKGPLRLSSQADYWGQGTLVTVSS
seq9409,QVQLQESGGGLVQAGGSLRLSCAASGSIFSINVAYWYRQAPGKQREWVAGIMSGGTTNYADSVKGRFTISRDNDKNMVYLQMNSLTPADTAVYYCNANVRQNSGHNISAWGQGTQVTVSS
seq9410,EVQLVESGGGLVQPGGSLRLSCAASGRTYDAMGWLRQAPGKEREFVAAISGSGDDTYYADSVKGRFTISKDNSGITMYLQMNSLRPEDTAVYYCATRRGLYYVWDSNDYENWGQGTLVTVSS
seq9411,QVQLQESGGGLVQAGGSLRLSCAVSGNTLSRYAMGWFRQTPGNEREFVAAIRWNNGATYYADAVEGRFTISRDSGKNTVYLQMNNLQPEDTAVYYCAGRFLGYASSNAYHEALYNYDYWGQGTQVTVSS
seq9412,EVQLVESGGGLVQAGGSTRLTCKASGSISNINSINVMAWYRQAPGKQRELVAIIGKGGGTNYADFVKGRFTISRDAAKNTLYLQMNSLKPEDTAVYYCYADYEDHDSPFNASWGQGTQVTVSS
seq9413,QVQLVESGGGSVQVGESLRLSCAASGFPASQYTMAWFRQSPGKEREGIAAINSIDIKTHRTSVVKGRFTISQDNAKNTVYLQTNRLNLDDTGTYYCAAVPRIYSPPLLTPGQYEFWGQGIPVTVSS
seq9414,DVQLVESGGGSVQAGGSLRLSCAASGANGGRSCMGWFRQVPGKEREGVSGISTGGLITYYADSVKGRFTISQDNTKNTLYLQMNSLKPEDTAMYYCATSRFDCYRGSWFNRYMYNSWGQGTLVTVSS
seq9415,EVQLVESGGGLVQAGGSLRLSCAASRRTFSNYVMGWFRQAPGKERESVTAIGRSGTILYADSMKGRITISRDNAKNTVYLQMNSLTPDDTAVYYCAASSGSMQQFWRMEYDYEGQGTQVTVSS
seq9416,LQQSGGGLVQAGGSLRLSCAASGNISSVNFMAWYRQNPGTQRELVAQIPSGGYPVYADSVKGRFTISRDNAKNTLYLQMNGLKPEDTAVYYCYAAARTWFYNYNYWGQGTQVT
seq9417,QVQLQESGGGLVQPGGSLRLSCAASGSTFSIFAVAWYRQAPGKRRELVAGISGGGVTNYPDSVKGRFTISRDNAKNTVYLQMSSLKPEDTAVYYCNLWPPRASPGGRVYWGQGTQVTVSS
seq9418,QVQLVESGGGLVQAGGSLRLSCAAPERTFSSHHMAWFRQAPGMEREFVAGISWSFGTTSYADSVKGRFTISRDNAKGTVYLQMNSLKPEDTAVYYCAAMPTYRGRKYYLADDYNYWGQGTQVTVSS
seq9419,VQLQESGGGLVQAGGSLRLSCTASGRTFSSYTVAWFRQSPGKEREGISCISNTDSSTYYADSVKGRFTISSDNAKSTVHLQMSSLKPEDTAVYYCAADGNVWSPPICGSAGPPPGGMDYWGKGTQVTVSS
seq9420,QVQLQESGGGLVQAGGSLRLSCAASGSIAYIYTMDWYRQAPGKQRELVATSTHDGNTDYADSVKGRFTISRDNAKNTVYLQMNSLKPEDTAVYYCNADLRTPVDLIRANYWGQGTQVTVSS
seq9421,EVQLVESGGGLVQAGGSLRLSCTASGGAFSSTVVGWFRQAPGKEREFVTGINWSGARTYYADSVKGRFTISRDNAKDTAYLEMNSLKPEDTAVYYCASGRDRYARALPDYEYLWWGQGTQVTVSS
seq9422,HVQLVESGGGSVQAGGSLRLSCAASGYTFSNYRMGWFRRAPGKECELVSTILTDGSTNYADSVKGRFTISRDNAKNTVYLLMNNLKAEDTAVYYCAAGNSRKGYLRRCGGTDFGYWGQGTQVTVSS
seq9423,VKLLESGGGSVQAGGSLRLSCNVSGSPSSTYCLGWFRQAPGKEREGVTAINTDGSVIYAADSVKGRFTISQDTAKKTVYLQMNNLQPEDTATYYCAARLTEMGACDARWATLATRTFAYNYWGRGTQVTVSS
seq9424,QVQLQESGGGLVQPGGSLKLSCAASGFTFSINTMGWYRQAPGKQRELVARISRLRVTNYADSVKGRFTISRDNAKNTVYLQMNSLKPEDTAVYYCNAANWGLAGNEYWGQGTQVTVSS
seq9425,VQLQESGGGLVQAGGSLRLSCAASGGFDSRNAMGWYRQAPGKRREWVATITSDGRTNYADSVKARFTISRDNSKNTVYLQMNSLKPEDTAVYYCNAAPPIFGSWGQGTQVTVSS
seq9426,QVQLVESGGGLVQAGGSLRLSCAASGSAVSDSFSTYAISWHRQAPGKQREWIAGISNRGATSYRDSVKGRFTISRDNAKNTVYLQMNNLKPEDTGVYYCEPWPREGLGGGQGTQVTVSS
seq9427,VQLVDSGGGLAQTGGSLRLSCAASQGIFTINAMGWYRQVPGKQRELVAEVSSGGRTDYADSVKGRFTISRDNAKNTVYLQMNSLKPEDTGVYYCRVSGWHVFVGDRIVWGQGTLVTVSS
seq9428,QVQLQESGGGLVQAGGSLRLSCAVSGNTLSRYAMGWFRQTPGKEREFVAAIRWNEGATYYAESVEGRFTISRDSGKNTVYLQMNNLKPEDTAVYYCAGRFLGYASSNAYHEALYNYDYWGQGTQVTVSS
seq9429,EVQLLESGGGLVQPGGSLRLSCAASGRYIDETAVAWFRQAPGKEREFVAGIGGGVDQTYYADSVKGRFTISRDNSKNTLYLQMNSLRPEDTAVYYCAARPGRPLITSKVADLYPYWGQGTLVTVSS
seq9430,VQLQESGGGSVQAGETLRLSCTASGFTFDDSDMGWYRQAPGNECELVSTISSDGRTYYADSVKGRFAISQNNAKNTVYLQMNSLKPEDTAVYYCAADQHRYGLGTCEALDYWGRGTQVTVSS
seq9431,EVQLVESGGGLVQAGGSLRLSCAASGRTFNNYAMGWFRQTPGKEREFVAAISWIIGSTYYADSVKGRFTISRDNAKNTVYLQMNGLKPEDTAVYYCAAEGGYSGTYYYTGDFDSWGQGTQVTVSS
seq9432,VQLQESGGGSVQAGGSLRLSCTASGYTSSMGWFRQAPGKEREGVAAIGIVNAVYADSVKGRFTISKDNAEYTLYLQMNSLKPEDTAMYYCAAVRRLQKKNQLASDEYMYWGQGTQVTVSS
seq9433,EVQLVESGGGVVQPGGSLRLSCAASGLTFSSYAMGWFRQAPGKERERVVSISRGGGYTYYADSVKGRFTISRDNSENTVYLQMNSLRPEDTATYYCAAARYWATGSEYEFDYWGQGTLVTVSS
seq9434,EVQLVESGGGLVQPGGSLRLSCAASGSIFSSNAMAWYRQAPGKRRELVAAINSVGVTKYADSVKGRFTISRDNSKNTVYLQMNSLRPEDTAVYYCTSDPRRGWDTRYWGQGTLVTVSS
seq9435,QVQLQESGGGLVQAGGSLRLSCTASGRTFSSYAMGWFRQAPGKQREFVALITSSTSSTYTAPSVRGRFTISRDNPKNSVYLDLNPLNAEDTAVYYCAAGTTMSKIASGQPDYWGQGTQVTVSS
seq9436,EVQLVESGGGLVQAGGSLRLSCAASGRTFSNYAMGWFRQAPGKERDFVAAISWSGGSTVYADSVKGRFTISRDNAKNTVYLQMNSLKPEDTAVYYCAAGNGGSYYGHSRARYDYWGQGTQVTVSS
seq9437,VQLQESGGGSVQAGGSLRLSCTASGFTFDDSDMVWYRQAPGNECELVSRISSDGSTYYADSVKGRFTISQDNAKNTVYLQMNSLKPEDTAVYYCAALEWEYELGTCEALDYWGQGTQVTVSS
seq9438,EVQLVESGGGVVQPGGSLRLSCAASGGTFSFYGMGWFRQAPGKEREFVADIRTSAGRTYYADSVKGRFTISRDNSKNTVYLQMNSLRPEDTALYYCAAEPSGISGWDYWGQGTLVTVSS
seq9439,QVQLQESGGGLVQAGGSLKLTCAASEHTFSSAAMGWFRQAPGKEREFVAAIRWSGGGTYYAPSLAGRFAISGNHAKNLVYLEMNNLKPEDTAAYYCAAMLRRFFTASYYSTTMSYDYWGQGTQVTVSL
seq9440,LQESGGGLVQAGGSLRLSCAASGRSDSTDTMTWFRQAPGKEREFVASVSWIANTYYADSVKGRFTASRDYTKNTVYLQMNNLTPEDTAVYYCAAADHGSRWWRQVADITTYDYWGQGTQVT
seq9441,VQLVESGGGLVQPGGSLRLSCAASGKMSSRRCMAWFRQAPGKERERVAKLLTTSGSTYLADSVKGRFTISRDNSKNTVYLQMNSLRAEDTAVYYCAADSFEDPTCTLVTSSGAFQYWGQGTLV
seq9442,EVQLVESGGGLVQPGGSLRLSCAASGLTLDYYALGWFRQAPGKEREGVSCISSSDHTTTYADSVKGRFTISWDNAKNTLYLQMNSLKPEDTAVYYCAADPALGCYSGSYYPRYDFWGQGTQVTVSS
seq9443,VQLVESGGGLVQAGGSLRLSCAASGLNFRTYTIGWFRQAPGKEREFIVGITWGGGIIDSIDSMKGRATISRDNAENTVYLQMNSLKPEDTAVYSCAAGRNTGGYTRLWRSYDYWGQGTQVTVSS
seq9444,QVQLVESGGGLVQPGGSLRLSCLASGRIFSIGAMGLYRQAPGKQRELVATITSGGSTNYADSVKGRFTISRDGPKNTVYLQMNSLKPEDTAVYYCYANLKQGSYGYRFNDYWGQGTQVTVSS
seq9445,EVQLVESGGGLVQPGGSLRLSCAASGRTFSDDTMGWFRQAPGKEREFVAAINWSGDNTHYADSVKGRFTISADNSKNTAYLQMNSLKPEDTAVYYCATDPPLFWGQGTLVTVSS
seq9446,QVKLEESGGGLVQPGGSLTLSCAASGFTLDNYAIAWFRQAPGREREWVSSTGSDGNLYTPSVRGRFTISRDNAKNTVYLQMNSLKPEDTAVYYCVAGKRPVITTWIALDAWGQGTQVTVSS
seq9447,LQLVESGGGLVQPGGSLRLSCAASGRAFSVYAVGWYRQPPGKQRELVASITDGGSTNYADSVKGRFTVSRDNARNTAYLDMNSLKVEDTAVYYCNANYGGSVLYNYWGPGTQVTVST
seq9448,EVQLVESGGGSVQAGESLRLSCAASGSIFSSNAMAWYRQAPGKQRDLVALINSVGITKYADSVKGRFTISRDNAKNTVYLQMNSLKPEDTAVYYCTSDPRRGWDTRYWGQGTQVTVSS
seq9449,QVQLVETGGGLVQAGGSLRLSCAASGSISEIYRMGWYRQAPGKQRELVAAITSPGNTNYPDSLKGRFAISRDYAKNTGYLQMDRLEPEDTAVYYCKANLLQRAPRKYLEIWGQGTLVTVSS
seq9450,AVQLVESGGGLVQPGGSLRLSCAASGGTFSSYAMGWFRQAPGKEREFVAAIRRSGRRTYYADSVKGRFTISRDNSKNTVYLQMNSLRPEDTAVYYCAAARRVRSSTRYNTGTWWWEYWGQGTLVTVSS
seq9451,EVQLVESGGGLVQAGGSLRLSCAASGPTFSIYDMGWFRQAPGKEREFVASTIWSRGDTYYADSVKGRFTISADNAKNTVYLQMNSLKPEDTAVYYCAAGVWSSLRHTAANWGQGTQVTVSS
seq9452,CVQLVESGGGLVQPGGSLRLSCAASGFTFDDYGMSWVRQAPGKALEWVSAISWNGNNTYYTESMKGRFTISRDNAKNTLYLQMNSLRPEDTAVYYCVKGSTAIVGVPPTYPDEYDYWGQGTLVTVSS
seq9453,QVQLQESGPGLVKPSQTLSLTCTVSGGSITNYGWSWIRQPPGKGLEWMGVIAYDGSTYYSPSLKSRTSISRDTSKNQFSLQLSSVTPEDTAVYYCASAMVTTSSPWVKTFGAWGQGTQVTVSS
seq9454,DVQLVESGGGLVQPGGSLRLSCAASGSLFTINAMGWYRQAPGKQREEVAAITSGGSTNYADSVKGRFTFSRDTARNTVCPQMNSLKPDHTAVYYCKALVVPPTPYSVYWGQGTLVTV
seq9455,EVQLVESGGGLVQVGDSLRLSCAASGRTFSTYLMVGWFRQAPGKEREFAAVIWSSGGTAYADSVKGRFTISRDNAKNTVYLQMNSLKAEDTAVYYCAGSYDGNYYIPGFYKDWGQGTQVTVSS
seq9456,EVQLVESGGGLVQAGGSLRLSCAVSTSIYSISVMAWFRQAPGKERAFVAAITWSAPTTYYADSVKGRFTISRDNAKNTVYLQTNSLKPEDSAIYYCAADRFKGRSIVTRSDYRYWGQGTQVTVSS
seq9457,VQVQESGPGLVKPSQTLSLTCTVSGGSMTGNYYAWSWIRQPPGKGLEWMGVIAYDGSTYYSPSLKSRTSISRDTSKNQFSLQLSSVSPEDTAVYYCARGPGWYSGSRNDYWGQGTQVTVSS
seq9458,QVQLQESGGGLVQPGGSLRLSCEASPRTFSTYSMAWFRQAPGKERSFVAAINWSGGQTSYADSVKGRFTISRDNSKNTLYLQMNSLRAEDTAVYYCAAGGVLAHHNYEYDYWGQGTLVTVSS
seq9459,EVQLQQSGGGLVQAGGSLRLSCAVTGLISSNYVMGWYPQPPGQEREFVSAITWSGGSTYSADSVKGRFTITPSNAKNTVYLQMNNLKPEDTAVYYCAAAEDGQDPRDFGSWGQGTQVTVSS
seq9460,QVQLQESGGGFVHPGGSLTLSCAASGRIFNIEDMGWYRQGPGEQRDLVATITRTGAPTYANSVKGRFTISRDNAKNTVYLQMTRLKPEDTAVYYCNAKDVTVIPFPPKDYWGRGTQVTVSS
seq9461,QVQLQESGGGLVQAGGSLRLACTTSGGIFNIRPISWYRQPPGMQREWVATIASGGATNYANSIKGRFTASRDNAKNTVYLQMNGLKPEDTAVYYCNVFEIWGQGTQVTV
seq9462,EVQLVESGGGLVQPGGSLRLSCAASGFTFSYNPMGWFRQAPGKGRELVAAISRTGGSTYYPDSVEGRFTISRDNAKRMVYLQMNSLRAEDTAVYYCAAAGVRAEDGRVRTLPSEYTFWGQGTQVTVSS
seq9463,EVQLVESGGGLVQPGGSLRLSCAASGFTFDDYGMSWVRQAPGKALEWVSAISWNGNNTYYTESMKGRFTISRDNAKNTLYLQMNSLRPECTAVYYCVKGSTAIVGVPPTYPDEYDYWGQGTLVTVSS
seq9464,EVQLVESGGGLVQPGGSLRLSCAASGDVHKINILGWYRQAPAKEREMVAHITIGDATDYADSAKGRFTISRDEAKNMVYLQMDSLKPEDTAVYFCRAYSRIYPYNYWGQGTLVTVSS
seq9465,QVQLQESGGGLVQAGGSLRLSCAVSGNTLSRYAMGWFRQTPGKEREFVAAIRWNNAATYYADAVEGRFTISRDNAKNTVYLQMNNLQPEDTAVYYCAGRFLGYASSNAYHEALYNYDYWGQGTQVTVSS
seq9466,QVQLVETGGLVQPGGSLRLSCAASGFTLDYSSIGWFRQAPGKEREGVSCISSSGDSTKYADSVKGRFTTSRDNAKNTVYLQMNSLKPDDTAVYYCAAFRATMCGVFPLSPYGKDDWGKGTLVTVSS
seq9467,DVQLVESGGGLVQAGGSLRLSCATSGLTLSSYHMGWYRQAPGREREFVAQISWSDDSTYYADSVKGRFTISRDNARNTVYLQMNNLKPEDTAIYYCDARKVGGPDYWGQGTQVTVSS
seq9468,QVQLQESGGGLVQAGGSLRLSCTVSGSISSIDGMGWYRQAPGNQRELVATIARTGSTSYVPSVKGRFTISRDNDQTTLYLQMNDLTPEDTAVYYCAADPRKRGVPDWYYGMDYWGKGTLVTVSS
seq9469,EVQLCESGGGLVQPGGSLRLSCAASGFTFDDYGMSWVRQAPGKALEWVSAISWNGNNTYYTESMKGRFTISRDNAKNTLYLQMNSLRPEDTAVYYCVKGSTAIVGVPPTYPDEYDYWGQGTLVTVSS
seq9470,QVQLQESGGGLVQPGESLRLSCAVSGSTSSENAMAWYRQAPGKRRELVAGISGGGATNYPDSVKGRFTISRDNAKNTVYLQMSSLKPEDTAVYYCNLWPPRASPGGGVYWGQGTQVTVSS
seq9471,EVQLVESGGGLVRHGDSLRLSCAASRRTTSVYATGWFRQAPGKEREFVAAISWSGGYTNYADSVKGRFTISRDNARNTVFLQMNSLKPEDTAVYYCAADRNPYRGSNNANAYDYWGQGTQVTVSS
seq9472,VQLQESGGGLVQPGGSLRLSCAASGRIFSVNAMGWYRQAPGKQRELVAAITNQGAPTYADSVKGRFTISRDNAGNTVYLQMNSLRPEDTAVYYCKAFTRGDDYWGQGTQVTVSS
seq9473,QVQLQESGGGLVQPGRSLKVACAAAGFSLRYYGIGWFRQAPGKEREAVSCTSANDGSTYYRDSVRGRFTISRDDGKNTVYLQMNRLKPEDTAVYYCATTDCDATSWGTWINYYGQGTQVTVSS
seq9474,QVQLQESGGGLVQAGGSLRLSCAVSGRTFSNYAMGWFRQAPGKEREFVAGITWTTGSTTYADSVKGRFTVSRDNAENTGYLQMNSLKPEDTAVYYCAASRGTNSVNWYQYHDYNNWGQGTQVTVSS
seq9475,EVQLVESGGGSVQAGGSLRLSCAASGFTFDDYAIGWFRQAPGKEREGVSCISSSDGSTNYADSVKGRFTISSDTAKNTVYLQMNSLKPEDTAVYYCTAVPATRRTPQMVDANMCWLAEYEYDYWGQGTQVTVSS
seq9476,EVQLVESGGGLVQAGDSLRLSCAASGRTGSSGAMGWFRQGPGKEREFVAALMWRNTVTYKYYEDSVKGRFTISRDNAKNTAYLQMNSLKPEDTAVYYCAADPDTYGDPRNSGAYDYWGQGTLVTVSS
seq9477,QVQLQESGGGLVQAGGSLRLSCVHSGSIFRASTMAWYRQAPGKQRELVAQIMSGGGTNYAGSVKGRFTISRDNANNTVYLQMNSLKPEDTAVYYCNAAQITSWGPKVYWGQGTQVTVSS
seq9478,EVQLVESGGGLVQPGGSLTLSCVASGSVSSINAMGWYRRAPGKQRELVAGISSDGSKVYIDSVKGRFTISRDNAKNSVYLQMNSLRAEDTAVYYCYYFRTVSGLSMRYWGQGTLVTVSS
seq9479,EVQLVQSGGGLVQPGGSLRLSCAASGFTFSSYWMYWVRQAPGKGLEWVSTITKGGSTYYSDSVKGRFTISRDNAKNTLYLQMNSLKSEDTAVYYCAKSNSGTHWYEYYGMDYWGKGTLVTVSS
seq9480,QVQLQESGGGLVQAGGSLRLSCTASGHTLSSYAMGWFRQAPGKEREFVAAISWSDITYYEDSVKGRFTISRDNAKNTVYLQMNSLNPEDTAVYYCAAAPVFAPLTAQHIRLISMYEYWGQGTQVTVSS
seq9481,QVQLVETGGGSVQAGGSLRLSCAASLNIFRLYTMGWYRQAPGRQRELVATITRGGSTNYADSVKGRFTASRDNTKNTVYLQMNSLKPEDTAVYYCNRDLKLQPWVWGQGTQVTVSS
seq9482,QVQLQESGPGLVKPSQTLSLTCTISGVSITTDYYYWSWFRRPPGAGLEWMGTIAFSGATYHSPSLKGRTSISRDTSKNQFTLQLTSVTLEDTAVYYCARGVTTAVYGDSYDSWGQGTQVTVSS
seq9483,QVQLVESGGGLVQAGGSLRLSCAASGRTFSVYAMGWFRQAPGKERQFVAAITWSGGSTSYADSVKGRFTISRDNAKNTVYLQMNILKPEDTAVYYCAAATNPYFSDYYPDLKYEFDYWGQGTLVTVSS
seq9484,DVQLVESGGGLVQPGGSLRLSCAASGSIFSLNAMGWYRQAPGKERELVAHITSDGRIVYADPVKGRFTISRVDGKNMVTLQMNSLKPEDTAVYYCNAKHYASNYWGQGTQVTVS
seq9485,EVQLVESGGGLVQAGGFLRLSCELRGSIFNQYAMAWFRQAPGKEREFVAGMGAVPHYGEFVKGRFTISRDNAKSTVYLQMSSLKPEDTAIYFCARSKSTYISYNSNEYDYWGRGTQVTVSS
seq9486,EVQLVESGGGLVQAGGSLRLSCAASGSTLSSYAMGWFRQAPGKERELVAAITGSGGRTYYADSVKGRFTISADNAKNTVYLQMNSLKPEDTAVYYCAANRRYSFPYWSFWYDDFDYWGQGTQVTVSS
seq9487,EVQLVESGGGLAQAGGSLRLSCAASGRRFGGHAMGWFRQAPGEEREFVATIYWTSGMTRYAGSVKGRFTISRDNAENTVFLQMNSLKPEDTAVYYCAVIKDFQLRVDVTSASAYDYWGQGTQVTVSS
seq9488,QVQLQESGGGLVQAGRSLEVACAAHGFSLRNYGIGWFRQVPGKAREAVSCTSVNDGTTHYGDSVRGRFSIARDNAKNTVFLQMNDLKPEDTAVYFCATTDCDATSWGTWINYYGQGTQVTVSS
seq9489,QVQLQESGGGSVQAGGSLRLACVASGGDTRPYITYWMGWYRQAPGKEREGVATIYTGGSGTYYSDSVEGRFTISQDKAQRTVYLQMNDLKPEDTAMYYCAAGNGALPPGRRLSPQNMDTWGPGTQVTVSS
seq9490,EVQLVESGGGVVQPGGSLRLSCAASGSTISSYVMGWFRQAPGKEREFVAAISRSGGYTYYADSVKGRFTISRDNSKNTVYLQMNSLRPEDTALYYCAAGRYSAWYSQSYEYDYWGQGTLVTVSS
seq9491,EVQLVESGGGLVQPGGSLRLSCAASGFTFDDYAMSWVRQAPGKGLEWVSTISWNGGATYYAESMKGRFTISRDNAKNTLYLQMNSLKSEDTAVYYCAKPYYSDYVGVEYDYWGQGTQVTVSS
seq9492,EVQLVKSGGGLVQAGGSLRLSCAASGSFFRVNNMAWYRQAPGKQRELVADITRGDRTNYADSVNGRFTISRDNVRNTVYLQMNGLKPEDTAVYYCYARIELGPLVPRDYWGQGTQVTVSS
seq9493,QVQLQESGGGLVQPGGSVRLSCAASGITFRVYDMAWYRQVPGKQRELVAGITRGGSTNYADFVKGRFTISRDNAKNTAYLQMNSLKPEDTAVYYCNCMPWRQEYWGQGTQVTVSS
seq9494,EVQLVESGGGLVQPGGSLTLSCVASGSTSSRNAMGWYRRAPGKQRELVAGISSDGSKLYADSVKGRFTISRDNAKNSVYLQMNSLRAEDTAVYYCYYFRTVLGSSMRYWGQGTLVTVSS
seq9495,EVQLVESGGGLVQPGGSLRLSCAASGTIFASAMGWFRQAPGKEHQFVAVVNWNGSSTVYADNVKGRFTIIADNSKNTAYLQMNSLKPEDTAVYYCTTVDQYFNYWGQGTLVTVSS
seq9496,EVQLVESGGGLVQPGGSLRLSCAASGRTFSNAAMGWFRQAPGKEREFVARITWNGGSTFYADSVKGRFTISADNSKNTAYLQMNSLKPEDTAVYYCATTENPNPRWGQGTLVTVSS
seq9497,EVQLVESGGGLVQPGRSLTLSCAASTNIFSISPMGWYRQAPGKQRELVAAIHGDSTLYADSVKGRFTISRDNAKNSIYLQMNSLRPEDTALYYCNKVPWGEYHPRNVYWGQGTQVTVSS
seq9498,EVQVQESGPGLVKPSQTLSLTCTVSGESITTNYYYWNWIRQPPGKALEWMGAIGDSGTTWYNPSLKSRTSISRDTSKNQFTLQLISVTPEDTAVYYCARGFYDGSSLDFASWGQGTQVTVSS
seq9499,EVQLVESGGGLVQPGGSLRLSCAASGFTLDYYAIGWFRQAPGKEREGVSCIDSSDGSTYYADSVKGRFTISRDNAKNTVYLQMNSLKPEDTAVYYCAAVHGLKLPTLRGLGGSYYYLQARSYDYWGQGTQVTVSS
seq9500,DVQLVESGGGLVQPGGSLRLSCAASGRIFSVNAMGWYRQAPGKQRELVAAITNQGAPTYADSVKGRFTISRDNAGNTVYLQMNSLRPEDTAVYYCKAFTRGDDYWGQGTLVTVSS
seq9501,QVQLVETGGGLVQPGGSLKLSCAASEFTLDDYHIGWFRQAPGKEREGVSCINKRGDYINYKDSVKGRFTISRDGAKSTVFLQMNNLRPEDTAVYYCAAVNPVFPDSRCTLATRYTHWGQGTQVTVSS
seq9502,QVQLQESGGGLVQAGDSLRLSCAAPGRSFSGGAMSWFRQVPGKEREFVAAIRWSGGGIRYADSVKGRFTISRDNAKNTFYLQMNSLKPEDTAVYYCAIDPRADLVATMTSIRYWGQGTQVTVSS
seq9503,EEQLVESGGGLVQPGGSLRLSCAASGFTFGSYDMYWVRQAPGKGPEWVSAIRSGGGSTYYADSVKGRFTISRDNAKNTLYLQMNSLKPEDTAVYYCAKPSTIATILFTSWGQGTQVTVSS
seq9504,AVQLVESGGGSVQTGGSLRLSCAASGDTSSTNCMAWLRQRPGKEREGVAHIYTRDGRIYYADSVKGRFTISRDKAKNEVYLQMNGLKPEDTAMYYCAAVSGRAYCSGMSIYGDSDLGQGTQVTVSS
seq9505,QVQLQQSGGGLVQSGGSLRLSCAASETSLNFDDMRWYRQTPGKRREWVAIINTFPAGTTASYADSVKGRFTISKVNGENTVHLQMNRLKPEDTAVYYCNAGDYWGQGTQVTVSS
seq9506,QVQLVESGGGLVQAGGSLRLSCAASGSTSGINIMAWYRQASGKQRELVANKARGGLPKYADFAKGRFTVSRDNAKNTLYLQMNSLKPEDTAVYYCHALEDWALGEYWGQGIQVTVSS
seq9507,EVQLVESGGGLVQPGGSLRLSCAASGFTLDYYAIGWFRQAPGKEREGVSCIVGSDGSTYYADSVKGRFTISRDNAKNTVYLQMNSLKPEDTAVYYCAAVHGLKLPTLRGLGGSYYYLQARSYDYWGQGTQVTVSS
seq9508,EVQLVESGGGLVQPGGSLRLSCAASGSTWSINTLAWYRQAPGKQRDLVARISSGGSTYYADSVKGRFTISRDNSKNTLYLQMNSLRAEDTAVYYCYAQSTWYPPSWGQGTLVTVSS
seq9509,QLQASGGGFVQPGGSLRLSCAASGTTSFWYTMGWFRQAPGKEREFVSAISWRFNTTTYYADSVKGRFTISRDNSKNTVYLQMNSLRAEDTATYYCAIPRYSLDAVPHRASTYWGQGTQVTVSS
seq9510,EVQLVESGGGLVQPGGSLTLSCVASGTTSSINAMGWYRRAPGKQRELVAGISSDGSKVYGDSVKGRFTISRDNAKNSVYLQMNSLRAEDTAVYYCYYFRTVSGSAMRYWGQGTLVTVSS
seq9511,QVQLVESGGGLVQAGGSLRLSCAASGSTSGIGGMGWYRQAPGKQREMVARISSGGSTRYADSVRGRFTISRDNAKNTVYLQMNSLKPEDTGVYYCNGYKLTYSWGQGTQVTVSS
seq9512,QVQLQASGGGLVQAGGSLRLSCAASGSNISTNVMAWYRRAPGNQRDMVASISTSGTTNYLASVKGRFTISRDNAKNTVSLQMNSLKPEDTAVYTCYAAWPLNTWGQGTQVTVSS
seq9513,QVQLQESGGGLVQAGGSLRLSCEVSGSARTAYDMAWFRQAPGKEREFVGRVNWSGDLTYYAESVKGRFTISRDNPKNTVYLQMKSLKPEDTAVYYCATGNFDSNWRSYNYWGQGTQVTVSS
seq9514,EVQLVESGGGVVQTGASLRLSCAASGRTFSNYAMGWFRQAPGKERERVAAITPRAFTTYYADSVKGRFTISRDNAKNTAYLQMVSLKPEDTAVYYCAAQLVGSGSNLGRQESYAYWGQGTLVKVSS
seq9515,EVQLLESGGGLVQPGGSLRLSCAASGRPFSNYAMGWFREAPGKEREFVSAISWSGGSTSYADSVKGRFTISRDNSKNTVYLQMNSLRAEDTAVYYCAAQFSGADYGFGRLGIRGYEYDYWGQGTLVTVSS
seq9516,NVKLVEKGGNFVENDDDLKLTCRAEGYTIGPYCMGWFCQAPNDDSTCVATINMGGGITYYGDSVKERFDIRRDNASNTVTLSMDDLQPEDSAEYNCAGDSTIYASYYECGHGLSTGGYGYDSHYRGQGTDVTVSS
seq9517,DVQLVESGGGLVQPGGSLRLSCAASGRTYDALGWLRQAPGKEREFVAAISGSGDDTYYADSVKGRFTISRDNSKNTLYLQMNSLRPEDTAVYYCATRRGLYYVWDANDYENWGQGTLVTVSS
seq9518,EVQLVESGGGLVQPGGSLRLSCITSGETFKINIWGWYRQAPGKRRELVASLTIGGATNYADSVKGRFTISEDSAKNTVYLQMNSLKPEDTAVYFCNAKSRIYPYDYWGQGTQVTVSS
seq9519,QVQLVESGGGLVQAGDSLRLSCVDSGRDFSDYVMGWFRQAPGKEREFVAAISRNGITTRYADSVKGRFTISRDNDKNTVYLQMNSLKPEDTAVYYCATNSAGTYVSPRSRDYDGWGQGTQVTVSS
seq9520,EVQLVESGGGLVQPGGSLRLSCAASGRTFGDDTMGWFRQAPGKEREFVAAINWSGDNTHYADSVKGRFTISADNSKNTAYLQMNSLKPEDTAVYYCATDPPLFWGQGTLVTVSS
seq9521,DVQLQASGGGLVQAGDSLRLSCAASGRTSSTYAMAWFRRAPGKEREFVTAISWNGRITAYADSVKGRFTISREYAGNTVTLQMDSLKPEDTAVYYCAADYTTAVPRAHVSYDYWGQGIQVTVSS
seq9522,VQLAESGGGLVQPGGSLRLSCEASGFHLEHFAVGWFRQAPGKEREGVSCISASGDSTTYADSVKGRSTISKDNAKNAVYLQMDSLRPEDTGDYYCAASHFSVCGKNIRKIEYRYWGQGTPVTVSS
seq9523,KVQLVESGGGLVQAGGSLRLSCAASGRTFSNYAMGWFRQAPGKERDFVAAISWSGGSTVYADSVKGRFTISRDNAKNTVYLQMNSLKPEDTAVYYCAAGNGGSYYGHSRARYDYWGQGTQVTVSS
seq9524,EVQLVESGGGLVQPGGSLRLSCAASGFTFSSSAMTWVRQAPGKGLEWVSAINSGGSGTRYADSVKGRFTISRDNAKNTLYLQMNSLKPEDTAVYYCAKRRDGQNWYPGISYESMYRGQGTQVTVSS
seq9525,QVQLQESGGGLVRPGGSLRLSCVASGSIFTYYAMAWYRQAPGNQRELVAFCTSRGTKKYAQSVEGRFTISRDNAKNAVYVQMNSLKPEDTAVYYCAAFGSTGQDYWGQGTQVTVSS
seq9526,QVQLQESGGGLVQPGGSLRLSCAASGRTFSDHSGYTYTIGWFRQAPGKELEFVARIYWSSGNTYYADSVKGRFAISRDIAKNTVDLTMNNLEPEDTAVYYCAARDGIPTSRSVESYNYWGQGTQVTVSS
seq9527,EVQLVESGGGLVQAGGSLRLSCAASGSTFSQYDVGWYRQAPGKQRELVAFSSSGGRTIYPDSVKGRFTFSRDNTKNTVYLQMTSLKPEDTAVYYCKIDWYLNSYWGQGTQVTVSS
seq9528,QVKLVESGGGSVQAGGSLRLSCAASGYIYSCVGWFRQAPGKEREGVAGISTGGGGTVYADSVKGQFTISRDNAKNTVYLQMDSLKPEDTAMYYCAADRWNSFANCGAWGRYTYWGQGTQVTVSS
seq9529,QVQLQESGGGLVQAGGSLRLSCAASGSGRRVGYMAWYRQTPGKQRELVATISRAGATNYADSVKDRFTISRDNAKNTVYLQMNSLKPDDTAVYYCFASLFDAGTYWGQGTQVTVSS
seq9530,QVQLQESGGGLVQAGGSLRLFCAASGRTFSNYNMGWFRLAPGKEREFVAAISRSAGSTSYADSVKGRFTISRDNTNNIVYLQMNSVEPEDTAVYYCAKYTRTYPYYGMNYWGKGTQVTVSS
seq9531,EVQLQESGPGLVKPSQTLSLTCTVSGGSIATSYYAWSWIRQPPGKGLEWMGVIDYDGDTYYKPSLKSRTSISRDTSKNQFSLQLSSVTPEDTAVYYCARAGLGDSYYLGTYYAMDYWGKGTLVTVSS
seq9532,EVQLVESGGGLVQPGGSLRLSCAASGEKFSDHWMGWFRQAPGKEREFVATITFSGARTAYADSVKGRFTISADNSKNTAYLQMNSLKPEDTAVYYCAALIKPSSTDRIFEEWGQGTLVTVSS
seq9533,EVQLVESGGGLVQPGGSLRLSCAASGMTFRLYAMGWFRQAPGKEREFVGAINWLSESTYYADSVKGRFTISADNSKNTAYLQMNSLKPEDTAVYYCAAKPGWVARDPSEYNWGQGTLVTVSS
seq9534,EVQLVESGGGLVQAGGSLRLSCAASGFTFDDYDIGWVRQAPGKELEGVSGISSSDGNTYYADSVKGRFTISSDNAKNTVYLQMNSLRPEDTAVYYCAAEPPDSSWYLDGSPEFFKYWGQGTLVTVSS
seq9535,EVQLVESGGGLVQAGGSLRLSCAASGRTFSRYAMHWFRQAPGSERDFVAGISWDGGSTFYANSVKGRFTISRDNAKNMVYLQMNSLKPEDTAVYYCAAAGSAGPPSIDRQYDYWGQGTQVTVSS
seq9536,VQLQESGGGSVQAGETLRLSCTASGFTFDDSDMGWYRQAPGNECELVSSISSDGSTYYADSVKGRFTISQDNAKNTVYLQMNSLKPEDTGVYYCAAEGHRYELGTCAALDYWGRGTQVTVSS
seq9537,QVKLEESGGGSVQTDGSLRLTCAASGRTSRSYGMGWFRQAPGKEREFVSGISWRGDSTGYADSVKGRFTISRDNAKNTVDLQMNSLTPEDTAQYYCAAAAGSAWYGTLYEYDYWGQGTQVTVSS
seq9538,QVQLVESGGGLVQAGGSLRLSCAASGRTFSGYTMGWFRRAPGKERELIANILWNSARRYYADSVKGRFTISRDNAMNTVDLQMNSLKPEDTAVYYCAVLVDSTYRFSNQGTQVTVSS
seq9539,VQLVESGGGLVQAGGSLRLSCAASGRAFSSYAMGWFRQAPGKERELVAAISWSDDSTYYANSVKGRFTISRDNAKSAVYLQMNSLKPEDTAVYYCAAHKSLQRPDEYTYWGQGTQVTVS
seq9540,EVQLVESGGGLVQAGDSLRLSCAASGRTFSSYAMGWFRQAPGKEREFVAAISLSGSMTYYADSMKGRFTISRDNAKNTVYLQMNSLKPEDTAVYYCAAEELGDGLGYLAYRYDYWGQGTQVTVSS
seq9541,EVQLVESGGGSVQAGGSLRLSCAASGRTFSSYVMGWFRQAPGKEREFVAAVSWSAGNTRYANSVKGRFTISRDIAKNTFYLQMNSLKPEDTAVYYCVADRRYGGSLDPSAWDFWGQGTQVTVSS
seq9542,EVQLVESGGGLVQPGGSLRLSCAASGRTFGDYIMGWFRQAPGKERESVAAINWSAGYTAYADSVKGRFTISADNSKNTAYLQMNSLKPEDTAVYYCATAPPNTGWHFDHWGQGTLVTVSS
seq9543,QVQLQESGGGLVQAGGSLRLSCAASGRTFSSYVMGWFRQAPGKEREFVAQISWSAGSIYYADSVKGRFTISNDNAKRTVYLQMNSLKPEDTAVYYCAERGYAYCSDDGCQRTQDYDYWGQGTQVTVSS
seq9544,EVQLVESGGGLVQAGGSLGLSCAASGRSFSSYTMGVIRWSGESPYYADSVKGAIRWSGESPYYADSVKGRFTISRDNAKNTLYLQMNNLKPEDTAVYYCAARLVPPGIPIERTLESMKDWGKGTLVTVSS
seq9545,EVQLVESGGGLVQAGGSLRLSCAASGFTFDDYDIGWFRQAPGKEREAVSRISNRDGSTYYLDSVRGRFTASSDNAKNAVYLQMNNLKPEDTAVYYCAATTALVGMLLPAYEYDYWGQGTQVTVSS
seq9546,EVQLVESGGGLVQAGGSLSLSCSASGRSLSNYYMGWFRQAPGKERELLGNISWRGYNYYKDSVKGRFTISRDDAKNTIYLQMNRLKPEDTAVYYCAASILPLSDDPGWNTYWGQGTQVTVSS
seq9547,VQLVESGGGSVQAGGSLRLSCAASGDTYGSYWMGWFRQAPGKEREGVAAINRGGGYTVYADSVKGRFTISRDTAKNTVYLQMNSLRPDDTADYYCAASGVLGGLHEDWFNYWGQGTQVTVSS
seq9548,QVQLVESGGGLVQAGGSLRLSCAASESIFSFKVMGWYRQYPGKQREVVAALSAGGSFYYTDSVKGRFTITRDNAKNTMYLQMNSLKPEDTALYYCAAGLLGQRPDYWGQGTRVTVSS
seq9549,QVQLVESGGGSVQAGGSLRLSCLRSGRPECSYDISWYRQAPGKEREFVAVIETTGGRTRYAEAVKGRFTISRDKAKNTVYLQMNSLQPDDTAMYYCHAEGATLICRDYSYWGLGTQVNVSS
seq9550,QVQLVESGGGLVQAGGSLRLSCAVSGRTFSTYRMGWFRQAPGKERSFVAAISWSGGSTTYADPVKGRFTISRDNAKNTVYLRMNSLKPEDTAVYYCNDQRGYWGQGTLVTVSS
seq9551,EVQLVESGGGLVQPGGSLRLSCVASGFDFNIHWMYWVRQAPGKELEWVAEINTNGLITVYPDSVKGRFTISRDNAKNTLFLQMNNLKFEDTAVYYCTNTQNGKTKGQGTQVTVSS
seq9552,QVQLQESGGGLVQAGGFLRFSCAASGFTFSSYSMHWVRQALGKGLEWVSTITAGGANIFYADSVKGRFTISRDNAKNTVYLQMNDLKPEDTAVYYCNADGPLTPIGYDNWGPGTQVTASS
seq9553,EVQLVESGGGLVQAGDSLRLSCAASGRTFSNYVMGWFRQAPGKEREFVSAISPSGTLTSYTDSVKGRFAISRDNAKKMLYLQMSSLKPEDTDVYYCAAARGPWSARPSLLTYDYWGQGTQVTVSS
seq9554,DVQLVESGGGWVQPGGSLRLSCAASGPTASSHAIGWFRQAPGKEREFVVGINRGGVTRDYADSVKGRFAVSRDNVKNTVYLQMNRLKPEDSAIYICAARPEYSFTAMSKGDMDYWGKGTLVTVSS
seq9555,EVQLVESGGGEVQPGGSLRLSCGPSEIITSDKSVGWWRQAPGKQRNLVAGISNVGSTNYAQSVKGRFTISRDNAKNTLYLQMSSLRAEDTAVYYCYARDFENEYWGQGTLVTVKP
seq9556,EVQLVESGGGLVQPGASLRLSCGASGFTFNSITMSWVRQAPGEGLEWVSCIDPGGDTTYYADSMKGRFTISRDNAKNTLYLQLNNLKTEDTAMYFCAKDGGHWDFGEWGQGTQVTVSS
seq9557,EVQLVESGGGLVQAGGSLRLSCAASGSIFPINAMGWFRQAPGKEREGVAAITNFGTTKYADSVKGRFTISADNAKNTVYLQMNSLKPEDTAVYYCAAVRWGPRNDDHYDWGQGTQVTVSS
seq9558,QVHLMESGGGSVQAGGSLRLACETSRDIYGNNCMAWFRQAPGKEREGVASIYPAGGRPYYADSVKGRFTISQDNAKNTVYLQMDSLKPEDTAMYYCAARSFSIAVCATRSGITRSNFAYWGQGTQVTVSS
seq9559,EVQLVESGGGLVQAGGSLRLSCAASGFTFDDYAIGWFRQAPGKEREGVSCISSSDGDTYYADSVKGRFTASSDNAKNTVYLQINSLKPEDTAVYYCAAGQGLLIAQALRWESYDYWGQGTQVTVSS
seq9560,EVQLVESGGGLVQNGGSLRLSCVMSGSSISLYTSGWYRQAPGKQREWVASIASGASGGTTVYEDSVKGRFTISRDDAENTVYLQMITLKPEDTAVYYCRAQDPMRTRDAYWGQGTQVTVSS
seq9561,QVQLQESGGGLVQPGGSLRLSCAVSGSIFMINAMGWYRQAPGNRRELVASIMNSSTTNYADSMKGRFTISRDNAKNTVYLEMNGLKPEDTAVYYCKAVLAWGTLVDYWGQGTQVTVSS
seq9562,QVQLVESGGGLVQPGGSLRLSCAASGRPNSKYAMAWFRRAPGKEREFQAAINWSGANTYYGDSVKGRFTISRDNAKNTVTLQMNNLNPEDTAVYYCAADNRAYTYHTFDYYQTDASYVYWGQGTQVTVSS
seq9563,EVQLLESGGGLVQPGGSLRLSCAASGRTFNNYNMGWFRQAPGKGREFVAAVSRSGVSTYYADSVKGRFTISRDNAKNAVYLQMNSLRPEDTAIYYCGAAYRGTAINVRRSYDSWGQGTLVTVSS
seq9564,EVQLVESGGGLVQPGGSLRLSCAASGNIFTRNIMGWYRQAPGNQRDLVASITPGGNMYYADSVKGRFTISRDGAKNTVYLQMNSLKPEDTAVYYCNARGSILLDPSNYWGQGTQVTVSS
seq9565,MAESGGGSVQTGGSLRLSCAYTASSLCMAWFRQAPGKEREGVAVTRDGLTQTGYADSVKGRFAISQDYAKKTLYLQMSSLKPEDTARYYCAARPTSPCTVDGELLASTYDYWGQGTQVTV
seq9566,DVHLQDSGGGSVQAGGSLTLSCLMSGHTYYGPCVGWFPQRPGKAREGIAQMIPIGGSVSYSGGVKGRFTISRDNSKNTIALIMNDLVPEDTATYYCATDSGGLCSHRERDYDIWGQGTQVTVCS
seq9567,EVQLVESGGGVVQPGGSLRLSCVVSGSRFSLDTVGWHHQAPGKLRELVARIRDDGDTMYVASVKGRFIISRDDAKNTVYLQMNSLKPEDTGVYYCYFSRNGAWGQGTQVTVSS
seq9568,LQESGGGLVQAGGSLRLSCAASGSFFSINVMGWYRQAPGKQRDMVAAITSGGSTNYADSVKGRFTISRDNAKNTAYLQMNSLKPEDTAVYYCAAVVRPNQIATMTDYWGQGTQVT
seq9569,QVQLQESGGGLVQPGGSLKLSCVVTGLHYYTEGWFRQAPGKEREGVSCISSSDGRTDYIDSVKGRFTISEDNDNKTVYLQMNTLKPDDTGVYYCVAERGPRGSTWWETYDYWGQGTHVTVSS
seq9570,EVQLVESGGGLVQPGGSLRLSCAASGFSLDYTAIGWFRQAPGKEREVVSCFTSVPGSTYHADSVKGRFTIASDNAKNTVYLQMNDLKPEDTAVYYCATDAQTYYSGSYCGRTPQEYPYWGQGTQVTVSS
seq9571,EEQLVESGGGLVQAGGSLMLSCAASGRALSSYAIGWFRQAPGREREFVARISWSGANTYYADSVKGRFTISRGNAKNTVYLQMNSLKPEDTAAYYCAAQTTSKYDNYDARAYGYWGQGTQVTVSS
seq9572,KVQLVESGGGLVQPGGSLRLSCAASGSDFSLNAMGWYRQAPGKQRELVAAITSGGSTNYADSVKGRFTISRDNAKNTVYLQMNSLKPEDTAVYYCNADYRDFGLSMERFVDFGSWGQGTQVTVSS
seq9573,QVQLQESGGGLVQPGGSLRLSCAASGSIAYIYTMDWYRQAPGKQRELVATSTRDGNIDYADSVKGRFTISRDSAKNTVYLQMSSLKPEDTAVYYCNADLRTAVDLIRANYWGQGTQVTVSS
seq9574,EVQLLESGGGLVQPGGSLRLSCAVSGDTFSVYGMGWFRQAPGMGREFVAGISWNAGITAYTDTLKGRFTISRDNAKNTMYLQMNSLQPEDTAVYYCAADVTRHYIATRSKVDASMYDYWGQGTLVTVSS
seq9575,QVQLQESGGGLVQPGGSLRLSCAASGFTFSSYSLTWVRQAPGKGLEWVSTIKARGGTTLYADSVKDRFTISRDNAKNTLYLLMNSLKPEDTAVYYCAKPLYNNFAGDFGSWGQGTTVTVSS
seq9576,QVQLQESGGGLAQVGGSLRLSCTASGFTFDDYTIGWFRQAPGKEREGISCISSDGSTGYADSVKGRFTISSDNAKNTVYLQMNSLKPEDTAVYYCAADFNVWSPPICGSNWYGPPPGGMDYWGKGTQVTVSS
seq9577,KVQLVESGGGLVQPGGSLRLSCAASGFTLDYYAIGWFRQAPGKEREGVSCISSSDGSTYYADSVKGRFTISRDNAKNTVYLQMNRLKPEDTAVYYCATDWTRGCTYRSGSYYPRNYRGQGTQVTVSS
seq9578,EVQLVESRGGLVQAGDSLRLSCAASGRTFSIYAVGWFRQAPGKERDFVADIRMMLGSTTYADSVKGRFTISRDNAKRTVYLQMNSLKPEDTAVYYCAVRSSRQTTEYDYWGQGTQVTVSS
seq9579,QVKLEESGGGLVQPGGSLRLSCAASGFTFDYYAIGWFRQAPGKEREGVSCISSRDGTTHYADSVKGRFTISRDNAKNTVYLQIDSLKPEDTAVYYCATPWVTYCPENLLFSYWGQGTQVTVSS
seq9580,DVQLVESGGGLVQPGGSLRLSCAASGFTFDDYAIGWFRQAPGKEREGVSSISSTYGLTYYADSVKGRFTISSDNSKNTVYLQMNSLRPEDTAVYYCAATPIGLIGLDAYEYDYWGQGTLVTVSS
seq9581,EVQLVESGGGLVQPGGSLRLSCAASGSRFSGRFNILNMGWFRQAPGKEREFVARIGYSGQSISYADSVKGRFTISADNSKNTAYLQMNSLKPEDTAVYYCARGRFLGGTEWGQGTLVTVSS
seq9582,QLQLVESGGGLVQPGGSLRLSCVVSGVTISNYGMTWVRQAPGKGLEWISTVYSNGHTYYADSVKGRFTISRDNAKNTLYLQMNSLKPEDTAKYYCKLTGETHRGQGTQVTVSS
seq9583,EVQLVESGGGLVRAGDSLRLSCAASGRAFSRYAMGWFRQALGKERELVAAIGWSPTHTYYADSVKGRFTMSRDNGKNTVFLQMNSLNPEDTAVYYCAAKYSSRDAAYRSDYDYNYWGQGTLVTVSS
seq9584,QVQLVESGGGLVQAGGSLRLSCAASGRTYSISAMGWFRQAPGKEREFVAGISRSGGTTYYADPVKGRFTISRDNAKNTVYLQMNSLKPEDTAVYYCAARARGWTTFPAREIEYDYWGQGTQVTV
seq9585,EVQLVESGGGLVQAGGSLRLSCAASGSIFSFIVMGWYRQAPGEQRALVATVTSGGDTFYVDSVKDRFTISRDNAKNTVYLQMNSLKPEDTAVYFCYFTKVSPYKETTWGQGTLVTVSS
seq9586,EVKLQQSGGGLVQSGGSLRLSCIASGSTVSGNTMGWYRQAPGKQRELVAVISSVGVSNVAQSVKGRFAISRDNAKNTVYLQMSSLKPEDTAVYYCNALGTGRANWGQGTQVTVSS
seq9587,EVQLVESGGGPVQAGDSLRLSCAASGRAYRGYSMGWFRQVPGKEREFVAAIVWTDGNTYYEDSVKGRFTISRDITKNTMYLQMTSLKPEDSATYYCAAKIRPYIFKIAGQYDYWGQGTLVTVSS
seq9588,QVQLQESGGGLVQAGGSLRLSCAASGTIFQNLDMGWYRQAPGKERELVAGISYGSSTYYADSVKGRFTISRDNAKNTVYLQMNSLKPEDTAVYYCAVYTYWGQGTQVTVSS
seq9589,QVQLQESGGGLVQAGGSLRLSCAASGRMFSINSMGWYRQAPGKERELVATISEAGTTTYADSVRGRFTIARDNAKNTVYLQMNSLNPEDTAVYYCNAYIQLDSTIWFRAYWGQGTQVTVSS
seq9590,EVQLVESGGGLVQAGDSLTLSCAASGRTHSRDVMAWFRQAPGKEREFVAVIVLGGGRSYSDSVKGRFTISRDNAKNTVNLQMNSLKPEDTAVYYCAADSTFYSGRYHEPDRYANWGQGTQVTVSS
seq9591,QVQLQESGGGLVQAGGSLRLSCAASGSIFSRDAMGWYRQAPGNLREWVATISSGGITYYDDSVKGRFTISRDNAKNTVYLQMNSVKPEDTAVYFCNAENRRLGDDYWGQGTQVTVSS
seq9592,EVQLVESGGGLVQAGGSLRLSCTASGRAFSTTVVGWFRQAPGKERELVTAINWSGARTYYADSVKGRFTISRDNAKNTVYTQMNSLKPEDTGVYYCAAGRDSRARVLTEYEYVWWGQGTQVTVSS
seq9593,QVQLVESGGGLVQPGGSLRLSCAASGSGFSINVMGWYRQYPGKQREVVAALSAGGSFYYTDSVKGRFTITRDNAKNTMYLQMNSLKPEDTALYYCAAGLLGQRPDYWGQGTQVTISS
seq9594,EVQLVESGGRLVQAGGSLRLSCAASGRTFTSYPMGWFRQAPGKEREFVAAISMSGDDTAYTDFVRGRFTISRDDARNTVYLHMTSLKPEDTAVYYCAARTSYDGTYDYIDDYSYWGQGTQVTVSS
seq9595,EVQLVESGGGLVQAGGSLRLSCAASGRTFSTYAAGWFRQDPGEEREFVSTISRGGGTTGYADAVKGRFTISRDNAKNTVYLQMNNLKPEDTAVYYCAAADVSYGTTTDDPKRYDYWGQGTQVTVSS
seq9596,VHLMESGGGSVQAGETLRLSCTASGFTFANSDMGWYRQAPGNACELVSIISSHGGTTYYVDSVKGRFTISRHNAENTVYLRMTSLKPEDTALYYCVADPRSNCRGGYCCGYWGPGTQVTVSS
seq9597,GGLVQPGGSLRLSCVAAGFSFDDYAMKWVRQAPGKGPEWVSAISWNGEDTDYADSVKGRFTISRDNAKNTLYLQMNGLKSEDTAAYYCARFIRARDYSDFSTWYGSWGQGTQITVSS
seq9598,QVQLQESGGGSVQAGGSLRLSCEASGLSTTVMAWFRQAPGKEREGVAAIYTGDGFPYYADSVKGRFTISQDNAKNRMYLQMNSLEPEDTAMYYCAAKTGAFSYGSLWWMSRAYNHWGQGTQVTVSS
seq9599,EVQLVESGGDLVQPGGSLRLSCAASGDVHKINFLGWYRQAPGKEREMVAHITIADATDYAEFAKGRFTISRDEPKNMVYLQMNSLKPEDTAVYLCRAGSRIYPYNYWGQGTLVTVSS
seq9600,EVQLVESGGGLVQPGGSLRLSCETSRHTLDHYAIGWFRQAPGKEAEGVACISTSTYYADSVKGRFSISRDNAKNTVYLQMNDLKPEDAAVYHCATTGSGYCTLRAFASWGQGTQVTVSS
seq9601,EVQLLESGGGLVLPGGSLRLSCVHSGPTFRTDTMGWFRQAPGKGREFVAAVTWNSGRINYADSVKGRFTVSRDNTRNAAYLQMSSLKDEDTAVYYCTAHRFVVGGNRVEDWRYWGQGTLVTVSS
seq9602,EVQLVESGGGLVQAGGSLRLSCGASGRISDINVMGWYRQAPGKQREMVADIDIRGYTNYADSVKGRFTVSRDNAETMYLEMNSLKPEDTAVYRCNALTSRDWGTGKYVYWGQGTQVTVSS
seq9603,EVQLVESGGGLVQTGGSLRLSCAASGGTLSSYAMGWFRQAPGKEREFVAAITWSGTRTLYADSVKGRFTISRDNANNTVYLQMNSLEPEDTAVYYCAAHRHPYALVVDHKAFDYWGQGTQVTVSS
seq9604,QVQLQESGGGLVQPGGSLRLSCAASGFTFSSYAMSWVRQAPGKTLEWVSDINTGGDTSDYADSVKGRFTISRDNAKNIVYLQMNSLKAEDTAVYYCANVPKELVLSFGSWGQGTQVTVSS
seq9605,DVQLVESGGGLVQPGGSLRLSCAASGRTFSSYVVGWFRQAPGKEREFIGAISGSGDTIYYAVSEKGRFTISRDNSKNTLYLQMNSLRPEDTAVYYCTADQEFGYLRFGRSEYWGQGTLVTVSS
seq9606,QVQLQQSGGGLVQAGDSLRLSCEASGRTYGGYGMGWFRQVPGKERELVAAIRWSGVETYHKDSVKGRFTISRDNAKNMVYLQMNSLKPEDTAVYYCAARTVRVVDISSPVGFAYWGQGTQVTVSS
seq9607,QVQLQESGGGLVQPGGPLRFSCAASGSTFSKYWMYWVRQAPGKGLEWVSAINTGGGLTDYAASVKGRFTISRDNAKNTLYLQMNSLNFEDTAVYYCAASSAWTYFASWGQGTQVTVSS
seq9608,EVQLQESGGGLVQPGGSLRLSCTASGVTISALNAMAMGWYRQAPGEERVMVAAVSSRGNAMYRESVQGRFTVTRDFTNKMVSLQMDNLKPEDTAVYYCHVLEDRVDSFHDYWGQGTQVTVSS
seq9609,EVQLVESGGGLVQAGGSLRLSCAASGRTFSSYAMGWFRQAPGKEREFVAAVSWSGGSTYYADSVKGRFTISRDNARNTVYLQMNSLNPEDTAVYYCAASQDCSGPGCYTNEYDSWGQGTQVTVSS
seq9610,QVQLQESGGGSVQAGGSLRLSCVASGVTYSNLVMAWFRQAPGKEREGVAAITAYGSMTYYADSVKGRFTIARDNAKNTVYLQMNSLKSEDTAIYYCAARDYWSSSGSWYNGGTYNIWGQGTQVTVSS
seq9611,QVQLVESGGGLVQAGGSLRLSCTASGFTFDNYVMGWFRQAPGKEREGVSCIGWSGGSTYYADSVKGRFTISRDNAKNTLYLQMNSLKPEDTAMYYCAADQGKCSLGSAGADDMDYWGRGTLVTVSS
seq9612,EVQLVESGGGLVQPGGSLRLSCAASGNIDRLYAMGWFRQAPGKEREPVAAISPAAVTAGMTYYADSVKGRFTISADNSKNTAYLQMNSLKPEDTAVYYCAAYGSGSYYYTDDELDWGQGTLVTVSS
seq9613,QVQLQESGGGSVQAGGSLRLSCAASRYTASSNCMAWFRQAPGKEREGVATIYNGGGSTAYADSVKGRFTISQDNAKNTVYLQMNSLKPEDTAMYYCGAGSPRFCASDSFEDPTCTLVTSSGAFQYWGQGTQVTVSS
seq9614,EVQLVESGGGLVQAGGSLRLSCAASGRTFSSYRMGWFRQAPGKEREFVAALSGDGYSTYTANSVNSRFTISRDNAKNTVYLQMNSLKPEDTAIYYCAAKLQYVSGWSYDYPYWGQGTLVTVSS
seq9615,VQLQESGGGSVQAGGSLRLSCAASRDTYTRYFMGWFRQTPGKEPEGVAVLLPGGAYTFYADSVKGRFTITQDSAKNTVYLQMNSLKPEDTAMYYCAADVTVGSRWSQASNYNYWGQGTQVTVSS
seq9616,QVQLQESGGGLVQAGGSLRLSCAASGFSFDDYAIGWFRQAPGKEREFVARINRSGYNTFYTDSVKGRFTISRENAKNTVYLQMNNLKPEDTAVYYCGARYSGSPFYSGAYDYWGQGTQVTVSS
seq9617,VQLVESGGGVVQPGGSLRLSCAASGLTLSQYTMGWFRQAPGKERELVAAIHWTSSVTDYADSVMGRFTISRDDSKNTGYLQMNSLRAEDTAVYYCAATWYYTHRGPFDYWGQG
seq9618,QVQLQESGGGLVQAGGSLRLSCAVSGNTLSRYAMGWFRQTPGKEREFVAAIRWNNGATYYAESVKGRFTISRDNGKNTVYLQMNNLQPEDTAVYYCAGRFLGYASSNAYHEALYNYDYWGQGTQVTVSS
seq9619,AVQLVESGGGLVQPGGSLTLSCAASGRTFSSYAMGWFRQAPGKEREFVAADRWSGGNTRYADSVKGRFTISRDNAKNTLYLQMNSLRAEDTAVYYCAATYLSSDYEWGVPPKAYDYDYWGQGTLVTVSS
seq9620,EVQLVESGGGLVQAGGSLRLSCAASGSIFSTNVMGWYRQAPGKQREFVAGITIGGTARYPDSVKGRFTISRDNTQNTVYLQMNNLKPEDTAVYYCNAVLPSDQRRWSWGQGTQVTVSS
seq9621,QVHLMESGGGSVQAGGSLRLSCVVSGISISPDCMGWFRQAPGKKREAVATIFTNTRRTRYGDSVKGRVTSSQGNAKNTLYLKMDNLRHDDTATYYCAARYTGGDCFNLDPLSWRFWGQGTQVTVSS
seq9622,VQLQESGGGSVQAGGSLKLSCSASGFTFDDTDMGWYRQAPGNECELVSTISSDGTTYYTDSVKGRFTISQDNAKNTVYLQMNSLKPEDTAVYYCAAINSGYELGTCESLDYWGRGTQVTVSS
seq9623,QVQLQESGGGLVQAGGSLRLSCAASGSTFNIKTMAWHRQAPGNQRELVATLTSGGNTNYADSVKGRFTISRDNAKNTVYLQMNSLKPEDTAVYYCGLWNGVGGAYWGRGTQVTVSS
seq9624,VQLVESGGGLAQPGGSLRLSCEASGFGTWFRFDENTVNWYRQPPGKSREFDELVARYPKSGIVTYLDSVKGRFTISRDNAKKMAFLQMDNLKPEDTAVYYCNVGEFWGQGTQVTISS
seq9625,EVQLVESGGGLVQPGGSLTLSCAASYTSVLDLSIAWYRQAPGKKRELVAGISDDGSRYYTDSVKGRFTISRDNAKNSVYLQMNSLRAEDTAVYYCYAYRWTARDTYWGQGTLVTVSS
seq9626,EVQLVESGGGLVQPGGSLRLSCAASGEVYKINFLGWYRQAPGKEREKVAHITIADAADYADFAKGRFTISRDEAKNMVYLQMNSLKPEDTAVYFCRAGSRIYPYDYWGQGTQVTVSS
seq9627,EVQLVESGGGLVQAGGSLSLSCTASGGTFRNYGMGWFRQAQGKERDFVAAISRTNGHIYYSDSVKGRFTISKDNAKNILSLQMNSLKPEDTAVYYCAARFRFGDGTYYYQRTFYDFWGQGTLVTVSS
seq9628,EVQLQESGGGLVQPGGSLRLSCAASGNIFRIDTMGWYRQAPGKQREFVAGISRGGSTNYAHSVKERFTISRDNAKNTMYLQMNSLKSEDTAGYYCNAQAWDPGTIRYLEVWGQGTLVTVSA
seq9629,QVQLQDSGGGLVQAGGSLRLSCAASGRPFSRYAMGWFRQAPGKEREFVAAKPWSANAEYADSVKGRFTISRDNAKNTVDLQMNSLEPEDTAVYYCARSIADYSTSTREEDFGLWGQGTQVTVSS
seq9630,QVQLVESGGGLVQPGGSLRLSCAASGFTFSSSYMSWVRQAPGKGLEWVSGINTDGSFTRYADSVKGRFTISRDNAKNTLYLQMNSLKSEDTALYYCAVGGGLGYGPWGQGTLVTVSS
seq9631,QVQLQESGGGLVQAGGSLRLSCATSGLTFSNYAMGWFRQAAGKEREFVATISWSGKSTRYADSVKGRFTISRDNAKNTVDLRMNSLKPEDTAVYYCAAEYQRLGLLRDGVADYSYWGQGTQVTVSS
seq9632,EVQLVESGGGLVQAGGSLRLSCAASGRTFNDYGMGWFRQAPGKEREFVATITWSGSMTYYADSVKGRFTISRDNAKDTMYLQMNSLKPEDTAVYYCASAIGDYYYTTADYYDYWGQGTQVTVSS
seq9633,EVQLVESGGGLVQAGGSLRLSCSASGLLFSVNSAGWYRQAPGKQRDFVARIRSGGSTNYADSVKGRFTISRDKATNTVYLQMNSLKPEDTAVYYCSSWRTGAYEYWGQGTQVTVSS
seq9634,EVQLVESGGGLVQPGGSLRLSCAASGRTFGDYIMGWFRQAPGKERELVAEITRVGNTNYADSVKGRFTISADNSKNTAYLQMNSLKPEDTAVYYCAAVFSRGPLTWGQGTLVTVSS
seq9635,DVQLVESGGGSVQAGGALRLSCQASEFTYSIAWFRQAPGKEREGVATGYRGVDITYYADSVKGRFTVSRDDTKNTMYLQMNSLIPEDTAIYFCAARSTYNSLRWDRPGAYNAWGQGTQVTVSS
seq9636,QVQLQESGGGLVQPGGSLRLSCAASGIIFSMNTMAWYRQAPGKQREVVAQISSDGTTNYADSVKGRFTISRDNGNNMMYLQMNSLKPDDTAVYYCNSLLGYYSSNQQWGQGTQVTVSS
seq9637,EVQLVESGGGEVQPGGSLRLSCTASGRAINMYAMGWFRQAPGKEREFVAAINWNGAYTQYAESVKGRFTISRDNAKNTLYLQMSSLRAEDTAVYYCSADADYNTYVSPNKRVSYWGQGTLVTV
seq9638,QVQLQESGGGLVQTGGSLRLSCAASGFTFSNYIMGWFRQAPGKERESLASIGGSGTYTHYADSVKGRFTVSRDNAKNTVYLQMNSLKPEDTAIYYCAAGGRSTYGYRLPTTRVEYWGKGTLVTVSS
seq9639,EVQLVESGGDLVQAGGSLKLSCVVSGVTFDDGTIGWFRQAPGKEREGIACISRVDGTTYYRDSVKGRFTVSSDSAKTTVNLQMNSLKPEDTAVYYCAADYASLCTIETGYGSLYDYWGKGTQVTVSS
seq9640,QVQLVESGGALVQPGGSLRLSCAASGFPVNRYSMRWYRQAPGKEREWVAGMSSAGDRSSYEDSVKGRFTISRDDARNTVYLQMNSLKPEDTAVYYCLLFMIQIGPNRRKRYLSLTVYWGQGTQVTVSS
seq9641,EVQLVESEGGLVQPGGSLRLSCSASGRTFANNAMGWFRQAPGKEREFVASISASGTLTSSADSVKGRFTISRDNAKNTVYLQMNSLKPEDTALYYCARNRRAWSLSVHTTREYDDWGQGTQVTVSS
seq9642,EVQLVESGGGLVQAGNSLSLSCTASAGTLRNFGMGWFRQARGEEREFVATISRSARHTYYSDSVKGRFTISRDNAKNMVSLQMNSLKPEDTAVYYCAARFRSDDGTYYYQRAFYDFWGQGTQVTVSS
seq9643,EVQLVESGGGLVRARGSLRLSCAASGGTFSRYAMGWFRQAPGKEREFVAAISRSGGNTYFTESVKGRFTMSRDNAKNTVYLQMNSLKPEDTAVYYCAARSAAVYTTTVYLVDFEYNYWGQGTQVTVSS
seq9644,EVQLVESGGGLVQAGGSLRLSCAASGLTLDDYAIGWFRQGPGKAREGVSCISSSDGSTYYADSVKGRFTMFSDNAKNTVALQMNSLKPEDTAVYYCTVLFGTSSCTYYSRRKYEYDYWGQGTQVTVSS
seq9645,EVQLAESGGGSVQAGGSLRLSCVASRYTFSSTCMAWFRQAPGKEREEVAAIYTDDGSTWYADSVKGRFTISRDNAKNTVYLQMNSLKPEDTAMYYCAARRWACPRVGSWHEFAYWGQGTQVTVSS
seq9646,QVQLQESGGGLVQAGGSLRISCAASGITFRRKAIGWYRQAPGKQRELVARIDSDDITNYADSVKGRFSISRDNAKNTVFLQMNSLKSEDTAIYYCNLRGSNYWGQGTQVTVSS
seq9647,QVQLQESGGGLVQAGGFLRFSCAASNALFSGYAMGCFRQAVGKEREFVAAITWNNRNTHYADSVKGRFTISRDNAKNTVYLQMNSLKPEDTAVYYCTSGMRRLGDYWGQGTQVTVSS
seq9648,LQESGGGLVQAGDSLRLSCAASGRTSHGYGGYGMGWFRQIPGKERELVAAIRWSGRNTYYADSVKGRFTISRDNVKDMLYLQMNSLKPEDTAVYTCAVRTVRVVDISSPVGFAYWGQGTQVTVSS
seq9649,VQLQESGGGSVQTGGSLRLSCAASTSIYSNNYMAWFSQAPGKGREGVAAVYIDDGRTYYADSVKGRFTISLDSAKNTVYLQMNSLKPEDTAMYYCAAAPGPLSHNYWYASANYDYWGQGTQVTVSS
seq9650,EVQLVESGGGSVQAGGSLRLSCVASGRYPMAWFRQAPGKEREFVAGVSWGGDRTYYADSVQGRFTVSRDYAKNTLYLQMNSLKPEDAAVYYCAGDPWGRLFRVKDQYSDWGQGTLVTVSS
seq9651,EVQLLESGGGEVQPGGSLRLSCAASGSVFSIDAMGWYRQAPGKQRELVAVLSGISSAKYADSVKGRFTISGDNAKNTLYLQMSSLRAEDTAVYYCYADVSTGWGRDAHGYWGQGTLVTV
seq9652,EVQLVESGGGLVQAGGSLRLSCTASGTTFFMYAMGWFRQAPGKEREFVAAISRFGDSLHSSDSVKGRFTISRDNTENTVYLQMNMVKPEDTAVYYCAAKVAYHRSGSRYYTNHTDYDAWGQGTQVTVSS
seq9653,VQLVESGGGLVQPGGSLRLSCVASGSGFGINGVIWYRQAPGKQRELVALIKSDGYTNYRESVKGRFTISRDDAKNTVWLQMSALEPEDTGVYYCKTPGVPFGQGTQVTVSS
seq9654,QVQLVESGGGLVQAGGSLRLSCAASGRTFSTYRMGWFRQGLGKEREFVAAITANGVRTFYTDSVKGRFTISRDNAKNTLYLQMNSLQPDDTAVYLCAARRKGIFTVQQAQDITDWDYWGQGTQVTVSS
seq9655,VQLQESGGGSVQAGGSLRLSCTVSGNTDSMNLMGWFRQAPGKEREGVASIYTGSRTITYPDSVKGRFTISQDNAKNTVYLQMNSLKPEDTAMYYCAADYRARYGASLRTSAYTYWGQGTQVTVSS
seq9656,SGGGLVQPGGSLRLSCAASGFTLDYSSIGWFRQAPGKEREGVSCISSSGDSTKYADSVKGRFTTSRDNAKNTVYLQMNSLKPDDTAVYYCAAFRATMCGVFPLSPYGKDDWGKGTLVTVSS
seq9657,EVQLVESGGGLVQAGDSLRLSCAASTRTFRNYNLGWFRQAPGKEREFVAAISWADYRTFYSDSAKGRFTISRDNTKNMLYLQMNSLKPEDTARYYCGAGYRDVRVDWQPAFWGQGTQVTVSS
seq9658,VQLQESGGGLVQAGGSLRLSCAASGRTFSRDAMGWFRQAPGKEREFVAGISWSGGSTYYADSVKGRFTISRDGAKNTVNLQMNSLKPEDTAVYYCAASSIYGSAVVDGLYDYWGQGTQVTVSS
seq9659,EVQLVESGGGLVQAGGSLKLSCAASRSILDFNAMGWYRQAPGKQREWVTTIARAGATKYADSVKGRFSISRDNAKNTVYLQMSSLKPEDTATYYCNARVFDLPNDYWGQGTQVTVSS
seq9660,QLQLVESGGGLVQPGGSLRLSCAASGGIFSIGVMGWYRQAPGKQRELVATITSRGSTNYADSVKGRFTISGDNAKNTVYLQMNNLKPEDTAVYYCYADLIRPGDFYGMDYWGKGTLVTVSS
seq9661,EVQLVESGGGLVQAGGSLRLSCAASGPLFENYVIGWFRQGPGKEREGVSCIRCTGGSTTYADSVKGRFTLSRDNAKNTLYLQMNSLTPDDAAVYYCAKPRAGMAVYEYDAWGQGTQVTVSS
seq9662,QVQLQESGGGSVQAGGSLRLSCAASGYTHCNYGMSWHRQAPGKEREFVSAIDSDGSTSYADSVKGRFTISQDNAKNTVYLQMDSLKPEDTAMYYCKRILLCGDSDYATHWGQGTQVTVSS
seq9663,EVQLLESGGGLVQPGGSLRLSCAASGRPFSNYAMGWFRQAPGKEREFVSAISWSGGSTSYADSVKGRFTISRDNAKNTVYLQMNSLRAEDTAVYYCAAQFSGADYGFGRLGIRGYEYDYWGQGTLVTVSS
seq9664,EVQLVESGGGLVQAGGSLRLSCAASGSIASIHAMGWFRQAPGKEREFVAVITWSGGITYYADSVKGRFTISRDNAKNTVYLQMNSLKPEDTAIYYCAGDKHQSSWYDYWGQGTQVTVSS
seq9665,QVQLQESGGGLVQPGGSLRLSCAASGFTFDDYAMSWVRQAPGKGLEWVSAITWAGGSTYYAESMKGRFTISRDNAKNTLYLQMNSLKSEDTAVYYCARNTGLAYEVGYDYWGQGTQVTVSS
seq9666,EVQLVESGGGLVQAGGSLRLPCAASGRTFSSYRMGWFRQAPEKEREFVAVISRSGGDTFYSSSVKGRFTISRDNAKNTVYLQMNSLKPEDTAVYYCAAGAQMGWAEASTYDYWGQGTQVTVSS
seq9667,VQLQESGGGLVQPGGSLRLSCAASGGTLGYYAIGWFRQAPGKEREAVSCITSSDTSAYYADSAKGRFTISRDNAKNTMYLQMNNLKPEDTAVYYCAAGYYFRDYSDSYYYTGTGMKVWGKGTQVTVS
seq9668,QVQLVESGGGLVQAGGSLRLSCAASGLDFSSYAMGWFRQAPGEEREYVAGISRFGGRLYYADSVKGRFTISRDNAKNTVYLQMNSLKPEDTAIYHCAADRRSGLGTSKEYDYWGQGTQVTVSS
seq9669,QVQLQESGGGSVQAGGSLRLSCVASGYTDSTYCVGWFRQAPGKEREGVARINTISGRPWYADSVKGRFTISQDNSKNTVYLQMNSLKPEDTAIYYCTLTTANSRGFCSGGYNYKGQGTQVTVS
seq9670,EVQLVESGGGLVQPGGSLRLSCAASGFTFGGYWMTWVRQAPGKGLEWVSSIANDGKSTYYVDSVKGRFSISRDNAKNTLYLQMNSLKSEDTAVYYCVRDWASDYAGYSPNSQGTQVTVSS
seq9671,QVQLVESGGGSVQPGGSLRLSCAASGFTFSSYALGWARQVPGKGLQWVSGVYSNGNTYYADSVKGRFTISRDNAKNTVYLQMDSLKPEDTAVYHCAVGGRGACTYSDGSLHCPNEYWGQGKQVTVSS
seq9672,QVHLMESGGGSVQAGGSLRLSCARSGVTYCRLTMRWYRQAPGSEREFVSAIYSDGSTAYADSVKGRFTMSQDDAKNTVYLQMNSVKPEDTAMYYCKLNCASGLTAWGQGTQVTVSS
seq9673,VQLVESGGGLVQAGGSLRLSCVASGTSFSVGAAGWYRQAPGKQRDLVAEIYPSGSTIYADSVKGRFTISRDNAKNTVYLQMNALKPEDTAVYYCNVVRWGVDYWGQGTQVTVSS
seq9674,QLQLVETGGGTVQAGGSLRLSCEASGFRFADYAIGWFRQAPGQERESVSCAYPQGSQFYRDSVKGRFTFASDSAKNTVYLQMTDLKPEDTATYYCAATAAAYCSGFKQDGDHWGKGILVTVSS
seq9675,QIQLVESGGGSVQAGGSLRLSCAASGDSYSVNYMGWFRRAPGQQREQREEVASIYATGGTFYRDSVKGRFTISRDNAKNTLYLQMTALKPEDTAMYYCAAGKWGTDYWGQGTQVIVSS
seq9676,EVQLVESGGGSVQAGGSLRLSCAASGRTFSSYAMGWFRQAPGKEREFVAAINWSGGYTYYADSVRGRFTISRDNAKNTVYLQMNSLKPEDTAVYYCAAPAPGSSGYEYDYWGQGTQVTVSS
seq9677,EVQLVESGGGVVQAGGSLRLSCAASGGTFSFYGMGWFRQAPGKEQEFVADIRTSAGRTYYADSVKGRFTISRDNAKNTVYLQMNSLKPEDTALYYCAAEMSGISGWDYWGQGTQVTVKS
seq9678,EVQLVESGGGLVQPGGSLRLSCAASGFTFSSYAMSWVRQAPGKGLEWVSAINSGGGSTSYADSVKGRFTISRDNAKNTLYLQMNSLKPEDTAVYRCAKYYEADPAKNEYDYWGQGTQVTVSS
seq9679,EVQLVESGGGLVQPGGSLRLSCAASGHFSNLAVNWFRQAPGKERELVAGILWSGGSTFYADSVKGRFTISRGNAENMLYLQMNSLRAEDTAVYYCNTGTNWGQGTLVTV
seq9680,EVQLVESGGGEVQPGGSLRLSCAASGSTFSDYHMSWFRQAPGKQREPVATSHHGGTTNYAGSVKGRFTISRDNAKNTVYLQMNSLRAEDTAVYYCKADHGYQGRGYWGQGTLVTVKP
seq9681,EVQLVESGGGLVQPGGSLRLSCATSGFTLDYYVIGWFRQAPGKEREGVSCMSSSGDITTYAPSVKGRFTISRDNAKNMVYLQMTSLKPEDTAVYYCAADFPLGCYSGSYVPRYDYWGQGTQVTVSS
seq9682,EVQLVESGGGLVQPGGSLRLSCAASGFTLDDYAIGWFRQAPGKEREGVSSISSSDGRTYYADSVKGRFAISRDNAKNTVYLQMNSLKPEDTAVYYCAADQGVVAYDALRPYRWLEVWGQGTLVTVSS
seq9683,EVQLVESGGGLVQAGGSLRLSCAASGRTINTYATGWFRQAPGKEREFVARISWGADSTNYADSVKGRFTISKDNAKNTVYLQMNSLKPEDTAVYYCAADKPYRALNLERMHDSSEYDVWGQGTQVTVSS
seq9684,QVQLQDSGGGLVQAGGSLRLSCAASGSIGDIHTMGWYRQTPGKQRDVVATIQSGGSTNYADSVKGRFTISRDNTLNTVYLQMNDLKPEDTGVYYWNADVRPYRTSRYLEIWGQGTLVTVFL
seq9685,EVQLVESGGSLVPPGGSLRLSCAASGFTFDDYAMSWVRQAPGKGLEWVSSINWSGTHTDYTDSVKGRFTISRNNANNTLYLQMNSLKSEDTAVYYCAKNWRDAGTTWFEKSGSAGQGTQVTVSS
seq9686,QVQLVESGGGLVQAGGSLRLSCAASGRTFGSDAAGWFRQASGKEREFVASISWSGGYTYYADSVKGRFTSSSDNVKNTVYLQMNSLTPEDTAVYFCATVNRYSDYRISLVTPSQYEYWGQGTQVTVS
seq9687,EVQLVESGGGLVQAGGSLRLSCESSISTFSSDAMGWFRQAPGKEREFLAAIGWSGAVTHYSDSVKGRFTISRDNAKNTVYLQMNSLKSEDTGRYYCAEDYDTDVWQYWGQGTQVTVSS
seq9688,EVQLVESGGGLVQAGGSLRLSCAASVLTFGTYTVGWFRQAPGKEREFVSIITGSGTYNDYADSVKGRFTVSRDNAKNTVYLQMNSLKSEDTAVYYCAARHWGMFSRSENDYNYWGQGTQVTVSS
seq9689,QVQLVETGGGLVQAGASLRLSCVDSGGIFWSSIMAWFRQAPGQEREFVSAITWTGDSTYYEDSVKGRFTISRDNAKNTVYLQMNGLKPGDTAVYYCAASPSTVVGRAAREYPYWGQGTQVTVSS
seq9690,EVQLVESGGGPVQAGGSLRLSCAASGRTYRGYSMAWFRQAPGKEREFVAAIVWSDGNTYYEDFVKGRFTISRDSAKNTLYLQMTNLEPGDTALYYCAAKIRPYIFKIAGQYDYWGQGTLVTVSS
seq9691,EVQLVESGGGLVQPGGSLRLSCAASGFTMSSSWMGWFRQAPGKEREWVASINSGGTRNYADSVKGRFTISADNSKNTAYLQMNSLKPEDTAVYYCAADVWYGSTWRNWGQGTLVTVSS
seq9692,QVKLEESGGGSVQTGGSLRLTCAASGRTSRSYGMGWFRQAPGKEREFVSGISWRGDSTGYADSVKGRFTISRDNAKNTVDLQMNSLAPEDTAIYYCAAAAGSAWYGTLYEYDYWGQGTQVTVSS
seq9693,QVQLVESGGGLVQPGGSLRLSCAAPGNTFSISAMGWYRQAPGKQREWVAVTHSDYSTNYADSVKGRFTISRDNSKNTLYLQMNSLRAEDTAVYYCKHYGIDYWGQGTLVTVSS
seq9694,EVQLVESGGGLVQPGRSLTLSCAASTNIFSHSPMGWYRQAPGKQRELVAAIHGTSTLYADSVKGRFTISRDNAKNSIYLQMNSLRPEDTALYYCNKVPWGRYHPRNVYWGQGTQVTVSS
seq9695,EVQLVESGGGLVQAGGSLRLSCVVSGIPSSIRAMAWYRQAPGRQRDWVATIYSPSGSAVYADSVKGRFTISSDNAKSTIYLQMNSLKPDDTAVYYCRDVNRDYWGQGTQVTVSS
seq9696,QVQLQESGGGLVQPGGSLRLSCAASGGTLGYYAIGWFRQAPGKEREAVSCITSSDTSAYYADSAKGRFTISRDNAKNTMYLQMNNLKPEDTAVYYCAAGYYFRDYSDSYYYTGTGMKVWGKGTQVTVSS
seq9697,VQLVESGGGLVQAGGSLRLSCAPSRLTLDFFAIAWFRQAPGKEREGVSCISSHDGSTYYTDSVKGRFTISKDNAKNTVYLQMNSLKPEDTAVYYCALDHNVGTCQLTQAEYDYWGQGTQVTVSS
seq9698,QVQLVESGGGLVQPGGSLRLSCVVSRSISSMNSMGWYRQAPGKQREMVAVMYSGDSTLYADSVKGRFTISRDNAKNTVYLQMNSLKPEDTAVYFCKGEDWTTPVRSDYWGQGTQVTVSS
seq9699,EVQLVESGGGLVQPGGSLRLSCAASGGTFSYYDLAAMGWFRQAPGKEREFVAAISWSQYNTKYADSVKGRFTISADNSKNTAYLQMNSLKPEDTAVYYCAARVVVRTAHGFEDNWGQGTLVTVSS
seq9700,EVQLVESGGGLVQAGGSLRLSCAASGRPFSNYAMGWFRQAPGKEREFVTVISWSGGSTYYADSVKGRFTISRDNAKNTVYLQMNSLKPEDTAVYYCAAQFSGASTVVAGTALDYDYWGQGTRVTVSS
seq9701,EVQLVESGGGLVQPGGSLTLSCAASGSNVSFLSMAWYRQAPGKKRELVAGISARGSTDYIDSVKGRFTISRDNAKNSVYLQMNSLRAEDTAVYYCYAYHWTTRYTYWGQGTLVTVSS
seq9702,QVQLQESGGGLVEAEGSLRLSCAASGRTFGSYAMGWFRQAPGKERELVAAISSGGSTLYAGSVKGRFTISKDNAKNTVYLQMNSLKPEDTAVYYCAARSGGAYYTARVDWPYWGQGTQVTVSS
seq9703,QVQLVESGGGLVQPGGSLRLSCTDSGRTFSVKPMGWFRQAPGMEREFVAAASFTGVSTFYADSVKDRFTIFRDKDKNTMDLQINSLKPEDTGAYYCAGTTRTLWGSKWRDVLEYEYWGQGTQVTVSS
seq9704,QVQLQESGGGSVQAGGSLRLACAAPGYTFSDYCMGWFRQAPGKEREEVARISGGKRTYYSDSVRGRFTISRDDYKNTVWLQMDSLKPEDTAIYYCARGGYTTGVCAGGFNDWGQGTQVTVSS
seq9705,QVQLQESGGGLVQAGGSLRLSCAASGPSFNNGAMSWFRQAPGKEREFVAAIRWSGGGIRYADSVKGRFTISRDNAKNTLYLQMNSLKPEDTAVYYCAIDPRADLVATMTSIRYWGQGTQVTVSS
seq9706,EVQLVESGGGLVQPGGSLRLSCAASGHTFRNYGMGWFRQAPGKEREFVAAITSSGSTNYADSVKGRFTISADNSKNTAYLQMNSLKPEDTAVYYCATVPPPRRFLEWLPRRLTYTWGQGTLVTVSS
seq9707,EVQLVESGGGLVQAGGSLRLSCAASGLTFSTYTMGWFRQAPGKEREFVSTISGSGLIKDSVKDRFTISRDNAKNTVYLQMNSLKPEDTAVYYCAARLSGWTSSRDKDYGYWGQGTQVTVSS
seq9708,QVQLVESGGGLVQAGGSRRLSCATSGLTFRNFHMAWFRQVAGKEREVVCAISWSRDRQYYPDPVKGRFTCTRDNAKNTVYLQMNSLKPEDTAVYYCAARTASASGDWYKGSYQYWGQGTQVTVSS
seq9709,EVQLVESGGGSVQAGGSLRLSCVASGLYFNGNGLGWFRQAPGKEREFVAAIAWNGARINYADSVKGRFTVSRDNIKNTVYLQMNSLKPEDTAVYYCASARSGYASISINEYDYWGQGTQVTVSS
seq9710,EVQLVESGGGLVQPGGSLRLSCAASETIFSIDSMAWYRQAPGKQRELVAAITGGGSPNYADSVKGRFTISSDVAKRTVYLQMNSLKPEDTAVYYCNAEGQAGWGTALMDYWGKGTLVTVSS
seq9711,QVQLQESGGGTVQAGESLTLSCAASGTIFRFTVMGWYRQVPGKEREFVASITYTDATDYADSVKGRFTISRDNAKNTAYLQMNSLKPEDTAVYSCFAHYAGYYYGQGTQVTVSP
seq9712,VQLVESGGGVVQPGGSLRLSCAASGLTLSQYTMGWFRQAPGKERELVAAIHWTSSVTDYADSVDGRFTISRDDSKNTGYLQMNSLRAEDTAVYYCAATWYYTHRGPFDYWGQG
seq9713,EVQLVESGGGLVQPGGSLRLSCAASGSIFSINTMGWYRQVPGKQRELVATVRSGSITNYADSVQDQFTITRDIDENTVYLQMNSLKPEDTAVYYCLTRASVPGRGYQDYWGQGTQVTVSS
seq9714,EVQLVESGGGLVQPCGSLRLSCAASGFTFDDYGMSWVRQAPGKALEWVSAISWNGNNTYYTESMKGRFTISRDNAKNTLYLQMNSLRPEDTAVYYCVKGSTAIVGVPPTYPDEYDYWGQGTLVTVSS
seq9715,EVQLVESGGGLVQAGGSLRLSCVASGRAFNTYGMGWFRQAPGKEREFVAANNWSGGATSYADSVKSRFTISRDNYKNTVFLQMNTLKPEDTAVYYCAAANRGGGWLTVRENDYDYWGQGTQVTVSS
seq9716,QVQLAESGGGLVQPGGSLGLSCVVASERSINNYGMGWYRQAPGKQRELVAQISSGGTTNYADSVEGRFTISRDNVKKMVHLQVNSLKPEDTAVYYCNSLLRTFSWGQGTQVTVSS
seq9717,DVQLVESGGGLVQPGGSLRLSCAASGSLFTINAMGWYRQAPGKQREEVAAITSGGSTNYADSVKGRFTFSRDTARNTVCPQMNSLKPDHTAVYYCKALVVPPTPYSVYWGQGTLVTVSS
seq9718,QVQLVESGGGLVQPGQSLRLSCEVSGLILNYYSLGWFRQAQDKAREDISCIDLSQNTTLSSESLKGRFAVSRDAARNTVYLDITALEEADTATYYCATDLYPCDRILILGRDGHLEHWGQGTLVTVSS
seq9719,EVQLVESGGGLVQAGGSLRLSCAASGRTFSSYAMGWGRQAPGKEREFVATISWSGGSTYYADSVKGRFTISRDNAKNTVYLQMNSLKPEDTAVYYCAADLAEFKYSDYADYWGQGTQVTVSS
seq9720,EVQLVESGGGSMQAGGSLRLSCTASGRPFDNYAVAWFRQVPGKEREFVAAISWSLSRTHYANSVEGRFTISRDNAKNTAFMQMSSLKPEDTAVYYCAAAPRPKRASVQYFSTSSNYDYWGQGTQVTVSS
seq9721,VQLAESGGGSVQAGGSLRLSCAASGYTISSYCMGWFRQAPGKEREGVAAIDSDGSTSYADSVKGRFTISKDNAKNTLYLQMNSLKPEDTAMYYCAADFCWVDDFYEYNYWGQGTQVTVSS
seq9722,DVQLVESGGGLVQPGGSLRLSCAASGRASSINWMGWFRQAPGKEREFVAGIRWSDAYTEYADSVKGRFTISRDNSKNTVYLQMNSLRPEDTAVYYCVLDLSTVRYWGQGTLVTVSS
seq9723,EVQLQASGGGLVQAGGSLRLSCTASGRATGNYPMGWFRQAPGKEREFVAAISRDGDSTYYADSVKGRFTISRDNAKNTVYLQMNSLKPEDTAVYYCAADRLTAYRYNPGQIDYWGQGTQVTVSS
seq9724,EVQLVESGGGLVQPGGSLRLSCAASGRTYDAMGWFRQAPGKEREFVAAISGSGDDTYYADSVKGRFTISKDNSGNTMYLQMNSLRPEDTAVYYCATRRGLYYVWDSNDYENWGQGTLVTVSS
seq9725,AVQLVESGGGLVQAGGSLRLSCTASGRTFSSYAMGWFRQAPGKEREFVAAISWSGRSTYYADSVKGRFTISRDNAKNTVYLQMNSLKSEDTAAYYCAAGPIARWYRGDMDYWGKGTLVTVSS
seq9726,EVQLVESGGGLVQPGGSLRLSCAASGGTFSTYAMGWFRQVPGKEREFVASIDWSGLTSYADSVKGRFTISADNSKNTAYLQMNSLKPEDTAVYYCARGPFYMYCSGTKCYSTNWFDPWGQGTLVTVSS
seq9727,QVQLQESGGGSVQAGGSLRLSCAASRYTASSNCMAWFRQAPGKEREGVATIYNGGGSTAYADSVKGRFTISQDNAKNTVYLQMNSLKPEDTAMYYCGAGSPRFCASATMTGGHHLFGYWGQGTQVTVSS
seq9728,QVQLVESGGGLVQAGGSLRLSCAASGFPFGSYYMSWVRQAPGKGPEWVSDISNGGIITRYSDSVKGRFTISRDNAKNILYLQMNSLKPEDTALYFCATGTGRDWSREYRGQGTQVTVSS
seq9729,QVQLQASGGGLVQPGGSLRLSCATSGFTLDNLAIGWLRQAPGKEREGVSCISGSVGSTYYVDSVEGRFTISKDNAKNTVALQMDRLNPEDTAVYYCSAVGRERTHLPNWQYWGQGTQVG
seq9730,VQLQESGGGLVQTGGSLRLSCAASGSIFVGNAMGWYRQALGNQRELVAGITSDGTTYYPDSVKGRFTISRDNDKNTIYLQMNSLKPEDTAVYYCNLWPPRIGFASWGQGTQVTVSS
seq9731,DVQLQASGGGLVQAGGSLRLSCAASGRTFSSYAMGWFRRAPGKEREFVAAISWSGTNTNYADSVKGRFTISRDNAKNTMYLQMNRLAPEDTAVYYCAATSTRTYYYTTSRSNEYVYWGQGTQVTVSS
seq9732,EVQLVESGGGLVQPGGSLRLSCAASGTTSSIFAMRWYRQAPGKQRELVASITRSSITTYADSVKGRFTPSRDNAKNTVSLQMNSLKPEDTAVYYCNAAIRPELYSVVNDYWGQGTQVTVSS
seq9733,DVQLQESGGGLVQPGGSLRLSCAASGFLFSDTYMTWARQAPGKGLEWLGGISKDGSGTLYEDSVEGRFTISRDNAKNTLYLQMNSLKSEDTALYYCSTGALLPTRPQGQGTQVTVSS
seq9734,EVQLVESGGGLVQAGGSLRLSCAASGRTFSSYYMGWFRQAPGKEREFVARIGWSSGSTYYADSMKGRFTISRDNAKNTVYLQMNSLKPEDTAVYYCAAAPRYTLATVTYDYDYWGQGTQVTVSS
seq9735,EVQLVESGGSLVQPGGSLRLSCAASGFTFDDYAMTWVRQAPGKGLEWVSSINWSGTHTDYTGSVKGRFTISRNNANNTLYLQMNSLKSDDTAVYYCAKNWGDAGTTWFEKSGSAGPGTQVTVSS
seq9736,EVQLLESGGGEVQPGGSLRLSCAASGSVFSIDAMGWYRQAPGKQRELVAVLSGISSAKYADAVKGRFTISRASAPNTVYLQMSSLRAEDTAVYYCYADVSTGWGRDAHGYWGQGTLVTV
seq9737,QVKLEESGGGLVQAGGSLRLSCAASGRTFSMYRMGWFRQAPGKEREFVCVITRNGSSTYYADSVKGRFTCSRDNAKNTVYLQMNSLKPEDTALYYCAATSGSSYLDAAHVYDYWGQGTQVTVSS
seq9738,EVQLQESGPGLVKPSQTLSLTCTVSGGSITSRYYAWSWIRQPPGKGLEWIGVIDYDGDTYYSPSLKSRTTISVDTSKNQFSLQLSSVTPEDTAVYYCARDPDVVTGFHYDYWGQGTTVTVSS
seq9739,ELQLVESGPGLVKPSQTLSLTCTVSGASITSSYYDWTWIRQPPGKGLEWMGVIHYDGSTYYSPSLKSRTSISRDTSKNQFSLQLSSVTPEDTAVYYCTQSYSSSPWDYDYWGQGTQVTVSS
seq9740,EVQLVESGGGVVQAGESLTLSCAASGRTLSAYIMGWFRQAPGKEREFVAGIWSGGYTHLADSAKGRFSISRDNAKNTVYLQMNGLKPEDTALYYCAAGLRGRQYSNWGQGTLVKVSS
seq9741,EMQLVESGGGSVQAGESLRLSCAASGSIFSSNAMAWYRQAPGKQRDLVALINSVGITKYADSVKGRFTISRDNAKNTVYLQMNSLKPEDTAVYYCTSDGRRGWDTRYWGQGTQVTVSS
seq9742,QVQLVQSGGGLVQAGGSLRLSCAPSGSIFGIRTMDWYRQAPGKERELVARITMDGRVFHADSVKGRFSGSRDGASNAVYLQMNSLKPDDTAVYYCRYSGLTSREDYWGPGTQVTVSS
seq9743,EVQLVESGGGLVQAGGSLRLSCTASGSAFSSSVVGWFRQAPGKEREFVTAINWSGARTYYADSVKGRFTISRENAKNTAYLQMDSLKPEDTAVYYCAAGSDRYARAFTDYEYVWWGQGTQVTVSS
seq9744,EVQLVESGGGLVQPGGSLRLSCAASGFTFSNYWMFWVRQAPGKGLEWVSSISTHSRTTSYARSVKGRFTISRDNAKNTLYLQMNSLKSDDTAVYYCAKAKAGYRGTGYSPANDYDYRGQGTQVTVSS
seq9745,VQLQESGGGSVQTGGSLRLSCAASGDSITTYHMAWFRQTPGKEREEVAVINDDANSRIYVDSVKGRFTISQDKAKNTVYLQMNYLTPEDTAIYYCAADLRCVPGTDSGHPYSYNYWGQGTQVTV
seq9746,EVQLVESGGGLVQPGRSLTLSCAASTNIVSISPMGWYRQAPGKQRELVAAIHGKSTLYADSVKGRFTISRDNAKNSIYLQMNSLRPEDTALYYCNKVPWGDYHPGNVYWGQGTQVTVSS
seq9747,EVQLVESGGGLVQPGGSLRLSCAASGFTFGSSDMSWVRQAPGKGPEWVSGINSGGGITDYANSVKGRFTISRDNAKNTLYLQMNSLKPEDTAVYSCATDFWGSTWSGLPGTQVTVSS
seq9748,QVQLVESGGGLVQAGGSLRLACSASGRTFLTYALGWFRQAPGKEREFVAGVSWSGSGTKYADSVKGRFTISRDNAKNTVYMQMNSLKPEDTAVYYCAAQISAIVPISAHEYEYWGQGTQVTVSS
seq9749,EVQLVESGGGLVQPGGSLRLSCAASGFTLDDYTTGWFRQAPGKEREGVSCISSSDGGTWYADSVKGRFTISRDNAKNTVYLQMNSLKPEDAAVYYCAVDSTAGSSCPGPDFYAMDYWGKGTLVTVSS
seq9750,EVQLVESGGGLVQAGGSLRLSCAASGIFIIDTMGWYRQAPGKQRELVASITPTGNTNYVDSVKGRFAISRDNNKNTMHLQMNSLKPEDTAVYYCNAVYPRYYGDDDRPPVDSWGQGTRVTVSS
seq9751,QVQLHESGGGLVQPGESLRLSCVASGFTLDHSAVGWFRQVPGKEREKLLCINANGVSLDYADSIKGRFTISRDNAKNTVYLQMNDLKPEDTATYSCAATREFCSAYVFLYEHWGQGTQVTVSS
seq9752,EVQLVESGGGLVQSGGSLRLSCAGSGFSYYIIGWFRQAPGKEREEVSCIRVTDGSTYYTNSVKGRFTMSRDNAENTVYLQMNSLKPEDTAVYSCATECQRWAYPNRIGARGQGTQVTVSS
seq9753,EVQLVESGGGLVQPGGSLRLPCVASGSIFRGNTMGWYRQTPGKQRELVASITSRGYTSYADSVKGRFTISRDNAKNTVYLQMNSLKPEDTAVYYCNRIVVESQWGQGTQVTVSS
seq9754,DVQLVESGGGVVQPGGSLRLSCAASGFILDYYAIGWFRQAPGKEREGVLCIDASDDITYYADSVKGRFTISRDNSKNTVYLQMNSLRPEDTAVYYCATPIGLSSSCLLEYDYDYWGQGTLVTVKS
seq9755,EVQLVESGGGLVQAGGSLRLSCAASGRTFSTYAMGWFRQAPGKEREFVAASNWSGGSKYYADSVKGRFTISRDNAKNTVYLQMNSLKPEDTAVYYCAARGSGELRLREYEYDYWGQGTQVTVSS
seq9756,EVQLVESGGGLVQAGGSLGLSCSASGLLFSRNSAGWYRQAPGKQREFVARIRIGGSINYADTVKGRFTISRDNAKNTVYLQMNSLKPEDTAVYYCSSWRTGFYEYWGQGTLVTVSS
seq9757,EVQLVESGGGLVQPGGSLRLSCAASGRTYYLNAMGWFRQAPGKDREFVAAIDWSDGNKDYADSVKGRFTISRDNSKNTVYLQMNSLRPEDTAVYYCAADTPPWGPMIYIESYDSWGQGTLVTVSS
seq9758,QVQLQESGGGLVQPGGSLRLSCTASGSFFSINAMGWYRQAPGNQRELVAAITNGGRIAYTDSVKGRFTISNDNAKNTVYLQMNSLKPEDTDVYYCNAKAIPIYGSTAEDYWGQGTQVTVSS
seq9759,QSGGGLVQAGGSLRLSCAASGRTFSNNGMGWFRQAPGKEREFVAAISWSSGSTYYADSVKGRYTISRDNAKNTVYLQMNSLKPEDTAVYYCAARTRYNSGYFTRNYDYWGQGTQVTVSS
seq9760,ELQLVESGGGLVQPGGSLRLSCAASGFTFSSYSMFWVRQSPGKGLERVSGINGGGDRSNYADSVRDRFTISRDNAKNTLYLQMNSLKSEDTAVYYCVIQGYAYWGQGTQVTVSS
seq9761,EVQLVESGGGLVQPGGSLRLSCTTSGTIFSNNAMGWYRQAPGKKRDLVASISNSGSTNYADSVKGRFTVSRDNDKNTGYLQMNNLKPEDTGVYYCTLDARRGWNTAYWGQGTQVTVSS
seq9762,EVQLVESGGGLVQPGGSLRLSCAVSGGTFSSVGMGWFRQAPGKELEFVGAISRSGDSTYYAGSVKGRFTISRDGAKNTVYLQMNSLKDEDTAVYYCAARPAGTPINIRRAYNYWGQGTQVTVSS
seq9763,QVQLQESGGGSVQAGGSLRLSCAASGYTYTSYCMGWFRQAPGKEREGVAGIDRDGIAVYADSVKGRFTVSKDNVEDTLSLQMNSLKPEDTAMYYCAADYRRWCRDEYEYWGQGTQVTVSS
seq9764,EVQLVESGGGLVQPGGSLRLSCVASGLPGSSSRMAWFAQAPGKEREFVAAIAWRGRTSYKYYSDSVKGRFTVSGDNAKRTLDLQMKDLNPEDTALYFCAAHPNDDGDPRISGNYQYWGQGTQVTVSS
seq9765,EVQLVESGGGLVQPGGSLRLSCAASGSIFSINAMGWYRQAPGKQRELVAAITSGTNYADSVKGRFTISRDHAKNTVYLQMNSLKPEDTAVYYCNLEGQTGWGTALMDYWGKGTQVTVSS
seq9766,EVQLVESGGGLVQAGGSLRLSCAASGRTFRPYRMGWFRRAPGKAREFVTLISWSSGRTSYADSVKGRFTISRDSAKNAVYLQMDNLKPEDTAVYFCAVDLSGDAVYDSWGQGTQVTVSS
seq9767,EVQLVESGGGLVQPGESLSLSCTASGSAFGINSMGWYRQAPGKERELVAVMYSDSNTTYTDSVKGRFTISRDYAKNTVYLRMNSLKPEDTAVYFCHCEAIREPGDYYGWHYWGKGTLVTVSS
seq9768,QVQLQESGGGLVQAGGSLRLSCATSGRPFGGYAMAWFRQAPGKGREFVAAVTWSAGTTNYAGSVKDRFTVSRDNANNTMYLQMNSLKPEDTAVYICGAATGYRSTDRLSDPNWVNYWGQGTQVTVSS
seq9769,EVQLVESGGGLVQAGGSLRLSCTASGRTISTTVMGWFRQAPGKEREFVAAVHWGDEGTVYADSVKGRFTISRDNAKNTVYLQMNALKPEDTSVYYCAAKPPTYVGTSRSSRAYVYWGQGTQVTVSS
seq9770,QVQLQASGGGLVQPGGSLRLSCAASGFTLDYAIGWFRQAPGKEREGVSCISSSDDSTYYRDSVKGRFTISRDNAQNTVYLQMNNLKPEDTAVYYCNADWAHSDYATSIMGDYWGQGTQVG
seq9771,EVHLVESGGGLVQAGGSLRLSCAASGLTLDDYAIGWFRQAPGVEREGVSSIRDNDGSTYYADSVKGRFTISSDNDKNTVYLQMNSLKPEDTAVYYCAAVPAGRLRFGEQWYPIYEYDAWGQGTLVTVSS
seq9772,EVQLQESGGGLVQAGDSLRLSCLVSGRSFNSYTMGWFRQAPGKEREFVAAILWSGPTTYYADSVKGRFTISRDNAKNTVYLQMNSLKPEDTAVYYCAAALGVLVLAPGNVYSYWGQGTQVTVSS
seq9773,VKLEESGGGLVQAGGSLRLSCAASGLDFSSYAMGWFRQAPGEEREYVAGISRFGGRLYYADSVKGRFTISRDNAKNTVYLQMNSLKPEDTAIYHCAADRRSGLGTSKEYDYWGQGTQVTVSS
seq9774,QVQLVESGGGLVQPGGSLRLSCAAAESMLSPYSMGWYRLPPGKQRELVASLGSGGRTTYADSVKGRFTISRDNAKNTAYLQMNSLKPEDTAVYRCNIRELLGRRYEYWSQGTQVTVSS
seq9775,EVQLVESGGGLVQPGGSLRLSCAASESIFSIDAMGWYHQAPGKQRELVATITGGGSTNYADSVKGRFTISGDSAKRTVYLQMDSLKPEDTAVYYCNAEGQAGWGTALMDYWGKGTLVTVSS
seq9776,QVQLQQSGGGLVQPGGSLRLSCVGSGFIFGNYDMSWVRQAPGKEVEFVAGISSGGNDIVYEDAVKGRFSISRDNARNTVYLDMASVKPEDAGVYYCAADLDPGTDSLDNIHHGQGTQVFVSS
seq9777,QLQLVESGGGLVPAGGSLRLSCAASGSIFNGNVMAWYRRTPGNQRNMVAAITSSGSTTYPHSVKGRFTISRDNAENTLYLQMNSLKPEDTAVYYCNTLQPLNYWGQGTQVTVSS
seq9778,EVQLVESGGGLVQPGGSLTLSCAASGSDVWYLSLAWYRQAPGKKRELVAGISDDGSRHYIESVKGRFTISRDNAKNSVYLQMNSLRAEDTAVYYCYAYSWKTRFPYWGQGTLVTVSS
seq9779,QVQLVESGGGSVQAGGSLRLSCAASGYTFSSYPMGWYRQAPGKECELVSRIFSDGSANYAGSVKGRFTISRDNAKNTAYLQMDSLKPEDTAVYYCAAGPGSGKLVVAGRTCYGPNYWGQGTQVTVSS
seq9780,QVQLQDSGGGLVQPGGSLRLSCAASGRTFSNNAAGWFRQAPGKEREFVASISWYGNTYYADSVKGRFTISRDNALNTVYLQMNSLKPKDTAVYYCAAAAKRLGVSSDANDYDYWGQGTQVTVSS
seq9781,QVQLQESGGGSVQTGGSLTLSCAASTSIYSYNYMAWFRQAPGKGREGVAAVYIGDGRPYYADSVKGRFTISPDSAKNTVYLQMNSLKPEDTAMYYCAAAPGPLSRHYWYTSANYDYWGPGTQVTVSS
seq9782,EVQLVESGGGSVQAGGSLRLSCAASQRTFSSDVMGWFRQAPGKERDFVAYIHRSGTTYYADSVKGRLTISRDNAKSTVYLQMNSLKPEDTAVYHCAAGRYGSTSDTLYDYWGQGTQVTVSS
seq9783,QVQLQESGGGLVQAGNSLRLSCAASGRTSDIYGMEWHRQVPGKEREFVVILSWSDGATNYADSVKGRFTVSRDNAKNTMYLQMNSLKPEDTAVYYCALQPFGASSYRYWGVGTQVTVSS
seq9784,QVQLQESGGGLVQAGGSLRLSCAASGRTGSTYDMGWFRQAPGKERESVAAISWDSARTYYASSVRGRFTISRDSAKKTVYLQMTSLKPEDTAVYTCGAGEGGTWDSWGQGTQVTVSS
seq9785,EVQLVESGGGLVQAGGSTRLTCLASGSISSINVIGWYRQAPGKQRELVAMIGRGEGANYGDFAKGRFTISRDNSKNTVYLQMNSLKPEDTAVYYCYADYEDRDSPINGSWGQGTQVTVSS
seq9786,EVQLVESGGGLVQAGGSLRLSCAASGRTYYLNAMGWFRQGPGKDREFVAAIDWSDGNKDYADSVKGRFTISRDNAKNTVYLQMNSLKPEDTAVYYCAADTPPWGPMIYIESYDEWGQGTLVTVSS
seq9787,QVQLQASGGGLVQAGGSLRLSCQASESISSINTMGWFRQASGEEREFVAAIESGGATAYAESAKGRFTISRDNAKNTVYLQMNSLKPEDTAVYYCAAGVPTYDDDAMPISWRFWGRGTLVTVSS
seq9788,QVQLVESGGGSVQAGGSLRLSCVASTYTGCMGWFRQAPGKEREGVAALSSRGFAGHYTDSVKGRFSISRDYVKNAVYLQMNTVKPEDAAMYYCAAREGWECGETWLDRTAGSHTYWGQGTLVTVSS
seq9789,EVQLVESGGGLAQAGGSLRLSCAASGRTSEIYTMGWFRQAPGKEREFVAGIRWRSDRAAYEDSVKGRFTISRDNANNRVYLQMNSLKPEDTAVYYCAASSIAYRNDMSVSIWGQGTRVTVSS
seq9790,EVQLVESGGGLVQPGGSLRLSCAASGFTIGSYDMSWVRRSPGKGPEWVSSINSGGGSTYYTDYVKGRFTISRDNAKNTLYLQMNSLKPEDTAVYYCAADRYIWARQGEYWGAYAYDYWGQGTQVTVSS
seq9791,EVQLVESGGGSVQAGGSLTLSCTASGRPFDNYAMAWFRQAPGKEREFVAAVSWSLSRTHYADSVLGRFTISRDNAKNTAFMQMSSLKPEDTAVYYCAAAPRPKWVSVRYFSTSSNYDYWGQGTQVTVSS
seq9792,QVQLVESGGGLVQAGGSLRLSCAASGYAYTYIYMGWFRQAPGKEREGVAAMDSGGGGTLYADSVKGRFTISRDKGKNTVYLQMDSLKPEDTATYYCAAGGYELRDRTYGQWGQGTQVTVSS
seq9793,QVQLVQSGGGLVQAGASLRLSCVASGRTRSLRTMAWFRQAPGKERIFVAAISWRSDSTYYADSVKGRFTISRDNAKNTAYLQMNTLKPEDTAVYYCAAGGGWLATTPDEYTYWGQGTLVTVKP
seq9794,EVQLVESGGGLVQPGGSLRLSCVASGLTFSRYDMGWFRQAPGEERKFVAGINWSGGRTYYADSVKGRFTISRDNAKETVSLQMSGLKPEDTAVYYCAADQPPSTWLVEYFDYWGQGTRVTVSS
seq9795,EVQLVESGGGLVQPGGSLRLSCAASGRTYDAMGWLRQAPGKEREFVAAISGSGDDTYYADSVKGRFTISRDNSGNTMYLQMNSLRPEDTAVYYCATRRGLYYVWDSNDYENWGQGTLVTVSS
seq9796,QVQLQDSGGALVQPGGSLRLSCAASGFTLDDYAIGWFRQAPGREREGISCISSNVGSTYYADSVKGRFTISRDNAKNTVYLQMNSLKPEDTAVYYCAARHYGLCVVDRYYYDMGYWGKGTPVTVSS
seq9797,QVHLVESGGGSVQTGGSLRLSCAVSGDIYNLMSMAWFRRAPGKEREGVAYINTIIGNTYYTDSVKGRFTISRDNSKNTLYLQMNNLKPEDTAMYYCAAFNYGGAWYEERSYKYWGQGTQVTVSS
seq9798,QVQLVESGGGLVQPGGSLRLSCAASGFTFSWYDVGWYRRAPGKERELVADIASTRGTTNYADSVKGRFTISRDNAKNSVYLQMNSLKPEDTAVYYCNTRRDWRDYWGQGIQVTVSS
seq9799,DVQLQESGGGSVQAGGSLRLSCAASGYTYSTYCMGWFRQAPGKEREGVATIDSDGSTSYADSVKGRFTISRDNAKNTLNLQMSSLKPEDTAMYYCAARFGPMGCVDLSTLSFGHWGQGTQVTVS
seq9800,EVQLVESGGGEVQPGGSLRLSCAASGSIFSINAMGWYRQAPGKQRELVAVVSSDGRTTVAPSVKGRFTISRDNAKNTVYLQMSSLRAEDTAVYYCGVREWYSESDWRDYEGQGTLVTVKP
seq9801,EMQLVESGGGLVQPGDSLKLSCAFSGRTFSSYSMGWFRQAQGKEREFVVAISSSGGYIYDSVSLEGRFTISRDNTKNTVYLQTPSLKPEDTADYYCAASRAYGSSRLRLADTYDYWGQGTQVTVSS
seq9802,QVQLQESGGGLVQAGGSLRLSCAASGRTFSSYAWGWFRQAPGKEREFVSRISFSGGHTYYSDSVKGRFTISRDNAKNTVYLQMNSLKPEDTAVYYCAADPTPYGLRNERNYPYWGQGTLVTVSS
seq9803,QVQLQESGGGLVQPGGSLRLSCAASGFTLDYYAIGWFRQAPGKEREGISCISYKGGSTTYADSVKGRFTISKDNAKNTAYLQMNNLKPEDTGIYYCAAGFVCYNYDYWGPGTQVTVSS
seq9804,QVKLEESGGGSVQAGGSLRLSCAASGYTYSSYCMGWFRQAPGKEREAVATIATGTGSTYYVDSVKGRFTISQDHTKNTLYLQMNSLNSEDTAMYYCAAEYTYGGSWCYRTSDFAYWGKGTQVTVSS
seq9805,EVQLVESGGGEVQPGGSLRLSCGPSEIITSDKSVGWWRQAPGKQRELVAGISNVGSTNYAQSVKGRFTISRDNAKNTLYLQMSSLRAEDTAVYYCYARDFENEYWGQGTLVTVKP
seq9806,VQLVESGGGLVQPGGSLKLSCAASGFTLGHHRVGWFRQAPGKKREGVACISATGLSTHYSDSVTGRFTVSRDNLNNVAYLQLNSLKPEDAGVYYCASRFSLNSVDANMCLSEPQYDNWGQGTQVRISS
seq9807,QVQLVESGGGLVQAGGSLRLSCAASGSIFRINAMGWYRQASGKQRELVAAITSGGNTNYADSVKGRFTISRDNAKNTVYLQMNSLKPEDTAVYYCNADFGTGGRPYDYWGQGTQVTVSS
seq9808,EVQLVESGGGLVQAGGSLRLSCAASGRTFSGFAMGWFRQAPGKEREFVAAISWSGGSLLYVDSVKGRFTISRDNAKNTVHLQMNSLKPGDTAVYYCAAMVGPPPRSLDYGLGNHYEYDYWGQGTQVTVSS
seq9809,EVQLVESGGGLVQPGGSLRLSCAASGFTIGSYDMSWVRRSPGKGPEWVSAINSGGGSTYYTDYVKGRFTISRDNAKNTLYLQMNSLKPEDTAVYYCAADRYIWARQGEYWGAYAYDYWGQGTQVTVSS
seq9810,EVQLVESGGGEVQPGGSLRLSCAASEIIFSDKTVGWYRQAPGKQRVLVAVISNVDSTNYAESVKGRFTISRDNAKNTLYLQMSSLRAEDTAVYYCYARDFESEYWGQGTLVTVK
seq9811,QVQLQESGGGLVQAGGSLRLSCAASGLTFSNYIMGWFRQAPGKERESLASIGGSGTYTYYADSVKGRFTVSRDNAKNTVYLQMNSLKPEDTASYYCAAGGRDTYGYKLPSTRVDYWGKGTPVTVSS
seq9812,EVQLVESGGGVVQPGGSLRLSCSASGLLFSRNSAGWYRQAPGKQREFVARIRAGGSINYADSVKGRFTISRDNSKNTVYLQMNSLRPEDTALYYCSSWREGFYEYWGQGTLVTVSS
seq9813,DVQLVESGGSSVQAGGSLRLSCAASGYASSSPFMGWFRQAPGKEREAVAVTYRDGATKYCVNAVKGRFTISLDNAKNTVYLQMNSLKPDDTAMYYCAAGSLFGDVCHRSLYNYWGQGTQVTVSS
seq9814,EVQLVESGGGVVQPGGSLRLSCVASGYVHKINFYGWYRQAPGKEREKVAHISIGDQTDYADSAKGRFTISRDESKNTVYLQMNSLRPEDTAAYYCRALSRIWPYDYWGQGTLVTVSS
seq9815,KVQLVESGGGLVQDGGSLRLSCAASGRTASIQVMGWFRQAPGKEREFVGNIGWNYGLTLYPDSVKGRFTISRDNAKNTVYLQMNNLKPEDTAVYYCAARIGTTTYDYWGQGTQVTVSS
seq9816,QVQLQESGGGLVQAGESLRLSCTASGLTDSNYAIGWFRQAPGKEREFVTESNWRGGNHYYLDSIKGRFTISRDNAKSTLYLQMNNLQPEDTAVYYCAARRTARYDYWGQGTQVTVSS
seq9817,QVQLQESGGGLVQAGGSLRLSCAVSGIISSMNAMGWYRQAPGKRRELVAGLGSGVSTTYADAVKGRFTISRDNAKNTLYLQMNSLKPEDTAVYYCNRWPPPYDYWGQGTQVTVSS
seq9818,VQLVESGGGSVQAGESLRLSCVVSGTDFSSHHGGWARQGPGNTRTFFAAISSGGRTNYTSSVKGRFIISRDNAKNTMYLQMNNLKPEDTGLYVCNIRRKSYLSGDWGQGTQVTVAS
seq9819,QVQLQESGGGLVQPGGSLRLSCAASGFTFSNSAMSWMRQAPGKGVEWVSSINIGGGDKRYAESVAGRFTISRDNAKNTLYLQMNSLKFEDTAVYYCAKGLASTIRGQGTQVTVSS
seq9820,QLQLVESGGGLVQPGGSLRLSCVVSGVTFNNYGMTWVRQAPGKGLEWISTIYSNGHTYYADFVKGRFTISRDNAKNTLYLQMISLKPEDTAKYYCRLTGETYRGQGTQVTVSS
seq9821,EVQLVESGGGLVQAGGSLRLSCAASGRTIGGHTMAWFRQAPGKERDFVATITSSGSTIFYADSVKGRFTISRDNGKKTMTLEMDSLKPEDTAVYYCAARIRGKVTVDNFDYAYWGQGTQVTVSS
seq9822,QVQLQESGGGSVQAGGSLRLSCAASGFTFRSPYCMGWFRQAPGKEREAVAAIKTYYAGTVYADSMKGRFTITQDIAKNTVYLQMNSLKPEDTATYYCAATGGPYNGRCPLTSQPFPNWGQGTQVTVSS
seq9823,QVQLQESGGGLVQAGGSLRLSCAVSGNTLSRYAMGWFRQTPGKEREFVAAIRWNNGATYYADAVEGRFTISRDNGKNTVYLQMNNLQPEDTAVYYCAGRFLGYASSNAYHEALYNYDYWGQGTQVTVSS
seq9824,EVQLVESGGGLVQAGGSLRLSCESSARTFSDDAMGWFRQAAGKEREFLAAINWSGAVTHYGDSVKGRFTISRDNAKNTVYLQMDSLKPEDTAVYYCAEDYDTDVWQHWGQGTQVTVSS
seq9825,LQQSGGGLVQTGGSLSLSCTTSGRASSNYALGWFRQAPGKEREFVAAISWSGGYTYYADSVKGRFTISRDNAKNTVYLQMSSLKPEETAIYYCVARDYRLWSPYQYEYDYWGQGTQVT
seq9826,DVQLVESGGGSVHVGGSLRLSCVVSKNIASTDCMGWFRQAPGKDREVVATLLRGTTNEIYADSVKGRFTISRDNAQSMSLQMDRLKPEDTALYYCAACQDSYCYKGGFYAVYPGYGCALWGQGTQVNVSS
seq9827,QVQLVESGGGLVQAGGSLRLSCAASGYAYTYIYMGWFRQAPGKEREGVAAMDSGGGGTLYADSVKGRFTISRDKGKNTVYLQMDSLKPEDTATYYCAAGGGYELRDRTYGQWGQGTQVTVSS
seq9828,EVQLVESGGGSVQAGGSLRLSCAASAYTFCSYDMNWYRQVPGKEREFVSAIDSDGLTSYADSVKGRFTISLDIAKNTVYLQMNSLKPEGTAMYYCKTDPGPFSDSRCAYNAWGQGTQVTVSS
seq9829,QVQLQDSGGGLVQAGGSLRLSCAASGRTFSNYAMGWFRQAPGKEREFVAGITWTTGSTTYADSVKGRFTVSRDNAENTGYLQMNSLKPEDTAVYYCAASRATYSVNWYQYHDYNNWGQGTQVTVSS
seq9830,KVQLVESGGGLVQPGGSLRLSCAASGFAFSSYVMTWVRQAPGKGLEWVSSITSGGGYTSYLNSVKGRFTISRDDAKNTLYLQMNSLKPEDTAVYYCAKPTFYSPNMYPPTSRYDYRGQGTQVTVSS
seq9831,EVQLEESGGGSVQAGGSLSLSCAASGYTYCRYDMSWYRQAPGKEREFVSSIDSDGTTMYADSVKGRFTISRDNAKNTATLQMNSLKPEDTAMYYCKREIMCGDSDYASQWGQGTQVTVSS
seq9832,QVQLVESGGGLVQPGGSLRLSCAASGFTFSNYWMYWVRQAPGKGLEWVSTINTNGAITLYADNVKDRFTVSRDNAKNTLYLQMNSLKSEDTAVYYCAKVKLSGYPHPYYAMDYWGKGTLVTVSS
seq9833,QVQLQACGGGLVQPGGSLTLSAASGFPFLDYSLSWYRQTPGKERELVASISRFGSNTNYADSVKGRFTASKDSTTNTVYLQMNSLKPEDTAVYYCKAARVLGYPPIEHWGQGTQVG
seq9834,QVQLQESGGGLVQAGGSLRLSCAASGSTFSFNAMGWYRQVPGKQRELVAAIGNDGATYYVDSVKGRFTIARENAKNTVYLQMSSLKPEDTAVYYCKGRGGLTQYSEHDYWGQGTQVTVSS
seq9835,EVQLVESGGGSVQTGGSLRVSCAASGLSFNTYTMGWLRQAPGKEREFVAVINWNGDRTNYADSVKGRFSVSRDNAKNTVFLQMNSLRPEDTAVYYCAARPRFTAEPMTSRRYQYWGRGTLVTVSS
seq9836,AVQLVDSGGGLVQPGGSLRLSCVASGGIFVINAMGWYRQAPGKQRELVASIRGLGRTNYDDSVKGRFTISRDNANNTVYLQMNSLEPEDTAVYYCTVYVTLLGGVNRDYWGQGTQVTVSS
seq9837,EVQLVESGGGLVQPGGSLRLSCAASGRAFSDYAMAWFRQAPGQEREFVAGIGWSGGDTLYADSVRGRFTISRDNSKNTLYLQMNSLRAEDTAVYYCAARQGQYIYSSMRSDSYDYWGQGTLVTVSS
seq9838,EVQLVKSGGGLVQAGGSLKLSCAASGRTFTTYPMGWFRQAPGKEREFVGAISMSGEDTIYATSVKGRFTISRDDARNTVTLHMTSLKPEDTAVYYCAARTSYNGRYDYIDDYSYWGQGTQVTVSS
seq9839,QVQLQESGGGLVRAGGSLRLSCAASGSIFSIDAMGWYRPAHGEQRELVAAITTGGRTTYVDSVKGRFTISRDNAKNTVYLQMNSLKPEDTAVYFCKAFTRDEDYWGQGTQVTVSS
seq9840,QVKLEESGGGLVQAGGSLRLSCAASGGTASSYAMGWFRQAPGKEREFVAAISRSGGNTDYVDSAKGRFTISRDDAKNTVSLQMNSLRLEDTAVYYCAARYAGTWPNDAGTVYWLPPNYNYWGQGTQVTVSS
seq9841,QVQLQQSGGGLVQAGGSLRLSCAASGRTFNIYAMGWFRQAPGKEREFVAGISDSGGSANYADSVKDRFTISMDNAKNTVYLQMNSLKPEDTAVYYCAADLTGLWALGLPGHYASWDSWGQGTQVTVSS
seq9842,LQESGGGLVQAGGSLRISCAASGTTLDYYAIGWYRQAPGKGREGVSCISSSGGATYYVDFVKGRFTISRDNAKNTVYLQMNSLKPEDTAVYYCVALRDSYCGATLNYYYGIDYWGKGTRVT
seq9843,EVQLVESGGGLVPAGGSLRLSCAGSGRSFSRLAMGWFRQAPGKERDFVGAINWLSESTYYEDSVKGRFTISRDNAKNTVYLQMNSLKPEDTAVYYCASDRFATAQNMNTMGSLDYWGQGTQVTVSS
seq9844,QVQLQESGGGLVQAGGSLRLSCAASGFTLDNYAIGWFRQAPGKEREGVSCISSSDGSTYYADSVKGRFTISRDNAKNTAYLQLNSLKPEDTAVYYCATHEQVWKTLFSSCTVERDDYDYWGQGTQVTVSS
seq9845,QVQLVETGGGLVQTGGSLRLSCAASGSTDSIAAIIWYRQTPENEREFVAGITSGVNTNYAAPVKGRFTISRDNAKNTVYLQMNSLKPEDTGVYYCKAAVVMGPSTTDYWGQGTQVTVSS
seq9846,QVQLQESGGGLVQPGGSLRLSCAASGFTFDDYGMSWVRQAPGKGLEWVSAIRWNGGSTNYADSVKGRFTISRDNAKNTLYLQMNSLKSEDTAVYYCAQGYYCSGYGCPRGQGTQVTVSS
seq9847,QVQLQESGGGLVQAGGSLRLSCAASGSIFRINGMGWIRQAPGKEREVVAAVNWSGERTYYVDSVKGRFTISREKGNRIYLQMNDLEPDDTAVYYCAADTDYRLDGSTWITNLYSGSLGQGTQVTVSS
seq9848,DVQLQASGGGSVQAGDSLRLSCAASGRPFSSFAMGWFRQAPGKEREFVAAISASGGETYYTGSLKGRFTISRDNAKNTVYLQMDSLKPEDTGVYYCAATINGAARRGQGTQVTVSS
seq9849,VQPGGSLRLSCAASETFGVVFTLGWYRQAPGKGREFVARVTGTDTVDYAESVKGRFTISSDFARNTVYLQMNSLRAEDTAVYYCNTGAYWGQGTLVTVKP
seq9850,VQLQESGGGLVQAGGSLRLSCAVSGRTFSRYAMGWFRQAPGKEREFVAAISWSGSSTYYADSVKGRFTISRDHAKNVMYLQMNGLKPEDTGVYVCARPAYGLRPPYNYRGQGTQVTVS
seq9851,GGGLVQAGGSLRLSCSASGLTFGNYAMGWFRQAPGKEREFVASISRSGSNTWYAEPLKGRFAISRDNDKNALYLQMNSLKPEDTAVYYCAGGSYNSDWWNYMYWGQGTQVTVSS
seq9852,QVQLQESGGGSVQAGGSLRLSCAPWDIKVSSYAMGWFRQAPGKREGVAAHRAKGGYTYYTDSVKGRFTISRDNAKTTVYLQMNSLKPEDTAVYYCAAIDMKHTGIASWQPVFVNMYWGQGTQVTV
seq9853,QVQLQESGPGLVKPSQTLSLTCTVSGGSITTRYYAWSWIRQPPGKGLEWIGVIDYDGDTYYSPSLKSRTTISWDTSKNQFSLKLSSVTAEDTAVYYCARDPDVVTGFHYDYWGQGTQVTVSS
seq9854,QVQLQESGGGLVQPGGSLRLSCTASRTDISFNPMAWYRQAPGQQRELVASITSGGTTNYANSVKGRFTISRDNPKNTMYLQMNSLKPEDTAVYYCNGRGPRYTTTGWITDDYWGQGTQVTVSS
seq9855,QVQLQESGGGLVQPGGSLRLSCAASGRILSIVKMGWYRQAPGKQRELVARLTNGGTPQYEDSVTGRFTISRVNAGNTVFLQMNSLKPEDTAVYYCNADVWVEFQRDDLWGQGTQVTVSS
seq9856,QVQLQESGGGLVQPGGSLRLSCAASGSIFSSDTMGWYRRAPGKQRELVAAITTGGNTNYADSVKGRFTISRDNAKNTVYLQMNSLQPEDTAVYYCNCRRRWSRDFWGQGTQVTVSS
seq9857,VQLQESGGGLVQAGGSLRLSCEASGNVDRIDAMGWFRQAPGKQREFVGYISEGGILNYGDFVKGRFTISRDNAKNTVYLQMSNLKSEDTGVYFCAASHWGTLLIKGIEHWGKGTQVTVSS
seq9858,EVQLLESGGGLVQPGGSLTLSCAASGSIVTINAMTWYRQAPGKRRELVAIITSGGETNYADSVKGRFTISRDNSKNTLYLQMNSLRAEDTAVYYCNVVPPLGSWGLGTQVTVSS
seq9859,EVQLVESGGGLVQPGGSLRLSCAASRSISSFNLLGWYRQAPGKQRELVAHLLSGGSTVYPDSVKGRFTVSRDNTKNTVYLQMNSLKPEDTAVYYCNAIAPALGSSWGQGTQVTVSS
seq9860,DVQLQASGGGFVQPGGSLSLSCAVSGRSFGDDVMGWFRQAPGKEREFVSAIRFRSNSPFYGDPGKGRFTIARDSAKDTVYLHMYRLRPDDTAVYYCAVGDGALVNRASDYTYWGQGTQVTVSS
seq9861,EVQLVESGGGSVQAGGSLRLSCAASGDTYGSYWMGWFRQAPGKEREGVAAINRGGGYTVYADSVKGRFTISRDNAKNTLYLQMNSLRPDDTADYYCAASGVLGGLHEDWFNYWGQGTLVTVSS
seq9862,VQLVESGGGSVQAGGFLRLSCVASVNYCMAWFRQAPGKEREGVAAINRDGRTTAYADSVKGRFTISRGNEKNTVYLLMNNLKAEDTATYYCAAYVGGSYSCGTLENDGYKYWGQGTQVTVSS
seq9863,QVQLQESGGGLVQAGGSLRLSCAASRRPFSSKTMAWFRQTPGKEREFVAAVRWIGGATRYTDSVKGRFSISKDNAINTVYLQTNSLKSEDTAVYYCAAGQTWGTKFTDYSDWGQGTLVTVKP
seq9864,EVQLVESGGGLVQAGGSLRLSCAVSGRTFSSMGWFRQAPGKEREFVATINLSGDRTDYADSVKGRFTISRDNPKNTVYLQMDSLEPEDSAVYYCAGTSLYPSNLRYYTLPGTYADWGQGTQVTVSS
seq9865,DVQLVESGGGLVQPGGSLRLSCAASGRAFSINWFGWFRQAPGKEREFVAGIRWSDAYTEYADSVKGRFTISRDNSKNTVYLQMNSLRPEDTAVYYCVLDLSTVRYWGQGTLVTVSS
seq9866,QVKLEESGGGLVQTGGSLRLSCAASEHTFSNHVMGWFRQAPGKERESVAVIGWRDISTSYADSVKGRFTISRDNAKKTLYLQMNSLKPEDTAVYYCAARRIDAADFDSRGQGTQVTVSS
seq9867,EVQLVESGGGLVQPGGSLRLSCAASGTLFKINAMGWYRQAPGKRRELVALITSSDTTDYAESVEGRFTISRDNTWNAVYLQMNSLKPEDTAVYYCHSDHYSLGVPEKRVIMYGQGTLVTVSS
seq9868,EVQLVESGGGLVQAGGSLRLSCAASGHTFSRYAMGWFRRVPGKEREFVTHITWNRGSTYYADSVKGRFTISRDKASNTLYLQMNSLKPEDTAVYYCAAQIKYGEITHPEEYSYWGQGTQVTVSS
seq9869,AVQLVESWGGLVQPGGSLRLSCATSGFTFITNDMSWVRQGPGNGLEWLSCIHTVDGTTYYADSVKGRFTISRDNAKNTLYLQMDNLKPEDTAVYYCATGAYWSEIYNYWGQGTQVTVSS
seq9870,QVQLQESGGGLVQAGGSLRLSCAASGSFDSRNAMGWYRQAPGKRREWVATITTDGRTNYADSVKARFTVSRDNAKNTVYLQMNSLKPDDTAVYYCNAAPPIFNSWGQGTQVTVSS
seq9871,EVQLVESGGGLVQAGGSLRLSCSASGLLFSVNSAGWYRQAPGQKREFVARIRTGGSTNYADSVKGRFTVSRGNAKNTVYLQMNNLKPEDTAVYYCSSWRTGAYEYWGQGTQVTVSS
seq9872,EVQLVESGGGLVQPGGSLRLSCAASGFTFDDYGMSWVRQAPGKALEWVSAISWNGNNTYYTESMKGRFTISRDNAKNTLYLQMNSLRPEDTAVYYCVKGSTAIVGVPPTYPDEYDYWGQGTLVTVCS
seq9873,VQLQESGGGLVQAGGSLRLSCAASGRTFSSYVIGWFRQAPGKEREFVAVITWSGDSTYSSDSLKGRFTISRDNAKNTVYLQMNALNPEDTAVYYCAAIPPRAYSGGSYSLKDQSKYEYWGQGTQVTVSS
seq9874,QVQLQESGGGSVQVGGSLRLTCAASEYRSCMGWFRQAPGKEREGVAAIWPDGITYYADSVKGRFTISRDKDVNTMYLAMNSLKPEDTAMYYCATAELICPTDWAQRQQYNYWGQGTQVTVSS
seq9875,VQLVESGGDSVQAGGSLQLSCKASGYTYNSRVDIRSMGWFRQYPGKEREGVATINIRNSVTYYADSVKGRFTISQDNAKNTVYLQMNALKPEDTAMYYCALSDRFAAQVPARYGIRPSDYNYWGQGTLVTVSS
seq9876,QVQLQESGGGLVQAGGSLRLSCAASGFSLASYHITWFRQAPGKEREGVSCIGYNSGWTDYGEFVKGRFTISRDNDKNTVYLQMNNLQPEDSAVYYCAARWSFGGQCSYGTHNVQRYRGQGTQVTVSS
seq9877,QVQLQESGGGLVQAGGSLRLSCAASGFAFDGYAIGWFRQAPGKEREGVSCISSKEGSTYYADSVKGRFTISSDNAKNTVYLQMSSLKPEDTAVYYCAADGNVWSPPICGSAGPPPGGMDYWGKGTQVTVSS
seq9878,EVQLVESGGGLVQAGGSLRLSCAASGIIFSDNTMGWFRQAPGKEREFVAAIAGRGSRLNYADSVKGRFTISRDNTKNTVYLQMNSLKPEDTAIYYCAAKPYGRVYYTEGSNYDYWGQGTQVTVSS
seq9879,VQLVESGGGSVQAGGSLRLSCVASGYSSGSCRMGWYRQAPGKERELVSKVISDGTTVYADSVKGRFTLSQGNAKNTVYLQMSSLLPEDTAMYYCNAWCREYPGGILNNGWGQGTQVTVSS
seq9880,EVQLVESGGGLVQAGGSLRLSCAASGRTFSNYGMGWFRQAPGKEREFVSGISGSGGRTSYADSVKGRFTISADNAKNTVYLQMNSLKPEDTAVYYCAANLWYPVDRLNTGFNYWGQGTQVTVSS
seq9881,EVQLVESGGGLVQPGGSLRLSCAASGFTVSSYTMYWARQAPGKELEWVSIIFTNGEGTYYSDSVKGRFTVSRDNAKNTLYLQMNSLKPEDTALYYCARDPFGKLKGQGTQVTVSS
seq9882,QVQLQESGGGLVQAGGSLRLSCAASGRTASSYAMGWFRQAPGKEREFVAAISWSHSTYYADSVKGRFTISRDNAENTVYLQMNSLKPEDTAVYSCAASGPYYIGTLSSEYDYWGQGTHVTVSS
seq9883,EVQLVESGGDSVQAGGSLQLSCKASGYTYNSRVDIRSMGWFRQYPGKEREGVATINIRNSVTYYADSVKGRFTISQDNAKNTVYLQMNALKPEDTAMYYCALSDRFAAQVPARYGIRPSDYNYWGEGTLVTVSS
seq9884,QVQLQESGGGTVQPGESLRLSCEVSTDTFSSLAMAWFRQATGKDREFVAAISWSGASTVYGDSVKGRFTMTRDHPKKMVYLQMDNLKPEDTAVYYCAGDLDGRTWHGDDLEYDYWGQGTQVTVSS
seq9885,EVQLVESGGGLVQAGGSLRLSCAASGRSFSSSVMGWFRQTPGKEREFVAATRWTAASTHYADSVKGRFTISRDHAENAVFLQMNSLKPEDTAVYYCAAGNYLDTAQYRYNYWGQGTQVTVSS
seq9886,PGGSLRLSCAASGIDLSLYRMRWYRQAPGKERDLVALITDDGTSYYEDSVKGRFTITRDNPSNKVFLQMNSLKPEDTAVYYCNAETPLSPVNYWGQ
seq9887,QVQLQESGGGLVQAGDSLGLSCTASGRTFSTYAVGWFRQAPGKGREFVGRLTWSGSRTYYADSVKGRFTISRDNAKNTVYLQMNSLRPEDTAVYYCAADYRSNSTWSLQSPARYENWGQGTQVTVSS
seq9888,VQLVESGGGLMQAGGSLRLSCAVSGRTFSTAAMGWFRQAPGKEREFVAAIRWSGGSAYYADSVKGRFTISRDKAKNTVYLQMNSLKYEDTAVYYCAQTHYVSYLLSDYATWPYDYWGQGTQVTVSS
seq9889,EVQLVESGGGLVQPGGSLRLSCAASGFTLDYSAIGWFRQAPGKEREGVSYISSSDGSTYYADSVEGRFTISRDNAKNTLYLQMNSLKPEDTAVYYCAAGGPFTVSTMPWLANYWGQGTQVTVSS
seq9890,QVKLEESGGGLVQAGGSLRLSCTASTRTFSSYIMGWFRQAPGKERELVAAISWSGRMTHYADSVKGRFAISRDNAKNTVYLQMNVLKPEDTAIYSCAADRTTAWGAPRSQYDSWGQGTQVTVSS
seq9891,VQLVETGGGLVQPGGSLRLSCATSGFPFSTERMSWVRQAPGKGLEWVSGITEGGETTLAAPSVKGRFNISRDNARNILYLQMNSLKPEDAAVYYCFRGVFFRTSFPPELARGQGTQVTVSS
seq9892,EVQLVESGGGLVQAGGSLRLSCAASGFTFDDYPIGWLRQAPGKEREGVSCISSSDDSTYYADSVKGRFTISSNNAKNTVYLQMNSLKPEDTAVYYCAVRLFSGGCAVVAGTSWADFGSSGQGTQVTVSS
seq9893,EVQLVESGGGRVQAGGSLRLSCEASGRTFSDYIIGWFRQGPGKERESVARISGSGLTNTTTETVKGRFTISRDNAKNTVYLQMNSLKPEDTAVYYCAAAYSGHFSGRVSDFLYWGQGTQVTVSS
seq9894,EVQLVESGGGLVQPGGSLRLSCAASGSFFSINAMGWFRQAPGKEREFVAGISSKGGSSTYYADSVKGRFTISADNSKNTAYLQMNSLKPEDTAVYYCAAHRIVVGGTSVGDWRWGQGTLVTVSS
seq9895,EVQLQASGGGSVQAGQSLRLSCATSGATSSSNCMGWFRQAPGKEREGVAVIDTGRGNTAYADSVQGRLTISLDNAKNTLYLQMNSLKPEDTAMYYCAADTSTWYRGYCGTNPNYFSYWGQGTQVTVSS
seq9896,EVQLVESGGGLVQPGGSLRLSCAASGRTFTSYNMGWFRQAPGKEREFLGSILWSDDSTNYADSVKGRFTISADNSKNTAYLQMNSLKPEDTAVYYCASWDGRQVWGQGTLVTVSS
seq9897,QVQLQESGGGLVQPGGSLRLSCVASGSISNIITMGWYRQAPGKQREFVARIIIGGSTGYSDSVKGRFTISRDNTGNTWYLQMNSLKPEDTAVYYCNAGNPGTRYIYWGQGTQVTVSS
seq9898,QVQVVEYGGGSVQAGETVRLSCTASGFTFAEADMGWYRQAPGHEWELVSNITTEGITSEASSSYADSVRGRFTIFDNAKNMVYLQMNSLKHEDTAVYYCAPDPYAYSTYREYCTWAQGTQGTLVTVSS
seq9899,QVQLVESGGGLVQPGGSLRLSCAASTSIFNMNAMNWYRQAPGKGLEWISTINSGGTYTSYADSVKGRFTISSDNAKNTVYLQMNGLGPEDTAVYYCNAVVNTILDFLPKNYWGKGTLVTVSS
seq9900,QVQLQESGGGLVQAGGSLRLSCAASGRATSGYGMGWFRQVPGKEREFVAAIRWSGKETWYKDSVKGRFTISRDNAKTTVYLQMNSLKPEDTAVYYCAARPVRVDDISLPVGFDYWGQGTQVTVSS
seq9901,QVQLQESGGGLVQPGGSLRLSCAASGSIFSMKVMGWYRQGPGKLRELVAVITSGGRTNYAESVKGRFTISRDNAKNTVSLQMNSLQPEDTAVYYCYYKTIRPYWGQGTQVTVSS
seq9902,EVQLVESGGGLVQPGGSLRLSCAASGFALDGHNIGWFRQAPGKEREWVSCINSGDGSTGYADSVKGRFTISRDNAKNTVYLQMNRLKPEDTAVYYCAAPFNHYSFLCGVNEYDYWGQGTQVTVSS
seq9903,QVQLVESGGGLVQAGGSLRLSCAASGSIFRINDMGWYRQAPGKQRELVAAITSGGSTNYADSVKGRFTISRDNAKKMVYLQMNSLKPEDTAVYYCHADFSTGWAPYDYWGQGTQVTVSS
seq9904,EVQLVESGGGLVQAGGSLRLSCAASGRTISNYGMGWFRQAPGKEREFVAAISARSAMIGYSDSVKGRFTISRDNAKNTVYLQMNSLKPEDTAVYYCAADLNRRVPTARPQEYDGWGQGTQVTVSS
seq9905,HVQLVESGGGSVQNGGSLRLSCQTSGFGSDRYEIGWYRQIPGWCEKVSTISDTGTTFYADSVKGRFAISQDTAKNLVYLQMDRLKPQDTARYYCAAITTPARNNGVLNALSRLLKCLNPYNYWGQGTQVTVSS
seq9906,EVQLVESGGGEVQPGGSLRLSCGPSEIITSDKSVGWYRQAPGKQRNLVAGISNVGSTNYAQSVKGRFTISRDNAKNTLYLQMSSLRAEDTAVYYCYARDFENEYWGQGTLVTVKP
seq9907,EVQLVESGGGLVQPGGSLTLSCAASGRTFSSYAMGWFRQAPGKEREFVVAINWASGSTYYADSVKGRFTISRDNSKNTLYLQMNSLRAEDTAVYYCAAGYQINSGNYNFKDYEYDYWGQGTLVTVSS
seq9908,QVQLQESGGGLVQTGGSLRLSCAASGRIGDVYVMGWYRQAPGKQREMVASITATGPPNYTDSVKGRFTISRDNIKNTAYLQMNNLKPEDTAVYYCNAQVRVRFSSDYTNYWGQGTQVTVSS
seq9909,EVQLVESGGGLVQPGGSLTLSCVASGSTSSINAMGWYRRAPGKQRELVAGISSDGSKVYGDSVKGRFTISRDNAKNSVYLQMNSLRAEDTAVYYCYYFRTVSRSSMRYWGQGTLVTVSS
seq9910,EVQLVESGGGLVQPGGSLRLSCAASESIFSINYMAWYRQAPGKQRELVAFSIDGSSTNYVDSVRGRFTASRDNAENTLYLQMNSLKPEDTAVYYCYAQGNTWAAGVWGQGTQVTVSS
seq9911,DVQLVESGGGSVQAGGSLRLSCAGSGYAFSSRWMGWFRQAPGKEREGVAAIYTGTSSTSYIDSVKGRFTISLDNAKNTVYLEMNSLKPEDTAMYYCAMKYGWGGSWSRSDEYRYWGRGTQVTVSS
seq9912,EVQLVESGGGEVQPGGSLRLSCAASGRTVSNYPMAWFRQAPGKEREFVAHISWSGITSILNSVNDRFTISRDNAKNTIYLQMSSLRAEDTAVYYCAAAQRPTAGPKGPFGYWGQGTLVTV
seq9913,EVQLVESGGGLVQAGDSLRLSCAASGRAFSTNPMGWFRQSPGKEREFVAAHRWSDGSTFVADSVKGRFTISRDNAKNTVSLQMNSLKSADTAVYYCAAGRPWSAYHSPREYIYWGRGTLVTVSS
seq9914,EVQLVESGGGLVQPGGSLRLSCAASGFTLDNYNIGWFRQAPGKEREWVSCITSSNGSTYYTDSVKGRFTISRDNAKNTVYLQMNSLKPEDTAVYYCAAPFAHYSDLCGVNGYDYWGQGTQVTVSS
seq9915,LQESGGGLVQAGGSLGLSCAASGRTFSDYAMGWFRQAPGKEREFVSGIGGSTYYADSVKGRFTISRDNAKNTVYLQMNRLKPEDTGVYYCASSSWWATAGTGYRAPSWYDYWGQGTQVT
seq9916,EVQLVESGGGLVQTGGSLRLSCTHSGRPLSMFAVGWFRQAPGEQRVLVAAISRSGGATYYPDSVKGRFAISRDNAKNTVNLQMNSLTPEDTAVYYCAAALGGVYNAIANDYKYWGQGTQVTVSS
seq9917,QVQLQESGGGMVQAGGSLRLSCAASGTTITINTMRWYRQPPGKERELVASIVPSGKTYYADSVKGRFTISRDNHKNTMYLQMNSLKPEDTAVYYCNSDGRFRGIGTYWGQGTQVTVSS
seq9918,EVQLQESGPGLVKPSQTLSLTCTVSGGSITTRYYAWSWIRQPPGKGLEWIGVIDYDGDTYYSPSLKSRVTISVDTSKNQFSLKLSSVTPEDTAVYYCARDPDVVTGFHYDYWGQGTMVTVSS
seq9919,EVQLVESGGGLVQPAGSLRLSCADSGSIFSINTMGWYRQAPGKQRELVATITSSGSTNYADSVKGRFTISRDNAKNTVYLQMNSLKPEDTAVYYCNADYRDFGLSMERFIDFGSWGQGTQVTVSS
seq9920,QVRLVESGGGSVQAGGSLRLSCAASGNVYNNMCMGWFRQAPGKEREGVASIYVGGGYTNYADSVRGRFTISQDNAKNTLYLQMNSLKPEDTAMYYCAAITVALTRAFCAPIPSRYTNWGQGTQVTVSS
seq9921,EVQLVESGGGLVQPGGSLRLSCAASGSSLSFNAMGWSREAPGKRRELVARIISDDSTLYADSVKGRFTISRDYAKNTAYLQMNSLKPEDTAVYYCVADVRDSIWRSYWGQGTQVTVSS
seq9922,QVQLVESGGGLVQPGGSLRLSCAASGFTFSPSAMSWARQAPGKGLEWVSGIYSDGSTYYRDSVKGRFTISRDNARNMVYLQMNSLKPEDTAVYYCALGAMREGVYSDLLGQGTQVTVSS
seq9923,QVQLQESGGGSVQAGGSLRLSCTAPGFTSNTCAMAWYRQAPGKEREFVSSRSTVGTTGYADSVKGRFTISKDEAKDTVYLQMNSLKPEDTAKYFCKTYACRDCIGRYCRTAPDAWGQGTQVTVSS
seq9924,QVQLVESGGGSAQAGGSLRLACGASGYTDRYCTMGWYRQAPGKQRELVANVIKNSRPWYKDSVKGRFTISLNKDNSSLELQMDNLKPEDTATYYCNIWADRCSPGYGLHLWGHGTQVTVSS
seq9925,EVQLVESGGGLVQAGASVRLSCAASGRANSLYAMGWFRQAPGKQRELVAYIRSGGTTNYADSVKGRFTISRDIAKNTVYLQMNSLKPEDTAVYYCNADYSPPGSRFPDLGPWGQGTQVTVSS
seq9926,DVQLVESGGGLVQPGGSLRLSCAASRSIGRLDRMGWYRHRTGKPRELVATITGGSSINYGDFVKGRFTISRDNSKNTVYLQMNSLRPEDTAVYYCNFNKYVTSRDTWGQGTLVTVSS
seq9927,VQLQESGGGLVQAGGSLRLSCAASGHTFSSYTMGWFRQAPGKEREFVAFIDWSGGGTYYADSVKGRFTISRDNAENTVYLQMNNLKPEDTAVYYCAAAQRLGSVTDYTKYDYWGQGTQVTVSS
seq9928,EVQLVESGGGLVQPGGSLRLSCAASGFTFSSNWMYWVRQAPGKGLEWVATISTDGRGTYYKDSVKGRFTVSRDNAMSTLLLQMNNLKSEDTAVYYCAKEPRVLMAYLRNLGDFGSWGQGTQVTVSS
seq9929,EVQLVESGGGLVQPGGSLRLSCATSGIIFSNNAMGWYRQAPGKKRDLVASISNSGSTNYADSVKGRFTVSRDNDKNTGYLQMNSLKPEDTGVYYCTVDARRGWNTAYWGQGTQVTVSS
seq9930,QVQLVESGGGSVQAGGSLRLSCAFSGFTYNRYCLGWFRQAPGKEREGVASIHSGGGAPYYADSVKGRFTISFDNAKSAVDLVIKNLQPEDTAVYTCAADWPSRGWLENCVAFNYWGQGTQVTVSS
seq9931,EVQLVESGGGLVQPGGSLRLSCAASGLTLDYYALGWFRQAPGKEREGVACIDSSDHSTTYADSVKGRFTISWDNAKNTVYLQMSSLKPEDTAVYHCAADPALGCYSGSYYPRYDYWGQGTQVTVSS
seq9932,EVQLVESGGGLVQPGGSLRLSCAASGRTFSTYRMGWFRQAPGKEREFVAAITANGVRTFYADSVKGRFTISRDNAKNTLYLQMNSLRPEDTAVYYCAARRKGIFTVQQAQDITDWDYWGQGTLVTVSS
seq9933,QLQLVETGGGLVRAGGSLKLTCAASGDIFSIKAMGWYRRAPGKKRESVAAISAAGDTLYADSVKGRFTISRDNDANTLFLQMNSLKPEDTAMYYCAAEINNSDSLNQGGQGTQVTVSS
seq9934,AVQLVESGGGSVQAGGSLRLSCVASGNIYSMAWFRQAPGKQREGVATVYLGSIIQYYADSVKGRFTASQDRDKRTMYLQMNSLEVEDTGVYYCAVREEYTPGHWAQTSTYHNWGQGIQVTVSS
seq9935,QVQLQESGGGLVQAGDSLRLSCAASGRTFSRGVMGWFRRAPGKEREFVAIFSGSSWSGRSTYYSDSVKGRFTISRDNAKNTVYLQMNGLKPEDTAVYYCAAGYPEAYSAYGRESTYDYWGQGTQVTVS
seq9936,EVQLQESGGGLVQAGGSLRLSCAASGRTFSTYAVGWFRQAPGKEREFVGYFGTRGGRTYYADSVKGRFTIAIDNAKNTVYLQMNSLKLDDTAVYYCAVRMPYSGDYRSSGTYDYWGQGTQVTVSS
seq9937,EVQLVESGGGLVQAGGSLRLSCAASGRTFRIYAMGWFRQAPGKERELVSSISWNSGSTYYADSVKGRFTISADNAKNTVYLQMNSLKPEDTAVYYCAAAAYSYTQGTTYESWGQGTQVTVSS
seq9938,QVQLVDSGGGLVQAGGSLRVSCAASGRTYAMGWFRQAPGKEREFVAAISWNGGSTYYRDSVKGRFTISRDNAKNTVYLQMNSLKPEDTAVYYCAADNGLNYSDYDYRDRDLYDYWGQGTQVTVSS
seq9939,EVQLVESGGGLVQPGGSLRLSCAASGRTFSRSAMGWFRQAPGKGREFVGFITGSGGTTYYGESVKGRFTISRDNAQNPVYLQMNSLRPEDTAVYYCAVYRRTYISSTYSESSEYDYWGQGTLVTVSS
seq9940,QVQLQESGGGSVQAGGSLRLSCAASTYTTTSRCMAWFRQAPGKEREGVGLIVTGTGATRYADSMKGRFTISQDTAKNTMWLQMNSLKPEDTGMYFCAAIDITWRGCSFETRDVNYWGQGTQVTVSS
seq9941,VQLAETGGGLVQAGGSLRLSCSASGLTFGNYAMGWFRQAPGKEREFVASISRSGSNTWYAEPLKGRFAISRDNDKNALYLQMNSLKPEDTAVYYCAGGSYNSDWWNYMYWGQGTQVTVSS
seq9942,QVQLQESGGGLVQAGGSLRLSCAASGSSLSNYTMGWFRHFPGKDREFVAVVKWSGGRTHYTESVKGRFTTGRDTAKNTVYLQMNRLKPEDTAIYYCAAASRWSWNPTSDDYIYWGQGAQVTVSS
seq9943,QVQLQESGGGLVQAGGSLRLSCAASGSIFSLNDMGWYRQAPGKLRELVAAVTSGGSTNYADSVKGRFTISRDNAKNTVYLQMNSLKPEDTAVYYCNAKVAGTFSIYDYWGQGTQVTVSS
seq9944,EVQLVESGGGLVQAGGSLRLSCAAPEMGATINVMAWYRQAPGKQRELVARLPLDNNIDYGDFAKGRFTISRDITRNTVYLQMNNLKPDDTAVYYCNVHLSRQINGAYVHWGQGTQVTVSS
seq9945,QVQLQESGGGLVEAEGSLRLSCAASGRTFGTYALAWFRQAPGKSRELVAAISSGGSTYYADSVKGRFTISRDNARNTVYLQTNSLKPEDTAVYYCAAKTGSAYYTNRIDWPYWGQGTQVTVSS
seq9946,EVQLVESGGGLVQAGGSLRLSCEASGRTERYQAMGWFRQAPGKEREFVAVVTRWSGARTVYADSVKGRFTISRDNAENTVYLQMNSLKPEDTAVYTCAADSTNRNRGAIYYTWAYDYWGQGTQVTVSS
seq9947,EVQLVESGGDLVQPGGSLRLSCAASGDVHKINFLGWYRQAPGKEREMVAHITIADATDYAEFAKGRFTISRDEPKNMVYLQMNSLKPEDTAVYLCRAGSRIYPYNYWGQGTQVTVSS
seq9948,QVQLQESGGGLVQAGGSLRLSCAASGRTFSTYAMGWFRQAPGKEREFVAGITSSGGYTYYADSVKGRFTISRDNAKNTVYLQMNSLKPEDTAVYYCAAGFRVGIALDLKGRYDYWGQGTQVTVSS
seq9949,EVQLVESGGGVVQAGGSLRLSCAASGGTFSFYGMGWFRQAPGKEQEFVADIRTSAGRTYYADSVKGRFTISRDNAKNTVYLQMNSLKPEDTAVYYCAAEMSGISGWDYWGQGTQVQVSS
seq9950,QVQLQESGGGLVQPGGSLRLSCTVSGRFFSPYPMGWYRQTPGKQRELVADITYNGRTTYADSVKGRFTISRDNAKNIMYLQMNNLKPEDTAVYYCNRPGYLLSWGQGTQVTVSS
seq9951,QVQLQESGGGSVQTGGSLRLSCAASPSIYSANYMAWFSQAPGKGREGVAAVYIGDGRPYYADSVKGRFTISLDSAKNTVYLQMNSLKPEDTAMYYCAAAPGPLGHNYWYTSANYDYWGQGTQVTVSS
seq9952,QVQLQESGGGSVQAGGSLRLSCQASAYTISRNSMGWFRQAPGKQREGVAAIESDGSTSYSDSVKGRFTISLGNAKNTLYLEMNSLKPEDTAMYYCAAPKVGLGPRTALGHLAFMTLPALNYWGQGTQVTVSS
seq9953,QVQLVESGGGVVQAGRSLRLSCAYSGVTVNVYRMGWFRQAPGKEREFVANINWSGNNRDYADSVRGRFTISRDNSKNTLYLQMNSLRAEDTAVYYCASEKPGRLGEYDYGSQGTLVTVSS
seq9954,SGGGLVQAGNSLRLSCTASGVIFSIYTMGWFRQAPGKEREFVAAIGVADGTALVADSVTGRFTISRDNAKNTVYLHMNSLKPEDTAVYSCAAYLSPRVQSPYITDSRYQLWGQGTQVTVSS
seq9955,VQLQESGGGLVQAGGSLRLSCAASGRTFSSYAMGWFRQAPGKERELVAAISNGGSAYYADSVKGRFTISRDNARNTVYLQTNSLKPEDTAVYYCAARRGSAYYTNRIDWPYWGQGTQVTVSS
seq9956,QVQLQQSGGGLVQAGGSLRLSCAASGRTFSTYAMGWFRQAPGKEREFVAGISWSGGRISYTDSVKGRFTISRDNAKNTVYLQMNSLKPEDTAVYYCTADLKGLWALGLPGHYASWDSWGQGTQVTVSS
seq9957,EVQLVESGGGLVQAGGSLRLSCADHGRTLAYYTAGWFRQAPGKEREFVASISRSSGSTRYADSVRGRFTISRDNAKNTVYLQMNSLKPEDTAAYYCATTDDYINTTPALYRNWGQGTQVTVSS
seq9958,EVQLVESGGGLVQPGGSLRLSCATSGTVFSNNAMGWYRQAPGKKRDLVASISSSGSTNYADSVKGRFTVSRDNDKNTGYLQMNSLKPEDTGVYYCTLDARRGWNTAYWGQGTQVTVSS
seq9959,QVQLQESGGGLVQPGGSLRLSCAASGSTFSGNAMAWYRQAPGKRRELVAGISGGGVTNYPDSVKGRFTISRDNAKNTVYLQMSSLKPEDTAVYYCNLWPPRVSPGGGVYWGQGTQVTVSS
seq9960,EVQLVESGGGVVQPGGSLRLSCAASGSTISSYVMGWFRQAPGKEREFVAAISRSGGYTYYADSVKGRFTISRDNSKKTVYLQMNSLRPEDTALYYCAAGRYSAWYSQSYEYDYWGQGTLVTVSS
seq9961,QVQLVESGGGLVQPGGSLRLSCAASGRIFSTYAMGWFRQPPGKEREFVASINRSGDSTYYADSVKGRFTISRDNAKNTGYLQMSSLKPEDTAVYYCAADSDGIGWFNSFEYDYWGRGTQVTVSS
seq9962,EVQLVESGGGLVQPGGSLRLSCAASGRTFLTLAVGWFRQAPGKGREFVSGIRWSGSGTDYADSVKGRFTISRDNAKNTLYLQMNSLRPEDTAVYYCAAHTTIATIPEKYEYEYWGQGTLVTVSS
seq9963,EVQLQASGGGLVQAGGGLRLSCSASVRTFSIYAIGWFRQAPGKEREFVAGINRSGDVTKYADFVKGRFSISRDNAKNMVYLQMNSLKPEDTALYYCAATWAYDTVGALTSGYNFWGQGTQVTVSS
seq9964,VQLAESGGGSVHAGGSLRLSCVVSEYTFSSDSMGWFRQAPGKEREGVAAIDSDGSTSYAGSVKGRFTISKDNAENTLYLQMNSLKPEDTAMYYCATSPLWLLSRLDPADFEYWGQGTQVTVSS
seq9965,QVQLQESGGGLVQPGGSLRLSCAPSGSIISINAMAWYRQAPGKERELVAAISSGGSTYYADSVKGRFTISGDIAKNLLWLQMNSLKPEDTAMYYCAPGGGWRPGAWGQGTQVTVSS
seq9966,DVQLVESGGGLVQPGGSLRLSCAASGSIFTINAMGWYRQAPGKQREEVAAITSGGSTNYADSVKGRFTISRDNAKNTVYLQMNSLKPEDTAVYYCKAVVVTTTPYSDYWGQGTLVTV
seq9967,EVQLVESRGGSVQAGGSLRLSCAASGSTFSRYSMNWYRQAPGKQREFVAGISVGRITNYAVSVKGRFTISRDNAEGTGYLQMNSLKPEDTAVYYCNAGGLQGYWGLGTQVTVSS
seq9968,EVQLVESGGGSVQAGGSLRLSCTASGRPFDNYAMAWFRQAPGKEREFVAAISWSLSRTHYADSVKGRFTISRDNAKNTAFMQMSSLKPEDTAVYYCAAAPRPKWVSVRYFSTSSNYDYWGQGTQVTVSS
seq9969,EVQLVESGGGLVQPGGSLRLTCAASGSIASNSAMGWYRQLPGKQRELIAHITSRGHTTYADFVKGRFTISRDNVKNMVYLQMNSLKPEDTAVYYCNKILHSDYWGQGTQVTVSS
seq9970,EVQLVESGGGLVQPGGSLRLSCAAPEMGATINVMAWYRQAPGQQRELVARLPLDNNIDYGDFAKGRFTISRDNSKNTLYLQMNSLRAEDTAVYYCNVLLSRQINGAYVHWGQGTLVTVSS
seq9971,QVQLQESGGGLVQAGGSLRLSCAVSGRASSGYGMGWFRQVPGKEREFVAAIRWSGKETWYKDSVKGRFTISRDNAKTTVYLQMNSLKPEDTAVYYCAVRPVRVDDISSPVGFDYWGQGTQVTVSS
seq9972,QVQLQESGGGSVQPGGSLRLSCAASGFSFGDYAIGWFRQALGKEREQISCINDNGGITSYRGSLKGRSTISRDNAKNTVYLQMNSLEPEDTAVYYCVKSDYRLGCDFVSDGSWGQGTQVTVSS
seq9973,EVQLVESGGGLVQAGGSLRLSCAASGRTFSSYAMGWFRQAPGKEREFVVAINWSSGSTYYADSVKGRFTISRDNAKNTMYLQMNSLKPEDTAVYYCAAGYQINSGNYNFKDYEYDYWGQGTQVTVSS
seq9974,KVQLVESGGGLVQAGGSLRLDCAASGRTSYAMGWFRQGTGKEREFVSAISPSGYYTYYEDSVKGRFSIHRDNAKNMVYLQMNSLTPEDTAVYYCAAGRHQTVSGILPDYWGQGIQVTVSS
seq9975,LQESGGGLVQAGGSLRLSCAASGLRFSDYVMGWFRQAPGKEREFVAVITWDGGMTNYADSVKGRFTMSKDNAKNTVYLQMNSLRPEDTAVYYCAATRGRSTRLVLPSLVESWGQGTQVTVSS
seq9976,EVQLVESGGGLVQAGGSLSLSCATSGRTISDDTMAWFRQAPGKEREFVATITFSGARTHYSDSVRDRFTISRDNAKNTVYLQMNSLKSEDTAVYYCAASTKYYSSTYNYIHPAFYDIWGQGTQVTVSS
seq9977,QVQLQESGGGLVQPGESLRLSCAVSGSTSSYNAMAWYRQAPGKRRELVAGISGGGATNYPDSVKGRFTISRDNAKNTVYLQMSSLKPEDTAVYYCNLWPPRASPGGGVYWGQGTQVTVSS
seq9978,EVQLVESGGGLVQPGGSLRLSCAASGTLFKINAMGWYRQAPGKRRELVALITSSDTTDYAESVEGRFTISRDNTWNAVYLQMNSLKPEDTAVYYCHSDHYSMGVPEKRVIMYGQGTLVTVSS
seq9979,EVQLVESGGGLVQAGGSLRLSCVLSGRTLSRSNMGWFRQAPGKEREFVASIDWITINTYYADSVKGRFTISRDNPKNTFYLQMNSLKPEDTAVYRCASSGPADARNGERWHLWGQGAQVTVSS
seq9980,QVQLQESGGGLVQAGGSLRLSCAVSGNTLSRYAMGWFRQTPGNEREFVAAIRWNNAATYYADAVEGRFTISRDNAKNTVYLQMNNLKPEDTAVYYCAGRFLGYASSNAYHEALYNYDYWGQGTQVTVSS
seq9981,EVQLVESGGGLVQPGGSLRLSCAASGFTFSDYGMSWVRQAPGKGTEWVSAISWNGNNTYYTESMKGRFTISRDNAKNTLYLQMNSLRPEDTAVYYCVKGSTAIVGVPPTYPDEYDYWGQGTLVTVSS
seq9982,QVQLQESGGGSVQAGGSLRLSCAATRYTTCNSDMNWYRQAPGKEREFVSGIDSDGSTSYADSVKGRFTISCDNAKNTVHLQMNSLKPEDTAMYYCKRVVLCGHSDYETYWGQGTQVTVSS
seq9983,EVQLVESGGGLVQPGGSLRLSCAASGFTFDRSWMGWFRQAPGKEREWVASITSGGTTNYADSVKGRFTISADNSKNTAYLQMNSLKPEDTAVYYCAADVWYGSTWRNWGQGTLVTVSS
seq9984,QVQLQESGGGLVQAGGSLRLSCVASGRTFSSYAMGWFRQAPGKEREFVAAIDWSGGTASHADSVKGRFTISRDNAKNTVYLQMNSLKPEDTAVYYCAASSYWSRSVDEYDYWGQGTQVTVSS
seq9985,EVQLVESGGGLVQPGGSLRLSCAASGFTLSGSWMYWVRQAPGKGLEWVSTIKPNGSTASADSVKGRFTISRDNAKNTLYLQMNSLKPEDTALYYCARDFSGNQRGQGTQVTVSS
seq9986,EVQLVESGGGQVQPGGSLSLSCESSVSIWSFKVMGWFRQAPGKQRELVATITTGGSPDYSDSVKGRFTLSRDYDKRTVYLQMNSLKPEDTAVYYCAGRLWAHITSSGHDVWGQGTQVTV
seq9987,ELQLVESGGGSVQPGGSLRLSCAASGFTFSNYWMYWVRQAPGKGLEWLSLITTDGGSTFYADSVKGRFTISRDNAKNTLYLQMNSLKSEDTAVYYCAKDLGSGFSLGSWGQGTQVTVSA
seq9988,VQLQESGGGLVQDGGSLRLSCAFSGRTFSSYTMGWFRQGPGKEREFVAATVWTGAGTVYADSVKGRFTISRDNAKNTVYLQMNSLRPEDTAVYYCAADQASVPPPYGSERYDIASPSEYDYWGQGTQVTVSS
seq9989,DVQLVESGGGVVQPGGSLRLSCAASGGTFSTYVMGWFRQAPGKEREFVAAISQNSIHTYYANSVKGRFTISRDNSKNTVYLQMNSLRPEDTALYYCAASRFTSWYTADYEYDYWGQGTLVTVSS
seq9990,DVQLVESGGGLVQAGDSLRLSCAASGPTGAMAWFHQGLGKEREFVGGISPSGDDIYYADSVKGRFTIDRDNAKNTVSLQMNSLKPEDMGVYYCAARRRVTLFTSRTDYGFWGRGTQVTVS
seq9991,QVQLVESGGGLAQPGGSLRLSCEASGFGTWFRFDENTVNWYRQPPGKSREFDELVARYPKSGIVTYLDSVKGRFTISRDNAKKMAFLQMDNLKPEDTAVYYCNVGEFWGQGTQVTISS
seq9992,QVKLVESGGGLVQPGGSLRLSCAASGSIFSINAMGWYRQAPGKQRELVAAITKSNNINYADSVKGRFTISRDNAKNTVYLQMNSLKPEDTAVYYCNGFFTLPGYSSEEFGPWGQGTQVTVSS
seq9993,QVQLVESGGGLVQAGGSLRLSCAASGRTFSEPSGYTYTIGWFRQAPGKEREFVARIYWSSGLTYYADSVKGRFTISRDAKNTVDLLMNSLKPEDTAVYYCAARDGIPTSRSVGSYNYWGQGTQVTVSS
seq9994,GLVQPGGSLRLSCAASGFTFDDYAMSWVRQAPGKGLEWVSAISWSGDITYYAESMKGRITISRDSAKNKLYLKMNSLKSEDTAVYYCAKEVVGRYYYGMDYWGKGTL
seq9995,EVQLVESGGGLAQAGGSLRLSCTASGTISKIDVMAWYRQTPGNERELVARIFSNDVTHYVDSAKGRFTLSRAQDKNTVDLQMNSLEPDDAAVYYCNAQIWSDMRGRMDTYWGQGTLVTVSS
seq9996,VQLVESGGGLVQAGGSLTLSCAISGLTFSSYHMGWYRQAPGREREFVAQITWSDTSIYYAGSVKGRFTISRDNVKNIVYLQIDNLKPEDTAIYYCDARKVGGPDYWGQGTQVTVS
seq9997,EVQLVESGGGLVQAGGSLRLSCEASGRTFSSVAMGWFRQAPGKEREFVAAVSRWSGARTVYADSVKGRFTISGDNAENTVYLQMNSLKPEDTAVYTCAADSTNRNSGAVYYPWAYDYWGQGTQVTVSS
seq9998,HVQLVESGGDSVQAGGSLQLSCKASGYTYNSRVDIRSMGWFRQYPGKEREGVATINIRNSVTYYADSVKGRFTISQDNAKNTVYLQMNALKPGDTAMYYCALSDRFAAQVPARYGIRPSDYNYWGQGTLVTVSS
seq9999,QVQLQESGGGLVQAGGSLRLSCAASRRDFTTTTMAWYRQAPGKKRETVATVNTGGLTWYADFVKGRFTISRDDAVNTLLLQMDSLKPEDTAVYYCNAVLVRARGMWGQGTQVTVSS
seq10000,EVQLVESGGGLVQAGGSLRLSCAVSGRTFSSSTMAWFRQPPGGERDFVASISTSGTRTLYADSVKGRFTISRDNAKSTGYLQMNSLKPEDTAVYFCAAVNRRGWEFWRLASGYDYWGLGAQVTVSS
seq10001,EVQLVESGGGEVQPGGSLRLSCAASEIITSDKSVGWWRQAPGKQRNLVAGISNVGSTNYAQSVKGRFTISRDNAKNTLFLQMSSLRAEDTAVYYCYARDFENEYWGQGTLVTVKP
seq10002,EMQLVESGGGLVQTGGSLRLSCAASGRLPRDYILGWFRQPPGKEREFVAAVPWTGSLTSYGDSVKGRFTISKNNAENTVYLQMNGLKPEDTAVYYCAATTTSGRINWGRASWGQGTQVTVSS
seq10003,EVQLVESGGGLVQAGGSLRLSCAASGRTLSLYSVGWFRQAPGKEREFVATIGWNSGRTFYVDSMKGRFTISRDNAKNTVYLQMNDLKVEDTAVYYCAAAKGPLRLSNQADYWGQGTQVTVSS
seq10004,QVQLQESGGGLVQPGGSLRLSCAASGSVFSIDSMSWFRQTPGNERELVAHITGGRTTTYADSVKGRFTISRASAPNTVHLQMNNLKPEDTAVYYCNAAVSTGWGRNADDYWGQGTQVTVS
seq10005,EVQLVESGGGLVLAGGSLRLSCVHSGPTFLTDTMGWFRQAPGKEREFVAAVTWNSGRANYADSVKGRFTVSRDNTRNAAYLQMSGLKDEDTAVYYCTAHRSVVGGVGVWDWRYWSQGTQVTVSS
seq10006,EVQLVESGGGEVQPGGSLRLSCAASERPFGTYAMGWFRQAPGKERDLVAAVSRNAGASQYGEFVKGRFTISRDNAKNTMYLQMSSLRAEDTAVYYCAARSAAYSRSSEVYTGKDEYYYWGQGTLVTVKP
seq10007,EVQLVESGGGLVQPGGSLRLSCAASGEVYKINFLGWYRQAPGKEREKVAHITIADAADYADFAKGRFTISRDEAKNMVYLQMNSLRPEDTAVYFCRAGSRIWPYDYWGQGTQVTVSS
seq10008,QVKLEESGGGLVQAGGSLRLSCVASGRTINDYILGWFRQAPGKKREFVAAIRESGSSTYYADSVKGRYTISRNNTKNAVDLQMNSLKPEDSATYYCAVDQYPTPEFSTQVGHYDYWGQGTQVTVSS
seq10009,EVQLVESGGGLVQPGGSLRLSCAASGFSLDYYGMGWFRQAPGKEREFVAAITSGGTPHYADSVKGRFTISADNSKNTAYLQMNSLKPEDTAVYYCASAYNPGIGYDWGQGTLVTVSS
seq10010,VQLQESGGGLVQAGDSLRLSCAASGRTVGSYSMGWFRQAPGKEREFVAAVTWSGASPYYADSVKGRFTISRDNAKNTVYLQMNSLKPEDTAVYYCAANPTYSGGWHAEYWGQGTQVTVSS
seq10011,VQLQESGGGSVQAGETLRLSCTASGFTFDDSDSDMGWYRQAPGNECELVSSISSDGSTYYADSVKGRFTISQDNAKNTVYLQMNSLKPEDTAVYYCAAINSGYELGTCESLDYWGRGTQVTVSS
seq10012,QVQLVESGGGLVQPGGSLRLSCAASGYIYSAYCMGWFRQAPGKERVGVAAISIGGGSTYYADSVKGRFTISQDNSKNTLYLQMNSLRAEDTAVYYCAADVIPTETCLGGSWSGPFGYWGQGTLVTVSS
seq10013,EVQLVESGGGLVQPGGSLRLSCAISGFTLDLHVIGWLRQAPGKEREWVSCISSSDGSTYYADSVKGRFTISRDNAKNTVYLQMNSLKPEDTAVYYCAAPWDSWYCGIGNDYDYWGQGTQVTVSS
seq10014,EVQLVESGGGLVQAGDSLRLSCTASGRTFLSYAVGWFRQAPGTEREFVAGIRWSGGSTDYSDSVKGRFTISRDNAKNTVYLQMNSLKPEDTAVYYCAAHRTIATIPEKYEYEYWGQGTQVTVSS
seq10015,EVQLVESGGGLVQPGGSLRLSCAASGTTFKINVMAWYRQAPGKGRELVAGIITGGTTTYADSVKGRFTISRDNAKNTLYLQMNSLRPEDTAVYYCAFVTTNSDYDLGRDYWGQGTLVTVSS
seq10016,EVQLVESGGGLVQAGGSLRLSCAASGRTLTNHDMGWFRQAPGKEREFVATIRWGTTDTYYADSVKGRFTISSDNTKNTVHLQMNSLTPEDTGVYYCAARSVYSYEYTYWGQGTQVTVSS
seq10017,EVQLVESGGGSVQVGASLRLSCAARGRALSNYGVGWFRQAPGKEREFVASVSWNGGNKNYRSSVKGRFTISRDNANDTVFLQMNSLKPEDTAVYYCSADVRPYGLGPRSDERVADWGQGTQVTVSS
seq10018,EVQLVESGGGLVQPGGSLRLSCAASGSIFSMNTMGWFRQAPGKEREFVALINRSGGGINYADSVKGRFTISADNSKNTAYLQMNSLKPEDTAVYYCVRLSSGYYDFDYWGQGTLVTVSS
seq10019,EVQLVESGGGLVQAGGSLRLSCAASGFTFSDYDIGWVRQAPGKGREGVSGISSSDGNTYYADSVKGRFTISSDNAKNTVYLQMNSLKAEDTAVYYCAAEPPDSSWYLDGSPEFFKYWGQGTLVTVSS
seq10020,EVQLVESGGGLVQAGGSLRLSCAASGFTFSDYDIGWVRQAPGKELEGVSGISSSDGNTYYADSVKGRFTISSDNAKNTVYLQMNSLKAEDTAVYYCAAEPPDSSWYLDGSPEFFKYWGQGTQVTVSS
seq10021,EVQLVESGGGLVQPGGSLRLSCAASGFAITSYYMYWVRQAPGKGLEWVSTITTTGGRAYADYVKGRFTISRDNAKNTLYLQMNSLKPEDTALYYCARDLGGAVRGQGTQVTVSS
seq10022,EVQLVESGGGLVQPGGSLRLSCATSKTIFRSNAMGWYRQAPGKKRDLVASISNSGSTNYTDSVKGRFTVSRDNDKNTGYLQMNSLKPEDTGVYYCTVDARRGWNTGYWGQGTQVTVSS
seq10023,EVQLVESGGGLVLAGGSLRLSCVHSGPTFWTDTMGWFRQAPGKEREFVAAVTWNSGRLNYADSVKGRFTVSRDNTRNAAYLQMSGLKDEDTAVYYCTAHRQVVGGVQVLDWRYWGQGTQVTVSS
seq10024,EVQLVESGGGLVQPGGSLRLSCAASGSLSRISDMGWYRQAPGKERELVAVITRGGSTNYGYSVKGRFTISRDNAKNTVYLQMNSLKSEDTAIYYCNARRLSITTMTYSNYWGQGTQVTVSS
seq10025,AVQLVESGGGLVQAGDSLRLSCTASGRTFLTYAVGWFRQAPGTEREFVAGIRWSGGYTDYADSVKGRFTISRDNAKNTVYLQMNSLKPEDTAVYYCAAHRTIATIPEKYEYEYWGQGTQVTVSS
seq10026,EVQLVESGGGLVQAGGSLRLSCAASGRTFNNDHMGWFRQAPGKEREFVAVIEIGGATNYADSVKGRFTISADNAKNTVYLQMNSLKPEDTAVYYCASWDGRQVWGQGTQVTVSS
seq10027,QVQLVESGGGLVQAGGSLKLSCAASGRTFITYAMGWFRQAPGKERELVAAISWSGSSTYSADSVKGRFTISRDNAKNTVYLQMNSLKPEDTAVYYCAAEVSARTGEHLPKLMGDYWGQGTQVTVSS
seq10028,EVQLQASGGGAVEVGGSLTLSCVVTGSPAEPNAVGWYRQAPGKQREWVGRIIPSGTRYADFVKGRFIISRDSAKSTVYLQMNSLKPEDTAVYYCSPLTGSGTYYRSTTFGQGTQVTVSS
seq10029,EVQLVESGGGLVQVGDSLRLSCAASGRTFSTYLMVGWFRQAPGKEREFAAGIWSSGGTAYADSVKGRFTISRDNAKNTVYLQMNSLKAEDTAVYYCAGSYDGNYYIPGFYKDWGQGTQVTVSS
seq10030,EVQLQESGPGLVKPSQTLSLTCTVSGDSITSSYYHYSWIRQPPGKGLEWMGVIAYDGSTYYSPSLKSRTSISRDTSKNQFSLQLNSVTPEDTAVYYCARDDVAAPGYWGQGTQVTVSS
seq10031,QVQLVESGGGLVQPGGSLRLSCAASGNIFSINTMGWYRQAPGKQLELVCAITSGGTTSYTDSVEGRFTCSRDNAKNAVYLQMNSLKAEDTAVYYCNTVKVVGGRLDNPDYWGQGTQVTVSS
seq10032,QLQLVESGGGLVQAGGSLRLSCVASGSMFNFYGMAWYRQAPGKQRELVASIDSEGRTTNYPDSLKGRFTISRDDAKSTAYLQMNNLIPDDTAVYYCNAFRGRMYDYWGQGTQVTVSS
seq10033,EVQLVESGGGLVQPGRSLTLSCAASTNIESISPMGWYRQAPGKQRELVAAIHGNSTLYADSVKGRFTISRDNAKNSIYLQMNSLRPEDTALYYCNKVPWGRYHPRNVYWGQGTQVTVSS
seq10034,EVQLVESGGGLVQAGGSLRLSCAASGRGFSTNPMGWFRQSPGKEREFVAAHRWSDGNTYYVDSVKGRFAISRDNAKNTVHLQMNSLKSEDTAVYYCAAGRPWSDYRAPSEYIYWGQGTQVTVSS
seq10035,QVQLQESGGGLVQAGGSLRLSCAVSGNTLSRYAMGWFRQAPGNEREFVAAIRWNNGNTYYADSVKGRFTISRDSAKNTVFLQMNSLQPEDTAVYFCAARFLPYASSNAYHEALYNYDYWGQGTQVTVSS
seq10036,QVQLQASGGGLVQAGGSLRLSCTVSGSISSIDGMGWYRQAPGNQRELVATIARTGSTSYVPSVKGRFTISRDNAQTTLYLQMNDLTPEDTAVYYCAADPRKRGVPDWYYGMDYWGKGTQVTVSS
seq10037,VQLQESGGGLVQAGGSLKLSCTASQRTFSRYSLGWFRQAPGEERVFVAATTWSGISSDYADSVKGRFTISRDNAKNTGYLQMNNLKPEDTGVYYCAAGRSSWFAPWLTPYEYDYWGRGTQVTVS
seq10038,EVQLQASGGGLVQAGGSLRLSCAASGNTISGYATGWFRQAPGKEREFVAAVTWSGYSVYYAKSPKGRFTVSRDNAKNTVYLQMNSLKHEDTAVYYCAAVFVRTAGVPTLPGEYDYWGQGTQVTVSS
seq10039,QVQLVESGGGLVQPGGSLRLSCAASGFTFSSYVMHWVRQAPGKGLEWVSSIYSDGSHTYYADSVKGRFTISRDNAKNTLYLQMNSLKSEDTAVYYCAKNLEHYSGSYYYTDPRYDYWGQGTQVTVSS
seq10040,QVQLQESGGGLVQAGGSLRLSCAASGSIGSLYVMSWYRQAPGKQREPVAALMGSGSTTYADSVKGRFTISRDNIKNTMYLQMNSLKPEDTGVYYCAGTGAEGHYWGQGTQVTVSS
seq10041,QVQLQESGGGLVQAGGSLRLSCAASGRTFNSYAWGWFRQAPGKERGFVARISFSGGHTYYSDSVKGRFTISRDNAKNSVYLQMNSLKPEDTAVYYCAADPTPYGLRNERNYHYWGQGTLVTVSS
seq10042,EVQLVESGGGLVQAGGSLRLSCTASGRAFSSSVVGWFRQAPGKEREIVTAINWSGARTYYADSVKGRFTISRDNAKNTVYLQMNSLKPLDTAVYYCAAGSDRYARVLTEYEYVWWGQGTQVTVSS
seq10043,MAESGGGSVQTGGSLRLSCAYTASSLCMAWFRQAPGKEREGVAVTRDGLPKTGYADSVKGRFAISQDYAKKTLYLQMSSLKPEDTARYYCAARPTSPCTVDGELLASTYDYWGQGTQVTV
seq10044,DVQLVESGGGLVQPGGSLRLSCAAAGSIFTINAMGWYRQAPGKQREEVAAITSGGSTNYADSVKGRFTIYSGSDKHAVYLQMNDLNPVETGVYYCTAVVVTTTAYSDYWGQGTLVTV
seq10045,QVQLQESGGGLVQAGGSLRLSCAASGITFRSKSVGWYRQHPGKQRELVGYISGADNIEYADSVKGRFSISRDNAKNTVYLQMNSLKSEDTAVYYCNLRGSNYWGQGTQVTVSS
seq10046,QVQLQESGGGLVQPGGSLKLSCAGSGSTFKHHAMAWFRHTPGKEREFVSAINDHGDRTKYSDSVRGRFTIARDNTDNMVYLQMDDLLPEDTANYTCAAGPLVDYLETTPLVYTYWGQGTQVTVSS
seq10047,EVQLVESGGGLVQPGGSLRLSCAASGFTFNSYIMGWFRQAPGKERMFIAAISGTGTIKYYGDLVGGRFTISRDNAKNTVYLRIDSLNPEDTAVYYCAARQDYGLGYRESHEYDYWGQGTQVTVSS
seq10048,EVQLVESGGGLVQAGGSTRLTCLASGSISSINVIGWYRQAPGKQRELVAMIGRGEGANYGDFAKGRFTISRDNSKNTVYLQMNSLKPEDTAVYYCYADYEDHDSPHNGSWGQGTQVTVSS
seq10049,EVQLVKSGGGLVQAGGSLRLSCAASGRTFSRYIMGWFRQAPGKEREFVAVINRSGGSTDYASSVKGRFTISRDNAKNTVYLEMTSLEPEDTAVYYCAAGEYYTGSSSRYDHWGQGTPVTVSS
seq10050,EVQLVESGGGLVQPGGSLTLSCAASGSSVRFLSMAWYRQAPGKKRELVAGISADGSTVYIDSVKGRFTISRDNAKNSVYLQMNSLRAEDTAVYYCYAYRWTTRYKYWGQGTLVTVSS
seq10051,QVQLQESGPGLVKPSQTLSLTCTVSGGSITTNRYLWTWIRQTPGKGLEWVGAIAYSGRTYYSPSLKSRTSISRDTSKNQFTLQLSSVTPEDTGVYYCAHFTGWGGYYWGQGTQVTVSS
seq10052,QVQLQQSGGGLVQAGDSLRLSCAASGWAFGNYGMAWFRRAPGKEREFIGRLAWNGGSTDYVDSVKGRFTISRDNPKNTLYLQMNNLKPDDTAVYYCARQRSYSRYDIRTPQTYDYWGQGTQVT
seq10053,QVQLVESGGGSVQAGGSLTLSCAVSGNTYSTKYMGWFRQAPGKEREGVAAILAGGRNTYYADSVKGRFTISQDSAKNTVYLQMNSLKPEDTAMYYCAADTRAAFWYIGPLNSDQYNSWGQGTQVTVSS
seq10054,QVQLQESGGGLVVAGGSLRLSCAASGSSVSFLSMAWYRQAPGKKRELVAGISTDGTTNYVDSVKDRFTISRDNAKNTVYLQMNSLQPEDTAAYYCYAYRWVGRDTYWGQGTQVTVSS
seq10055,QVQLVESGGGLVQAGGSLRLFCAASGSIFRVNAMGWYRQVTGKQRELVAAITSGGRTNYADSVKGRFTISRDNIKNTVYLQMNSLKPEDTAVYYCNADLGTGGRSYDYWGQGTQVTVSS
seq10056,EVQLVESGGGLVQLGGSLRLSCAASGFTLDGYAIGWFRQAPGKEREAISCITTAGTIYYADSVKGRVTISRDNAKNTVYLQMNSLKPEDTAVYLCAADGFDTPCVAGTDWGYDYEGQGTQVTVSS
seq10057,EVQLQESGGGLVQPGGSLRLSCAASGFTFSSYWMYWLRQAPGKGLEWVSSIYSGSSSTYYRDSVKGRFTISRDNAKNTLYLQMNSLKSEDTAVYYCAKDPGGYAKGQGTQVTVSS
seq10058,EVQLVESGGGLVQPGGSLRLSCAASGRTFRSYPMGWFRQAPGKEREFVASINRGGSTNYADSVKGRFTISADNSKNTAYLQMNSLKPEDTAVYYCARGRYDFWSGYYRWFDPWGQGTLVTVSS
seq10059,EVQLVESGGGLVQAGASLRLSCATSGFTFSPYYMGWFRQAPGKERDFVAAISWSRGILYYTDSTEGRFTISRDNAKNTMYLQMDNLNPEDTAVYYCAASRSPGDPSRTYLYDYWGQGTLVTVSS
seq10060,QVQLVESGGGLVQAGGSLRLSCAASGISFAINNVAWYRQAPGKQRDLVALIDKYDTGNIADSVKGRFSISRDNAKNTAYLQMNSLKPEDTAVYYCNALGTWHRAGPYWGQGTQVTVSS
seq10061,QVQLVESGGGLVQPGESLRLSCAASGFNFASYSMTWVRQAPGKELDWVATISFSGGSTYYDDSVKGRATISRDNAKSTVYLQLNSLKTEDTGMYYCTKGRVSPPIPDGLSRGQGTQVTVSS
seq10062,EVQLVESGGGSVQAGGSLRLSCAASGRTFSTNPMGWFRQVPGKERELIAAVRWADGNTFYADSVKGRFTISRDNAKKTVYLQMNSLKSEDTATYYCAAGRPWSAYHSPAEYVHWGQGTQVTVSS
seq10063,QVQLQESGGGLVQAGGSLRLSCVASGSDVSTYALGWYRQAPGKQREWVAGISRGGDTNYADSVKGRFTISRDYAKNTVYLQMNSLKPEDTAVYYCNIRILPNWATTVGRWGQGTQVTVSS
seq10064,DLVQAGGSLKLSCAATGFSSDDYVMGWFRRAPGKDRVGVACINSKTGRTYFRPDVQGRFTISSDNAKHTVYLQMNSVNVDDTAVYSCAATESLIATDWCLSTVSYNYWGQGTQVTVSS
seq10065,QVQLQESGGGLVQPGGSLRLSCEASPRTFSTYSMAWFRQAPGKERSFVAAINWSGGNTAYADSVKGRFTISRDNSKNTLYLQMNSLRAEDTAVYYCAAGGVLAHHNYEYDYWGQGTLVTVSS
seq10066,EVQLVESGGGLVQAGGSLRLSCAASRRTFSSYAMGWFRQAPGKEREIVADISWNGSRTYYADSAKGRFTISRDNAKNTVYLQMNSLKPEDTAVYYCAAALFGGLGRAPSTHEYAYWGQGTQVTVSS
seq10067,QVQLQESGGGLVQAGGSLRLSCVHSGGIFTIGPLGWYRQAPGSQRELVATVTNGGGTYYADSVKGRFTISRDNAKNTVYLQMNSLKPEDTAVYYCNAAVVTAKGMGAIQSRGYWGQGTQVTVSS
seq10068,QVQLVETGGGLVQPGGSLRLSCAASESIFSTYAMGWYRQAPGKQRELVAAITTNDIANYADSVKGRFTISRDNAKNTVYLQMNSLNPEDTAVYYCNAIFPPYNYWGQGTQVTVSS
seq10069,VQLQESGGGVVQSGGSLRLSCVASGNIFRINVMGWYRQAPGKQRELVAVVKSGGSTNYVDSAKGRFTISRDNAKNTAYLHMDSLKPEDTAVYYCNAQTRLWSYWGQGTQVTVSS
seq10070,EVQLVESGGGLVQAGGSLRLSCAASGSISSIHAMGWFRQAPGKEREFVAAITWSGGITYYADSLKGRFTISRDNAKNTGYLQMNSLKPEDTAIYYCAADRAQSSWYDYWGQGTQVTVSS
seq10071,ESGGGLMQAGGSMRVSCAASGRPFNYAVGWFRQAPGKEREFVAAISRILGNTYYTDSVKGRFTISRDNAKSTVYLQMNSLNPEDTAVYYCAARLDFNPSYSKSDYDYWGQGTQVTVSS
seq10072,EVQLMESGGGLVQAGGSLRLSCAASGRTFNNYAMGWFRRAPGKEREFVAAITRSGVRSGVSAIYGDSVKDRFTISRDNAKNTLYLQMNSLKPEDTAVYTCAASAIGSGALRRFEYDYSGQGTQVTVSS
seq10073,QVQLQESGGGLVQPGGSLRLSCTASGFTLDKYAVGWFRQAPGKEREGVSCISSIDDSTDYVDSVKGRFTISRDNAKNAVYLQMNSLKPEDTAVYNCMTIPLPYGSTCDIPSRSDLLAINYWGKGTLVTVSS
seq10074,QLEASGGGLVQAGGSLRLSCAASGRSFSGSTMEWYRQAPGKERKFVAAIRTGSSRTYYVDSVKGRFTISRDSTKNTVYLQLNSLKGEDTAVYYCAARFSGTIGTTSSVDYWGQGTQVTV
seq10075,EVQLVESGGGEVQPGGSLRLSCAASRRPFSSKTMAWFRQAPGKEREFVAAVRWIGGATRYTESVKGRFTISRDNAKNTLYLQMSSLRAEDTAVYYCAAGQAWGTKFTDYSDWGQGTLVTVKP
seq10076,EVQLVESGGGLVQPGGSLTLSCVASGSTSSINAIGWYRRAPGKQRELVAGISSDGSKYYADSVKGRFTISRDNAKNSVYLQMNSLRAEDTAVYYCYYFRTVTGSSMRYWGQGTLVTVSS
seq10077,QVQLQESGGGSVQAGGSLKLSCAASGYFYSSNYYMAWFRQAPGKEREGVAHINRSGRITLYADSVKGRFTMSRDNAKNTVYLQMNSLKPEDTAIYYCAAGVRTHMPPLASYGFDYWGQGTQVTVSS
seq10078,DVQLVESGGGVVQPGGSLRLSCAASGGTFSTYVMGWFRQAPGKEREFVSAISQNSIHTYYADSVKGRFTISRDNSKNTVYLQMNSLRPEDTALYYCAASRFTSWYTADYEYDYWGQGTLVTVSS
seq10079,QVQLVESGGGLVQTGGSLRLSCAASGSTFSINTMGWYRQAPGKQRELVAAISSGGSTDVADSVKGRFTISRDNAKNTVYLQMNSLKPEDTAVYYCGACLEGRCDHRGQGTQVTVSS
seq10080,DVQLQASGGGLVQAEDSLRLSCALSGRSFSTYRVGWFRQTPGKEREFVAGINWNGVKTRYSDSMNDRFTVSRDNTKNTVFLDLKSLKDEDTAVYYCATDQRFDGDDWSPSAFTRWGRGTQVTVSS
seq10081,EVQLVESGGGLVQAGGSLRLSCEASTSMFSIRAATWYRQAPGKQRELVANIDSEGTTGYSDSVKGRFTISRDNTKKTVYLQMNSLKPEDTAVYSCNAVVTYNMLVYDSWGQGTQVTVSS
seq10082,VQLVESGGGLVQPGGSLRLSCAASGNIFRIDTMGWYRQAPGKQREFVAGISRGGSTNYAHSVKERFTISRDNAKNTMYLQMNSLKSEDTAGYYCNAQAWDPGTIRYLEVWGQGTLVTVSS
seq10083,IRLLVESGGGLVQAGGSLRLSCVASGRIFTIRTMGWYRQTPGIQPELVAEITADGSQNYVDSVKGRFTIFGDNDKKTVWLQMNSLKAEDTADYYCAADIITTDWRSSRYWGQGTQVTVSS
seq10084,QVQLQDSGGGTVQAGGSLRLSCAASGRTFSDYAVGWFRQAPGKEREFVARILWTGASRSYANSVDGRFTVSTDNAKNTVYLQMNSLKPEDTAIYYCAALPSNIITTDYLRVYYWGQGTQVTVSS
seq10085,EVQLVESGGGVVQPGGSLRLSCAASGGTFSTYVMGWFRQAPGKEREFVAAISQNSIHTYYADSVKGRFTISRDNSKNTVYLQLNSLRPEDTALYYCAASRFTSWYTADYEYDYWGQGTLVTVSS
seq10086,QVQLVESGGGLVQAGGSLRLSCAASGRLSRTFTMGWYRQAPGKQRDLVASITTSGSTNYADSVKGRFTISRDNAKNTVILQMNSLVPEDTAVYYCRFLSASTAAWGQGTQVTIST
seq10087,EVQLVESGGGLVQPGGSLRLSCAASGRTFSDDTMGWFRQAPGKEREFVAAINWSGGTTRYADSVKGRFTISADNSKNTAYLQMNSLKPEDTAVYYCATDPPLFWGQGTLVTVSS
seq10088,EVQLVESGGGLVQAGGSLRLSCLASGTTFSGRAVAWYRQAPGNQRDFVASTNSAGSTNYADSVKGRFTISRDNAKTSVYLQMNNLKPEDTAVYYCNVPFYNYWGQGTQVTVSS
seq10089,EVQLVESGGGSVQTGGSLRLTCAASGRTSRSYGMGWFRQAPGKEREFVSGISWRGDSTGYADSVKGRFTISRDNAKNTVDLQMNSLKPEDTAIYYCAAAAGSAWYGTLYEYDYWGQGTLVTVSS
seq10090,QVQLQESGGGSVQAGETLRLSCTASGFTFDDSDMGWYRQAPGNECELVSTISSDGSTYYADSVKGRFTISQDNAKNTVYLQMNSLKPEDTAVYYCAAHPLHYELGTCAALDYWGRGTQVTVSS
seq10091,EVQLVESGGGLVQIGDSVRLSCIASGGTFRTYAMGWFRQAPGAEREFVAAISRRGNKTDYAESVKGRFTVSRDNAENTVYLQMNSLKPDDMGVYYCAASARNFIGTQPLDYDYWGQGTQVTVSS
seq10092,EVQLVESGGGLVQAGGSRRLSCAVSGRTLSSFGMGWFRQAPEKPREFVAAITWGQGGTFYADSVKGRFTISRDIVKNTVYLQMNDLKPDDTGLYFCVSAPHFHEAFPSRPPAYAYWGQGTQVTVSS
seq10093,AVQLVESGGGSVQAGGFLRLSCVASVNYCMAWFRQAPGKEREGVAAINRDGRTTAYADSVKGRFTISRGNEKNTVYLLMNNLKAEDTATYYCAAYVGGSYSCGTLENDGYKYWGQGTQVTVSS
seq10094,ELQLVESGGGLVQPGGSLRLSCAASGFTNGFTFDDYGMSWVRQVPGKGLEWVSSISWTGERTYYAESVKGRFTIFRDNAKNMLYLQMNSLKSEDTAVYYCAKALMGEYDYWGQGTQVTVSS
seq10095,EVQLVESGGGLVQPGGSLTLSCVASGSTSPINAIGWYRRAPGKQRELVAGISSDGSVVTTESVKGRFTISRDNAKNSVYLQMNSLRAEDTAVYYCYYFRTGSGSSMGYWGQGTLVTVSS
seq10096,QLQLVESGGGLVQAGGSLRLSCVASGSTSDINLMAWYRQASGKQRELVANKARGGLPKYADFAKGRFTISRDNAKNTITLQMNSLKPEDTAVYYCNALLDWRAGDYWGQGTQVTVSP
seq10097,DVQLVESGGGLVQAGGSLRLSCAASGRTFSTSAMGWFRQAPGKEREFVARITWSAGYTAYSDSVKGRFTISRDKAKNTVYLQMNSLKPEDTAVYYCASRSAGYSSSLTRREDYAYWGQGTQVTVS
seq10098,DVQLQESGGGLVQAGGSLRLSCAASGATSDVYAMGWFRQVPGKEREFVATINRSGSDSYYADSVKGRFTISRDNAKNTVYLQMNSLKPEETAVYYCAASHSDCIGYGCRRVSQDYWGQGTQVTVSS
seq10099,DVQLQESGGGSVQPGGSLRLSCAASGFTFKDASMNWVRQAPGKGLEWVSAINGGGTVTDYADPMEGRFTISRDNAKNTLYLQMNSLNFEDTALYYCATGWLFRANNYRGQGTQVTVSS
seq10100,EVQLVESGGGLVQAGGSLRLSCAASGSTFIINVVRWYRRTPGKQRELVATISSGGNANYVDSVRGRFSISRDGAKNAVDLQMNGLKPEDTAVYYCNVPTTHYGGVYYGPYWGQGTLVTVSS
seq10101,EVQLVESGGGEVQPGGSLRLSCAASGSVTGANTMGWYRQAPGKQRDLVALIGNYVTHYAESVKGRFTISRENAKNTVYLQMSSLRAEDTAVYYCYLYTDNLGTSWGQGTLVTVKP
seq10102,EVQLVESGGGLVQPGDSLKLSCAFSGRTFSSYSMAWFRQAQGKEREFVVAISSGGFIYDAVSLEGRFTISRENTKNTVYLQTPSLKPEDTAVYYCAASRAYGSSRLRLADTYDYWGQGTQVTVSS
seq10103,QVQLVESGGGLVQPGGSLRLSCAASGSFRSIVSMAWYRQAPGKQRELVASSNSGGSTNYADSVKGRFTISRDNAKNTVYLQMNSLKPEDTAVYWCNVQNRLPGFDAFSGRSIAETYWGQGTQVTVSS
seq10104,EVQLVESGGGLVQPGGSLTLSCAASDSYVSLLSMAWYRQAPGKKRELVAGISVDGSTHYVASVKGRFTISRDNAKNSVYLQMNSLRAEDTAVYYCYAYRWMTRLTYWGQGTLVTVSS
seq10105,VQLQESGGGWVQPGGSLRLSCAATGSIVSINAIGWYRQAPGKQRELVASITNQGIRNYSTSVMGRFTISRDDVKNTVSLQMNSLKPEDSAVYYCKGFAGWGKEDYWGQGTQVTVSS
seq10106,QVQLQESGGGLVQAGGSLRLSCAVSGNTLSRYAMGWFRQTPGNEREFVAAIRWNNGATYYADAVKGRFTISRDTGKNTVYLQMNNLKPEDTAVYYCAGRFLGYASSNAYHEALYNYDYWGQGTQVTVSS
seq10107,VQLVETGGGLVQPGGSLRLSCSVSGLHFRFANMGWFRQAPGKQRELVAYITTGDNTNYVDHVKGRFTISRDNAKNTVYLQMNSLKPEDTAVYYCNIVNALGEFNPRNDWGQGTQVTVSS
seq10108,EVQLVESGGGVVQAGESLRLSCAASGRSFSNYEMGWFRQAPGTEREFVGSINRRGSSTYYADSVKGRFTISRDNAKNTVYLQMSSLKPEDTAVYYCAAGWLYPSSRSRDYDYWGQGTQVTVSS
seq10109,EVQLVESGGGLVQAGGSLRLSCAASGRTFSISAMGWFRQAPGKEREFVCFITGSGGTTYYGESVKGRFTISRDNAQNPVYLQMNSLKPEDTAVYYCGVYRRTYISSTYSESSEYDYWGQGTQVTVSS
seq10110,EVQLVESGGGLVQPGGSLRLSCAASGLTFRNYAMGWFRQAPGKEREFVAAITSGGSTLYADSVKGRFTISADNSKNTAYLQMNSLKPEDTAVYYCARGDWRYGWGHGTLVTESS
seq10111,QVQLQESGGGSVQTGGSLRLSCAASTSIYSNNYMAWFSQAPGKGREGVAAVYIDDGRTYYADSVKGRFTISLDSAKNTVYLQMNSLKPEDTAMYYCAAAPGPLSHNYWYASANYDYWGQGTQVTVSS
seq10112,VQLQESGGGLVQAGESLRLSCAASGRTVSSLFMGWFRRAPGKERELVAAISRYSLYTYYADSVKGRFTISADNAKNAVYLQMNSLKPEDTAVYYCASKLEYTSNDYDSWGQGTQVTVSS
seq10113,EVQLVESGGGLVQPGGSLTLSCVASGSTQVNNAMAWYRRAPGKQRELVAGISSDGSQVYYGSVKGRFTISRDNAKNSVYLQMNSLRAEDTAVYYCYYFKTVSGQSLRYWGQGTLVTVSS
seq10114,EVQLVESGGGLVQAGGSLRLSCAASGSIFSIKAMGWYRQAPGKQRELVARITSGGSTYYADSVKGRFTISRDNAKNTVYLQMNSLKPEDTAVFYCNAIVTDSDYDLGNDYWGQGTQVTVSS
seq10115,QVQLQESGGGLVPAGGSLRLSCAASGRDFATYSMAWFRQAPGKERESVATISWSGQRTRYADSVKGRFTISRDNAKNTVYLQMNSLKPEDTAVYYCAAPRTWGEFPPTQYDSWGQGTQVTVSS
seq10116,EVQLVESAGGLVQAGGSLGLSCSASGLLFSRNSAGWYRQAPGKQREFVARIRMGGSINYGDSVKGRFTVSRDIAKDTRYMQINDLKPEDTAKYFCRSWREGLYEYWGQGTQVTVSS
seq10117,EVQLVESGGGSVQAGGSLRLSCAATGRTFSSYGMGWFRQAPGKEREFVAAIHWNSGITYYADSVKGRFTISRDNAKNTVYLQMSSLKPEDTAVYICAASSKGLTGTIRAYDDWGQGTQVTVSS
seq10118,QVQLVQSGGGSVQAGGSLRLACAASGFTARSYFMGWFRLAPGKEREGVAAINSRAGATYYADSVKGRFTISQDNAENTVYLQMNSLKPEDTAIYYCAAAVGWLSGAWTWGSKYQYWGQGTQVTVSS
seq10119,EVQLVESGGGLVQPGGSLRLSCAASESIFSIDAMGWYRQAPGKQRELVATITGGGSTNYADSVKGRFTISGDSAKRTVYLQMDSLKPEDTAVYYCNAEGQAGWGTALMDYWGKGTLVTVSS
seq10120,VQLQESGGGLVQPGGSLRLSCAASGSIFSINAMGWYRQAPGKQRELVAAITNQGRLTYADSVKGRFTISRDNAKNTVFLQMDSLKPEDTAVYYCNAKWYDPLVIEYYDNWGQGTQVTVSS
seq10121,EVQLVESGGGLVQPGGSLRLSCAASGSTFSIYAMGWFRQAPGKEREFVAAISWSGGNTYYADSVKGRFTISADNSKNTAYLQMNSLKPEDTAVYYCAAVPTIAYNTGYDYWGQGTLVTVSS
seq10122,QLQASGGGVVQSGGSLRLSCVASGNIFRINAMGWYRQAPGKQRELVAHIISGGSTNYADSVKGRFTISREYAKNMVYLQMNSLKPEDTAVYYCNARTFVRTYWGQGTQVTVSS
seq10123,DVQLQESGGGLVQAGGSLRLSCAASGATSDVYAMGWFRQVPGKEREFVATINRSGSDSYYADSVKGRFTISRDNAKNTVYLQMNSLKPEETAVYYCAASRSDCIGYGCHRVSQDYWGQGTQVTVSS
seq10124,EVQLLESGGGLVQPGGSLRLSCAASGRIFSLPASGNIFNLLTIAWYRQAPGKGRELVATINSGSRTYYADSVKGRFTISRDNSKKTVYLQMNSLRPEDTAVYYCQTSGSGSPNFWGQGTLVTVQS
seq10125,QVQLQESGGGLAQAGGSLRLSCAASGRTFSMGWFRQAPGKEREFVAAITYSGGSPYYASSVRGRFTISRDNAKNTVYLQMNSLKPEDTAVYYCAANPTYGSDWNAENWGQGTQVTVSS
seq10126,QVQLQESGGGLVQAGGSLRLSCAASGRTFSSYAMGWFRQAPGKEREYVAAINRFGGTYYADFVKGRFTISRDNAKNTVYLQMNSLKPEDTAVYYCAASRILGLTTAREDYNYWGQGTQVTVSS
seq10127,QVQLVESGGGLVQPGGSLRLSCAASGFTFRGFGMSWVRQAPGKGFEWVSSINSGGEDTRYSDSVKGRFTISRDNARNTLYLQMNSLKPEDTAVYYCAIGGAGATPSGQGTQVTVSS
seq10128,EVQVVESGGGLVQPGGSLRLSCAASGFAFSTYGMHWVRQAPGKAVEWVSAIDDIGAYIYYADSVKGRFTISRDNAKNTLYLQMNSLKPEDTALYYCATGYWYTPGDWGQGTQVTVSS
seq10129,GGGLVQPGGSLRLSCAGSGFTFSTAWMYWVRQAPGKGLEWVSGINTVNSDGTYYARSVKGRFTISRDNARNTVYLQMNALEPEDTALYYCARESVTTGWDWGQGTQVTVSS
seq10130,VQLVESGGGVVQPGGSLRLSCAASGLTLSQYTMGWFRQAPGKERELVAAIHWTSSVTDYADSVKGRFTISRDDSKNTGYLQMNSLRAEDTAVYYCAATHYYTHRGSFDYWGQG
seq10131,QVQLQESGGGLVQAGGSLRLSCAVSGNTLSRYAMGWFRQTPGNEREFVAAIRWNNGATYYAESVKGRFTISRDNGKNTVYLQMNNLQPEDTAVYYCAGRFLGYASSNAYHEALYNYDYWGQGTQVTVSS
seq10132,EVQLVESGGGLVQPGGSLRLSCAASGRTIVPYTMGWFRQAPGKEREFVAAISWSGASTIYADSVKGRFTISADNSKNTAYLQMNSLKPEDTAVYYCAIGGTLYDRRRFEWGQGTLVTVSS
seq10133,EVQLVESGGGLVQAGGSLRLPCAASGIAFRIRTMAWYRQAPGKQRDWVATSDSGGTTLYADSVKGRFTVSRDNAENTVYLQMNSLKPEDTAVYYCRDVNRDYWGQGTQVTVSS
seq10134,QVQLQESGGGSVQAGGSLRLSCAASGYTTSSCSMAWYRQAPGKERELVSTIISDGSTYYADSVKGRFTISQDNAKNTVDLQMNSLKPEDTAMYYCNMKFKPPLFSCKLGYNSWGQGTQVTVSS
seq10135,QVKLEESGGGLVQAGGSLRLSCAASERTFSRYPVAWFRQAPGAEREFVAVISSTGTSTYYADSVKGRFTISRDNAKVTVYLQMNNLKREDTAVYFCAVNSQRMRLQDPNEYDYWGQGTQVTVSS
seq10136,LQESGGGLVQPGESLRLSCAASGFTFDDYAIVWFRQAPGKEREGVSCISTNGDYTYYADSVKDRFTISRDNAKNTVYLQMSSLKPEDTAVYYCAAVYDYYGDYAVCGTPDNMNYWGKGTLVTVSS
seq10137,EVQLVESGGGLVQPGGSLRLSCAASGFTFSSYVMGWFRQAPGKERECVAAISSSDGRTYYADSVKGRFTISADNSKNTAYLQMNSLKPEDTAVYYCAAALDGYSGNWGQGTLVTVSS
seq10138,QVQLQQSGGGLVQAGDSLRISCAASLFTFSTSTMGWFRQAPGKEREFVAAIRSTGDSMYYADSVQGRFTISRDNAKKMVYLQMNNLKPEDTAVYYCAKGVYGSRRSADFGSWGQGTQVTVSS
seq10139,EVQLVESGGGLVQPGGSLRLSCAASGFILDYYAIGWFRQAPGKEREGVLCIDASDDITYYADSVKGRFTISRDNSKNTVYLQMNSLRPEDTAVYYCATPIGLSSSCLLEYDYDYWGQGTLVTVSS
seq10140,EVQLVESGGGLVQPGGSLRLSCAASGSIFTINAMGWFRQAPGKEREGVAAIGSDGSTSYADSVKGRFTISADNSKNTAYLQMNSLKPEDTAVYYCAVVRWGADWGQGTLVTVSS
seq10141,DVQLQASGGGSVQAGASLRLSCATSGQTLNTYVMGWFRQAPGKEREFVAAINWRDTSTYYQDSVKGRFTISRDFAENTVELQMDNLKPEDTGVYYCAATINGAARRGQGTQVTVSS
seq10142,VQLVETGGGSVQAGGSLRLSCAASGVSNTDMIMIWFRQAPGKEREGVLAAIYKNSTYYADSVKGRFTISQDNAKNTVYLQMNSLKPEDTAIYYCAAIRAVIGRHIRPHIYWGQGTQVTV
seq10143,QVQLQESGGGLVQAGGSLRLSCVVSGSIMSIRVMGWYRQAPGKQRELVATMSRGNTINYADSVKGRFTISRDNAKSTVFLQMNSLKPEDTDVYYCAALLDSYYWGQGTQVTVSS
seq10144,EVQLVESGGGLVQPGESLRLSCKASGFSLDYYALGWFRQAPGKEREGISCITSSDASAYYTDSVKGRFTISRDNSKNTVYLQMNSLKTEDTAIYYCAAALLTCSSYYDAYTYWGQGTQVTVSS
seq10145,EVQLVESGGGEVQPGGSLRLSCAASEITFSDKTVGWYRQAPGKQRVLVAVISNVDATNYAESVKGRFTISRDNAKNTVYLQMSSLRAEDTAVYYCHARDFENEYWGQGTLVTVKP
seq10146,GLVQAGGSLRLSCAASGRTFSSYAMGWFRQAPGKEREIVATISWNGGTTDYADSVKGRFTISRDNAKNTVYLQMNSLKPEDTAVYYCAADSTNWVFYDYWGQGT
seq10147,QVQLVESGGGLVQAGGSLRLSCAASGSSFSIYDVGWFRQAPGKEREFVAATIETGGHTSYADSVKGRFTISRDNAKNTVYLQMNSLKPEDTAVYYCYAKIVYDQGPSYYYWGQGTQVTVSS
seq10148,EVQLVESGGGLVQAGGSLRLSCAASGRTFSSSFMAWFRQVLGSDREFVGGISPGGRFTYYADSRKGRFTISEDNANNTVYLQMHSVKPEDTATYYCAADTQFSGYVPKETNEYDYWGQGTQVTVSS
seq10149,EVQLVESGGGLVQPGGSLRLSCAASGLTLDYYALGWFRQAPGKEREGVSCISSVDHSTTYADSVKGRFTISWDNAKNMVYLQMNSLKPEDTAVYYCAADPALGCYSGSYYPRYDYWGQGTQVTVSS
seq10150,VQLQESGGGSVQAGGSLRLSCTASGFTFDDSDSDMGWYRQAPGNECELVSSISSDGSTYYADSVKGRFTISQDNAKNTVYLQMNSLKPEDTAVYYCAAINSGYELGTCESLDYWGRGTQVTVSS
seq10151,EVQLVESGGGLVQPGGSLRLSCAASGSIFNLPVMSWYRQAPGKQRELVAGISTGGTTNYGDSVKGRFTISRDNAKNTVYLQMNSLKPEDTAVYYCNVLVISGIGSHLEVWGQGTLVTVS
seq10152,EVQLVESGGGLVQPGGSLTLSCAASGSSVKFLSMAWYRQAPGKKRELVAGISADGSTDYIDSVKGRFTISRDNAKNSVYLQMNSLRAEDTAVYYCYAYRWRTRYTYWGQGTLVTVSS
seq10153,EVQLVESGGGLVQAGGSLRLSCAASERTYSMGWFRQAPGKEREFVAGSGWDGIPTRYADSVKGRFTISRDNAKNAVSLQMSGLKPEDTAIYYCATGTSVYHYQYWGQGTQVTVSS
seq10154,QVQLQQSGGGLVQAGGSLRLSCVASVSVFRINKMGWYRQAPGTQRELVASITRTGTTTTADPVRGRFTISRDISKDTVYLQMNSLKPEDTAVYYCNADRLLGPVGRDVGYWGQGTQVTVSS
seq10155,EVQLVESGGGLVQPGGSLTLSCAASGSSVKFLSMAWYRQAPGKKRELVAGISADGSTMYIDSVKGRFTISRDNAKNSVYLQMNSLRAEDTAVYYCYAYRWHTRYTYWGQGTLVTVSS
seq10156,EVQLVESGGGSVQAGGSLRLFCTASGRPFDNYAMAWFRQAPGKEREFVAAISWYLTTTYYADSVKGRFTISRDNAKNTAFMQMSSLEPEDTAVYYCAAAPRPTRVSVRYFSTRSNYNYWGQGTQVTVSS
seq10157,QVQLVESGGGLVQPGGSLRLSCAASGSISSINVMGWYRQAPGKERELVARITNLGLPNYADSVEGRFTISRDKDENTVYLEMNTLKPEDTAVYYCYLVGLKAEYWGQGTQVTVSS
seq10158,EVQLVESGGGLVQAGGSLRLSCAASGRTFSMYLMGWFRQAPGKEREFVSTINRRGGNTYYADSVKGRFTISRDNARNTVYLQMNSLKPEDTAVYYCAAGGHLLGYDVQWEPDYWGQGTQVTVSS
seq10159,QVQLVESGGGSVQAGGSLKLSCVGSGYTYNTYCVGWFRQAPGMEREGVAGMYSGSVFTYYADSVKGRFTISEDKAKKTWYLQMNSLKPEDTAIYYCAIEGTQLFNRAKCGTWSAYKTWGQGTQVTVSS
seq10160,EVQLVESGGGLVQPGGSLTLSCVASGQTYRVNAFGWYRRAPGKQRELVAGISSDGSKVYADSVKGRFTISRDNAKNSVYLQMNSLRAEDTAVYYCYYFSAGSGTEMSYWGQGTLVTVSS
seq10161,EVQLVESGGGSVQAGGSLRLSCAASGSTFSRYSMNWYRQAPGKQREFVAGISVGRITNYAVSVRGRFTISRDNAEGTGYLQMNSLKPEDTAVYYCNAGGLQGYWGLGTQVTVSS
seq10162,DVQLQESGGGLVQAGGSLRLSCAASGVSFSRYTMGWYREVPGKERREFVAAVRPSGDSTYYGNSVKGRFSISRDDDKNIVYLQMNSLKPEDTAVYYCAAGFPVLVALSIADPDYWGQGTQVTVST
seq10163,EVQLVESGGGLVQAGGSLRLSCAASGFTFDDYDIGWFRQAPGKEREGVSGISSSDGNTYYADSVKGRFTISSDNAKNTVYLQMNSLKPEDTAVYYCAAEPPDASWYLEGSPEFFKYWGQGTQVTVSS
seq10164,EVQLLESGGGVVQPGGSLRLSCAASGRTFNNYNMGWFRQAPGKGREFVAAVSRSGVSTYYADSVKGRFTISRDNSKNTVYLQMNSLRPEDTALYYCAAAYRGTAINVRRSYSSWGQGTLVTVSS
seq10165,EVQLVESGGGLVQAGGSLRLSCAASGLTFRRNAMGWFRQAPGKERELLAGISWSGGTTYYVDSVKGRFTISRDNAKNTVDLQMISPKPEDTAVYYCAADGDIGTLVNDENPRYWGQGTLVTVSS
seq10166,EVQLVESGGGEVQPGGSLRLSCAASGRTFSGYIMGWFRQAPGKERELVARISGNNLATEYAESVKGRFTISRDNAKNTLYLQMSSLRAEDTAVYYCAAEYDYSSGDFVYWGQGTLVTV
seq10167,EVQLLESGGGLVQPGGSLRLSCAASGRTYAMGWFRQAPGKEREFVAHINALGTRTYYADSVKGRFTISRDNSKNTLYLQMNSLRPEDTAVYYCTAQGQWRAAPVAVAAEYEFWGQGTLVTVSS
seq10168,EVQLVESGGGLVQAGGSLRLSCAASGGTFRYQNMGWYRQAPGNEREWVASNWATGATAYADSVKGRFTISRDDAKNVVYLQMNNLKPEDTAVYYCNRLSRPWSWGQGTQVTVSS
seq10169,EVQLVESGGGLVQPGGSLRLSCVTSGIIFSNNAMGWYRQGPGKKRDLVASISSTYSTNYADSVKGRFTVSRDNDKNTGYLQMNSLKPEDTGVYYCTIDARRGWNTAYWGQGTPVTVSS
seq10170,EVQLVESGGGLVQAGGSLRLSCAASGRTFNDYGMGWFRQAPGKEREFVATITWSGSMTYYADSVKGRFTISRDNAKNTMYLQMNSLKPEDTAVYYCASAIGDYYYTTAYYYDYWGQGTQVTVSS
seq10171,QVQLVESGGGLVQPGGSLRLSCAASGFTFSRNAMTWVRQAPGKGLEWVSAISSTGNSITEADSVKGRFTISRDNAKNMLYLQMNSLKPEDTAVYYCAKLGGDTWYMEYWGQGTQVTVSS
seq10172,VQLQESGGGLVQPGGSLRLSCTASGSFFSINAMGWYRQAPGNQRELVAAITNGGRIAYTDSVKGRFTISNDNAKNTVYLQMNSLKPEDTDVYYCNAKAIPIYGSTAEDYWGQGTQVTVSS
seq10173,QVQLQESGGGSVQAGETLRLSCTASGFTFDDSDMGWYRQAPGSECELVSTISSDGNTYYSNSVKGRFTISQDNAKNTVYLQMNSLKPEDTAVYYCAADDQHYELGTCEALDYWGRGTQVTVSS
seq10174,QVKLEESGGGLVQAGGSLRLSCVASGSGFGVNGVIWYRQAPGKQRELVALIKSDGYTNYRESVKGRFTISRDDAKNTVWLQMNALEPEDTGVYYCKTPGVPFGQGTQVTVSS
seq10175,VQLQESGGGSVQAGGSLRLSCAASGRTFSSYAMAWFRQAPGMERELVAAISWSGGSTYYADSVKGRFTISRDNAENTVYLQMNSLKPEDTAVYYCAAEAEGSGREGNFYERSWYQGQGTQVTVSS
seq10176,EVQLVQSGGGLVQPGGSLRLSCAASGFAFSDYDMSWVRQAPGKGLEWVSIHVSGDGRIFYADSMKGRFTISRDNAKNTMYLQLNSLKPEDTAVYYCAADSYHAATGYLEQWGQGTLVTVSS
seq10177,EVQLVESGGGLVQAGGSLRLSCVLSGRTLWRSNMGWFRQAPGKEREFVGSIDWITTNTYYADSVKGRFTISRDNPKNTFYLQMNSLKPEDTAVYRCASSGPADARNGERWALWGQGTQVTVSS
seq10178,QVQLQESGGGLVQAGGSLRLSCAASGRTFSSVAMGWFRQAPGKEREFVATINWSGGRTTYADSVKGRFTISRDSAKNTVYLQMNSLKPEDTAVYYCAADRFSVVAVEYDYWGQGTQVTVSS
seq10179,EVQLVESGGGLVQAGGSLRLSCAASESTFSSYAMGWFRQAPGKEREFVAAISWSGVSTYYGDSVKGRFTISRDNAKNTVYLQMNSLKPEDTAVYYCAADPKPSRLPLLTHDYTGQGTQVTVSS
seq10180,VQLQASGGGLVQAGGSLNLSCAASGRSFSGYALGWFRQAPGKEREFVGAISWIGGRTYYAVSVKGRFTITRDNAKNTLNLQMNSLKPEDTAVYYCAAKGSDGDYFSIQKYDSWGQGTQVTVSS
seq10181,EVQLVESGGGLVQPGGSLRLSCAASGFSLDYYGMGWFRQAPGKERESVAAISWNGDFTAYADSVKGRFTISADNSKNTAYLQMNSLKPEDTAVYYCAKRANPTGAYFDYWGQGTLVTVSS
seq10182,EVQLVESGGGLVQTGASLRLSCAASGRTFSNYAMGWFRQAPGKERERVAAITPRAFTTYYADSVKGRFTISRDNAKNTAYLQMVSLKPEDTAVYYCAAQLVGSGSNLGRQESYAYWGQGTQVTVSS
seq10183,DVQLVESGGGLVQPGGSLRLSCAASGSIGGLNAMAWYRQAPGKERELVAGIFGVGSTRYADSVKGRFTISRDNSKNTVYLQMNSLRPEDTAVYYCRMSSVTRGSSDYWGQGTLVQVSS
seq10184,EVQLVESGGGLVQAGGFLRLSCELRGSIFNQYAMAWFRQAPGKEREFVAGMGAVPHYGEFVKGRFTISRDNAKSTVYLQMSSLKPEDTAIYFCARSKSTYISYNSNGYDYWGQGTQVTVSS
seq10185,EVQLQASGGGFVQPGGSLRLSCAASGTTSFRDTMGWFRQAPGKEREFVSAISWNEGHAHYYADSVKGRFTISRDNSKNTVYLQMNSLRAEDTATYYCASEDMWFNHFYWGQGTQVTVSS
seq10186,LQESGGGLVQPGGSLRLSCAASGPIISPNTMGWFRQRPGKQRELVATITYRGGTTYADSVKGRFTISRDNAKKMMSLQMNSLKSEDTAVYFCNLWSQWESESYWGQGTQVT
seq10187,EVQLVESGGGLVQPGGSLRLSCAASGFTLDDYAIGWFRQAPGKEREGVSSIRDNGGSTYYADSVKGRFTISSDNSKNTVYLQMNSLRPEDTAVYYCAAVPAGRLRFGEQWYPIYEYDAWGQGTLVTVSS
seq10188,LGSKTIVLSGSLRLSCAASGRTFRTAAMGWFRQAPGKERDFVAGIYWTVGSTYYADSAKGRFTISRDNAKNTVYLQMDSLKPEDTAVYYCAARRRGFTLAPTRANEYDYWGQGTQVTVSS
seq10189,VQLQESGGGLVQAGGSLRLSCEASGRTFSTYAMAWFRQAPGKERDLVAAISWSGGSTEYHDSVKGRFTISRDNTKNTVYLQMNSLKAEDTAVYYCAAEVEGSGREGNFYGASWYPGQGTQVTVSS
seq10190,QVQLQESGGGLVQAGGSLRLSCAASGRTISRYAVSWFRQAPGKEREFVAVARRTGDGAFYSDSAEGRFTVSRDDAKNTVYLQMNSLKPEDTAIYYCAIDSSTFYTGSYDYWGQGTQVTVSS
seq10191,EVQLVESGGGLVQPGGSLRLSCAASGFTFGSYDMGWFRQAPGKEREFVTAINWSGARTAYADSVKGRFTISADNSKNTAYLQMNSLKPEDTAVYYCAARSVYSYEYNWGQGTLVTVSS
seq10192,QVQLQESGGGLVQAGGSLRLSCAASGHTFSSNTMAWFRQAPGKERELVAVIGWIGGSTYYADSVKGRFTISRDNTKNTVYLQMSSLKPEDTAVYYCAADASRRRFSLQYVDYTYWGQGTQVTVSS
seq10193,EVQLQASGGGLVQPGGSLRLSCAASGSIFSINAMAWYRQAPGKQRELVAYIRSNGRTNYADSVKGRFTISRDNAKNTVYLQMNSLKLEDTAVYYCNADYGPPVSIGPWGQGTQVTVSS
seq10194,QVQLVESGGGSVQAGGSLSLSCALSEHSFRTFCMAWFRQAPGKEREGVAVINSGIGKAYYADSVKGRFTISLDNAETTVYLAMENLKPEDTAIYYCAATPGVCGGSFLGRGADQLYSYWGQGTQVTVSS
seq10195,EVQLVESGGGLVQPGGSLRLSCAASGFTFGNYDMSWVRQAPGKGPEWVSAINSGGGITYYADFVKGRFTISRDNAKNTLYLQMSSLKPEDTAVYYCATPRGWGPTGPHEYGYWGQGTQVTVSS
seq10196,QVQLQESGGGLVQAGGSLRLSCVASGSIFTNNAMGWYRQAPGKQRDLVAQITMGGGITNYAPSMEGRFAISRDNAKSTVYLQMNNLKPEDTAVYYCNAEVKSADWGAYANYWGQGTQVTVSS
seq10197,EVQLVESGGGLVQPGGSLRLSCAASGLSFDDYAMGWFRQAPGKEREFVAAISGRSGNTYYADSVKGRFTISADNSKNTAYLQMNSLKPEDTAVYYCALIQRRAPYSRLETWGQGTLVTVSS
seq10198,EVQLQASGGGLAQAGGSLRLSCTASGRTFSTYFMAWFRQPPGKEREYVGGIRWSDGVPHYADSVKGRFTISRDNAKNTVYLQMNSLKSEDTAVYFCASRGIADGSDFGSYGQGTQVTVSS
seq10199,EVQLVESGGGEVQPGGSLRLSCAASGRPFSSYAMGWFRQAPGKERDLVAAVSRNAGASYYAESVKGRFTISRDNAKNTVYLQMSSLRAEDTAVYYCAARSAAYSRSSEVYTGKDEYYYWGQGTLVTVKP
seq10200,GLVQPGGSLRLSCAASGFTFDDYAMSWVRQAPGKGLEWVSAISWNGGNTYYAESMKGRFTISRDNAKNTLYLQMNSLKSEDTAVYYCAKEVVGGYYYGMDYWGKGTL
seq10201,EVQLVESGGGLVQAGGSLTLSCAASERTFSYYVMAWFRQAPGKEREFVAGISMGGDSTKYADSVKGRFTISRDNAENTGYLQMNGLKPEDTAVYYCAADRDIRGNFRSWGRGTQVTVSS
seq10202,QVQLQESGGGLVQPGESLRLSCAVSGSTSSMNAMAWYRQAPGKRRELVAGISGGGATNYPDSVKGRFTISRDNAKNTVYLQMSSLKPEDTAVYYCNLWPPRASPGGGVYWGQGTQVTVSS
seq10203,VQLQESGGGLVQPGGSLRLSCAASESTPSINTMGWYRQAPGKERELVATITSGGMTNYADSVKGRFTISRDNGKNTVYLQMNSLEPGDTAVYYCNLKRRDLQARFGGYWGQGTQVTVSS
seq10204,QVQLQESGPGLVKPSQTLSLTCTVSGGSITTSFYAWSWIRQPPGKGLEWMGVIAYDGRTFYSPSLKSRTHISRDTSKNQFSLQLSSVTPEDTAVYYCARGGVVAWSYDYWGQGTQVTVSS
seq10205,DVQLVESGGGLVQPGGSLRLSCTASGRTFSSYAVGWFRQAPGKEREFVAAISRSGRSTYYADSVKGRFTISRDNSKNTVYLQMNSLRPEDTAVYYCAAGLSYYSPHAYYDYWGQGTLVTVSS
seq10206,EVQLVESGGGLVQPGGSLRLSCAASGFTLDYGAIGWFRQAPGKEREGVSCISSSTGSTYYADSVKGRFTISRDNGKNTVYLQMNSLKPEDTAVYYCAADKMWSPCLVAANEEALFEYDYWGQGTQVTVSS
seq10207,QVQLQESGGGLVQPGGSLRLSCAASGGIFGINAMRWYRQAPGKQRELVASISSGGNTNYSESVKGRFTISRDDANYTVYLQMNSLKPEDTAVYYCNFVRLWFPDYWGQGTQVTVSS
seq10208,EVQLVESGGGLVQPGGSLRLSCAASGRTISSYAMGWFRQAPGKERELVAAISKSSISTYYADSVKGRFTISADNSKNTAYLQMNSLKPEDTAVYYCALGPVRRSRLEWGQGTLVTVSS
seq10209,QVQLQESGGGLVQAGGSLRLSCVASGRTVSNYAMGWFRQAPGKEREFVARITGSGSSTFYADSVKGRFTISRNNLSNTVYLQMNSLKREDTAVYYCAADRWRSMVTRSDPRDYENWGQGTQVTVSS
seq10210,DVQLVESGGGLVQPGGSLRLSCAASRSIGRLDRMGWYRHRPGKPRELVATITGGSSINYADSVKGRFTISRDNSKNTVYLQMNNLRPEDTAVYYCNFNKYVTSRDTWGQGTLVTVSS
seq10211,QVQLVESGGGLVQAGGSLRLSCAASGGTFSAFPMGWFRQAPGKERKFVAGISQSGGSTHYSDSVKGRFTISRENAKNTVYLQMNSLKPEDTAVYYCAARGRTLALRNYAYTTEVGYDDWGQGTQVTVSS
seq10212,EVQLVESGGGLVQPGGSLTLSCAASGSSVKFLSMAWYRQAPGKKRELVAGISADGSTLYIDSVKGRFTISRDNAKNSVYLQMNSLRAEDTAVYYCYAYRWTTRRTYWGQGTLVTVSS
seq10213,EVQLVESGGGWVQPGDSLRLSCVASGRPLSSFTMGWFRQAPEKEREFLGGKSRDGRTTYYSNSVKGRFTIDRDDAQNTVYLQMNSLNPDDTAVYYCAAHTTSGVPVRVKSYAYWGQGTQVTVSS
seq10214,QVQLQESGGGLVQPGGFLRFSCAASGFTFGNQYINWVRQASGKGPEWVAAIKLGSDRTYYADSVKGRFTISSDNAANTAYLQMNSLKFEDTAVYYCAKEVRSNSNAWTSYDYWGQGTQVTVSS
seq10215,EVQLVESGGGLVQAGGSLRLSCVASGSIFRSVFSSSTMEWYRQPPGKKRELVARIAPGDGTNYGALYADSVKGRFTISRDDAKKTVDLQMNSLKPEDTGVYFCASGVAWGQGTLVTVSS
seq10216,EVQLVESGGGLVQPGGSLRLSCAASGSRDRLNVMGWYRQAPGKERDLVATMTAGGSTNYADSVKGRFTISRDIANMVYLQMNSLKPEDTAVYYCNGITASWYSGSYNYNNYWGQGTQVTVSS
seq10217,VKLVESGGGLVQPGGSLRLSCVASGFAFSSADMSWVRQAPGKGVEAVSVINRDGASTYYADSVKGRFTISRDNAKSTLYLQMNSLKPEDTAMYHCAVVPENEYESGSYNYWGQGTQVTVSS
seq10218,EVQLVESGGGLVQPGGSLRLSCAASGGTFSAYHMGWFRQAPGKERELVTIIDNGGPTSYADSVKGRFTISADNSKNTAYLQMNSLKPEDTAVYYCTALLYYFDNSGYNFDPFDIWGQGTLVTGSS
seq10219,QVQLQESGPGLVKPSQTLSLTCTASGGSITTNVRSWIRQPPGKGLEWMGAIVYSGITYGSPSLKSRTSISRDTSKNHFTLHLSSLTPEDTAVYYCARSLDGSIWSSFASWGQGTQVTVSS
seq10220,EVPLVESGGGLVQAGDSLRLSCAASGRTFSSYSMGWFRQAQGKEREFVVAISSSGNYKYDSASLEGRFTISRDNTKNTVYLQINSLKPEDTAVYYCAASRAYGSSRLRLGDTYDYWGQGTQVTVSS
seq10221,LQESGGGLVQAGGSLRLSCATSGFTFDRYAIGWFRQAPGKEREGISCIDSVGRTWYTDSVKGRFTISSDNAKNTVYLQMNSLKPEDTAIYYCSVDKWGSSEYGVGEWYDYWGQGTQVT
seq10222,DVQMQESGGGSVQAGGSLRLSCAASGDTLSTYCMGWFRQVPGKDREGVAAIYRLRDMTFYADSVKGRFTISRDNANDTVDLQMNSLKPEDTAVYYCAARCVRLFGTCQLVEDFELWGQGTQVTVS
seq10223,VQLVESGGGSVQTGGSLRLSCVASGYTYSSARIGWFRQAPGKEREGVAAILTDGVTTYYADAVKGRFTISRDNAKNTVYLQMNSLKPEDTAMYYCAIRTSPYSGGWFRVSQYNGWGQGTQVTVSS
seq10224,VQLQESGGGLVQPGGFLSLSCAASGSMHSVNSMAWYRQVPGKQRELVAAITSGGRLAYAPSVNGRFTISRDYAKNTIHLQMNSLEPEDTAVYYCAALNSATTYWGQGTQVTVSS
seq10225,EVQLVESGGGLVQAGGSLRLSCAASGSTFTSYAMGWYRQAPGKQRELVAAISSDDSTYYADCVKGRFTISRDYAKNTVYLQMNSLKPEDTAVYYCNAPHSDYDEEAPSDFGSWGQGTQVTVSS
seq10226,VQLQESGGGLVQAGGSLRLSCAATGDISSINAMGWHRPARGNERELVAAITNGGRTTYVDSVKGRFTISRDNAKNTVYLQMNSLKPEDTAVYFCKAYTRDEDYWGQGTQVTVSS
seq10227,QRSLRLSCAASGRTFSTAAMGWFRQAPGKERDFVAGIYWTVGSTYYADSAKGRFTISRDNAKNTVYLQMDSLKPEDTAVYYCAARRRGFTLAPTRANEYDYWGQGTQVTVSS
seq10228,EVQLVESGGGLVQAGGSLRLVCSASGIDFSINVMGWYRQAPGKQREWVAFIGSGGSTDYIDYTDSVKGRFTISRDSTKNILYLRMNNLNVEDTAVYYCNTAYEQHTYWGQGTQVTVSS
seq10229,VQLQESGGGSVQAGGSLKLSCAASGYIFSSCGMGWYRQAPGKERELVSTISSDGTTSYADSVKGRFTISQDNAKNTLYLQMNSLKTEDTAVYYCVADCPPIPEFTSCSGGYCLSGDYWGQGTQVTVSS
seq10230,EVQLVESGGGVVRAGESLRLSCAASGRSFSNYEMGWFRQAPGTEREFVGSINRRGSSTYYADSVKGRFTISRDNAKNTVYLQMSSLKPEDTAVYYCAAGWLYPSSRSRDYDYWGQGTQVTVSS
seq10231,QVQLQESGGGSVQAGGSLRLSCAASRDTYTRYFMGWFRQTPGKEPEGVAVLLPGGAYTFYADSVKGRFTITQDSAKNTVYLQMNSLKPEDTAMYYCAADVTVGSRWSQASNYNYWGQGTQVTVSS
seq10232,EVQLVESGGGWVQAGGSLRLSCAASGDVHKINILGWYRQAPAKEREMVAHITIGDATDYADSAKGRFTISRDEAKNMVYLQMNSLKPEDTAVYFCRAYSRIYPYNYWGQGTLVTVSS
seq10233,QVQLLESGGGLVQPGGSLRLSCAASGRTLDNYDMGWFRQGPGKEREFVAAISWSGGSTDYAYSVKGRFTISRDNSKNTLYLQMNSLRAEDTAVYYCAADLRFTGGDTMTPETYDYWGQGTLVTVSS
seq10234,QVQLQESGGGRVQAGESLRLSCSTSTRTLKLYAVGWFRQAPGKERDFVAGIGRSERIYYIDSVKGRFTLSRDNAKNTVFLEMNDLEPEDTAVYFCAATFQTSDNVGVPTVQHEYDYWGQGTQVTVSS
seq10235,EVQLVESGGGSVQPGGSLTLSCVISGFNLGDYGMSWVRQAPGKGLEWVSSISWNGDITYYAESVKGRFTISRDKAKNTLYLQMNSLKSEDTAVYRCANNVQPWDNRWYGLQYWGEGALVTVSS
seq10236,EVQLVESGGGLVQPGGSLTLSCVASGSTSSINAMAWYRRAPGKQRELVAGISSDDSNVYYESVKGRFTISRDNAKNSVYLQMNSLRAEDTAVYYCYYFRTVSGSSKRYWGQGTLVTVSS
seq10237,QVQLVESGGGLVQAGGSLRLSCAASGRTFSPYTVGWFRQPPGKVREFVGRINWSGIRNYADSVKGRFTISRDNNNNTVYLQMNRLKPEDTAVYYCAAASQSGSGYDSWGQGTQVTVSS
seq10238,QVQLVESGGGLVQAGGSLRLSCVASGRTFIAYAMGWFRQAPGKEREFVAAITNFAGGTTYYADSVKGRFTISRDNAKTTVYLQMNSLKPEDTALYYCAADRSAQTMRQVRPVLPYWGQGTQVTVSS
seq10239,QVQLQESGGGLVQAGGSLRLSCVASGSDFSIYDIGWYRQAPGKPREFVAAIGRGGYTNVDASVKGRFTISRDNAKNTAYLQMNPLEPEDTARYSCAAAERYGRGRLDDITRYNYWGQGTQVTVSS
seq10240,EVQLVESGGGLVQPGGSLRLSCAASGFTLDDSAMGWFRQAPGKEREWVAAITNGGSTYYADSVKGRFTISADNSKNTAYLQMNSLKPEDTAVYYCARFARGSPYFDFWGQGTLVTVSS
seq10241,QVQLQESGGGLVQAGGSLRLSCAVSGNTLSRYAMGWFRQTPGKEREFVAAIRWNNAATYYAESVEGRFTISRDTGKNTVYLQMNNLQPEDTAVYYCAGRFLGYASSNAYHEALYNYDYWGQGTQVTVSS
seq10242,VQLVESGGGLVQPGGSLRLSCAASGSFRSIVSMAWYRQAPGKQRELVASSNSGGSTNYADSVKGRFTISRDNAKNTVYLQMNSLKPEDTAVYWCNVQNRLPGFDAFSGRSIAETYWGQGTQVTVSS
seq10243,EVQLVESGGGLVQPGGSLKLSCAASGFTFSTSWMYWLRQAPGKGLEWVSVINTDGGTYYADSVKDRFTISRDNAKDTLYLQMSSLKSEDTAVYYCAKDWGGPEPTRGQGTQVTVSS
seq10244,QVQLVESGGGLVQPGGSLRLSCAASGRPFITYAMGWFRQAPGKGLEFVAAINWSGSITAYADSVKGRFTISRDNSKNTLYLQMNSLRAEDTAVYYCASKRTAVAPRALNDYDFWGQGTLVTVSS
seq10245,VQLQESGGGLVQVGESLRLSCVVSGDTRSINLMGWYRQAPGKQRELVAACASDGNTYYADSVKGRFTISRDNAEKTVYLQMNNLKPDDTAVYYCDANSRGNYYSGQGTLVTVSS
seq10246,QVQLQESGGGLVQAGGSLRLSCAASGSIFSRYAIAWFRQAPGKEREFVAGITWNTGSTTYADSVKGRFTVSRDNAENTAYLQMNSLKPEDTAVYYCASSRAAYSVNWYQYHDYNTWGQGTQVTVSS
seq10247,EVQLVESGGGLVQAGGSLELSCAASGGAFGVYHMGWFRQAPGKEREFVAAIRSGGTTLYEDSVKGRVTISRDDAKNTVYLRMNSLKPEDTAVYYCAAQIYYRTNYYSQNVYDYWGQGTQVTVSS
seq10248,LQESGGGLVQPGGSLRLSCAASGSIGSINAMGWYRQAPGKQRELVAQFTPGGSTEYADSVKGRFAISRDNAKTTVYLQMNSLKPEDTAVYYCYCINWKSDYWGQGTQVT
seq10249,EVQLQESGPGLVKPSQTLSLTCTVSGGSITTRYYAWSWIRQPPGKGLEWIGVIDYDGDTYYSPSLKSRTSISWDTSKNQFSLKLSSVTAADTAVYYCARDPDVVTGFHYDYWGPGTQVTVSS
seq10250,VHLVESGGGSVQVGGSLRLSCAASGYNASICRMSWYRQAPGTEREFVSSSYRDGSQSYADSVKGRFTTSRDSAKNTVFLQMNSLKPSDTAMYYCNAACPWRAYWGQGTQVTVSS
seq10251,QVQLQESGGGLVQAGDSLRLSCAASGRTVSSLFMGWFRRAPGKERELVAAISRYSLYTYYADSVKGRFTISADNAKNAVYLQMNSLKPEDTAVYYCASKLEYTSNDYDSWGQGTQVTVSS
seq10252,QVQLQASGGGLVQPGGSLRLSCAASGSISSIDTMGWYRRAPGKQRELVATISSGGRTTYKDSVKGRFTISRDNAKNTMYLQMNSLKPDDTAVYYCAVVVSPTLIAGSWGQGTQVTVSS
seq10253,EVQLVESGGGLVQPGGSLTLSCAASGSKVSFLSMAWYRQAPGKKRELVAGISADGSKDYIDSVKGRFTISRDNAKNSVYLQMNSLRAEDTAVYYCYAYRWTTRLTYWGQGTLVTVSS
seq10254,EVQLVESGGGLVQAGDSLRLSCAASGATLSSYTMGWFRQAPEKEREFVAGSSRDGRTNYYANSVKGRFTISRDNAKNTVYLQMNSLKPEDTAVYYCAAHTTSGVPVRERSYAYWGQGTQVTVSS
seq10255,QVQLQESGGGLVQAGGSLRLSCAASGRTFTNYAMGWFRQAPGKEREFVATISRSGSMPYYADSVKGRFTISRDNAKNMVYLQMNSLKPEDTAVYYCAANVLVTTTRLDQYDSWGQGTQVTVSS
seq10256,QVQLQESGGGLVQAGGSLRLSCAASGSIAYIYTMDWYRQTPGKQRELVATSTRDANTDYAGSVKGRFTISRDNAKDTVYLQMNSLKPEDTAVYYCHADLRTAVDLIRANYWGQGTQVTVSS
seq10257,QVQLQESGGGLVQPGGSLRLSCAASGFTVSSSGMYWVRQAPGKGLEWVSWISATGDTTKYPSSLKGRFTISRDIAKNTLYLEMDSLESEDTAVYFCTKDRKTTVSQGTQVTVSS
seq10258,EVQLVESGGGLVQAGGSLRLSCARSGRISNINIMSWYRQAPGKTRDMVAAIIGDSTNYADSVKGRFTISRDNAKNTVHLQMNRLKPEDTGVYYCNIPGVDWGQGTQVTVSS
seq10259,KVQLVESGGGLVQPGGSLRLSCAASGFTLDYYNIGWFRQAPGKEREWVSCINSSDGSTYYADSVKGRFTISRDNAKNTVYLQMNSLKPEDTAVYYCAAPFEYYSNLCGVNGYDYWGQGTQVTVSS
seq10260,VKLEESGGGLVQAGGSLRLSCAASGSIFGINAMAWYRQAPGKQRELVAVITSGGRTMYAESVKGRFAISRDVAKNTVYLQMNSLKPEDTAVYYCNGDWGSEGRVDLGPWGQGTQVTVSS
seq10261,LQESGGGLVQPGGSLRLSCAASGSFSNMNVMGWYRQAPGKQRELVAGVNSNGYINYGDSVEGRFTISGSVAENTVYLQMNSLRPEDTAVYYCNAKWIGIVQRDYWGQGTQVT
seq10262,EVQLVESGGGLVQPGRSLTLSCAASTNIFSRSPMGWYRQAPGKQRELVAAIHGFETLYADSVKGRFTISRDNAKNSIYLQMNSLRPEDTALYYCNKVPWGDYHPRNVLWGQGTQVTVSS
seq10263,DVQLVESGGGVVQPGGSLRLSCAASGLTFSSYAMGWFRQAPGKEREFVVSISRGGGYTYYADSVKGRFTISRDNSENTVYLQMNSLRPEDTALYYCAAARYWATGSEYEFDYWGQGTLVTVSS
seq10264,DVQLVESGGGLVQPGGSLRLSCAASGSISINAMGWYRQAPGKQREFVAAITTSGSTRYANSAKGRFTISRDNAKNTVYLQMNSLRPEDTAVYYCMSRAFDRTEPWRDYWGQGTQVTVSS
seq10265,DVQLVESGGGLVQPGGSLRLSCAASGSIFSSNAMAWYRQAPGKRRDLVAAINSVGVTKYADSVKGRFTISRDNSKNTVYLQMNSLRPEDTAVYYCTSDPRRGWDTRYWGQGTLVTVSS
seq10266,EVQLVESGGGVVQPGGSLRLSCAASGLTFSSYAMGWFRQAPGKERERVVSISRGGGYTYYADSVKGRFTISRDNSKNTVYLQMNSLRPEDTALYYCAAARYWATGSEYEFDYWGQGTLVTVSS
seq10267,VQLQESGGGLVEAEGSLRLSCIASGRTFGTYAMGWFRQAPGKERELVAAISTGGSTYYADSVKGRFTISRDNARNTVYLQTNSLKPEDTAVYYCAARRGSAYYTNHVDWPYWGQGTQVTVSS
seq10268,QVQLQESGGGLVQPGGSLRLSCAASGSTFSIQAVAWYRQAPGKRRELVAGISGGGVTNYPDSVKGRFTISRDNAKNTVYLQMSSLKPEDTAVYYCNLWPPRASPGGRVYWGQGTQVTVSS
seq10269,QVQLVESGGGKVQPGGSLRLSCAASGGTLDYYAIGWFRQAPGKEREAVSCISSSDGSTYYADSVKGRFTISRDNAKNTVYLQMNSLKPGDTAVYHCATDRACGSSWLGAESWAQGTQVTVSS
seq10270,DVQLVESGGGLVQAGGSLRLSCAASGPTGAMAWFRQAPGKEREFVGGISGSETDTYYVDSVKGRFTVDRDNVKNTVYLQMNSLKPEDTAVYYCAARRRITLFTSRTDYDFWGRGTQVTVSS
seq10271,EVQLVESGGGLVQPGGSLRLSCAASGRTFSFYAMGWFRQAPGKEREFVAVVNWSGRRTYYADSVKGRFTISADNSKNTAYLQMNSLKPEDTAVYYCAASSRMGVDDPETYGWGQGTLVTVSS
seq10272,QVHLMESGGGAVQTGGSLRLSCAVSGISISPDCMGWFRQAPGKKREAVTTIFANTGSARYGDSVKGRFTSSQGNAKNTLYLQMDSVKLDDTGTYYCAARFTGGDCFDHQPLAWRFWGQGTQVTVSS
seq10273,EVQLVESGGGVVQPGGSLRLSCAASGIIFSINAMGWYRQAPGKQRELVADIFPFGSTEYADSVKGRFTISRDNAKNTVYLQMNSLRPEDTALYYCHSYDPRGDDYWGQGTLVTVSS
seq10274,QVQLQESGGGLVQPGEFLKLSCTNSGSISSIDAMGWYRQAPGKQRELVATITGAGLRTYLSSVKGRFTISRDNAKNSMYLQMNSLKPEDTAVYFCGAGIDCSAYGCYDQKTCFYSGQGTQVTVSS
seq10275,EVQLVESGGGLVQAGGSLRLSCAASGSTFSSYGMGWFRQVPGKEREFVATINWSGVTAYADSVKGRFTISRDNAKKTVYLQMNSLKPEDTARYYCGVETYGSGSSLMTEYDYWGQGTQVTVSS
seq10276,EVQLVESGGGLVQPGGSLRLSCAASGFTIGSYDMSWVRRSPGKGPEWVSAINSGGGSTYYTDYVKGRFTISRDNAKNTLYLQMNSLKPEDTAVYYCAADRYIWARQGEYWGAYEYDYWGQGTQVTVSS
seq10277,EVQLVESGGGSVQAGGSLRLSCAASKYRVCNSDMSWYRQAPGKEREFVSGIDSDSSTSYADSVKGRFTISQDNAKNTVYLQMNSLKPEDTAMYYCKIVVLCGDSDYETTWGQGTQVTVSS
seq10278,QVQLVESGGGLVQAGGSLRLSCAASGSISSIRHMRWYRQAPGKGLELVATVSNDGSAYYLGSVKGRFTISRTNAKNTLLYLQMNSLKPEDSALYICNADTWGWPGADYWGQGTQVTVSS
seq10279,QVQLQESGGGLVQAGGSLRLSCAASGRTFSIYAMGWFRQAPGKEREFVASINRSDGMTDYADSVKGRSTISTDNAKTTVYLQINNMKPEDTAVYYCAAARTSLSPQYNYWGQGTQVTVSS
seq10280,EVQLVESGGGLVQPGGSLRLSCAASGFTLAYYAMGWFRQAPGKEREFVAAISWSGRNINYADSVKGRFTISADNSKNTAYLQMNSLKPEDTAVYYCARERARWFGKFSVSWGQGTLVTVSS
seq10281,QEQLVESGGGLVQAGGSLRLSCAASTRTINIYAMAWFRQAPGKEREFVAAVTWSGLTRDYADSVKGRFTISRDNPKNTLYLQMNSLQPEDTAVYYCAAGRYSTGTHDYDYWGQGTQVTVSS
seq10282,EVQLQESGPGLVKPSQTLSLTCTVSGGSITSRYYAWSWIRQPPGKGLEWIGVIDYDGDTYYSPSLKSRTTISWDTSKNQFSLKLSSVTAEDTAVYYCARDPDVVTGFHYDYWGQGTTVTVSS
seq10283,EVQLVESGGGLVQAGGSLRLSCAASGRTLSIYSMSWFRQAPGKEREFVSAIGWNSGRTYYADSVKGRFTISRDNSKNTLYLQMNSLRAEDTAVYYCAAAKGPLRLSSQADYWGQGTQVTVSS
seq10284,EVQLVESGGGLVQPGGSLRLSCVASGFSLDYYVIGWFRQAPGKEREGVSCISSSDGSTYYADSVKGRFTISRDNAKNTVYLQMNSLKPEDTAVYYCAADLLRTPEFCVDSAPYDYWGQGTQVTVSS
seq10285,VQLVESGGGLVQAGGSLRLSCAASGTIFRINAMAWYRQAPGKQRELVAIISNGDSGDSTNYADSVKGRFTISRDSAKNTVYLQMNSLKPEDTAVYYCNVEASWPHKYWGQGTQVTVSS
seq10286,QVQLQESGGGLVQPGGSLRLSCAASGFDMRRFGIGWFRQVAGKEREGVSCSNVHDGTTYYTNDVKGRFTIVRDNTKNMLYLQMNELRPEDTAVYSCATTDCEATAWGTYRGYFGQGTQVTVSS
seq10287,DVQLVDSGGGLVQPGGSLTLSCVLSGRPFSYYAVSWFRQAPGGEREFVAGISRSGGSVNFAGFVKGRFTVSRDNAKSAVNLQMNSLKREDTAVYYCAADTNVYASATLSNYAYWGQGTQVTVSS
seq10288,VQLQESGGGLVQAGGSLRLSCAASGSIFRRPHMGWFRQAPGQERELVALISAGGRTWYADSVKGRFTISRDNAKNTLYLQMNSLKPEDTAVYYCTAGGSYWGQGTQVTVAS
seq10289,EVQLVESGGGLVQPGGSLRLSCAVSGGTFSSIGMGWFRQAPGKGLEFVGAISRSGDSTYYADSVKGRFTISRDGAKNTVYLQMNSLKDEDTAVYYCAGRPAGTAINIRRSYNYWGQGTQVTVSS
seq10290,QVQLQESGGGLVQPGGSLRLSCAASARIFSIYAMVWYRQAPGKQREWVAAITTGGTTNYADSVKGRFTISRDNAKNTVYLQMNSLKPEDTAVYYCNAPGYWGQGTQVTVSS
seq10291,QVQLVESGGGLVQPGGSLRLSCAASGGTFITYAMGWFRQAPGKGLEFVAGISWSGSSTYYADSVKGRFTISRDNSKNTLYLQMNSLRAEDTAVYYCAAKISGATREHLMTSYDYWGQGTLVTVSS
seq10292,QVKLEESGGGSVQTGGSLRLTCAASGRTSRSYGMGWFRQAPGKEREFVSGISWRGDSTGYADSVKGRFTISRDNAKNTVDLQMNSLKPEDTAIYYCAAAAGSAWYGTLYEYDYWGQGTQVTV
seq10293,EVQLVESGGGLVQPGGSLTLSCVASGSTSRINAMGWYRRAPGKQRELVAGISSDGSKVYADSVKGRFTISRDNAKNSVYLQMNSLRAEDTAVYYCYYFRRVSGSSMRYWGQGTLVTVSS
seq10294,EVQLVESGGGLVQAGGSLTISCAASGITFSDSIVSWYRRARGKQREWVAGISNGGTTKYAESVLGRFTISRDNAKNMVYLQMWGLNPEDTAVYLCKVRQYWGQGTQVTVSS
seq10295,AVQLVESGGGLVQPGGSLRLSCAASGRTFSTYTVGWFRQAPGKEREFVAAIRRRGSSTYYADSVKGRFTISRDNSKNTVYLQMNSLRPEDTAVYYCAADTRTVALLQYRYDYWGQGTLVTVSS
seq10296,EVQLVESGGGLVQPGGSLRLSCAASGFTFDDYGMSWVRQAPGKALEWVSAISWNGNNTYYTESMKGRFTISRDNAKNTLYLQMNSLRPEDTAVYYCVCGSTAIVGVPPTYPDEYDYWGQGTLVTVSS
seq10297,EVQLVESGGGLVQPGGSLTLSCAASGSVSMFNSMGWHRQPPGKQRELVAIITSGGSSNYADTVKGRFTISRDNAKNSVYLQMNSLRAEDTAVYYCFYYFQSSYWGQGTLVTVSS
seq10298,QVQLQESGGGLVQAGGSLRLSCVASGSSFSHNTMGWYRQAPGKQRDLVARITTFGTTNYADSVKGRFTISRDNAKNTVYLQMNSLKPEDTAVYYCNGESFGRIWYNWGQGTQVTVSS
seq10299,EVQLVESGGGLVQAGGSLRLSCAAAGSTFSSYVMGWYRQAPGKQRELVAHISTRGITYYADSVKGRFTISRDNAKNTMYLQMNSLKPEDTAVYYCNTRRNFLSNYWGQGTQVTVSS
seq10300,VQLQESGGGSVQAGGSLRLSCVASGRTFSSLDMGWFRQAPGKEREFVAGISRSGISQYYADSMKGRFTISRDNAKNLVYLQMNSLKPEDTAVYYCAAALTFRGSDLPRDSNYWGQGTQVTVSS
seq10301,QVQLQESGGGLVQTGGSLRLSCAASGRTFGGYAMAWFRQVPGKGREFVAAVTWSSGTTNYARSVKDRFIVSRDNANNTMYLQMNSLKPEDTAVYICGAASGYRSTDRLSEPAWINYWGQGTQVTVSS
seq10302,QVQLQESGGGMVEPGGSLRLSCAASGSISSITFMGWHRQAPGKEGEFVALIARSGTTTYADSVKGRFSISRDNAKNTVYLQMNNLKPEDTALYYCYVDRRGAVPTWGQGTQVTVSS
seq10303,EVQLLESGGGEVQPGGSLRLSCAASGFSFSINAMGWYRQAPGKRREFVAAIESGRNTYYAESVKGRFTISRDNAKNTVYLQMSSLRAEDTAVYYCGLLKGNRVVSPSVAYWGQGTLVTVKP
seq10304,DVQLVESGGGSVQAGGSLRLSCVASVYIYSSSCMGWIRQVPGKEREGVGGIYSGGGTTHYHPSVKDRFTISQDNAKNTIYLQMNTLKPEDTAIYYCAASNRSRFCLSYYSDYVDMGVIDVWGQGTQVTVSS
seq10305,EVQLVQSGGGLVQPGGSLRLSCAASGFTLDDYTIGWFRQFPGKEREGVSCISSSGGSTYYADSVKGRFTISRDNAKNTVWLQMNDLKSEDTAIYYCATYCPVVVGPELGYDYWGQGTQVTVKP
seq10306,EVQLVESGGGLVQAGGSLRLSCAVSISRTIFSLYAMEWYRQPPGKQRDLVARIYRSGDTNYADSVKGRFTISRDNAKNTVYLQMNSLKPEDTGVYYCNSPAQDWPWGQGTQVTVSS
seq10307,EVQLVESGGGLVQAGGSLRLSCAASGFTFDDYAIGWFRQAPGKEREAVSCFSSSDGSIYYADSVKGRFTISSDNAKNTVYLQMNSLKPEDTAVYYCAGGGGSYYYTQLNYCYDMDYWGKGTQVTVSS
seq10308,VQLQESGGGVVQAGDSLRLSCVASGRTFSSLDMGWFRQAPGKEREFVAGISRTGISAYYADSMKGRFTISRDNAKNLVYLQMNSLKSEDTAVYYCAAALTFRGSDLPRDSNYWGQGTQVTVSS
seq10309,VQLVESGGGLVQAGGSLRLSCAASGRTFTMGWFRQAPGKQRELVADISGGRTNYADSVKGRFTISRDNAKNTVYLQMNSLKPEDTAVYYCAADRKSVMSIRPDYWGQGTQVTVSS
seq10310,VQLQESGGGSVQAGESLRLSCRTSGFSFDDVDMGWYRQAPGNECELVSTISSDGSTYYADSVKGRFTISQDNAKNTVYLQMNSLKPEDTAMYYCAAARYSDYEGMCGYWSQGTQVTVSS
seq10311,EVQLVESGGGLVQPGRSLTLSCAASSNIFSISPMGWYRQAPGKQRELVAAIHGSSTLYADSVKGRFTISRDNAKNSIYLQMNSLRPEDTALYYCNKVPWGDYHPGNVYWGQGTQVTVSS
seq10312,EVQLVESGGGLVQAGDSLRLSCTASGSQFSHTDMAWARQPPGKEREFVAINWSAGNTYYRDSVKGRFTISRDNAQNTVYLQMNSLKPEDTATYYCAARIGYDVDWNYWGQGTQVTVSS
seq10313,EVQLVESGGGLVQAGGSLRLSCAASGSTFSTTIMRWFRQVSGKQRELVAAIHTGGSANYVDSVKGRFTISRDNAKNTVYLQMNSLRPEDTAVYYCNAFKMVPPLNYWGQGTQVTVSS
seq10314,EVQLVESGGGLVQPGGSLRLSCAASGSILGINAMGWYRQAPGKQRELVAVINSGGSTNYADSVKGRFTISRDNAKNTVYLQMNSLKPEDTAVYYCNADEWGDYPGQVYDYWGQGTQVTVSS
seq10315,QVQLQESGPGLVKPSQTLSLTCTVSGGSITTSYSTWSWIRQPPGKGLEWMGVIADDGSAEYSPSLKSRTSISLDTSKNQFSLQLSSVTPEDTAVYYCARRGGAWGSNWWAYHMDDWGKGTLVTVSS
seq10316,EVQLVESGGGSVQAGGSLRLSCTASGRPFDNYAMAWFRQAPGKVREFVAAISWSLSRTHYADSVEGRFTISRDNAKNTAFMQMTSLKPEDTAVYYCAAAPRPKWVSVRYFSTSSNYDYWGQGTQVTVSS
seq10317,QVQLQESGGGLVQPGGSLRLSCAASGSIFSLNAMRWYRQAPGKQRELVAAITSDGSTNYADSVKGRFTISRDNAKNTVYLQMNSLKPEDTAVYYCNADSVYSDFLGKYEYDYWGQGTQVTVSS
seq10318,EVQLVESGGGLVQPGGSLRLSCAASGFTFSRFGMGWFRQAPGKEREGVAAIGSDGSTSYADSVKGRFTISADNSKNTAYLQMNSLKPEDTAVYYCASGRDRYARDLSEYEYVWGQGTLVTVSS
seq10319,QVQLVESGGGLVQSGGSLRLSCAASGSIDSLYHMGWYRQAPGKERELVARVQDGGSTAYKDSVKGRFTISRDFSRSTMYLQMNSLKPEDTAIYYCAAKSTISTPLSWGQGTQVTVSS
seq10320,QVQLQESGGGLVQAGGSLRLSCAASGTISYWTMGWYRQAPGKERELVASISGGGITYYADSVKGRFTISRDNAKNTVYLQMNSLKPEDTAVYYCAAWRRRIDYHVRVSRLNYWGQGTQVTVSS
seq10321,QVQLQQSGGGLVQAGGSLRISCAISGHAGERVIMGWFRQAPGKEREFVAAITWSGIGTYYRDSVRGRFTISRDGAKNTVTLQMNSLKPEDTAVYYCNAAARLGDFRGPRDYWGQGTQVTVSS
seq10322,EVQLVESGGGVVQPGGSLRLSCAASGLTFSSYAMGWFRQAPGKEREFVVSISRGGGYTYYADSVKGRFTISRDNSKNTVYLQMNSLRPEDTALYYCAAARYWATGSEYEFDYWGQGTLVTVSS
seq10323,EVQLVESGGGLVQVGGSLRLSCAASGSRFRFELMGWYRQAPGKPRDLVALITSSGSANYADSVKGRFTISRDNAKNTLYLQMNSLKPEDTGVYYCNAHTYTDNLWGQGTQVTVSS
seq10324,EVQLVESGGGLVQPGGSLRLSCAASGITLDDYAIGWFRQAPGKEREGVSAIRESGGSTYYADSVKGRFTISSDNSKNTVYLQMNSLRPEDTAVYYCAAVPAGRLRYGEQWYPIYEYDAWGQGTLVTVSS
seq10325,QVQLQESGGGTVQAGGSLRLSCAVSGSTFSSYSMNWYRQGPGNQREWVGGIRSNDSTYYADSVKGRFTISRDNAKNAWNLQMNSLKSEDTAVYYCNFWDGSFNQYWGQGTQVTVSA
seq10326,QVQLQESGGGLVQPGGSLRLSCAASGFSLVYYGIGWFRQAPGKEREGVSCSSVHDGSTYYAESVKGRFTISRDNVKNTLYLQMNSLKPEDTAVYYCATTDCEATGWGTWTNYRGQGTQVTVSS
seq10327,VQLQESGGGSVQAGGSLRLSCAASGSTFSIKAMGWYRQAPGKQRELVAAFISGRGSTKYADSVKGRFAISRDNAKNTMYLQMDSLEPEDTAVYYCYIVLPTGGGSAMDYWGEGTQVTVSS
seq10328,EVQLVESGGGLVQPGGSLRLSCEASGFTWDYYVIGWFRQAPGKEREGLSCISSDGLTTYADSVKGRFTISRDNAKNTVYLQMNGLKPEDTAVYYCATDPALGCYSGSYYPRYDYWGQGTQVTVSS
seq10329,EVQLVESGGGLVQPGGQLRLSCAASGSIASVRDMAWYRQAPGKQRGLVAIFARGGTTHYADSVKGRFTISRDNAKNTVYLQMNSLEPEDTAAYYCNAEVATMFQPGFRDYWGRGTLVTVSS
seq10330,QVQLVESGGGSVQAGGSLTLSCAVSGNTYSTNYMGWFRQAPGKEREGVAAILTGGRNTYYADSVKGRFTISQDNAKNTVYLQMNSLKPEDTAMYYCAADTRAAFWNIGPLNSDQYNIWGQGTQVTVSS
seq10331,QVQLQQSGGGLVQPGGSLRLSCAASGSIFSVDAMAWYRQAPGKQREWVATFTKGGSTYYAGSVKGRFTISRDNAKNTVYLQMSSLKPEDTAVYYCNAVGDRTGAWGQGTQVTVAS
seq10332,LQESGGGLVQPGGSLKLSCAVFGSIVRGNTMAWYRQAPGKERELVAHYTSGGSIDYSDSVKGRFTISRDSLKNTVCLQMNSLKPEDTAVYYCNADVWYGSTWRNYWGQGTQVT
seq10333,VQLVESGGGSVQAGGSLRLSCAASGRSFSSYTMGWCRQAPGKERECVAVIRWSGESPYYADSVKGRFTISRDNAKNTVYLQMNSLKPEDTAVYYCAARLVPPGIPIERTLESMNYWGKGTLVTVSS
seq10334,DVQLQASGGGLVPAGGSLRLSCAASGHSFSSLDMAWFRQAPGREREFVAQISWSGSHTYYQDAVKGRFTISRDSAKNTGYLQMTNLKPEDTAVYYCAATYRPNTFTPAEYDYWGQGTQVTVSA
seq10335,EVQLVESGGGLVQAGGSLRLSCTASGRTFDNHAMGWFRQAPGKERELVAAISWSLSRTHYADSVKGRFTISRDNAKNTALLQMSSLKPEDTAVYYCAAAPRPKYVSVSYFSTSSNYDYWGQGTQVTVSS
seq10336,EVQLVESGGGLVQTGDSLRLSCAASGRTYTPYAMAWFRQAPGKEREFVAGIGGIDGTAAYADSVRGRATISRDSAKKTVYLQMNSLKPEDTAVYSCATRASMQVLTSPRVYPIWGRGTQVTVSS
seq10337,QVQLQESGGGLVQAGGSLRLSCAASGRTFSSDTMGWFRQAPGKEREFVGAIMWSGAFTHYADSVKGRFTISRDNAKNTVYLQMNALKPEDTAVYYCAVIPGRGSALPIDVGKSDEYEYWGQGTQVTVSS
seq10338,AVQLVESGGGLVQAGGSLRLSCGVSGSIFSIYAMGWYRQAPGKERELVAVITSGGKTVYADSVKGRFTITEDAAKNTVYLQMNSLKAEDTAVYYCYADSRSSWYDEYLEHWGRGTLVTVSS
seq10339,DVQLQESGGGSVQDGGTLQLSCEDSKWSYTYYCMGWFRQAPGKEREPVAHIDSEGTVAYADTVKGRFTISRGDAKHRVYLQMNNLKADDTAIYYCAANGGYCLRPRQLAADYEYWGQGAQVTVSS
seq10340,QVQLVESGGGSVQAGGSLKLTCELSGFNGRSNCMGWFRQVLGKDREGVAAINHPEGSEFYDDSVKGRFKITRDGLKDADSLQMNNLKPEDTATYYCALRPYDCYSGAWSPADFYYRGARGTQVTVSS
seq10341,QVQLQDSGGGLVQAGGSLRLSCAASGFTFDDYVIGWFRQAPGKEREGVSCIWSSEGSTYYADSVKGRFTVSSDNAKNTVYLQMNSLKPEDTAVYYCAAAGEASSYHYTCDPLYGMDYWGKGTLVTVSS
seq10342,QVQLVESGGGLVQPGGSLKLSCAASGFTFSTYSMSWVRQAPGKGLEWVSRILTDGGTTSYPDSVKGRFTISRDNAKNTLYLQMNNLKPEDTAVYYCARGWPSDGYSGGYRGQGTQVTVSS
seq10343,QVQLQESGGGLVQAGGSLRLSCVASGSIFTAGSTFNTYAMAWYRQAPGQSRELVAGISSSGSTEYADSVKGRFTISRDNAKNTVYLQLHSLKPEDTAVYYCNMRQLPQWSTLLGAWGQGTQVSVSS
seq10344,QVQLQESGGGLVQAGGSLKLSCAASSSIFSISSMSWYRQAPGKQRELVAAITSFGSTNYADSVKGRFTISRDNAKNMMYLQMNSLKPEDTAVYRCNARTMGRDYWGQGTQVTVSS
seq10345,EVQLVESGGGLVQAGGSLRLSCAASGFTFDDYAMCWFRQAPGKEREGVSCISSSDGSTYYADSVKGRFTISSDNAKNTVYLHMNSLKPEDTAVYYCAAAQGVVAGASLVWVPLDEYDYWGQGTQVTVSS
seq10346,SGGGLVQAGGSTRLTCKASGSIFNINSINVMAWYRQAPGKQRELVAIIGKGGGTNYADFVKGRFTISRDAAKNTVNLQMNSLKPEDTAVYYCYADYEDRDSPFNGSWGQG
seq10347,QVQLQESGGGLVQPGGSLRLSCAASGSTFSSNAMAWYRQAPGKRRELVAGISGGGVTNYPDSVKGRFTISRDNAKNTVYLQMSSLKPEDTAVYYCNLWPPRASPDGGVYWGQGTQVTVSS
seq10348,QVQLQESGGGSVQAGGSLRLSCTASGFTFDDSVMGWFRKAPGNECELVSTISSDGSTYYADSVKGRFTISQDNAKNTVYLQMNNLKPEDTAVYYCAAINSGYELGTCESLDYWGRGTQVTVSS
seq10349,EVQLVESGGGLVQPGRSLTLSCAASTNIFSQSPMGWYRQAPGKQRELVAAIHGDSTLYADSVKGRFTISRDNAKNSIYLQMNSLRPEDTALYYCNKVPWGDYHPGNVCWGQGTQVTVSS
seq10350,EVQLVESGGGLVQPGGSLRLSCAASGRTFSSLTMAWFRRAPGKEREFVAAQKWAGATTYTYYGDSVKGRFTISRDNAKDTVYLQMNSLKPVDTAIYYCAADTSSIVGDPRSPNRYDYWGQGTQVTVSS
seq10351,EVQLLESGGGLVQPGGSLRLSCAASGRTFNNYNMGWFRQAPGKGREFVAAVSRSGVSTYYADSVKGRFTISRDNAKNAVYLQMNSLRPEDTAVYYCGAAYRGTAINVRRSYDSWGQGTLVTVSS
seq10352,EVQLQASGGGFVQPGGSLRLSCAASGRTFDGSAMGWFRQAPGKEREFVSAISASPSGESYYADSVKGRFTISRDNSKNTVYLQMNSLRAEDTATYYCAGRGRSQKSMYWGQGTQVTVSS
seq10353,ESGGGLVQPGGSLRLSCATSGFTFSGYWMYWVRQAPGKGLEWVSSINTFSGTTIYADSVKGRFTISRDNAKNTLYLQINSLKPEDTALYYCARAYDLGYTVFRSWGQGTQVTVSS
seq10354,DVQLQESGGGSVQAGGSLRLSCAASGYTHSSYCMAWFRQAPGREREGVASIDSDGTTSYADSVKGRFTISQDNAKNTLYLQMNSLKPEDTAMYYCAARFGPMGCVDLSTLSFGHWGQGTQVTVSI
seq10355,EVQLVESGGGMVQAGGSLRLSCAASGGTFSLYHMGWFRQAPGEEREFVAAISGSGGNTYYADSVKGRFTISRDNNKNTVYLQMSSLEPEDTAVYFCAAMKWPGILRDANAYDYWGQGTQVTVSS
seq10356,EVQLVESGGGLVQAGGSLRLSCAASGSVSSINVMAWYRQAPGKQRELVATISTSGYTDYSDSAKGRFTISRDNKNTVHLQMNSLKPEDTAVYYCRASTLRTGWLMGWGQGTQVTVSS
seq10357,QVQLQESGGGSVQAGGSLRLSCTASEFSYNDYTIAWFRRAAGKGRVEDGEGVASITTSYDRAYDNRIHYGDSVKGRFTISRDNAKNTVYLQMTNLNPSDTAVYYCGLDITPPGGIGASLTEGFLFDYWGQGTQVTVSS
seq10358,EVQLVESGGGLVQAGGSLRLSCAASGRTFTTYPMGWFRQAPGKEREFVAAISMSGEDAAYATSVKGRFTISRDNARNTVYLHMTTLKPEDTAVYYCAARTSYNGIYDYIDDYSYWGQGTQVTVSS
seq10359,EVQLVESGGGLVQPGGSLRLSCAASGSIGGLNAMAWYRQAPGKERELVAGIFGVGSTRYADSVKGRFTISRDIAKNTVFLQMNSLNSEDTAVYYCRMSSVTRGSSDYWGQGTQVTVSS
seq10360,QVRLVESGGGSVQAGGSLRLSCTASGYTYRYLYMAWFRQTPGKEREGVACIYTGSGTTGYADSVKGRFTISQDNAKNTVYLQMNSLNAEDTAMYYCAASSPQWGGTCRRWSEYNYWGQGTQVTVSS
seq10361,EVQLVESGGGLVQPGGSLRLSCAASGRTFSYNPMGWFRQAPGKGRELVAAISRTGGSTYYPDSVEGRFTISRDNAKRMVYLQMNSLRAEDTAVYYCAAAGVRAEEGRVRTLPSEYTFWGQGTQVTVSS
seq10362,EVQLVESGGGLVQPGGSLRLSCAASGFTFDRSWMGWFRQAPGKERELVAAITSGGSTYYADSVKGRFTISADNSKNTAYLQMNSLKPEDTAVYYCAADVWYGSTWRNWGQGTLVTVSS
seq10363,EVQLVESGGGLVQAGGSLRLSCVVSGSILSINTMDWYRQAPGKQREWFAGLSDGGRANYADSVKDRFTIARDNAKNTVYLQMNSLKPGDTAIYYCAADLWDRGATTGRYWGQGTQVTVSS
seq10364,EVQLVESGGGLVQPGGSLKLSCAASGAVHKINFLGWYRQTPEKEREMVAHITIGDEVDYADSAKGRFTISRDEAKNMVYLQMTSLTPEDTAVYVCRAGSRLYPYNYWGQGTQVTVSS
seq10365,EVQLVESGGGLVQVGDSLRLSCAASGRTFSTYLMVGWFRQAPGKEREFAAGIWSSGDTAYADSVRGRFTISRDNAKNTVYLQMNSLKTEDTAVYYCAGSYDGNYYIPGFYKDWGQGTLVTVSS
seq10366,QVQLQESGGGSVQAGETLRLSCTASGFTFDDSDMGWYRQAPGNECELVSTISSDGSTYYADSVKGRFTISQDNAKNAVYLQMNSLKPEDTAVYYCAAHPLHYELGTCAALDYWGRGTQVTVSS
seq10367,QVQLQESGGGLVRPGGSLRLSCAVSGRAVNRYHMHWYRQAPGKQREWVTFISVGGTTNYAGSVKGRFTVSRDNAKNTLYLQMNSLKPEDTAVYYCNSAEYWGQGTQVTVSS
seq10368,QVQLQESGGGSVQTGGSLRLSCAASGLTSTTKYMGWFRQAPGKEREGVAGIYISSGATYYDDSVKGRFTISQDNAKNTVYLHINSLEPDDTAMYYCAASVLSVFRPLSSNQYHYWGQGTQVTVSS
seq10369,QVKLEESGGGSVQTDGSLRLTCAASGRTSRSYGMGWFRQAPGKEREFVSGISWRGDSTGYADSVKGRFTISRDNAKNTVDLQMNSLDPEDTAQYYCAAAAGSAWYGTLYEYDYWGQGTQVTVSS
seq10370,EVQLQASGGGSVQAGGSLRLSCTAANYAFDSKTVGWFRQVPGKEREGVAGISSGGSTTAYSDSVKGRYTVSLENAKNTVYLLIDNLQPEDTAIYYCAGVSGWRGRQWLLLAETYRFWGQGTQVTVSS
seq10371,EVQLVESGGGLVQPGGSLRLSCLTSGETFKVNIWGWYRQGPGKQRELVASLTIGGATNYADSVKGRFTISEDSAKNTVYLQMSSLKPEDTAVYFCNAKSRLYPYDYWGQGTQVTVSS
seq10372,QVQLVESGGGVVQPGGSLRLSCAASGLTLSQYTMGWFRQAPGKERELVAAIHWTSSVTDYADSVRGRFTISRDDSKNTGYLQMNSLRAEDTAVYYCAATWYYTHRGSFDYWGQGTLVTVSS
seq10373,EVQLVESGGGLVQAGGSLTLSCAASERTFSYYVMGWFRQAPGKEREFVAGISMNGDSTKYADSVKGRFTISRDNAEMTGYLQMNSLKPEDTAVYYCAADRDIRGNFRSWGQGTQVTVSS
seq10374,AVQLVDSGGGLVQAGGSLRLSCAASGRTFSRYVMGWFRQAPGKEREFVAAVSRSGDNTYYGDSVKGRFTISRDNAKSTVYLEMNSLKPEDTAVYYCNARHRWNALEVWGQGTLVTVSS
seq10375,DVQLVESGGGLVQPGGSLRLSCAASRSIGRLDRMGWYRHRTGEPRELVATITGGSSINYGDFVKGRFTISRDNSKNTVYLQMNSLRPEDTAVYYCNFNKYVTSRDTWGQGTLVTVSS
seq10376,QVQLVESGGGSVQAGGSLRLSCTASGFTFDDSDMGWYHQAPGNECELVGSISSDGRTYYEDSVKGRFTISRDNAKNTVFLQMNNLKPEDTAMYYCASPSLAGGSWEGYDCGYWGQGTQVTVSS
seq10377,EVQLVESGGGLVQAGGSLRLSCAASGRTFSSYAMGWFRQAPGKEREFVAAISWSAGSTYYADPVKDRFTISRDNAKNTVYLQMNSLKPEDTAVYYCAAAQFRQVGPYWSDYDVPYEYDYWGQGTQVTVSS
seq10378,EVQLVESGGGLVQPGGSLRLSCAASGRTFRRYTMGWFRQAPGKEREFVASMRGSRSYYADSVKGRFTISADNSKNTAYLQMNSLKPEDTAVYYCARMSGFPFLDYWGQGTLVTVSS
seq10379,EVQLVESGGGLVQPGGSRRLSCATSASITSISFMGWYRQAPGKQRELVAFIPSSGVPNYVGFAEGRFTISRDDAKNTVYLQMNGLKPEDTAVYYCYLQPLGGSGSWGQGTQVTVSS
seq10380,QVQLQESGGGSVQAGGSLRLSCAASGYTHSINLMGWFRQAPGKEREGVATIYTVGSSSTYYADSVKGRFTISLDNAKNTVYLRMNSLKPEDTAMYYCAAGVGWLSNSEYNYWGQGTQVTVSS
seq10381,QVQLQESGGGLVRDGGSLTLSCAASGSAFRMNSMAWYRQVPGKQRELVAAISFRGSANYANSVKGRFTISRDNGKNTVYLQMNSLKPEDTAVYYCAAGRPWQRTFYWGQGTQVTVSS
seq10382,QLQLVESGGGLVQPGGSLRLSCAASGFTFSSNAMTWVRQAPGKGLEWVSAISSTGNSITEADSMKGRFTISRDNAKNMLYLQMNSLKPEDTAVYYCAKLGGDTWYMEYWGRGTQVTVSS
seq10383,EVQLVESGGGLVQAGGSLRLSCAASGRTLVNYDMGWFRQAPGKEREFVATIRWSTSETYYADSVKGRFTISSDNTKNTVDLQMNSLTPEDTAVYYCAARSVYSYEYNYWGQGTQVTVSS
seq10384,QVQLVQSGGGLVQAGDSLRLSCAASGRTFIRYAMAWFRQAPGKEREFVAAIPQSGGRSYYADSVKGRFTISRDNAKNTVYLQMNSLKPEDTAVYSCAATSTYYGRSAYSSHSGGYDYWGQGTQVTVSS
seq10385,QVQLVESGGGLVQPGGSLRLSCAASGSIFSIPVMTWYRQALGKEREFVAGISKGGTSNYADSVKGRFTISRDNSKNTLYLQMNSLRAEDTAVYYCNAQASSFGWMPLSDYWGQGTLVTVSS
seq10386,EVQLVESGGGLVQAGDSLTLSCVASGRTFSAYGMGWFRQAPGKEREFVASINWGGGNTYYANSVKDRFAISKDHAKNTVYLQMNSLKPEDTALYYCAAVSSNTEIFDTWGQGIQVTVSS
seq10387,EVQLVESGGGLVQPGGSLRLSCAASGFTFSGYWMYWLRQAPGKGLEWVSTIKTTGGGAYAEFVKGRFTISRDNAKNTLYLQMNNLKPEDTALYYCARDFEGTVRGQGTQVTVSS
seq10388,EVQLVESGGGAVQPGGSLRLSCAASGIRISRNMMGWFRQAPGKSRDMVARISPGGDTYYVDSVKGRFSISKDNAKNTVYLQMNSLRPEDTAIYYCNSYSTLGSWGQGTLVTVSS
seq10389,EVQLVESGGGLVQTGGSLRLSCAASGSTFNINAWGWYRQAPGKQRELVAVISSSGSTDYSDAVKGRFTISTVNAGNTVYLEMNSLKPEDTAVYYCRAADSGPWRYWGQGSQVTVSS
seq10390,LQQSGGGLVQAGGSLRLSCAASGRSDSTDTMTWFRQAPGKEREFVASVSWIANTYYADSVKGRFTVSRDYTKNTVYLQMNNLTPEDTAVYYCAAADHGSRWWRQVADITTYDYWGQGTQVT
seq10391,QVQLVESGGGSVQSGGSLRLSCAASGFTYGTYAMSWFRQAPGKEREGVACIDIYGRASYTDPVKGRFTISQDNAKNTLYLQMNSLKPEDTAMYYCAARDFGYCTASWVHEGFSRYWGQGTQVTVSS
seq10392,QLQVVESGGGLVQPGGSLRLSCAASGFTFSRNAMTWVRQAPGKGLEWVSAISSTGNSITEADSVKGRFTISRDNAKNMLYLQMNSLKPEDTAVYYCAKLGGDTWYMEYWGQGTQVTVSS
seq10393,QVQLQESGGGLVQAGGSLRLSCAASRSILSANGMYWYRQAPGKQRELVASLYRSGSTDYADSVKGRFTISRDDSRDTMYLQMNSLKPEDTAVYYCNVNWALHDSWGQGTQVTVSS
seq10394,DVQLLQSGGGLVQPGGSLRLSCAASGFTYGNYDMAWVRQAPGKRPEWVSSIDTGGDITHYADSVKGRFTISRDNAKNTLYLQMNSLRPEDTAVYWCATDEEYALGPNEFDYYGQGTLVTVSS
seq10395,QVQLQESGGGLVQAGGSLRLSCAASGSTFSIQTIGWYRQAPGKQRDRVATISSGGSTNYADSVKGRFTISRDNAKKTVYLQMNNLKPEDTAVYYCNLRYWFRDYWGQGTQVTVSS
seq10396,QVQLVESGGGLVQAGDSLRLSCAASGRTFTTYVMGWFRQPPGKEREFVATISWSGSTTYKYYADSVKGRFTISRDNAKNTVYLQMNSLKPEDTAVYYCAASTVVADPRAPNEYDYWGQGTQVTVSS
seq10397,EVQLVESGGGVVQAEDSLRLSCAASGLSFSLSRMGWFRQAPGKEREFVATIEWSGRSTYKYYDDSVKGRFAVSGDNTKNTMNLQMKGLNLEDTGVYYCAANPNNYGDPRTPGAYQYWGQGTQVTVSS
seq10398,EVQLVESGGGLVQPGGSLRLSCAASGFTFSDYDIGWFRQAPGKEREWVSGISSSDGNTYYADSVKGRFTISSDNAKNTVYLQMNSLKAEDTAVYYCAAEPPDSSWYLDGSPEFFKYWGQGTQVTVSS
seq10399,EVQLVESGGGLVQAGGSLSLSCTASAGTFRNFGMGWFRQARGEAREFVATISRSGGHIYYSDSVKGRFTISRDNAKNMVSLQMNSLKPEDTAVYYCAARFRSDDGTYYYQRAFYDFWGQGTQVTVSS
seq10400,EVQLVESGGGLVQPGGSLRLSCAASGFTFDDYAIGWFRQAPGKEREGVSSISSTYGLTYYADSVKGRFTISSSNSKNTVYLQMNNLKPEDTAVYYCAATPIERLGLDAYEYDYWGQGTLVTVSS
seq10401,QVQLQESGGGSVQAGGSLTLSCAASGYTGDLVAWFRQTPGKEREGVAAISRTGLTTYYADSVKGRFTISQDTAKNTGYLQMNSMKPEDTAMYYCVAGWHVGGTWYKTSSYDYWGQGTQVTVSS
seq10402,QVKLEESGGGSVQAGGSLRLSCAASGYTYDSNIMGWFRQAPGKEREGVAWIYTAGGGASYATSVQGRFIISQDDNKNAVYLQMNNLKPEDTAMYYCAADYDPDYSDYNAGKELLPSDFGYWGQGTQVTVSS
seq10403,EVQLVESGGGLVQPGGSLRLSCVASGFSLDDYGMTWVRQAPGKGLEWVSSINWSGTHTDYADSVKGRFTISRDNAKNTLFLQMNSLRSEDTAVYYCNQGWKIVPTDRTGHGTQVTVSS
seq10404,QVQLVESGGGLVQAGGSLRLSCAASGRTFSNGPMAWFRQAPGKEREFVSAISWRTGTTYYADSVKGRFTISRDNAKNTVYLQMNSLKPEDTAVYYCAAERVGLLLAVVAEGYDYWGQGTQVTVSS
seq10405,EVQLVESGGGLVQPGGSLRLSCAASGFTPDNYAMGWFRQAPGKEREFVAALGWSGVTTYHYYADSVKGRFTISADNSKNTAYLQMNSLKPEDTAVYYCASDESDAANWGQGTLVTVSS
seq10406,EVQLVESGGGLVQPGGSLRLSCAASGFTDGIDAMGWFRQAPGKEREVVAGIAWGDGITYYADSVKGRFTISADNSKNTAYLQMNSLKPEDTAVYYCAASYNVYYNNWGQGTLVTVSS
seq10407,EVQLVESGGGLVQPGGSLRLSCAASGRTFRHYAMGWFRQAPGKEREFVAAISSYGSTDYGDSVKGRFTISRDDAKNTVPLQMNSLKPEDTATYYCAAADETLGAVPNFRLHEKYEYEYWGQGTLVTVSS
seq10408,DVQLLESGGGLVQPGGSLRLSCAASGFTFGNYDMAWVRQAPGKRPEWVSSIDTGGDITHYADSVKGRFTISRDNAKNTLYLQMNSLRPEDTAVYWCATDEEYALGPNEFDYYGQGTLVTVSS
seq10409,QVQLQESGGGLVQAGGSLRLSCTASGRTSSIHLMAWFRQAPGKEREFVASIIWTGGTTYYAGTTFYGDSAEGRFTISNDNARNTGYLQMNSLKPEDTAVYYCAATSLENPTRYDYWGQGTQVTVSS
seq10410,QVQLQESGGGLVQAGDSLRLSCEASGRTYGGYGMGWFRQVPGKERELVAAIRWSGLETYHKDSVKGRFTISRDNTKNMVYLQMNSLKPEDTAVYYCAARTVRVVDISSPVGFAYWGQGTQVTVSS
seq10411,QVQLQQSGGGSVQPGGFLRFSCTTFGTIEHIMTMGWYRQAPGKERELVAVTLTDGVTKYADSVKGRFTMSRHNGKNTGYLQMESLKPEDTAVYFCNVTYVDRWYTSFESWGQGTQVTVSS
seq10412,EVQLVESGGGLVQPGGSLRLSCAASGRTFSSARMGWFRQAPGKEREFVAGINMISSTKYADSVKGRFTISADNSKNTAYLQMNSLKPEDTAVYYCAHFRRFLPRGYVDYWGQGTLVTVSS
seq10413,EVQLVEKGGGRVQAGGSLRLRCAASGITFSINTMGWYRQAPGKQRELVALISSIGDTYYADSVKGRFRIRRDNAKNTVYLRMRRLKPEDTAVYYCKRFRTAAQGTDYWGQGTRVTVSK
seq10414,EVQLVESGGGLVQAGGSLRLSCAASGRTYHAMGWLRQAPGKEREFVAAVSGSGDDTYYADSVKGRFTISKDNAGITMYLQMNSLKPEDTAVYYCATRRGLYYVWDSNDYENWGQGTQVTVSS
seq10415,QVQLVETGGGLVQAGGSLRLSCAASGRTFNNDVMAWFRQAPGTEREFVALITAGGGTHYADSVKGRFVISRDNDKNMAYLQMNSLKSEDTAIYYCGADENPPGWPSRWSSAYDYWGQGTQVTVSS
seq10416,QVQLQESGGGLVQAGDSLRLSCAASGRTFSSYAMAWFRQAPGKEREFVAAISRGGGTTYYADSVKGRFTISRDNAKNTVYLQMNSLKPEDTAVYYCAANPYGSSSYQGQYGSWGQGTQVTVSS
seq10417,EVQLVESGGGLVQAGGSLRLSCGSSGRTFSRYAMGWFRQAPGKEREFVAAISWSGGSTYYADSVKGRFTISRDNAKNTVYLQMSSLKPEDTAVYYCAADISSGNSGSYIYTWAYDYWGQGTQVTVSS
seq10418,QVQLQDFGGGLVQPGGFLRFSCAASGFTFSSKHMSWVRQAPGKGLEWVSAINTGGDNTNYADSVKGRFTISRDNAKNTLYLQMNSLKPEDTAFYYCAREAEESPSYDYDYWGQGTQVTVSS
seq10419,QVKLEESGGGLVQAGGSLRLSCAASGSIFSINAMGWYRQAPGKQRELVARITGTGTGITGAVSTNYADSVKGRFTISRDNARNTVYLQMNSLKPEDTAVYYCAADRSRTIVVPDYWGQGTQVTVSS
seq10420,VQLQEFGGGLVQAGGSLRLSCATSGSIFSINAVGWYRQAPGNQRELVAAISGRGSTHYADSVKGRFTISRDTAKNTVYLQMNSLKPEDTAVYYCALDQHMEVIVSPGRIGSWGQGTLVTVSS
seq10421,QVQLQESGGGLVQTGGSLRLSCAASGRTFGGYAMAWFRQAPGKGREFVAAVTWSAGTTNYAGSVKDRFTVSRDNANNTMYLQMNSLKPEDTAVYICGAATGYRSTDRLAEPGWVNYWGQGTQVTVSS
seq10422,EVQLVESGGGVVQPGGSLRLSCAASISIFDIYAMHWYRQAPGKQRELVATSFRDGSTYYADSVKGRFTISRDNSKNTLYLQMNSLRAEDTAVYLCHVSLYRDPLGVAGGMGVYWGKGALVTVSS
seq10423,EVQLVESGGGLVQAGGSLRLSCAASGRTFSRSAMGWFRQAPGKEREFVGFITGSGGTTYYGESVKGRFTISRDNAQNPVYLQMNSLKPEDTAVYYCGVYRRTHISSTYSESSEYDYWGQGTQVTVSS
seq10424,QVQLQESGGGLVQAGGSLRLSCAVSGNTLSRYAMGWFRQTPGNEREFVAAIRWNNGATYYADSVKGRFTISRDTGKNTVYLQMNNLKPEDTAVYYCAGRFLGYASSNAYHEALYNYDYWGQGTQVTVSS
seq10425,QVQLVESGGDSVQAGGSLRLSCAASGYTIRPYCMGWFRQAPGKEREGVAVMTIGGTIPFYADSVKGRFTISQDTAKNTVYLQMDSLLPKDTAIYYCAARSGFCRREFEHDAYDNWGQGTQVTVSS
seq10426,VQLVETGGGLVQAGGSLRLSCAASGTIFNGNRINAMGWYRQIPGKERDLVATITVDGKVNLGNLVKGRFTISEDDARNTVYLQMNRLKPEDTAVYYCTAGKLTSSGGVDYYSPSNDYWGQGTQVTVSS
seq10427,EVQLVESGGGLVQAGDSLRLSCAASGRTFSSYRMGWFRQAPGKEREFVAAISRSGASAYYADSVKGRFTCSRDNAKDTVYLQMNKLKPEDTAVYYCAASSRMGVDDPETYGYWGQGTQVTVSS
seq10428,EVQLVESGGGLVQPGGSLRLSCAASGSTLAYYTVGWFRRAPGKEREGISCISSSDGSTYYADSVKGRFTISRDNAKNTVYLQMNSLKPEDTAVYYCAADRRTDCKKGRVGSGSWGQGTQVTVSS
seq10429,QVQLVESGGGLVQPGGSLKLSCAASGFTGDHYAMSWVRQAPGKGLEWVSTIYSYSPNTYYVDSVKDRFTISLDNAKNTLYLQMNSLKPEDTAVYYCAADLEVAEYYAYWGQGTQVTVSS
seq10430,EVQLVESGGGLVQPGGSLRLSCAASGLTFNQYTMGWFRQAPGKEREFVASITDGGSTYYADSVKGRFTISADNSKNTAYLQMNSLKPEDTAVYYCARDSRYMDVWGQGTLVTVSS
seq10431,VQLVETGGGLVQAGGSLRLSCEASGSVVTIKEMGWYRQAPGKEREQERDLVAAIGIGGVTYYATSVKGRFTISRDSAKTTLRLQMSSLRPEDTAMYYCAVITDRNTGGYPDYWGQGTQVT
seq10432,EVQLVESGGGLVQPGGSLRLSCAASGFTFSVYYMNWVRQAPGKGLEWVSDINNEGGTTYYADSVKGRFTISRDNAKNTLYLQMNSLKPEDTALYYCVRDAGYSNHVPIFDSWGQGTTVTVSS
seq10433,QVQLQESGGGLVQAGGSLRLSCAASGSIFGINDMGWYRQAPGKQRDLVADITRSGSTHYVDSVKGRFTISRDNAKNTVYLQMNSLKPEDTAVYYCNADSGSHWWNRRDYWGQGTQVTVSS
seq10434,EVQLVESGGGLVQAGGSLRLSCAAPEMGATINVMAWYRQAPGKQRELVARLPLDNNIDYGDFAKGRFTISRDITRNTVYLQMNNLKPDDTAVYYCNVLLSRQINGAYVHWGQGTQVTVSS
seq10435,EVQLVESGGGLVQAGGSLRLSCAAAGRSLSDYYIIWFRQPPGKEYEFVSSIRWNTGSTTYGDSVKGRFTISRDNAKSTVYLQMNSLKPEDTALYWCAAGLHLTPTSRTYNYRGQGTQVTVSS
seq10436,QVQLQDFGGGLVQAGGFLRFSCAVSGTIASVNAVNWYRQAPGKQRELVAFITSGGSTNYADSVKGRFTISRGSAKNTAYLEMNSLKPEDTAVYYCNARIGLWYWGQGTQVTVSS
seq10437,VQLVESGGGSVQAGETLRLSCTASGFTFDGPDMAWYRQAPGNECELVSIISADGRTYYTDSVKGRFTASQDNAKNTVSLYLKSLQPEDTAVYYCAADPRRNCRGNCCGNWGPGTQVTVSS
seq10438,QVQLVESGGGSVQAGGSLRLSCAASGDSPSVNYMGWFRRAPEKQREQREEVASIYPTGGTFYTDSVKGRFTISRDNAKNTLYLQMTALKPEDTAMYYCAAGKWGTDYWGQGTQVIVSS
seq10439,QLQASGGGFVQPGGSLRLSCAASGATSKSYGMGWFRQAPGKEREFVSAISSWNNDWSYYADSVKGRFTISRDNSKNTVYLQMNSLRAEDTATYYCAYDLQHGSGMPRMYWGQGT
seq10440,EVQLVESGGGLVQAGGSLRLSCAASGSTVTNGAMGWYRQAPGKQRELVAAVDRRASPVYADSVKGRFTCSGDSARNTVYLQMDSLKYEDTAVYYCTALLGGRLYWGQGTQVTVSS
seq10441,QVQLQESGGGLVQAGSSLRLACAATGSIRSINNMGWYRQAPGKQRGMVAIITRVGNTDYADSVKGRFTISRDNAKNTVYLQMNSLKPEDTATYYCHAEITEQSRPFYLTDDYWGQGTQVTVSS
seq10442,QVQLQQSGGREVRPGDSLRLSCRASGRTSGAWNMAWFRQAPGKDREFVAAISGSGRTTEYADSAKGRFTISRDMAKNTVYLQMNSLKPEDTAVYNCAASTFDWGPRGPYRLWGQGTQVTVSS
seq10443,EVQLVESGGGLVQPGGSLRLSCAASGRTFSIYAMGWFRQAPGKEREFVAAISRGSNSTDYADSVKGRFTISADNSKNTAYLQMNSLKPEDTAVYYCAAIVTYTDYDLWGQGTLVTVSS
seq10444,EVQLVESGGGLVQPGGSLRLSCAASGRALSSYSMGWFRQAPGKEREFVALITRSGGTTFYADSVKGRFTISADNSKNTAYLQMNSLKPEDTAVYYCALDNRHSYVDWGQGTLVTVSS
seq10445,QVQLQESGGGLVQAGGSLRLSCAASGSIFSINSMGWYRQAPGKQRELVAAITNGGRTTYADSVKGRFTISRDNAKNTVYLQMDSLKPEDTAVYYCKGFSLTDDYWGQGTQVTVSS
seq10446,EVQLVESGGGLVQAGGFLRLSCELRGSIFNQYAMAWFRQAPGKEREFVAGMSGAVPHYGEFVKGRFTISRDNAKSTVYLQMSSLKPEDTAIYFCARSKSTYISYNSNGYDYWGRGTQVTVSS
seq10447,QVQLQESGGGLVQAGGSLRLSCAASGITFRSKSVGWYRQAPGKQRELVGYISGGDITDYTDSVKGRFSISRDNAKNTVYLQMNSLKSEDTAVYYCNLRGSNYWGQGTQVTVSS
seq10448,VQLVESGGGSVQAGGSLRLSCAASGYTVSSGCMGWFRQAPGKERERVAQIGRDATTTYADSVKGRFTIARDDAENTLYLQMNSLKPEDTAMYSCTAYWGVYCLSPGRYWGQGTQVTVSS
seq10449,VQLQEFGGGLVQAGGSLRLSCAASGSTFSITYMAWFRQAPEKQRELVAEMSRRGSTFYADSVKGRFTISRDNTKNTVYLQMNSLEPEDTAVYYCSVGARRDEDDYVYWGQGTLVTVSS
seq10450,EVQLVESGGGLVQAGGSLRLSCAVSGFLFDSYAMGWFRQAPGKEREFVAAIRWSGSATDYSDSVKGRFTISRDNAKNTVYLQMNSLIPEDTAVYYCAARKTYRSLTYYGEYDSWGQGTQVTVSS
seq10451,QVQLQESGGDLVQPGGSLRLSCAASGFTFSTYWMLWVRQLPGKELEWVSTINTDGSFTNYPDSVKGRFTISRDNARNTLYLQMHSLKPDDTALYYCVQDYPDRFGFWGQGTQVTVSS
seq10452,DVQLQASGGGLVQAGGSLRLSCAASGSFFSINGVGWYRQAPGKQRELVAGITNGGFTNYADSVKGRFTISRDNAKNTVYLQMNSLKPEDTAVYYCNANLQISRSEDGAYVVRNYWGQGTQITVSS
seq10453,EVQLVESGGGLVQAGGSLRLSCRASGNTGNVNAMGWYRQAPGKQRELVAAVSGGGKTNYADSVKGRFTISIDNAKIIVYLQMNNLKPEDTAVYYCNAGVMGTSGSYYLGEDNWGQGTQVTVSS
seq10454,EVQLVESGGGLVQAGGSLRLSCAASRNFDAIGAMGWYRQAPGKQRELVAEITSDGSTNYTDSVKGRFTISRDNALRTMYLQMNALEPEDTAVYYCKADISIYGLTNFPYWGQGTQVTVSS
seq10455,EVQLVESGGGEVQPGGSLRLSCAASGRPFSSYAMGWFRQAPGKERETVAAVSRNAGSSYYAESVKGRFTISRDNAKNTVYLQMSSLRAEDTAVYYCAARSAAYSRSSETYTEKHDYTYWGQGTLVTVKP
seq10456,EVQLVESGGGLVQPGGSLRLSCAASGFTSDDYAMGWFRQAPGKEREFVAALRWSSSNIDYTYYADSVKGRFTISADNSKNTAYLQMNSLKPEDTAVYYCATDLSGHGDVSEYEYDWGQGTLVTVSS
seq10457,AVQLVESGGGSVQAGGSLSLSCAAFGFTYTAYTMGWFRQTPEKERERVAAISSGGASTYYTDSVKGRFTISRGNMKNTLSLQMLSLIPEDPAVYYCAASPSLSASAWSTGISAFEFWGPGMQVTVFS
seq10458,QLQASGGGLVQAGGSLRLSCAASGRTFSSVTMGWFRQAPGKEREFIAAMTRNSGSTYYADSVKGRFTIPRDNAKNTGYLQMNSLKPEDTAVYYCAAKASMYGSTLYPPTGYNYWGQGTQVTVSS
seq10459,DVQLQESGGGSVQPGGSLRLSCAASGYFYSRWYMGWFRQAPGKEREGVAAINSGGSITSYADSVKGRFTISQDNAKNTVYLQMNSLKPEDTAIYYCAAALSRVPGFFPLFPSQYNYWGQGTQVTVSS
seq10460,ESGGELVQPGGSLKLSCAASGLTFTNYSMGWFRPGPGVDREAVAAISWSGDNTYYVSSVKGRFTISRDNAKNTVYLQMNSLKPQDTAVYYCAVKPDDGWWDYWGQGTQVTVSS
seq10461,QVQLQESGGGVVQAGDSLRLSCVASGRTFSSLDMGWFRQAPGKEREFVAGISRTGISAYYADSMKGRFTISRDNAKNLVYLQMNSLKSEDTAVYYCAAALTFRGSDLPRDSNYWGQGTQVTVSS
seq10462,EVQLVESGGGLVQPGGSLRLSCAASGSIFKVNAMGWYRQAPGKGRELVAGIISGGSTNYADSVKGRFTISRDNAKNTVYLQMNSLRPEDTAVYYCSFVTTNSDYDLGRDYWGQGTLVTVSS
seq10463,EVQLVESGGGLVQAGGSLRLSCAASGFTLDDYAIGWFRQAPGKEREGVSSIRDNGGSTYYADSVKGRFTISSDNDKNTVYLQMNSLKPEDTAVYYCAAVPAGRLRFGEQWYPLYEYDAWGQGTLVTVSS
seq10464,VKLVESGGGSVQAGGSLRLSCAASGSTYCTYRMSWFRQAPGKEREFVAVIDSGGSTSYADSVKGRFTISRDNAKNTVYLQMNSLKPEDTAMYYCKTDPTIGCPQTYRYNYWGQGTQVTVSS
seq10465,QVQLQESGGGSVQAGGSLGLSCAASGYTTNRRRMTWFRQAPGKEREGVAVIYPSNGGTAYADSVKGRFTISQDNAKNTVYLQMNSLKPEDTATYYCALQSSESYGYRGFWYEQYGYADWGQGTQVTVSS
seq10466,EVQLVESGGGLVQPGGSLRLSCAASGRTFSEPSGYTYTIGWFRQAPGKGREFVARIYWSSGLTYYADSVKGRFTISRDIAKNTVDLQMNSLKPEDTAVYYCAARDGIPTSRSVGSYNYWGQGTQVTVSS
seq10467,EVQLVESGGGLVQPGGSLRLSCAASGRPFSEYTMGWFRQAPGKEREFVSSIHWGGRGTNYADSVKGRFTISADNSKNTAYLQMNSLKPEDTAVYYCAAELHSSDYTSPGAYAWGQGTLVTVSS
seq10468,EVQLVESGGGLVQSGGSLRLSCAASGFTLDSYAIGWFRQAPGKEREGVSCISNSDGRTYYADSVKGRFTISRDSAKNTVYLQMNSLKPEDTAVYLCATEGHCHGTNWTRPHSVSQGTQVTVSS
seq10469,QVQLVESGGGLVQAGDSLRLSCAASGRTSSLYNMGWFRQAPGQEREFVAAIHWGGGRTYYADSVKGRFTISRDNAKNTVYLQMNSLEPGDTANYYCAARRAPELLDDYKQKPEEIGAYHYWGQGTQVTVSS
seq10470,EVQLVESGGGLVQAGGSLGLSCSASGLLFSRNSAGWYRQAPGKQREFVARIRMGGSINYADSVKGRFTTSRDNAKNTIYLQMNSLKPEDTAVYYCSSWREGFYEYWGQVTQVTVSS
seq10471,EVQLVESGGGVVQAGESLRLSCAASGRSFSNYEMGWFRQAPGTEREFVSTISRRGSSTYYADSVKGRFTISRDNAKNTVYLQMSSLKPEDTAVYYCAAGQLFPSSRPRDYDYWGQGTQVTVSS
seq10472,QVQLQESGGGLVQAGGSLRLSCAASGSSISSYAMGWYRQAPGKQREWVAVIGSGGTTWYADSVKGRSTISRDNAKNTVYLQMNSLKPEDTAVYYCNMRLSTLSLHRALGAWGQGTRVTVSS
seq10473,QVQLQESGGGLVQAGGSLRLSCEATGLTFSGVAMAWFRQAPGKEREFVAIIRWSGSTTYYSDSAKGRFTISRDNAKNTVYLQMNSLKPEDTAVYYCAADPSDRFGEYDYWGRGTQVTVSS
seq10474,VQLVESGGGLVQTGGPLRLSCAVSDRTDSNYAMGWFRQAPGKEREFVAAISGTGYVTGYADSARNRFTLSRDNGKNAVYLQMNSLEPADTAVYYCAATSDQRYPGPRSSGYDYWGQGTQVTVSS
seq10475,EVQLVESGGGSVQAGESLRLSCAASGSIFSSNAMAWYRQAPGKQRDLVALINSVGITKYADSVKGRFTISRDNAKNTVYLQMNSLKPEDTAVYYCTSDPRRGWDTRYWGQGTLVTVSS
seq10476,DVQLVESGGGLVQAGDSLRLTCSASGRTFISYAVGWFRQAPGTEREFVAGIRWNGISTDYTDSVKGRFTISRDNAKNTVYLQMNSLKPEDTAIYYCAAHRTIATIPNKYEYDHWGQGTQVTVSS
seq10477,EVQLVESGGGLVQPGGSLTLSCVASGSTSSRNAMGWYRRAPGKQRELVAGISSDGSKLYLDSVKGRFTISRDNAKNSVYLQMNSLRAEDTAVYYCYYFRTVLGSSMRYWGQGTLVTVSS
seq10478,VQLQESGGGLVQAGGSLRLSCAASGRTFSRQSMGWFRQAPGEEREFVAVITWSGGSPYYADSVRGRFTISRDNAKNTVYLQMNSLKPEDTAVYYCAAPVSYGSQWLADYWGQGTQVTVSS
seq10479,QVTLRESGGGLVQAGGSLRLSCGASEITLSDKTVGWYRQAPGKQRVLVAVISNVDSTNYAHSVKGRFTISRDNAKNTVYLQMNSLKPEDTAVYYCYARDFEAEYWGQGTLVTVK
seq10480,VQLAESGGGGLVQAGGSLRLSCAASGRTFSGYAMGWFRQAPGKEREFVADISWSGHNTYYGDSVKGRFTISRDTAKNTVYLQMNSLKPEDTAVYYCAAEGARTHLSDSYYFPGLWAEPPVGYWGQGTQVTVSS
seq10481,EVQLVESGGGLVQAGGSLELSCARSGRTFTTYPMGWFRQAPGKEREFVAAISMSGDDTAYATFVKGRFTFSRDDDKNTVYLHMTSLKPEDTAVYYCAARTSYSGMYDYIHDYSYWGQGTQVTVSS
seq10482,QVQLQESGGGLVQPGGSLRLSCAASGSIFRLNDMGWYRQPPGKQREMVATITKGGTTNYADSVKARFTISRDNAKNTVYLQMNSLKPEDTAVYYCNADISTYSAFGLFTPPKNYWGQGTQVTVSS
seq10483,QVQLQESGGGLVQPGGSLRLSCAASGIIHSINVMGWYRQAPGKQRELVAIISSGGRTTYADSVKGRSTITGDNDKNTVYLQMNSLKPEDTAVYYCTMVWGLRYYWGQGTQVTVSS
seq10484,QVQLQESGGGSVQAGGSLRLSCTASGFTFDDSDMGWYRQAPGNECELVSRISRDGTTYYADSVKGRFTISQDNAKNTVYLQMNSLKPEDTAVYYCADINSGYELGTCESLDYWGRGTQVTVSS
seq10485,EVQLVESGGELVQAGDSLRLSCAASGRTFSSYIMGWFRQAPGKEREFVAAISPSGALTSYADSVKGRFTISRDNAEKMVYLQMSSLKPEDTDVYYCAAARVPWSPRPSLSPYDYWGQGTQVTVSS
seq10486,EVQLVESGGGLVQPGGSLRLSCAASGFAFSRYWMYWVRQAPGKGLEWVSGMTTGSDYIYSAVSVKGRFTISRDNAKNTLYLQMNSLKFEDTAVYYCAKGGVIDADHFESWGQGTQVTVSS
seq10487,EVQLVESGGGLVQPGGSLRLSCAASGFTLGVYATGWFRQAPGKEREWVSCISGSDGSTWYADSVKGRFTISRDNAKNTVYLQMNSPKSEDTAVYYCALSLGSSWCAYDYWGQGTQVTVSS
seq10488,EVQLVESGGGLVQAGGSLRLSCAASGRTFSSSFMAWFRQVLGSDREFVGGISPGGRFTYYADSRKGRFTISGDNANNTVYLQMHSVKPEDTATYYCAADTQFSGYVPKETNEYDYWGQGTQVTVSS
seq10489,QVQLQESGGGLVQAGGSLRLSCAVSGNTLSRYAMGWFRQTPGKEREFVAAIRWNEGATYYAESVEGRFTISRDTGKNTVYLQMNNLQPEDTAVYYCAGRFLGYASSNAYHEALYNYDYWGQGTQVTVSS
seq10490,EVQLVESGGGLVQAGGSLRLSCAASGAISSINAMGWFRQAPGKEREFVAAIVKGFSWGSGSTIYADSVKGRFTISRDNAKNTMSLQMSSLELEDTAIYYCAHGRRSSGRSGYEYWGQGTQVTVSS
seq10491,EVQLVESGGGAVQPGGSLRLSCVASGIRISRNMMGWFRRTPGRERNMVARISPGGATYYVDSVKGRFSISKDDSKNTVYLQMDSLKPEDTAVYYCNSYSTLGSWGQGTQVTVSS
seq10492,EVQLVESGGGSVQAGGSLRLSCAASGYTYCSYDMSWYRQAPGKEREFVSAIDSDGSTSYADSVKGRFTISQDNAKNTVYLQMNSLKPEDTAMYYCKTDTVPFFLMGPYGGSCHGNYWGQGTQVTVSS
seq10493,EVQLVESGGGLVQAGDSLRLSCAASGRTFSSYIMGWFRRAPGKEREFVAAISSSGALTSYADSVVGRFTISRDNAKKMVYLQMRSLKPEDTDVYYCAAARVPWSPRPSLSTYDYWGQGTQVTVSS
seq10494,QVQLVESGGGLVQAGGSLRLSCAASGSIFDINAMGWYRQAPGKQRELVADITSSGSTNYADSVKGRFTISRDNAKNTVYLQMNSLKPEDTAVYTCAAESIRESQNRHQLGYMGPLYDYWGQGTQVTVSG
seq10495,EVQLVESGGGLVQAGGSLRLSCAASGFPFDDYAIGFFRRAPGKEREGVSCLSRSDGSIYSVPSVKGRFTISKDHAKNTVYLQMNNLKPEDTAVYYCAAGDWVRDPCTWYPNDFDSWGQGTQVTVSS
seq10496,EVQLVESGGGLVPAGDSLRLSCVASGRSLNTYTMGWFRQAPGKECEFVAAINWNGVYRDYADSAKGRFTASRDNAMNTVFLQMNSLKPEDTAVYFCATATQGWDRHTEPSDFGSWGLGTQVTVSS
seq10497,QVQLQESGGGSVQTGGSLRLSCAASTSIYSNNYMAWFSQAPGKGREGVAAVYIADDRPYYADSVKGRFTISLDSAKNTVYLQMNSLKPEDTAMYYCAAAPGPLSRNYWYTSANYDYWGQGTQVTVSS
seq10498,QVQLQESGGGLVQPGGALRLSCAASGLTLADTATGWFRQAPGKEREWVACISRRKAGTFYADSLKDRFTISRDDSVNTVYLQIISLKPDDTANYVCVQIPFCNEFMRGDLDRAILGQGTQVTVAS
seq10499,AVQLVESGGGLVQPGGSLSVSCAASGFTFSVYWFYWVRQAPRQGLEWVSTIASNGSTYYSDSVKGRFTISRDNAKNTVYLQMNSLKPEDTAVYYCVSDPDYYSDYEREYKFWAQGTQVTVSS
seq10500,QVQLQESGGGLVQPGGSLRLSCAASGSIFSTNAMAWYRQAPGKRRELVAGISGGGVTNYPDSVKGRFTISRDNAKNTVYLQMSSLKPEDTAVYYCNLWPPRAPPDGRVYWGQGTQVTVSS
seq10501,EVQLVESGGGLVQAGGSLRLSCAASGRTFSNYFMGWFRQAPGKERESVATVTWRDNITYYADSVKGRFTISADNAKNTVYLQMNSLKPEDTAVYYCASAGRWGQGTQVTVSS
seq10502,EVQLVESGGGLVQPGGSLRLSCAVSGGTFSSIGMGWFRQAPGKGLEFVGAISRSGDSTYYADSVKGRFTISRDGSKNSVYLQMNSLKDEDTAVYYCAGRPAGTAINIRRSYNYWGQGTQVTVSS
seq10503,QVQLQESGGGLVQPGGSLRLSCAASESTFSINAVAWYRQAPGKRRELVAGISGGGVTNYPDSVKGRFTISRDNAKNIVYLQMSSLKPEDTAVYYCNLWPPRASPGGRVYWGQGTQVTVSS
seq10504,EVQLVESGGGLVQAGGSLSLSCATSGRTISDDTMAWFRQAPGKEREFVAIITFNGARTHYSDSVRDRFTISRDNAKNTVYLQMNSLKSEDTAVYYCAASTKYYSSTYNYIHPAFYDIWGQGTQVTVSS
seq10505,EVQLVESGGGLVQPGGSLRLSCVASGIHFAISTINWYRQAPGKQRESVAAITGTSVTGYADSVKGRFTLSRDNAKNTVYLQMDNLKPEDTAVYYCNVWSGRDYWGQGTQVTVSS
seq10506,QVQLVESGGGLVQPGGSLRLSCVASGFTFSSAYMSWVRQAPGKGPEWVSTISTGGGIVNYADSVKGRFAISRDNAKNTLYLQMNKLKPEDTALYYCASNKGPHYHSDYFDSNLYDFWGQGTLVTVSS
seq10507,QVQLQEFGGGSVQPGGSLRFSCAASGFSLDYYAIGWFRQAPGKEREGVACIRADGGGTYYADSAKGRFTISRDNAKNTVWLQMNSLKPNDTAVYYCAAGLPIYWRKHLSEPGHEYGMDYWGKGTLVTVSS
seq10508,QVQLQESGGGSVQTGGSLRLSCAASTSIYSNNYMAWFSQAPGKGREGVAAVYIDDGRPYYADSVKGRFTISLDSAKNTVYLQMNSLKPEDTAMYYCAAAPGPLSRNYWYTSANYDYWGQGTQVTVSS
seq10509,EVQLVESGGGLVQPGGSLRLSCAASGFTFDDYAIGWFRQAPGKEREGVSSISSTYGLTYYADSVKGRFTISRSNSKNTVYLQMNNLKPEDTAVYYCAATPIERLGLDAYEYDYWGQGTLVTVSS
seq10510,EVQLVESGGGLVQVGDSLRLSCAVSGRTLSNAIMGWFRQAPGKERDFVAAISRSAGSLTWYPTSVKGRFTISRDNDKNTAYLQMNSLKPEDTAVYYCAAAYRFSDYSRPAGYDYWGQGTQVTVSS
seq10511,QLQLVESGGGLVQAGGSLRLSCAASGRTFSSYAMGWFRQAPGKEREHVAAISWSGGYTYYANSVKGRFTISRDNAKNTVYLQMNSLKPEDTAVYYCNGVQDHSDSLQNWGQGTQVTVSS
seq10512,GLAQAGGSLRLSCVVSGRTFSSYAMAWFRQAPGKEREVVATISRNGDRTDYVDSVKGRFTISRDNAKNTVYLQMNSLKPEDTAVYYCAADSTKWVFYDYWGQGT
seq10513,EVQLVESGGGLVQPGGSLRLSCAASGLIFSSYDMGWFRQAPGEERAFVGAISRSGDVRYVDPVKGRFTITRDNAKNTVYLQMNSLKPEDTAVYYCAADADGWWHRGQAYHWWGQGTQVTVSS
seq10514,EVQLVESGGGLIQPGGSLRLSCAASGSISSYNVMGWYRQAPGKGRDLVAHIASNGEIMYADSAKGRFTISRDNAKKTLYLQMNSLRPEDTAVYYCKLWVLGNDYWGQGTLVTVSS
seq10515,EVQLVESGGGLVQAGGSLRLSCAASGFTSDDYAIGWFRRAPGKEREGVSYISIEDGSTYSADSVKGRFTISSDYAKNTVYLQMNGLKPEDTAVYYCAAAILGDSVRWLQEYDYDYWGQGTQVTVSS
seq10516,EVQLVESGGGLVQTGASLRLSCAASGRTFSNYAMGWFRQAPGKERERVAAITPRAFTTYYADSVKGRFTISRDNAKNTAYLQMVSLKPEDTALYYCAAQLVGSGSNLGRQESYAYWGQGTLVKVSS
seq10517,AVQLVESGGGLVQAGGSLRLSSVVSGGTFSSYPIAWFRQPPGKEREFVAAISWRGGNTYYADSVKGRFTISRDNAKNTVYLQMNSLKPEDTAVYYSAAERAGVLLTKVPEGYDYWGQGTQVTVSS
seq10518,QVKLEESGGGLVQPGGSLRLSCAASGSSVSLNAMGWSRVQPGSTRDFVARIAADGSTHYADSVEGRFTISGDAARNTVYLQMDSLKPEDTAVYYCFAWLGTDTYWGQGTQVTVSS
seq10519,LSGSLRLSCAASGRTFSTAAMGWFRQAPGKERDFVAGIYWTVGSTYYADSAKGRFTISRDNAKNTVYLQMDSLKPEDTAVYYCAARRRGFTLAPTRANEYDYWGQGTQVTVSS
seq10520,QVQLQESGGGSVQAGGSLRLSCTVSGNTDSMNLMGWFRQAPGKEREGVASIYTGSRTITYPDSVKGRFTISQDNAKNTVYLQMNSLKPEDTAMYYCAADYRARYGASLRTSAYTYWGQGTQVTVSS
seq10521,EVQLVESGGGLVQAGGSLRLSCAASGIIFTIYTMAWYRQAPGKQRELVAAVTYAGNRYYVDSVKGRFTISRDDAKNKVYLQMNSLKPEDTAVYYCAANPSDNPWLGQGTQVTVSS
seq10522,QVQLQESGGGLVQAGGSLRLSCTASRRTDRAYAMAWFRQAPGKERDVVAVISWSGGNQYYVDSVKGRFTISRDNAKSTVYLQMNSLKPEDTAVYYCAARRGYDSGIFSSGRYDYWGQGTQVTVSS
seq10523,VQLVESGGGLMQAGGSLRLSCAVSGRTFSTAAMGWFRQAPGKEREFVAAIRWSGGSAYYADSVKGRFTISRDKAKNTVYLQMNSLKYEDTAVYYCADASATRSLLSDYATWPYDYWGQGTQVTVSS
seq10524,EMQLVESGGGLVQAGGSLRLSCAASGRTFSSLAMGWLRQAPGKEREFVSGISRGGTSTYYADSVKGRFTISRDNAKNTMYLQMNSLKPEDTAVYYCAGSPVLSIVLDTRGLEYWGQGTQVTVSS
seq10525,KVQLVESGGGLVQAGGSLRLSCAASGRAFNYYVMAWFRQAQGKEREFVAAISTRGSMTKYSDSVQGRFTISRDNAKNTVYLHMNSLKPEDTAVYYCAADPRGSSWSFSSGGYDYWGQGTQVTVSS
seq10526,QVQLQESGGGLVQAGGSLRLSCAASGSIFSRDTMAWYRQVPGEQRELVAYITNFGGTNHAGSVKGRFTISRDNAKNTVYLQMNSLKPEDTAVYYCAAELVSLRTHTWEYWGQGTQVTVSS
seq10527,QVQLQESGGGLVQAGGSLRLSCAASGRIFSAYAMGWFRQAPGKEREFVAAISRSGDSTDYADSVKGRFTISRDSAKNMVYLQMNSLKPEDTALYHCAARTVSAPPSAAWGYGYWGQGTQVTVSS
seq10528,EVQLQASGGGLVQPGGSLRLSCVASGINFSTNVPTWYRQAPGKQRELVAVITTNGLTRYADSVKGRFTISKDNAKNAVYLQMNSLKPEDTAVYYCRARDYWGQGTQVTVSS
seq10529,DVQLVESGGGVVQPGGSLRLSCSASGLLFSRNSAGWYRQAPGKQREFVARIRYGGSINYADSVKGRFTISRDNSKNTVYLQMNSLRPEDTALYYCSSWREGFYEYWGQGTLVTVSS
seq10530,EVQLVESGGGLVQPGGSLRLSCTASESIFSIDAMGWHRQAPGKQRELVAHITGGGRSNYADSVKGRFTISGDSAKRTVYLQMNSLKPGDTAVYYCNAEGQAGWGTALMDYWGKGTQVTVSS
seq10531,QVKLEESGGGMVQAGGSLRLSCVASGRSFVGYFMAWFRQPPGKEREYVGGIRWSDGVPHYADSVKGRFTISRDNAKNTVYLQMNSLKSEDTAVYFCASRGIADGSDFGSYGQGTQVTVSS
seq10532,QVQLQESGGGLVQPGGSLRLSCVASGFSFRRKAIGWYRQAPGKQRELVARIDSDDITNYADSVKGRFSISRDNAKNTVFLQMNSLKSEDTAVYYCNLRGSNYWGQGTQVTVSS
seq10533,QVQLVESGGGSVQAGGSLRLSCTASGFTVSSNELGWFRQAPGQERWAVAAISGGSTYYADSVKGRFTISRDNAKNTVTLQMNNLKPEDTAIYYCGRRLKDWGQGTQVTVSS
seq10534,QVQLQESGGTLVQPGGSLRLSCAASGSTFSINNMGWYRQAPGKQRELVAGITGGNTHYADSVKGRFTISRDNAKNTMYLQMNGLKPEDTAVYYCNANWGAYWGQGTQVTVSS
seq10535,VQLVESGGGSVQTGGSLRLSCAASGDTSSTNCMAWLRQRPGKEREGVAHIYTRDGRIYYADSVKGRFTISRDKAKNEVYLQMNGLKPEDTAMYYCAAVSGRAYCSGMSIYGDSDLGQGTQVTVSS
seq10536,EVQLVESGGGLVQPGGSLTLSCVASGSVSSINAMGWYRRAPGKQRELVAGISSDGSKVYKDSVKGRFTISRDNAKNSVYLQMNSLRAEDTAVYYCYYFRTVSGSSMGYWGQGTLVTVSS
seq10537,QVQLQESGGGSVQPGGSLRLSCAASGSIFAVNAMGWYRQAPGHQRELVAIISSNSTSNYADSVKGRFTISRDNAKNTVYLQMNSLKPEDTAVYFCYAKRSWFSQEYWGQGTQVTVSS
seq10538,EVQLVESGGGLVQPGGSLRLSCAASGGIYRVMGWFRQAPGKERELVASISSGGGINYADSVKGRFTISADNSKNTAYLQMNSLKPEDTAVYYCAAESWGRQWGQGTLVTVSS
seq10539,EVQLVESGGGLVQPGGSLRLSCAASGFTFSDYWMYWVRQAPGKGLEWVSEINTNGLITKYPDSVKGRFTISRDNAKNTLYLQMNSLKPEDTAVYYCARSPSGFNRGQGTLVTVSS
seq10540,QVQLQESGGGLVQAGGSLRLTCAVSGRTFSAIHMGWFRQAPGKEREFVAGISWSGGGTAYGGTVKGRFTISRDNAKNTVSLQMNSLKSEDTAVYYCAASDTDWGRSASYDYWGQGTQVTVSA
seq10541,ESGEMLFTVKKDSLRLSCAASGFTFSRYAMSWVRQAPGKGPEWVSAINSPGGSTSYADSVKGRFTISRDNAKNTLYLQMNSLKPDDTAVYYCAKYERATEWGHTIVAVTPLLDGVHDYWGQGTQVTVSS
seq10542,QVQLQESGGGLVQAGGSLRLSCAASGSTPSRHPMTWYRQAPGKSRELLASITNVDSTYYADSVKGRATIFRDNAASTVYLQLNGLKLEDTAVYSCFAVLDGRSYWGQGTQVTVSS
seq10543,VQLEESGGGLVQTGGSLRLSCTASGFTFDRNAMRWYRQAPGKEREGVSCISWTGANIAYADSVKGRFTISRDNAKNTLYLQMNSLKPEDTGMYYCAADTTSGSCSGFWSTSRYYWGQGTQVTVSS
seq10544,EVQLVESGGGEVQPGGSLRLSCAASGSVTGANTMGWYRQAPGKQRDLVALIGNYVTHYAESVKGRFTISRDNAKNTLYLQMSSLRAEDTAVYYCYLYTDNLGTSWGQGTLVTVKP
seq10545,QVQLVESGGGLAQPGGSLRLSCAVSGFRFSFYQMTWVRQAPGKGLEWVADINSAGGTTYYADSVKGRFAISRDNAKNTLYLQMNSLKPEDTAVYYCAKGKFPVESRRHGGTAQWDEYDYWGQGTRVTVSS
seq10546,EVQLVESGGGLVQAGGSLRLSCVASERIFSRNTMGWYRQAPGKQRELVARIASLGITNYADSVKGRFTISSDNAKNTVYLQMNNLKPEDTAVYYCNYWHYAAGRDYWGQGTQVTVSS
seq10547,EVQLVESGGGFVQPGGSLRLSCAASGFTFDDYAIGWFRQAPGKEPEEISCISSSGGITYYADSVKGRFTISRDNAKNTVYLQMNSLKPEDTAVYYCATPGIAACRGIHYWGQGTQVTVSS
seq10548,EVQLLESGGGLVLPGGSLRLSCVHSGPTFRTDTMGWFRQAPGKGREFVAAVTWNSGRINYADSVKGRFTVSRDNTRNALYLQMSGLKDEDTAVYYCTAHRFVVGGNRVEDWRYWGQGTLVTVSS
seq10549,EVQLVESGGGLVQAGGSLRLSCAASGRAFRRYTMGWFRQAPGKEREFVAAIRWSGGTTFYADSVKGRFTISADNAKNTVYLQMNSLKPEDTAVYYCAAEWAAMKDWGQGTQVTVSS
seq10550,QVQLVETGGGLVQPGGSLRLSCAASGFTLDGYAAGWFRQAPGKERELVSWISSTDGSTYYAASVKGRFTVSRDNAKNTVYLQMNSLKPEDTAVYYCTAGLGLDVSDYVYDYWGQGTQVTVSS
seq10551,EVQLVESGGGLVQAGGSLRLSCAASGSAFSINAMGWYRQGPGKQRTLVARITSGGSTNYADSVKGRFTISRDNAKNTVYLQMNSLKPEDTAVYYCYAVHSKLSTTGWGTIGDYWGQGTQVTVSS
seq10552,LQESGGDLVQAGGSLRLSCAASGSFFKINAMRWYRQAPGKQRELVARITSGGATDYADSVRDRFTISMDNAKNTVYLQMNSLKPEDTAAYYCAATTTRSYDDTYRNSWVYNYWGQGTQVT
seq10553,QVKLVESGGGSVQAGGSLRLSCAASGDSYSVKYMGWFRRAPGKQRDQREEVASIYPTGGTFYTDSVKGRFTISRDNAKSTLYLQMTALKPEDTAMYYCAAGKWGTDYWGQGTQVTVSS
seq10554,EVQLVESGGGLVQAGGSLRLSCAASGRTVSDMTMGWFRQAPGKERVFVAAISNSGLSTYYQDSVKGRFTISRDTANNTVALQMNSLKPEDTAVYFCAARSGWSGQYDYWGQGTQVTVSS
seq10555,EVQLVESGGGLVQAGGSLRLSCVASKMTFMRYTMGWYRQAPGKQRDLVASIDASGGTNYADSVKGRFTISRDNAKNTVYLEMNSLKPEDTGVYYCNGRWDIVGAIWWGQGTQVTVSS
seq10556,QVQLQQSGGGLVQPGGFLRFSCSVFGRTINLNTMEWHRRVEGKRREMVATIRGDGGTDYADSVKGRFTISRVAATKMLYLQMVSLKPEDTAVYYCHLRYYSGSYSPLWLWGQGTQVSVVS
seq10557,SGGGLVQVGGSLRLSCVVSGSDISGIAMGWYRQAPGKRREMVADIFSGGSTDYAGSVKGRFTISRDNAKKTSYLQMNNVKPEDTGVYYCRLYGSGDYWGQGTQVTVSS
seq10558,EVQLVESGGGLVQAGGSLRLSCTASGRAFSSSVVGWFRQAPGKEREFVTGINWSGARTYYADSVKGRFTISRDNAKNTAYLQMTSLKPEDTAVYYCASGRDAYARVLPDYEYVWWGQGTQVTVSS
seq10559,QVRLVESGGGSVQSGGSLRLSCAASGYARSSTCLGWFRQAPGKEVEGVAIIGRDGSTGYADSVKGRFTISQDNAKNTLYLHMDSLKPEDTAMYYCAAVEGGCEVSEGTGEQQLAYWGQGTQVTVSS
seq10560,QVQLVESGGGLIQDGGSLRLACVASRSTRGINSMGWYRQAPGEQREFVASIGWQGATVYADSVEGRFTISRDDAKNTLYLEMNSLNPEDTAVYYCGADWRTSGYFYWGQGTQVIVS
seq10561,EVQLAESGGGSVQAGGSLRLSCAASGYSYCRSTMRWYRQAPGNVREFVSAIYSDGTTSYTDSVKGRFTISQDNAKNTVYLQMNSLQPEDTAMYYCRIDLVGCNVAGGSPYWGQGTQVTVSS
seq10562,EVQLVESGGGLVQAGGSLRLSCAASGGTFSAYAMGWFRQAPGKEREGVAAIRWDGGYTRYADSVKGRFTISADNAKNTVYLQMNSLKPEDTAVYYCAATTPTTSYLPRSERQYEWGQGTQVTVSS
seq10563,QVQLVESGGGLVQPGESLRLSCGASGMSLDYYAIAWYRQAPGKEREGVSCISVSGSSAQYLDSVRGRFIISKDNTKSTAYLQMNSLKPEDTAVYYCAALADCAGYASLTFDFDSWGQGTQVAVSS
seq10564,AVQLVDSGGGLVQAGDSLTLSCAASGRTFSDYSMGWFRQAPGKEREFVAGISWIADNRYYADVVKGRFTISRDNAKNTVYLQMNSLKPEDTAVYYCTAGRSRYLYGSSLNGPYDYWGQGTQVTVSS
seq10565,QVQLQEFGGGLVQPGGFLRISCAASGFSVSSYAMNWVRQAPGRGPEWVSHIKSGGGSTYYADSVKGRFTISRDNAKNTLYLQMDSLTSEDTAVYYCAKTTVTAPDSWGQGTQVSVSS
seq10566,EVQLVESGGGLVQPGGSLRLSCSASGRTFSFSTSTMGWFRQAPGKELEFVAAIDWSDFNTYYADSVKGRFTISRDNPRNSVYLQMNSLRPEDTAVYYCAAHSETRGGTRYFDRPSLYNYWGQGTQVTVSS
seq10567,EVQLVESGGGLVQPGGSLTLSCAASGSSVKFLSMAWYRQAPGKKRELVAGISADGSTDYIDSVKGRFTISRDNAKNSVYLQMNSLRAEDTAVYYCYAYRWTRRYTYWGQGTLVTVSS
seq10568,QVQLVESGGGLVQAGGSLRLSCAASGRTFSEPSGYTYTIGWFRQAPGKEREFVARIYWSSGLTYYADSVKGRFTISRDIAKNTVDLLMNSLKPEDTAVYYCAARDGIPTSRSVGSYNYWGQGTQVTVSS
seq10569,EVQLLESGGGLVQPGGSLRLSCAASGRYIDETAVAWFRQAPGKEREFVAGIGGGVDITEYADSVKGRFTISRDNSKNTLYLQMNSLRPEDTAVYYCAARPGRPLITSKVADLYPYWGQGTLVTVSS
seq10570,EVQLLESGGGLVLPGGSLRLSCVHSGPTFRTDTMGWFRQAPGKGREFVAAVTWNSGRINYADSVKGRFTVSRDNTRNTAYLQMSGLKDEDTAVYYCTAHRFVVGGNRVEDWRYWGQGTLVTVSS
seq10571,DVQLVESGGGVVQPGGSLRLSCTASGFTFSTADMGWFRQAPGKGREFVARISGIDGTTYYDEPVKGRFTISRDNSKNTVYLQMNSLRPEDTALYYCRSPRYADQWSALDYWGQGTLVTVSS
seq10572,QVQLQESGGGSVQAGDSLRLSCVAPGREISSPAMGWFRQAPGKEREFVATINWSSGATLTADSVKGRFTIFKDVEKNTVYLQMNSLRPEDTAVYSCAAGATGVFRIARAYSYWGQGTQVTVSS
seq10573,EVQLVESGGGLVQPGGSLKLSCAASGFDFSSHWMYWVRQAPGKELEWLSEINTNGLITHYGDSVHGRFTVSRNNAANKMYLELTRLEPEDTALYYCARNQKGLNKGQGTLVTVSS
seq10574,EVQLVESGGGLVQPGGSLRLSCAASGGTFSFYGMGWFRQAPGKGQEFVSDIRTSAGRTYYADSVKGRFTISRDNAKNTLYLQMNSLRPEDTAVYYCAAEMSGISGWDYWGQGTLVTVSS
seq10575,EVQLQESGGGLVQAGGSLRLSCAASGRATSGHGHYGMGWFRQVPGKEREFVAAIRWSGKETWYKDSVKGRFTISRDNAKTTVYLQMNSLKPEDTAVYYCAARPVRVDDISLPVGFDYWGQGTQVTVSS
seq10576,QVQLQESGGGLVVAGGSLRLSCAASGSSVSFLSMAWYRQAPGKKRELVAGISSDGSTNYVDSVKGRFTISRDNAKNIVFLQMNSLQPQDTAVYYCYAYRWVGRDTYWGQGTQVTVSS
seq10577,QVKLEESGGGLVQAGGSLRLSCVASGRTINDYILGWFRQAPGKKREFVAAIRGSGAIRGREGSTFYVDSVKGRYTISKDNAKNTVDLQMNSLKPEDSATYYCAVDRFPTPEFSTQVGHYDYWGQGTQVTVSS
seq10578,EVQLVESGGGLVQAGGSLRLSCAASGRTFSDARMGWFRQAPGRERELIAFISWFGSNTNYGSSVKGRFTISRDNTKNTVYLQMNSLKLEDTAVYYCAACRQSICIDSAEYFDDWGQGTQVTVSS
seq10579,QVQLQESGGGLVQAGGSLRLSCAASGNIFDADIMGWYRQAPGKERELVASITDGGSTNYADSVKGHFTISRDNAKNTVYLQMNSLKPEDTAVYYCAAVAYPDIPTYFDYDSDHFYWGQGTQVTVSS
seq10580,VQLQESGGGLVQPGGSLRLSCAASGRISSINSMGWYRQAPGNQRELVAAITNGGAKTYADSVKGRFTISTDNAGNTVYLQMDSLRPEDTAVYYCKAFTRRDDYWGQGTQITVSS
seq10581,SGGGLVQSGGSLRLSCAASVLTLEYYAIGWFRQAPGKEREGISCTGSSGGSTVYIDSVKGRFTVVRDNAKNMVYLQMDSLQPEDTAVYYCAADDLRCGRGWSSYFRGSWGQGTQVTVSS
seq10582,EVQLVESGGGLVQPGGSLRLSCAASGSIFSFNAMAWYRQAPGKQRELVAAISSGGSTNYADSVKGRFTISRDNAKNTVYLQMNSLKPEDTADYYCNLWHTDFVSFYDYWGQGTQVTVSS
seq10583,EVQLVESGGGLVQPGDSLRLSCAASGRILSINNMVWYRQAPGKQRELVAHITSSGSTGYADSVKGRFTISRDNAKNTFYLQMTNLNPEDTAVYYCNCWVSSDSNAPLKNYWGQGTQVTVSS
seq10584,EVQLVESGGGLVQPGGSLRLSCAASGFTFDDYGMSWCRQAPGKALEWVSAISWNGNNTYYTESMKGRFTISRDNAKNTLYLQMNSLRPEDTAVYYCVKGSTAIVGVPPTYPDEYDYWGQGTLVTVSS
seq10585,VHLMESGGGSVQAGGSLRLSCARSGVTYCRLTMRWYRQAPGSEREFVSAIYSDGSTAYADSVKGRFTMSQDDAKNTVYLQMNSVKPEDTAMYYCKLNCASGLTAWGQGTQVTVSS
seq10586,EVQLLESGGGLVQPGGSLRLSCAASGGSLSNYVLGWFRQAPGKGREFVAAINWRGDITIGPPNVEGRFTISRDNSKNTLYLQMNSLAPEDTAVYYCGAGTPLNPGAYIYDWSYDYWGQGTLVTVSS
seq10587,EVQLVESGGGLVQAGGSLRLSCAASGRTFDTYAMGWLRQAPGKEREFVSAISTGDGSTNYADSVKGRFTISADNAKNTVYLQMNSLKPEDTAVYYCAAARRSGRGSWGQGTQVTVTS
seq10588,EVQLVESGGGLVQAGGSLRLSCAASGFTLDDYAIGWFRQAPGKEREGISLITSDDGSTYYADSVKGRFTISSDNAKNTVYLQMNSLKPEDTAVYYCAAAQGLLLLSLWVPTQYDYWGQGTQVTVSS
seq10589,EVQLVESGGGLVQAGGSLRLSCAASGSIFSINAMAWYRQAPGKQREWVARITGDGTTNYADSVKGRFTISRDNAKSTMYLQMNSLKPEDTAVYYCAARALPLGTDNYWGQGTQVTVSS
seq10590,HVQLVSGGGLVQAGGSLRLSCIGSGDISSFNAMGWYRQVPGKQRELVAFISSGGRSKYTDSVKGRFTISGDNAKNTVYLQMIDLKPEDTAVYYCNAGSVVSYETGNYYEPSNYWGQGTQVTVSS
seq10591,QVQLQESGGGTVQAGDSLRLSCAASARTISTYSMGWFRQAPGKEREFVAHISRTGSNTLYADSVKGRFIISRDNAKNTMYLQMNSLKPADAAVYYCAAGLATWLATQTDNYDYWGQGTQVTVSS
seq10592,EVQLVESGGGLVQAGDSLRLSCAASGRAFSRYAMGWFRQAPGKEREFVAAIGWGPSKTNYADSVKGRFTISRDNAKNTVYLQMNTLKPEDTAVYSCAAKFVNTDSTWSRSEMYTYWGQGTQVTVSS
seq10593,QVQLQESGGGLVQPGGSLRLSCAASGFTFRRSILKWLRQAPGKELEWVSTIDTYSNNTYYEDSLKGRFTISADNAKNTLYLQMDSLKPEDTAVYYCAKGGGGIYSRTYDYRGQGTQVTVSS
seq10594,DVQLVESRGGSVQAGETLRLSCTASGFTFAEADMGWYRQAPGHECELVSTITTEGITSEASSYYADSVRGRFTISRDNAKNMVYLQMNSLKPEDTAVYYCAPDPYAYSTYSDYCTWAQGTQGTLVTVSS
seq10595,QVQLQESGGGLVQAGGSLRLSCAASGRTFSGQSMGWFRQAPGKEREFVAVITWSGGSPYYADSVRGRFTISRDNAKNTVHLQMNSLKPEDTAVYYCAAPVSYGSQWLADYWGQGTQVTVSS
seq10596,VQLQESGGGLVQAGGSLRLSCAASGRTFNNSAMGAMGWFRQAPGKEREFVATITWSSGSSFYANSVKGRFTISRDNAKNTVYLQMNSLKPEDTAVYYCASRKLGGVVTVVTSYDFWGQGTQVTVS
seq10597,QVQLQESGGGLVQAGDSLRLSCAASGLIIKDTTAGWFRQAPGKNREFVAGINWSNENTAYADSVKGRFTISRDNAKNTVALQMNGLKPEDTAVYYCTARPERTYVITPFSDDYSYWGQGTQVTVSS
seq10598,EVQLVESGGGLVQPGGSLRLSCAASGFTFSFYGMGWFRQAPGKGQEFVADIRTSAGRTYYADSVKGRFTISRDNAKNTLYLQMNSLRPEDTAVYYCAAEMSGISGWDYWGQGTLVTVSS
seq10599,QVQLQESGGGLVQAGGSLRLSCAASGRTFSSYRMGWFRQAPGKEREFVAAISRRGDNVYYADSVKGRFAISRDNAESTLYLQMNSLKPEDTAVYYCAAHVTVSAITLSTSTYDYWGQGTQVTVSS
seq10600,QVQLVQSGGGLVQPGGSLRLSCAASALTFSSRAWAWYRQAPGKQRELVASITGGGTTNYADSVKGRFTISRDNAKNTVYLQMNSLKPEDTAVHYCNGYRYTYAWGQGTQVTVSS
seq10601,QVQLVESGGGLVQAGGSLRLSCAASGRTFSNDAMGWFRQAPGKERVFVATISWKSSTYYADSVKGRFTISRDHAKNTVYLQMNNLKPEDTAVYYCVADPYGLGFNPSDYDYWGQGTQVTVSS
seq10602,QVQLQESGGGLVQPGGSLRLSCAASGSISGSYVMGWYRQAPGKQRELVATITSGGLTRYADSVKGRWTISRDNAKNTVYLQMNNLKLEDTAVYYCSARRIATTYWGQGTQVTVSS
seq10603,EVQLVESGGGLVQPGGSLRLSCTASGLNLDDYAIGWFRQAPGKEREGVSCISSYDSVTYYADHVKGRFTISRDSAKNTLYLQMNSLSIEDTGVYYCAAEREQLRRRESPHDELLRLCFYGMRYSGKGTLVTVSS
seq10604,QVQLQESGGGSVQTGGSLRLSCAASTSIDSNNYMAWFRQAPGKGREGVAAVYIDDGRPYYADSVKGRFTISLDSAKNTVYLQMNSLKPEDTAMYYCAAAPGPLSRHYWYTSANYDYWGPGTQVTVSS
seq10605,QVQLQEFGGGLVQAGGSLRLSCAASGSTFSITYMAWFRQAPEKQRELVAEMSRRGSTFYADSVKGRFTISRDNTKNTVYLQMNSLEPEDTAVYYCSVGARRDEDDYVYWGQGTLVTVSS
seq10606,GGGGSVQAGGSLRLSCAASGYISDSHGRNCMGWFRQAPGKEREAVARIYSRLGTTYYADSVKGRFTISRDNAKNTLYLQMHSLKPEDTAMYYCAAVGGLCIDKETPTDYPFWGQGTQVTVSS
seq10607,EVQLVESGGGLVQPGGSLRLSCAASGRNLRMYRMGWFRQAPGKEREFVAAINWSGDNTHYADSVKGRFTISADNSKNTAYLQMNSLKPEDTAVYYCAANWKMLLGVENDWGQGTLVTVSS
seq10608,EVQLVESGGGLVQPGGSLRLSCETSRHTLDHYAIGWFRQAPGKEGEGVACISTSTYYADSVKGRFSISRDNAKNTVYLQMNSLKPEDTAVYYCATTGSGYCTLRAFGSWGQGTQVTVSS
seq10609,EVQLVESGGGLVQPGGSLRLSCAASGRSFSFNAMGWFRQAPGKEREFVARISRFGRTNYADSVKGRFTISADNSKNTAYLQMNSLKPEDTAVYYCAKVHSYVWGGHSDYWGQGTLVTVSS
seq10610,EVQLVESGGGLVQPGGSLRLSCAASGRTLSSYAMGWFRQAPGKEREFVSRISQGGTAIYYADSVKGRFTISRDNAKNTLYLQMNSLRPEDTAVYYCAKDPSPYYRGSAYLLSGSYDSWGQGTLVTVSS
seq10611,QVQLQQSGGGLVQVGGSQRLSCAASGRTFEYDDMVWFRQAPGKEREEVAGISWSGGSIYYADSVKGRFSISRDNAKNTVYLEMNRLKPEDTAVYYCNVGSYWGQGTQVTV
seq10612,QVQLQESGGGLVQAGGSLRLSCAASGFTFDDYDIGWFRQAPGKEREEVSCISNIDGSTYYADSVKGRFTISSDNAKNTAYLQMSSLKPEDTAVYYCAADIYVRCVHGLSPGYWGQGIQVTVSS
seq10613,EVQLVESGGGLVQAGGSLRLSCAASGYTITNSYRMGWFRQAPGKEREFVAGITMSGFNTRYADSVKGRFTISADNAKNTVYLQMNSLKPEDTAVYYCAANRGLAGPAWGQGTQVTVSS
seq10614,EVQLQASGGGLVQPGGSLRLSCAASGFTFDDYAIGWFRQAPGKEREGVSCITSSDGSTYYADSVKGRFTISRDNANNTVHLQISNLKPEDTAVYYCATPWVNYCPENLLFSYWGQGTQVTVSS
seq10615,EVQLVESGGGEVQPGGSLRLSCAASGSTFSSYHMSWFRQAPGKERELVATSHHGGTTNYAGSVKGRFTISRDNAKNTVYLQMNTLRAEDTAVYYCKADHGYQGRGYWGQGTLVTVKP
seq10616,EVQLVESGGGLVQAGGSLRLSCAASGRTFISSPMGWFRQAPGKEREVVAATTRSGGLPYYSDSVKGRFTISRDNAKNTVDLQMSSLKPEDTAAYYCAADQKYGMSYSRLWLVSEYEYWGQGTQVTVSS
seq10617,EVQLVESGGGLVQPGGSLTLSCVASGSASLTNATGWYRRAPGKQRELVAGISSDDSKVYSDSVKGRFTISRDNAKNSVYLQMNSLRAEDTAVYYCYYFGSVSGSWTRYWGQGTLVTVSS
seq10618,EVQLVESGGGLVQPGGSLRLSCAASGFTFDDYGMSWVRQAPGKALEWVSAISWNGNNTYYTESMKGRFTISRDNAKNTLCLQMNSLRPEDTAVYYCVKGSTAIVGVPPTYPDEYDYWGQGTLVTVSS
seq10619,EVQLVESGGGLVQAGGSLRLSCAASGITFSINTMGWYRQAPGKQRELVALISSIGDTYYADSVKGRFTISRDNAKNTVYLQMNSLKPEDTAVYYCKRFRTAAQGTDYWGQGTLVTVSS
seq10620,EVQLVESGGGLVQPGGSLTLSCAASGSSVKFLSMAWYRQAPGKKRELVAGISLDGSTDYIDSVKGRFTISRDNAKNSVYLQMNSLRAEDTAVYYCYAYRWTGRYTYWGQGTLVTVSS
seq10621,EVQLVESGGGLVQPGGSLRLSCAASGFTFSRYTMSWVRQAPGEGLEWVSSIGSGGGPTTYANSVKGRFTVSRDNAKNTLWLQMNNLKPEDTALYYCQGGGNRGQGAQVTVSS
seq10622,EVQLVESGGGLVQTGASLRLSCAASGRTFSNYAMGWFRQAPGKERERVAAITPRAFTTYYADSVKGRFTISRDNAKNTAYLQMVSLKPEDTALYYCAAQLVGSGSNLGRQESYAYWGQGTLVQVSS
seq10623,EVQLVESGGGVVQPGGSLRLSCADSERSFSFNAMGWFRQAPGKEREFVAAISATGDDTYYADSVKGRFAISRDTARNTVYLQMNSLKPEDTAVYYCGARVNFDGTVSYTNDYAYWGQGTQVTVSS
seq10624,QVQLQESGGGLVQAGDSLRLSCTASGVSIGDYNIGWFRQAPGKEREGVSCISSGDGTTYYTDSVKGRFTISTDNAKNTVYLQMNSLKPEDTAVYYCAADGNVWSPPICGSAGPPPGGMDYWGKGTQVTVSS
seq10625,EVQLVESGGGLVQAGGSLRLSCAISGRTFIADMGWFRQAPGKEREFQAGITWFGGSTYYADSVKGRFTISRDNTKNTLYLQMNSLKPEDTAIYYCAAGLKRIGDQREADYWGQGTQVTVAS
seq10626,QVQLQESGGGLVQPGGTLSLSCAASGFNVRWYGMGWFRQAPGKEREGVACISALQETTAYADSVKGRFTLSRDNPKNTLSLQMNNLQPEDTGVYYCATTDCDDSSRMTYTSYLGQGTQVTVSS
seq10627,RLSCAASGSIFSINAMGWYRQAPGKQRELVAAITSGGSTNYADSVKGRFTISRDNAKNTVYLQMNSLKPEDTAVYYCNADCWGSRWYFDHYWGRGTLVTVSS
seq10628,EVQLVESGGGLVQPGGSLRLSCAASGRTFSSYAMGWFRQAPGKEREFVAAISWSEGSTYYADSVKGRFTISRDNAKNTVYLQMNSLRPEDTAVYYCAADLTSTNPGSYIYIWAYDYWGQGTLVTVSS
seq10629,QVQLQESGGGLVQAGGSLRLSCAVSGNTLSRYAMGWFRQTPGNEREFVAAIRWNNGATYYADAVKGRFTISRDSGKNTVYLQMNNLQPEDTAVYYCAGRFLGYASSNAYHEALYNYDYWGQGTQVTVSS
seq10630,EVQLVESGGSLVQVGDSLTLSCAASGRTFKYYTVGWFRQAPGKEREFVASIGRDSVVFYVDPVKGRFIISRDNAKNTAYLQMNSLKSEDTAAYYCAIDVALPTGQYMDVPGIDYWGQGTQVTVSS
seq10631,EVQLVESGGGLVQPGGSLRLSCAASGRTFSYNPMGWFRQAPGKGRELVAAISRTGGSTYYPDSVEGRFTISRDNAKNMVYLQMNSLRAEDTAVYYCAAAGVRAEDGRVRTLPSEYTFWGQGTQVTVSS
seq10632,EVQLVESGGGLVQPGGSLRLSCAASGRTFSSYAMMGWFRQAPGKEREFVASVNWDASQINYADSVKGRFTISADNSKNTAYLQMNSLKPEDTAVYYCTTLGAVYFDSSGYHDYFDYWGQGTLVTVSS
seq10633,EVQLVESGGGLVQPGGSLRLSCAASGRTFSNYRMGWFRQAPGKEREFVASINRGGSTKYADSVKGRFTISADNSKNTAYLQMNSLKPEDTAVYYCASGKGGSATIFHLSRRPLYFDYWGQGTLVTVSS
seq10634,DVQLVESGGGLVQPGGSLRLSCAASGSIFTINAMGWYRQAPGKQREEVAASTSGGSPNYDDSVKGPFNLSKDNAKNTVYLQINRLKPEDTAVYFFKAGGGSSTPDSDYWGQGTLVTVSS
seq10635,QVQLQESGGGLVQAGGSLRLSCAASGRTFSRYNIGWFRQAPGKEREFVAAISWSGARTYYADSVKGRFTISRDNAKNTVYLQMNSLKPEDTAVYYCAAGRGWGTEAILDYWGQGTQVTVSS
seq10636,EVQLVESGGGLVQAGGSLRLSCVASGRTLSTVNMGWFRQAPGKERDIVARISPSSVSTYYSESVKGRFTISRDNAKNTVYLQMNSLRPEDTAVYYCVADSPGGRSYEYWGQGTQVTVSS
seq10637,EVQLVESGGGLVQPGGSLRLSCAASGYTYSRKCRGWFRQAPGKGREGVATLYTSSGGTYFDTYADSVRGRFTISRDNAKNTLYLQMNSLRPEDTAVYYCAARLSTDFCGPRADFDYWGQGTLVTVSS
seq10638,EVQLVESGGGLVQPGGSLTLSCVASGSTSSINAMGWYRRAPGKQRELVAGISSDGSKVYRDSVKGRFTISRDNAKNSVYLQMNSLRAEDTAVYYCYYFRTVSGSSMGYWGQGTLVTVSS
seq10639,EVQLVESGGGSVQAGGSLRLSCTTSGRALNMYVMGWFRQAPGNEREFVAATSSSGGSTSYPDSVKGRFTISRDNAKNTVYLQMNSLKPEDTAAYRCAASPYVSTPTMNILEEYRYWGQGTLVTVSS
seq10640,EVQLVESGGDLVQPGGSLRLSCAASGFTFSGYWMTWVRQAPGKGLEWVTSINNIGEETYYVDSVKGRFTISRDNAKNTLYLQMNSLKSEDTAVYYCVKDWASTYAGYRPNSQGTQVTVSS
seq10641,QVQLQQSGGGLVQAGGSLRLSCAASGNIISFNPMGWHRQAPGKQRELVASITSGGSISYVDSVKGRFTISRDSAKNTIYLQMNSLKPEDTAVYFCAGEGPRRRGSTWYTDTYWGQGTQVTVSS
seq10642,DVQLVESGGGLVQPGGSLRLSCAASGRTFRHYAMGWFRQAPGKEREFVAAISSYGSTDYGDSVKGRFTISRDNSKNTVYLQMNSLRPEDTAVYYCAAADETLGAVPNFRLHEKYEYEYWGQGTLVTVSS
seq10643,QVQLQEFGGGLVQPGGSLRLSCQASTSVFGNTAMAWYRQAPGKQRELVARITTLGFTYYADSAKGRFTISRDSAMNTVYLQMNSLKPEDTAVYYCNRLWRPLAWGQGTQVTVSS
seq10644,QVQLVESGGGLVQAGGSLRVSCTASVSTFSINALGWYRQAPGKARELVCAIGSDGTVYYTDSVKGRFTCSRDNAKNTVSLQMSSLKPEDTAVYYCNAAGKRIGSDGSIWFAVASFGSWGQGTQVTVSS
seq10645,EVQLVESGGGLVQPGGSLRLSCAASGRTFGDYAMGWFRQAPGKERELVAPINWSGGSTYYADSVKGRFTISADNSKNTAYLQMNSLKPEDTAVYYCATDPPLFWGQGTLVTVSS
seq10646,QVQLQESGGGLVQPGGFLRFSCVASESIFSSNAMGWYRQAPGKQRELVAVIRSGGSTRYADSVKGRFTISRDNAKNMVYLQMNSLKPEDTAVYYCNTFPLPIRDNWGQGTMVFVSS
seq10647,QVQLQESGGGSVQAGGSLRLSCADSGYTFSDYCMGWFRQAPGKEREGVAIISNGGLITRYADSVKGRFTVSRDNAKNTLYLEMNSLKPEDTATYFCAKGSYTCNPDRWSQVSDYKYGGQGTQVTVSS
seq10648,EVQLVESGGGLVQPGGSLTLSCAASGTSVWLLSMAWYRQAPGKKRELVAGISYDGSTVYVESVKGRFTISRDNAKNSVYLQMNSLRAEDTAVYYCYAYSWTTRQPYWGQGTLVTVSS
seq10649,EVQLVESGGGLVQPGGSLTLSCVASGSTSSINAIGWYRRAPGKQRELVAGISSDGSSVYADSVKGRFTISRDNAKNSVYLQMNSLRAEDTAVYYCYYFRRVSGSSMRYWGQGTLVTVSS
seq10650,DVQLVESGGGLVQPGGSLRLSCAASTFTFSTYDMSWVRQAPGKGPEWVSAIDSAGSTYYADSVKGQFTISRDNAKNTLYLQMNSLKPEDTAVYYCATEGEKDKYLEVWGQGTLVTVSS
seq10651,EVQLVESGGGLVQPGGSLTLSCAASGSSVTFLSMAWYRQAPGKKRELVAGISADGSTVYIDSVKGRFTISRDNAKNSVYLQMNSLRAEDTAVYYCYAYRWTTRGTYWGQGTLVTVSS
seq10652,EVQLVESGGGLVQPGGSLTLSCAASGSSVRFLSMAWYRQAPGKKRELVAGISADGSTVYIDSVKGRFTISRDNAKNSVYLQMNSLRAEDTAVYYCYAYRWPTRYTYWGQGTLVTVSS
seq10653,VHLVESGGGSVQAGGSLRLSCAASGYTYSRHCLGWFRQTPGKEREAVATIDSDGSTSYADSVKGRFTISSDNAKNTLYLQMNSLKPEDTAMYYCAIGPNPRYCSGAPNTRGAEHYFGYWAQGTQVTVSS
seq10654,EVQLVESGGGLVQPGGSLRLSCTASGNIFSRYIMGWYRQAPGKQRELVADITPGGNTNYADSVKGRFSISRDGAKNTVDLQMNSLRPEDTAVYYCNALGSDKLLIRTYWGQGTQVTVSS
seq10655,QVQLQESGGGLVQAGGSLRLSCAASGRTGSTYDMGWFRQAPGKERESVAAINWDSARTYYASSVRGRFTISRDNAKKTVYLQMNSLKPEDTAVYTCGAGEGGTWDSWGQGTQVTVSS
seq10656,EVQLVESGGGLVQAGGSLRLSCAASGFTFDDYAIGWFRQAPGKEREAVSCISSSDGTTYYADSVKGRFTISSDNAKNTVYLTMNNLKPEDTAVYYCAADLLSTVVGCLYYGGSYYPRTTIDYWGKGTLVTVSS
seq10657,EVQLVESGGALVQPGGSLRLSCAASGFTFDDYAMSWVRQAPGKGLEWVSHISGNGHSTFYAESMKGRFTISRDNAKNTLYLQMNSLKSEDTAVYYCAKDDYGSGLYAYWGQGTQVTVSS
seq10658,QVKLEESGGGLVQAGGSLTLSCVASGSHFSFNDMGWYRQDPWKGRDLVAAITSSRNTLYVDSVKGRFTISRDDAKNTVYLQMNNLKPEDTAVYYCNPYPSPNNYWGQGTQVTVSS
seq10659,EVQLVESGGGTVQAGDSLRLSCAASGRSFSSVAMGWFRQAPGKQREFLAGVGYDGSSIRYAESVKGRFTIARGNRESTVFLQMENLKPEDTAVYFCTAEPIGAYEGLWTYWGQGTQVTVSS
seq10660,DVQLVESGGGLVQPGGSLRLSCAASGFTFSRYWMGWFRQAPGKGVEWVSTINSGGGSTYYADSVKGRFTISRDNAKNTLYLQLNNLKTEDTAMYYCAKEQWRTGSRGQGTQVTVSS
seq10661,QVQLVESGGGSVQAGGSLRLSCTAPGFTFNRCGMAWYRQAAGKEREWISSINTDGGGSYADVVKGRFTISQDKAKDKVYLQMNNLKPEDTAMYSCKTQLSPEFGKQCASNWGQGTQVTVSS
seq10662,EVQLVESGGGVVQPGGSLRLSCAASGGTFSFYGMGWFRQAPGKEREFVADIRTSAGRTYYADSVKGRFTISRDVSKNTVYLQMNSLRPEDTALYYCAAEPSGISGWDYWGQGTLVTVSS
seq10663,QVQLQESGGGLVQAGGSLRLSCVASGHTFSSYTMGWFRQAPGKEREFVAFIDWSGGGTYYANSVKGRFTISRDNAENTVYLQMNNLKPEDTAVYYCAAAQRLGSVTDYTKYDYWGQGTQVTVSS
seq10664,EVQLVESGGGLVQPGGSLRLSCAASRSIRSVSVMGWYRLAPGNQRELVATITADGITNYADSVKGRFTVSRDNGRNTVYLQMNSLKPEDTAVYYCNVDRLLYYSSGYYQTSVDVWGQGTQVTVSS
seq10665,EVQLVESGGGLVQPGGSLRLSCAASGADFDDYAIGWFRQAPGKEREGVSYIGCDDGAQYYAGSVKGRFTISCDYAKNTVYLQMNSLKPEDTAVYYCAAANQWTTIRWVHEYDYDIWGQGTQVTVSS
seq10666,QVQLVESGGGLVQPGGSLRLSCAASGFAFRGFGMSWVRQAPGKGFEWVSSINNGGSDTRYADSVKGRFTISRDNARNTLYLQMNSLKPEDTAVYYCAIGGPGASPSGQGTQVTVSS
seq10667,QVQLQESGGGLVQAGGSLRLSCAVSGNTLSRYAMGWFRQTPGNEREFVAAIRWNEGATYYADAVEGRFTISRDSGKNTVYLQMNNLKPEDTAVYYCAGRFLGYASSNAYHEALYNYDYWGQGTQVTVSS
seq10668,VQLQESGGGLVQAGGSLRLSCVASVNIGSLNSMVWYRQSPGKQRELVAGITGSGQITYANSVRGRFTVSRDIAKSTAYLQMNTLKPEDTAVYYCAAYDRSATAYWGQGTQVTVSS
seq10669,EVQLVESGGGLVQAGGSLRLSCAASGFTLDDYAIGWFRQAPGKEREGVSSIRDNDGSTYYADSVKGRFIISSDNDKNTVYLQMNNLKPEDTAVYYCAAVPAGRLRYGEQWYPIYEYDAWGQGTLVTVSS
seq10670,ASGGGLVQAGGSLRLSCAASTPTFSIYAMGWFRQAPGKEREFVAAIHWSGSSTRYADSLKGRFTISRDNAKNTVYLQMNSLKPEDTAVYYCAASDGALVVRSDMYDYWGQGTQVT
seq10671,VQLVESGGGVVQPGGSLRLSCAASDSIDSLVNMGWYRQAPGKQRELVALIANYITHYADFVKGRFTISRDNSKNTLYLQMNSLRAEDTAVYYCYARNIIVDYWGQGTLVTV
seq10672,EVQLVESGGGLVQPGGSLRLSCAASGTTLDYYAMGWFRQAPGKERELVAAISWSGGSTAYADSVKGRFTISADNSKNTAYLQMNSLKPEDTAVYYCAREDYYDSSGYSWGQGTLVTVSS
seq10673,EVQLVESGGGLVQPGGSLRLSCAASGSISVFDAMGWFRQAPGKERELVAGISGSGGDTYYADSVKGRFTISADNSKNTAYLQMNSLKPEDTAVYYCAASPKYSTHSIFDASPYNWGQGTLVTVSS
seq10674,DVQLVESGGGLVQPGGSLRLSCAASGLTFSTYAMGWFRQAPGKEREFVAAISWSGSRTYYADSVKGRFTISRDNSKNTVYLQMNSLRPEDTAVYYCAAYRRPRYSPTGTWDYWGQGTLVTVSS
seq10675,QVQLQESGGGLVQAGGSLRLSCAASGRTFSGYAMGWFRQAPGEEREFVAAISWRGTSTYYGDSAKGRFTISRDNAKNTVYLQMNSLKPEDTAVYYCAAGSHSDYAPDYDYWGQGTQVTVSS
seq10676,QVQLVESGGGSVQAGGSLRLSCVASANTWYSVGWFRLAPGKEREGVATIYRGSFITYYADSVKGRFTISHDNAKNTVYLQMNSLKSEDTAIYYCASKPVYKSGHWTDDRGYTYWGQGTQVTVSS
seq10677,EVQLVESGGGLVQPGGSLRLSCAASGYTYSRKCRGWFRQAPGKGREGVATLYTSSGGTYFDTYADSVRGRFTISRDNAKNTVYLQMNSLRPEDTAVYYCAARLSTDFCGPRADFDYWGQGTLVTVSS
seq10678,EVQLAESGGGSVQAGGSLRLSCAASGFTFSRNTMGWFRQAPGKEREGVAAIPYTSTGIVYSDSVGGRFTISRDNTKNMVYLQMNNLEPEDTAMYYCATDRRPGTTMLAVNGYNHWGQGTQVTVSS
seq10679,QVQLVESGGGLVQAGGSLRLSCAASGSTSDINIMAWYRQASGKQRELVANKARGGLPKYGDFVKGRFAISRDNAKNIVYLQMNSLKPEDTAVYYCNAVTDWALGDYWGQGTQVTVSS
seq10680,EVQLVESGGGLVQPGGSLRLSCAASGFIFGSYDMSWVRQAPGKGPEWVSGINSGGGSTGYADSVKGRFTISRDNAKNTLYLQMNSLKPEDTAVYYCSTNLYPTTDDVWGQGTQVTVSS
seq10681,EVQLVESGGGLVQAGVSLRLSCAASGRAFSNFDMGWFRQAPGREREFVAAINRSGSSTYVSASVKGRFTISRDNAKNTMSLQMNNLKPEDTAVYVCATGLLFPSSAERNYDYWGQGTQVTVSS
seq10682,EVQLVESGGGSVQAGDSLRLSCTTSGFTFANSVMVWYRQGSGNECKLVSSISTDGTTYYSTSVKGRFTISRDNAKNTVYLQMNNLKAEDTAMYYCAADFQASTVGRCDGYGYAKWGQGTQVTVSS
seq10683,ESGGGLVQAGGSLRLSCAASGLIFSINAMAWYRQAPGNQRELVARITTGGSTNYADSVKGRFTISRDNAKNTVYLQMNSLKPEDTAVYFCAADVRFGERTPYWGQGTQVTVSS
seq10684,QVQLQESGGGLVQAGGSLRLSCVASGFNSGSYTIGWFRQAPGKEREGVSCIDSADGTTYYAESVKGRFTISSDSAKNTVYLQMNNMNPEDTAAYYCAADSLQCRPWADYLSYPMDYWGKGILVTVSS
seq10685,EVQLVESGGGLVQAGGSLRLSCVASGSISSITAMGWHRQAPGAQREGVAIISRSGATMLVDSVKGRFTIVQDNAKNTVYLQMNSLKVEDTAVYGCSAITQGRTYWGQGTQVTVSS
seq10686,QVQLVESGGGLVQPGGSLGLSCVVASERSINNYGMGWYRQAPGKQRELVAQISSGGTTNYADSVEGRFTISRDNVKKMVHLQVNSLKPEDTAVYYCNSLLRTFSWGQGTQVTVSS
seq10687,QVQLQESGGGLVQAGGSLTLSCAASGSFSSINAMGYYRQAPGKQRELVAAITNGGRIAYSDSAKGRFTISRDSAKNTMYLQMNSLKPEDTDVYYCNAKASPVYGSTVEDYWGQGTQVTVSS
seq10688,EVQLVESGGGLVQPGRSLTLSCAASTNIFSGSPMGWYRQAPGKQRELVAAIHGNSTLYADSVKGRFTISRDNAKNSIYLQMNSLRPEDTALYYCNKVPWGDYHPGNVYWGQGTQVTVSS
seq10689,EVQLVESGGGLVQAGGSLRLSCAASGRIFSLPASGNIFNLLTIAWYRQAPGMQRELVATINSGSRTNYADSVKGRFTISRDNAQKTVYLQMNNLKPEDTAVYYCQTSGSGSPNFWGQGTQVTVSS
seq10690,EVQLVESGGGVVQPGGSLKLSCVASGTDFSINFIRWYRQAPGKQREFVAGFTATGATNYADSMKGRFTISRDNTKNAVYLQIDSLKPEDTAVYYCYMLDKWGQGTQVTVSS
seq10691,QVQPVESGGGLVQPGGSLRLSCVVSGSDFTEDAMAWYRQASGKERESVAFVSKDGKRILYLDSVRGRFTISRDIYKKTVYLQMDNLKPEDTGVYYCNSAPGAARNVWGQGTQVTVSS
seq10692,EVQLVESGGGLVQPGGSLTLSCAASGSSVRFLSMAWYRQAPGKKRELVAGISATGSTDYIDSVKGRFTISRDNAKNSVYLQMNSLRAEDTAVYYCYAYRWTRRYTYWGQGTLVTVSS
seq10693,EVQLVESGGGLVQAGGSLRLSCTASGRTFSDYTMAWFRQAPGKERELVAAIGSVTDYADSVKGRFTISRDNAKNTVSLQMNSLKPEDTAVYYCAAKHRTRTRGYVNWGQGTQVTVSS
seq10694,EVQVVESGGGLVQPGGSLRLSCAASGFTLDYYYIGWFRQAPGKEREGVSCISSSDGSTDYADSVKGRFAISRDNAKKTVYLQMNSLKPEDTAVYYCAAEGSWNFDAMRPCSIQEADFGSWGQGTQVTVSS
seq10695,VQLQASGGGLVQAGASLRLSCAASGRTFSTYAMGWFRQAPGKEREFVATISWSGVSTYYADSVKGRFTISRDNAKNTVYLQMNSLKPEDTAVYYCNVGSPLNYWGQGTQVTVSS
seq10696,EVQLVESGGGLVLAGGSLRLSCVHSGPTFRTDTMGWFRQAPGKEREFVAAVTWNSGRINYADSVKGRFTVSRDNTRNAAYLQMSGLKDEDTAVYYCTAHRFVVGGNMVWDWRYWGQGTQVTVSS
seq10697,EVQLVESGGGLVQPGGSLRLSCAASGLAFSNYVMRWFRQVPGKQRELVAAVHTGGSSNTIDSVKGRFTISRDNAKNTVYLQMNSLKPEDTAVYFCNAYADSTNYWGRGTQVTVSS
seq10698,VQLQESGGGLVQAGGSLRLSCAASGSIDSINAMGWYRPALGEQRELVAAITTGGRTAYVDSVKGRFTISRDAAKNTVYLQMNSLKPEDTAVYSCKAFTRDTDYWGQGTQVTVSS
seq10699,QVQLQESGGGLVQAGGSLRLSCAVSGNTLSRYAMGWFRQVLGNEREFVAAIRWNNGNTYYADSVEGRFTISRDSAKNTVYLQMNSLQPEDTAVYYCAARFLPYASSNAYHESLYNYDYWGQGTQVTVSS
seq10700,QVQLVESGGGLVQAGGSLRLSCAASGRTFSNYGMGWFRQAPGKEREFVTSISWSGTYTAYSDNVKGRFTISRDNAKNTVYLQMDSLKPEDTAVYYCAAQSRYRSNYYDHDDKYAYWGQGTQVTVSS
seq10701,ELQVVESGGGLVQAGASLRLSCVASGRTFSSYSMAWFRQAPGKEREFVATVSNWNDYITTYADSVKGRFTISRDNAKNTVSLQMNGLKPEDTAVYYCAARTGAPRVTSGQYDYWGQGTQVTVSS
seq10702,QVQLVESGGGLVQAGGSLRLSCAASGRTFSTSAMGWFRQAPGREREFVAAITWTVGNTIYGDSMKGRFTISRDRTKNTVDLQMDSLKPEDTAVYYCTARSRGFVLSDLRSVDSFDYKGQGTQVTVS
seq10703,EVQLQESGGGLVQPGGSLRLSCAASGFTFSSYWMYWLRQAPGKGLEWVSSINSSSSSTYYRDSVKGRFTISRDNAKNTLYLQMNSLKSEDTAVYYCAKDPGGYAKGQGTQVTVS
seq10704,QVQLVESGGGLVQAGGSLRLSCAASGSIFSINAMAWYRHRPGMQRERVAAISSGGTTSYADSVKGRFTISRDNARDTLYLQMNSLKPEDTAMYYCAACPGDYTSTICNSDGMDYWGKGTLVTVSS
seq10705,EVQLVESGGGEVQPGGSLRLSCAASGRPFSSSAMGWFRQAPGKERETVAAVSRNTGSSYYAESVKGRFTISRDNAKNTVYLQMSSLRAEDTAVYYCAARSAAYSRSSETYTEKHDYTYWGQGTLVTVKP
seq10706,QVQLQESGGGLVVAGGSLRLSCAASGSSVSFLSMAWYRQAPGKKRELVAGISVDGSTNYADSVKGRFTISRDNAENTVYLQMNSLQPEDTAVYYCYAYRWEGRDTYWGQGTQVTVSS
seq10707,QVQLVESGGGLVQAGGSLRLACAASGRTSGSYAIGWFRQAPGKEREFAAAISFTAGVTYYSNSVKGRFTISRDSAKNTAYLQMNTLKPEDTAVYYCATLPSLVLILTAKPNIGYWGQGTQVTVSS
seq10708,QVQLQESGGGLVQPGGSLRLSCAASGFTFSAYGMSWVRQAPGKGFEWVSTINSGGGTTFYADSVKGRFTISRDNAKNTLYLQLNSLRTEDTAMYYCRRCADIYCSLSGGWTGQGTQVTVSS
seq10709,QVQLQESGGGSVQAGGTLRLSCAVSGVTYSPHCMGWFRQAPGKEREGVAAIYNGGGSTAYADSVKGRFTISQDNAKNTVYLQMNSLKPEDTAMYYCGAGSPRFCASATMTGGHHLFGYWGQGTQVTVSS
seq10710,EVQLVESGGGLVQPGGSLRLSCAASGGTFSFYNMGWFRQAPGKEREFVAFISGNGGTSYADSVKGRFTISADNSKNTAYLQMNSLKPEDTAVYYCAVVAMRMVTTEGPDVLDVWGQGTLVTVSS
seq10711,EVQLVESGGGLVQAGGSLRLSCAASGRPFSTLAMGWFRQAPGKEREFVAALGLTGTRTRYADSVQGRFIISRENAKAAVLLQMDSLKPEDTAVYYCAARTAYYTGRRGYNEKEYEYWGQGTLVTVSS
seq10712,EVQLVESGGGLVQAGGSLRLSCAASGFTFDDYAIGWFRQAPGKEREGVSCISSSDGSTYYADSVKGRFTISSDNAKNTVYLQMNSLKPEDTAVYYCAAPLLRGGCPITYYSGSYPHVYHAMDYWGKGTLVTVSS
seq10713,EVQLVESGGGLVQPGGSLRLSCAASGRTFITYAIGWFRQAPGKGREFVSAISWSGSMTSYADSVKGRFTISRDNAKNTLYLQMNSLRPEDTAVYYCAAHRGAIAPIAQSVYTNWGQGTLVTVSS
seq10714,EVQLVESGGGLVQPGGSLRLSCAASGLGIAFSRRTMAWYRQAPGKQRDWVATIAGDGSTVYADSMKGRFTISRDNAKNTVYLQVNSLKPEDTAVYYCWDTNGDYWGQGTQVTVSS
seq10715,QVQLQESGGGLVQPGGSLRVSCAASGLTFSDYAMGWFRQAPGQEREFVARISLTAASTLYADSVRGRFTISRDNAKNTVYLQMNSLRPDDTAVYYCAAQGRILRGRGLFKASDYDYWGQGTQVTVSS
seq10716,EVQLVESGGGLVQAGGSLRLSCAASGRTYYLNAMGWFRQGPGKDREFVAAIDWSYGNKDYADSVKGRFTISRDNAKNTVYLQMNSLKPEDTAVYYCAADTPPWGPMIYIESYDSWGQGTLVTVSS
seq10717,QVQLQESGGGLVQAGGSLRLSCAASESIFSINVMAWHRQAPGKQRELVARITSGGSTNYADSVKGRFTISRDNAKNTVYLQMNSLKPEDTGVYYCGAYQGLYAYWGQGTQVTVSS
seq10718,EVQLVESGGGLVQAGGSLRLSCAASGFTLDDYAKGWFRQAPGKEREGVSCISSSDGSTYYADSVKGRFTISSDNAKNTVYLQMNSLKPEDTAVYYCAALPLPHCPPPPSLYYSGSFYPDDYWGQGTQVTVSS
seq10719,EVQLVESGGGFVQTGGSPRLSCAASGRSFSEYAAAWFRQSPGKERDLVAGIMWDGRSLFYADSVKGRFTISRDNAKNTLHLQMNSLKPEDTAVYYCAYHKTPYTTLELNRPHAFGSWGQGTQVTVSS
seq10720,QVQLLESGGGLVQPGGSLRLSCAASGRTFSSQSMGWFRQAPGKEREFVSAISWTGANPTYADSVKGRFTISRDNSKNTLYLQMNSLRAEDTAVYYCAADTSGGSYYYERATAETSYDYWGQGTLVTVSS
seq10721,EVQLVESGGGLVQPGGSLRLSCAASQSTLESYAIGWFRQAPGKDSEGVACISSSTYYADSVKGRFTISRDNAKNTVYLQMESLKPEDTAVYHCATSGAGSYCTLRAFGSWGQGTQVTVSS
seq10722,EVQLMESGGGLVQAGGSLRLSCAVSGRTFESYRMGWFRQAPGKEREFVSLINWSSGKTIYADSVKGRFTISGDNAKDTVYLEMNSLKPEDTAVYYCAVGRAWSGSYYSALAYQYWGQGTQVTVSS
seq10723,EVQLVESGGGLVQPGGSLRLSCAASGFTFGSYAMSWVRQAPGKGPEWVAHINSGGGSKFYADSVKGRFTISRDNAKNTLYLQMNSLKPEDAAVYYCARALLSVPIPWYDYWGQGTQVTVSS
seq10724,QVQLQESGGGLVQAGGFLRFSCVAPGSIFSGNDMGWYRRAPGKQRDLVAVFTNGGSTNYADSVKGRFTISRDYAKNTMYLQMHSLKPEDTAVYYCKVDLLAVDADPYRYFEVWGQGTLVTVSS
seq10725,QVQLVESGGGSVQAGGSLTLSCTASGFTFADADIGWYKESPGKQCELVSSIGSDGRKWYEEHVKGRFTISRDNAENTVYLQMNNLRPEDTATYACAGFPYGGSLFVCRDDRYSVWGQGTQVTVSS
seq10726,EVQLVESGGGLVQAGASLRLSCVVPGRTFSMYAMGWFRQPPGKEREFVARIMWSDGSTAYANSVAGRFTISRDIAKNTVYLQMDSLKPEDTAVYYCAAAAKWAPTNWAARYAYDSWGQGTQVTVSS
seq10727,EVQLVESGGGLVQPGGSLRLSCAASGTTSSIFAMRWYRQAPGKQRELVASITRSSITTYADSVKGRFTLSRDNAKNTVSLQMNSLKPEDTAVYYCNAAIRPELYSVVNDYWGQGTQVTVSS
seq10728,QVQLVESGGGLVQPGGSLRLSCVVSGGTMNAYAIGWFRQAPGKEREAVSCITSNSKYTNYADSVKGRFTISRDNAKSTAYLQMNSLEPEDTAVYYCAAAQFFNDGHQYCPNPNYWGQGTQVTVSS
seq10729,LQESGGGLVQAGGSLSLSCATSGGASSEYALGWFRQAPGKEREFVAAISWSGGYTYYADSVKGRFTISRDNAKNTMYLQMNSLKPEDTAVYYCVARDYRLWSPYQYEYDYWGQGTQVT
seq10730,EVQLVESGGGLVQPGGSLRLSCAASGFSFDDDYVMGWFRQAPGKERELVAVIGWGGKETWYADSVKGRFTISADNSKNTAYLQMNSLKPEDTAVYYCAAEDPSMGYYTLEEYEYDWGQGTLVTVSS
seq10731,EVQLQQSGGGLVQSGGSLRLSCIASGSTVSGNTMGWYRQAPGKQRELVAVISSVGVSNVAQSVKGRFAISRDNAKSTVYLQMSSLKPEDTAVYYCNALGTGRANWGQGTQVTVSS
seq10732,EVQLVESGGGSVQAGGSLRLSCAASGANGGRSCMGWFRQVPGKEREGVSGISTGGLITYYADSVKGRFTISQDNTKNTLYLQMNSLKPEDTAMYYCATSRFDCYRGSWFNRYMYNSWGQGTLVTVSS
seq10733,EVQLVESGGGLVQPGGSLRLSCAASGFTFSSLAMGWFRQAPGKEREFVAAITWSGDITNYADSVKGRFTITADNSKNTAYLQMNSLKPEDTAVYYCLRLSSSGFDHWGQGTLVTVSS
seq10734,VQLQESGGGSVQAGGSLRLSCAASVYRRHNYCMGWFRQRPGKEREEIAIFDRGDSTSYADSVKGRFTISQDNAKNMLYLQMNSLKPEDTAMYYCATSYPRVVIGTCTGGDFRVWGQGTQVTVSS
seq10735,QVQLQESGGGLVQAGGSLRLSCAASGFAFGNHWMYWYRQAPGRGRELVASISSGGSTNYVDSVKGRFTISRDNARNTVYLQMYSLKPEDTAVYYCGTSDNWGQGTQVTVSS
seq10736,AVQLVESGGGSVQAGESLKLSCTASLFTYCMAWFRQGPGKEREGVAAIDSGGGTYYFDDSMKPRFTISRETAKNTVHLQMTSLKPEDTAIYYCAVGSVVGCLGHTFGFTDWGQGAQDTVSS
seq10737,QVQLQESGGGLVQAGGSLRLSCEASGNVDRIDAMGWFRQAPGKQREFVGYISEGGILNYGDFVKGRFTISRDNAKNTVYLQMSNLKSEDTGVYFCAASHWGTLLIKGIEHWGKGTQVTVSS
seq10738,EVQLVESGGGLVQPGGSLRLSCAASGFTFGEYAMGWFRQAPGKEREFVAAVSSLGPFTRYADSVKGRFTISADNSKNTAYLQMNSLKPEDTAVYYCAAVLDGYSGSWGQGTLVTVSS
seq10739,DVQLVESGGGLVQAGGSLRLSCAISGLTFSRYHMGWYRQAPGREREFVAQITWSDGTTYYPGSVKGRFTISRDNARNTVYLQIDNLKPEDTAIYYCDARKVGGPDYWGQGTQVTVSS
seq10740,EVQLVESGGGLVQAGGSLRLSCAASGFTFSDYDIGWVRQAPGKEREWVSGISSSDGNTYYADSVKGRFTISSDNAKNTLYLQMNSLRPEDTAVYYCAAEPPDSSWYLDGSPEFFKYWGQGTLVTVSS
seq10741,EVQLVESGGGLVQAGGSLRLSCTTSERTVSRYSMGWFRQAPGKEREAVATISWSGDSTYYADSVKGRFTISRDNTKNMLYLQMNSLKPEDTAVYYCVAKPNLKYGSTWPPRGYDYWGQGTQVTVSS
seq10742,EVQLVESGGGLVQAGGSLRLSCAASGVIFRLNAMGWYRAAPGKQRELVAIIINGGSTNYADSVKGRFTISRDSAKNAVYLQMNSLKPEDTAVYYCYYNIPGDVYWGQGTQVTVSS
seq10743,QVKLEESGGGSVQAGGSLRLSCATSGYTYSSNCIGWFRQAPGKEREGVAVIYTSSTFYADSVKGRFTISQDNAKNTVYLQMNSLKPEDTAMYYCAAVGYTDYCKSPWPEAYRFWGQGTQVTVSS
seq10744,EVQLVESGGGLVQAGGSLRLSCAASGRTLTNYDMGWFRQAPGKEREFVATIRWSTSETYYADSVKGRFTISKDNTKNTVALQMNSLTPEDTALYYCAARSVYSYEYNYWGQGTQVTVSS
seq10745,EVQLVESGGGLVQPGRSLTLSCAASTNIFRISPMGWYRQAPGKQRELVAAIHGDSTLYADSVKGRFTISRDNAKNSIYLQMNSLRPEDTALYYCNKVPWGRYHPRNVYWGQGTQVTVSS
seq10746,QVQLVESGGALVQPGGSLRLSCAASGFPVNRYSMRWYRQAPGKEREWVAGMSSAGDRSSYEDSVKGRFTISRDDARNTVYLQMNSLKPEDTAVYYCTCRTNRPCFYDLDLNVCRCSYWGQGTQVTVSS
seq10747,QVQLVESGPGLVKPSQTLSLTCAVSGGSITTNYYYWSWIRQSPGKGLEWMGVIAYDGSTDYSPSLKSRTSISRDTSKNQFSLQLSSVTPEDTAVYYCARDVRVIATGWATANALDAWGQGTLVTVSS
seq10748,EVQLVESGGGLVQPGGSLRLSCAASGFTFGSYDMSWVRQAPGKGPEWVSAINSGGGSTYYADSVKGRFTISRDNAKNTLYLQMNSLKPEDTAVYYCATDWRYSDYDLPLPPPGDYWGQGTQVTVSS
seq10749,QVQLQESGGGLVQPGGFLRFSCAASGSIFRINVMGWYRQTPGKQRESVATISSGGSTNYADSVKGRFTISRDNAKNTVYLQMNDLKVEDTAVYYCHCVKGSARRYVYWGQGTQVTVSS
seq10750,EVQLVESGGGLVQAGGSLRLSCAASGFTFDDYAIGWFRQAPGKEREGVSCISSSDGSTYYADSVKGRFTISSNNAKNRAYLQMNSLKPEDTAVYYCAVRLFRGGCAVVAGTSWADFGSSGQGTQVTVSS
seq10751,QVQLQESGGGLVQAGGSLRLSCVASGTSGLTFRSFGLGWFRQAPGKEREFVGAISMTGGTIYNPDSSKGRFTISRDNAKNTVYLQMNMLKAEDTAVYYCAVNGLGLNYDYWGQGTQVTVSS
seq10752,EVQLVESGGGLVQPGRSLTLSCAASTNITSISPMGWYRQAPGKQRELVAAIHGVSTLYADSVKGRFTISRDNAKNSIYLQMNSLRPEDTALYYCNKVPWGDYHPRNVQWGQGTQVTVSS
seq10753,EVQLQASGGGLVQPGGSLRVSCAASGFTFSRHQMSWVRQAPGKGLEYVSHIDTGGGSTWYAASVKGRFTVSRDDAKNTLYLQMNNLKPEDTAVYYCATTNRGIFDYWGQGTQVTVSS
seq10754,EVQLVESGGGLVQAGGSLRLSCESSISTFSSDAMGWFRQAPGKGLEWLAAIGWSGAVTHYSDSVKGRFTISRDNAKNTVYLQMNSLRAEDTGRYYCAEDYDTDVWQYWGQGTQVTVSS
seq10755,EVQLVESGGGLVQPGGSLRLSCAASGRTSSIYNMGWFRQAPGKEREFVAAISRSGRSTSYADSVKGRFTISADNSKNTAYLQMNSLKPEDTAVYYCAAIVTYSDYDLGNDWGQGTLVTVSS
seq10756,VQLQESGGGSVQAGGSLRLSCRTSGYTNNLKSMAWFRQAPGKEREAVASIHNNGGPTYDYYAESVKGRFAISQDNAKNTLYLQMSSAKPEDTAVYYCAADNRFLGSGSWRLPSLYNYWGQGTQVTVSS
seq10757,QVQLQESGGGLVTAGGSLRLSCAASRNFFTFRAMGWYRQAPGKQREMVASITTGGRTVYADSVKGRFTISKSNANNTVYLQMNSLEAEDTAVYYCNARRRFPVPGPTDYWGRGTLVTVSS
seq10758,QLQASGGGFVQPGGSLRLSCAASGRTSRFYSMGWFRQAPGKEREFVSAISFNSDYFLYYADSVKGRFTISRDNSKNTVYLQMNSLRAEDTATYYCAAWWYRYTEGMTMYWGQGTQVTVSS
seq10759,EVQLVESGGGLVQAGGSLRLSCTASGRALDTYTVTWFRQTPGKEREFVASNRWNAKPYTTDSVKGRFTISRDNAKNTVYLQMNSLKPEDTAVYYCAADLTTWADGPYRYWGQGTQVTVSS
seq10760,EVQLVESGGGLVQAGGSLRLSCAASGSSFSSYAMGWYRQAPGKQRELVAVISSGDRTNYLDSVKGRFTISRDNAKNTVYLQMNSLKPEDTAVYYCFYSGSYYYPTDVHEYAYWGQGTQVTVSS
seq10761,EVQLVESGGGLVQPGGSLTLSCVASGSTSSINAMGWYRRAPGKQRELVAGISSDGSKVYEDSVKGRFTISRDNAKNSVYLQMNSLRAEDTAVYYCYYFRTVSGSSMRYWGQGTLVTVSS
seq10762,EVQLVESGGGLVQTGQSLRLSCAAAGRTFSVYAMGWFRQAPGKEREFVASVSWRTGFPNYADSVKGRFTISRDNAKNTVYLQMNNLIPADAAVYYCASRSGLWVGAPPSDPSHYDYWGQGTQVTVSS
seq10763,EVQLVESGGGLVQAGDSLRLSCAASGRSLGIYRMGWFRQVPGKEREFVAAISWSGGTTRYLDSVKGRFTISRDSTKNAVYLQMNSLKPEDTAVYYCAVDSSGRLYWTLSTSYDYWGQGTQVTVSS
seq10764,QVQLQESGGGLVQAGGSLRLSCAASGRTFGIYSMAWFRQPPGKEREFVAAMSWRGISTSYADSVKGRFTISRDNAKNTVYLQMNSLQPEDTAVYFCAAGSNWLDPTWAQSPSNYHYWGQGTQVTVSS
seq10765,EVQLLESGGGEVQPGGSLRLSCAASGFSFSINAMGWYRQAPGKRREFVAAIESGSNTVYAESVKGRFTISRDNAKNTVYLQMSSLRAEDTAVYYCGLLKGNRVVSPSVAYWGQGTLVTVKP
seq10766,EVQLVESGGGLVQAGGSLRLSCAASGLTDDDFAIGWFRQAPGKEPEGVSCISSSDGSTYYADSVKGRFTISSDNAKNTVYLQMNSLKPEDTAVYFCTALFDRCGSTWYYGMDYWGKGTQVTVSS
seq10767,EVQLVESGGGLVQPGGSLRLSCAASGSSSSINAMGWYRQAPGKQREMVALITSGAAISYASFVKGRFTISRDKAKNTAYLQMNSLKPEDTAVYYCNMKYRRRGVDADFWGQGTQVTVSS
seq10768,EVQLVESGGGLVQPGGSLRLSCAASGRTLSTVNMGWFRQAPGKEREFVGAISRSGETTWYADSVKGRFTISADNSKNTAYLQMNSLKPEDTAVYYCAVDCPDYYSDYECPLEWGQGTLVTVSS
seq10769,EVQLVESGGGLVQAGGSLRLSCAASGRTFSSYPMGWFRQAPGKERKFVAGISQSSSSTAYSDSVKGRFTISRENAKNTVYLQMNSLKPEDTAVYYCAARGRTLALRDYAYTTEVGYDDWGQGTQVTVSS
seq10770,QVQLQESGGGLVQPGGSLRLSCAASGFTFRSSAMSWVRQVPGKGLEWVSSIGSDGENIYYADAVKGRFTISRDNAKNTMYLQMNSLKLEDTAVYYCQLGRTVLDYFKGQGTQVTVSS
seq10771,DVQLVESGGGSVEAGGSLRLSCVASDSGGACMGWFRQAPGKETEGVATIYTTAGIPNYAASVKGRFTISLDKAKNTLYLQMNALAPDDTATYFCARLKYPCGSASMLSHLPPGAARGQGTLVTVST
seq10772,EVQLVESGGCLVQPGGSLRLSCAASGFTFDDYGMSWVRQAPGKALEWVSAISWNGNNTYYTESMKGRFTISRDNAKNTLYLQMNSLRPEDTAVYYCVKGSTAIVGVPPTYPDEYDYWGQGTLVTVSS
seq10773,EVQLVESGGGLVQAGGSLRLSCAASGSFFRVNVMAWYRQGPGKQRELVADITRGDRTNYADSVNGRFTISRDNVRNTVYLQMNGLKPEDTAVYYCYATIELGVLEPRDYWGQGTQVTVSS
seq10774,QVQLQESGGGLVQPGGSLRLSCAASRFTLDYYAIGWFRQAPGKEREFVAAVTWSGASPYYADSVKGRFTISRDNAKNTVYLQMNSLKPEDTAVYYCAANPTYSGGWHAEYWGQGTQVTVSS
seq10775,EVQLVESGGGLVQAGGSLRLSCAASGLTFSSYTMAWYRQAPGKEREVVAAISSGDSIYHEGSVQGRFIISRDNAKNTVYLQMNSLKAEDTAVYYCRANGPGTYWGQGTQVTVSS
seq10776,QVKLEESGGGLVQAGGSLKLSCAASGSTFSSSSVGWYRQAPGQQRELVAAITSGGSTNTADSVKGRFTMSRDNAKNTVYLQMRDLKPEDTAVYYCNVAGRNWVPISRYSPGPYWGQGTQVTVSS
seq10777,EVQLVESGGGLVQPGGSLRLSCAASGRTFNNYAMGWFRQAPGKEREFVAAITRSGVRSGVSAIYGDSVKDRFTISRDNAKNTLYLQMNSLRPEDTAVYYCAASAIGSGALRRFEYDYSGQGTLVTVSS
seq10778,QVQLVESGGGLVQPGGSLRVSCVASGNISSVAAMAWYRQRPEKRRELVAVITNSGGTAYTDSVRGRFTISRDNVKSTVYLQMNNLKPEDTAVYYCNARGLDAGSGRIDYWGQGTQVTVSS
seq10779,QVQLQESGGGLVEAGGSLRLSCVASRNIFGVAHMTWYRQAPGKERELVATVSSSGTTNHVDSVKGRFTISRDNSKTALYLQMNTLKPEDTAVYVCRIATNVPPYNYWGQGIQVTVSS
seq10780,EVQLVESGGGLVQAGGSLRLSCVASGIPSIHAMAWYRQAPGKQRDWGATTYSRGGTTYNDSAKGRFTISRDNAKKTVYLQMNSLKPEDTAVYYCRDVNRDYWGQGTQVTVSS
seq10781,EVQLVESGGGSVQAGGSLRLSCVVSGYRYSFCSMAWYRQAPGKERELVSSTIDDGSTYYADSVKGRFTISQDNAKKTVYLQMNNLKPEDTAMYYCKIVVGGYCYHPYTMDYWGKGTLVTISS
seq10782,EVQLVESGGGVVQPGGSLRLSCTGSRSIFSTYAMAWHRQAPGKQRELVGFIYWGGTTTYADSVKGRFTISRDNSKNTLYLQMNSLRPEDTALYYCNIYGSYALPWGQGTLVTVSS
seq10783,QVQLVESGGGLVQPGGSLRLSCAVSGLTLDFKGIGWFRQAPGKEREGVSCINPSDSSAAYADSVKGRFTISRDNAKNTVYLQMNNLQPEDTAVYYCVAFEQKNIYCSGYSLTLSARGVMDHWGKGTLVTVSS
seq10784,MAESGGGSVQTGGSLRLSCAYTASSVCMAWFRQAPGKEREGVAVTRDGLPQTGYADSVKGRFAISQDYAKKTLYLQMSSLKPEDTARYYCAARPTSPCTVDGELLASTYDYWGQGTQVTV
seq10785,QVQLQESGGGLVQAGGSLRLSCTASGRTFSSLDMGWFRQAPGKEREFVAGISRSGISQYYADSMKGRFTISRDNAKNLVYLQMNSLKPEDTAVYYCAAALTFRGSDLPRDSNYWGQGTQVTVSS
seq10786,QVQLQQSGPGLVKPSETLSLTCTVSDGAITGSYYVWSWIRQPPGKGLEWMGVITYDGSTYYNPSLESRTSISRDTSKNQFSLQLDSVTREDTAVYYCARAGEEYICSGYGCHGSLGLDYWGKGTLVTVSS
seq10787,QVQLVESGGGLVQTGGSLRLSCAASGRTSSTYAMGWFRQAPGKEREFVGGVNWSGRVLTYGDFVKGRFTISRDNAKNMVYLQMNSLKFEDTAVYYCAADYRTFGPGMNEYWGQGTQVTVSS
seq10788,EVQLVESGGGLVQPGGSLRLSCAASGFIFSAYFMGWFRQAPGKGRELVAAINSNDDITYYPDSVEGRFTISRDNAKRMVYLQMNSLRAEDTAVYYCAAWLGAENYGYWGQGTQVTVSS
seq10789,GGGSVQVGGSLRLSCVASTHTDSSTCIGWFRQAPGKEREGVASIYFGDGGTNYRDSVKGRFTISQLNAQNTVYLQMNSLKPEDSAMYYCAITEIEWYGCNLRTTFTRWGQGTQVTVSS
seq10790,EVQLVESGGGLVQAGGSLRLACQASRAIERIVGWYRQAPGKQRELVAAITVPGITNYTDSVKDRFTISRDSAKNTVYLQMNKLKPEDTAVYYCAAPTYGRGQGTQVTVSS
seq10791,LQESGGGSVQAGGSLRLSCAASGGAFSGLVMGWFRQVPGKEREFVAQINRHGDTPSYADAVKGRFSISRDNAKNTVYLQMNSLKPDDTAVYFCASRRAFRLSSDYEYWGQGTQVT
seq10792,DVQLVESGGGLVQPGGSLRLSCAASGFAFDDYAIGWFRQAPGEEREGVSSISSTYGLTYYADSVKGRFTISSDNSKNTVYLQMNSLRPEDTALYYCAATPIGLIGLDAYEYDYWGQGTLVKVSS
seq10793,EVQLVESGGGVVQAGGSLRLSCAASGSIASIHAMGWFRQAPGKEREFVAVITWSGGITYYADSVKGRFTISRDNAKNTVYLQMNSLKPEDTALYYCAGDKHQSSWYDYWGQGTLVQVSS
seq10794,DVQLLESGGGVVQPGGSLRLSCAASGRIFSLPASGNIFNLLTIAWYRQAPGKGRELVATINSGSRTYYADSVKGRFTISRDNSKKTVYLQMNSLRPEDTALYYCQTSGSGSPNFWGQGTLVTVSS
seq10795,EVQLVESGGGSVQAGGSLRLSCAASGYIGSFQCVGWFRQSPGKERELVSGITSDGAATYYADPVKGRFTISRDNAELTLNLQMNSLKPEDTAVYYCANWVLDYAMDNWTKGTLVTISS
seq10796,QVQLVESGGALVQPGGSLRLSCAASGFPVNRYSMRWYRQAPGKEREWVAGMSSAGDRSSYEDSVKGRFTISRDDARNTVYLQMNSLKPEDTAVYYCSNGDGTLDAGSYWGQGTQVTVSS
seq10797,VQLQESGGGSVQAGGSLRLSCAASGYTWSRNWMGWFRQAPGKEREGFATITISGGSTWYADSVKGRFTISLDNAGNTVYLQMNSLKPEDTAMYYCAARDTARTYWGQGTQVTVSS
seq10798,QVQLVESGGGLVQPGGSLRLSCAASGGTFSSYPMGWFRQAPGKEREFVAAISWSGGSTYYADSTKGRFTISRDSARNTVYLQMNSLKPEDTAVYYCAANTHFSGAFEHARTYDYWGQGTQVTVSS
seq10799,EVQLVESGGGLVQPGGSLRLSCAASGLTLDYYALGWFRQAPGKEREGVSCISSSDHTTTYTDSVKGRFTISWDNAKNTLYLQMNSLKPEDTAVYYCAADPALGCYSGSYYPRYDFWGQGTQVTVSS
seq10800,QVQLVESGGGLVQAGGSLRLSCAASGSIFAINEINLMGWYRQAPGKQRELVAACASDGNTYYADSVKGRFTISRDNAEKTVYLQMNNLKPDDTAVYYCDANSRGNYYSGQGTLVTVSS
seq10801,EVQLVESGGGLVQPGGSLTLSCAASRFMISEYSMHWVRQAPGKGLEWVSTINPAGTTDYAESVKGRFTISRDNAKNTLYLQMNSLKPEDTAVYYCDGYGYRGQGTQVTVSS
seq10802,EVQLVESGGGSVQAGGSLRLSCAASRSIGRLDRMGWYRHRPGEPRELVATITGGSSINYGDSVKGRFTISIDNSKNTVYLQMNSLRPEDTAVYYCNFNKYVTSRDTWGQGTLVQVGG
seq10803,GGGLVQPGGSLRLSCAASGFTFSNLGMHWVRQAPGKGLEWVSAINAGGSTTYYTDSVKGRFTISRDNAKNTLYLQMNSLKPEDTAVYHCAKLGGDTWYVDYWAKGTLVTVSS
seq10804,EVQLVESGGGLVQAGGSLRLSCAASGITFSINTMGWYRQAPGKQRELVALISSIGDTYYADSVKGRFTISRDNAKNTVYLQMNSLKPEDTAVYYCKRFRTAQGTDYWGQGTQVTVSS
seq10805,EVQLVESGGGLVQPGGSLRLSCAASGTIFSISTMGWYRQAPGKQREVVAVTSGFSTNYSSAVKGRFTLSRDPAKNTVFLQMNSLQPEDTATYYCNAYLSLAWRDPDRDYWGQGTQVTVSS
seq10806,EVQLVESGGGSVHVGGSLRLSCAASGSTSRLFCMAWYRHVPGKERERVAAMYTTTIKTYYHDSVKGRFALSRDNAGPTWYLQMDDLKLDDTAMYSCAALPGQCGRQDDEYRYWGQGTQVNVSS
seq10807,QVQLQESGGGSVQTGGSLRLSCAASTSIYSNNYMAWFSQAPGKGREGVAAVYIGDGRPYYADSVKGRFTISLDSARNTVYLQMNSLKPEDTAMYYCAAAPGPLSRHYWYTSANYDYWGQGTQVTVSS
seq10808,EVQLVESGGGEVQPGGSLRLSCAASGSISSYNVMGWYRQAPGKQRELVAQINAYGDTNYANAVVGRFTISRDNAKNTVYLQMSSLRAEDTAVYYCNGQRMLENYTYRDQSWGQGTLVTVKP
seq10809,EVQLVESGGGEVQPGGSLRLSCAASERPFGTYAMGWFRQAPGKERDLVAAVSRNAGASQYAESVKGRFTISRDNAKNTMYLQMSSLRAEDTAVYYCAARSAAYSRSSEVYTGKDEYYYWGQGTLVTVKP
seq10810,EVQLVESGGGLVQAGGSLRLSCAASGFTFGDYAIGWFRQAPGKEREGVSCISISDSSTYYADSVKGRFTISSDNAKNTVYLQMNSLKPEDTAVYYCAADRLAYGLDPNFYDYWGQGTQVTVSS
seq10811,EVQLVESGGGLVQPGGSLRLSCAASGRTFSEPSGYTYTIGWFRQAPGKGREFVARIYWSSGLTYYADSVKGRFTISRDNAKNTVDLQMNSLKPEDTAVYYCAARDGIPTSRSVGSYNYWGQGTQVTVSS
seq10812,EVQLVESGGGLVQAGGSLRLSCAASGRTYYLNAMGWFRQGPGKDREFVAAIDWSDGNKDYADSVKGRFTISRDNAKNTVYLQMNSLKPEDTAVYYCAADTPPWGPLIYIESYDSWGQGTLVTVSS
seq10813,EVQLVESGGGLVQPGGSLRLSCVASGFSLDDYGMTWVRQAPGKGLEWVSSINWSGTHTDYADSVKGRFTISRDNAKNTLFLQMNSLTPEDTAVYYCNQGWKILPAERRGHGTQVTVSS
seq10814,EVQLVESGGGLVQAGGSLRLSCGASGGTFSSYATGWFRQAPGKEREFVAVLRWSDSHTAYADSVEGRFTISRDGAKNTVYLQMSSLKPEDTAIYYCTTGTRPGEWHYWGQGTQVTVSS
seq10815,EVQLVESGGGLVQAGGSLTLSCAASGRTYAMAWFRQAPGKEREFVAHINALGTRTYYSDSVKGRFTISRDNAKNTEYLQMNSLNPEDTAVYYCAAGGQWRAAPVADAAQYDFWGQGTQVTVSS
seq10816,QVQLVESGGGLVQAGGSLRLSCAASGNTSGINLMAWYRQASGKQRELVANIARGGLPKYADSAKGRFTISRDNAKNTMYLQMNSLKPEDTAVYYCNAVWDWKLGDYWGQGTQVTVSS
seq10817,QVQLQESGGGLVQAGGSLRLSCAASGTISSYVYMGWYRQAPGKERELVAAINRGGTTNYADSVKGRFTISRDNAKNTVYLQMNSLKPEDTAVYYCAVRRRYFLDPNTRHVYWGQGTQVTVSS
seq10818,EVQLVESGGGLVQPGGSLTLSCVASGSTSLVNAMGWYRRAPGKQRELVAGISSDGSLVYAESVKGRFTISRDNAKNSVYLQMNSLRAEDTAVYYCYYFRYGSGSSLSYWGQGTLVTVSS
seq10819,EVQLVESGGGLVQAGGSLSLSCTASGGTFRNYGMGWFRQAQGKEREFVAAISRSAGRTYYSDSVKGRFTISKNNAKNIMSLQMNSLKPEDTAVYYCAARFRFDDGTYYYQRAFYDFWGQGTLVTVSS
seq10820,QVQLVESGGGLVQPGGSLRLSCAASGFSFNIYAMSWVRQAPGKQFEWVSGIHPNGRSTYYTDSVKGRFTISRDNAKNTLYLQLDSLKTEDTAMYYCAKGVLTKYVGGARGQGTQVTVSS
seq10821,EVQLVESGGGLVQPGGSLRLSCAASGVTLDLYAMGWFRQAPGKEREWVARMYLDGDYPYYADSVKGRFTISADNSKNTAYLQMNSLKPEDTAVYYCAAVLDGYSGSWGQGTLVTVSS
seq10822,GGLVQPGGSLRLSCAASGLTFSSTAMAWFRQAPGKEREFVARISGAGITIYYSDSVKDRFTISRNNVENTVYLQMNSLKTEDTAVYYCAARRNTYTSDYNIPARYPYWGQGTQVTVSS
seq10823,DVQLVESGGGLVQPGGSLRLSCAASGFILDYYAIGWFRQAPGKEREGVLCIDASDDITYYADSVKGRFTISRDNSKNTVYLQMNSLRPEDTAVYYCATPIGLSSSCLLEYDYDYWGQGTLVKVSS
seq10824,EVQLLESGGGLVQPGGSLSISCAASGGSLSNYVLGWFRQAPGKGREFVAAINWRGDITIGPPNVEGRFTISRDNSKNTLYLQMNSLRPDDTAVYYCGAGTPLNPGAYIYDWSYDYWGQGTLVTVSS
seq10825,EVQLQASGGVFVQSGGSLRLCCAASGATSTFDGMGWFRQAPGKEREFVSAISYEQGSYTYYADSVKGRFTISRDNSKNMVYLQMNSLRAEDTATYYCAPAYEGDLYAFDSYGEQGTQVTVSS
seq10826,EVQLVESGGGLVQAGGSLRLSCAAPERTYSMGWFRQAPGKEREFVAGSGWDGIPTRYADSVKGRFTISRDNAKNTVSLQMSGLKPEDTAIYYCATGTSVYHYQYWGQGTQVTVSS
seq10827,QVKLEESGGGLVPPGESLRLTCAATGQTASVYEMAWFRRAPEKEQVYVASINWRDGDTQYHNSVKGRFIISRDNAKNTVFLQMNSLTPEDTAIYYCAARKELAGYDYWGQGTQVTVSS
seq10828,QVQLQESGGGLVQAGGSLRLSCAASGSTFSVNAVAWYRQAPGKRRELVAGISGGGVTNYPDSVKGRFTISRDNAKNTVYLQMSSLKPEDTAVYYCNLWPPRASPDGRVYWGQGTQVTVSS
seq10829,EVQLVESGGGLVQPGGSLKLSCAASGFDFSSHWMYWVRQAPGKELEWLSEINTNGLITKYGDSVKGRFTVSRNNAANKMYLELTRLEPEDTALYYCARNQHGLNKGQGTQVTVSS
seq10830,LQESGGGLVQVGGSLRLSCAASGRTFPIYGLGWFRQAPGKEREYVASITWSTGRTYNADSVEGRFAISRDNAKNTVYLQMNSLRPEDAAVYYCAGDRDGRGYVYWGQGTQVTVSS
seq10831,EVQLVESGGGEVQPGGSLRLSCAASGRPFSSKTMAWFRQAPGKEREFVAAVRWIGGATRYTESVKGRFTISRDNAKNTVYLQMSSLRAEDTAVYYCAAGQAWGTKFTDYSDWGQGTLVTVKP
seq10832,EVQLVESGGGLVQAGGSLRLSCAASGFAFDDHLIGWFRQAPGKEREAVSCISRSAGSTYYADSVKGRFTISGDNAKNTVYLQMNSLKADDTAVYYCAAGPAWGRPASPLPYEYDYWGQGTQVTVSS
seq10833,EVQLVESGGGLVQPGGSLRLSCAASGSIFNLNPMGWYRQAPGKQRELVATVTGEGRTNYSDSVKGRFTISRDNAKNTVYLQMNSLKPEDTAVYYCNAAFWAYDDAYWGQGTQVTVSS
seq10834,EVQLVESGGGLVQAGGSLRLSCESSISTFSSDAMGWFRQAPGKEREFLAAIGWSGAVTHYSDSVQGRFTISRDNAKNTVYLQMNSLKSEDTARYYCAEDYDTDVWQYWGQGTQVTVSS
seq10835,QLQLVETGGGLVQTGGSLRLSCAANRSIFGISAMEWYRQAPGKDRELVARITSGGSTNYDDSVKGRFTISRDNAKNTVYLQMNSLKPEDTGVYFCNSRNGRNWSRGSWGQGTQVTVSS
seq10836,EVQLVESGGGLVQPGGSLRLSCAASGRIFSLPASGNIFNLLTIAWYRQAPGMGRELVATINSGSRTNYADSVKGRFTISRDNAQKTLYLQMNNLRPEDTAVYYCQTSGSGSPNFWGQGTLVTVSS
seq10837,QVQLVESGGGLVQAGGSLRLSCATSERTAISYYAMGWFCQAPGEERDFVAAINWSGETTKYADSVKGRFTISRDHAKNTVYLQMNNLKPEDTAVYYCAAGARFDDIGSYDYWGQGTQVTVSS
seq10838,KVQLVESGGGLVQPGGSLRLSCATSRTIFRSNAMGWYRQAPGKKRDLVASISNSGSTNYADSVKGRFTVSRDNDKNTGYLQMNSLKPEDTGVYYCTIDARRGWNTGYWGQGTQVTVSS
seq10839,QVQLQESGGGLVQAGGSLRLSCTASGLTFSTYSMGWFRQAPGKEREFVTALRWTGMDTWYADSVKGRFAISRDNAKNTVYLQMNSLNAEDTAVYYCATRHKSVLGAVANPTRYDYWGQGTQVTVSS
seq10840,DVQLVESGGGSVQAGGSLRLSCAASGYTFCKYAMTWYRQAPGKDREFVSGIESDGSINYADSVKGRFTISQDNAKNTVYLQMNSLKPEDTAMYYCKTGFSPYCTDGPYQGQGTQVTVSS
seq10841,QVQLQESGGGSVQTGGSLRLSCAASTSIYSNNYMAWFRQAPGKGREGVAAVYIGDGRPYYADSVKGRFTISLDSAKNTVYLQMNSLKPEDTAMYYCAAAPGPLSRHYWYTTANYDYWGPGTQVTVSS
seq10842,EVQLVESGGGLVQAGTSLRLSCAASGRTFSNYIMGWFRQAPGKEREFVAIITANGVATDYRDSVKGRFTISRDNARNTGYLEMNSLKPEDTAVYFCALRTRSGSLFDPGTFDYWGQGTQVTVSS
seq10843,QVQLQESGGGTVQAGGSLRLSCSISGDTSNSYCMGWFRQAPGKEREVVAHISTGVISPGYNKFAEGRFTISPDNAKNSVYLQMNNLKPEDTAMYFCAARTGSCSGSWGVADSFNGWGQGTQVTVSS
seq10844,QVKLEESGGGSVQTDGSLRLTCAASGRTSRSYGMGWFRQAPGKEREFVSGISWRGDSTGYADSVKGRFTISRDNAKNTVDLQMNSLKPEDTAIYYCAAAAGSAWYGTLYEYDYWGQGTQVTVSS
seq10845,VKLEESGGGLVQPGGSLRLSCAASGSIFSINDMGWYRQAPGKQRELVARITRDGSAAYEDSVKGRFTISRDNAPNTVFLQMNGLKPEDTAVYYCNAEIITTQTLGRMLGEYWGQGTQVTVSS
seq10846,EVQLVESGGGVVQPGGSLRLSCAASGGTFSFYGMGWFRQAPGKEREFVADIRTSAGRTYYADSVKGRFTISRDESKNTVYLQMNSLRPEDTALYYCAAEPSGISGWDYWGQGTLVTVSS
seq10847,EVQLQESGPGLVKPSQTLSLTCTVSGGSITTRYYAWSWIRQPPGKGLEWIGVIDYDGDTYYSPSLKSRVSISWDTSKNQFSLHLSSVTPEDTAVYYCARDPDVVTGFHYDYWGQGTLVTVSS
seq10848,QVQLVESGGGWVQAGGSLRLSCAASGSIFGINVMAWYRQAPGKQLDLVATISAGGIINYADFVEGRFTISRDNSKNTVYLQMNSLEPEDTAVYRCFADVAGSDRPSWGQGTLVTVSS
seq10849,EVQLVESGGGLVQPGGSLRLSCAASGFTSDDYAIGWFRQAPGKEREGVSYISHEDGSTYVADSVRGRFTISYDYAKNTVYLQMNSLKPEDTAVYYCAAAILGNSVLWLWEYEYRYWGQGTQVTVSS
seq10850,QVQLQESGGGSVQTGGSLRLSCAASTSIYSNNYMAWFRQVPGKGREGVAAVYIDDGRTYYADSVKGRFTISLDSAKNTVYLQMNSLKPEDTAMYYCAAAPGPLSRHYWYTSANYDYWGPGTQVTVSS
seq10851,EVQLVESGGGLVQPGGSLRLSCAASGRTFSYNPMGWFRQAPGKGRELVAAISRTGGSTYYPESVEGRFTISRDNAKRMVYLQMNSLRAEDTAVYYCAAAGVRAEDGRVRTLPSEYTFWGQGTQVTVSS
seq10852,QVQLVESGGGLVQAGGSLRLSCAASILTYDLDYYYIGWVRQAPGKEREGVSCISSTDGATYYADSVKGRFTISRNNAKNTVYLQMNNLKPEDTAIYYCAAAPLAGRYCPASHEYGYWGQGTQVTVSS
seq10853,EVQLVESGGGLVQAGGSTRLTCKASGSIININSINVMAWYRQAPGKQRELVAIIGKGGGTNYADFVKGRFTISRDAAKNTVNLQMNSLKPEDTAVYYCYADYEDRDSPFNASWGQGTQVTVSS
seq10854,EVQLVESGGGLVQPGGSLRLSCAASGSIGGLNAMAWYRQAPGKERELVAGIFGVGSTRYADSVKGRFTISRDISKNTVFLQMNSLRSEDTAVYYCAMSSVTRGSSDYWGQGTLVTVSS
seq10855,EVQLVESGGGLVQPGGSLRLSCTASGSILKIYTMDWYRQAPGKQRDLVATVSSRGDTDYTDSVKGRFTISRDDAKNTAYLQMSSLKPEDTAVYYCNFYIQSRTAPFNDYWGQGTQVTVSS
seq10856,EVQLVESGGGLVQAGDSLRLSCAASGATLSSYTMGWFRQAPEKEREFVAGSSRDGRTNYYANSVKGRFTISRDNAKNTVYLQMNSLKPEDTAVYYCAAHTTSGVPVAERSYAYWGQGTQVTVSS
seq10857,EVQLVESGGGLVQPGGSLRLSCAASGNIVSIDAAGWFRQAPGKQREPVATILTGGATNYADSVKGRFTISRDNAKNTVYLQMNSLKPEDTAVYYCYAPMIYYGGRYSDYWGQGTQVTVSS
seq10858,QVQLQESGGGLVQPGGSLRLSCAASGFTFSNSAMSWMRQAPGKGVEWVSSIEVGGGRRYAESVAGRFTISRDNAKNTLYLQMNSLKPEDTAVYYCSKGLASTIRGQGTQVTVSS
seq10859,EVQLVESGGGSVQPGGSLRLSCAASGSIFSSNAMAWYRQAPGKRRDLVAAINSVGVTKYADSVKGRFTISRDNSKNTVYLQMNSLRPEDTAVYYCTSDPRRGWDTRYWGQGTLVTVSS
seq10860,AVQLVESGGASVETGGSLRLSCAVSGDWDSRKWMAWFRKAPGSRREGVASIYTVDDSTYYADSVKGRFAISRDNAKSTLYLQMNGLKPEDTAMYYCASDSMIAGALNDRGYRFWGQGTQVTVSS
seq10861,EVQLVKSGGGSVQAGESLRLSCAASGSIFSSNAMAWYRQAPGKQRDLVAVINKVGITKYADSVKGRFTISRDNAKNTVYLQMNSLKPEDTAVYYCTSDPRRGWDTRYWGQGTQVTVSS
seq10862,EVQLVESGGGLVQAGGSQSLSCVASGTIVNINVMGWYRQAPGKQRELVALITSGGGTTYGDSVKGRFTISIDNAKNTVILQMNSLEAEDTAVYYCAAEIGYYSGGTYFSSEAHWGQGTQVTVSS
seq10863,QVKLEESGGGLVQAGSSLRLSCAASGRTSSPYTMGWFRQPPGKVREFVGRINWSGITNYADSVKGRFTISRDNNKNTVYLQMNRLKPEDTAVYYCASASQVGSGYDSWGQGTQVTVSS
seq10864,EVQLVESGGGEVQPGGSLRLSCAASEIIFSDKTVGWYRQAPGKQRVLVAVISNVESTNYAESVKGRFTISRDNAKNTVYLQMSSLRAEDTAVYYCYARDFESEYWGQGTLVTVK
seq10865,EVQLVESGGGLVQPGGSLRLSCAASGFPLDYYAIGWFRQAPGKEREGVSCISSSDGSTYYADSVKGRFTISRDNAKNTVYLQMNSLKPEDTAVYYCALVHTTAQATGVPQREYEYEWWGQGTQVTVSS
seq10866,DVQLVESGGGLVQPGGSLRLSCAASGSTSSAWAMAWYRQAPGKRRELVAGISGGGATNYPDSVKGRFTISRDNSKNTVYLQMSSLRPEDTAVYYCNLWPPRASPGGGVYWGQGTLVTVSS
seq10867,EVQLLESGGGLVQPGGSLRLSCAASGGSLSNYVLGWFRQAPGKGREFVAAINWRGDITIGPPNVEGRFTISRDNAKNTLYLQMNSLAPEDTAVYYCGAGTPLNPGAYIYDWSYDYWGQGTLVTVSS
seq10868,QVQLQESGGGLVQPGGSLRLSCAASGNIAYIYTMGWYRQAPGKQRELVATSTHDGNSDYADSVKGRFTISRDNAKNTVYLQMNTLKPDDTAVYYCNADLRTPVDRIRGNFWGQGTQVTVSS
seq10869,EVQLVESGGGVVQPGGSLRLSCAASGLTFSSYAMGWFRQAPGKEREFVASISRGGGYTYYADSVKGRFTISRDNSKNTVYLQMNSLRPEDTALYYCAAARYWATGSEYEFDYWGQGTLVTVSS
seq10870,EVQLVESGGGLVQPGGSLTLSCAASQYSVTFLSVAWYRQAPGKKRELVAGISDDGSNVYIDSVKGRFTISRDNAKNSVYLQMNSLRAEDTAVYYCYAYSWIDSLRYWGQGTLVTVSS
seq10871,QVQLQESGGGLVQPGGSLRLSCAVSGFTLDNYAIGWFRQAPGKEREGVSCISSSDGSTYYADSVKGRFTISSDNDKNMVYLQMNSLKPEDTAVYYCATHEQVWKTLFSSCTVERDDYDYWGQGTQVTVSS
seq10872,QVQLQQSGGGLVQAGGSLRLSCAASGIIFSVRAMGWYRQAPGKQRELVAVILRGGSTNYADSVKGRFTISRDRAKNTAYVQMNSLKPDDTAVYYCNANVLTRALVSGDYWGQGTQVTVSS
seq10873,EVQLVESGGGLVQPGGSLTLSCVASGSTSKINAMGWYRRAPGKQRELVAGISSDRSKVYADSVKGRFTISRDNAKNSVYLQMNSLRAEDTAVYYCYYFRTVAGSSMRYWGQGTLVTVSS
seq10874,EVQLQASGGVFVQSGGSLRLSCAASGATSTFDGMGWFRQAPGKEREFVSAISYEQGSYTYYADSVKGRFTISRDNSKNMVYLQMNSLGAEDTATYYCASAYEGDLYAFDSYEGQGTQVTVSS
seq10875,EVQLVESGGGSVQAGESLRLSCAASGSIFSSNAMAWYRQAPGKQRDLVAVINSVGITKYADSVKGRFTISGDNAKNTVYLQMNSLKPEDTAVYYCTSDARRGWDTRYWGQGTQVTVSS
seq10876,EVQLVESGGGLVQPGGSLTLSCVASGSTSSINAMAWYRRAPGKQRELVAGISSDGSKVYADSVKGRFTISRDNAKNSVYLQMNSLRAEDTAVYYCYYFRQVSGSSMRYWGQGTLVTVSS
seq10877,EVQLVESGGGLVQAGGSLRLSCAAAASWFSIYAMGWYRQAPGKQRELVAIILSDGDTDYADSVKGRFTISRDNAKNTKNTVYLQMNSLKPEDTAVYYCNARGIRGSGGDYAREAWGQGTQVTVSS
seq10878,QVQLQESGGGLVQPGGSLRLSCSASGSISRIRDMAWHRQVPGKQRELVASISSGGSTNVADSLKGRFTISRDNGKNTMYLQMDSLKSEDTAVYYCNALFNPIDGPARYYWGQGTQVTVSS
seq10879,QVQLQEFGGGLVQPGGFLRLSCAASGLEFTTYWMYWVRQAPGKGLEWVSGVNTGGMTTTYADSVKGRFTISRDNARNTLYLQMDNLKPEDTALYICAREGRSRWGETLDRTSLPMGQGTRVTVSS
seq10880,EVQLVESGGGLVQPGGSLRLSCAASVDIFTRNIMGWFRQAPGKEREFVAAIRSSDGTTYYADSVKGRFTISADNSKNTAYLQMNSLKPEDTAVYYCAKRAGRGYSYGYVDYWGQGTLVTVSS
seq10881,QVQLQESGGGLVQPGGFLRFSCAASGISFRVQRMGWYRQAPGKQRELVATVTSAGTTNYADSVKGRFTISRDNAKNTVYLQMNSLKPEDTAVYYCNAGRRFMLPDYWGQGTQVTVSS
seq10882,QVQLQESGGGLVQAGGCVRLSCAASGRTFSRYTMGWFRQAPGKEREFVAAISRSGGIKIYGDSVKGRFTISRDNAKDTVYVQMNSLKPEDTAVYYCNSRPRIYRGNVVYWGQGTQVTVSS
seq10883,EVQLVESGGDSVQAGGSLQLSCKASGYTYNSRVDIRSMGWFRQYPGKEREGVATINIRNSVTYYADSVKGRFTISQDNAKNTVYLQMNALKPEDTAMYYCALSDRFAAQVPARYGIRPSDYNYWGEGTQVTVSS
seq10884,QVQLQESGGGLVQAGGSLRLSCAASGFTFDDYAIGWFRQAPGKEREGVSCINSDDGSTYYADSVKGRFTISSDNAKNTVYLQMNSLKPEDTAIYYCSAVPGRLCSTDIGYWGQGTQVTVSS
seq10885,EVQLVESGGGLVQPGGSLRLSCAASGRTFSSIAMGWFRQAPGKEREFVAAISWSRGRTFYADSVKGRFIISRDDAANTAYLQMNSLKPEDTAVYYCAVDTASWNSGSFIYDWAYDHWGQGTQVTVSS
seq10886,QVQLQESGGGLVQPGGSLRLSCAISGFTFDDNAMTWVRQAPGKGLEWVSSISWSGDSAYYAESVAGRFTIARDNAKKSLYLQMNSLKSDDTAVYYCARNDPTLRSGAMDYWGKGTLVTVSS
seq10887,EVQLVESGGGLVQPGGSLRVSCAASGFTFSSYYMSWVRQAPGKGLEWVSTINTGGGSTYYADSVKGRFTISRDNAKNTLYLQMDSLKSEDTAVYYCAKDGPYGGYDYWGQGTQVTVSP
seq10888,EVQLVESGGGQVQPGGSLSLSCESSVSIWSFKVMGWFRQVPGKQRELVATITTGGSPDYSDSVKGRFTISRDYDKRTLYLQMNSLKPEDTAVYYCAGRLWAHITSSGHDVWGQGTQVTVSS
seq10889,EVQLVESGGGLVQPGGSLRLSCAASGFTLAYYAMGWFRQAPGKEREFVAAISMSGDDTIYADSVKGRFTISADNSKNTAYLQMNSLKPEDTAVYYCARELGYSSTVWPWGQGTLVTVSS
seq10890,EVQLVESGGGLVQPGGSLRLSCAASGRTYDAMGWFRQAPGKEREFVAAISGSGDDTYYADSVKGRFTISKDNSGITMYLQMNSLRPEDTAVYYCATRRGLYYVWDSNDYENWGQGTLVTVSS
seq10891,EVQLVESGGGLVRAGESLRLSCAASGSIFSIDAMGWYRQAPGKQRELVAEISDHTTYGDSVKGRFTISRGNAENTVALQMNSLKPEDTGVYYCNVHHQRGWGTSITVTWGQGTLVTVSS
seq10892,EVQLVESGGGLVQPGGSLRLSCAASGFTFDDYGMSWVRQAPGKGTEWVSAISWNGNNTYYTESMKGRFTISRDNAKNTLYLQMNSLRPEDTAVYYCVKGSTAIVGVPPTYPDEYDYWGQGTLVTVSS
seq10893,EVQLVESGGGLVQPGGSLRLSCAASGATFDDYAIGWFRQAPGKEREGVSYIGCNDGATYYSGSVKGRFTISCDYAKNTVYLQMNSLKPEDTAVYYCAAAAQWATIRWIHEYDYNIWGQGTQVTVSS
seq10894,QVQLQESGGGLVQAGGSLRLSCAASGSIFSLNDMGWYRQAPGKQRELVAAITSGRSTNYADSVKGRFTISRDNAKNTVYLQMNSLKPEDTAVYYCNAKVAGTFSIYDYWGQGTQVTVSS
seq10895,EVQLVESGGGLVQAGGSLRLSCAASGFTLDYYAIGWFRQAPGKEREGVSCISSRGASTYYADSVKGRFTISRDNAKNTVYLQMNSLKPEDTAVYYCAADPIHNCYSGNGYDSPEAVYDYWGQGTQVTVSS
seq10896,EVQLVESGGGLVQPGGSLRLSCAASGGSLSNYVLGWFRQAPGKEREFVAAINWRGDITIGPPNVEGRFTISRDNAKNTGYLQMNSLRPEDTAVYYCGAGTPLNPGAYIYDWSYDYWGQGTLVTVSS
seq10897,EVQLVESGGGLVQAGGSLRLSCAASGSTLSSYAMGWYRQAPGKQRELVAAISSGGGSTNYRDSVKGRFTISRDNAKNTVYLQMNSLKPEDTAVYYCKSTDYGSLFDSWGQGTQVTVSS
seq10898,SGGGLVQAGGSLRLSCAASILTYDLDYYYIGWVRQAPGKEREGVSCISSTDGATYYADSVKGRFTISRNNAKNTVYLQMNNLKPEDTAIYYCAAAPLAGRYCPASHEYGYWGQGTQVTVSS
seq10899,QVQLQESGGGLVEAEGSLRLSCIASGRTFGTYAMGWFRQAPGKERELVAAISSGGSAYYADSVKGRFTISRDNARNTVYLQTNSLKPEDTAVYYCAARRGSAYYTNRIDWPYWGQGTQVTVSS
seq10900,QVQLQESGGGLVQALVSLKLSCAASGLPSGSYDMGWFRQRPGKEREFVAFISGDGGIIEYSGSVKGRFTISRDNAKNTMYLQMNSLKPEDTAVYSCAAYRLTADAYNFRYWGQGTQVTVSS
seq10901,EVQLVESGGGLVQAGGSLTLSCAASERTFSYYVMAWFRQAPGKEREFVAGISMSGDSTKYADSVKGRFTISRDNAENTGYLQMNGLKPEDTAVYYCAADRDIRGNFRSWGRGAQVTVSS
seq10902,VQLVESGGGLVQAGGSLRLSCTASGFTFDNYVMGWFRQAPGKEREGVSCIGWSGGSTYYADSVKGRFTISRDNAKNTLYLQMNSLKPEDTAMYYCAADQGKCSLGSAGADDMDYWGRGTLVTVSS
seq10903,QVQLQESGGGLVQAGGSLRLSCAASGFTFDDYTIGWFRQAPGKEREGISCISSDGSTGYADSVKGRFTISSDNAKNTVYLQMNSLKPEDTAVYYCAADFNVWSPPICGSNWYGPPPGGMDYWGKGTQVTVSS
seq10904,VQLQESGGGVVQAGGSLNLSCTHSTITFRINTMAYYRQAPGSQRALVARINPAGRTYYPDSVKGRFTISRDNAKNQVYLQMNDLKPEDTAVYYCSTWRLGRNYWGQGTLVTVSS
seq10905,EVQLVESGGGLVQAGGSLRLSCAASGFTFDDYALGWFRQAAGKEREGVSCIRCSDGSTYYADSVKGRFTISSDNAKNTVYLQMNSLKPEDTAVYYCAASIVPRSKLEPYEYDAWGQGTQVTVSS
seq10906,EVQLVESGGGLVQAGGSLRLSCSASGRTFSTYAAGWFRQAPGKDREFVSTISRGGGGTYSADAVTGRFTISRDNAKNTVYLQMNNLKPEDTAVYYCAAADVSYGTTTDDPKRYDYWGQGTQVTVSS
seq10907,EVQLVESGGGLVQPGGSLRLSCAASGFTSDYYIMGWFRQAPGKELEGVSCISSKYANTNYADSVKGRFTQSRGNAKNTVYLQMNALRPEDTAVYYCAADTRRYTCPDIATMHRNFDSWGQGTQVTVSS
seq10908,EVQLVESGGGLVQPGGSLRLSCAASGRTFSMGWFRQAPGKEREFVATVRWGTSSTYYADSVKGRFTISADNSKNTAYLQMNSLKPEDTAVYYCAAETFGSGSSLMSEYDWGQGTLVTVSS
seq10909,QLQLVESGGGLVQPGGSLRLSCAASGFTFSSSWMYWVRQAPGKGLEWVSSIATVSLSTYYADSVKGRLTISRDNAKNTLYLQMDSLRSDDTAVYYCARNTATWDSWGQGTQVTVSS
seq10910,QVQLVESGGGYVQAGDSLRLSCAASGHSFSSYAVAWFRQGPGKEREFVAAISESGGYGYNVDVKGRFSISRDNAKSTVYLQMNNLKPEDTAVYFCAADKAYYIGGYYKDFRVYDYWGQGTQVTVSS
seq10911,QVQLVESGGGLVQPGGSLRLSCAASGFTLGSYHIGWFRHPPGKEREGTSCLSSRGDYTKYAEAVKGRFTISRDNTKSTVYLQMNNLKPEDTGIYVCAAIRPVLSDSHCTLAARYNYWGQGTQVTVSS
seq10912,EVQLVESGGGVVQPGGSLRLSCAASGGTFSFYGMGWFRQAPGKEREFVADIRTSAGRTYYADSVKGRFTISRDWSKNTVYLQMNSLRPEDTALYYCAAEPSGISGWDYWGQGTLVTVSS
seq10913,EVQLVESGGGLVQAGGSLRLSCAASGLSFSKYAMGWFRQAPGKQREYVAVISSSDTTYYTNSAKGRFTISRDNAENTVYLQMNSLKPEDTAVYFCAADSYVTALQTLTQISYWGQGTQVTVSS
seq10914,EVQLVESGGGLVQPGGSLRLSCAASGLTFTSYAMGWFRQAPGKEREGVAVIDSDGTTYYADSVKGRFTISADNSKNTAYLQMNSLKPEDTAVYYCAAYLDGYSGSWGQGTLVTVSS
seq10915,EVQLVESGGGEVQPGGSLRLSCAASEITFSDKTVGWYRQAPGKQRVLVAVISNVDSTNYAESVKGRFTISRDNAKNTVYLQMSSLRAEDTAVYYCHARDFENEYWGQGTLVTVKP
seq10916,EVQLLESGGGLVQPGGSLRLSCAASGRTFNNYNMGWFRQAPGKGREFVAAVSRSGVSTYYADSVKGRFTISRDNSKNTVYLQMNSLRPEDTALYYCAAAYRGTAINVRRSYSSWGQGTLVQVSS
seq10917,EVQLVESGGGLVQPGGSLRLSCAASGFALDYYAIGWFRQAPGKEREGVSCISSSGGITYYADSVKGRFTISRDNSKNTVYLQMNSLRPEDTAVYYCATESGGYIDYDCQGLGYDYWGQGTLVTVSS
seq10918,QVQLQESGGGLVQAGGSLRLSCAVSGNTLSRYAMGWFRQTPGKEREFVAAIRWNNGATYYAESVKGRFTISRDSGKNTVYLQMNNLQPEDTAVYYCAGRFLGYASSNAYHEALYNYDYWGQGTQVTVSS
seq10919,EVQLVESGGGLVQPGGSLRLSCAASGFTLAYYSIGWFRQAPGKEREGVSCISSGIDGSTYYADSVKGRFTISRDNAKNTMYLQMNNLKPEDTGVYYCAADPSHYYSEYDCGYYGMDYWGKGTLVTVSS
seq10920,EVQLVESGGGLVQTGDSLRLSCAASGSTFSNYRMGWFRQGPGKEREFVAAIGRNGQNTYYTDSVKGRFTVTRDNAKNMMYLQMNSLKPEDSAVYTCAASLRGWDTTRIDYEYWGQGTQVTVSS
seq10921,EVQLVESGGGLVQAGDSLRLSCAASGPTFGMSAMGWFRQAPGKEREFVAAISGLGNPNYADDVKGRFTISREDGRNTVYLQMNSLKPEDTAVYYCAQRKVYHVQGGDRPQAYDYWGQGTQVTVSS
seq10922,QVQLVESGGGLVQPGGSLRLSCAASGSIASINTMAWYRQSPGKQRELVAGITRGGSTNYADSVKGRFAISRDNAKNTVYLQMNSLKPEDTAVYYCTDYSLGYYQDYWGQGTQVTVSS
seq10923,EVQLVESGGGLVQAGGSLRLSCAASGRSFGSVAMGWFRQAPGKEREFVAAIGYDGNSIRYGDSVKGRFTISRDNIKNTMYLEMENLNADDTARYLCAAEPLARYEGLWTYWGQGTQVTVSS
seq10924,ELQLVESGGGLVQPGGSLRLSCAASGFTFRDYSMSWVRQAPGKGLEWVSAISWQGDSTYYAESLKGRFTISRDNAKNTLYLQMNSLRAEDTAVYYCAKSWATPIESLYYYGSDYWGQGTLVTVSS
seq10925,EVQLEESGGGLVQAGGSLRLSCAVSGGTFSSIGMGWFRQAPGKEREFVGAISRSGDSTYYADSVKGRFTISRDGAKNTVYLQMNSLKDEDTAVYYCAGRPAGTAINIRRSYNYWGQGTQVTVSS
seq10926,EVQLVESGGGLVQAGGSLRLSCAASGRTFSNIAMGWIREAPGKEREFVAALTWSGGSTYYADSVKGRFTISRDSAKNTVYLQMNKLKPEDTAVYYCVADEEIHLIVSISIADFWGQGTQVTVSS
seq10927,EVQFVESGGGLVQPGGSLRLSCATSGYIYSTYCMGWFRQAPGKEREGVAHIYTNSGRTYYADSVKGRFTISQDNAKNTVYLQMNSLRAEDTAVYYCAARPSIRCASFSATEYKDWGQGTLVTVSS
seq10928,EVQLVESGGGVVQAGGSLRLSCAASGSIASIHAMGWFRQAPGKEREFVAVITWSGGITYYADSVKGRFTISRDNAKNTVYLQMNSLKPEDTAIYYCAGDKHQSSWYDYWGQGTLVKVSS
seq10929,QVQLVESGGGLVQAGGSLRLSCAASGRTFITYAIGWFRQAPGKEREFVTAINWSGSMTSYADSVKGRFTISRDNAKNTVYLQINGLKSEDTAVYYCAAHRGAIAPMTQSVYDYWGQGTQVTVSS
seq10930,EVQLVESGGGVVQTGGSLRLSCTTSGGTFRNYGVGWFRQGPGKDREFVAAISWSPGRTDYGDAVKGRFTISRDNPKNTVYLQMNSLKPEDTAVYYCAADSVSASYYDARNDMAYDYWGRGTQVTVSS
seq10931,EVQLVESGGGLVRAGGSLRLSCTASGNILNIASMGWYRQAPGKQRTWVARIRSDGTTSYQDAVKGRFTIAKDNAKNAGYLQMDNLKPEDTAVYYCNAAGSTIDGGFSSWGPGTQVTVSS
seq10932,EVQLVESGGGLVQPGGSLRLSCAASESIFSIDAMGWYRQAPGKQRELVATITGGGSTNYADSVKGRFTISGDNAKRTVYLQMNSLKPEDTAAYYCNAEGQAGWGTALMDYWGKGTLVTVSS
seq10933,EVQLVESGGGLVQPGGSLRLSCAASGGSLSNYVLGWFRQAPGKEREFVAAINWRGDITIGPPNVEGRFTISRDNAKNTGYLQMNSLAPEDTAVYYCGAGTPLNPGAYIYDWSYDYWGQGTLVTVSS
seq10934,QVQLQESGGGLVQAGGSLRLSCVASVNIGSLNSMVWYRQSPGKQRELVAGITGSGQITYANSVRGRFTVSRDIAKSTAYLQMNTLKPEDTAVYYCAAYDRSATAYWGQGTQVTVSS
seq10935,EVQLVESGGGLVQAGGSLRLSCAASGRTFSNYVMGWFRQAPGKEREFVAAMGDTTLYADSVEGRFTISRDNDQNTVYLQMSSLKPEDTAAYFCAARSRFIPPLTFRTGGAYDYWGQGTQVTVSS
seq10936,QVQLQESGGGLVQAGGSLRLSCAASGLTFSTYAMGWFRQAPGKEREFVAAVSYSGSYYADSVKGRFTISRDNAKNTVYLQMASLKPEDTAVYYCAARNRGYSTYAGVYDYWGQGTQVTVSS
seq10937,AGGSLRLSCIYSGGWYNDLCIGWFRQAPGKEREGVAAIKRGDGMTYYADSVKSRFTISRVNAENTVYLTLNSLKPDDTAVYYCAAGDYSCGYCYCKGFDYWSRGTQVTVSS
seq10938,EVQLVESGGGLVQAGGSLRLSCTASGHTFSSYTMGWFRQAPGKEREFVAAMTRSGFNTHYSDSVKGRFTISRDNTSRDNTKITMALQMNSLKPEDTAVYYCTTGRGLTSYVANFWGQGTQVTVSS
seq10939,VQLQESGGGLVQAGGSLRLSCAASGFTFDDYTIAWFRQAPGKEREGISCISSDGSTGYADSVRGRFTISSDNAKNTVYLQMNSLKPEDTAVYYCAADFNVWSPPICGSIWYGPPPRGMDYWGKGTQVTVSS
seq10940,EVQLVESGGGLVQPGGSLRLSCAASGFTLEYYAIGWFRQAPGKEREGVSCISSEGSTSYTDSVKGRFTISRDNAKNTVYLQMNSLKPEDTAVYYCATDPDRGFLGSSCDTQSHQYDYWGQGTLVTVSS
seq10941,LQESGGNFMQAGGSVRLSCAASGRAFDAYHMGWFRQTPEKQREFVAFIHRSGTSTYYADSVKGRFTISRDNAKDTVYLQMNNLKPEDTAMYYCAAELHNSDPFNPSEYDYWGQGTQVT
seq10942,EVQLVESGGGLVQAGGSLRLSCAASGRTFSSYRMGWFRQAPEKEREFVAVITRSGGSTFYSNSVKGRFTISRDNAKNTVYLQMNSLKPEDTAVYYCAAGAQMGWAEASTYDYWGQGTQVTVSS
seq10943,EVQLVESGGGLVQPGGSLRLSCAASGSTFSGNWMGWFRQAPGKEREFVAVISWTGGSTYYADSVKGRFTISADNSKNTAYLQMNSLKPEDTAVYYCATHNSLSGFDYWGQGTLVTVSS
seq10944,QVQLQQSGGGLVQAGGSLRLSCAASGRTFSSYPMGWFRQAPGSEREQIAGISRSGVSGKYADSVSGRFTISRDNAKNTLYLQMNSLKPEDTAVYYCAARSIYSNNYSYWGQGTQVTVSS
seq10945,EVQLVESGGDLVQPGGSLRLSCAASGSIFSINDMGWFRQAPGKQRELVADIISRGVTNYADSVRGRFTISGDPAKNTVYLQMNSLKPEDTAVYYCNAHISTGWGRPHNNYWGQGTQVTVSS
seq10946,QVQLQESGGGLVQAGGSLRLSCAVSGNTLSRYAMGWFRQTPGNEREFVAAIRWNNGATYYADAVEGRFTISRDNAKNTVYLQMNNLKPEDTAVYYCAGRFLGYASSNAYHEALYNYDYWGQGTQVTVSS
seq10947,EVQLVESGGGLVQAGGSLGLSCSASGLLFSRNSAGWYRQAPGKQREFVARIRMGGSINYADTVKGRFTISRDNAKNTVYLQMNSLKPEDTAVYYCSSWRTGFYEYWGQGTLVTVSS
seq10948,EVQLVESGGGLVQPGGSLRLSCAASGFTLSGNWMGWFRQAPGKEREFVASISSSGISTYYADSVKGRFIISADNSKNTAYLQMNSLKPEDTAVYYCAADVWYGSTWRNWGQGTLVTVSS
seq10949,EVQLQASGGGSVQAGGSLRLSCAASGGQTFDSYAMAWFRQAPKGECELVASIIGDDNRNYADSVKGRFTISRDNAKNTVYLQMDRLNPEDTAVYYCAQLGSARSAMYCAGQGTQVTVSS
seq10950,EVQLVESGGGLVQPGGSLTLSCAASSSSVSLLSLAWYRQAPGKKRELVAGISDDGSIVYMDSVKGRFTISRDNAKNSVYLQMNSLRAEDTAVYYCYAYSWITRSPYWGQGTLVTVSS
seq10951,QVQLQESGGGLVQAGGSLRLSCAASGHIFSRNAAGWFRQAPGKQREAVATLSSGGNTTYRDSVKGRFTISRDDTTNTVHLQMNSLKPEDTAVYYCNAMWYWGQGTQVTVSS
seq10952,QVQLQESGGGLVQAGGSLRLSCAASGRTFSSAAMGWFRQAPGKEREPVALINLDDGETYYADIAKGRFTLSKDNAKNSVYLQMNSLKPEDTAVYYCAVRGRFDDNYEYWGQGTQVTVSS
seq10953,EVQLVESGGGSVQAGDSLRLSCAASGRAFSINWFGWFRQTPGKEREFVAGIRWSDAYTEYANSVKGRFTISRDNAKNTVDLQMDSLKPEDTAVYYCVLDLSTVRYWGQGTQVTVSS
seq10954,EVQLVESGGGLVQPGGSLRLSCAASGRTFSYNPMGWFRQAPGKGRELVAAISRTGGSTYYPDSVEGRFTISRDNAKRMVYLQMNSLRAEDTAVYYCAAAGVRAETGRVRTLPSEYTFWGQGTQVTVSS
seq10955,DVQLVESGGGSVQAGGSLRLSCAASGSTDSIEYMTWFRQAPGKAREGVAALYTHTGNTYYTDSVKGRFTISQDKAKNMAYLRMDSVKSEDTAIYTCGATRKYVPVRFALDQSSYDYWGQGTQVTVSS
seq10956,QVQLVESGGGSVQAGGSLTLSCAVSGNTYSTNYMGWFRQAPGKEREGVAAILVGGRNTYYADPVKGRFTISQDNAKNLVYLQMNSLKPEDTAMYYCAADTRAAFWNIGPLNSDQYNIWGQGTQVTVSS
seq10957,DVQLVESGGGLVQPGGSLRLSCAASGFAFDDYAIGWFRQAPGKERLGVSSISSTYGLTYYADSVKGRFTISSDNSKNTVYLQMNSLRPEDTAVYYCAATPIGLIGLDAYEYDYWGQGTLVTVSS
seq10958,QVQLQESGGGLVQPGGSLRLSCAASGRTFSSLDMGWFRQAPGKEREFVAGISRSGISQYYADSMKGRFTISRDNAKNLVYLQINSLKPEDTAVYYCAAALTFRGSDLPRDSNYWGQGTQVTVSS
seq10959,QVQLAESGGGLVQAGDSLKLSCTASGRIFEVNMMAWYRQAPGKDRELVAEISRVGTTTYADSVKGRFTISRDSAKNTVTLQMNSLKSEDTAVYYCNALQYSRYGGAEYWGQGTQVTVSG
seq10960,EVQLVESGGGLVQPGGSLRLSCAASGNIFTRHIMGWFRQAPGKEREFVAAITNGGSTKYADSVKGRFTISADNSKNTAYLQMNSLKPEDTAVYYCARQDYYDSSGHIRYWGQGTLVTVSS
seq10961,QVQLQESGGGVVQAGDSLRLSCTASTRASIVGAMAWFRQAPGRNRDIVAAIAAGSPSTPYYADSVKGRFAISRDNAKNTVYLQMNSLKSEDTAIYYCAAYNTANWGQPHQSYRHWGQGIQVTVSS
seq10962,EVQLVESGGGLVQAGGSLRLSCIASVTIADINVMGWYRQAPGKQREFVASIPTTGDKNYAESAKGRFTISRDNSQNTVAMQMNNLKPDDTAVYYCYVLLSRAVSGSYGHWGQGTQVTVSS
seq10963,EVQLVESGGGLVQPGGSLRLSCAASGFTFSDYDIGWFRQAPGKEREGVSGISSSDGNTYYADSVKGRFTISRDNAKNTVYLQMNSLKAEDTAVYYCAREPPDSSWYLDGSPEFFKYWGQGTLVTVSS
seq10964,QLQASGGGLVQAGGSLRLSCAASGLTFSSYVMGWFRQAPGKERDFVAAIITSGRSTYYADSVKGRFTISRDNAKNTVYLQMNSLKPEDAAVYYCAAATKWVVRRPADYNYWGQGTQVTVSS
seq10965,EVQLVESGGGLVQAGGSLRLSCAASGRTLSRYVMGWFRQAPGKEREFVAAISWSCRDPLHAEPVKGRFTISCDNAKNTVYLQMNSLEPEDTAVYYCAADFNRYGMGRNPHQYDYWGQGTQVTVSS
seq10966,EVQLVESGGGLVQPGGSLRLSCAASGRHFSDYAMAWFRQAPGQEREFVAGIGWSGGDTLYADSVRGRFTISRDNSKNTLYLQMNSLRAEDTAVYYCAARQGQYIYSSMRSDSYDYWGQGTLVTVSS
seq10967,EVQLVESGGGSVQAGGSLRLSCTASGRPFDNYAMAWFRQAPGKEREFVGAISWSLSRTHYADSVEGRFIISRDNAKNTAFMQMSSLKPEDTAVYYCAAAPRPKWVSVRYFSTSSNYDYWGQGTQVTVSS
seq10968,EVQLVESGGGLVQAGGSLRLSCAASGRAFSSYAMGWFRQAPGKERDFVAAITSSGSTNYADSVKGRFTISRDNAKNTVYLQMNSLKPEDTAVYYCAAKYYSYYAYDYWGQGTQVTVSS
seq10969,QVQLVESGGGSVQAGGSLKLSCAASGYFYSSNYCLGWFRQAPGKEREGVAQINIAPGRIYYADSVKGRFTISRDNAKNTVYLQMDSLKPEDTAIYYCASTAGNMYYGLRGPADFDYWGQGTQVTVSS
seq10970,QVQLVESGGGLVQAGGSLRLSCAASGRTFFTYPMGWFRQAPGKERQFVAAISGNGDSIDYADSVKGRFTISRDNAKNTLYLQMNSLKPEDAALYYCNAVITHDYTRPLFASWGQGTQVTVSS
seq10971,GSLRLSCAASGRTFSTYRMGWFRQAPGKEREFVAGWNSINIYYADSVKGRFTISGDNAKSTVYLQMNSLKPEDTAVYYCAARGLGQTEYNYWGQGTQVTVSS
seq10972,EVQLVESGGGLVQPGGSLRLSCAASGFTFSDYAMSWVRQAPGKGLEWVSAINTAGILTNYADSVKGRFTMSRDNAKNTLYLQMNSLKPEDTGKYYCARNRDINNSRPPESQGTQVTVSS
seq10973,QVQLQESGGGLVQPGGSLRLSCAASGRIFRIDVMGWYRQTPGKERELVATITSGGNTDYADFVKGRFTITIDNAKNTVYLQMNSLKPEDTAVYYCNAKGPYSRGSGPWGQGTQVTVSS
seq10974,VQLVESGGGLVQPGGSLRLSCAASGFTFDDYAMSWVRQAPGKGLEWVSNIYSYISTTHYADSVKGRFTISTDNAKNTLYLQMNSLKPEDTAVYYCAARRLDTTDYKYWGQGTQVTVSS
seq10975,QVQLVESGGGSVQAGGSLRLSCAASGYTYSSYCMGWFRQAPGKEREGVAAIDSDGRTSYADFVKGRFTISKDNSKNTLYLQMNSLRAEDTAVYYCATEQRIGGSWYDLCGGADFGYWGQGTLVTVSS
seq10976,QVQLQQSGGGLVQAGGSVRLSCAASGLTLGNYALAWFRRTPGKEREFVAGMSGSGAGTYYLDSVNGRFTISRDNAKNTLYLQMNSLKAEDTAVYYCAANSIYPGRRWASYDYWGQGTQVTVSS
seq10977,QVQLQESGGGLVQAGGSLRLSCAASGRTFSSGAMGWFRQTPGKEREFVAAINWNIGNTYYADSVKDRFTISRDSAKNTVYLQMNSLKPEDTAVYYCAANEADGPMAPYGFRGDYWGKGTLVTVSS
seq10978,QVQLQESGGGSVQAGGSLRLSCAVQRNISSSYCMAWFRQAPGKQRERVDKILTTPGNTYLADSVKGRFTISQNNAKSTVYLQMNSLKPEDTAMYYCAADSFQKPTCTVVASWPAFQYWGQGTQVTVSS
seq10979,EVQLVESGGGLVQAGGSLRLSCTASGRTLSSYTMGWFRQAPGTEREFVAAMTRSGFNTYYADSVKGRFTISRDSTENTMALQMSSLKPEDTAVYYCTAGRGLTSYRADYWGQGTLVTVSS
seq10980,EVQLVESGGGFDQAGGSLGLPCSAPGLLFSRNRVGWYRQAPGKQRDFVARIRMGGSTNYADSVKGRFTISRDNAKNMVYLQMNSLKPEDTAVYYCSSWRTGFYEYWGQGTQVTVSS
seq10981,EVQLVESGGGLVQAGGSLRLSCTASGLTFDDYAMGWFRQAPGKEREGVSCISWSGGSTYYTDSVKGRFTISRDNAKNTLYLQMNSLKPEDTAMYYCAADLFCPPPDDTTGWGMDPPEHNYWGQGTQVTVSS
seq10982,VQLVESGGGLVQAGGSLRLSCAASGRTFTMGWFRQAPGKEREFVAAISLSPTLAYYAESVKGRFTISRDNAKKTLYLRMNSLKPEDTAVYYCAARRIDAADFDSWGQGTQVTVSS
seq10983,EVQLVESGGGLVQPGGSLRLSCATSGTIFSNTAMGWYRQAPGKKRDLVASISNSGSTNYADSVKGRFTVSRDNDKNTGYLQMNSLKPEDTGVYYCTVDARRGWNSGYWGQGTQVTVSS
seq10984,EVQLVESGGGLVQAGGSLRLSCATSGRTFSTYASMGWFRQTPGKEREFVAAITSSGSTNYADSVKGRFTISRDNAKNTVYLQMNSLKPEDTAVYYCGARVNYAAYSRLEHDYHYWGQGTQVTVSS
seq10985,QVQLQESGGGLVQPGGSLRLSCAASGFTLDYYAIGWFRQAPGKEREGISCISSSDSDTYYEDSVKGRFTISRDNAKNTVYLQMNSLKPEDTAVYYCAARHYGLCVVDRAYYAMGYWGKGTPVTVSS
seq10986,QVQLQESGGGLVQAGASLRLSCAASGSIFSINAMGWYRQAPGKQRELVAAITNQGRTTYADSVKGRFTISRDNAKNTVYLQMDSLEPEDTAIYYCKGFSPTGDYWGQGTQVTVSS
seq10987,EVQLVESGGGLVQAGGSLRLSCAASGRTLDDYVMGWFRQAPGKEREGVATISGGGDTTYYADSVKGRFTISADNAKNTVYLQMNSLKPEDTAVYYCAAVPWRWTTRRDYWGQGTQVTVSS
seq10988,VQLQESGGGLVQAGGSLRLSCAASGRTFSSYAWGWFRQAPGKEREFVARISFSGGHTYYSDSVKGRFTISRDNAKNTVYLQMNSLKPEDTAVYYCAADPTPYGLRNERNYPYWGQGTQVTV
seq10989,AVQLVESGGGLVQAGGSLRLSCAASGRTFITYAIGWFRQAPGKEREFVSAINWSGSMTSYADSVKGRFTISRDNAKNTVYLQMNGLKPEDTAVYYCAAHRGAIAPMTQSVYDTWGQGTQVTVSS
seq10990,QVQLQESGGGSVQSGGSLRLSCAASGSSISVMGWFRQAPGKEREFVAAISWSDGNTNYADSVNGRFSVSRDNTKNTVYLQMNSLKPEDTAIYYCAVEPRGWPKGHRYWGQGTQVTVSS
seq10991,QVQLQESGGGLVQTGGSLRLSCAASGRSFSSRAVGWFRQAPGKERDFVAAITWGGGGTHYADSVKGRFTISRDNARNTVYLQMNSLEPEDTAVYYCAACPIHYIGSDYSDYDFWGQGTQITVSS
seq10992,QVQLVESGGGLVQPGGSLTLSCTASGFTLDHYDIGWFRQAPGKEREGVSCINNSDDDTYYADSVKGRFTIFMDNAKDTVYLQMNSLKPEDTAIYYCAEARGCKRGRYEYDFWGQGTQVTVSS
seq10993,QVQLVESGPGLVKPSQTLSLTCTVSGGSITTNYYSWIWIRQPPGKGLEWMGASVYSGSTFYSPSLKNTSISKDTAQNQFTLQLRSVTPEDTAVYYCARASSAHWGSSFISIDYWGQGTQVTVSS
seq10994,VQLQESGGGLVQPGGSLRLSCAASGFTLDYYYIGWFRQAPGKEREGVSCISSSHGSTYYADSVKGRFTISRDNAKNTVYLQMNSLKPEDTAVYYCATVAVAHFRGCGVDGMDYWGKGTQVTVS
seq10995,QLQLVESGGGLVQAGGSLRLACSASGSIGPFAPMGWYRQAPGKQRELVAGISSDGTTTYADSVKGRFTISRDNNDKITVYLQMNSLRPEDTAVYHCNGYENWSAPWGQGTQVTVST
seq10996,QVQLQESGGGLVQAGGSLRLACAATGSIRNINTMGWYRQAPGKQRDMVAFITRAGNTDYADSVKGRFTISRDNARNTVYLRMNSLKPEDTATYYCHAEIAERSRPFYLTDDYWGQGTQVTVSS
seq10997,QVQLQESGGGVVQAGDSLRLSCVASGRTFSSLDMGWFRQTPGKEREFVAGISRSGISQYYADSMKGRFTISRDNAKNLVYLQMNSLKPEDTAVYYCAAALTFRGSDLPRDSNYWGQGTQVTVSS
seq10998,EVQLVESGGGLVQPGGSLRLSCAASGGTFTTYHMGWFRQAPGKEREFVAHISTGGATNYADSVKGRFTISADNSKNTAYLQMNSLKPEDTAVYYCATFPAIVTDSDYDLGNDWGQGTLVTVSS
seq10999,EVQLVESGGGLVQPGGSLRLSCAASGFTFRTYYMGWFRQAPGKEREFVGVTRSSDDVTYYADSVKGRFTISRDNAKNTVYLQMSRLKPEDTAVYYCAAKPVPITRYSFPQIGEEYDYWGQGTLVTVSS
seq11000,QVQLQEFGGGLVQAGGSLRLSCAVSVDPSSEYTMAWFRQAPGKEREFVAAISSIDGRTSFADSVKGRFTISRVDAVNTVYLQMNSLKPEDTAVYYCAFRWSSLYAIGRNEYGYWGQGTQVTVSS
seq11001,EVQLVESGGGLVQPGGSLRLSCQASGFTFSTYGMSWVRQAPEKGPEWVSDINSGGGTTYYAGSVKGRFTISRDNAKNTLYLQLNSLKTEDTAMYYCANAYCEGASCYGPRDYWGQGTQVTVSS
seq11002,QVQLQESGGGLVQAGGSLRPSCTASGSTLLINSMGWYRQAPGKQRELVATISNSGTTNYVDAVKGRFAISRDNANHTVYLQMNSLEPEDTAVYYCNAQTFWRRNYWGQGTQVTVSS
seq11003,LQESGGGLVQAGDSLRLSCQASGITFSLYTMGWFRQAPGKEREFVSAITWTGSSTYYADSVKDRFTTSRDIAKKTVYLQMNSLKPEDTAVYYCAAGYRIDTQPMDRDFYYYWGQGTQVT
seq11004,QVQLQESGGGSVQAGGSLRLSCVVFGNIFRNYCMAWFRQAPGKEREGVVVIYTGGGSTYYADSVKGRFTISQDNAKNTVYLQMNSLKHEDTAMYYCAADQTTRYSSDYVNVGPCDMDSWGKGTQVTVSS
seq11005,QVQLQESGGGLVQAGGSLKLSCAASGSIGSIHTMGWYRQTPGKERDVVATIQDGGTTNYADSVKGRFTISRDNTLNTVYLQMNDLKPEDTAVYYCNADVRPYRTSRYLEVWGQGTLVTVSS
seq11006,QVQLQEFGGGLVQAGGFLRFSCAFSGNTRSVNTMGWYRQAPGKQRDLVAMINRDGSTNFADSVKDRFTISRDIANSTLYLQMNSLKPEDTAVYYCHAEGLISGISPFDSWGRGTQVTVSS
seq11007,EVQLVESGGGLVQPGGSLRLTCAASGTTFKVNVMAWYRQAPGKGRELVAAVINGGTTSYADSVKGRFTISRDNAKNTLYLQMNSLRPEDTAVYYCAFVTTNSDYDLGRDYWGQGTLVTVSS
seq11008,EVQLLESGGGLVQPGGSLRLSCAHSGPTFRTDTMGWFRQAPGKGREFVAAVTWNSGRINYADSVKGRFTISRDNSKNTVYLQMNSLRPEDTAVYYCAAHRFVVGGNRVEDWRYWGQGTLVTVSS
seq11009,EVQLVESGGGLVQPGGSLRLSCAASGFSISDNWMYWFRQAPGKGHEWVSTIKTGTGSTAYADSVKGRFTISRDNAKNTLYLQMNSLKPEDTALYYCARDWDGTVRGQGTQVTVSS
seq11010,AVQLVESGGGLVQTGNSLRLSCAASGRTFSSYAMGWFRQAPGKERELVAAISSGGSTYYADSVKGRFTISRDNVKNMVYLQMNRLKPEDTAVYYCASKHGRVVATDGSYDYWGQGTQVTVSS
seq11011,EVQLVESGGGLVQAGGSLRLSCEASGRTERYQAMGWFRQAPGKEREFVAVVTRWSGARTVYADSVKGRFTISRDNAENTVYLQMNSLKPEDTAVYTCAADSTNRNSGAIYYTWAYDYWGQGTQVTVSS
seq11012,EVQLVESGGDSVQAGGSLQLSCKASGYTYNSRVDIRSMGWFRQYPGKEREGVATINIRNSVTYYADSVKGRFTISQDNAKNTVYLQMDALKPEDTAMYYCALSDRFAAQVPARYGIRPSDYNYWGEGTQVTVSS
seq11013,EVQLVESGGGLVQAGGSLRLSCVASGRSFSTYIMGWFRQAPGKEREFVATISRSGITIRSADSVKGRFTISRDNAKNTVYLQMNSLKPEDTAVYYCAAGPYVEQTLGLYQTLGPWDYWGQGTQVTVSS
seq11014,QVQLQESGGGLVQAGASLRLSCSASGRTFSDYRMGWFRQAPGKEREIWVAAISSSGYHTYYADSVKGRFTISRDNAKNTGYLQMSSLKPEDTAVYYCAVVKYLSGSYSYAGQYNFWGQGTQVTVSS
seq11015,QVQLVESGGGSVQAGETLRLSCTASGFTFAEADMGWYRQAPGHECELVSTITTEGITSEASSYYADSVRGRFTISRDNAKNMVYLQMNSLKPEDTAVYYCAPDPYAYSTYSDYCTWAQGTQGTLVTVSS
seq11016,EVQLVESGGGLVQAGGSLRLSCAASGRTFSSYAMGWFRQAPEKEREFVAAISWSGGSTVYADSVKGRFTISRDNAENTVYLQMNSLKPEDTAVYYCAAGNGGRNYGHSRARYDYWGQGTQVTVSS
seq11017,QVKLEESGGGLVQPGGSLRLSCAATGSISSIYAMGWYRQAPGKQREVVAVITNGNSPNYADSVKGRFTISRDNAKNTVYLQMNSLKPEDTAVYYCNVEGVRYGDSWYDGDYWGQGTQVTVSS
seq11018,EVQLVESGGGLAQAGGSLRLSCAASGRTYAMGWFRQAPGKEREFVTTSRLITDNIIYADSVKGRFTLTRDNGKNTVYLQMDSLKPDDTAVYFCAARQNYSRSVFGAKDYDYWGQGTQVTVSS
seq11019,EVQLEESGPGLVKPSQTLSLTCTVSGGSITTRYYAWSWIRQPPGKGLEWIGVIDYDGDTYYSPSLKSRVTISWDTSKNQFSLKLSSVTPEDTAVYYCARDPDVVTGFHYDYWGQGTLVTVSS
seq11020,EVQLQASGGGSVQAGGSLRLSCVASQNLFEYYTMGWYRQVPGSQRERVALINNGDSNVAGSVEGRFTISRDNAKNSIYLQMNNLKPEDSAVYYCRAFGPADYWGQGTQVTVSS
seq11021,EVQLVESGGGLVQPGGSLRLSCEASGFTFSSYWMYWVRQVPGKGLEWVSAISTGGGDTHYQDSVKGRFTISRDNAKNTLYLQMSSLKPEDTALYYCARNRDSGTSYITFSLTDFASWGQGTQVTVSS
seq11022,QVKLEESGGGLVQPGGSLRLSCAASGFTFDDYAIGWFRQAPGKEREGVSCISSSDGSTYYADSVKGRFTISRDNANNTVHLQISNLKPEDTAVYYCATPWVTYCPENLLFSYWGQGTQVTVSS
seq11023,DVQLQASGGGLVQPGGSLRLSCAASGSIVGIRAMTWYRQAPGKQRELVAVLTSAGKPMYADSVKGRFTISRDNAKNTVYLQMNSLKPEDTAVYYCNADFGTPGSVVLGPWGQGTQVTVSS
seq11024,EVQLVESGGGLVQPGGSLRLSCAASGFTFSSYDMSWVRQAPGKGLEWVSTIYSDGYNTYYADSVKGRFTISRDNAKNTLYLQMNSLKSEDTAVYYCAKKDYAVVPLDEYDYWGQGTQVTVSS
seq11025,EVQLQESGPGLVKPSQTLSLTCTVSGGSITTRYYAWSWIRQPPGKGLEWIGVIDYDGDTYYSPSLKSRVTISWDTSKNQISLQLSSVTPEDTAVYYCARDPDVVTGFHYDYWGQGTLVTVSS
seq11026,QVQLQESGGGLVQAGGSLKLSCAGSGSTFSINAMAWYRQAPGERRELVAGISGDNITNYPDSVKGRFTISRDNAKNTVYLQMSSLKPEDTAVYYCNLWPPRASPGGRVYWGQGTQVTVSS
seq11027,QVQVQESGPGLVKPSQTLSLTCTVSGGSITTSYYAWNWIRQPPGKGLEWMGVIAYDGSTDYSPSLKSRTSISRDTSKNQFSLQLSSVTPEDTAVYYCARDYRINSDYAGGYDYWGQGTQVTVSS
seq11028,EVQLVESGGGLVQAGGSLRLSCAASGSIFNFNYMGWFRQAPGKEREFVAAIRWSGRSTYYADSVKGRFTISRDDAKNTVALQMNSLKPEDTAIYYCALRKGIPYSTSDRVIKGVNDYEYWGQGTQVTVSS
seq11029,QVQLQESGGGLVQAGGSLRLSCVASGSGSRINYMAWHRQTPGRQRELVAVINRTGAANYARSVKDRFTISRDNAKNTVYLQMNDLKPDDTAIYYCFASYLGAGAYWGQGTQVTVSS
seq11030,QVKLEESGGGLVQAGGSLRLSCAVSGGTFSSIGMGWFRQAPGKEREFVGAISRSGDSTYYADSVKGRFTISRDGAKNTVYLQMNSLKDEDTAVYYCAGRPAGTAINIRRSYNYWGQGTQVTVSS
seq11031,QVQLQESGGGLVQAGGSLRLSCAASGRTSMFNSMGWHRQAPGKQRELVAIIRSGGSSNYADTVKGRFTISRDNTKNTVYLQMNDLKPEDTAVYYCFYYFQSSYWGQGTQVTVSS
seq11032,EVQLVESGGGLVQPGGSLRLSCAASGFTLDGYAIGWFRQAPGKEREAISCITTAGTIYYADSVKGRVTISRDNTKNMVYLQMNSLKPEDTAVYLCAADGFDTPCVAGTDWGYDYEGQGTQVTVSS
seq11033,VQLQESGGGSVQAGETLRLSCTASGFTFDDSDMGWYRQAPGNECELVSTISSDGSTYYADSVKGRFTISQDNAKNTVYLQMNSLKPEDTAVYYCAADHGGGYELGTCAALDYWGRGTQVTVSS
seq11034,EVQLVESGGGLVQPGGSLRLSCAASGFTFGAFTMGWFRQAPGKERERVAAITCSGSTTYADSVKGRFTISADNSKNTAYLQMNSLKPEDTAVYYCSAALDGYNGSWGQGTLVTVSS
seq11035,EVQLVESGGGLVQAGGSLRLSCAASGRAHSDYAMAWFRQAPGKEREFVAGIGWSGGDTLYADSVRGRFTNSKDNAKNRMSLQMNSLKPEDTAVYYCAARQGQYIYSSMRSDSYDYWGQGTQVTVSS
seq11036,QVQLQESGGGLVQAGGSLRLSCAASGRTFSSYAWGWFRQAPGKEREFVARISFSGGHTYYSDSVKGRFTISRDNAKNTVYLQMNSLKPEDTAVYYCAADPTPYGLRNERNYPYWGQGTQVTVSS
seq11037,EVQLVESGGGLVQPGGSLRLSCAASGRTFGDYIMGWFRQAPGKEREFVAAINWSAGYTPYADSVKGRFTISADNSKNTAYLQMNSLKPEDTAVYYCATAPPLFCWHFDLWGQGTLVTVSS
seq11038,EVQLVESGGGLVQPGGSQRLSCTASGTIVNIHVMGWYRQAPGKQRELVALIFSGGSADYADSVKGRFTISRDNSKNTVYLQMNSLRPEDTAVYYCAAEIGYYSGGTYYSSEAHWGQGTLVTVSS
seq11039,QVQLQESGGGLVQAGGSLRLSCAASGIAFSMFDMVWYRQAPGKQRELVASVSDGGSTAYADSVKGRFTISRDNAKKMVYLQMNSLKPEDTAVYYCKAARSWAYGSGYWGQGIQVTVSS
seq11040,QLQLVESGGGLVQPGGSLRLACAASGFNLDDYADIGWFRQAPGKERERVLCITISDGTTYYEDSGKGRFSISTDIAKNTVFLQMDSLKAEDTAVYYCAGDPAPFCLYNTYVPRTWGQGTQVTVSS
seq11041,EVQLVESGGGLVQAGGSLRLSCAASGSTFDIYAMGWFRQAPGKEREFVASISSGDTNTYYADSVKGRFTISADNAKNTVYLQMNSLKHEDTAVYYCAAGRYSGYNSWGQGTQVTVSS
seq11042,EVQLVESGGGLVQPGGSLRLSCAASGPTFSSYAMMGWFRQAPGKEREWVAAINNFGTTKYADSVKGRFTISADNSKNTAYLQMNSLKPEDTAVYYCAASASDYGLGLELFHDEYNWGQGTLVTVSS
seq11043,AVQLQASGGGLVQTGDSLRLSCADSGSTFRNYNIGWFRQTPGQAREFVAAVSRTGISTHVADSLQGRFTISRDNAKNTVYLQMNSLKPEDTAVYSCAAGRPGVGAVNRAMDYDYWGQGTQVTVGG
seq11044,EVQLVESGGGLVQPGGSLTLSCVASGSTSLNNAIGWYRRAPGKQRELVAGISSDGSVVYVDSVKGRFTISRDNAKNSVYLQMNSLRAEDTAVYYCYYFRTVPGASMKYWGQGTLVTVSS
seq11045,LQESGGGLVQTGGSLRLSCAASGRTFSNYHMGWFRQAAGKEREFVAHMTGTGSITHYADSVKGRFTISGDSAKNTVYLQMNNLKPEDTAVYYCAATVLARRPAPEAYDYWGQGTQVT
seq11046,VKLEESGGGLVQAGGSLKLSCVASGSRFSENAMGWYHQAPDKQRTLVAAITSSRSTLYIDSVKGRFTISRDNAKNTVYLQMSNLKPEDTGVYYCNPYPSPNSYWGQGTQVTVSS
seq11047,VQLQESGGGLVRTGESLGLSCAASGRSILIKGMGWYRQAPGKEREMVATISMAGVTNYSDSVKGRFTISRDNYKKTVSLQMNNLRPEDTAVYVCNAQTRLWSYWGQGTQVTVSS
seq11048,VDQLQESGGGLVQPGGSLRLSCAASGRTFSSYAMGWFRQAPGKQREFVAAIRWSGGYRYYTDSVKGRFTISRDNAKTTVYLQMNSLKPEDTAVYYCAATYLSSDYSRYALPQRPLDYDYWGQGTQVTVSS
seq11049,VQLQESGGGSVQPGGSLKLSCAASGFTFNWYTMAWYRQVPGEERKMVATITGASGDTKYADSVKGRFTISRDNAKNTVTLQMNSLKPGDTAVYYCHAYLTYDSGSVKGVNYWGQGTQVTVS
seq11050,QVQLVESGGGLVQAGGSLTLSCAASGLTFTSHTMGWFRQAPGKEREFVATISWSGGNTYYADSVKGRFTISRDNAKNTVYPQMNSLKPEDAAVYYCAADRSSFRSYGGSSRVKVEGEYNYWGQGTRVTVSS
seq11051,EVQLVESGGGLVQPGGSLRLSCAASGLTLDYYALGWFRQAPGKEREGVSCISSVDHSTTYADSVKGRFTISWDNAKNMVYLQMNSLKPEDTAVYYCAADPALGCYSGNYYPRYDYWGQGTQVTVSS
seq11052,EVQLVESGGGLVQAGGSLRLSCAASGLTFNQYTITWFRQAPGKEREFVAAVSWSGSSESVSNSVKGRFTISRDNAKNTAYLAMNSLKPEDTAVYYCAADRRGLASTRAADYDYWGQGTQVTVSS
seq11053,QVQLQESGGGLVQAGGSLRLSCVASGRTVSNYAMGWFRQAPGKEREFVARITGSGSSTFYADSVKGLFTISRNNLSNTVYLQMNSLKREDTAVYYCAADRWRSMVTRSDPREYENWGQGTQVTVSS
seq11054,EVQLVESGGGLVQPGGSLRLSCAASGTIVNIHVMGWYRQAPGKQRELVALIFSGGSADYADSVKGRFTISRDNSKNTVYLQMNSLRAEDTAVYYCAAEIGYYSGGTYYSSEAHWGQGTLVTVSS
seq11055,EVQLVESGGGLVQAGGSLRLSCVVSGVFGPIRAMAWYRQAPGKQRDWVATIGSSGHPVYTDSVKGRFTFSKDGAKNTVYLQMNSLKPEDTAVYYCRDINRDYWGQGTQVTVSS
seq11056,DVQLVESGGGSVQAGGSLRLSCTISGSTYCDIDMGWYRQAPGKEREFVSLMDPDGSATYADSVKGRFTMSQDGAKNTVNLQMNSLKPEDTAKYYCKIEKSRGPRCYGYNTWGQGTQVTVSS
seq11057,QVQLQESGGGLVVAGGSLRLSCAASGSSVSFLSMAWYRQAPGKKRELVAGISVDGSTNYADSVKGRFTISRDNAENTVYLQMNSLQPEDTAVYYCYAYRWEGRNTYWGQGTQVTVSS
seq11058,QVQLQESGGGLVQAGGSLRLSCAASGIFSTNYMVWCRQAPGKQRELVAAFTNDGGTLYADSLKGRFSISQDNAKNTVLLLMNSLKPEDTAVYYCCGLGHWGRGTKVTVSS
seq11059,EVQLVESGGGLVQAGGSLRLACAASGRTFSTLAMGWFRQAPGKEREFVAAISWSEVNTYYTDSVKGRFTISRNNAENTVYLQMNSLKPEDTAVYYCAADRHYSAQQMRVMTGASYMDYWGKGTLVTVSS
seq11060,QVQLQESGGGLVQAGGSLRLSCAASERTFSRYAMGWFRQAPEKEREFVAAINWSGSSTYYADSVKGRFTVSRDDAKNTVYLQMNSLKPEDTAVYYCAAHYQGSYGSALAYDIWGQGTQVTVSS
seq11061,LQLVETGGGLVRAGGSLKLTCAASGDIFSIKAMGWYRRAPGKKRESVAAISAAGDTLYADSVKGRFTISRDNDANTLFLQMNSLKPEDTAMYYCAAEINNSDSLNQGGQGTQVTVSS
seq11062,QVQLQESGPGLVKPSQTLSLTCTVSGGSITTNYYYWSWIRQPPGKGLEWMGAISYSGSTDYSPSLKSRTSISRDTSQNHFTLQLSSVTPEDTAVYYCARADEYEEYDYWGQGTQVTVSS
seq11063,QVQLQESGGGLVQAGGSLRLSCADSGSTFGLGAMGWYRQSPGKQRELVASITSGGRTNYADSVKGRFTISRVGAKRTVYLQMNSLRPEDTAVYVCNARFGIRDFWGQGTQVTVSS
seq11064,KVQLVESGGGLVQAGGSLRLSCAAPGRTFSNYAMGWFRQAPGKGREFVADIRWSDGRTYYADSVKGRFTVSRDNAKNTVYLQMNSLKPEDTAVYYCAAQGGVLSGWDYWGQGTQVTVSS
seq11065,EVQLVESGGGLEQAGGSLRLSCAASGLTFRSAAMGWFRQGPGKEREFVAAISRDGAATYYTDSVKGRFTISRDNAKNTVFLQMNSLKPEDTAIYYCAADFRLARLRVADDYDYWGQGTQVTVSS
seq11066,QVQLVESGGGSVQAGGSLRLSCVVSAATNCRYIAWYRQAPGKAREFVSTLGSDGNTNYADSVKGRFTISQGNIKNMAYLEMNSLKPEDTGMYYCGTRCQIGDDWRSSDWAQGTQVTVSS
seq11067,QVQLQESGGGSVQTGGSLRLSCTASTSIYNNNYMAWFSQSPGKGREGVAAVYMDDGRPYYADSVKGRFTISLDSAKNTMYLQMNSLKPEDTAMYYCAAAPGPLSRNYWYTSANYDYWGQGTQVTVSS
seq11068,EVQLVESGGGLVQAGGSLRLSCTASERTFSSYNMGWFRQAPGKERVFVAVIDWSGGLAYYADSVKGRFTISRDNAKKTVYLQMNSLKPEDTAVYYCAARSVYRGSTKPYEYDYWGQGTQVTVSS
seq11069,QVQLVESGGGLVQAGGSLRLSCAASGRTFSSYAMGWFRQAPGKEREFVAVISWSGGSTYYADSVKGRFTISRDNAKNTVYLQMNSLKPEDTAVYYCASGEQPGSNRPYIPEQPIEFMPTDYPSWYDYWGQGTLVTVSS
seq11070,QVQLVESGGGLVQPGGSLRLSCAGSGFTFSSYAMSWYRQTPGKQRELVASITGSGRTNYAVSVKGRFTISRDNAKNTVYLQMNSLKPEDTAVYYCNRKNLLLGAFTWGQGTQVTVSS
seq11071,EVQLVESGGGLVQAGGSLRLSCAASGRSFSSHRMGWFRQAPGKEREFVASISRSGENTYYADSVKGRFTISRDNAKNTVYLQMNSLKSEDTAVYYCAASGGMGISAPNSYAYWGQGTQVTVSS
seq11072,QVQLQESGGGLVQAGGSLRLSCAASGRTFNNNGMGWFRQAPGKEREFVAAISWSGGSTYYADSVKGRYIMSRDNAKNTVYLQMNSLKPEDTAVYYCAARTRYNSGLFSRNYDYWGQGTQVTVSS
seq11073,DVQLVESGGGSVQAGGSLRLSCAASGRTISNYDMAWSRQAPGKEREFVARISGSGDRTDYADSVKGRFTISRDNAKNTVYLQMNSLKPEDTAIYYCQIQDFRSPDFWSQGTQVTVS
seq11074,QVQLQESGGGLVQPGGSLRLSCAASGSRFSRYDMGWYRQAPGKQRELVATITSGGITNYADSVKGRFTISRDNTKNTVYLQMNSLKPEDTAVYYCNAEDPLRAIQLGSLTYEYWGQGTQVTVSS
seq11075,EVQLVESGGGLVQAGESLRLSCAASGGIVSGGAMGWYRQAPGKQRELVAAVDRRASPVYGDSVKGRFTCSGDSARNTVYLQMNSLKPEDTAVYYCTALLGGRLYWGQGTQVTVSS
seq11076,QVQLQESGPGLVKPSQTLSLTCTVSGGSITTTYNAWSWIRQAPGKGLEWMGVIHDDGMTYYSPSLKSRTSISRDTSKNQFSLQLGSVTPEDTAVYYCAQGIAITSNYGMDYWGKGTLVTVSS
seq11077,EVQLVESGGGSVQAGGSLTLSCEASGNTYSSNYMGWFRQAPGKEREEVAVIYTRGGHTYYVDSVRGRFTISQDNAKNTVYLQMNSLKPEDTAMYYCAASSRHRLGLNNPRDYDYWGQGTQVTVSS
seq11078,EVQLVESGGDLVQPGGPLRLSCAASGNIFSINDMGWFRQAPGKQRELVADIISRGVTNYADSVKGRFTISGDPAKNTVYLQMNSLKPEDTAVYYCNAHISTGWGRPHNNYWGQGTQVTVSS
seq11079,DVQLVESGGGLVQPGGSLRLSCAASGRTFSYNPMGWFRQAPGKGRELVAAISRTGGSTYYPESVEGRFTISRDNAKRTVYLQMNSLRAEDTAVYYCAAAGVRAEQGRVRTLPSEYTFWGQGTQVTVSS
seq11080,QVQLQESGGGLVQVGGSLRLSCAASGSTFSINNAMGWYRQAPGKRREWVAGISSGGVTHYPDSVKGRFTISRDNAKNIVYLQMNSPKPEDTAVYYCNLWPPRASPSGSIYWGQGTQVTVSS
seq11081,EVQLVESGGGLVQAGESLTLSCAASGRTLSAYIMGWFRQAPGKEREFVAGIWSGGYTHLADSAKGRFSISRDNAKNTVYLQMNGLKPEDTALYYCAAGLRGRQYSNWGQGTLVKVSS
seq11082,EVQLVESGGGLVQTGGSLRLSCAASGNTFNFNVMGWYRQAPGKQRELVTIIDNSGTTNYADSVKGRFTISRDNAKNTVYLQMNSLKPEDTARYFCHARRGGSLYTLGDSNYWGQGTQVTVSS
seq11083,EVQLVESGGGLVQAGDSLRLSCAASGRTFSFDAKGWFRQAPGKEREFVAAINWSGSDTHYADSVKGRFTISRDNAKNTVYLQMNSLKPEDTAVYYCAAAFDYSGSYDSVGLWDYWGQGTQVTVSS
seq11084,QVQLVESGGGLVQPGGSLRLSCAASGFTLDYYAIGWFRQAPGKEHEGVSCISPSGGSTNYADSVKGRFTISRDNAKNTVYLQMNSLKPEDTAVYSCVAVARGTWGRG
seq11085,QVQLQESGGGLVQPGGSLRLSCADSGSTFGLGAMGWYRQSPGKQRELVASITSGGRTNYADSVKGRFTISRVGAKRTVYLQMNSLKPEDTAVYVCNARFGIRDFWGQGTQVTVSS
seq11086,YVQLAESGGGLVQPGGSLILSCAASGSICTSNAMGWYRPALWKQREEVADITSGGSTNYADSVKGRFTISRDNAKNTVYLQMNSLKPKVTAVYYCKAVVVTTTPYSDYWGQGTLVTVSS
seq11087,EVQLQASGGGLVQAGGSLRLSCAASGRATGNYPMGWFRQAPGKEREFVAAISRDGDSTYYRDSVKGRFTISRDNAKNTVYLQMNSLKPEDTAVYYCAADRLTAYRYNPGQIDYWGQGTQVTVSS
seq11088,QVQLQESGGGLVQPGGSLRLSCAASGSIFRVNAMGWYRQVPGNQREFVAIISGDTTNYADAVKGRFTISTDNVKKTVYLQMNVLESEDTAVYYCNAVLQTSRWSIPSNYWGQGTQVTVSS
seq11089,EVQLVESGGGLVQPGGSLRLSCAASGGTFSSIGMGWFRQAPGKEREFVAAISWDGGATAYADSVKGRFTISADNSKNTAYLQMNSLKPEDTAVYYCAKEDVGKPFDWGQGTLVTVSS
seq11090,QLGASGGGLVQPGGSLRLSCALSGFTLRELDEFAIGWFRQAPGKEREGVSCISGTGGITHYADSVKGRFTISRDIAKTTVYLQMNSLNSEDTAVYYCAADERCTDRLIRPPTYWGQGTQVTVS
seq11091,EVQLVESGGGLVQTGASLRLSCAASGRTFSNYAMGWFRQAPGKERERVAAITPRAFTTYYADSVKGRFTISRDNAKNTAYLQMVSLKPEDTATYYCAAQLVGSGSNLGRQESYAYWGQGTLVTVSS
seq11092,DVQLVESGGGLVQPGGSLRLSCRPSISIFSIDLMGWYRQAPGKEREVVATITKGGRTSYVDAVKGRFTISTDNSKNTVFLQMNRLTPEDTAVYYCAAKISVGGDHSLEMGQGTQVTVSS
seq11093,DVQLVESGGGLVQPGGSLRLSCAASGSIGGLNAMAWYRQAPGKERELVAGIFGVGSTRYADSVKGRFTISRDNSKNTVYLQMNSLRPEDTAVYYCRMSSVTRGSSDYWGQGTLVTVQS
seq11094,EVQLVESGGGLVQPGGSVRLSCVASGIIFRLSALGWTRQGPGKAREWVAGINSDGTTNYADPVKGRFTISRDNAKNTIYLHMDMLKPEDTAVYYCASGKYRGQGTQVTVSS
seq11095,EVQLVESGGGSVQAGGSLRLSCAASGIPIQDSVVLWFRQAPGKEREGVLAAKYRSPTYYADSVKGRFTISQDNAKNTVYLQMNSLKPEDTAIYYCAAIRAVIGRHIRPHIYWGQGTQVTV
seq11096,EVQLVESGGGLVQPGGSLTLSCVASGSTSRINAMGWYRRAPGKQRELPAGISSDGSKVYAVSVKGRFTISRDNAKNSVYLQMNSLRAEDTAVYYCYYFRTVSGSPMRYWGQGTLVTVSS
seq11097,EVQLVESGGGLVQPGGSLRLSCAASGFTFSSYRMYWVRQPPGKGLEWVSAISAGGGSTYYGDSVKGRFTISRDNAKNTVYLQMNSLKPEDTAVYYCANRAGWGMGDYWGQGTQVTVSS
seq11098,EVQLVESGGGLVQPGGSLRLSCAASGSIFKVNAMGWYRQAPGKGRELVAGIISGGSTNYADSVKGRFTISRDNAKNTLYLQMNSLRPEDTAVYYCAFIASNSEYDLGRRFWGQGTLVTVSS
seq11099,EVQLVESGGGLVQAGGSLRLSCAASGRTFSSYAMAWYRLAPGKEREYVAAIRWSGGTAYYADSVQGRFTISRDNAKNTVYLQMNSLKPEDTAVYYCANRAPDTRLGPYLYDYWGQGTQVTVSS
seq11100,EVQLLESGGGLVQPGGSLRLSCAASGRIFSLPASGNIFNLLTIAWYRQAPGKGRELVATINSGSRTYYADSVKGRFTISRDNSKKTVYLQMNSLRPEDTAVYYCQTSGSGSPNFWGQGTLVQVSS
seq11101,QVQLQESGGGLVQPGGSLRLSCAASGFTFSTYGMSWVRQAPGKGLRWVSSISSGGVPMYASSVKGRFTISRDNAKNTLYLQMNSLKPEDTAVYYCVKGYYTGDFLPPGQGTQVAVSS
seq11102,QLQLVESGGGLVQPGGSLRLSCEASGFTFDDYAIGWFRQAPGKEREEVSCISHNGGTTNYADSVKGRFSISRDNAKNTVYLQMNGLKPEDTANYYCAGARSGLCVFFELQDYDYWGQGTQVTVSS
seq11103,EVQLVESGGGLVQAGGSLRLSCAASGRTFSSYTMAWFRQAPGKEREFVGLISWNAKSTYVTDSVKGRFTITRENAKDMVYLQMNSLKPEDSATYYCAANRYGSSVPGAYNYWGQGTQVTVSS
seq11104,QVQLVESGGGLVQPGGSLRLSCAASGSIFRIDGMHWYRQAPGKGLELVASITPSGITHYADSVKGRFTISRDNSKNTLYLQMNSLRAEDTAVYYCNAHLVKVGGVWSDEYWGQGTLVTVSS
seq11105,EVQLVESGGGLVQTGGSLRLSCAASGFTSDDHAIGWFRRAPGKEREGLSYISIEDGSTYTADSVKGRFTISSDNAKNTVYLQMNSLKPEDTAVYYCAAAILGDYVRWLQEYDYDYWGQGTQVTVSS
seq11106,EVQLVESGGGLVQPGGSLRLSCAASGGSLSNYVLGWFRQAPGKEREFVAAINWRGDITIGPPNVEGRFTISRDNAKNTGYLQMNSLAPDDTAVYYCGAGTPLNPGAYIYDWSYDYWGQGTLVTVSS
seq11107,EVQLVESGGGLVQAGGSLRLSCAASGRTFSNYAMGWFRQAPGNEREFVAAISWSGGSTVYADSVKGRFTISRDNAENTVYLQMNSLKPEDTAVYYCAAGNGGSYYGHSRARYDYWGQGTQVTVSS
seq11108,EVQLVESGGGLVQAGDSLRLSCAASGRTFSSYAMGWFRQAPGTERQFVARITGKGDSTDYADSVRGRFTISRDNAKNTVYLQMNSLKPEDTAVYYCAADAFNSLLQAGRAEYWGQGTQVTVSS
seq11109,VQLQESGGGLVQAGGSLRLSCAASGSIDSRNTMGWYRQAPGKRREWVATITTGGRTNYADSVKARFTISRDNAKNTVYLQMNSLKPEDTAVYYCNLAPPIFNSWGQGTQVTVSS
seq11110,VKLEESGGGLVQPGGSLTLSCAASGFTLDNYAIAWFRQAPGREREWVSSTGSDGNLYTPSVRGRFTISRDNAKNTVYLQMNSLKPEDTAVYYCVAGKRPVITTWIALDAWGQGTQVTVSS
seq11111,EVQLVESGGGSVQAGESLRLSCAASGSIFSSNAMAWYRQAPGKQRDLVALINSVGITKYAGSVKGRFTISRDNAKNTVYLQMNSLKPEDTAVYYCTSDPRRGWDTRYWGQGTQVTVSS
seq11112,EVQLVESGGGLVQAGGSLRLSCAASGFTLDNYVIGWFRQAPGKEREEVSCISSSGGSTDYLDSVKGRFTISRDNAKNTVYLQMNSLKPEDTAVYYCAADSLPCYYDKMVYDYWGQGTQVTVSS
seq11113,QVQLQESGGGLVQPGGSLRLSCAASGFTFSNSDMAWFRQAPGKGLEWVSVIDSGGGYTYYADSVKGRFTISRDNAENTLYLQLNSLKTEDTAMYYCAKTDLRYSRIYPYGKWGQGTQVTVSS
seq11114,EVQLVESGGGLVQPGRSLTLSCAASTNIESISPMGWYRQAPGKQRELVAAIHGFSTLYADSVKGRFTISRDNAKNSIYLQMNSLRPEDTALYYCNKVPWGDYHPGNVYWGQGTQVTVSS
seq11115,EVQLVESGGGLVQPGGSLTLSCAASGSQVSFLSMAWYRQAPGKKRELVAGISRDGSTDYIDSVKGRFTISRDNAKNSVYLQMNSLRAEDTAVYYCYAYRWTTRYIYWGQGTLVTVSS
seq11116,DQLLESGGGLVQPGGSLRLSCAASGGSLSNYVLGWFRQAPGKGREFVAAINWRDDITIGPPNVEGRFTISRDNAKNTLYLQMNSLRPEDTAVYYCGAGTPLNPGAYIYDWSYDYWGQGTLVTVSS
seq11117,EVQLVESGGGLVQPGGSLRLSCAASGFTFGSADMSWVRQAPGKGPEWVSAINSNGGSTYYAASVKGRFTISRDNAKNTLYLQMNSLKPEDTAVYYCAQGNWYTEEYHYWGQGTLVTVSG
seq11118,DVQLVESGGGLVQPGGSLRLSCAASGFTFDDYALGWFRQAPGKEREGVSCIRCSDGSTYYADSVKGRFTISSDNSKNTVYLQMNSLRPEDTAVYYCAASIVPRSKLEPYEYDAWGQGTLVTVSS
seq11119,QVQLQESGGGLVQAGGSLRLSCEAPVSTFNINAMAWYRQAPGKSRELVARISSGGSTNYADSVKGRFTISRDNAKNTVYLQMNSLKPEDTAVYICYVNRHWGWDYWGQGTQVTVSS
seq11120,EVQLVESGGGLVQPGGSLRLSCAASGFTLENYAIAWFRQAPGKEREGVSCISSKDSNTYYADSVKGRFTISRDNAKNTVYLQMNSLKPEDTAVYYCAADRLFSCAIIGWDDPPFGSWGQGTQVTVSS
seq11121,EVQLVESGGGLVQPGGSLRLSCAASGLPFSTLHMGWFRQAPGKEREFVASLSIFGATGYADSVKGRFTISADNSKNTAYLQMNSLKPEDTAVYYCWMYYYDSSGYYGNYYYGMDVWGQGTLVTVSS
seq11122,QVQLQESGGGLVQAGGSLRLSCAASGRTFSIYAMGWFRQAPGKEREFVAVINRGGGTTTYADSVKGRFTISRDNTKNTVSLQMNSLKPDDTAVYYCAADRVTDTYYYLNPESYDYWGQGTQVTVSS
seq11123,EVQLVESGGGQVQPGGSLSLSCESSVSIWSFKVMGWFRQVPGKQRELVATITTGGSPDYSDSVKGRFTISRDYDKRTLYLQMNSLKPEDTARYYCAGRLWAHITSSGHDVWGQGTQVTVSS
seq11124,EVQLVESGGGLVQAGGSLRLSCAAPEMGATINVMAWYRQAPGKQRELVARLPHDNNIDYGDFAKGRFTISRDITRNTVYLQMNNLKPDDTAVYYCNVLLSRQINGAYVHWGQGTQVTVSS
seq11125,GGGLVQAGGSLRLSCAASGSTFSITYMAWFRQAPGKQRELVAEISSRGSVFYADSVKGRFTISRDNAKKTVYLQMNSLETEDTAAYYCSVGARRDEDDYVYWGQGTQVTVSS
seq11126,VKLEESGGGLVQPGGSLRLSCVGSGSISSFNGMGWYRQVPGKQRELVAFISSGGRSKYTDSVKGRFTISGDNAKSTVYLQMINLKPEDTAVYYCNVGSVLSYVTGNYYEPSDYWGQGTQVTVSS
seq11127,VQLLESGGGLVQAGDSLRLSCAASGRTDSLYAVGWVRQAPGKDREFVAAITWIGGAVLYADSVKGRFTISKKFGGNTVYLQMNNLAPEDTAVYSCASTFRRIWDAEESIFDTWGQGTQVTVS
seq11128,VQLVESGGGSVQAGGSLTLSCEVPAAMMSENIMGWFRQAPGKSRVFVANIVSGSDKVHIADAVQGRFTISRDNAKNTVYLHMSQLKLEDTAVYYCNLKAWTPTYSETWGQGMQVTVSS
seq11129,EAQLVESGGGLVQAGGSLRLSCTASGRTYSTTMGWFRQAPGKEREFVAAIRWSGGSAFYADSVKGRFTISRDNAKNTVYLQMTSLMPEDTAVYYCADTPVYYQRYYDQNAYDYWGQGTQVTVSS
seq11130,QVQLQESGGGLVQAGGSLRLSCAVSGNTLSRYAMGWFRQTPGNEREFVAAIRWNNGATYYAESVEGRFTISRDTGKNTVYLQMNNLQPEDTAVYYCAGRFLGYASSNAYHEALYNYDYWGQGTQVTVSS
seq11131,QVQLQESGGGLVQPGGSLRLSCSASGNRFSSSYVMGWYRQAPGKQRELVATVTSGGLTHFKDSVKGRFTISRDNAKNTVYLQMNSLKPEDTAVYYCNARILLTNYWGQGTQVTISS
seq11132,EVQLVESRGGLVQAGGSLRLSCAASGPLPRDSILGWFRQAPGKEREFVASIVWTGVMTSYADSVKGRFTISRVNAENTVYLQMNGLKPEDTAVYYCAATTTFGRINWGRASWGQGTQVTVSS
seq11133,LQQSGGGLVQAGGSLRLSCAASGGSFSIYTMAWFRRAPGKDREFVAAISRSGGSTDYAESVKGRFTISRDSAENTVFLRMNSLKPEDTAIYYCAADKTTFWNIPRDEYDYWGQGTLVT
seq11134,GGLVQSGGSLTLSCEASGFIFVRNPMSWYRQSPGKGREFVAAIDGASNKEYADFAKGRFTISRENVKRTAYLIMTGLKPEDAADYFCSITINGRDYWGQGTQVTVSS
seq11135,EVQLVESGGGEVQPGGSLRLSCAASRRPFSSKTMAWFRQAPGKEREFVAAVRWIGGATRYAESVKGRFTISRDNAKNTVYLQMSSLRAEDTAVYYCAAGQAWGTKFTDYSDWGQGTLVTVKP
seq11136,QVQLQESGGGLVQPGGSLRLSCAASGFTFSNSPMSWMRQAPGKGVEWVSSINIGAGTTRYAESVAGRFTIARDNAKNTLYLQMNSLKPEDTAVYYCAKGLASTIRGQGTQVIVSS
seq11137,EVQLVESGGGVVQAGGSLRLSCAASGLTFDIYSMGWFRQQPGKEREFVASIGRSGNSTNYASSVKDRFTISRDNAKKLVYLEMNSLTVEDAAVYVCAAKDGPLITHYSTTSMYWGQGTQVTVSS
seq11138,EVQLVESGGGLVQAGGSLRLSCAASEGYFRNYMVGWFRQAPGGERMFVAAISDTAYYADSVKGRFTISRDNAKNTVYLPMNSLKPEDTAVYYCAAAPKSWGTWPLVADTRSYHFWGQGTQVTVSS
seq11139,QVQLVESGGGVVQPGGSLRLSCAASDSIQSLVNMGWYRQAPGKQRELVALIANYITHYADFVKGRFTISRDNSKNTLYLQMNSLRAEDTAVYYCYARNIIVDYWGQGTLVTVSS
seq11140,QVQLVESGGGLVQAGGSMRLSCAASGRTPRHYILGWFRQAPGKQREFVAAIRESGSRTYYADSVRGRYTISRDNTKNAVDLQMNSLKPEDSATYYCAVDQYPTPEFSTQVGHYDYWGQGTQVTVSS
seq11141,QLQLVESGGGLVQVGGSLRLSCAASGFPFDGYAIAWFRQAPGKEREGVSCRASDGNTYYAESLKGRLTMSTDNAKNTVYLQMNSLKPEDTAVYYCAAASWVASLWSPSEYDYWGQGTQVTVSS
seq11142,QVQLQESGGGLVQPGGSLRLSCAVSRNFFSINAMGWYRQAPGKQRELVAAITNGGRIAYGTSVMGRFTISRDDAKNTVDLQMNSLRPEDTAVYYCNAKAIPVYGSTVEDYWGQGTQVTVSS
seq11143,VQLQESGGGLVQPGGSLRLSCAASGFTFDDYAIGWFRQAPGKEHEGVSCISRSDGSTYYDDSVKGRFTISSDNAKNTVYLQMNSLKPEDTAVYYCAAEVPSTYSCSGFREDYKGKGTQVTVSS
seq11144,VKLEESGGGLVQAGGSLRLSCAASGGTASSYAMGWFRQAPGKEREFVAAISRSGGNTDYVDSAKGRFTISRDDAKNTVSLQMNSLRLEDTAVYYCAARYAGTWPNDAGTVYWLPPNYNYWGQGTQVTVSS
seq11145,EVQLVESGGGLVQPGGSLTLSCAASGSTVSFLSMAWYRQAPGKKRELVAGISHDGSTDYIDSVKGRFTISRDNAKNSVYLQMNSLRAEDTAVYYCYAYRWTTRYTYWGQGTLVTVSS
seq11146,QVQLQESGGGLVQAGGSLRLSCRASGRTFSSSSMGWFRQAPGKERDFVAAISWDGASTRYADSVKGRFTISRDNAKNTVYLQMNSLKPEDTAVYYCAASTMDFIVLLTKWYPYWGQGTQVTVSS
seq11147,EVQLVESGGGLVQPGGSLRLSCAASGRTFRHYAMGWFRQAPGKEREFVAAISSYGSTDYADSVKGRFTISRDNSKNTVYLQMNSLRPEDTAVYYCAAADETLGAVPNFRLHEKYEYEYWGQGTLVTVSS
seq11148,EVQLVESGGGLVQAGGSLRLSCAASGSTFSIKSMGWYRRQAPGKQRELVATISSDGTTNYADSVKGRFTITRDAAKNTVYLQMNSLKAEDTAVYYCNTKAGLGSRSREPYNYWGQGTQVTVSS
seq11149,EVQLLESGGGEVQPGGSLRLSCAASGSVFSIDAMGWYRQAPGKQRELVAVLSGISSAKYAESVKGRFTISRDNAKNTVYLQMSSLRAEDTAVYYCYADVSTGWGRDAHGYWGQGTLVTV
seq11150,QVQLVESGGGLVQAGGSLRLSCAVSERTFSFYKMGWFRQAPGKEREAVAVITSADEFRYSANFAKGRFRISRDNNKSTLYLQMNSLTPEDTAVYYCAGARSWGSGWQTAFDYWGQGTQVTVSS
seq11151,QVQLVESGGGLVQPGGSLRLSCAASGFTLGAYAIAWFRQAPGKEREGVSCISPSDSFTEYGDSVKGRFTVSRDNAKNTVYLQMNSLQPEDTAVYYCAADPVCTAGWYRPSRFDLWGQGTQVTVSS
seq11152,QVQLVESGGGLVQPGGSLRLSCAASGSISSLYVMGWYRQAPGKQRELVADITSSGSIYYVDSLKGRFTISRDNARSTVYLQMNSLEPEDTAVYYCMAHVRQDSGSEYLTYWGQGTQVTVSS
seq11153,QVQLQESGGGSVQAGGSLRLSCAASGRTFSDYYMAWFRQASGKEREFVATISRGGFNSDYADSAKGRFTISRDNAKNTVYLQMNSLTPEDTAVYYCAADRGIGDSRSATAYDYWGQGTQVTVSS
seq11154,QMQLVESGGGSVQAGETLRLSCTTSAFTFDGPDMAWYRQAPGNECVLVSIISADGRTYYADSVKGRFTISRDNAKNTVFLNLNSLQPEDTAVYYCALDPRKNCRGGYCCANWGPGTQVTVSS
seq11155,QVQLQESGGGSVQAGGSLRLSCAASTSIYSNNYMAWFRQTPGKGREGVAAVYIDDGRPYYADSVKGRFTISLDSAKNTVYLQMNSLKPEDTAMYYCAAAPGPLSHDYWYTSANYDYWGPGTQVTVSS
seq11156,EVQLVESGGGLVQAGGSLRLSCAVSGFTFDDYAIGWFRQAPGKEREGVSCISRSDGSPYYADSVKGRFTISSDNAKGTVYLQMSSLKPEDTAVYYCAASWSGAYYSGTYYCDRLYEYDAWGQGTQVTVSS
seq11157,EVQLVESGGGVVQAGGSLRLSCAASGLTFSSYAMGWFRQAPGKERERVVSISRGGGYTYYADSVKGRFTISRDNAENTVYLQMNSLKPEDTALYYCAAARYWATGSEYEFDYWGQGTLVKVSS
seq11158,EVQLQASGGGLVQSGGSLTLSCVVTGSPAEPNAVGWYRQAPGKQREWVGRIIPSGTRYADFVKGRFIISRDSAKSTVYLQMNSLKPEDTAVYYCSPLTGSGTYYRSTTFGQGTQVTVSS
seq11159,EVQLVESGGGLVQAGGSLRLSCAASGSIFSDYAMGWFRQAPGKEREFVATINWGGGRTYYADSVKGRFTISADNAKNTVYLQMNSLKPEDTAVYYCAAVPKTRYARDYWGQGTQVTVSS
seq11160,EVQLVESGGGLVQAGGSLRLSCAASGRTYYLNAMGWFRQGPGKDREFVAAIDWSDGNKDYADSVKGRFTISRDNAKNTVYLQMNSLKPEDTAVYYCAADTPPWGPFIYIESYDSWGQGTLVTVSS
seq11161,EVQLVESGGGLVQAGGSLRLSCAASGNIFKINVMGWYRQAPGKGREWVAAIISGGSTNYADSVKGRFTISRDNAKNTLYLQMNSLKPEDTAVYYCAFILTYNDYDLGSDYWGQGTLVTVSS
seq11162,EVQLVESGGGLVQPGGSLRLSCAASGISTMGWFRQAPGKEREFVAAINNFGTTKYADSVKGRFTISADNSKNTAYLQMNSLKPEDTAVYYCAAASQSGSGYDWGQGTLVTVSS
seq11163,QVQLQESGGGLVQAGASLKLSCAASGRTFSMYGLGWFRQAPGKEREFVASIRWSDNSTHYANSVKGRFTISADNAKNTVYLQMNSLKPEDTAIYYCAGGRAGSPLEYWGQGTQVTVSS
seq11164,EVQLVESGGGLVQPGGSLRLSCAASGFAFSSYGMGWFRQAPGKEREFVAAISWSGVRSGVSAIYADSVKGRFTISADNSKNTAYLQMNSLKPEDTAVYYCTTDLTGDLWYFDLWGQGTLVTVSS
seq11165,EVKLQESGGGLVQSGGSLRLSCIASGSTASDNTMGWYRQAPGKQRELVAVISSVGVTNVAQSVKGRFTISRDNAKNTVTAYLQMSSLKPEDTAVYYCNALGTGRANWGQGTQVTVSS
seq11166,EVQLVESGGGLVQAGGSLTLSCAMSGGTRPFEDYVMAWFRQATGKEREFVATITWMGETTYYKDSVNGRFAISRDNAENTVALQMNSLEPEDTAVYFCAAHSRSSFSTSGGRYNPRPTEYDYWGQGTQVTVSS
seq11167,EVQLLESGGGEVQPGGSLRLSCAASGFSFSINAMGWYRQAPGKRREFVAAIESGRNTVYAESVKGRFTISRDNAKNTVYLQMSSLRAEDTAVYYCGLLKGNRVVSPSVAYWGQGTLVTV
seq11168,EVQLQESGPGLVKPSQTLSLTCTVSGGSITTRYYAWSWIRQPPGKGLEWIGVIDYDGDTYYSPSLKSRTSISWDTSKNQFSLKLSSVTPEDTAVYYCARDPDVVTGFHYDYWGQGTLVTVSS
seq11169,EVQLVESGGGLVQAGGFLRLSCEPRGSIFNQYAMGWFRQAPGKEREFVAGMGAVAHYGEFVKGRFTISRDNAKNTVYLQMNSLKPEDTAIYFCARSKSTYISYNSNGYDYWGRCTQVTVSS
seq11170,QVQLVESVGDSVQAGGSLRLSCVASGFTETTCVMGWYRQAPGKERELVSSILSDGGTWYKDSVKGRFTISQEYVKKTVYLEMNSLEPEDTAMYYCMIIVAPPHERCGELERAYRYWGQGTQVIVSS
seq11171,EVQLVESGGGLVQPGGSLRLSCAASGFTFSVYYMNWVRQAPGKGLEWVSDINNEGGTTYYADSVKGRFTISRDNAKNTLYLQMNSLKPEDTAVYYCARDAGYSNHVPIFDSWGQGTLVTVSS
seq11172,EVQLVESGGGLVQPGGSLRLSCAASGFNSGSYTMGWFRQAPGKEREGVSYISSSDGRTYYADSVKGRFTISADNSKNTAYLQMNSLKPEDTAVYYCAAALDGYSGSWGQGTLVTVSS
seq11173,QVQLQESGGGLVQPGGSLRLSCAASGSTFSIHAVAWYRQAPGKRRELVAGISGGGVTNYPDSVKGRFTISRDNAKNTVYLQMSSLKPEDTAVYYCNLWPPRASPGGRVYWGQGTQVTVSS
seq11174,QVQLQESGGGSVQPGGSLRLSCAVSGFTFSGYCMAWVRQAPGKGLEWVASIHRRDGSTDYADSVKGRFTISKDNSKNTLYLQMSSLKPEDTAVYYCAADPARLSCSGRVNSEYKYRGQGTQVTVSS
seq11175,EVQLVESGGGLVQPGRSLTLSCAASTNIFSITPGGWYRQAPGKQRELVAAIHGASTLYADSVKGRFTISRDNAKNSIYLQMNSLRPEDTALYYCNKVPWGDYHPGNVYWGQGTQVTVSS
seq11176,VQLQESGGGSVQAGGSLRLSCADSRTIFIFNAMAWYRQAPGKQRELVAAISSGGSTKYADSVKGRFTISSSNAKNTKYLQMNRLKPEDTAVYYCAASRSGRWLDDARDYEYWGPGTQVTVSS
seq11177,QVQLQESGGGLVQAGGSLRLSCVASSGIFSDMSMVWYRQAPGKQRELVASITTFGSTNYADPVKGRFTISRDNAKNTVYLQMNSLKPEDTAVYYCSGRSYSSDYWGRGTQVTVSS
seq11178,EVQLVESGGGLVQPGGSLRLSCAASGFAFGDSWMGWFRQAPGKEREFVATINWSGVTAYADSVKGRFTISADNSKNTAYLQMNSLKPEDTAVYYCARADGYFDYWGQGTLVTVSS
seq11179,QVQLQESGGGSVQAGGSLRLSCVASGYTDSTYCVGWFRQAPGKEREGVARINTISGRPWYADSVKGRFTISQDNSKNTVYLQMNSLKPEDTAIYYCTLTTANSRGFCSGGYNYKGQGTQVTVSG
seq11180,EVQLVESGGNLVQAGGSLRLSCAASGFTFDDYVIGWFRQAPGKEREGVSCISSVEGSTYYADSVKGRFTISGDNAKNTVYLQMNSLKPEDTAVYYCAAGTWLDCSGYGSYDMDYWGKGTLVTVSS
seq11181,QVQLQESGGGLVQAGGSLRLSCAASGTIFDWYSMGWYRQAPGKERELVAGIDTGANTYYADSVKGRFTISRDNAKNTVYLQMNSLKPEDTAVYYCAAHDDGDPWHVYWGQGTQVTVSS
seq11182,LQESGGGLVQAGGSLTLSCEISGSTGSIVTMGWWRQAVGKQREFVAWINNRGTTDYGDSLKGRFTISRDNAKNTLYLQMNSLQAGDTAVYYCNAHGIFGSSWTTDYWGQGTLVT
seq11183,EVQLVESGGGLVQPGGSLTLSCAASGSRVSFLSMAWYRQAPGKKRELVAGISADGSTTYIDSVKGRFTISRDNAKNSVYLQMNSLRAEDTAVYYCYAYRWTTRYTYWGQGTLVTVSS
seq11184,DVQLLQSGGGLVQPGGSLRLSCAASGFTFGSYDMAWVRQAPGKRPEWVSSIDTGGDITHYADSVKGRFTISRDNAKNTLYLQMNSLRPEDTAVYWCATDEEYALGPNEFDYYGQGTLVTVSS
seq11185,QVQLQESGGGLVQPGGSLRLSCAASGGTSIRIGSINALAWYRQALGNQRELVAAVTEGGSTNYADFVKGRFTISRDNAQNMMYLQMNSLKPEDTAVYYCNADKVLYSRGGYYSVANDLWGQGTQVTVSS
seq11186,EVQLVESGGGLVQPGGSLRLSCAASGSIDSINRMGWYRQAPGKQRELVASSTSGGSTDYADSVKGRFTISRDNAKNTVYLQMNSLKPEDTAVYYCNFRGSYYSGYGDYWGKGTLVTVSS
seq11187,EVQLVESGGGLVQAGGSLRLSCAASGRTFEGNPMGWFRQASGKKREFVASIDWSGGITSYADSVKGRFTISRDNAKNTVYLQMNSLKPEDTAVYYCAASARFGSGSYYDLMYDYWGQGTQVTVSS
seq11188,AVQLVESGGGSVQAGGSLRLTCAASGRTSRSYGMGWFRQAPGKEREFVSGISWRGDSTGYADSVKGRFTISRDNAKNTVDLQMNSLKPEDTAIYYCAAAAGSTWYGTLYEYDAWGQGTLVTVSS
seq11189,EVQLVESGGGLVQPGGSLRLSCAASGLTLDYYAIGWFRQAPGKEREGVSCISSTDHSTTYADSVKGRFTISWDNAKKMVYLQMNKLKPEDTAVYYCAADPALGCYSGSYYPRYDYWGQGTQVTVSS
seq11190,AVQLVESGGGLVQAGGSLRLSCAASGNTFSINVMGWYRQAPGKQRDLVTIIDDGGTTNYADSVKGRFTISRDNAKNTVYLQMNSLKPEDTARYFCHARRGGNAYTLGESNYWGQGTQVTVSS
seq11191,QVQLVESGGGLVQPGGSLRLSCAASGFTFSRRCMAWFRQAPGKERERVAKLLTTSGSTYLADSVKGRFTISRDNSKNTVYLQMNSLRAEDTAVYYCAADSFEDPTCTLVTSSGAFQYWGQGTLVTVSS
seq11192,QVQLQESGGGLVQAGGSLRLSCAASGRTSSSYYMGWFRQAPGLEREFVASISRSGGTTYYADSVKGRFTLSRDNAKNMLYLQMNNLKPEDTAVFYCAARSTAYINLPGSTSVNDYNYWGQGTQVTVSS
seq11193,VQLQESGGGLVQAGGSLRLSCVASGTISSGAMGWYRQVPGKQREWVAGITGSRTTMYTESVKGRFTISRDNAENTVFLQMNNLKSEDTAVYYCNLWPPSRPDYWGQGTQVTVSS
seq11194,QVQLQESGGGLVQTGDSLRLSCVASGRTFSAYFMGWFRQAPGKEREFVSAINWNGDSSWYRDSVKGRFTVSRDNAKNTVYLQMNSLEPEDTAVYYCAADTHGAVGLGSERLYDYWGQGTQVTVSS
seq11195,QVQLVESGGGLVQAGGSLRLSCAAFISTFGRTDMTWYRQRSGNEREFVARISSGGSTIYADSAKGRFTISRDNVKNTVYLQMNSLTPEDTAVYYCNTVPPRGSWSQGTQVTVSS
seq11196,EVQLVESGGGLVQAGGSLRLSCAASVGTFSNYDIGWFRQAPGKGREFVARISSAGSNLYYGSSMPGRITISRDNAKNTVYLQMNSLKPEDTAIYYCAADNTAYGSFKADDYDYWGQGTQVTVSS
seq11197,VKLQQSGGGLVQAGGPLRLSCAASGRTFSNYAVGWFRQAPGKEREFVAAISRDGGRTYYADSVKGRFAVSRDYAENTVYLQMNSLKPEDTAVYYCNTRAYWGQGTQVTVSS
seq11198,EVQLVESGGGLVQPGGSLRLSCAASGDVHKINFLGWYRQAPGKEREMVAHITIADATDYAEFAKGRFTISRDEPKNMVYLQMNSLKPEDTAVYLCRAGSRIYPYNYWGQGTQVTVSS
seq11199,QVQLVQSGGGLVQPGGSLRLSCVASGSMTGANTMGWYRQAPGKQRDLVALIGNYHYADSVKGRFTISRENAKNTVILQMNSLNPEDTAVYYCYLYTDNLGTSWGQGTLVTVKP
seq11200,EVQLVESGGGLVQPGGSLRLSCAASAGTFSNYDIGWFRQAPGKGREFVARISSGGSNIYYGNSMPGRITISRDNAKNTVYLQMNSLTPEDTAIYYCAADSTAYGSFKADDYDYWGQGTQVTVSS
seq11201,EVQLVESGGGLVQAGGSLRLSCAASGRTFNDYGMGWFRQAPGKEREFVATITWSGSMTYYADSVKGRFTISRDNAKNTMYLQMNSLKPEDTAVYYCASAIGDYYYTTADYYDYWGQGTQVTVSS
seq11202,EVQLVESGGGEVQPGGSLRLSCAASRRPFSSKTMAWFRQAPGKEREFVAAVRWIGGATRYAESVKGRFTISRDNAINTVYLQMNSLKSEDTAVYYCAAGQAWGTKFTDYSDWGQGTLVTVKP
seq11203,EVQLVESGGGLVQPGGSLTLSCAASGSSKSFLSMAWYRQAPGKKRELVAGISADGSTSYIDSVKGRFTISRDNAKNSVYLQMNSLRAEDTAVYYCYAYRWTTRYTYWGQGTLVTVSS
seq11204,EVQLVESGGGLVQPGGSLRLSCAASGSFFSINVMGWFRQAPGKERELVAATGRRGGPTYYADSVKGRFTISADNSKNTAYLQMNSLKPEDTAVYYCAAHRIVVGGTSVGDWRWGQGTLVTVSS
seq11205,EVQLVESGGGLVQAGGSLRLSCAASGFTFDDYDIGWFRQAPGKGREGVSGISSSDGNTYYADSVKGRFTISRDNAKNTVYLQMNSLRPEDTAVYYCAAEPPDSSWYLDGSPEFFKYWGQGTLVTVSS
seq11206,EVQLVESGGGLIQPGGSLRLSCAASGSISSYNVMGWYRQAPGQGRDLVAHIASNGEIMYADSAKGRFTISRDNAKNTLYLQMNSLRPEDTAVYYCKLWVLGNDYWGQGTLVTVSS
seq11207,EVQLVESGGGLVQAGGSLRLSCAASGRTFSSYGMGWFRQAPGKEHEFVAGISWTLGRTYYADSVKGRFTISGDNAKNTVYLQMNSLKPEDTAVYYCASDESDAYNYWGQGTQVTVSS
seq11208,QVQLVESGGGLVQAGGSLRLSCAASGRSFSSYRMGWFRQAPGKERELVAGISWSGSSTWYADSVKGRFTISRDNAKNTVYLQMNSLKPEDTAVYYCAADGLGTDWSDAIWDYWGQGTQVTVSS
seq11209,QVQLQESGGGSVQTGGSLRLSCAASASIYSNNYMAWFSQAPGKGREGVAAVYIGDGRPYYDDSVKGLFTISLDSAKNTVYLQMNSLKPEDTAMYYCAAAPGPLIRNYWYTSANYDYWGQGTQVTVSS
seq11210,DVHLQDSGGGWVHPGGSLTLSCLMSGSEYYGSPVGWFPQPPGKGREEIAEIVPIGGSVIYIGGVEGRFTISRDNSKNTIALIMNDLLPEDTATYYCAADSGGLCSHRERDYDIWGQGTQVTVCG
seq11211,EVQLVESGGGLVQPGGSLTLSCAASGSSVSRLSLAWYRQAPGKKRELVAGISVDGSTDYIDSVKGRFTISRDNAKNSVYLQMNSLRAEDTAVYYCYAYRWTTRLTYWGQGTLVTVSS
seq11212,EVQLVESGGGLVQPGGSLRLSCAASGLTFGIYAMGWFRQAPGKEREFVATISRSGASTYYADSVKGRFTISADNSKNTAYLQMNSLKPEDTAVYYCAAIVTYNDYDRGHDWGQGTLVTVSS
seq11213,EVQLVESGGGLVQAGGSQRLSCTASGTIVNIHVMGWYRQAPGKQRELVALIFSGGSADYADSVKGRFTISRDNAKNTVYLEMNSLKAEDTAVYYCAAEIGYYSGGTYYSSEAHWGQGTQVTVSS
seq11214,EVQLLESGGGEVQPGGSLRLSCAASGTFDKINNMGWYRQAPGKQRDLVAQITPGGITDYADSVKGRFTISRDNSKNTLYLQMNSLRPEDTAVYYCNAEILKRAYIDVYVNYWGQGTLVTV
seq11215,QVQLQQSGGGLVQAGGSLRLSCAASGRTLNNYAMGWFRQAPGAEREFVGAISASGDSTQYTESVQGRFSISKDLAKSTVYLDMNSLKPEDTAVYYCAADQKTLTFYTSRLRSRYDYWGQGTQVTVSS
seq11216,QVQLQESGPGLVKPSQTLSLTCTVSGGSITTYNYAWSWIRQPPGKGLEWMGVIAYDGSTYYSPSLKSRASISRDTSKNQFSLQLSSVTPEDTAVYYCARGTVGSWYDEFPPRYDYWGQGTQVTVSS
seq11217,QVQLVESGGGVVQPGGSLRLSCAASGYIFCMGWFRQAPGKGREGIATIYTGGDSTYYDDSVKGRFTISRDNAKNTLYLQMNSLRPEDTAVYYCAAGGQECYLTNWVSYWGQGTLV
seq11218,QLQLVESGGGLVHTGGSLRLSCAASGSTLDYHAIGWFRQAPGKEREGVSCITSSGGRTNYADSVKGRFTVSRDDAKNTVYLQMNSLKPEDTAVYYCAAVIYDSAWICNLLAGYEYRYWGQGTQVTVSS
seq11219,EVQLVESGGKVVQPGGSLRLSCSASGRTFSFSTSTMGWFRQAPGKELEFVAAIDWSDFNTYYADSVKGRFTISRHNPRNSVYLQLNSLKPEDTAVYYCAAHSETRGGTRYFDRPSLYNYWGQGTLVKVSS
seq11220,EVQLVESGGGLVQPGGSLRLSCAASGRTFSTFNTYSMGWFRQAPGKEREFVAAISRGGNVTPYADSVKGRFAISRDNAKNTVALQMNSLKPEDTAVYYCAASKIGIASTIRYYDYWGQGTQVTVSS
seq11221,GLVQPGGSLRLSCAASGFTFDDYAMSWVRQAPGKGLEWVSAINWNGDSTYYAESMKGRFTISRDNAKNTLYLQMNSLKSEDTAVYYCAKEVVAGYYHGMDYWGKGTL
seq11222,QVQLQESGGGSVQAGGSLRLSCAASRDILTLYYMGWFRQAPGKEREGVAAISSDIIFTSYANSVKGRFTISRDEDKNTVYLQMNSLKPEDTAIYYCAAASTWVPGFFPLFASQYNSWGQGTQVTVSS
seq11223,EVQLVESGGGLVQAGGSLRLSCAASGRMGNINAMGWYRQAPGKERELVAKITRGGAITYADSVKGRFTIARDNILNTAYLQMNDLKPEDTAVYYYNVDGGPSQNYWGQGTQVTVSS
seq11224,EVQLVESGGGLVQPGGSLRLSCAASGFTFSAYYMNWVRQAPGKGLEWISDINNEGYETYYADSVKGRFTISRDNAKNTLTLQMDSLKPEDTARYYCVRDAGYSNHVQIFDSWGQGTQVIVAS
seq11225,EVQLVESGGGLVEPGGSLRLSCAASGSISSYNVMGWYRQAPGQQRDLVAHIASNGEIMYADSAKGRFTISRDNAKKTVYLQMNSLKPEDTAVYYCKLWVLGNDYWGQETQVTVSS
seq11226,EVQLVESGGGLVQAGGSLRLSCAAAERTFSDYAVGWFRQAPGKEREFVSAVSRFGTITNYADSVQGRFTISRDNAKNTVYLQMTGLKFEDTAVYYCAAARTVYVGHLYYIDNEYAYWGQGTQVTVSS
seq11227,QVQLQQFGGGLVQPGGFLRFSCAASGFTLDYYAIGWFRQAPGNERELVATITSGGGTTYADSVKGRFTISRGTAKNTVALQMSSLKPEDTAVYYCTLRQFGGEYWGQGTQVTVSS
seq11228,QVQLQQSGGGLVQPGGSLRLSCAASGRIFSGHVMGWYRQAPGKQRELVATITNGGLTNYGDSVKGRFTISRDNAKNTVYLQMNSLKPDDTAVYYCNARRLWDTYWGQGTQVTVSS
seq11229,QVQLVESGGGLVQAGGSLRLSCAASGSTFGINAMGWYRQAPGKQRELVAVISRGGSTNYADSVKGRFTISRDNAENTVSLQMNTLKPEDTAVYFCNARTYTRHDYWGQGTQVTVSS
seq11230,EVQLVESGGGVVQTGGSLRLSCAASGRTFSMYTMGWFRRAPGKDREFVAAISRSGGLKAYADSVLGRFTISRDNANEMAYLQMNSLNPEDTAVYYCAAAPVPWGTRPSHFTYDSWGQGTQVTVSS
seq11231,EVQLVESGGGLVQPGGSLRLSCAASGNIAAINVMNWYRQAPGTQREFVAAITSGGRKNYADSVKGRFTISRDNAKNTVHLQMNSLKPEDTAVYYCNADAPLASDDDVAPADYWGQGTQVTVSS
seq11232,VRLVESGGGSVQAGGSLRLSCSASGYTYSYNNMGWFRQAPGNEREGVAAISGGRFTAYADSVKGRFTISRDNAENTLYLQMNNLKPEDTGMYYCAAEVVDPTWGSRDQRRYKYWGQGTQVTVSS
seq11233,EVQLVESGGGSVQAGGSLRLACTASGRPFDNYAMAWFRQAPGKEREFVAAVSWSLSRTHYADSVKGRFIISRDNAKNTAFMQMSSLEPEDTAVYYCAAAPRPKWVSVRYFTTSSNYDYWGQGTQVTVSS
seq11234,EVQLLESGGGVVQPGGSLRLSCAASGRIFSLPASGNIFNLLTIAWYRQAPGKGRELVATINSGSRTYYADSVKGRFTISRDNSKKTVYLQMNSLRPEDTALYYCQTSGSGSPNFWGQGTLVQVSS
seq11235,GLAQAGGSLRLSCAASGRTFSSFAMAWFRQAPGKEREIVATINWNGGSTDYTDSVKGRFTISRDNAKNTVYLQMNSLKPEDTAVYYCAADSTKWVFYDYWGQGT
seq11236,EVQLVESGGGLVQAGGSLRLSCAASGRTFSSNAMAWFRQAPGNERELVSAIGWSGASTYYIDSVEGRFTISRDNAKNTVYLQMNSLKPEDTAVYYCAASRYSGGVATARRSEYHYWGQGTQVTVSS
seq11237,QVQLQQSGGGLVQAGDSLRLSCAASGRTFSSYAMGWFRQAPGKEREFVASISRSGGSTYYADSVKVRFTISRDNAKNTVYLQMNSLKPEDTAVYYCAANRYGSSSYQGQYDYWGQGTQVTVSS
seq11238,EVQLVESGGGLVQPGGSLRLSCAASGFTFDDYSMSWVRQATGKGLEWVSGISWNGGSTNYADSVKGRFTISRDNVKNTLYLQMNSLKSEDTAVYYCAKDLGNSGRGPYTNWGQGTQVTVSS
seq11239,EVQLVESGGGEVQPGGSLRLSCAASGSTFSSYHMSWFRQAPGKQREPVATSHHGGTTNYAGSVKGRFTISRDNAKNTVYLQMNSLRAEDTAVYYCKADHGYQGRGYWGQGTLVTVKP
seq11240,DVQLVESGGGVVQPGGSLRLSCAASGGTFSFYGMGWFRQAPGKEREFVADIRTSAGRTYYADSVKGRFTISRDNSKNTVYLQMNSLRPEDTALYYCAAEMSGISGWDYWGQGTLVTVSS
seq11241,QVQLQESGGGLVQAEGSLRLSCAASGRTRDANAMGWFRQAPGKERELVAAISWSGSRTYYADSVKGRFTISRDNVMHTVYLSMNSLKPEDTAVYYCAADRSIEVQIADYDYWGRGTQVTVSS
seq11242,QVQLQESGGGVVQAGGSLRLSCAVSGIGVSSTGMGWSRQTPGKQVELVALIDRDGTTNYADTVKGRFTISKDNSKNMVYLQMNSLKPEDTALYHCTVVGDYYWGQGTQVTVSS
seq11243,EVQLVESGGGLVQAGGSLRLSCAASGFTFDDYAIGWFRQAPGKEREGVSCISSHDRTTYYADSVKGRFTISSDNAKNTVYLQMNSLKPEDTAVYYCAADPLVCGYNDPRLADYWGQGTQVTVSS
seq11244,DVQLVESGGGLVQPGGSLRLSCAASGFKITHYTCGWFRQAPGKEREFVSRITWGGDNTFYSNSVKGRFTISRDNSKNTCYLQMNSLRAEDTAVYYCAAGSTSTATPLRVDYWGQGTLVTVSS
seq11245,EVQLVESGGGLVQPGGSLRLSCAASGFTIGSYDMSWVRRSPGKGPEWVSSINSGGGSTYYTDFVKGRFTISRDNAKNTLYLQMNSLKPEDTAVYYCAADRYIWARQGEYWGAYAYDYWGQGTQVTVSS
seq11246,QVQLQESGGGLVQAGGSLRLSCAASGRRFRLYHMGWFRQAPGKEREFVAVISWSGGTTVYADSVKGRFTISRDNEKNAGYLQMNSLKPEDTAVYYCAVDRLIESFSDPTAWPRMDYWGKGALVTVSS
seq11247,EVQLVESGGGLVQPGGSLRLSCVASGFTLDGYAIGWFRQAPGKEREAISCITTAGTIYYADSVKGRVTISRDNAKNTVYLQMNSLKPEDTAVYLCAADGFDTPCVAGTDWGYDYEGQGTQVTVSS
seq11248,EVQLVESGGGLVQAGGSLRLSCAASGSIVSFNGINWYRQAPGKQREWVGGITQGGNTMYADSVRGRFTISRDNTKNTMYLQMNSLKPEDTAVYYCRRPPVASWGQGTQVTVSS
seq11249,EVQLVESGGGLVQPGGSLRLSCAASGSIFSINAMGWYRQAPGKQRELVAHISSGGSTYYGDSVKGRFTISRDNAKNTADLQMNSLKPEDTAVYYCNARTLGAHGIDDYWGQGTQVTVSS
seq11250,EVQLLESGGGLVQPGGSLRLSCAASGRIFSSNAMGWFRQAPGKEREFVAAITWRSGGSAYYADSVKGRFTISRDNSKNTVYLQMNSLRPEDTAVYYCAAGGSSWLSFPPDYWGQGTLVTVSS
seq11251,VQLQEFGGGSVQAGGSLRLSCVASGFTFSNYCMGWFRQDPGKEREAVARIFVDGSTRYADAVKGRFTISKDNAKNTLYVQINSLKPEDTAMYYCTTPFPWTLCVDGPGAYKYWGQGTQVTVSS
seq11252,EVQLVESGGGLVQAGGSLRLSCAASGRTFSSYVVGWFRQAPGKEREFIGAISGSGESIYYAVSEKDRFTISRDNGKNTLYLQMSSLKAEDTAVYYCTADQEFGYLRFGRSEYWGQGTQVTVSS
seq11253,QVKLEESGGGLVQAGGSLRLSCAASERTFSRYPVAWFRQAPGAEREFVAVISSTGRSTYYADSVKGRFTISRDNAKVTVYLQMNNLKREDTAVYFCAVNSQRKRLQDPNEYDYWGQGTQVTVSS
seq11254,QVQLVESGPGLVKPSQTLSLTCTVSGASITTADYTWSWIRQPPGKALEWMGATDYSGYDYYRPHLKSRASISRDTSKNQFTLQLTSVTPEDTAVYYCARGRRAGSNRRSDYDFWGQGTQVTVSS
seq11255,QVQLVESGGGLVQPGGSLRLSCAASGGIFSIGVMGWYRQAPGKGLELVATITSRGSTNYADSVKGRFTISRDNSKNTLYLQMNSLRAEDTAVYYCYADLIRPGDFYGMDYWGQGTLVTVSS
seq11256,EVQLVESGGGLVQTGGSLRLSCIASGGTFSTYAMGWFRQAPGKEREFVAGITRSALSTSYADSVKGRFTISRDNAKDMVYLQMNSLKPEDTALYYCAATRRLHFGNGADYWGKGTPVTVSS
seq11257,EVQLVESGGGLVQAGDSLRLSCAVSGRTISSYAVGWFRQAPGKEREFVAVISWTGGSTYFADSVKGRFTISRDNAKNTVYLQMNNLKSEDTAVYYCTADRFTTGSGRTSYPRPSEFDHWGQGIQVTVSS
seq11258,EVQLVESGGGLVQPGGSLRLSCAASGFTWGDYTMGWFRQAPGKEREFVASITSGGRMWYADSVKGRFTISADNSKNTAYLQMNSLKPEDTAVYYCAAALDGYSGSWGQGTLVTVSS
seq11259,EVQLQESGPGLVKPSQTLSLTCTVSGGSITTRYYAWSWIRQPPGKGLEWIGVIDYDGDTYYSPSLKSRTTISWDTSKNQFSLKLSSVTAEDTAVYYCARDPDVVTGFHYDYWGQGTQVTVSS
seq11260,EVQLVESGGGLVQAGGSLRLSCAASGRTYNMAWFRQAPGKEREFVAAMNWSGGSTKYAESVKGRFTISRANDNNPLYLQMNTLKPEDTAVYYCAATNRWYTGVYDLPSRYEYWGQGTQVTVSS
seq11261,DVQLQASGGGLVQAGGSLRLSCVASGRTFSSYGMGWFRQAPGKEREFVASINWRGSSTYYADSVKGRFTISRDNTVNTVSLQMNNLKPADTGVYYCAAWGAGEDEDYWGQGTQVTVSS
seq11262,EVQLVESGGGLVQAGGSLRLSCAVSGGTFDDYAIGWFRQAPGKEREGVSYIGCNDGSTYNAGSVKGRFTISCDYAKNTVYLQMNNLKPEDTAVYYCAAAAQWATIRWIQEYDYDYWGQGTQVTVSS
seq11263,VQLVESGGGSVQPGGSLRLSCAASARIFSSYHKAWFRQAPGKEREEVAAITSGGSTNYADSVKGRFTISRDNAKNTVYLQMNSLKPEDTAVYYCKAVVVTTTPYSDYWGQGTLVTV
seq11264,AVQLVESGGGLVQAGGSLRLSCAASGRSFGSYAMGWFRQAPGKEREFVATISTLGGMTYYADSIKGRFTISRDNAKNTVYLQMNSLKPEDTADYYCAARFPGNGDYYLAPSYSYWGQGTQVTVSS
seq11265,EVQLVESGGGLVQPGGSLRLSCAASGFTFSSSWMYWVRQAPGKGLEFVSVINTRSGITHYVESVKGRFTISTDNAKNTLFLQMNSLKSEDTAVYYCATRIQGLIDYWGQGTQVTVSS
seq11266,EVQLVESGGGLVQPGGSLRLSCAASGITLDDYATGWFRQAPGKEREGVSCISGNHGSTYYADSVKGRFTISRDNAKNTVYLQMNSLKPEDTAVYYCAALRWGCTLYGDYEGPYDYWGQGTQVTVSS
seq11267,EVQLVESGGGLVQPGGSLRLSCAASVSIWSFKVMGWYRQVPGKQRELVATITTGGSPDYADSVKGRFTMSRDYDKRTVFLEMDSVKPEDAAVYYCNGRLWAHLTSSGHDVWGQGTRVTVSS
seq11268,QLQLVESGGGLVQPGGSLRLSCAASGFTFGSYDMSWVRQAPGKGPEWVSAINSGGRSTYYADSVKGRFTISRDNAKNTLYLQMNSLKPEDTAVYYCATRGSGGSFGSWGQGTRVTVSS
seq11269,EVQLVESGGGLVQAGGSLRLSCAASGYTDYKYDMGWFRQAPGKEREFVAAISWGGGLTVYADSVKGRFTISADNAKNTVYLQMNSLKPEDTAVYYCAAVATVTDYTGTYSDGWGQGTQVTVSS
seq11270,EVQLVESGGGLVQPGGSLRISCAASGSIYLINYMGWYRQAPGKQRELVATLTSGGSTNYAGSVKGRFAISRDNAKNTVYLQMNSLKPEDTATYYCNIGGTLYDRRRFESWGQGTLVTVSS
seq11271,QVQLQEFGGGLVQPGGSLRLSCAASGRTFSSYAWGWFRQAPGKEREFVARISFSGGHTYYSDSVKGRFTISRDNAKNTVYLQMNSLKPEDTAVYYCAADPTPYGLRNERNYPYWGQGTQVTVSS
seq11272,QVQLVESGGGVVQPGGSLRLSCAASGLTLSQYTMGWFRQAPGKERELVAAIHWTSSVTDYADSVYGRFTISRDDSKNTGYLQMNSLRAEDTAVYYCAATWYYTHRGPFDYWGQGTLVTVSS
seq11273,QVQLQESGGGLVQTGGSLRLSCAASGSIGSMYVLSWYRQAPGKQREPVAALMGSGSTTYADSVKGRFTISRDNIKNTMYLQMNSLTPEDTGVYYCAGTGAEGHYWGQGTQVTVSS
seq11274,GLVQPGGSLTLSCAASGFTFDDFAMNWVRQAPGKGLEWVSAISWNGGGTYYAEAMKGRFTISRDNANNMVYLHMSSLKSEDTAIYYCAKEVVAGYYYGMDYWGKGTL
seq11275,QVQLIESGGGLVQAGGSLRLSCVASGRRVRTAAMAWFRRVPGKEREFVSSITWRGGERNYADAVKDRFTISKDNAKNTVYLQMNSLKPEDTASYYCAAGPWYTNHDTSQGYNYWGQGTQVTVSS
seq11276,QVQLQESGGGSVQTGGSLRLSCAASGITYNNYWVAWFRQVPRKLREGVAAINNRDGRAHYADSVKGRFTISQVNAEKSSEKSVYLQMTSLKPEDTGIYYCAATGYYRDVWNWDRADGYNNWGQGTQVTVSS
seq11277,GLAQAGGSLRLSCAASGRTFSSFAMAWFRQAPGKEREIVASISWNGDITDYADSVKGRFTISRDNAKNTVYLQMNSLEPEDTAVYYCAADSSRWVFYDYWGQGT
seq11278,QVQLVESGGGLVQPGGSLRLSCAASGFTFSSNAMTWVRQAPGKGLEWVSAISSTGNSITEADSVKGRFTISRDNAKNMLYLQMNSLKPEDTAVYYCAKLGGDTWYMEYWGQGTQVTVSS
seq11279,EVQLVESGGSLVQVGDSLTLSCAASERTFKYYTVGWFRQAPGKEREFVASIGRDSVVFYVDSVKGRFTISRDNAKNTAYLQMNSLKSEDTAAYYCAIDVALPTGQYMDVPGIDYWGQGTQVTVSS
seq11280,VQLQESGGGSVQAGGSLRLSCAASGFTYSNYCMAWFRQAPGKEREGVAAIDSDGSTSYADSVKGRFTISQDNAKNTLYLQMNSLKPEDTAMYYCAAGNKKPYQLCNTDSRRYYHWGQGTQVTVSS
seq11281,QVQLQDSGGGLVQAGGSLRLSCAASGYTFDDYAIGWFRQAPGKEREGVSCISSSDGTTYYADSVKGRFTISSDNAKNTVTLQMNGLKPEDTAVYYCAADLFTSYCSDPMHPRYDYWGQGTQVTVSS
seq11282,EVQLQESGGGLVQPGGSLRLSCAASGFTFSSYWMYWLRQAPGKGLEWVSSISSSSSSTYYRDSVKGRFTISRDNAKNTLYLQMNSLKSEDTAVYYCAKDPGGYAKGQGTQVTVSS
seq11283,EVQLVESGGGLVQPGGSLRLSCIASGLPFSTKSMGWFRQAPGKGREFVARISPGGTSRYYGDFVKGRFAISRDNAKNTLWLQMNSLKAEDTAVYYCASGERSTYIGSNYYRTNEYDYWGTGTLVTVSS
seq11284,VQLQESGGGVVQAGDSLRLSCVASERTFSSLDMGWFRQAPGKEREFVAGISRSGISQYYADSMKGRFTISRDNAKNLVYLQMNSLKPEDTAVYYCAAALTFRGSNLPRDSNYWGQGTQVTVSS
seq11285,QVQLQQSGGGLVQPGGSLRLSCAASGFTFSSYAMSWVRQAPGKGLEWVSAINSGGGSTSYADSVKGRFTISRDNAKNTLYLQMNSLKPEDTAVYYCAKDFDPWGVGTGGYDYWGQGTQVTVSS
seq11286,VQLQQSGGGLVQAGGSLRLSCSASGRTFSNYVMGWFRQAPGKEREFVATISASGGSTYCADSVEGRFTISRDNAKNTAYLQMNNLEPEDTAVYYCASGPRANASIRRSGYNYWGQGTQVTVSS
seq11287,QVQLVESGGGLVQPGGSLRLSCAASGFDFNSHWMYWVRQAPGKGLEWVSEINTNGLITNYVDSVKGRFTVSRDNAANTLYLEMTSLKPEDTALYYCARNQKGLNKGQGTQVTVSS
seq11288,EVQLVESGGGLVQTGGSLRLSCAASGRTFSNYTMGWFRQAPGKDREFVAAISRSGSLKAYADSVKGRFTPSRDNAKKMAYLQMNSLKPEDTAVYYCAAAPVPWGTRPSLFPYDSWGQGTQVTVSS
seq11289,EVQLVESGGGLVQPGGSLRLSCAASGFTLDYYAIGWFRQAPGKEREGVSCISRTDGSTYYADSVKGRFTISRDNAKNTVYLQMNSLKPEDTAVYYCAVDDSYPTGGISCLFGHFGSWGQGTQVTVSS
seq11290,EVQLVESGGGLVQTGGSLRLSCAASGRTFSNYTMGWFRQAPGKDREFVAAISRSGSLKSYADSVNGRFTISRDNAKKMAYLQMNSLKPEDTASYYCAAAPVPWGTRPSFLTYDSWGQGTQVTVSS
seq11291,EVQLVESGGGLVQAGGSLRLSCTASGRTFDNHAMGWFRQAPGKEREFVAAISWSLSRTHYADSVSGRFTTSRDNAKNTVLLQMSSLKPEDTAVYYCAAAPRPKRVSVSYFSTSSNYDYWGQGTQVTVSS
seq11292,EVQLVESGGGLVRAGGSLRLSCAASGRTLNPYKVAWFRQAPGKERDFVAVIHWYGITAYADTVKGRFSISRDNAKGTVYLHMDSLKPEDTAVYYCALDSTSALGHATTDFDSWGQGTQVTVSS
seq11293,EVQLVESGGGLVQAGVSLRLSCAASGRTFGNYNMGWFRQAQGKDRELVAAIRWSEDRVWYLGSVRGRFTISRDNAKNTVYLQMNSLKPEDTAAYYCAAQDRRRGDYYTPDYHYWGQGTQVTVSS
seq11294,EVQLVESGGGLVQAGGSLRLSCAASGRTFSSCAMGWFRQAPGKEREIVAAISWRGGSTWYADSVKGRFTISRDNAKNTVYLQMSNLKPEDTAVYYCAADETSGSYYYTVDIDEYDYWGQGTQVTVSS
seq11295,EVQLVKSGGGLVQPGGSLRLSCAASTSIFSSLAMAWYRQAPGKQREFVATINTGGQPNYADSVKGRFTISRDNTKNTIYLQMNSLKPEDTAVYYCNVPRYNYWGQGTQVTVSS
seq11296,EVQLVESGGGLVQAGGSLRLSCAASGFTLDDYAIGWFRQAPGKEREGVSTIRDSDGSTYYADSVKGRFTISSDNDKNTVYLQMNSLKPEDTAVYYCAAVPAGRLRFGEQWYPLYEYDAWGQGTLVTVSS
seq11297,EVQLVESGGGLVQVGGSLRLSCESSISTFSSDAMGWFRQAPGKEREFLAAIGWSGAVTHYSDSVQGRFTISRDNAKNTVYLQMNSLKSEDTGRYYCAEDYDTDVWQYWGQGTQVTVSS
seq11298,AVQLVDSGGGSVQAGGSLRLSCAASGTTYCTYDIAWYRQAPEKDYEFVSVIDSDGSTRYADSVKGRFTISRDNAKNTVYLQMNSLKPEDTAMYYCKTVFKSWCSDGLGTTLPNYWGQGTQVTVSS
seq11299,KVQLVESGGDLVQPGGSLRLSCAASGFTFRGYWMTWVRQAPGKGLEWVSSINNIGEEAYYVDSVKGRFTISRDNAKNTLYLQMNSLKSEDTAVYYCVKDWASDYAGYSPNSQGTQVTVSS
seq11300,QVQLQESGGGLVQAGGSLRLSCAASGRTGSRYAVGWFRQAPGLGRDFVAAITWSGGYTYYADSVKGRFTISRDNAKNTMYLQMNSLKPEDTAVYYCAVDTRNVIGPRAGDYWGQGTQVTVSS
seq11301,QVQLQESGGGLVQTGGSLRLSCAASGRTFRRNAMGWFRQAPGKAREFVATITWSGNRAYSDSVKGRFTISRDNEKNLVSLQMNSLKPEDTAVYYCAAARERITSTYYTPHVLTEYDAWGQGAQVTVSS
seq11302,EVQLVESGGGLVQAGDSLRLSCAAAGFTFRRYVMGWFRQAPGKEREFVAAISTGGTWTGYVDSVKDRFTISRDNTKNTVYLQMASLKPEDTAVYNCAATTPTTSYLPRSERQYEYWGQGTQVTVSS
seq11303,QVQLQESGGGLVQAGGSLRLSCSASGRTSSMYAMGWFRQAPGKEREFVAGIRWSVGTTSYADSVKGRFTISRDNAENTVYLDMNALKSEDTAMYYCTNDSGRPRSQGTQVTVSS
seq11304,QVKLEESGGGLVQAGGSLRLSCVASEYPSNFYAMSWFRQAPGKEREFVAGVSRDGLTTLYADSVKGRFTMSRDNAKNTVDLQMNSVKAEDTAVYYCAIVITGVWNKVDVNSRSYHYWGQGTQVTVSS
seq11305,QVQLQESGGGLVQAGESLRLSCAVSATISSMNSMAWYRQAPGKQREWVAGLETGGRANYVDSVKGRFTISRDNARNTVLLQMNSLKPEDTAVYYCNRWPPLRSSWGQGTQVTVSS
seq11306,EVQLVESGGGLAQPGGSLRLSCAASGDVHKINILGWYRQAPAKEREMVAHITIGDATDYADSAKGRFTISRDEAKNMVYLQMNSLKPEDTAVYFCRAYSRIYPYNYWGQGTLVTVSS
seq11307,EVQLVESGGGLVQAGGSLRLSCTASGFTFDDYVMGWFRQAPGKEREGVSCISWSGDTTYYADSVKGRFTVSRDNAKNTLYLQMNSLKPEDTAMYYCAADQSLCSLAPPYNYAYWGQGTQVTVSS
seq11308,EVQLVESGGGVVQPGGSLRLSCAASGIRISTHTMGWFRQAPEKQREMVAQISPGGKTYYIDSVKGRFTISKDNAKNTVFLRMNDLKPDGTAVYYCNSYSTLGVWGQGTQVTVSS
seq11309,EVQLQASGGGLVQPGNSLRLSCVGSGVSLSAYNMGWFRQAPGKEREFVADINVSGGTAYYADSVKGRFTISRDNVKNTLYLQMNSLKLDDAAVYYCAAAPAWRPFTYDSRDDYPYWGQGTQVTVS
seq11310,EVQLVESGGGLVQAGGSLRLSCTSSGSIFNFIMGWYRQAPGKQRELVADITRGDERNYLDAVKGRFIITRDSAKNTIYLQMNSLQPADSGVYWCHGLGVVSNREYWGQGTQVTVSS
seq11311,QVQLQHFGGGLVQAGESLRFSCVASGFAFDDYAIGWFRQAPGKEREGVSCISSNDGRAYYPGDVKGRFTISRDSAKNTVYLQMDSLKPEDTAVYYCGAGRPGAKCLFAVDLAGYDMEHWGKGTLVTVSS
seq11312,QVQLQESGGGLVQPGGSLRLSCAASGSTIRINAMGWYRQAPGKQRELVATITRGGITNYADSVKGRFTISRDNAKFTVYLQMNSLKPEDTAVYYCNARSWVGPEYWGQGTQVTVSS
seq11313,EVQLVESGGGLVQAGGSLRLSCAASRRTFSSYAMGWFRQAPGKEREVVADISWNGSRTYYADSAKGRFTISRDNAKNTVYLQMNSLKPEDTAVYYCAAALFGGLGRAPSTHEYAYWGQGTQVTVSS
seq11314,EVQLVESGGGLVQPGGSLRLSCAASGSIFKVNAMGWYRQAPGKGRELVAGIISGGSTNYADSVKGRFTISRDNAKNTLYLQMNSLRPEDTAVYYCAFVTTNSDYDLGRDYWGQGTLVTVSS
seq11315,LQESGGRLVEAGGSLRLSCLVSGGTFSWYAMGWFRQAPGKEREFVAAVSRGGGSSYYADSVKDRFTISRDNAKNTVYLQMNSLKPEDTAVYYCAAGRGAPSDTGRPDEYDYWGQGTQVT
seq11316,EVQLVESGGGLVLAGGSLRLSCVHSGPTFSTDTMGWFRQAPGKEREFVAAVTWNSGRTNYADSVKGRFTVSRDNTRNAAYLQMSGLKDEDTAVYYCTANRHSVGRLSVGDWRYWGQGSQVTVSS
seq11317,QVQLQESGGGLVQAGGSLRLSCATSGLTVSRYTMGWFRQTPGKDREFVAAISWSGTYYTDSVKGRFTISVDNAKNMVYLQMNSLKPEDTAVYYCAAGSRRLYYSNDINYWGQGTQVTVSS
seq11318,QVQLQESGGGLVQPGGSLRLSCAATGGTFSEHYMAWFRQAPGNQRVFVAVINWSRGSTFYADSAKGRFTISRDKGEKTMYLEMNALKPDDTAVYYCAAGSNAGLLTYSDYDYLYEFWGQGTQVTVSS
seq11319,EVQLVESGGGLVQAGGSLRLSCAASGFNFDDYAIGWFRQAPGKEREGVSCISSSDGSTYSADSVKGRFTISSDNAKNTVYLQMNNLNPEDTAAYYCAAAPPDCTYYPATPIYYWGQGTQVTVSS
seq11320,QVQLQEFGGGLVQAGGSLRLSCAASGSIFAINEINLMGWYRQAPGKQRELVAACASDGNTYYADSVKGRFTISRDNAEKTVYLQMNNLKPDDTAVYYCDANSRGNYYSGQGTLVTVSS
seq11321,VQLQESGGGFVQAGGSLRLSCAASGFTFSSYAMGWFRQAPGKEREFVAAISDSSGNHAYYADSVKGRFTISRDNAKNTVYLQMNSLKPEDTATYYCARSDAAGNPSGYWGQGTQVTVSS
seq11322,EVQLVESGGGLVQPGGSLRLSCAASGFTFSGYWMSWVRQAPGKGLEWVSAINNVGDETYYANSVKGRFTIARDNTKRTLYLQMNSLKSEDTAVYYCTRDWHSEPNKYEYKGQGTQVTVSS
seq11323,QVQLQESGGGLVQAGGSLRLSCTASGSISSINAMAWYRQAPGKRRELVAGIDGGGVTNYPDSVKGRFTISRDNAKNTVYLQMSSLKPEDTAVYYCNLWPPRASPGGRVYWGQGTQVTVSS
seq11324,QVQLQESGGGLVQPGGSLRLSCAASGRTFSGVIVGWFRQAPGKEREFLATTLWSGGSTYYTDSVKGRFTISRDVAKNMVYLQMNSLKPEDAAIYYCAAKYGGSLSYMHPTGYTYWGQGTQVTVSS
seq11325,LQESGGGLVQTGGSLSLSCTTSGRASSNYALGWFRQAPGKEREFVAAISWSGGYTYYADSVKGRFTISRDNAKNTVYLQMSSLKPEETAIYYCVARDYRLWSPYQYEYDYWGQGTQVT
seq11326,EVQLVESGGGLVQAGGSLRLSCAASGSIFRINAMGWYRQAPGEQRELVAAAISGGSTNYADFVKGRFTISRDNAKNTVYLQMNSLKPEDTAVYYCNALVVSHNYSDYVPFPDDYWGQGTQVTVSS
seq11327,EVQLVESGGGLVQPGGSLRLSCAASGSIFSINVMGWFRQAPGKEREFVAAISRRGNNRYYADSVKGRFTISRGNVRNTVYLQMNSLKPEDTAVYYCAALRSGSLYVSASYDYWGQGNQVTVSS
seq11328,QVQLVESGGGLVQPGGSLRLSCAASGRTISLYAVGWFRRAPGKEREFVAAISWTDSSTYYADSVKGRFTISRDNSKNTLYLQMNSLRAEDTAVYYCAADVSIRGLQKYEYDYWGQGTLVTVSS
seq11329,QVQLVESGGGLVQPGGSLRLSCAASGSDYYAIGWFRQAPGKEREGVSCMSRTDGSTYYADSVKDRFTISRDYAKNTVYLQMNSLKPEDTAVYYCGLDRSYPTGGISCLFGDFGSWGQGTQVTVSG
seq11330,EVQLVESGGGLVQAGGSLRLSCVLSGRTLSRSNMGWFRQAPGKEREFVASIDWITINTYYADSVKGRFTISRDNPKNTFYLQMNSLKPEDTAVYRCASAGPADARNGERWALWGQGTQVTVSS
seq11331,QVQLQESGGGLVQAGGSLRLSCVASGLAFENYFVSWFRQPPGDEREFVAAITYSSSSTNYADSVKGRFTISRDNAVNTAYLQMDNLAPGDTAVYFCAACSDYYCSGVGAVYWGQGTQVTVSS
seq11332,QVQLVESGGGLVQPGGSLRLACTASGFRVEGSAIGWFRQAPGKQRDLVAAITRRGTTTYVDSVQGRFTVSRDNAKNTVYLQMNSLKPEDTAVYYCYAKPTVARAYWGQGTQVTVSS
seq11333,QVQLQQSGGGLVQAGGSLRLSCAAPGSINSINVMEWYRQAPGKERDLVAGITSDGDTNYVDSVPGRFTITRDNTMRTVDLQMNNLKADDTAVYYCRARDWGSLTDYWGQGTQVTV
seq11334,EVQLVESGGKVVQPGGSLRLSCSASGRTFSFSTSTMGWFRQAPGKELEFVAAIDWSDFNTYYADSVKGRFTISRHNPRNSVYLQLNSLKPEDTALYYCAAHSETRGGTRYFDRPSLYNYWGQGTLVTVSS
seq11335,EVQLVESGGGLVQPGGSLRLSCAASGGTLRGYGMGWFRQAPGKEREFVASISRSGGSTYYADSVKGRFTISADNSKNTAYLQMNSLKPEDTAVYYCAARRRVTLFTSRADYDWGQGTLVTVSS
seq11336,EVQLVESGGGLVQPGGSLRLSCAASGSVFKINAMGWYRQAPGKGRELVAGLISAGSTNYADSVKGRFTISRDNAKNTLYLQMNSLRPEDTAVYYCAFVTTNSDYDLGRDYWGQGTLVTVSS
seq11337,QVQLQESGGGLVQPGGSLRLSCAASGFTFSSYDMSWVRQAPGKGLEWVSGMNSGGGRTYYEDSVKGRFTISRSNAKNTLYLQLNSLKTDDTAMYYCVTSDFAYWGQGTQVTVSS
seq11338,QVQLQESGGGLVQAGGSLRLSCAVSGNTLSRYAMGWFRQTPGKEREFVAAIRWNNGATYYAESVEGRFTISRDNAKNTVYLQMNNLKPEDTAVYYCAGRFLGYASSNAYHEALYNYDYWGQGTQVTVSS
seq11339,EVQLVESGGGLVQAGGSLRLFCAASGFTFGTSNMAWLRQAPGKRREWVALITISGYTDYADSVKDRFTISRDNAKNTVSLQMNSLKPEDTAIYFCARRVGSEYDLWGQGTQVTVSS
seq11340,QVQLQESGGGLVQAGGSLRLSCAVSGNTLSRYAMGWFRQTPGNEREFVAAIRWNNGATYYAESVKGRFTISRDTGKNTVYLQMNNLQPEDTAVYYCAGRFLGYASSNAYHEALYNYDYWGQGTQVTVSS
seq11341,EVQLVESGGGLVQPGGSLRLSCAASGFIFDDYAMSWVRQAPGKGLEWVSAINWSGSHRNYADSVKGRFTISRDNAKKTVYLQMNSLQSEDTAVYYCGTGWQSTTKNQGYWGQGTQVTVSS
seq11342,ESGGGSVQSGGSLRLSCVASGSTDRPAYMAWFRQAPGKEREGVATIYTEFGSQYYADSVKGRFTISQDNAKRTAYLQMNSLKPEDTAMYYCAATTAFRVLGTRKLDAAQYAYWGQGTQVTVSS
seq11343,VQLQESGGGSVQAGGSLRLSCAASGYTYSSDGMGWFRQTPGKEREGVAAISPTGRRTEYADSVKGRFTISRDNNKNMLSLQMNSLKPEDTGMYYCAREGSWSFSLANSAVRSWGQGTQVTVSS
seq11344,QVQLVESGGGLVQPGGSLRLSCAASGSIFNIPVMGWYRQAPGKQRELVAGISTGGTTNYGDSVKGRFTISRDNAKNTVYLQMNSLKPEDTAVYYCNVLVVSGIGSTLEVWGQGTLV
seq11345,QVQLQELGGGLVQPGGSLRLSCAASGFTFRSYYMSWVRQAPGKGLEWVSSIYADGTNTYYGDSVKDRFTISRDNAKNTLYLQIDSLKSEDTAIYYCNEGLVQLDDTTWGLGDYWGQGTQVTVSS
seq11346,EVQLVESGGGLVQAGGSLRLSCAASGRTLSIYSMSWFRQAPGKEREFVSTIGWNSGRTYYADSVKGRFTISRDNSKNTLYLQMNSLRAEDTAVYYCAAAKGPLRLSSQADYWGQGTQVTVSS
seq11347,AVQLVESGGGSVQAGGSLRLSCEASGYTYSMGWFRQAPGKEREGVAAISTGGLRTYYADSVKGRFTISRDNYKNTVYLQMNSLKPEDTAIYYCASKDRRELIFRPSEAGTYNYWGQGTQVTVSS
seq11348,VQLQESGGGSVQAGGSLRLSCAASTYAYSSTYMAWFRQAPGKEREGVASIYTGDGWTYYANSVKGRFTISRDNAKNTVYLQMNSLKPEDTAMYYCAAKTRAVGGTWSSPNIYTYWGQGTQVTVSS
seq11349,VQLQESGPGLVKPSQTLSLTCTVSGGSISTSGTGWSWIRQPPGKGLEWMGIIGYDGGTYYNPSLKSRTSISRDTSKNQFSLQLTSVTPEDTAVYYCARGLGPWGQGIQVTVSS
seq11350,QVQLQESGGGLVQAGGSLRLSCVASGSDFSIYDIGWYRQAPGKPREFVAAIGRGGYTNIDASVKGRFTISRDNAKNTVYLQMNTLEPEDTARYSCAAAARYGRGRLDDITRYNYWGQGTQVTVSS
seq11351,DVQLVESGGGVVQPGGSLRLSCAASGSIGGLNAMAWYRQAPGKERELVAGIFGVGSTRYADSVKGRFTISRDNSKNTVYLQMNSLRPEDTAVYYCRMSSVTRGSSDYWGQGTLVTVKS
seq11352,EVQLVESGGGLVQPGGSLRLSCVASGLTFSIHDMGWYRQAPGKQQRESVAIITSRGTTSYSDSVEGRFTISRDNSKNTINLQMDSLKPEDTALYYCRALSLNSWGQGTQVTVSS
seq11353,VQLVESGGGLVQPGGSLSVSCAASGSIARPGAMAWYRQAPGKERELVASITPGGLTNYADSVTGRFTISRDNAKRTVYLQMNSLQPEDTAVYYCHARIIPLGLGSEYRDHWGQGTQVTVSS
seq11354,QVQLQESGGGLVQAGGSLRLSCAASGRTSSIHLMAWFRQAPGKEREFVASIIWTGGTTYYAGTTFYGDSAEGRFTISNDNARNTGYLQMNSLKPEDTAVYYCAATSLENPTRYDYWGQGTQVTVSS
seq11355,QVQLQESGGGLVQAGGSLRLSCAASGRTFSSYAMGWFRQAPGKEREFVAAISWSGLSTYYADSVKGRFSISRDNAKNMVYLQMNSLKPEDTAVYYCNADPRARTTGWAPSGDWGQGTQVTVSS
seq11356,EVQLVESGGGLVQAGGSLRLSCAASGSIFNFNYMGWFRQAPGKEREFVATIRWSGSSTYYADSVKGRFTISRDGAKNTVYLQMNSLKPEDTAIYYCALRKGIPYSTSSLYIKGVNDYDYWGQGTQVTVSS
seq11357,EVQLVESGGGEVQPGGSLRLSCAASGSTFSMYHMSWFRQAPGKQREPVATSHHGGTTNYAGSVKGRFTISRDNAKNTVYLQMNSLRPEDTAVYYCKADHGYSGRGYWGQGTLVTVKP
seq11358,EVQLVESGGGLVQPGGSLRLSCAASGRALSSYSVGWFRQAPGKEREFVTAISWSVPYYADSVKGRFTISRDNAKNTVYLQMNSLKPEDTAVYYCAADSLYWRSSRMATDYDYWGQGTQVTVSS
seq11359,EVQLVESGGGLVQPGGSLRLSCAASGFSFDDYAMGWFRQAPGKERELVAAIRWSGGITWYADSVKGRFTISADNSKNTAYLQMNSLKPEDTAVYYCAAYGSGSDYLPMDWGQGTLVTVSS
seq11360,QVQLVESGGGLVQAGGSLRLSCAASGGTFSRTTMAWFRQAPGKEREFVAAISWAGSSTVYADSVKGRFTISRDNAKNTVYLYMNSLKPEDTAVYYCAGRPFGLQLDTHQADYNIWGQGTQVTVSS
seq11361,QVQLQQSGGGAVQAGGSLTLSCVASGSGSRIGLMAWYRQTPGRQRELVAVIKGTGTTRYADSVKDRFTISRDNAKNTMYLQMNDLKPDDTALYYCFASVLGAGTYWGQGTQVTVSS
seq11362,EVQLVESGGGLVQPGGSLRLTCAASGRTFRSYAMGWFRQAPGKGREFVSAINYSGGSTNYADSVKGRFTISRDNAKNTLYLQMNSLEPEDTAVYYCAAGSGYASLSYYSTERAYTYWGQGTLVTVSS
seq11363,DVQLVESGGGSVQAGGSLTLSCVASGYPGNNYNAGWFRQSPGKEREGVAAINGDGTVTFYADSVKGRFTISQDLGKNPVLLKLNSLKPEDTAIYYCAAGGSMSKGNWRTGRGFDHWGQGIQVTVSS
seq11364,QVQLQESGGGLVQAGGSLRLSCAASGRKFRLYHMGWFRQAPGKEREFVAVISWSGGSTVYADSVKGRFTISRDNEKNAGYLQMNSLKPEDTAVYYCAVDRLIESFSDPTAWPRMDYWGKGALVTVSS
seq11365,QVQLQESGGGLVQAGGSLRLSCEASGRTFSSYHMGWFRQAAGKEREFVATISSDYNTYYADSVKGRFTISRDNAKNTVYLQTNSLKPEDTAVYYCASRTVFSGPQYYTRAHEYGYWGQGTQVTVSS
seq11366,EVQLVESGGGLVQPGGSLRLSCAASGRTFGDDTMGWFRQAPGKEREFVAAINWSGGYTPYADSVKGRFTISADNSKNTAYLQMNSLKPEDTAVYYCATDPPLFWGHVDLWGQGTLVTVSS
seq11367,EVQLVESGGGSVQAGGSLRLSCAASGRSFSSYTMGAIRWSGESPYYADSVKGVIRWSGESPYYADSVKGRFTISRDNAKNTVYLQMASLKPDDTAVYYCAARLVPPGIPIERTLESMNYWGKGTLVTVSS
seq11368,EVQLVESGGGLVQAGGSLRLSCEASGGTFSNYAAWFRQGPGKGRELVVSIFRSGTITYTADSVKGRFTASRVNTKNTVYLQMNSLKPEDTGIYYCASAYNPGIGYDYWGQGTQVTVSS
seq11369,EVQLVESGGGLVQPGRSLTLSCAASTNIFSIYPMGWYRQAPGKQRELVAAIHGFSTYYADSVKGRFTISRDNAKNSIYLQMNSLRPEDTALYYCNKVPWGSYHPRNVYWGQGTQVTVSS
seq11370,EVQLVESGGGSVLAGGSLRLSCVASGFTSRYNYMAWFRQAPGKEREGVATIGTASGSADYYGSVKDRFTISQDNAKNTVYLQMNSLKPEDTAMYYCAARTYGTISLTPSDYRYWGQGTLVTVSS
seq11371,QVQLQESGGGLVQPGGSLRLSCAASGSIFSFNLMGWYRQAPGKQRELVAAITSSSNTNYADSVKGRFTISRDNAKNTVYLQMNSLKPEDTAVYYCNAQYTITPWGIKKDYWGQGTQVTVSS
seq11372,EVQLVESGGGLVQPGGSLRLSCAGSESIFSIDAMGWYRQAPGKQRELVAGISGGGRTNYADSVKGRFTISGDNAKNTVYLQMNSLKPEDTAVYYCNAEGQAGWGTPLMNYWGKGTLVTVSS
seq11373,EVQLVESGGGLVQPGESLRLSCAASGDVHKINILGWYRQAPAKEREMVAHITIGDATDYADSAKGRFTISRDEAKNMVYLQMNSLKPEDTAVYFCRAYSRIYPYNYWGQGTLVTVSS
seq11374,QVQLQESGGGLVQAGGSLRLSCAASGNIFDADIMGWYRQAPGKERELVASITDGGSTNYADSVKGHFTISRDNAKNTVYLQMNSLKPEDTAVYYCAAIAYPDIPTYFDYDSDYFYWGQGTQVTVSS
seq11375,EVQLVESGGGLVQPLSGRSDNHGGSLRLSCAASGFTFDDYGMSWVRQAPGKALEWVSAISWNGNNTYYTESMKGRFTISRDNAKNTLYLQMNSLRPEDTAVYYCVKGSTAIVGVPPTYPDEYDYWGQGTLVTVSS
seq11376,EVQLVESGGGLVQPGGSLTLSCAASGSSVLFLSMAWYRQAPGKKRELVAGVSSDGSTDYIDSVKGRFTISRDNAKNSVYLQMNSLRAEDTAVYYCYAYRWRTRYTYWGQGTLVTVSS
seq11377,EVQLVESGGGLVQPGGSLRLSCAASGSVHLLNFLGWYRQAPGKEREMVAHITIADATDYSHFAKGRFTISRDEAKNMVYLQMNGLRPEDTAVYFCRAGSRIYPYDYWGQGTLVTVSS
seq11378,QVQLVESGGGSVQAGGSLRLSCAASGIDSSSYCMGWFRQRPGKEREGVARINGLGGVKTAYADSVKDRFTISRDNAENTVYLQMNSLKPEDTAIYYCAAKFSPGYCGGSWSNFGYWGQGTQVTVSS
seq11379,EVQLVESGGGEVQPGGSLRLSCAASRSSGIDVMGWYRQAPGKERELVAEISGVGDTNYAASLADRFTVSRDNAKNTVYLQMSSLRAEDTAVYYCNAHSFLDLVGAWGQGTLVTV
seq11380,EVQLVESGGGLVQPGGSLRLSCVASGFSLDDYGMTWVRQAPGKGLEWVSSINWSGTHTDYADSVKGRFTISRDNAKNTLFLQMNNLTPEDTAVYYCNQGWKIIPTDRRGHGTQVTVSS
seq11381,QVQLQESGGDSVQAGGSLRLACKVPGFTSNTCAMAWFRQAPGKEREFVSSISTGGTTGYAESAKGRFTLSKDEAKDTVYLQMNSLKPEDTAMYFCKSYACRTCIGRYCRTAPDAWGQGTQVTVSS
seq11382,EVQLVESGGGLVQAGGSLRLSCVASGNIFSDNLMGWYRQAPGKQREFVAHMSHDGTTNYEDSVKGRFTISRENAKNTLYLHMNSLKPEDTAIYYCRLLTIPTTGRAEGFWGQGTQVTVSS
seq11383,EVQLVESGGGLVQTGGSLRLSCAASGRAFSTYGMGWFRQAPGKAREFVAAISRSGTGTYYAGSMKGRFTISRDDAKNTVYLQMNSLKPEDTAVYYCAARQPYASGSHYSSTQYTYWGQGTQVTVSS
seq11384,EVQLVESGGGLVQAGGSLTLPCTVSGRTFDNYAMGWFRQAPGKEREFVAAISWSLSRTHYADSAKGRFTISRDNAKNTVLLQMSSLKPEDTAVYYCAAAPRPKRVSVSYFSTASNYDYWGQGTQVTVSS
seq11385,QVQLQESGGGLVQAGGSLTLSCAASGRYQMAWFRQAPEKEREFVGTISSGDSTWYTNSVKGRFAISRDSARNTVYLQMNDLKPEDTAIYYCAAALYYRDSRRAADYPYWGQGTQVTVSS
seq11386,EVQLVESGGGLVQAGGSLRLSCAASGFTLDYYAIGWFRQAPGKEREGVSCISSRGGSTYYEDSVKGRFTISRDNAKNTVYLQMNSLKPEDTAVYYCAADPIHNCYSGRYYASPDAVYEYWGQGTQVTVSS
seq11387,EVQLVESGGGLVQPGGSLRLSCAASGGTFSTYWMGWFRQAPGKEREFVAAISRSGGNTYYADSVKGRFTISADNSKNTAYLQMNSLKPEDTAVYYCVRHSGTDGDSSFDYWGQGTLVTVSS
seq11388,NVKLVEKGGNFVENDDDLKLTCRAEGYTIGPYCMGWFRQAPNDDSTNVATINMGGGITYYGDSVKERFDIRRDQASNTVTLSMDDLQPEDSAEYNCAGDSTIYASYYECGHGLSTGGYGYDSHYRGQGTDVTVSS
seq11389,QVQLVESGGGSVQAGGSLRLSCEASGRTYSSNCMGWFRQAPGKERENVAAIYTGGDGITYADSVKGRFTISQDKLKNMLYLQMDSLKPEDTAMYYCAADPNRRRMGVGGSCLRANFGPGGQGTQVTVSS
seq11390,QVQLQESGGGLVQAGGSLRLSCAVSGNTLSRYAMGWFRQTPGNEREFVAAIRWNEGATYYADSVEGRFTISRDTGKNTVYLQMNNLKPEDTAVYYCAGRFLGYASSNAYHEALYNYDYWGQGTQVTVSS
seq11391,EVQLVESGGGLVRHGDSLRLSCLVSRRTTSVYATGWFRQAPGKEREFVAAISWSGGYTNYADSVKGRFTISRDNAKNTVFLQMNSLKPEDTAVYYCAADRNPYRGSNNANAYDYWGQGTQVTVSS
seq11392,EVQLVESGGGLVQPGGSLRLSCTAYGFVFDQSRMFWARQAPGKGFEWLSSILTAGDTWYSDSVKGRFTISRDNAKNTLYLQMNDLKSEDTAVYYCSKDGIHSSKGRGTQVTVSS
seq11393,EVQLVESGGGLVQAGGSLRLSCAASGRTFRHYAMGWFRQAPGKEREFVAAISSYGSTDYGDSVKGRFTISRDDAKNTVPLQMNSLKPEDTAVYYCAAADETLGAVPNFRLHEKYEYEYWGQGTQVTVSS
seq11394,VQLQESGGGLVQPGGSLRLSCAASGRTFSNYVNYAMGWFRQFPGKEREFVASISWSSVTTYYADSVKGRFTISRDNAKNTVYLQMNSLKPEDTAVYYCAAHLAQYSDYAYRDPHQFGAWGQG
seq11395,QVHLVESGGGSVQAGGSLRLSCAASQYVYRWDLMGWFRQAPGKEREAVAAVYTGDGITYYADSVKGRFSISQDNAKNTVYLQMNSLKPEDTGMYFCAAGFVSGGRWNQSYRYKYWGQGTQVTVSS
seq11396,EVQLVESGGGLVQAGGFLRLSCELRGSIFNQYAMAWFRQAPGKEREFVAGMGAVPHYGEFVKGRFTISRDNAKSTVYLQMNSLKPEDTAIYFCARSKSTYISYNSNGYDYWGRGTQVTVSS
seq11397,EVQLVESGGGLVQPGGSLRLSCAASGCTFDDYGMSWVRQAPGKALEWVSAISWNGNNTYYTESMKGRFTISRDNAKNTLYLQMNSLRPEDTAVYYCVKGSTAIVGVPPTYPDEYDYWGQGTLVTVSS
seq11398,EVQLQASGGGLVQPGGSLRLSCEASGRTFSSYSMAWFRQAPGKEREFVAAINWRSSVTAYADSVKGRFTISRDNAKNTVYLQMNGLKPEDTAVYYCAREALPGTYGLDYWGKGTQVTVSS
seq11399,EVQLVESGGGLVQPGGSLRPSCAASGSVHLLNFLGWYRQAPGKEREMVAHITIADATDYAHFAKGRFTISRDEAKNMVYLQMNSLRPEDTAVYFCRAGSRIYPYDYWGQGTQVTVSS
seq11400,EVQLVESGGGLVQAGGSLRLSCAASGRTFSSYAMAWYRQAPGKEREYVAAIRWSGGTAYYADSVQGRFTISRDNAKNTVYLQMNSLKPEDTAVYYCANRAPDTRLAPYEYDYWGQGTQVTVSS
seq11401,QVKLEESGGGLVQAGGSLRLSCVASGSGFGINGVIWYRQAPGKQRELVALIKSDGYTNYRESVRGRFTISRDDAKNTVWLQMNALEPEDTGVYYCKTPGVPFGQGTQVTVSS
seq11402,QVQLQESGGGLVQPGGSLRLSCVASGSIFSINAMGWYRQAPGKQRELVAAISSGGRTNYADSVKGRFTISRDNAKNTVHLQMNSLKPEDTAVYYCNVGSWGFRSHSYLSGSSWGQGTQVTVSS
seq11403,EVQLQESGGGLVQAGGSLRLSCAASGDIISSYRMGWFRQAPGKEREFVSDITPSIGHTYYADSVKGRFTISRDNAKNTVYLQMNSLKPEDTAVYYCRAVDRSYRYPYEYWGQGTQVTV
seq11404,QVQLQESGGGLVQPGGSLRLSCAASGFTFSSYAMSWVRQAPGKGLEWVSTINSGGRSANYADSVKGRLTISRDNAKNTLHLQMNSLKPEDTALYYCARPRSVSRNYVPLGYDYLGQGTQVTVSS
seq11405,QVQLVQSGGGLVQPGESLRLSCAASGSVFSIDSMSWFRQGPGNERELVALITGGRTTTYADSVKGRFTISRANAPNTVHLQMNSLKPEDTAVYYCNAAVSTGWGRSADDYWGQGTQVTVS
seq11406,QVQLVESGGGLVQAGGSLRLSCAASGSTSSINTMYWYRQAPGKERELVAFISSGGSTNVRDSVKGRFSVSRDSAKNIVYLQMNSLKPEDTAVYYCNTYIPYGGTLHDFWGQGTQVTVSS
seq11407,EVQLVESGGGLVQPGGSLRLSCAASSVITLDSNAIGWFRQAPGKEREEVSCIASSDGSTYYAESVKGRFTISKDYTRNTVYLQVNSLKPEDTAVYHCATDANPNCGLNVWNSWGQGTQVTVSS
seq11408,EVQLVESGGGLVQPGGSLRLSCVASGLTFSIHDMGWYRQAPGKQQRESVAIITSRGTTSYSDSVEGRFTISRDNSKNTVHLQMDSLKPEDTAAYYCRALSLNSWGQGTQVTVSS
seq11409,VQLVESGGGSVQAGGSLRLSCAASRDTYDSHCMGWFRQAPGKEREQVAAHNGGRNTYYADSVKGRFTISQDNAKNTMYLQMNSLKPEDTAIYYCAADMSARRVANTGCRYNYWGQGTLVTV
seq11410,QVKLEESGGRLVQPRGSLRLSCAGSGRTFSTYGMAWFRQAPGKEREFVASKASMNYSGRTYYADSVKGRFTIARDNAKNMVFLQMNNLKPEDTAVYYCAAGTGCSTYGCFDAQIIDYWGKGTLVTVSS
seq11411,EVQLVESGGGLVQPGGSLRLSCAASGRTLSSYAMGWFRQAPGKEREFVARISQGGTAIYYADSVKGRFTISRDNAKNTLYLQMNSLRPEDTAVYYCAKDPSPYYRGSAYLLSGSYDSWGQGTLVTVSS
seq11412,EVQLVESGGGVVQPGGSLRLSCAASGSTISSYVMGWFRRAPGKEREFVAAISRSGGYTYYADSVKGRFTISRDNSKNTVYLQMNSLRPEDTALYYCAAGRYSAWYSQSYEYDYWGQGTLVTVSS
seq11413,EVQLVESGGGLVQSGGSLRLSCAASGSIVGISDMRWYRQAPGNQRELAASISRGGSTNYGDFVKGRFTISRDNAKNTVSLQMSSLEPEDTAVYYCNAAVAAGTVGAYTLRNYWGQGTQVTVSS
seq11414,EVQLVESGGGLVQAGGSLRLSCAASGLTFSRYDMGWFRQAPGEERQFVAGINWSGGRTYYADSVKGRFTISRDNAKEIVSLQMSGLKPEDTAVYYCAADQPPSTWLAEYFDYWGQGTRVTVSS
seq11415,QVQLQESGGGLVQAGGSLRLSCAASGRTFSSYAWGWFRQAPGKEREFVARISFSGGHTYYSDSVKGRFTISRDNAKNTVYLQMNSLKPEDTAVYYCAADPTPYGLRNERNYPYWGQGTLVTVSS
seq11416,QVQLVEAGGGSVQPGGSLRLSCAASGFSFNIYAMSWVRQAPGKQFEWVSGIHPDGRTTYYTDSVKGRFTISRDNAKNTLYLQLDSLKTEDTAMYYCAKGVLTKYVGGARGQGTQVTVSS
seq11417,EVQLVESGGGLVQPGGSLRLSCAASGRTFSANGMGWFRQAPGKEREFVAAISASGTLRAYADSVKGRFTISADNSKNTAYLQMNSLKPEDTAVYYCAARSPMSPTWDWGQGTLVTVSS
seq11418,QVQLQESGGGLVQAGGSLRLSCLASGDTFSNYVMAWFRQAPGKEREIVAAIRLSGARYVPDSVKGRFTISRDNAKNAMYLQMTSLKPEDTARYYCAAGHTWGQYAYWGQGTQVTVSS
seq11419,QVQLQESGGGLVQAGGSVRLSCAASGSTFSDYAMGWFRQAPGKEREFVAAISWSGGTTYYTGSVKGRFTISRDNAKNTVYLQMDSLKPEDTAVYSCAADATAPTLADLCIYYSGDPVCYWGQGTQVTVSS
seq11420,QLQLVESGGGLVQAGGSLRLSCVASGFPFASSAMAWFRQAPGKEREFVASISYRGITTYYAQPVKGRFTMSRDNAKNTVYLQMNSLKPEDTAVYYCYAKSIWGNAYWGQGTQVTVS
seq11421,QLQASGGGFVQPGGSLRLSCAASGTGSNASAMGWFRQAPGKEREFVSAISRHEGQPPYYADSVKGRFTISRDNSKNTVYLQMNSLRAEDTATYYCAMRYQSHIDIPGDSSPKLMYWGQG
seq11422,EVQLVESGGGLVQAGGSLRLSCAASGRTFSTDDVGWFRQAPGKEREFVAVIRWSTGGTYTSDSVAGRFTLSRDNAKNTMYLQMNSLKPEDTAVYYCAARSRPLGAGAWYTGETRYDSWGQGTQVTVSS
seq11423,QVQLQESGGGSVQAGGSLRLSCAASGFPASSYCMAWFRQAPGKEREGLAAIYNGGRRYYPDSLKGRFTIEDKAENTIYLEMNSLKPEDTATYYCAARSNQCWYATLQQSWYPYWGQGTQVTVSS
seq11424,DVQLVESGGDLVQPGGSLRLSCAASGFSFDDYAMSWLRQTPGKGLEWVGAITGNGASKYYAESMKGRFTISRDNAKNMLYLHLNNLKSEDTAVYYCRRVAKDTGSFYYPAYEHDVLGQGTQVTVSS
seq11425,VQLQESGGGSVQAGRSLRLPCAVSRYSASNNVIKWMGWFRQAPGKEREGVAALYTSGGNTYYADSVKGRFTISRDYSENTVSLQMNNLKPEDTGMYYCAATVGTVLAGPLSARKYNYWGQGTQVTVSS
seq11426,EVQLVESGGGLMQTGDSLRLSCAASGLRFTSTNMGWFRQGPGKEREFVAAITLSGTTYYAEAVKGRFTISRDNDKNTVALQMNSLKPEDTAVYYCGADPSYYSTSRYTKATEYDYWGQGTQVTVSS
seq11427,EVQLVESGGGLVQPGGSLRLSCAAPGSISIINFMNWYRQAPGKQRELVAQVTSGVTSGGTTYYDDSVKGRFTISRDNAKNMVSLQMNSLKPEDTAVYYCNVQGYFGSTWINYWGQGTQVTVSS
seq11428,DVQLVESGGGLVQAGGSLRLSCESSISTFSSDAMGWFRQAPGKEREFLAAIGWSGAVTHYSDSVKGRFTISRDNAKNTVYLQMNSLRSEDTGRYYCAEDYDTDVWQYWGQGTQVTVSS
seq11429,EVQLQESGPGLVKPSQTLSLTCTVSGGSITTRYYAWSWIRQPPGKGLEWIGVIDYDGDTYYSPSLESRTTISWDTSKNQFSLNLSSVTAEDTAVYYCARDPDVVTGFHYDYWGQGTLVTVSS
seq11430,QVQLVESGGGSVQSGGSLRLSCAASGYTVRHYCMGWFRQTPGKEREGVASIDTFGIPKYADSVKGRFTISQDNAKNTLNLQMDSLKPEDTAMYFCAGRSYTNCRDGPPSASHYSHWGQGTQVTVSS
seq11431,QVKLQESGGGLVQSGGSLRLSCIASGSTVSGNTMGWYRQAPGKQHELVAVISSVGVSNVAQSVKGRFAISRDNAKNTVYLQMSSLKPEDTAVYYCNALGTGRANWGQGTQVTVSS
seq11432,QVQLQESGGGLVQAGGSLRLSCAASGLVFKRYSMNWYRQPPGQQRGLVASISDSGVSTNYADSVKGRFTISRDNAKNIGYLQMNSLKPEDTAVYYCNMHTFWGQGTQVTVSS
seq11433,EVQLVESGGGLVQPGGSLRLSCAASGFTFSSYAMGWFRQAPGKERELVAAISSGGSTSYADSVKGRFTISADNSKNTAYLQMNSLKPEDTAVYYCAAAMDGYSGSWGQGTLVTVSS
seq11434,EVQLVESGGGLVQPGGSLTLSCVASGSGSSINAMGWYRRAPGKQRELVAGISSDGSKVYSDSVKGRFTISRDNAKNSVYLQMNSLRAEDTAVYYCYYFRHVSGSSMRYWGQGTLVTVSS
seq11435,EVQLVESGGGLVQPGGSQRLSCTASGTIVNIHVMGWYRQAPGKQRELVALIFSGGSADYADSVKGRFTISRDNSKNTVYLQMNSLRAEDTAVYYCAAEIGYYSGGTYYSSEAHWGQGTLVTVSS
seq11436,EVQLVESGGGLVRTGGSLRLSCAASGRLPRDYILGWFRQPPGKEREFVAAVPWTGSLTSYGDSVKGRFTISKNNAENTVYLQMNGLKPEDTAVYYCAATTTSGRINWGRASWGQGTQVTVSS
seq11437,EVQLVESGGGLVQAGGSLRLSCEASGLTISSLTMAWFRQAPGKEREFVANIKWSGDRIVYADSVKGRFTISRDSAKNAVNLQMELVESDDTAVYYCAAKHSTVAGLTHEYDYWGQGTQVTVSS
seq11438,DVQLLESGGGVVQPGGSLRLSCAASGFTFGNYDMAWVRQAPGKRPEWVSSIDTGGDITHYADSVKGRFTISRDNAKNTLYLQMNSLRPEDTALYWCATDEEYALGPNEFDYYGQGTLVTVSS
seq11439,EVQLVESGGGSVQPGGSLRLSCAASRSIGRLDRMGWYRHRPGEPRELVATITGGSSINYGDSVKGRFTISIDNSKNTVYLQMNSLRPEDTAVYYCNFNKYVTSRDTWGQGTLVTVGG
seq11440,QVQLQESGGGLVQAGGSLRLSCTASGRISSSYDMGWFRQAPGKEREFVAAISWSGGTTDYADSVKGRFAISKDNAKNAVYLQMNSLKPEDTAVYYCAAVTKHLNQISQSYWGQGTQVTVSS
seq11441,EVQLVESGGGLVQAGGSLGLSCSASGLLFSRNSAGWYRQAPGKQREFVARIRHGGSINYADTVKGRFTISRDNAKNTVYLQMNSLKPEDTAVYYCSSWRTGFYEYWGQGTLVTVSS
seq11442,KVQLVESGGGLVQAGGSLRLDCAASGRTSYAMGWFRQGTGKEREFVAAISPSGYYTYYEDSVKGRFFIHRDNAKNMVYLQMNSLTPEDTAVYYCAAGRHKTVSGILPDYWGQGIQVTVSS
seq11443,QVQLQESGGGLVQPGGSLRLSCEASGFTFSSYTMTWLRQAPGKGLEWVSTINSGGSTSYADSVKGRFAISRDNAKNTLYLQLNSLEIEDTGMYYCQGGLTRGQGTQVTVSS
seq11444,DVQLVESGGGLVQPGGSLRLSCAASGSIFRLNDMGWYRQPPGKQREMVATITKGGTTNYADSVKARFTISRDNAKNTVYLQMNSLKPEDTAVYYCNADISTYSAFGLFTPPKNYWGQGTQVTVSS
seq11445,EVQLVESGGDSVQAGGSLQLSCKASGYTYNSRVDIRSMGWFRQYPGKEREGVATINIRNSVTYYANSVKGRFTISQDNAKNTVYLQMNALKPEDTAMYYCALSDRFAAQVPARYGIRPSDYDYWGEGTLVTVSS
seq11446,EVQLQESGGGLVQPGGSLRLSCTASGVTISALNAMAMGWYRQAPGERRVMVAAVSSRGNAMYRESVQGRFTVTRDFTNKMVSLQMDNLKPEDTAVYYCHVLEDRVDSFHDYWGQGTQVTVSS
seq11447,QVQLQESGGGLVQAGGSLRLSCVASGSIFTTNSMGWHRQGPGKQRELVALIGSAGSTKYADSVKGRFTISRDNAKNTVSLQMDSLKPEDTAVYYCFYYDSRSYWGQGTQVTVSS
seq11448,EVQLVESGGGLVQPGGSLRLSCAASGFTFDDYGMSWVRQAPGKALEWVSAISWNGNNTYYTESMKGRFTISRCNAKNTLYLQMNSLRPEDTAVYYCVKGSTAIVGVPPTYPDEYDYWGQGTLVTVSS
seq11449,EVQLVESGGGLVQPGGSLRLSCAASGFTFSNYWMYWVRQAPGKGLEWVSAINAAGSTYYADSVKGRFTISRDNSKNTLYLQMNSLQSEDTAVYYCANLPRWGQGTQVTVSS
seq11450,QVQLQQSGGGLVQAGGSLRVSCVASGRTFWGPAMAWFRQAPGKERDFVAAITWNGGTTDYADSVKDRFTIFRDNPKNTVYLQMNSLKPEDTAVYYCATGNGRIWNSRYSSKSYVYWGQGTQVTVSS
seq11451,EVQLVESGGGLVQAGGSLRLSCAASERTYSMGWFRQAPGKEREFVAGSGWDGIPTRYADSVKGRFTISRDNAKNTVSLQMSGLKPEDTAIYYCATGTSVYHYQYRGQGTQVTVSS
seq11452,VQLQESGGGLVQPGGSLRLSCAASGRTVSSLFMGWFRRAPGKERELVAAISRYSLYTYYADSVKGRFTISADNAKNAVYLQMNSLKPEDTAVYYCASKLEYTSNDYDSWGQGTQVTVSS
seq11453,QVQLQESGGGLVQVGGSLRLSCAASGSTFSINAMGWYRQAPGKRREWVAGISSSGPPHYPDSVKGRFTISRDNAKNTVYLQMNSLKPEDTAVYYCNLWPPMASPSGAIYWGQGTQVTVSS
seq11454,EVQLVESGGGLVQPGGSLRLSCAASGTTLTFRIMGWFRQAPGKEREFVPAISSTGLASYTDSVKGRFTISADNSKNTAYLQMNSLKPEDTAVYYCSKDRAPNCFACCPNGFDVWGQGTLVTVSS
seq11455,EVQLVESGGGVVQPGESLRLSCVTSGIIFSNNAMGWYRQGPGKKRDLVASIGSTYSTNYADSVKGRFTVSRDNDKNTGYLQMNSLKPEDTGVYYCTIDARRGWNTAYWGQGTPVTVSS
seq11456,EVQLVESGGGEVQPGGSLRLSCAASGSIFSINAMGWYREAPGKQRELVAGFTGDGMTKYAESVKGRFTISRDNAKNTVYLQMSSLRAEDTAVYYCAADVFTDRDHVDWYWGQGTLVTVKP
seq11457,QVQLQESGGGLVQAGGSLRLSCAASGRTLSSYTIGWYRQAPGKQRELVAAITNQGRRTYADSVKGRFTISRDNAKNTVYLQMDSLKSEDTAVYYCKGFSPTDDFWGQGTQVTVSS
seq11458,EVQLVESGGGLVQAGGSLRLSCAASGNIFKINVMGWYRQAPGKGREWVAAIISGGSTNYADSVKGRFTISRDNAKNTVYLQMNSLKPEDTAVYYCNAILTYNDYDLGSDYWGQGTQVTVSS
seq11459,EVQLVESGGGLVQAGDSLRLSCTLSGGTYGFTEYRIGWFRQAPGLEREFAASIAWHDDTYYADSVRGRFLISRDNAKNTVQLQMNSLKPEDTAVYYCAAGLPGSPRRYDYWGQGTQVTVSS
seq11460,QVQLQESGGGSVQAGGSLRLSCTASGYNLSPSCMGWFRQAPGKEREGVAFTDADGSTRYADSVKARFTISRDNAENTLYLQMNSLKPEDTAMYYCAADFFSYCSVVFRASARDKYRGQGTQVTVSS
seq11461,EVQLVESGGGLVQPGGSLTLSCAASGSRVSFLSMAWYRQAPGKKRELVAGISADGSTGYIDSVKGRFTISRDNAKNSVYLQMNSLRAEDTAVYYCYAYRWATRYTYWGQGTLVTVSS
seq11462,EVQLVESGGGPVQTGGSLRLSCVASGRTYRGYSMAWFRQPPGKEREFVAAITWSEGNTYYEDFVKGRFTISRDNAKNTLYLQMTGLKPEDTALYYCAAKIRPYIFKIPGQYDYWGQGTLVTVSS
seq11463,EVQLVESGGGLVQPGGSLRLSCAASGFTFSRHDMGWFRQAPGKEREFVAGINWESGSTNYADSVKGRFTISADNSKNTAYLQMNSLKPEDTAVYYCAADRGVYGGRWYRTSQYTWGQGTLVTVSS
seq11464,EVQLVESGGGLVQAGGSLTLSCAVSGSSFSIKAMGWYRLAPGKQRELVAAITSGGSTNYADSVKGRFTISRDSAKNTVYLQMNSLKPEDTAVYYCNGFFEYRGLEQLGPWGQGTQVTVSS
seq11465,EVQLVESGGGVVQAGGSLRLSCAASGRTFSLYTMGWFRQAPGKEREFIAHMRRGGYTTYVADSVKDRFTISGDNAEATVYLQMNSLKSEDTAVYYCAAKLGLLVIGTAPTANDYDYWGQGTQVTVSS
seq11466,QVQLVESGGGLVQPGGSLRLYCAASGRTDTTYALGWFRQPPGKERQFVASITWIGGATNYAASVKGRFTISKDLGTNTFNLQMNSLTPDDTAVYYCAAAVVRQWPNAHQGAYDYWGQGTQVTVSS
seq11467,QVQLQDSGGGLVQAGDSLRLSCAASGRSFSSYGMGWFRQAPGKEHEFVAGIWRSGVSLYYTDSVKGRFTISRDDAKMTVSLQMNSLKPEDTAVYYCAAEATFPTWSRGRFADYDYRGQGTQVTVSS
seq11468,EVQLVESGGGLVQPGGSLTLSCAASRFMISEYHMHWVRQAPGKGLEWVSDINPAGTTDYAESVKGRFTISRDNAKNTLYLQMNSLKPEDTAVYYCDSYGYRGQGTQVTVSS
seq11469,QVQLVESGGGLVQAGGSLRLSCAASGFTLENYAIGWFRQAPGKEREGVSYITGGTGTTVYADSVKGRFTISRDNTKNTVYLQMNSLKPEDTAVYFCATLKRTTAGGWPKPGRIGGQGTQVTVSS
seq11470,EVQLVESGGGLVQAGDSLRLSCIDSGRTFSDYPIGWFRQAPGKEREFVAAIYAIGGDVYYADSVKGRFTISRDNAKNTVYLQMSSLKPEDTAIYSCAVASGGGSIRSARRYDYWGRGTQVTVSS
seq11471,QVQLQESGGGLVQPGGSLRLSCAASGIILRIYDMGWYRQAPGKQRELVAEITSGGSTNYADSVKGRFTISRDNAENTVSLQMNSLKPGDTAVYYCNAHHTFAGAYWGQGTQVTVSS
seq11472,QVQLQESGGGLVQAGGSLRLSCAASGSIFSVNAMGWYRAAPGRQRELVASITSGGSTNYADSVKGRFTISRDNAKNTMYLQMNDLKPEDTAVYYCTNCRVGNWRLEGSWGQGTQVTVSS
seq11473,EVQLVESGGGLVQAGGSLRLSCVASGLTFRNYAMAWFRQAPGKEREFVAGINWSGNGVYYPDSLKERFAISRENPKNMVYLQMNSLNPEDTAVYYCTADRTLTAWDRDNAEYWGQGTQVTVSS
seq11474,EVQLVESGGGLVQAGGSLRLSCAASGGTFSSYSMGWFRQAPGKEREFIAAINWNGDSTYYEDSVKGRFTVSRDNAKNTVYLQMNSLKPEDTAVYYCAATGWGRAYEQAYEYDVWGQGTQVTVSS
seq11475,QVQLQESGGGVVQAGGSLRLSCVAPGSITRVGGMGWYRQPPGKERELVALINEVGNTNYGDSVKGRFTISRDNAKKTVYLEMNSLKPEDTAVYYCWIPPIPWGQGTQVTVSS
seq11476,QVQLQESGGGSVQAGESLRLSCTASGITFSDYFMNWFRQAQGKECERVSMISMNGADTHYADSVKGRFTISRDNTKSTLHLQMNNLRPDDTAVYYCAAGALLPSYNHCPPPGAYFGQGTQVTVSS
seq11477,EVQLVESGGGLVQPGGSLRLSCAASGGTFRNYVMGWFRQAPGKGREFVTAISTGGSWTGYVDSVKDRFTISRDNTKNTLYLQMASLRPEDTAVYYCAATTPATTYLPRSERQYDYWGQGTLVTVSS
seq11478,QVQLQESGGGSVQTGGSLRLSCAASTSIYSNNYMAWFSQAPGKGREGVAAVYIDDGRPYYADSVKGRFTISLDSAKNTVYLQMNSLKPEDTAMYYCAATPGPLSQHYWYTSANYDYWGQGTQVTVSS
seq11479,QVQLQESGGGLVQAGGSLRLSCAASGITFMSNTMGWYRQAPGKQRELVASISSGGSTNYADSVKGRFTISRDNAKKTVYLQMNSLKPEDTAVYYCNARRNVFISSWGQGTQVTVSS
seq11480,EVQLVESGGGLVQAGGSLRLACIASGRDIFSVSATGWYRQAPGKQREFVAGISNIGATKFADSVKGRFTISRDNAKNTVYLQMNSLKPEDTAVYYCNVLLWSGNLWGQGTQVTVSS
seq11481,EVQLVESGGGLVQPGGSLRLSCAASGEVYKINFLGWYRQAPGKEREKVAHITIADVADYADFAKGRFTISRDEAKNMVYLQMNSLKPEDTAVYFCRAGSRIWPYDYWGQGTLVTVSS
seq11482,DVQLQESGGGSVQAGGSLRLSCPASGYTFSHYCMGWNRQAPGKEREEVATIDTDDTPTYADSVMGRFTISRDNANNALYLQMNDLKPEDTSMYYCAIWMKLRGSCHDRRLEVRGQGTQVTVS
seq11483,EVQLVESGGGLVQPGGSLRLSCAASGITIDDYAIGWFRQAPGKEREGVSSIRDNGGSTYYADSVKGRFTISSDNSKNTVYLQMNSLRPEDTAVYYCAAVPAGRLRFGEQWYPIYEYDAWGQGTLVTVSS
seq11484,AVQLVESGGGLVQAGGSLRLSCAASGFTFDDYAIGWFRQAPGKEREGVSCISSSDGSTHYADSVKGRFTISSDKVKNTVYLQMNSLKPEDTAVYYCAVRLFKGGCAVVAGTSWADFGSTGQGTQVTVSS
seq11485,EVQLVESGGGLVQPGGSLRLSCAASGRSLGTYHMGWFRQAPGKEREGVSWISSSDGSTYYADSVKGRFTISADNSKNTAYLQMNSLKPEDTAVYYCAVVLDGYSGSWGQGTLVTVSS
seq11486,QVQLQESGGGLVQAGGSLRLSCAASGFIFRAASMAWYRQSPGNERELVASISSGAFTNYADSVKARFTISRDNAKNTVYLQMNSLKPEDTAVYFCGATFLRSDGHHTINGQGTQVTVSS
seq11487,EVQLVESGGGEVQPGGSLRLSCAASGSTFSMYHMSWFRQAPGKQREPVATSHHGGTTNYAGSVKGRFTISRDNAKNTVYLQMNSLRPEDTAVYYCKADHGYQGRGYWGQGTLVTVKP
seq11488,EVQLVESGGGEVQPGGSLRLSCGASEIIFSDKTVGWYRQAPGKQRVLVAVISNVDSTNYAESVKGRFTISRDNAKNTVYLQMSSLRAEDTAVYYCYARDFESEYWGQGTLVTVKP
seq11489,EVQLVESGGGVVQPGGSLRLSCAASGLTFSSYAMGWFRQAPGKERERVVSISRGGGYTYYADSVKGRFTISRDNSKNTVYLQMNSLRPEDTATYYCAAARYWATGSEYEFDYWGQGTLVTVSS
seq11490,EVQLVESGGGLVQPGGSLGLSCAASGNIFSITGMGWYRQAPGNQRELVAQISHYDSTMYADSVKGRFTISRDNAKNTVYLQMNSLKPEDTAVYYCNAQIIPRVMPLRSNDYWGQGTQVTVSS
seq11491,QVQLVQSGGGSVQAGGSLRLSCAASGYTACSYDMSWYRQAPGKEREFVSAIETDGSTSYADSVKGRFTISQDNAKNTVYLQMNSLKPEDTAMYYCKTDGVYCSGGYRWSDYWGQGTQVTVSS
seq11492,EVQLVESGGGMVQPGGSLRLSCAASGFTLDYYAIGWFRQAPGKEREGVSCISSSGGRTNYADSVKGRFTISRDDARNTVYLQMNTLKPEDTAVYYCAAVILDNSWHCGYSYDMDYWGKGTLVTVSS
seq11493,QSSLRLSCAASGRTFSTAAMGWFRQAPGKERDFVAGIYWTVGSTYYADSAKGRFTISRDNAKNTVYLQMDSLKPEDTAVYYCAARRRGFTLAPTRANEYDYWGQGTQVTVSS
seq11494,SGGGLVQAGGSQRLSCAASGHTFSSYSMAWFRQAPGKEREFVAANIMSGTNTYYADSVRGRFTMSRDIAKNTVYLQMNSLKEEDTALYYCAAADRFRGWATWRDDPDQYDYWDQGTQVTVSS
seq11495,KVQLVESGGGLVQAGGSLRLSCVLSGRTLSRSNMGWFRQAPGKEREFVASIDWITINTYYADSVKGRFTISRDNPKNTLYLQMNSLKPEDTAVYRCASSGPADARNGERWALWGQGTQVTVSS
seq11496,EVQLVESGGGLVQAGGSLTLSCVASETIFRRNAMAWYRQAPGQQRELVASIRRGAFTYYPNSMKGRFTISRDDAKNTVFLQMNSLKPEDTGVYYCRSLNDDYWGQGTQVTVSS
seq11497,EVQLVESGGGLVQAGGSLRLSCAASGGSFSSYAPGWFRQAPGKEREFVAAFTRSSNIPYYKDSVKGRFTISRDNAHTVYLQMNSLKPEDTAIYYCAVNLGSTWSRDQRTYDYWGQGTQVTVSS
seq11498,QVQLVETGGALVQAGGSLRLSCAASETSSVSLSWMGWYRQAPGKERELVAGINRDRPKYKESVKGRFTISRDNAQNTVYLQMNSLKPEDTAVYYCNTVPPRGDYWGQGTQVTVSS
seq11499,QVQLQESGGGLVQPGGSLRLSCAASGSIFSFNAMGWYRQAPGKQRELVAAITKGGSTSYADSVKGRFTISVDNAKNTVYLQMNSLTPEDTAVYYCNVKTLRSALFPGYEYWGQGTQVTVSS
seq11500,EVQLVESGGGLVQAGGSLRLSCAASGLTFSPSAMAWYRQGPGKERDFVASTIWSRGDTYFADSVKGRFTISRDTANYTLYLQMNNLKPEDTAVYYCSLRVRPYGQYDYWGQGTQVTVSS
seq11501,EVQLVESGGGLVQAGGSLRLSCVVSGSLLSIKAMAWFRQPPGKQRELVAAVTSGGSTHYLDSVKGRFTISRDNANTVHLQMNSLKPEDTAVYYCNADFGTDYVDLGPWGQGTQVTVSS
seq11502,QVQLQESGGGLVRPGGSLRLSCEASGTTFRSLVMKWYRQAPGKEREWVAFISSPGDRTRYTEAVKGRFTISRDNAKNALYLQMNGLKPEDTAVYYCNANGIYWGKGTQVTVS
seq11503,QVQLQESGGGLVQAGGSLRLSCAASGRTYGGYGMGWFRQVPGKERELVAAIRWSGTSTYYNDSVKGRFTISRDNVKNMVYLQMNSLKPEDTAVYHCAARTVRVVDISSPVGFAYWGQGTQVTVSS
seq11504,EVQLVESGGGLVQAGESLTLSCAASGRTLSAYIMGWFRQAPGKEREFVAGIWSGGYTHLADSAKGRFSISRDNAKNTVYLQMNGLKPEDTAVYYCAAGLRGRQYSNWGQGTLVTVKS
seq11505,EVQLVESGGGLVQAGGSLRLSCAASGFTFSDYDIGWFRQAPGKEREWVSGISSSDGNTYYADSVKGRFTISSDNAKNTLYLQMNSLKAEDTAVYYCAAEPPDSSWYLDGSPEFFKYWGQGTLVTVSS
seq11506,EVQLVESGGGLVQPGGSLRLSCAASGSIFSSTAMAWYRQAPGKRRDLVAAISSVGVTKYADSVKGRFTISRDNSKNTVYLQMNSLRPEDTAVYYCTSDPRRGWDTRYWGQGTLVTVSS
seq11507,EVQLVESGGGLVQPGGSLRLSCAASGRTFNNYAMGWFRQAPGKGREFVAAISWIIGSTYYADSVKGRFTISRDNAKNTLYLQMNGLRPEDTAVYYCAAEGGYSGTYYYTGDFDSWGQGTLVTVSS
seq11508,EVQLVESGGGEVQPGGSLRLSCAASRRPFSSKTMAWFRQAPGKEREFVAAVRWIGGATRYAESVKGRFTISRDNAKNTLYLQMSSLRAEDTAVYYCAAGQAWGTKFTDYSDWGQGTLVTVKP
seq11509,EVQLVESGGGLVQPGGSLRLSCAASGSGLSINAMGWFRQAPGKERESVAAISWSGGSTYTAYADSVKGRFTISADNSKNTAYLQMNSLKPEDTAVYYCAAYQAGWGDWGQGTLVTVSS
seq11510,EVQLVESGGGLVQPGGSLRLSCAASGLTFSSYAMGWFRQAPGKERELVAAITSSSGSTPAYADSVKGRFTISADNSKNTAYLQMNSLKPEDTAVYYCARGDWRYGWGQGTLVTVSS
seq11511,QVKLEESGGGLVQPGGSLRLSCAASGSIVSIATMAWYRQAPGKQRELVAGITRGGSTKYADSVKGRFTISRDNAKNTVYLQMHSLKPEDTAVYYCTDYSRTYYEDHWGQGTQVTVSS
seq11512,EVQLVESGGGLVQPGGSLRLSCAASGFTFDYYTMGWFRQAPGKEREFVAAIRSSGGLFYADSVKGRFTISADNSKNTAYLQMNSLKPEDTAVYYCAAYLDGYSGSWGQGTLVTVSS
seq11513,QVQLVESGGGLVPSGGSLRLSCAASGATSAITNLGWYRRAPGQVREMVARISVREDKEDYEDSVKGRFTISRDNTQNLVYLQMNNLQPHDTAIYYCGAQRWGRGPGTTWGQGTQVTVSS
seq11514,QVQLQQSGGGLVQAGGSLRLSCAASGITFSTKPVAWYRQPPGKQREGVAHISSDGTTIYADSVKGRFTVSRDNAKNTVYLEMNSLKPEDTGVYYCTAPVGYWGQGTQVTVS
seq11515,EVQLVESGGGLVQAGGSLRLSCAASGRNFGSYTMAWFRQAPGKGREFVSTINWSGGDTDYADSVKGRFTISRDNAKNTVYLQMDSLKPEDTAVYYCAAGLEYMSTIRYTYEYWGQGTQVTVSS
seq11516,EVQLVESGGGLVQPGGSLRLSCEVSGSIGSVSDMRWYRQAPGLQYELVARITSGSITDYSDSVKGRFTISRDNAKNTVYLQMNSLKPEDTAVYYCNADVQHSAWLKPLTYWGQGTQVTVSS
seq11517,EVQLVESGGGLVQAGGSLRLSCAASGRTFSYYPMAWFRQAPGQEREFVAAIIGADTTYYADSLKGRFTISRDNAKNMVYLQMNSLKPEDTAVYYCAARNTYWSDVYYREGQYTNWGQGTQVTVSS
seq11518,QVQLVESGGGLVHPGGSLRLSCAPSASLPSTPFNPFNNMVGWYRQAPGKQREMVASIGLRINYADSVKGRFTISRDNAKNTVDLQMDSLRPEDSATYYCHIEYTHYWGKGTLVTVSS
seq11519,QVQLVESGGGLVQPGGSLRLSCVASGFTFSSYWMYWVRQAPGKGLEWVSAIDTTGGSTAYTHSVKGRFTISRDNARNTLYLQMNNLKSEDTAVYYCANSTYFNDDPEYDRWGQGTQVTVSS
seq11520,EVQLVESGGGLVQAGESLRLSCAASGRTFGNYVMGWFRQAPGKERELVAAITWSDSRTDYADSVKGRFTISRDNVKNLVYLQMNSLRPEDTAVYSCAASSIGPYRLLDSSRYAYWGRGTQVTVSS
seq11521,QVQLQESGGGLVQAGASLRLSCAASGLTFHDYNMGWFRQAPGKERESVAAISRSGFHTYYADSVKGRFTISRDNSKNTMYLQMNSLKPEDTAVYYCAARSTYNSGRYSREYDYWGQGTQVTVSS
seq11522,QVQLQESGGGLVQAGGSLRLSCAVSGNTLSRYAMGWFRQTPGKEREFVAAIRWNNGATYYADSVEGRFTISRDNGKNTVYLQMNNLKPEDTAVYYCAGRFLGYASSNAYHEALYNYDYWGQGTQVTVSS
seq11523,EVQLVESGGGLVQPGGSLRLSCAASGFTFGSYDMSWVRRSPGKGPEWVSAINSGGGSTYYTDYVKGRFTISRDNAKNTLYLQMNSLKPEDTAVYYCAADRYIRARQGEYWGAYAYDYWGQGTQVTVSS
seq11524,QVQLQDSGGGLVQPGGSLRLSCAASESVRSINAMGWYRQAPGKQRELVATATEGGSTNYADSVKGRFTISRDNAKNTVYLQMNSLKPEDTAVYYCNADRVLYYSGGTYYSGTDYWGQGSQVTVSS
seq11525,DVQLVESGGGLVQPGGSLRLSCAASGRTFSSYTMGWFRQAPGKEREFVAAISWSGGRTYYADSVKGRFTISRDNSKNTVYLQMNSLRPEDTAVYYCAAYRRRRASSNRGLWDYWGQGTLVTVSS
seq11526,QLQVVESGGGLVQPGGSLRLSCAASGFTFSSYYMSWVRQAPGKGLEWVSSIYSDGSYAYYADSVKGRFTISRDNAKNTLYLQMNSLKSEDTAVYYCAKDLKARYSGTYHDEGYDYWGQGTQVTVSS
seq11527,EVQLVESGGGLVQAGESLRLSCAASGRTSDLYVVGWFRQTPGKEREFVAGIAWTGDASYYADSVEGRFTIARDNAENRIDLQMTSLKPEDTAVYYCAADSRARFERQRYNDMNYWGQGTQVTVSS
seq11528,QVQLQESGGGLVQAGGSLRLSCAASGYIFWSYGYMGWYRQAPGKERELVATISRGGTTNYADSVKGRFTISRDNAKNTVYLQMNSLKPEDTAVYYCAAGRYAFGYFKYWGQGTQVTVSS
seq11529,VQLQESGGGSVQAGGSLRLSCAASEYIYSSYCMAWFRQAPGKEREGVAVIGSDGSTSYADSVKGRFTISKDNAKNTLYLQMNSLKPEDTAMYYCAAIGGYCYQPPYEYQYWGQGTQVTVS
seq11530,QVQLVESGGGVVQPGGSLRLSCAASDSIDSLVNMGWYRQAPGKQRELVALIANYITHYADFVKGRFTISRDNSKNTLYLQMNSLRAEDTAVYYCYARNIIVDYWGQGTLVTVSS
seq11531,VQLQESGGGVVQAGDSLRLSCVASGRTVSNYAMGWFRQAPGKEREFVARITGSGRTTYYADSVKGRFTISRNNLSNTVYLQMNSLKREDTAVYYCAADRWRSMVTRSDPREYENWGQGTQVTVS
seq11532,EVQLVESGGGLVQPGGSLRLSCAASGNINIINYMGWFRQAPGKEREGVAAIHWNGDSTAYADSVKGRFTISADNSKNTAYLQMNSLKPEDTAVYYCASGPPYSNYFAYWGQGTLVTVSS
seq11533,QVQLQESGGGLVQPGGSLRLSCAASGSIFSIAAMGWYRQAPGKQRELVAAITSGGRRAYADSVKGRFTISRDNDENTVALQMNSLKPEDTDVYYCNAKADHNDYWGQGTQITVSS
seq11534,VQLQEFGGGLVQPGGSLRLSCQASTSVFGNTAMAWYRQAPGKQRELVARITTLGFTYYADSAKGRFTISRDSAMNTVYLQMNSLKPEDTAVYYCNRLWRPLAWGQGTQVTVSS
seq11535,GLVQAGGSLRLSCVVSGRNFSDYAMGWFRQVPGREREFVGAISWSGGATRYAGSVKGRFTISRDNAKSTVYLQMNSLKPEDTAVYYCATRDPGRRDGMDYWGKGT
seq11536,EVQLVESGGGLVQPGGSLTLSCAASGSSVRFLSMAWYRQAPGKKRELVAGISADGSTVYIDSVKGRFTISRDNAKNSVYLQMNSLRAEDTAVYYCYAYRWKTRYTYWGQGTLVTVSS
seq11537,EVQLVESGGGLVQPGGSLTLSCAASSSSVQYLSMAWYRQAPGKKRELVAGISTDGSAVYFDSVKGRFTISRDNAKNSVYLQMNSLRAEDTAVYYCYAYNWSYAQPYWGQGTLVTVSS
seq11538,QVQLQESGGGSVQAGGSLRLSCAASGYTYSSVCMGWFRQALGKEREAVVGIDGDGITMYANSVKGRFTISKDNAKNTLYLQMNSLKPEDTAMYYCASGGGQGDGSCALTYWGQGTQVTVSS
seq11539,QVQLQESGGGLVQPGGSLKLSCAGSGSTFRHHALAWFRQTAEKEREFVSAINDHGTKTRYSDSVRGRFTISRDNDGNMVYLQMDNLRPEDTAVYSCAAGPLVDYLETVPVVYTYWGQGTQVTVSS
seq11540,DVQLVESGGGLVQAGGSLRLSCAASGITFSINTMGWYRQAPGKQRELVALISSIGDTYYADSVKGRFTISRDNAKNTVYLQMNSLKPEDTAVYYCKRFRTAAQGTDYWGQGTLVTVSS
seq11541,EVQLVESGGGLVQPGGSLRLSCVASGNIGNIYTMGWYRQAPGKQRELVAAVGAGELTNYVDSVKGRFTISRDKSKGTVSLEMNSLKPEDTAVYYCNADVSIGPTGLRVYWGQGTQVTVSS
seq11542,QLQASGGGLVQAGGSLRLSCAASGRSFSGSTMEWYRQAPGKERKFVAAIRTISSRTYYVDSVKGRFTISRDSTKNTVYLQLNSLKVEDTAVYYCAARFSGTIGTTSSVDYWGQGTQVTV
seq11543,EVQLVESGGGLVQPGGSLTLSCVASGSTNSINAMGWYRRAPGKQRELVAGISSDGSKVYKDSVKGRFTISRDNAKNSVYLQMNSLRAEDTAVYYCYYYRTVSGSSMRYWGQGTLVTVSS
seq11544,QVQLVESGGGSAQAGGSLRLSCAVSGYIYNRNFMGWFRQVPGKVREGVAAIYTGTERTYYADSVKGRFTISQDNAKNTVYLQMNSLKPEDTAMYYCVADLRDGTWDTGVWNTWGQGTQVTVSS
seq11545,EVQLVESGGGLVQAGGSLTLSCAASERTFRYYVMAWFRQAPGKEREFVAGISMSGDSTKYADSVKGRFTISRDNAENTGYLQMNSLKPEDTAVYYCAADRDIRGNFRSWGQGTQVTVSS
seq11546,QVQLVESGGGLVQPGGSLRLSCTSSANINSIETLGWYRQAPGKQRELIANMRGGGYMKYAGSLKGRFTMSTESAKNTVYLQMNSLKPEDSAVYYCNANYRGNRYWGQGTLVTVSS
seq11547,EVQLVESGGGLVQPGGSLRLSCAASGFTFSSYAMSWVRQAPGKGLEWVSAINSGGGSTSYADSVKGRFTISRDNAKNTLYLQMNSLKPEDTAVYYCAKEGDTGWKDPMYDYWGQGTQVTVSS
seq11548,QVQLVESGGGSVQAGGSLRLSCTTSHYVASNSCMAWFRQAPGKKREGVASISRRADITFYADSVKERFVISRDNSERTLYLQMNSLKPEDTAMYYCAADLSYCGLTEEGYNHWGQGTQVTVSS
seq11549,EVQLVESGGGLVQPGGRLRLSCAASGSIFSIRDMGWYRQAPGKQRELVAIFARGGSTHYADSVKGRFTISRDNAKNTVYLQMNSLEPEDTAAYYCNAEVATMIQPGFRDYWGQGTQVTVSS
seq11550,QVKLEESGGGLVQAGGSRRLSCATSGLTFRNFHMAWFRQVAGKEREVVAAISWSRDRQYYPDPVKGRFTITRDNAKNTVYLQMNSLKPEDTAVYYCAARTASASGDWYKGSYQYWGQGTQVTVSS
seq11551,EVQLLESGGGLVQPGGSLRLSCAASGRIFSLPASGNIFNLLTIAWYRQAPGKGRELVATINSGSRTYYADSVKGRFTISRDNSKKTVYLQMNSLRPEDTATYYCQTSGSGSPNFWGQGTLVTVSS
seq11552,QVQLQASGGGSVEAGGSLRLSCAASGDTAKLNCMAWFRQAPGKERERVASLSTRLTTTSYTDSVKGRFTISQDTATNTVYLEMNSLQPEDTAVYYCQLSRGGTNYRGQGTLVTVSS
seq11553,EVQLVESGGGEVQPGGSLRLSCAASGRSFGDYTVGWFRQAPGKERDFVAGLSWLGGTIYYAESVKGRFTISRDNAKNTLYLQMSSLRAEDTAVYYCAASRSAISRKATDFGSWGQGTLVTVKP
seq11554,QVQLQESGGGSVQTGGSLRLSCAASTSIYSLNYMAWFSQAPGKGREGVAAVYIGDGRPYYADSVKGRFTISLDSAKNTVYLQMNSLKSEDTAMYYCAAAPGPLSRHYWYTSANYDYWGQGTQVTVSS
seq11555,EVQLVESGGGLVQVGGSLRLSCAASGRTSSMYSMGWFRQAPGKEREFVAAIGWRFGEKYYTNSVKGRFTISRDGAENTNTVYLQMNSLKPDDTAVYYCAADPDDASQYYSDWMKGYGMDYWGKGTLVTVSS
seq11556,EVQLVESGGGLVQPGGSLRLSCAASGRTYSISAMGWFRQAPGKEREFVAAISMSGDDSAYADSVKGRFTISADNSKNTAYLQMNSLKPEDTAVYYCAAQLGYESGYSLTYDYDWGQGTLVTVSS
seq11557,EVQLVESGGGLVQAGGSLRLSCAVSGRTFSPYTMGWFRRAPGKEREFVAARTWSGGVAWYADSVKGRFTISSDNAENMVYLQMNSLKPEDTAVYYCAAKSPGRTYSPREERAYARWGQGTQVTVSS
seq11558,QVQLQESGGGLVQPGGSLKLSCTGSGSTFRHHAMAWFRQTPGKEREFVAAINDHGDRTKYLDSVRGRFTISRDNTDNMVYLQMSDLRPEDTANYSCAAGPLVDYLETTPLVYTYWGQGTQVTVSS
seq11559,EVQLVESGGGLVQAGGSLRLSCAASGRTFSAYDMGWFRQAPGKEREFVAVISWSGGMTYYADSVKGRFTISRDNAKNTVYLQMNSLKPEDTAVYYCAVDRRRLYSRWRYYTGVNDYDYWGQGTQVTVSS
seq11560,EVQLVESGGGLVQSGGSLRLSCAASGRTFSTDFMGWFRQAPGKEREFVATIDWRSGSAGYADSVQGRFTISKDNAKNTVYLQMNSLKPEDTGVYYCAAQMIGASSYGYWGRGTQVTVSS
seq11561,QVQLQDFGGGLVQAGGFLRFSCAVTALSRSVYTVAWFRQAPGKEREFLARINRRGTDTAYARDVKGRFTISRDNAKNTVFLQMTSLKPEDTAVYYCAADYSYWSTDRAGYDYWGQGTQVTVSS
seq11562,EVQLVESGGGVVQPGGSLRLSCTASGVTISALNAMAMGWYRQAPGERRVMVAAVSERGNAMYRESVQGRFTVTRDFTNKMVSLQMDNLKPEDTAVYYCHVLEDRVDSFHDYWGQGTQVTVSS
seq11563,QVQLVESGGGLVQPGGSLTLSCAASGSIANIGGMAWYRRLPGNKRAMVASITSAGTASSYIDSVKGRFTISRDNAKNTVYLQMTSLKPEDTAVYLCKAWDRDLVDYWGQGIQVTVSS
seq11564,DVQLVESGGGLVQPGGSLRLSCAASGFAFDDYAIGWFRQAPGEEREGVSSISSTYGLTYYADSVKGRFTISSDNSKNTVYLQMNSLRPEDTAVYYCAATPIGLIGLDAYEYDYWGQGTLVQVSS
seq11565,QVQLVESGGGLVQSGGSLRLSCAASGSMSRIITMGWYRQAPGMERELVAVIGNNDNTVYGDSVQGRFTVSRDNAKNTAYLQMNSLNAEDTAMYYCKISTLTPPHEYWGQGTQVTVSS
seq11566,EVQLVESGGGLVQPGGSLRLSCAASGRIFSLPASGNIFNLLTIAWYRQAPGKQRELVATINSGSRTNYADSVKGRFTISRDNAQKTLYLQMNNLRPEDTAVYYCQTSGSGSPNFWGQGTLVTVSS
seq11567,DVQLVESGGGLVQPGGSLRLSCAASGSIFTINAMGWYRQAPGKQREEVAAITSGGSTNYADSVKGRFTISRDNAKNTVYLQMNSLKPEDTAVYYCAAAGRAGPLAASYRYDYWGQGTQVTV
seq11568,EVQLVESGGGLVQAGGSLGLSCTASGRAFSGSAVGWFRQGPGKEREFVTAINWSGARTYYVDSVKGRFTISRDNAKNTVYLQMNSLKPEDTAVYYCAAARDRYARVLTDYEYVWWGQGTQVTVSS
seq11569,EVQVQESGPGLVTPSQTLSLTCTVSGGSIKNNYYYWNWIRQPPGKGLEWMGAIAYSGSTYYSPSLQSRTSISRDTSKNQFTLQLSSVTPEDTAVYYCARVPSVFGLPYGGMNYWGKGTLVTVSS
seq11570,QVQLVQSGGGLVQAGGSLRLSCAASGSIFSINAMGWYRQPPGKQRELVAGFTGDGSTKYADSVKGRFTISRDNAKNTVYLQMNSLKPEDTAVYYCAADVQLLNSDYEFYWGQGTQVTVKP
seq11571,EVQLVESGGGLVQAGGSLRLSCGAAGGTFSSYATGWFRQAPGKEREFVAVFRWSDSHTAYADSVKGRFTISRDGAKNTLYLQMSSLKPEDTAIYYCTTATRPGEWDYWGQGTQVTVSS
seq11572,EVQLVESGGGLVQAGGSLRLSCATSGQTFSSYAMGWFRQAPGKEREFVAAISWNGGSTYYADSVKGRFTISRESPENLVYLQMNSLKPEDTAVYYCAARGAYYTGSYYLGSTYDYWGQGTQVTVSS
seq11573,EVQLVKSGGGLVQAGGSLRLSCTTSERTVSRYGMGWFRQAPGKEREAVATISWSGDSTYYADSVKGRFTISRDNTKNTLYLQMNSLKPEDTAVYYCAAKPNLKYGSDWPPRGYDYWGQGTQVTVSS
seq11574,QVQLVESGGGSVQAGGSLRLSCTASGYTYSTYCMGWFRQAPGKEREAVATIATGTGSTYVVDSVKGRFTISQDNAKNTVYLQMNSLKPEDTAMYYCAADYRYGGSWCYRPEDFTHWGQGTQVTVSS
seq11575,QVQLQESGGGSVQTGGSLRLSCAASTSIYSNNYMAWFRQAPGKGREGVAAVYVDDGRPYYADSVKGRFTISRDSAKNTVYLQMNSLKPEDTAMYYCAAAPGPLSRHYWYTSANYDYWGPGTQVTVSS
seq11576,QVQLVESGGGLVQAGGSLRLSCAASGRTKDMAWFRQPPGKEREFVAVIYSSDGSTLVAASVTGRFTISRDNAKNMVYLQMTSLKPADTAVYYCASSRGYSGTYYSTSRYDYWGQGTQVTVSS
seq11577,EVQLVESGGGLVQPGGSLRLSCAASGSILSIAVMGWFRQAPGKEREFVAAISPSAVTTYYADSVKGRFTISADNSKNTAYLQMNSLKPEDTAVYYCAIGYYDSSGYFDYWGQGTLVTVSS
seq11578,QVQLQESGGGLVQAGGSLRLSCTASGSIFSIDDMGWYRLAPGKQRELVAVHSGSSTNYGDSVKGRFTISGDSAKNTVYLQMHRLEPEDTAVYYCYAAISSGWGRDAEDYWGQGTQVTVS
seq11579,QVKLEESGGGLVQAGDSLRLSCAASGRSFSSITMGWFRQAPGKERQFVSAINSNGNRYYADSVKGRFTISRDNAKNTVYLQMNSLKPEDTAVYYCAAVQAYSSSSDYYSQEGAYDYWGQGTQVTVSS
seq11580,DVQLVESGGGLVQPGGSLRLSCVASGDVHKINFLGWYRQAPGKEREKVAHISIGDQTDYADSAKGRFTISRDESKNMVYLQMNSLKPEDTAVYFCRAFSRIYPYDYWGQGTLVTVSS
seq11581,EVQLVESGGGLVQPGGSLRLSCAASGTLFKINAMGWYRQAPGKRRELVALITSSDTTDYAESVEGRFTISRDNTWNAVYLQMNSLKPEDTAVYYCHSDHYSMGVPEKRVIMYGQGTLVTVS
seq11582,EVQLVESGGGLVQPGRSLTLSCAASTNIFSQSPMGWYRQAPGKQRELVAAIHGKSTLYADSVKGRFTISRDNAKNSIYLQMNSLRPEDTALYYCNKVPWGDYHPSNVYWGKGTQVTVSS
seq11583,VQLVESGGGVVQPGGSLRLSCAGSFSGYGVSTMAWFRQAPGKGREGVAAITVGSGNTYYADSVTGRFTISRDNSKNTVYLQMNSLRAEDTAMYYCAAGWLSGGSWHVPGRYNYWGQGTLV
seq11584,EVQLVESGGGLVQPGGSLTLSCVASGSTSSINAMGWYRRAPGKQRELVAGISSDGSKVVADSVKGRFTISRDNAKNSVYLQMNSLRAEDTAVYYCYYFRTLSGSSMRYWGQGTLVTVSS
seq11585,QVQLQESGGGLVQAGGSLRLSCAASGITFRITTMGWYRQAPGKQRELVASSSSGGTTNYASSVKGRFTISRDNAKNTVYLQMNSLRPEDTAVYYCNARKFITTPWSTDYWGQGTQVTVSS
seq11586,EVQLVESGGGVVQPGGSLKLSCVASGTDFSINFIRWYRQAPGKQREFVAGFTAAGNTNYADSMKGRFTISRDNTKNAVYLQIDSLKPEDTAVYYCYMLDKWGQGTQVTVSS
seq11587,EVQLVESGGGLVQAGGSLRLSCAASGRAFKDDAVGWFRQAPGKERECVASMYLDGDYPYYADSVKGRFTISRDNAKNAVILQMNNLKTEDTAVYYCAAKPGWVARDPSEYNYWGQGTQVTVSS
seq11588,QVQLVQSGGGLVQPGGSLRLSCVASGLLFSIYDMNWYRQAPGKEREWIAGITNNGYSTAYTDSVQGRFTISRDNAKNTVYLQMNSLKPEDTAVYYCHTDEWGREYWGQGTQVTV
seq11589,QVKLEESGGGLVQAGGSLRLSCAASSSIFSINMSWYRQAPGNERELVATITRHDSTHYSDSVKGRFTISRDDDKNTIYLQMNSLKPEDTAVYYCSGFFLDGSTWHPYWGQGTQVTVSS
seq11590,QVHLVESGGGLVQAGGSLRLSCAASGSIFRINFMGWYRQAPGKQRELVAGITSGSNTNYATNYADSVKGRFTIARDKSKNTVYLQMNSLKPEDTAVYYCNADFGTSGRPYFYWGQGTQVTVSS
seq11591,QVQLQDSGGGLVQAGGSLRLSCAASGLTFSNYIMGWFRQAPGKERESLSSIGGSGTYTYYADSVKGRFTVSRDNAKNTVYLQMNSLKPEDTGMYYCAAGGRDTYGYILPSRRVDYWGKGTLVTVSS
seq11592,QVQLQESGGGLVQPGGSLRLSCAASGSIFSINRMGWYRQAPGKQRELVAAITYGGSTNYADSVKGRFTISRDNAKNTVYLQMNSLKPEDTAVYYCNAGSTYSPFGDKYDYWGQGTQVTVSS
seq11593,EVQLQASGGGFVQPGGSLRLSCAASGRTSSQDIMGWFRQAPGKEREFVSAISDYSGGNVYYADSVKGRFTISRDNSKNTVYLQMNSLRAEDTATYYCAFLGEEKTSWYWGQGTQVTVSS
seq11594,EVQLVESGGGLVQAGGSLRLSCTTSGSTFSIDAMGWFRQTPGKQRELVARITNGGSTSYADSVKGRFTISRDNAKNTVYLQMSSLKPEDTANYLCNVLGTALRPWGQGTQVTVSS
seq11595,DVQLVESGGGLVQAGGSLRLSCAASGRTISMAAMSWFRQAPGKEREFVAGISRSAGSAVHADSVKGRFTISRDNTKNTLYLQMNSLKAEDTAVYYCAVRTSGFFGSIPRTGTAFDYWGQGTQVTVS
seq11596,EVQLVESGGGLVQPGGSLRLSCAASGFTWDYYAIGWFRQAPGKEREGVSCISSSDGSTTYADSVKGRFTISRDNAKNTVYLQMNSLTPEDTAVYYCAVDPALGCYSGSYYPRYDYWGQGTQVTVSS
seq11597,EVQLVESGGGLVQAGGSLRLSCRASGNTGNVNAMGWYRQAPGKQRELVAAVSGGGKTNYADSVKGRFTISIDNAKIIAYLQMNSLKPEDTAVYYCNAGVMGTSGSYYPGDDNWGQGTQVTVSS
seq11598,QVQLVESGGGLVQAGGSLRLSCAASGSIITIYVVGWFRQAPGKEREFVASDIGSGGSTYYSDSVKGRFTISRDNAKNTVYLQMNSLKPEDTAVYYCVTGDPSTPYSYWGQGTQVTVSS
seq11599,QVQLQESGGGLVQAGGSLRLSCAVSGNTLSRYAMGWFRQTPGKEREFVAAIRWNNAATYYADAVEGRFTISRDTGKNTVYLQMNNLQPEDTAVYYCAGRFLGYASSNAYHEALYNYDYWGQGTQVTVSS
seq11600,EVQLVESGGGLVQAGGSLRLSCVASGRTFSILTMGWFRQAPGKEREFVAAISGIGAIHYADSVKGRFTLSRDNARNTVSLHMNSLKPEDTAVYYCAAKANYESPSRETSYAYWGQGTQVTVSS
seq11601,QLQLVESGGGLVQPGGSLRLSCVASGFAFSHYTMYWVRQAPVRGLERVSAISGGGDRTIYTDSVKGRFTISRDNAANALYLQMNSLQPEDTAVYYCVAQGYEYWGQGTRVTVSS
seq11602,EVQLVESGGGLVQPGGSLRLSCAASGITLDDYAIGWFRQAPGKEREGVSSIRDNGGSTYYADSVKGRFTISSDNSKNTVYLQMNSLRPEDTAVYYCAAVPAGRLRYGEQWYPIYEYDAWGQGTLVTVSS
seq11603,VQLVESGGGLVQPGGSLRLSCAASGIIFSINAMGWYRQAPGKQRELVARISAYDHTNYADSVKGRFTISRDNAKNTVYLQMNSLKPEDTAVYYCNVDEIRKFWGQGTQVTVSS
seq11604,VQLRASGGGLVQPGGSLRLSCAASGFTFSNYAMYWLRQAPGKGIEWVSRIGPGGSHTEYADSVKGRFTISRDNAKNTLSLQMNSLKPEDTAVYYCAITQQGSGRGQETQVTVSS
seq11605,SGGGLAQPGGSLRLSCEASGFGTWFRFDENTVNWYRQPPGKSREFDELVARYPKSGIVTYLDSVKGRFTISRDNAKKMAFLQMDNLKPEDTAVYYCNVGEFWGQGTQVTISS
seq11606,MAESGGGSVQTGGSLRLSCAYTASSLCMAWFRQAPGKEREGVAVTREGLTQTGYADSVKGRFAISQDYAKKTLYLQMSSLKPEDTARYYCAARPTSPCTVDGELLASTYDYWGQGTQVTV
seq11607,LQQSGGGLVQAGNSLTLSCAASGGTFNIWTMGWFRQVPGKEREFVAAITRSGAMTDYSDSVKGRFTISGDNAKNTVYLQMNSLKPEDTAVYYCAADKTTYWNIPRDEYDYWGQGTQVT
seq11608,AVQLVESGGGLVQAGGSLRLSCAASGRTFTMGWFHQAPGKEREFVAAISLSPTLAYYAESVKGRFTISRDNAKNTVVLQMNSLKPEDTALYYCAASKDRYSEYEYWGQGTQVTVSS
seq11609,EVQLEESGGGLVQAGGSLRLSCAASGSIFRINAMGWYRQAPGKQRELVAAAISGGSTNYADFVKGRFTISRDNAKNTVYLQMNSLKPEDTAVYYCNALVVSHNYSDYVPFPDDYWGQGTQVTVSS
seq11610,QVQLQESGGGSVQAGGSLRLSCVASGSTYLRFSMGWFRQVPDKEREGVAAIGGDGRTSYADSVKGRFTIFKDNAKNTLYLDMNSLNTEDTAMYYCAAAVLLDGSFSLLAPLVPYKYDYWGQGTQVTVSS
seq11611,QVQLQESGGGSVQAGGSLKLSCVVSGYTWCRYDMSWYRQAPGKEREFVSVIDDNGSTNYADSVKGRFTISKDNGNTVTLQMTSLKPADTAMYYCQTGRYRSRLGYGRCPSGDYWGLGTQVTVSS
seq11612,QVQLQESGGGLVQAGDSLRLSCAASGRDFSTYSMGWFRQAPGKERESVATISWSGQRTRYADSVKGRFTISRDNAKNTVYLQMNSLKPEDTAVYYCAAPRTWGEFPPTQYDSWGQGTQVTVSS
seq11613,VQLVESGGGLVQAGGSLRLSCTDSGRTFSVKPMGWFRQAPGMEREFVAAASFTGVSTFYADSVKDRFAIFRDKDKNTMDLQINSLKPEDTGAYYCAGTTRTLWGSKWRDVLEYEYWGQGTQVTVSS
seq11614,QVQLQESGGGSVQAGGSLRLSCAASGYTCTKFNMGWYRQAPGKQREFVASIRRDSTIYYGDSVKGRFTISQDNAKNMVYLQMTSLKPEDSAMYYCSTRCLTSSVPYWGQGTQVTVSS
seq11615,EVQLVESGGSLVQPGGSLRLSCAASGFTFDDYAMTWVRQAPGKGLEWVSSINWSGTHTDYTDSVKGRFTISRNNANNTLYLQMNSLKSEDTAVYYCAKNWGDAGTTWFEKSGSAGQGTQVTVSS
seq11616,QVQLVESGGGSVQAGGSLTLSCEVSGSTYSTNYMGWFRQAPGKEREGVAAILAGGRNTDYADSVKGRFTISQDNAKNTVYLQMNSLKPEDTAMYYCAADTRAAFWYIGPLNSDQYNIWGQGTQVTVSS
seq11617,EVQLVESGGGLVQAGGSLRLSCAASGRTFSVYGMGWFRQAPGQERAFVAAISWSDGSTYYADSVKGRFTISRDNAKNTMYLQMNSLKPEDTAVYFCAADLTGWGLDADVSEYDYWGQGTLVTVSS
seq11618,EVQLVESGGGLVQAGGSLRLSCAASGRTFGTYAMAWFRQAAGKEREFVGAISSWGGGRTYYPPSVQGRFTISRENAKNTVYLQLSSLKPEDTAVYYCAAKRDNCSAFGCYAGPYDYWGQGTQVTVSS
seq11619,EVQLVESGGGLVQPGGSLRLSCAASGTLFKINAMGWYRQAPGKRRELVALITSSDTTDYAESVEGRFTISRDNTWNAVYLQMNSLKPEDTAVYYCHSDHYSVGVPEKRVIMYGQGTLVTVSS
seq11620,EVQLVESGGGLVQPGGSLRLSCAASGFTFSSYAMRWVRQAPGKGLEWISSINIDGGSTRYTDSVQGRFTVSRDNAKNTLYLQMNNLKPEDTGIYYCTIQGYIYWGQGTQVTVSS
seq11621,EVQLVESGGGLVEPGGSLRLSCAASGSISSYNVMGWYRQAPGQQRDLVAHIASNGEIMYADSAKGRFTISRDNAKKTVYLQMNSLKPEDTAVYYCKLWVLGNDYWGQRTQVTVSS
seq11622,QVQLQESGGGLVQPGGSLRLSCATSGFIFSDYWMYWVRQAPGKGLEWVSSITPGASTTLYADSVKGRFTISRDNAKNTLYLQMNSLKSEDTAVYYCAKGSKIGPRGQGTQVTVSS
seq11623,QVQLVESGGGLVRAGGSLRLSCAASGSIFRINAMGWYRQAPGKQRELVAAITSGGSTNYADSVKGRFTISRDNAKRTVYLQMNSLKPEDTAVYYCNADFSTGWAPYDYWGQGTQVTVSS
seq11624,EVQLVESGGGLVQPGDSLRLSCSASEGTLSRSRVAWFRQAPGKEREFVTVISGVGTSYADSVKGRFTISRDDAKNTVYLQMNSLKAEDTAIYYCAADFRSTWLSSSGSSYTYWGQGTQVTVSS
seq11625,EVQLVESGGDVVQAGGSLRLSCLASGFTFDDYAIGWFRQAPGKEREGISCISSTGNVFYADSVKGRLTISSDKEKNTLYLQMNSLKPEDTAVYHCAAGHFTVDSGKVLLRTDISSWGQGTQVTVSS
seq11626,QVQLQDSGGGLVQAGGSLTLSCVVSGNTLSRYAMGWFRQAPGNEREFVAAIRWENGNTYYADSVEGRFTISRDSAKNTVYLQMNSLQPEDTAVYYCAARFLPYASSNAYHETLYNYDYWGQGTQVTVSS
seq11627,DVQLQASGGGLVQPGGSLRLSCAASGRTFNVDAMAWFRQTRGKEREFVAAISRSGGSTYYADSVKGRFSISKDNAKNTMYLQMNSLKPEDTAIYYCAAAIYWRGSYYTEGNYDYWGQRTQVTVSS
seq11628,QVKLEESGGGLVQAGGSLRLSCAPSGRTFRTWRMGWFRQAPGKEREFVAAINLNTGNTYYVDSVKGRFTISGDYAKNTLYLQMNSLKPEDTAVYFCAARSPDSDYVPLSSIDYQYWGQGTQVTVSS
seq11629,QVQLQESGGGLVQAGGSLRLSCAASGITFRRKAIGWYRQAPGKQRELVARIDSDDITNYADSVKGRFSISRDNAKNTVFLQMNSLKSEDTAVYYCNLRGSNYWGQGTQVTVSS
seq11630,EVQLVESGGGLVQPGGSLRLSCAASGVTFNNYGMGWFRQAPGKERELVAAIRWSGSATFYADSVKGRFTISADNSKNTAYLQMNSLKPEDTAVYYCAADDGARGSWGQGTLVTVSS
seq11631,DVQLQASGGGLVQAGASLRLSCAASGRSFNHYIMGWLRQAPGKERDVVASIDWNSGRTNYADSVKGRFTISRDNAKNTVYLQMNSLKSEDTAIYYCAAAAAASTLVGGSYDYWGQGTQVTVSS
seq11632,QVQLQQSGGGLVQPGGSLRLSCAASALTFSSRAWAWYRQAPGKQRELVASITGGGTTNYADSVKGRFTISRDNAKNTVYLQMNSLKPEDTAVHYCNGYRYTYAWGQGTQVTVSS
seq11633,EVQLVESGGGLVQPGGSLRLSCAASGFTFSVYYMNWVRQAPGKGLEWVSDINNEGGTTYYADSVKGRFTISRDNAKNTLTLQMNSLKPEDTAVYYCVRDAGYSNHVPIFDSWGQGTQVTVAS
seq11634,EVQLVESGGGVVQTGASLRLSCAASGRTFSNYAMGWFRQAPGKERERVAAITPRAFTTYYADSVKGRFTISRDNAKNTAYLQMVSLKPEDTALYYCAAQLVGSGSNLGRQESYAYWGQGTLVQVSS
seq11635,VQLQESGGGLVQAGGSLRVSCAASGRTLSNYAVAWFRQAPGKQREFVAAINWSSGGISYSNAAKGRFALSRDNAKNTVYLQMDSLKPEDTAVYYCAAASSILSGTVDYWGQGTQVTVSS
seq11636,EVQLVESGGGLVQPGGSLRLSCAASGRTFDNYNMGWFRQAPGKEREFVAAISWNGVTIYYADSVKGRFTISADNSKNTAYLQMNSLKPEDTAVYYCAAQGSLYDDWGQGTLVTVSS
seq11637,DVQLVESGGGLVQPGGSLRLSCVVSGLTSTEYAIGWFRQAPGKEREGVACLVVSGHNSGRTHYSAAVKGRFTVSQDDATNTAILHMDNLQPKDTAVYYCAAEVSSGQPAVTTFWEDMYDYWGQGTQVTVSS
seq11638,EVQLLESGGGEVQPGGSLRLSCAASGSVFSIDAMGWYRQAPGKQRELVAVLSGISSAKYAASAPGRFTISRDAVKNTVYLQMSSLRAEDTAVYYCYADVSTGWGRDAHGYWGQGTLVTV
seq11639,QVQLQESGGGLVQVGGSLRLSCADSGSTFSINAMGWYRQAPGKRRDWVAGITSDGVTKYPDSVKGRFTISRDNAKNTVYLQMNSLKPEDTAVYYCNLWPPRVSPSGRIYWGQGTQVTVSS
seq11640,EVQLVESGGGLVQPGGSLRLSCTASGTIVNIHVMGWYRQAPGKQRELVALIFSGGSADYADSVKGRFTISRDNSKNTVYLQMNSLRPEDTAVYYCAAEIGYYSGGTYYSSEAHWGQGTLVTVSS
seq11641,QVQLVESGGGLVQAGGSLRLSCAASGIIFNTHTMAWYRQAPGKQRELVGRITFTGRTIYILDAVKGRFSISRNTADNTLTLQMNSLKPEDTAVYYCQTRNIRNNNENWGQGTQVTVS
seq11642,QVQLQESGGGLVQAGGSLRLSCAASGRTLSNYAVAWFRQAPGKQRELVAAIWWASGGISYANSAKGRFVLSRDNAKNTVYLQMDSLKPEDTAVYYCAAASSVLSGTADYWGQGTQVTVSS
seq11643,EVQLVESGGGLVQAGGSLRLSCESSISTFSSDAMGWFRQAPGKEREFLAAIGWSGAVTHYSDSVKGRFTISRDNAKNTVYLQMNSLRSEDTGRYYCAEDYDTDVWQYWGQGTQVTVSS
seq11644,EVQLVESGGGSVQAGESLRLSCAASGTIFSSNAMAWYRQAPGKQRDLVAGINSVDITKYADSVKGRFTISRDNAKNTVYLQMNSLKPEDTAVYYCTSDPRRGWNTRYWGQGTQVTVSS
seq11645,EVQLVESGGGLVQPGGSLTLSCVASGTSVSFLSMAWYRQAPGKKRELVAGISADGSTIYIDSVKGRFTISRDNAKNSVYLQMNSLRAEDTAVYYCYAYRWTTRRTYWGQGTLVTVSS
seq11646,EVQLVESGGGLVQAGGSLKLSCAASGFTFDDYAIGWFRQAPGKEREGVSCISSPDGSTYLVDSVKGRFTVSSDNAKNTAYLQMNSLKPEDTAVYYCALRRGGSYYFCDPLTVYEYDYWGQGTQVTVSS
seq11647,QVQLQESGGGSVQAGGSLRLSCAASGLTLNNYCIGWFRQAPGKEREGVAALKSGGSFTYYADSVKGRFTISRDNAKNTMYLQMSSLNSEDTAMYYCAVTRNSCLGLAKFRPSSYNYWGQGTQVTVSS
seq11648,DVQLVESGGGSVQAGGSLRLSCAASGRTISNYDMAWSRQAPGKEREFVARISGSGDRTDYADSVKGRFTISRDNAKNTVYLQMNSLKPEDTAIYYCQIQDFRSPDFWSQGTQVTVSS
seq11649,EVQLVESGGGLVQVGGSLRLSCAASGSIVDIKVMGWYRQAPGNERELVALINDADDSEYSPSMRGRFTISRDNSKNTVYLQMNSLKPEDTAAYYCAADRDSSWFKSPYIPGSWGQGTQVTVSS
seq11650,QVQLQESGGGLVQPGGFLSLSCAASGSMHSVNSMAWYRQVPGKQRELVAAITSGGRLAYAPSVNGRFTISRDYAKNTIHLQMNSLEPEDTAVYYCAALNSATTYWGQGTQVTVSS
seq11651,VQLQQSGGGLVQPGGSLRLSCAASGFTLDYYAIGWFRQAPGKEREGVSCISSSGGSTYYADSVKGRFTISRDNAKNTVYLQMNSLKPEDTAVYYCAVAQSCLRGGVRGGYWGQGTQVTVSS
seq11652,EVQLVESGGGLVQAGGSLRLSCAASGFTFSDYDIGWFRQAPGKGREGVSGISSSDGNTYYADSVKGRFTISRDNAKNTLYLQMNSLKAEDTAVYYCAAEPPDSSWYLDGSPEFFKYWGQGTLVTVSS
seq11653,EVQLVESGGGLVQPGGSLKLSCAASGFDFSSHWMYWVRQAPGKELEWLSEINTNGLITKYGDSVKGRFTVSRNNAANKMYLELTRLEPEDTALYYCARNQHGLNHGQGTQVTVSS
seq11654,EVQLVESGGGLVQAGGSLRLSCAASGFNFDDYAIGWFRQAPGKEREGVSIISSSDGNTYYADSVKGRFTISSDNAKNTVYLQMNSLKPEDTAVYYCAAGQGWVIATMTSFRAHREYDYWGQGTQVTVSS
seq11655,NVKLVEKGGNFVENDDDLKLTCRAEGYTIGPYSMGWFRQAPNDDSTNVATINMGGGITYYGDSVKERFDIRRDNASNTVTLSMDDLQPEDSAEYNCAGDSTIYASYYECGHGLSTGGYGYDSHYRGQGTDVTVSS
seq11656,EVQLVESGGGSVQAGGSLRLSCAASGYTFSSGTMGWFRQAPGKGCELVSSTISDGDTNYADSVKGRFTISRDNAKNTVYLQMNSLKPEDTAVYYCAAPLTLSRYDCYSSSRSNPLGYWGQGTQVTVSS
seq11657,QVQLQESGGGLVQAGGSLRLSCAASGSTFSITYMAWFRQAPEKQRELVAEMSRRGSTFYADSVKGRFTISRDNTKNTVYLQMNSLEPEDTAVYYCSVGARRDEDDYVYWGQGTLVTVSS
seq11658,EVQLVESGGGLVQAGGSLSLSCTASRGTFRNFGMGWFRQAQGKEREFVAAISRSAGHTYYSDSVKGRFTISRDNAKNMVSLQMDSLKPEDTAVYYCAARFRFDDGTYYYQRTFYDFWGQGTQVTVSS
seq11659,QVQLQESGGGLVQVGGSLRLSCAASGSTFSINNAMGWYRQAPGKRREWVAGISSGGVTHYPDSVKGRFTISRDNAKNIVYLQMDSLKPEDTAAYYCNLWPPRASPSGSIYWGQGTQVTVSS
seq11660,EVQLLESGGGLVQPGGSLRLSCAHSGPTFRTDTMGWFRQAPGKGREFVAAVTWNSGRINYADSVKGRFTISRDNSKNAVYLQMNSLRPEDTAVYYCAAHRFVVGGNRVEDWRYWGQGTLVTVSS
seq11661,DVQLVESGGGLVQPGGSLRLSCAASGRTFSTYTMGWFRQAPGKEREFVAAISWSGGTTYYADSVKGRFTISRDNSKNTVYLQMNSLRPEDTAVYYCAARPRYYYYSLYSYDYWGQGTLVTVSS
seq11662,EVQLQESGPGLVKPSQTLSLTCTVSGGSITTRYYAWSWIRQPPGKGLEWMGVIDYDGDTYYSPSLKSRTTISWDTSKNQFSLQLSSVTAEDTAVYYCARDPDVVTGFHYDYWGQGTMVTVSS
seq11663,QVQLQESGGGLVQAGDSLRLSCAASGRTFSTLIMAWFRQAPGKEREFVAAISRGGGSTSYADSVKGRFTISRDNSKNAVYLQMNSLKPDDTAVYYCNARYGSRIYWGQGTQVTVSS
seq11664,EVQLVESGGGLVQAGGFLRLSCELRGSIFNQYAMGWFRQAPGKEREFVAGMGAVPHYGEFVKGRFTISRDNAKSTVYLQMSSLKPEDTAIYFCARSKSTYISYNSNGYDYWGRGTQVTV
seq11665,VQLQESGGGSVQAGGSLRLSCVASEYPSSSTAMAWFRQAPGKEREGVAAINSVRHTTSYADSVKGRFTISKDNADNMMYLEMNSLKPEDTAIYYCAAADAIGLAEYWSTPTLSAARYKYWGQGTQVTVSS
seq11666,EVQLVESGGGLVQPGGSLTLSCVASGSTSIINAMGWYRRAPGKQRELAAGISSDGSKVIADSVKGRFTISRDNAKNSVYLQMNSLRAEDTAVYYCYYFRRVSGSSMRYWGQGTLVTVSS
seq11667,QVQLQESGGGWVQPGDSLRLSCAASGFTFSDYAVGWFRQAPGKEREFVARITRLGNGPYYSASVKGRFTISRDNARDMAYLKMDALTPEDTATYYCAAGRTLASTHDTKTSPQTYDYWGLGTQVTVSS
seq11668,EVQLVESGGGLVQAGGSLRLSCAASGFTFDDYAIGWFRQAPGKEREGVSYISKSDGTTYYADSVKGRFTSSSDNAKNTVYLQINSLKPEDTAVYYCAARPTLRVRLDNDRHHLLYEYEYDYWGQGTQVTVSS
seq11669,QVQLQESGGGLVQAGGSLRLSCAASGTIFVSGPMGWYRQAPGKEREFVATITDGASTYYADSVKGRFTISRDNAKNTVYLQMNSLKPEDTAVYYCAVADPHDYYHHYWGQGTQVTVSS
seq11670,DVQLQESGGGLVQAGGSLRLSCAGSGRTFTNYDMGWFRQAPGKERRFVAAISGSGGSARYAVPVKGRFTITRDNAKNTVYLQMSSLKPEDTAVYYCAADRFVVAAGTHDLDYWGQGTQVTVSS
seq11671,QVQLVESGGGLVQPGGSLRLSCAASGSIFSIPVMTWYRQAPGKGLEFVAGISKGGTSNYADSVKGRFTISRDNSKNTLYLQMNSLRAEDTAVYYCNAQASSFGWMPLSDYWGQGTLVTVSS
seq11672,EVQLVESGGGLVQAGGSLRLSCAASGFTFSSYAMGWYRQAPGKEREFVAAISWSGGSTYYADSVKGRFTISRDNAKNTVYLQMNSLKPEDTAVYYCARHWSARYWGQGTQVTVSS
seq11673,QVQLQESGGRLVQTGGSLRLSCAASGGTFGTYALGWFRQAPGKEREFVAAISRFGSTYYADSVKGRFTISRDNANNTVYLEMNSLKPEDTAVYYCAAREGVALGLRNDANYWGQGTQVTVSS
seq11674,QVQLQESGGGLVQPGGSLRLSCAASGFAFNLYWMYWFRQAPGKGLEWVSSASPGNGNTFYADSVKGRFAISRDNAKNTLYLEMNSLQPEDTAVYYCAADPSYQLAEFLTSLPNDYSGQGTQVTVSS
seq11675,EVQLVESGGGLVQAGGSLRLSCAASGRTLSSYAMGWFRQAPGKEREFVASITWGGGRTYYADSVKGRFTISADNAKNTVYLQMNSLKPEDTAVYYCATRLWGTWTAGDYDYWGQGTQVTVSS
seq11676,QVQLQESGGGLVQAGASLRLTCTASGSRFSYATMGWSRQAPGKQRELVARITSSGFSTNYADSVKGRFTISRDNAKNAVYLQMDSLKPEDTAVYYCNAQQFGTDSWGQGTQVTVSS
seq11677,EVQLVESGGGLVQAGGSLRLSCAASGRSFRVYGMAWFRQAPGKEREFVGRITWTASTSYADSVKGRFTISRDSAMNVIYLQMNSLKPEDTAVYYCATDRVSARYLTAQAMRDTDEYDYWGQGTQVTVSS
seq11678,QVQLQESGGGLVQVGGSLRLSCAASGSTFSINAMGWYRQAPGKRRELVAGISSDDITYYPDSVKGRFTISRDNAKNTVYLQMNSLKPEDTAVYYCNLWPPRASPSGRGYWGQGTQVTVSS
seq11679,QVQLVESGGGLVQTGDSLRLSCAASGRTFSRYAMGWFRQAPGKERELVAAINWSGGSTYYADFAKGRFTISRDNAKNMLYLRMSSLKPEDTAVYYCAAGGPEVEITRANEYDYWGQGTQVTVSS
seq11680,EVQLVESGGGVVQPGGSLRLSCAASGGTFSTYVMGWFRQAPGKEREFVSAISQNSIHTYYADSVKGRFTISRDNSKNTVYLQLNSLRPEDTALYYCAASRFTSWYTADYEYDYWGQGTLVTVSS
seq11681,LQESGGGLVQAGESLRLSCAASGPISGINRMNWYRQAPGKERELVASITNDRRINYAYSVRGRFTISRDNAKNAVYLQMNSLKSEDTARYYCYALISSVSRNGPFYDYWGQGTQVT
seq11682,VQLVESEGGSVQAGGSLRLSCAASGANGGRSCMGWFRQVPGKEREGVSGISTGGLITYYADSVKGRFTISQDNTKNTLYLQMNSLKPEDTAMYYCATSRFDCYRGSWFNRYMYNSWGQGTLVTVSS
seq11683,QVQLQESGGGLVQAGGSLRLSCAASASIISIRVMGWYRQAPGKQRELVATMSRGGTINYADSVRGRFTISRDNAKSTVYLQMNSLKPEDTDVYYCAALLDSYYWGQGTQVTVSS
seq11684,DVQLVESGGGLVQPGGSLRLSCAASGFTFSSYWMHWVRQAPGKGLECVSVINTGNGSPYYADSVKGRFTISTDNAKNTLYLQMNSLKSEDTAVYYCARDIPDPAGRAGGMDYWGKGTQVTVSS
seq11685,EVQLVESGGGVVQPGGSLKLSCVASGTDFSLNFIRWYRQAPGKQREFVAGFTATGNTNYADSMKGRFTISRDNTKNAVYLQIDSLKPEDTAVYYCYMLDKWGQGTQVTVSS
seq11686,EVQLVESGGGLVQAGGSVRLSCTASGGTLSGNAMGWFRQAPGTEREFVAAITWSGDMSVYAEFVKGRFTVSRDNAKSVVYLQMNRLKPEDTSVYYCAGDIRGRENFGSWGQGTQVTVSS
seq11687,DVQPVESGGGLVQPGGSLRLSCAASVSIFTINAMGWYRQAPGKQREEVVANTSGGSTNYADSVKGRFTISRDNAKNTVYLQMNSMKPEDTAVYYCKAVVVTTTQYSDYWGQGTLVTVSS
seq11688,QVQLQESGGGLVQAGGSLRLSCAASERTFSTYAMGWFRQAPGKEREFVAGISGSGGRTYYEDSVKGRFTISRDNAKSMVYLQMNSLKLEDTAVYYCAAKPRGYNSVTYYRASDFDSWGQGTQVTVSS
seq11689,VQLAETGGGLVQAGGSLRLSCLASRMSFSRRPMAWYRQAPGKQRERVATISSFGDTTNYTDSVEGRFTISRDNAKNTMYLQMNSLKPDDTAVYYCNTLLATYAWGQGTQVTVSS
seq11690,EVQLVESGGGLVQPGGSLTLSCAASGSAVSMLSLAWYRQAPGKKRELVAGISDDGSQVYIDSVKGRFTISRDNAKNSVYLQMNSLRAEDTAVYYCYAYRWEDALTYWGQGTLVTVSS
seq11691,EVQLVESGGGLVQAGGSLRLSCAASGRTFSSYAMGWFRQAPGKGREFLATISASGARTVYAYAVKGRFSISRDNAKNTVYLQMNSLKPDDTAVYKCAAGSTRGLQASYAEYWGQGTQVTVSS
seq11692,QVQLQESGGGLVQAGGSLRLSCVASGSSISSYAMAWYRQAPGQQRELVAGISSGGATEYADSAKARFTISRDNAKNTVYLQLYNLKPEDTAVYYCNMRQLPRWSQLLGSWGQGTQVSVSS
seq11693,DVQLVESGGGSVQPGGSLRLSCAASGYTVDNSCMAWFRQAPGKEREVVATIVTNNATSTFYADSVKGRFTVSHDNAKNTLNLQMNTLEPEDTAMYYCAADTKWIVCSRGYRYTPNWANHFNYWGQGTLVTVSS
seq11694,QVQLVESGGGLVQPGGSLRLSCAVSGGTVSPTAMGWFRQAPGKEREFVGHITWSRGTTRYASSVKGRFTISRDSSKNTVYLQMNSLRAEDTAVYYCAASTFLRILPEESAYTYWGQGTLVTVSS
seq11695,QVQLQESGGGLVQAGDSLRLSCEASGPTFSRYAFGWFRQTPGQEREFVGAMTWRGGLTSVADSVKGRFTIFRDMTRNMMWLQMNDLKAGDSAVYYCAARPRGSLYYSEDSYDYWGQGTQVTVSS
seq11696,QVQLQESGGGLVQPGNSLRLSCAASGFSFRSFGMSWVRQAPGKGPEWVSSINSSGDDTRYTDSVKGRFTISRDNAKSTLYLQMNSLKPEDTAVYYCTIGSSISRSSQGTQVTVSS
seq11697,QVQLQESGGGLVQAGGSLRLSCAASGFSFDDYTLGWFRQAPGKEREGVSCISSSDGSTYYADSVKGRFTISSGNAKNTVYLQMNSLKPEDTAVYYCAAVVGLRLPTYASNSCKIVADFGSWGQGTQVTVSS
seq11698,EVQLVESGGGEVQPGGSLRLSCAASRRPFSSKTMAWFRQAPGKGREFVAAVRWIGGATRYAESVKGRFTISRDNAKNTLYLQMSSLRAEDTAVYYCAAGQAWGTKFTDYSDWGQGTLVTVKP
seq11699,DVQLLESGGGLVQPGGSLRLSCAASGGSLSNYVLGWFRQAPGKGREFVAAINWRDDITIGPPNVEGRFTISRDNAKNTLYLQMNSLRPEDTAVYYCGAGTPLNPGAYIYDWSYDYWGQGTLVTVSS
seq11700,VQLQESGGGLVQAGGSLRLSCAASGRSFSSYTLAWFRQAPGKEREFVASITWGGGNTYYPDSVKGRFTISRDDAKNTVYLQMNSLKPEDTAVYYCAAKGLRNSDWDLRRGYEYDYWGQGTQVTVSS
seq11701,EVQLVESGGGLVQAGASLRLSCTTSTRTNDRFNMAWFHQAPGKDREFVSRIDVAGYNTAYGDFVKGRFTVSRDSAENTVVLQMNSLRPEDTGVYYCAAGGWGISQSDYDLWGQGTQVTVSS
seq11702,QVQLVESGGGLVQDGGSLRLACVASRSTRDINSMGWYRQAPGEQREFVASIGWQGATVYADSVEGRFTISRDDAKNTLYLQMNSLKPEDTAVYYCGADWRTYGYFYWGQGTQVTVS
seq11703,EVQLVESGGGLVQPGGSLRLSCAASGFTFDDYGMSWVRQAPGKALEWVSAISWNGNNTYYTESMKGRFTISRDNAKNTLYLQMNSLRPEDTAVYYCVKGSTAIVGVPPTYPDEYDYWGQGTLVTVLS
seq11704,EVQLVESGGGLVQPGGSLTLSCAASGSIFSIASMGWYRQAPGKQRELVAVITSFSSTNYADSVKGRFTISRDNAKNSVYLQMNSLRAEDTAVYYCNARYFERTDWGQGTLVTVSS
seq11705,EVQLVESGGGLVQAGGSLRLSCAASGIIFTNYAMAWFRQAPGKEREFVAAISWRNSSTNYADSVKGRFTISRDNAKNTVYLQMNSLKPEDTALYTCAARWRPQVDYVDHWSYTYWGQGAQVTVSS
seq11706,QVKLEESGGGLVQAGGSLRLSCAASGRTFNTLSMGWFRQAPGKEREFVAAVSRSGGSTYYADSVKGRFTISRDNAKNTVYLQMNSLKPEDTAVYYCAAAATKSNTTAYRLSFDYWGQGTQVTVSS
seq11707,DVQLQASGGGSVQAGGSLRLSCAASGYTIGPYCMGWFRQAPGKEREGVAAINMGGGITYYADSVKGRFTISQDNAKNTVYLLMNSLEPEDTAIYYCAADSTIYASYYECGHGLSTGGYGYDSWGQGTQVTVSS
seq11708,KVQLVESGGGLVQAGGSLRLSCAASGFTFDDYALGWFRQAAGKEREGVSCIRCSDGSTYYADSVKGRFTISSDNAKNTVYLQMNSLKPEDTAVYYCAASIVPRSKLEPYEYDAWGQGTQVTVSS
seq11709,VQLQESGGGLVQAGGSLRLSCAASGRTFSTYAMGWFRQAPGKERELVAAISNGGSAYYADSVKGRFTISRDNARNTVYLQTNSLKPEDTAVYYCAARRGSAYYTNRIDWPYWGQGTQVTVSS
seq11710,VQLVESGGGSVQAGGSLRLSCAASGANGGRSCMGWFRQVPGKEREGVSGISTGGLITYYADSVKGRFTISQDNTNNTLYLQMNSLKPEDTAMYYCATSRFDCYRGSWFNRYMYNSWGQGTLVTVSS
seq11711,EVQLVESGGGLVQAGGSLSLSCAASGRFFSTRVMAWYRQTPGKQREFVASMRGSGSTNYADSARGRFAISRDNAKNTVYLQMNSLKPEDTAVYYCRDINEDQWGQGTQVTVSS
seq11712,EVQLVESGGGLVQAGGSLRLSCAASGFTFSTHWMGWFRQAPGKERELVAARNSGGNTNYADSVKGRFTISADNAKNTVYLQMNSLKPEDTAVYYCAADVWYGSTWRNWGQGTQVTVSS
seq11713,DVQLVESGGGSVQPGESLRLSCAASGSIFSSNAMAWYRQAPGKRRDLVAAINSVGVTKYADSVKGRFTISRDNSKNTVYLQMNSLRPEDTAVYYCTSDPRRGWDTRYWGQGTLVTVSS
seq11714,VQLQASGGGLVQPGGSLRLSCAASGSIFSTNAMGWYRQAPGKQREVIASITKFGNTDYADSVKGRFTISRDNAKNIVYLQMNSLKPEDTAVYYCYQNSRGRWYDIFRDYWGQGTLVTVSS
seq11715,QVQLQESGGGSVQTGGSLRLSCAASTSIYSNNYMAWFSQAPGKGREGVAAVYIDDGRTYYADSVKGRFTISLDSAKNTVYLQMNSLKPEDTAMYYCAAAPGPLSRNYWYTSANYDYWGQGTQVTVSS
seq11716,VQLVESGGGLVQAGGSLRLSCAASGRLSRTFTMGWYRQAPGKQRDLVASITTSGSTNYADSVKGRFTISRDNAKNTVILQMNSLVPEDTAVYYCRFLSASTAAWGQGTQVTIS
seq11717,EVQLVESGGGLVQAGGSLRLSCAASFSSDNMGWFRQAPGKEREFIAAINWNGGTIVYADSVKGRFTISRDNAKNTVYLQMNSLKPEDTAVYYCAADSPGVVLSWDYWGQGTQVTVSS
seq11718,QVQLVESGGGLVQAGGSLRLSCAASGRNFSSYAMGWFRQAPGKERVFVATINWKGVSTYYAPSVKGRFTISRDNAKNTVYLQMNSLKPEDTAVYYCNTDPDYSDYDDMYVRSWGQGTQVTVSS
seq11719,EVQLVESGGGLVQAGGSLRLSCSASRYIFSTYGMGWFRQAPGKEREFVATISWGGTTTSYADSVKGRFTISRDNAKNTVYLQMNGLKPEDTAVYYCARNSDSSWSRDAYEYDDWGQGTQVTVSS
seq11720,DVQLLESGGGLVQPGGSLRLSCAASGFTFGNYDMAWVRQAPGKRPEWVSSIDTGGDITHYADSVKGRFTISRDNAKNTLYLQMNSLRPEDTAVYWCATDEEYALGPNEFDYYGQGTLVQVSS
seq11721,VRLVESGGGSVQAGGSLRVSCLVSKLTAWRSCVGWFRQAPGKEREGVAAIYSGTGSTYYADSVKGRFTIAQDYAKNMVYLQMNSLKPEDTAMYYCAGTSIRSSCGLVRDEYAYWGQGTQVTVSS
seq11722,EVQLVKSGGGLVQAGGSLRLSCAASGRTFSNYAMGWFRQAPGKEREFVSAISWSGGSTVYADSVKGRFTISRDNAENTVYLQMNSLKPEDTAVYYCAAGNGGSRYGHSRARYDYWGQGTQVTVSS
seq11723,QVQLQESGGGLVQPGGSLRLSCATSANRFNINVMGWYRQAPGQQRELVATINIGGSTDYADSVKGRFTISRDNAKNTVYLQLSDLKPEDTAVYYCNVKLRVSGPTGPNVYWGQGTQVTVSS
seq11724,EVQLVESGGGLVQAGGSLRLSCAASGFTFDDYAIGWFRQAPGKEREGVSCCSSSDGSTYYADSVKGRFTISSDNAKNTVYLQMNSLKPEDTAVYYCAATQGLTIATMWNPVSYDYWGQGTQVTVSS
seq11725,DVQLVESGGGLVQPGGSLRLSCAASRSIGRLDRMGWYRHRTGEPRELVATITGGSSINYADSVKGRFTISRDNSKNTVYLQMNSLRPEDTAVYYCNFNKYVTSRDTWGQGTLVTVSS
seq11726,EVQLVESGGGEVQPGGSLRLSCAASGSIFSINAMGWYRQAPGKQRELVAVVSSDARTTVAPSVKGRFTISRDNAKNTVYLQMSSLRAEDTAVYYCGVREWYSDADWRDYEGQGTLVTVKP
seq11727,EVQLVESGGGLVQAGGSLRLSCAASGSILSTNDMGWYRQAPGNQRELVARISRGSSTIYTESVKGRFTISRDNAKNTVYLQMNSLKPEDTAVYYCNADMLPSDLSHGYYYRDYWGQGTQVTVSS
seq11728,EVQLVESGGGLVQAGDSLRLSCAASGRTFSSYVMGWFRQAPGKEREFVAAISPSGSLTSYADSVKGRFAISRDNAKVMVYLQMSSLKPDDTDVYYCAAARGPWNARPSLLTYDYWGQGTQVTVSS
seq11729,EVQLVESGGGLVQPGGSLRLSCAASGRTFSIYAMGWFRQAPGKEREFVARITRGGITKYADSVKGRFTISADNSKNTAYLQMNSLKPEDTAVYYCARGLGWLLGYYWGQGTLVTVSS
seq11730,EVQLVESGGGLVQPGGSLRLSCAASGRAHSDYAMAWFRQAPGQEREFVAGIGWSGGDTLYADSVRGRFTISRDNSKNTLYLQMNSLRAEDTAVYYCAARQGQYIYSSMRSDSYDYWGQGTLVTVSS
seq11731,EVQLLESGGGLVQPGGSLRLSCAHSGPTFRTDTMGWFRQAPGKGREFVAAVTWNSGRINYADSVKGRFTISRDNSKNAAYLQMNSLRPEDTAVYYCAAHRFVVGGNRVEDWRYWGQGTLVTVSS
seq11732,EVQLVESGGGLVQPGGSLRLSCAASGRTFSKYAMGWFRQAPGKEREFVAAIRWSGGTTFYADSVKGRFTISADNSKNTAYLQMNSLKPEDTAVYYCAAGGWGTGRYNWGQGTLVTVSS
seq11733,EVQLVESGGGVVQPGGSLRLSCAASGLTFSSYAMGWFRQAPGKERERVASISRGGGYTYYADSVKGRFTISRDNSKNTVYLQMNSLRPEDTATYYCAAARYWATGSEYEFDYWGQGTLVTVSS
seq11734,QVQLQESGGGSVQAGEALRLSCVGSGYTSINPYMAWFRQAPGKEREGVAAISSGGVHTYFAESVKDRFTISRDNAKNTVYLQISSLKPEDSAKYYCAADFRRGGSWNVDPLRYDYQHWGQGTQVTVSS
seq11735,QVQLQESGGGSVQAGGSLTLSCAASGSIAYIYTMDWYRQAPGKQRELVATSTHDGNTDYADSVKGRFTISRDNAKNTVYLQMNSLKPEDTAVYYCNADLRTAVDLIRANYWGQGTQVTVSS
seq11736,EVQLVESGGGLVQPGGSLTLSCVASGLTSSINAMGWYRRAPGKQRELVAGISSDGSKVYADSVKGRFTISRDNAKNSVYLQMNSLRAEDTAVYYCYYFRMVSGSSMRYWGQGTLVTVSS
seq11737,EVQLAESGGGLVQPGGSLRLSCAASGFTFEYYAMGWFRQAPGKEREGVSCISSSDGSTYYADSVKGRFTISRDNAKNTVYLQMNSLKPEDTAVYYCAADHSRVYYRDYRQGRLCEEPYDYWGQGTQVTVSS
seq11738,VQLVETGGGLVQAGGSLRLPCSFSGFPFDNYFVGWFRQAPGKEREGVSCISSSDGSTYYADSVKGRFTISRDNAKNTVYLQMNSLKPEDTAVYYCGADFLTPHRCPALYDYWGQGTQVTVSS
seq11739,QVQLVESGGGLVQPGGSLRLSCAASGFTLNQYAIGWFRQAPGKEREGVSCISNSDGGLYYADSVKGRFTISRDNAKNTVYLQMNSLKPEDTAVYYCATDPGGPTMYGSRWCDSRLFYSWGQGTQVTVSS
seq11740,QVQLVETGGGLVQAGGSLRLSCEVSGMIFSLNGYNWYRQAPGNQRELVAGITRGGSTNYADSVKGRFTISRDNAKNTVFLQMNSLKPEDTAVYYCNARSKWGQGTQVTVSS
seq11741,EVQLVESGGGLVQPGGSLRLSCAASGNILSLNTMGWFRQAPGKEREFVAGISWSGGSTYYADSVKGRFTISADNSKNTAYLQMNSLKPEDTAVYYCAAIVTYSDYDLGNDWGQGTLVTVSS
seq11742,QVQLQESGGGLVQPGESLRLSCAASGSIFSINTMGWYGQAPGKQRELVASITFGGVTNYADSVKGRFTISRDNTNDTVYLQMNSLKPEDTAVYICNAVTWGGLTNYWGQGTQVTVSS
seq11743,QVQLQESGGGSVQAGEALRLSCVGSGYTSINPYMAWFRQAPGKEREGVAAISSGGVYTYYADSVKGRFTITRDNVKNTMYLQMPSLKPEDSAKYYCAADFRRGGNWNVDPFRYDYQHWGQGTQVTVSS
seq11744,QVQLVESGGGLVQAGGSLRLSCAASGRTFSSYAMGWFRQAPGKEREFVAVISWSGGSTYYADSVKGRFTISRDNAKNTVYLQMNSLKPEDTAVYYCASGEQPGSNRPYIPEQPIEFMPTDYPSWYDYWGQGTQVTVSS
seq11745,EVQLVKSGGGLVQAGGSLRLSCAASGRTLSNYDMGWFRQAPGKEREFVATIRWSTGETYYTDSVKGRFTISKDNTKNTVDLQMNSLTPEDTAVYYCASRSVYSYEYNYWGQGTQVTVSS
seq11746,QVQLQESGGGLVQAGGSLRLSCVVSGSIMSIRVMGWYRQAPGKQRELVATMSRGNTINYADSVRGRFTISRDNAKSTVFLEMNSLKPEDTAVYYCAALLDSYYWGQGTQVTVSS
seq11747,EVQLVESGGGLVQPGGSLRLSCAASGFTIGSYDMSWVRRSPGKGPEWVSSINSGGGSTFYTDFVKGRFTISRDNAKNTLYLQMNSLKPEDTAVYYCAADRYIWARQGEYWGAYAYDYWGQGTQVTVSS
seq11748,EVQLVESGGGLVQAGGSLRLSCAASGRTFNNDHMGWFRQAPGKEREFVAVIEIGGATNYADSVKGRFTISADNAKNTVYLQMNSLKPEDTAVYYCATWDGRQVWGQGTQVTVSS
seq11749,QVQLQESGGGLVQNGGSLRLSCAASGRAFSDYTMGWFRQAPGKEREFVAAITRSAFSTNYANSVKGRFTISRDNAKNTAYLQMNSLTPEDTAVYFCAAAKVSWATPRSSDYDYWGQGTQVTVSS
seq11750,QVQLQESGGGLVQPGGSLRLSCATSGRDFATYSMAWFRQAPGKERESVATISWSGQRTRYADSVKGRFTISRDNAKNTVYLQMNSLKPEDTAVYYCAAPRTWGEFPPTQYDSWGQGTQVTVSS
seq11751,QVKLEESGGGLVQAGGSLRLSCVASGNVFGIDAVGWYRQAPGKQRELVAATTTSGSSTNYADSVKGRFTISRDIAKNTVYLQMDSLKPEDTAVYYCYARPKQATLIRDDYWGQGTQVTVSS
seq11752,QVQLVESGGGLVQAGDSLRLSCAASGDNFSRYTFGWFRQAPGKEREFVAVINWSGSYTYVADSVAGRFTMSRDNAKHLVYLQMDSLNTGDTAVYYCAAHWDYGSSSRRQREYDYWGQGTQVIVSS
seq11753,QVQLQQSGGGLVQAGGSLRLSCAASGRTFSGYIMGWFRQVPGKERELVARISGNNLSTEYGGSVKGRFTISRDSAKETMYLQMNSLKPEDTAIYYCAAEYDYSSGDFVYWGQGTQVTVKP
seq11754,EVQLVESGGGLVQPGGSLRLSCAASGDVHKINFLGWHRQAPGKEREKVAHITIGDVTDYADSAKGRFTISRDEAKNMVFLQMNNLKPEDTAVYFCRAGSRIYPYDYWGQGTQVTVSS
seq11755,EVQLVESGGGEVQPGGSLRLSCAASGSTFSMYHMSWFRQAPGKQREPVATSHHGGTTNYAGSVKGRFTISRDNAKNTVYLQMNSLRPEDTAVYYCKADHGYGGRGYWGQGTLVTVKP
seq11756,QVQLQESGGGLVQTGGSLRLSCAASGRTFGGYAMAWFRQAPGKGREFVAAITWSAGTTNYADSMKDRFTVSRDTANNTMYLEMNRLKPDDTAVYICGAATGYRSTDRLSTPAWINYWGQGTQVTVSS
seq11757,EVQLVESGGGLVQAGGSLRLSCAASGRTFSSYAMGWFRQAPGKEREFVVAINWSSGSTYYADSVKGRFTISRDNAKNTMYLQMNSLKPEDTAVYYCAAGYQINSGNYNFKDYEYDYWGQG
seq11758,EVQLVESGGGLVQPGGSLRLSCAASCFTFDDYGMSWVRQAPGKALEWVSAISWNGNNTYYTESMKGRFTISRDNAKNTLYLQMNSLRPEDTAVYYCVKGSTAIVGVPPTYPDEYDYWGQGTLVTVSS
seq11759,EVQLVESGGRLVQAGDSLRLSCAASGRTFTSYRMGWFRQAPGKEREFVSALRWSSGNIDYTYYADSVKGRFSISGDYAKNTVYLQMNSLKAEDTAVYYCAASTRWGVMESDTEYTSWGQGTQVTVSS
seq11760,EVQLVESGGGLVQPGGSLRLSCAASGFNVNDYAMGWFRQAPGKEREFVAGITSSVGVTNYADSVKGRFTISADNSKNTAYLQMNSLKPEDTAVYYCAADIFFVNWGRGTLVTVSS
seq11761,EVQLVESGGGLVQPGGSLRLSCAASGFTSDYYAIGWFRQAPGKEREGVSCISSSDGSTTYADLVKGRFTISRDNAKNTVYLQMNSLQPEDTAVYYCAADPALGCYSGSYYPRYDYWGQGTQVTVSS
seq11762,QVQLVESGGGLVQAGGSLRLSCVAPGSGFGINGVIWYRQAPGKQRELVALIKSDGYTNYRESVKGRFTISRDDAKNTVWLQMNALEPEDTGVYYCKTPGVPFGQGTQVTVSS
seq11763,DVQLQESGGGLVQPGGSLRLSCAASGFAFSSYWMYWVRQAPGKGLEWVSQVNSDGGSTYYVDSVKGRFTISRDNAKNTLYLHMNSLKPEDTAVYYCATDSSGRYRGQGTQVTVSS
seq11764,QVQLVESGGGLVQPGGSLRLSCAASGIIFSIYTMGWYRQAPGKQRELVAAIPSGPSANATDSVGGRFTITRDNAENTVYLQMNDLKPEDTAVYYCNARRGPGIKNYWGQGTQVTVSS
seq11765,LQESGGGLVQAGGSLTLSCASSRSISSIDYMMWYRQAPGKERDMVARIDSDGSTNYADSVKGRFTISRDGARDTLYLQMNNLSPEDTAVYSCVANVASGLKILQYWGQGTQVTVSS
seq11766,EVQVVESGGGLVQPGGSLTLSCAASRGIFTFNAMGWYRQAPGKQREVVVHFTSGDSEFWADSVKGRFTISRDSRKNTVYLYMNNLQPEDTAVYYCKAEDWTTSPRTDYWGQGTQVTVSS
seq11767,DVQLLESGGGLVQPGGSLRLSCAASGFTFGNYDMAWVRQAPGKRPEWVSSIDTGGDITHYADSVKGRFTISRDNAKNTLYLQMNSLRPEDTATYWCATDEEYALGPNEFDYYGQGTLVTVSS
seq11768,EVQLVESGGGLVQTGGSLRLSCAASGPTFSDYAIGWFRQAPGKEREFVAAISSSGISTIYGDSVKGRFDISRDNAKNTVYLQMNRLKPEDTAVYYCAARLFMATPNQGQYYYWGQGTQVTVSS
seq11769,VQLQESGGGSVQAGGSLRLSCTAPGFTSNTCAMAWYRQAPGKEREFVSSRSTVGTTGYADSVKGRFTISKDEAKDTVYLQMNSLKPEDTAMYFCKTYACRNCIGRHCRTAPDAWGQGTQVTVSS
seq11770,VQLQESGGGLVQAGGSLRLSCVASGTIFSSGAMAMGWYRQAPGKQREWVAGITGSRTTTYADSVKGRFTISRDNAENTVFLQMNNLKSEDTAVYYCNLWPPSRPDHWGQGTQVTVSS
seq11771,QVQLVESGGGSVQPGGSLRLSCAASGFTFGAYGMSWVRQVPGKRLEWVSSITARGTFPKYADSVKGRFTISRDNAKNTVYLQMNNLKSDDTAVYYCNTRLGLWSWGQGTQVTVSS
seq11772,EVQLVESGGGLVQAGGSLRLSCVLRGSDFSRYAMGWFRQAPGKEREFVAGMGAVAHYGEFVKGRFTISRDNAKNAQYLQMNSLKPEDTAIYFCARSKSTYISYNSNEYDYWGRGTQVTVSS
seq11773,EVQLVESGGGLVQAGESLRLSCVASGISISTEIMGWYRQAPGKQGESVAIVKSDGSTYYPDSVKGRFGISRDNAKNTVYLQMNSLKVEDTGVYYCIMAGRGRGQGTQVTVSS
seq11774,QVQLQDSGGGLVQAGGSLRLSCAASRFSSAQYAIGWFRQAPGKEREGVSYITFSGGPTGYADSVKGRFTVSRDNAKNTVYLQMNSLKPEDTAVYYCAARPYTRPGSMWVSSLYDNWGQGTQVTVSS
seq11775,EVQLVESGGGLVQPGGSLRLSCAASGFAFDDYAIGWFRQAPGKEREGVSSISSTYGLTYYADSVKGRFTISSDNSKNTVYLQMNSLRPEDTAVYYCAATPIGLIGLDAYEYDYWGQGTLVTVSS
seq11776,DVQLVESGGGLVQPGGSLRLSCAASGFKITHYTTGWFRQAPGKEREFVSRITWGGDNTFYSNSVKGRFTISRDNSKNTVYLQMNSLRAEDTAVYYCAAGSTSTATPLRVDYWGQGTLVTVSS
seq11777,QVQLQESGGGLVQAGASLRLSCAASGRTSSSSIMGWFRQAPGKERDFVAAISGNGGSTYFADSVKGRFTISRENAKNTLYLQMNSLKPEDTAVYYCAQAPLSYHSNSYYYRAIGSYEDWGQGTQVTVSA
seq11778,QVQLQESGGGLVQAGGSLRLSCAVSGNTLSRYAMGWFRQTPGNEREFVAAIRWNEGATYYAESVEGRFTISRDSGKNTVYLQMNNLKPEDTAVYYCAGRFLGYASSNAYHEALYNYDYWGQGTQVTVSS
seq11779,EVQLVESGGGLVQPGGSLRLSCAASGFTFDDYGMSWVRQAPGKALEWCSAISWNGNNTYYTESMKGRFTISRDNAKNTLYLQMNSLRPEDTAVYYCVKGSTAIVGVPPTYPDEYDYWGQGTLVTVSS
seq11780,VQLVESGGGLVQPGGSLRLSCAASGFTFDDYAMSWVRQAPGKGLEWVSAISWNGGGTYYAESMKGRFTISRDNAKNTLYLQMNSLKSEDTAVYYCAKDFHRYGSSTLEYDYWGQGTQVTVSS
seq11781,EVQLVESGGGLVQPGGSLRLSCTASGFTFSNYWMYWVRQAPGKGLEWVSAINAAGSTYYADSVKGRFTISRDNAKNTLYLQMNSLQSEDTALYYCANLPRWGQGTQVTVSS
seq11782,QVQLQESGGGSVQTGGSLRLSCAASTSIYSNNYMAWFSQAPGKGREGVAAVYIDDGRTYYADSVKGRFTISLDSAKNTVYLQMNSLKPEDTAMYYCAAAPGPLSYNYWYTSANYDYWGQGTQVTVSS
seq11783,RLSCAASGSIFSINAMGWYRQAPGKQRELVAAITSGGSTNYADSVKGRFTISRDNAKNTVYLQMNSLKPEDTAVYYCNAARTPITVVRGFDYWGQGTLVTVSS
seq11784,EVQLVESGGGLVQPGGSLRLSCAASGIRFSINGMGWYRQAPGKQREAVATITRGGIRDYTDSVKGRFTISRDIARNTVYLQMNNLKPEDSAVYYCNIDIYWGRGTQVTVSS
seq11785,QVQLQESGGGLVQPGGSLRLSCSASGFSFGSYDMSWVRQAPGQGPEWVSAIVSGGHIASYADSVKGRFTISRDNAKNTLHLQMNNLKPEDTAVYYCVQGDGSSWFYYGTDYWGKGTLVTVSS
seq11786,QVQLVESGGGLVQPGGSLRLSCAASGFLFSIYDMNWVRQAPGKGVEWIAGITNNEHTTAYADSVKGRFTISRDNTKNTLFLQMNSLKPEDTAMYYCQRDDGQVRGQGTQVTVSS
seq11787,EVQLVESGGGLVQAGGSLRLSCAASGRAFSSYVMGWFRQTPGKEREFVSVINWSGGSTDYSSSVKGRFTISRDNAKNTVYLQMTSLEPEDTAVYYCAAGQYYTGRSDRYDYWGQGTPVTVSS
seq11788,EVQLVESGGGLVQPGRSLTLSCAASTNIESISPMGWYRQAPGKQRELVAAIHGSSTLYADSVKGRFTISRDNAKNSIYLQMNSLRPEDTALYYCNKVPWGRYHPRNVYWGQGTQVTVSS
seq11789,VQAGGSLRLSCVASGWIYIPPCMAWFRQAPGKERERVATINPSGRTYYADSTKGRFRISQDNVKRTLYLYMNSLKPEDTATYYCAADDGTCPRMEFDDWGQGT
seq11790,QVQLVESGGGLVQAGGSLRLSCAASGRTFSSYAMGWFRQAPGKEREFVAAIGWNGEGIYYADSVKGRFTISRDNAKNTGYLQMNSLKPEDTAVYYCAADSEGVVPGFPIAYWGQGTQVTVSG
seq11791,DVQLVESGGGLVQAGGSLRLSCESSISTFSSDAMGWFRQAPGKGREFLAAIGWSGAVTHYSDSVKGRFTISRDNAKNTVYLQMNSLKAEDTGRYYCAEDYDTDVWQYWGQGTQVTVSS
seq11792,AVQLVESGGGSAQAGGSLRLSCVVSGRTDSRDYVGWFRQGPGKEREGVACIATETGNTAYTDSVKGRFTIAQDKAKNTVYLQMNSLKPEDTGVYYCASFGTRPWSETCIPVEGAYNYWGQGTQVTVSS
seq11793,EVQLLESGGGLVQPGGSLRLSCAHSGPTFRTDTMGWFRQAPGKGREFVAAVTWNSGRINYADSVKGRFTISRDNSKNTAYLQMSSLRPEDTAVYYCAAHRFVVGGNRVEDWRYWGQGTLVTVSS
seq11794,EVQLVESGGGLVQDGGSLRLSCAASGRTASIQVMGWFRQAPGKEREFVGNIGWNYGLTLYADPVKGRFTISRDNAKNTVYLQMNNLKPEDTAVYYCAARIGTITYDYWGQGTQVTVSS
seq11795,EVQLVESGGGLVQAGGSLRLSCVASGSGFGILDMGWYRQAPGSRRELVGYVTRDGTTNYGNSVKGRSIISEDITKNTVILQMNSLKPEDTAVYFCTAGLTNQPRAWGQGTQVTVSS
seq11796,QVQLQESGGGSVQAGGSLRLSCAASGIDSSSYCMGWFRQRPGKEREGVARINGLGGVKTAYADSVKDRFTISRDNAENTVYLQMNSLKPEDTAIYYCAAKFSPGYCGGSWSNFGYWGQGTQVTVSS
seq11797,EVQLVESGGGLVQPGGSLRLSCAASGRTFSSYAMGWFRQAPGKEREFVAAITRTGRRTYYADSVKGRFTISRDNSKNTVYLQMNSLRPEDTAVYYCAADRRGYYYYDSSFYDYWGQGTLVTVSS
seq11798,EVQLVESGGGLVQAGGSLRLSCAASGRTYAMGWYRQAPGKQRDLVATISGAGNTKYADSVKGRFTISRDNAKNTMYLQMNSLKPEDTAVYYCAAGKWFPAANEYWGQGTQVTVSS
seq11799,IRLLVESGGGLVQAGGSLQLSCATSGVLTSGDYAVGWFRQAPGKEREGVSCLSRYGGPTLYADSVKGRFTSSSDAAKTKVYLQMNNLKPEDTAVYYCTAHISCDWNIINPNEYDYWGQGTQVTVSS
seq11800,QVQLVESGGGLVQPGGSLRLSCAASGFTLDSYAIGWFRQAPGKEREGVACISASGSGTDYVDSVKGRFTVSRDQAKSMVFLQMNNMKPEDAAVYYCAADYRPRPLPIQAPCTMTGGNYWGQGTQVTVSS
seq11801,QVQLQESGGGSVQAGGSLRLSCAASGYTYSSYCMGWFRQAPGKEREGVATIDSGSGRTYYADSVKGRFTISQDNAKNTVYLLMNNLKPEDTAIYYCAAVGANSGGLWSSCGYCYGGLCEDDFGYWGQGTQVTVSS
seq11802,EVQLVESGGGLVQPGGSLRLSCAASGFTFSFSEYVMSWVRQAPGKGLEWVSDINSGGEITAYADSVKGRFTVSRDNTKNTVYLQMNSLKPEDTAVYYCAQGSFGAWGQGTQVTVSS
seq11803,EVQLVESGGASVQPGGSLRLSCAASGRTFSTYLMVGWFRQAPGKEREFAAGIWSSGGTAYADSVKERFTVSRDNDKNTVYLQMNSLQAEDTAVYYCAGSYDGNYYIPGFYKDWGQGTQVTVSS
seq11804,EVQLVESGGGVVQPGGSLRLSCAASGGTFSTYVMGWFRQAPGKEREFVSAISQNSIHTYYANSVKGRFTISRDNSKNTVYLQMNSLRPEDTALYYCAASRFTSWYTADYEYDYWGQGTLVTVSS
seq11805,VQLQESGGGLVQAEGSLKLSCISGFAFDGYAIGWFRQAPGKEREGVACISSKDGSTYYADSVKGRFTMSVDKTKNTVYLQMSSLKPEDTAVYYCAADGNVWSPPICSSAGPPPGGMDYWGKGTQVTVSS
seq11806,EVQLVESGGGVVQPGGSLRLSCAASGGTFSFYGMGWFRQAPGKEREFVADIRTSAGRTYYADSVKGRFTISRDYSKNTVYLQMNSLRPEDTALYYCAAEPSGISGWDYWGQGTLVTVSS
seq11807,EVQLVESGGDLVQPGGSLRLSCAASGSIFSINDMGWLRQAPGKQRELVADIISRGVTNYADSVKGRFTISGDPAKNTVYLQMNSLKPEDTAVYYCNAHISTGWGRPHNNYWGQGTQVTVSS
seq11808,QVQLVESGGGLVRPGGSRRLSCVDSERTSYPMGWFRRAPGKEREFVASITWSGIDPTYADSVADRFTISRDVANNTLYLQMNSLKHEDTAVYYCAARAPVGQSSSPYDYDYWGQGTQVTVSS
seq11809,EVQLVESGGGLVQPGGSLRLSCAASGRTFLTYAVGWFRQAPGKGREFVSGIRWSGGYTDYADSVKGRFTISRDNAKNTLYLQMNSLRPEDTAVYYCAAHRTIATIPEKYEYEYWGQGTLVTVSS
seq11810,VQLVESGGGVVQPGGSLRLSCAASDSIDSLVNMGWYRQAPGKQRELVALIATYITHYADFVKGRFTISRDNSKNTLYLQMNSLRAEDTAVYYCYARNIIVDYWGQGTLVTV
seq11811,EVQLLESGGGLVQPGGSLRLSCAASGRIFSLPASGNIFNLLTIAWYRQAPGKGRELVATIESGSRTYYADSVKGRFTISRDNSKKTVYLQMNSLRPEDTAVYYCQTSGSGSPNFWGQGTLVTVSS
seq11812,QMQLVESGGGSVQAGGSLTLSCAASGKTYGRCMAWFRQAPGKERELVAATYISGGRPYVADSVKGRFTISRDNAKSTMSLQMNSLRPDDSAMYYCAAGSAGRGPCDRFDQNQYTFWGQGTQVTVSS
seq11813,VQLQESGGGLVQAGGSLRLSCAASGRSFSSVNMGWFRQAPGKEREFVAVIDWSGGSPYYTDSVRGRFTISRDNSKNTVYLQMNSLKPEDTAVYYCAAGVSYGSRWLGDYWGQGTQVTVSS
seq11814,VQLQESGGGLVQAGDSLRISCRASGLTVNDLYMGWFRQAPGKEREFVGRVTPGDNTDYTYYVDSVKGRFTISRDSAKNTVYLQMNSLKLEDTAVYLCAGRRFGSSEWDYWGQGT
seq11815,LQESGGGLVQAGGSLALSCAASGLLFSSYDMGWFRQFPGKEREFVAAISASGRRTDYVDSVKGRFTVSRDVAKNTVFLQMNDLKPEDTAVYYCAGGKSAYRGGAHYTTGAYDYWGQGTQVTVSS
seq11816,EVQLQESGPGLVKPSQTLSLTCTVSGASVTTRYNYWSWIRQPPGKGLEWMGAITYSGSTYYSPSLKSRTSISRDTSKNQFTLQLSSVTPEDTAVYYCATEGSSSTGVSRYSFGSWGQGTQVTVSS
seq11817,QVQLQQSGGGLVQAGGSLRLSCAASGGTFSRLTMGWFRQAPGEEREFVAAVSWVAGTTDYADSVKGRFTISRDNSKNTVHLQMNSLKPVDTAVYYCAAGPRDMIRSRNIRSYDSWGQGTQVTVSS
seq11818,EVQLVESGGGLVQPGGSLRLSCAVSGSVHLLNFLGWYRQAPGKERGVVAHITIADATDYSHFAKGRFTISRDEAKNMVYLQMNSLRPEDTAVYFCRAGSRIYPYDYWGQGTQVTVSS
seq11819,EVQLVESGGGLVQPGGSLRLSCAASGFTFDYYAIGWFRQAPGKAREGVSCISGGDNSTYYADSVKGRFTISRDNAKNTVYLQMNSLKPEDTAVYYCATGGWKYCSGYDPEYIYWGQGTQVTVSS
seq11820,QVQLQESGGGLVQAGGSLRLSCAASGTISTSSSMGWYRQAPGKERELVATIADGATTYYADSVKGRFTISRDNAKNTVYLQMNSLKPEDTAVYYCAVVQRTTGRSRVYLNYWGQGTQVTVSS
seq11821,EVQLVESGGGLVQPGGSLRLSCAASGRTFSSYAMGWFRQAPGKEREFVAAISWSGGSTYYADSVKGRFTISADNSKNTAYLQMNSLKPEDTAVYYCAVGRNGRDYWGQGTLVTVSS
seq11822,EVQLVESGGGFVQAGGSLRLSCAASGSIFSINAMGWYRQAPGKQRELVAAITSGGSTNYADSVKGRFTISRDNAKNTLYLQMNSLKPEDTAVYYCSAVTILLTSGGWGSGNDYWGQGTQVTVSS
seq11823,QVQLQESGGGLVQAGGSLRLSCAASGSISSSFVMGWYRQAPGKQRELVATITSGGSTIYADSVKGRFTVSRDNAKNTVYLQMNSLKSEDTAVYYCHARRLWNTYWGQGTQVTVSS
seq11824,QVQLQESGGGLVQAGGSLRLSCTASGSISSIGAMGWFRQDSGNQRKRVAIITGGGNTNYADSVKGRFTISRSDDKTALYLQMDNLKPEDTAVYYCAADRMYRPVGNQYDYWGQGTQVTVSS
seq11825,KVQLVESGGGLVQAGGSLRLSCAASGRSFSDNVMGWFRQAAGKEREFVAHISRGGSRTEYADSVKGRFTISRDNAKKTVYLQMNSLKPEDTAVYYCAASRGVALATARPYDYWGQGTQVTVSS
seq11826,EVQLVESGGGLVQPGGSLRLSCATSGTIFRTNAMGWYRQAPGKKRDLVASISNSGSTNYADSVKGRFTVSRDNDKNTAYLQMNSLKPEDTGVYYCTIDGRRGWNTGYWGQGTQVTVSS
seq11827,EVQLVESGGGVVQPGGSLRLSCTASGFTFSTADMGWFRQAPGKGREFVARISGIDGTTYYDEPVKGRFTISRDNSKNTVYLQMNSLRPEDTALYYCRSPRYADQWSAYDYWGQGTLVKVSS
seq11828,DVQLQESGGGLVQAGGSLRLSCAASGATFSSYYIGWFRQAPGKEREFVAAINGSGGNRISADSVKGRFTISRDNAKNTVYLQLNSLKPEDTAVYYCAASLTYYGHSARYDYWGQGTQVTVSS
seq11829,QVQLQQSGGGLAQAGGSLRLSCAASGRTVSIYAMGWFRQAPGKEREFVAGIGWNGGTTYYADSVEGRFTISRDHAKNTAYLQMNSLKPEDTAVYYCAAQESAAGTLGDYWGRGTQVTVKP
seq11830,VQLVESGGGLVQAGGSLRLSCAASARIFSSYHKAWFRQAPGKEREIVAAVNGGSSSTYVADSVKGRFTISGDNALNTVSLQMNSLKPEDTAVYYCAAAGRAGPLAASYRYDYWGQGTQVTV
seq11831,EVQLVESGGGLVRPGGSLRLSCAASESIFSIDAMGWYRQAPGKQRELVATMTGGGSTNYADSVRGRFTISSDVAKRTVYLQMNSLKPEDTAVYYCNAEGQAGWGTALMDYWGKGTQVTVSS
seq11832,EVQLVESGGGLVQPGGSLRLSCAASGRTFSVYAMGWFRQAPGKEREFVAGIHSDGSTLYADSVKGRFTISADNSKNTAYLQMNSLKPEDTAVYYCAAVLDGYMGTWGQGTLVTVSS
seq11833,VQLVESGGGLVQAGGSTRLTCKASGSISNINSINVMAWYRQAPGKGRELVAIIGKGGGTNYADFVKGRFTISRDAAKNTVYLQMNSLRPEDTAVYYCYADYEDHDSPHNASWGQGTQVTVSS
seq11834,LQQSGGGLVQAGGSLRLTCAATGPIYAVNRMGWYRQAPGKQRELVATITNGGTIKYGDSVRGRFTISREKLNNTVYLQMDNLIPEDTAIYYCTAESLRVAVDDYWGQGTQVT
seq11835,VQLVESGGGLVQAGGSLRLSCAASGRSFSSYRMGWFRQAPGKERELVAGISWSGSSTWYADSVKGRFTISRDNAKNTVYLQMNSLKPEDTAVYYCAADGLGTDWSDAIWDYWGQGTQVTVSS
seq11836,VKLEESGGGLVQPGGSLRLSCAASGSILSIEAMGWYRQTLGKQRELVAAITSGDSTNYADFVKGRFTISRDKAKNMVYLQMNSLKPEDTAVYFCNALMVVRAGSNPEIGPWGQGTQVTVSS
seq11837,AVQLVESGGGLVQAGGSLRLSCAASGGTFSSFPMGWFRQAPGEKREFVAGISQSGGSTHYSDSVKGRFTISRENARNTVYLQMNSLKPEDTAVYYCAARGRTLALRNYAYTTEVGYDDWGQGTQVTVSS
seq11838,DVQLQASGGGLAQAGGSLRLSCAYSGDTVNDYAMAWFRQAPGKGREFVAAIRARGGGTEYLDSVKGRFTISRDNGENTAYLQMDNLQPDDTALYFCALAMGGYAYRAFERYSVRGQGTQVTVSS
seq11839,QVQLVESGGGLVQAGDSLRLSCTASGRTFSTYAMGWFRQAPGKEREFVAAISWIGGSTYYADSVKGRFTISRDYAENTLYLQMNSLKPEDTAVYYCAASTMRSIDFYVTDFGSWGQGTLVTVSS
seq11840,EVQLVESGGGLVQPGGSLKLSCAASGFDFSSHWMYWVRQAPGKELEWLSEINTNGLITKYGDSVHGRFTVSRNNAANKMYLELTRLEPEDTALYYCARNQHGLNKGQGTQVTVSS
seq11841,QVQLQESGGGLVQAGGSLRLSCAVSGSIFRLSTMGWYRQAPGKQREFVASITSYGDTNYRDSVKGRFTISRDNAKNTVYLQMNSLKPEDTAVYYCNANIEAGTYYGPGRDYWGQGTQVTVSS
seq11842,EVQLVESGGGLVQPGGSLRLSCAASGSTYTTYSMGWFRQAPGKEREFVAAISGSENVTSYADSVKGRFTISADNSKNTAYLQMNSLKPEDTAVYYCARVDDYMDVWGQGTLVTVSS
seq11843,EVQLVESGGGLVQPGGSLRLSCAVSGNIYNRNFMGWFRQAPGKGREGVSAIYTGTSRTYYADSVKGRFTISRDNAKNTVYLQMNSLRPEDTAVYYCAADLRDGFWDTGVWNTWGQGTLVTVSS
seq11844,QVQLQESGGGLVQAGGSLRLSCAASGSIFSIRVMGWYRQAPGKQRELVATMSRGGTINYADSVRGRFTISRDNAKSTVYLQMNSLKPEDTAVYYCTALLDSYYWGQGTQVTVSS
seq11845,EVQLVESGGGLVQPGGSLRLSCAASGRTFGDYIMGWFRQAPGKEREFVGGINWSGGYTYYADSVKGRFTISADNSKNTAYLQMNSLKPEDTAVYYCATDPPLFWGQGTLVTVSS
seq11846,QVQLQESGGGLVQPGGSLRLSCAASGIIFKSKAVGWYRQAPGTQREWVAYITGDDSTSYQDFVKGRFTISRDNAKNTVYLQMNNLKPEDTAVYYCNLRGSNYWGQGTQVTVSS
seq11847,QVKLEESGGGLVQAGGSLRLSCVASGRTFSRYAMGWFRQAPGKEREFVSTSTGSGGLTSYANSVKGRFTISRDNAKNTVYLQMNNLKPEDTAIYYCAANRYNSDSRYMSSYDWWGQGTQVTVSS
seq11848,VHLMESGGGSVQAGGSLRLSCAASGYTYRSNFMGWFRQAPGKEREGIATIHSGVATTYYADSVKGRFTISQDNAKNTVYLQMNSLKPEDTAMYYCAAGGPPANADRWYPLRPPGYNYWGQGTQVTVSS
seq11849,MAESGGGSVQTGGSLRLSCAYTASSVCMAWFRQAPGKEREGVAVTRDGLTKTGYADSVKGRFAISQDYAKKTLYLQMSSLKPEDTARYYCAARPTSPCTVDGELLASTYNYWGQGTQVTV
seq11850,EVQLVESGGGVVQPGGSLRISCAASGSIYLINYMGWYRQAPGKQRELVATLTSGGSTNYAGSVKGRFAISRDNAKNTVYLQMNSLKPEDTAVYYCNIGGTLYDRRRFESWGQGTLVQVSS
seq11851,EVQLVESGGGLVQAGGSLRLSCTASGRTSSTSAMGWFRQAPGKEREFVATISRGGSATYYADSLKGRFTISRDNAKNTLYLQMNSLKPEDTAVYYCAARRSSLYTSSNVFEYDYWGQGTQVTVSS
seq11852,VQLQESGGGLVQAGGSLRLSCAASGRTFSNYNMGWFRQAPGKEREFVAAIDWSGGSPYYAASVRGRFTISRDNAENTVYLQMNSLKPEDTAVYYCAAPLSYGSTWLADYWGQGTQVTVSS
seq11853,EVQLVESGGGLVQPGGSLRLSCAASGITFRRYDMGWFRQAPGKEREGVAYISSSDGSTYYADSVKGRFTISADNSKNTAYLQMNSLKPEDTAVYYCAAVLDDYSGGWGQGTLVTVSS
seq11854,EVQLVESGGGLVQPGGSLRLSCVGSGFSLDDYAMTWVRQAPGKGLEWVSSINWSGTHTDYADSVKGRFTISRDNAKNTLFLQMNSLSPEDTAVYYCNQGWKIRPTIPMGHGTQVTVSS
seq11855,DVQLQESGGGLVQPGGSLRLSCAASGFTFNSYAMSWVRQAPGKGLEWVSTINSGGGRTGYADSVKGRFTISRDNAKNTLYLQMNSLKPEDTAIYYCNADHPQGYWGQGTQVTVSS
seq11856,QVQLQESGGGLVQAGGSLRLSCAASGRTLNNYAMGWFRQAPGAEREFVGAISASGDSTQYTESVQGRFTISKDNAKSTVYLDMNSLKPEDTAVYYCAADRKTLAYYTSRLRSRYDYWGQGTQVTVSS
seq11857,QVQLQESGGGLVQAGGSLRLSCAASGNIFDADIMGWYRQAPGKECELVASITDGGSTNYADSVKGHFTISRDNAKNTVYLQMNSLKPEDTAVYYCAAVAYPDIPTYFDYDSDHFYWGQGTQVTVSS
seq11858,QVQLQESGGGLVQPGGSLRLSCAASRFTLDNYAVGWFRQAPGKEREAVSCSSSSDGPTYYADSVKGRFTISRDNAKDTVYLQMNSLKPEDTAVYYCATGFFVRSCSSPDSYDYWGQGTQVIVSS
seq11859,QVQLQESGGGSVQTGGSLRLSCAASTSLYSYNYMAWFSQAPGKGREGVAAVYVGDGRPYYADSVKGRFTISLDSAKNTVYLQMNSLKPEDTAMYYCAAAPGPLSRNYWYTSANYDYWGQGTQVTVSS
seq11860,EVQLVESGGGVVQAGGSLRLSCAPSGRTFSSYVMGWVRQAPGKAREFVAGITRNSGRTRYADSVKGRFTISRDNADNTVTLQMNSLKPEDTAVYYCAGGIDLYTFHYFGQGTQVTVSS
seq11861,QVQLVESGGGVVQPGGSLRLSCAASFSGYGVSTMAWFRQAPGKGREGVAAITVGSGNTYYADSVKGRFTISRDNSKNTVYLQMNSLRAEDTAMYYCAVGYLSGGSWDVPGRYNYWGQGTLVTVSS
seq11862,EVQLVESGGGLVQSGGSLRLSCAASGRAFNYYAMGWFRQAPGKERELVAVINWSGGTTSYADSVKGRFTISRSNAKNTVYLQMSSLKPEDTAVYYCAADSIYRTSKDYNYWGQGTQVTVSS
seq11863,LQESGGGLVQPGGSLKLSCAATGLPVDYYAIGWFRQAPGKEREWVSFISNNDGRTDYADSVKGRFTISRDNAKNTVYLQLNSLKPEDTAVYYCALGRVPHTMMVLTTTAYYDYWGQGTQVTVSS
seq11864,EVQLVESGGGLVQAGDSLRLSCAASGRAFSTNPMGWFRQSPGKEREFVAAHRWSDGSTFVADSVKGRFTISRDNAKNTVSLQMNSLKSADTAVYYCAAGRPWSAYHSPREYIYWGRGTQVTVSS
seq11865,DVQLVESGGGLVQPGGSLRLSCVGSGFGPKVYCMGWFRQAPGKEREGVAAVDSEGNTSYVESVKGRFTISQDKDKNTVYLEMNNLKPEDTAMYYCAAELQIPLNRQVAGRSWHCPLLAPVSAGGRHSGVWGQGTQVTVS
seq11866,VKLEESGGRLVQAGGSLKLSWAASGRTFTMGWFRQAPGKEREFVTAINLSPTLTYYAESVKGRFPISRNNAQNTVVLQMNSLKPEDTALYYCAAERKSVMAIPPDYWGQGTQVTVSS
seq11867,DVQLLESGGGLVQPGGSLRLSCAASGFTFGNYDMAWVRQAPGKRPEWVSSIDTGGDITHYADSVKGRFTISRDNAKNTLYLQMNSLRPEDTALYWCATDEEYALGPNEFDYYGQGTLVKVSS
seq11868,EVQLVESGGGPVQAGGSLRLSCANSGRTYRGYSMAWFRQSPGKEREFVAAITWSEGNAYYEDFVKGRFTISRDNAKNTLYLQMTNLKPEDTALYYCAAKIRPYIFKIAGQYDYWGQGTLVTVSS
seq11869,EVQLVESGGGLVQPGGSLRLSCVASGSIFSINGMGWYRQAPQAPGKQRELVARITSGGSTIYATSVKGRFTISRDNAKNTVYLQMDNLKPDDTAVYYCNIYGGALWPWGQGTQVTVSS
seq11870,QVQLVETGGLVQAGGSLRLSCAASGVPFSDYTMAWFRQAPGKEREVVARITWRGGGPYYGNSGNGRFAISRDIAKSMVYLHMDSLKPEDTAVYYCAASRLRPALASMASDYDYWGQGTQVSVSS
seq11871,QVQLQDSGGGLVQAGGSLRLSCAASGRTFSSEAMSWFRQAPGKEREIVGAISWSGGIYYADSVKGRFTISRDNAGNTVYLQMNSLKHTEDTAVYYCAAAGVSYYIGLRNGDYRVWGQGTQVTVSS
seq11872,EVQLVESGGDLVRPGGSLRLSCAASGFTFSIYDMNWVRQAPGKGLEWVAGISGNGYSTSYAESVKGRFTISKDNAKNTVYLQLSSLKFEDTAMYYCVRGGEKWDENDLRRKGQGTQVTVSS
seq11873,EVQLVESGGGLVQPGGSLRLSCAASGEVHKINILGWYRQCPGKERDMVATITIGDATDYADSAKGRFTISRDEAKNMVYLQMNSLKPEDTAVYFCRALSRLYPYNYWGQGTLVTVSS
seq11874,IRLLVESGGGLVQRGASLRLTCVVSGIFVDRWAMGWFRQAPGQKPLFVASIAWDGDETWYGDSVKGRFTVSRDVAKNSVYLQLANLQPEDTATYSCAALNGAWPSSIATMTPDLGWWGQGTQVTVSL
seq11875,EVQLVESGGGLVQPGGSLRLSCAASGFALDYYAIGWFRQAPGKEREGVSCIESSDGSTYYADSVKGRFTISRDNAKNTVYLQMNSLKPEDTAVYYCATDSAGVPAGPAAVYGSSCSRLEYDYWGQGTQVTVSS
seq11876,QVKLQQSGGGLVQPGGSLRLSCAASESTISINTLGWYRQAPGNQRELVATITTGGTTNYADSVKGRFTISRDNAKNTVYLQMNNLEPGDTAVYYCNLKRRDLQSRFGGYWGQGTQVTVSS
seq11877,EVQLVESGGGLVQPGGSLRLSCAASGFTFSDYWMGWFRQAPGKERELVARVWWNGGSAYYADSVKGRFTISADNSKNTAYLQMNSLKPEDTAVYYCAREVLRQQVVLDYWGQGTLVTVSS
seq11878,EVQLVESGGGSVQAGGSLRLSCAASGRTLSSLAMGWFRQAPGKEREFVAADRRNGGYTVVADYTDSVKGRFTIFRDNAKNTVYLQMNNLKPEDTAVYYCAADSDRTMSLRSTDYDYWGQGTQVTVSS
seq11879,QVQLQESGGGLVQVGGSLRLSCADSGSTFSINSMGWYRQAPGKHRDWVAGITTDGITKYPDSLKGRFTISRDNAKNTVYLQMNSLKPEDTAVYYCNLWPPRASPSGRLYWGQGTQVTVSS
seq11880,EVQLVESGGGLVQAGGSLRLSCAASGITFSNARMGWFRQTPGKEREFVATISPSGSNTGYADSVKGRFSISRDNAKDTVYLQMNSLKAGDTAIYYCTCARDFYTDYTRSSEYDFWGQGTQVTVSS
seq11881,EVQLVESGGGLVQPGGSLRLSCAASGSIFRINAMAWYRQAPGKQRELVAEITAGGSTNYADSVKGRFTISRDNSWNTLYLQMNSLRPEDTAVYYCNLDHYTTWDRRSAYWGQGTLVTVSS
seq11882,EVQLVESGGGLVQPGGSLRLSCAASGSIGGLNAMAWYRQAPGKERELVAGIFGVGSTRYADSVKGRFTISRDNSKNTVYLQMNSLRAEDTAVYYCRMSSVTRGSSDYWGQGTLVTVSS
seq11883,EVQLVESGGGLVQPGGSLRLSCVVSGSFFSLRDMGWYRQAPGKERELVGIFTRGGTTYYADSVKGRFTISRDNAKNTVDLQMNSLKPEDTAVYTCNAEIRQYSANLYRDFWGQGTQVTVSS
seq11884,QVQLQESGGGLVQAGGSLRLSCAISRSTFSSYTMGWYRRPPGKERELVAQITNGGSTNYADSVKGRFTISRDNAKNTVYLQMNSLKPEDTAVYYCNMKTAWTIGTRGYDYWGQGSQVTVSS
seq11885,EVQLVESGGGLVQAGGSLRLSCVASYSYTAPVMGWFRQAPGKDREFVAAISSRTGVTKYADSVKGRFSIPGDDAKNTMFLQMSSVQPDDTAVYYCASTFNWIIPTVESGYNDWGQGTQVTVSS
seq11886,QVQLVESGGGSVQAGGSLTLSCVVSGNTYSTKYMGWFRQAPGKEREGVAAILAGGRNTYYADSVKGRFTISQDNAKNTVYLQMNSLKPEDTAMYYCAADTRAAFWNIGPLNSDQYNIWGQGTQVTVSS
seq11887,QVQLVESGGGLVQPGGSLRLSCAASGRTFDNYVMAWFRQAPGKEREFVASISGSGSITNYANSVKDRFTISRDSAKNAIYLQMNSLRAEDTAVYYCAAGSRRTYYREPKFYPSWGQGTLVTVSS
seq11888,VQLQESGGGLVQAGGSLRLSCAASGRTFSNSVMGWFRQPPGKEREFVAAVLWSGVSTAYADSVKGRFTISRDNAKNTVYLQMNNLKPDDTAVYYCAAHESTYYSGTYYLTDPRRYVYWGQGTQVTVSS
seq11889,EVQLVESGGGLVQAGGSLRLSCAASGRTFERYAMGWFRQAPGKEREFVATISWSGGRDTVYADSVKGRFTISRDNAKNTVYLQMNSLKPEDTAVYYCAAHKRTYELGAHSTDFGSWGQGTQVTVSS
seq11890,EVQLVESGGGLVQAGGSLRLSCAASGFTFDDYDIGWFRQAPGKELEGVSGISSSDGNTYYADSVKGRFTISSDNAKNTVYLQMNSLKAEDTAVYYCAAEPPDSSWYLDGSPEFFKYWGQGTQVTVSS
seq11891,QVQLQESGGGSVQAGGSLRLSCAASEYRYCMAWFRQAPGKEREGVAGIYIGDRTVYSDSVKGRFTISQDNADNTVYLQMNSLKPEDTAMYYCATVDLICPSDWAQRLQYQYWGQGTQVTVSS
seq11892,QVQLVESGGGLVQPGGSLRLSCTASGLRLNTYHMSWVRQAPGKGLEWVSTIYIGGTTTSHANSVSGRFTISRDDAKNTLYLQMNNLKPEDTAVYFCATGSVNAYGVKGQGTLVTVSS
seq11893,KVQLVESGGGSVQAGESLRLSCAASGSIFSSNAMAWYRQAPGKQRDLVAAINSVGITKYADSVKGRFTISRDNAKNTVYLQMNSLKPEDTAVYYCTSDPRRGWDTRYWGQGTLVTVSS
seq11894,EVQLVESGGGLVQAGGSLRLSCAASERTFNYVINWFRQAPGKERELVAAIGWGADSKYYADSVKGRFTISRDNAKNTVYLQMNSLKPEDTAVYRCGARLGWRSLDRLDEYDYWGHGTQVTGSS
seq11895,EVQLVESGGGLVQPGGSLRLSCTTSGFTFEDYPMNWVRQAPGKGLEWVSVISRNGGSTYYAESMKGRFTISRDNAKNTLYLVMNSLTSEDTAVYYCTKPSTSWSTNYGMDYWGKGTQVTVSS
seq11896,EVQLLESGGGLVQPGGSLTLSCAASGAIAYIYGMGWYRQAPGKQRELVAAISSGGSTDYADSVKGRFTISRDNSKNTLYLQMNSLRAEDTAVYYCNADVRTSRNLVRSDYWGLGTQVTVSS
seq11897,EVQLVESGGGLVQPGGSLRLSCAASGRTFNSYAMGWFRQAPGKEREFVAGITRSAVSTSYADSVKGRFTISADNSKNTAYLQMNSLKPEDTAVYYCAAFRGIMRPDWGQGTLVTVSS
seq11898,EVQLVESGGGLVQPGGSLRLSCAASGFAFGDNWIGWFRQAPGKEREWVASISSGGTTAYADNVKGRFTIIADNSKNTAYLQMNSLKPEDTAVYYCAHRGGWLRPWGYWGQGTLVTVSS
seq11899,QVQLVESGGGLVQTGGSLRLSCAASGRTFSPYAMGWFRQAPGKEREFVAAIRWSGATTYKYVGDSVQGRFTISRDAAGNTVYLQMNSVKPEDTAVYYCAADRVPKDISIDPRNPKDWDYWGKGTLVTVSS
seq11900,EVQLVESGGGLVQAGGSLRLSCAASGFTFDDYAIGWFRQAPGKEREGVSCISSSDGSTYYADSVKGRFTVSSNNADDTVYLQMNSLKPEDTAVYYCAVRLFSGGCAVVAGTSWADFGSSGQGTQVTVSS
seq11901,QVQLQESGGGLVQAGGSLRLSCAASGRTFSSYAMGWFRRAPGKEREQIAGISRSGNPGKYADSVSGRFTISRDNAKNTLYLQMNSLKPEDTAVYYCAARQIYSNNYSYWGQGTQVTVSS
seq11902,EVQLVESGGGLVQAGGSLRLSCVASRIPASIRTMAWYRQAPGKQRDWVATIGTGGTPAYADSFKGRFTVSRDNANHTVYLQMNSLKPEDTAVYYCRDVNGDYWGQGTQVTVSS
seq11903,EVQLVESGGGLVQPGGSLRLSCAASGFTLDYYNIGWFRQAPGKEREWVSCISSSDGSTDYADSVKGRFTISRDNAKNTVYLQMNSLKPEDTAVYYCAAPFSYYSGLCGVNGVDYWGQGTQVTVSS
seq11904,QVQLQESGGGLVQPGGSLRLSCAASGFTFSNYVMNWVRQAPGKGLEWVSDISNGGGTTSYASSVKGRFTISRDNAKNTLYLQMNGLKPADTAVYYCARCPAPFTNDCMDITSTTYAYRGQGTQVTVSS
seq11905,EVQLVESGGGLVQAGDSLRLSCAASGRAFSRYAMGWFRQAPGKEREFVAAIGWGPSKTNYADSVKGRFTISRDNAKNTVYLQMNTLKPEDTAVYSCAAKFVNTDSTWSRSEMYTYWGQGTLVTVSS
seq11906,EVQLVESGGGLVQAGGSLRLSCAASGRTFSNYPMGWFRQAPGNEREFVAAISSSGLNTDYTDSVKGRFTISRDNAANTVYLQMNSLKPEDTAVYYCARSSSGWMRARDFTSWGRGTQVTVSS
seq11907,QVQLVESGGGSGQSGGSLTLSCAASGFDLDYYAVGWFRQAPGKEREGVACTSVSGANISYVDSVKGRFTIYRDNVKKTVELSLDSLKPEDTAVYYCATTWGIHWCPLIASEYRRWGRGTQVTVSS
seq11908,QVQLVESGGGLVQAGGSLRLSCASSGRTFSSYVMGWFRQTPGKEREFVSTINWSGSNGYYADSVKGRFTISRDNAKNTVYLQMNNLKPEDTAVYYCAASAGGFLVPRVGQGYDYWGQGTQVTVSS
seq11909,QVQLQESGGGLAQEGGSLRLSCVASGNTFDTRAMGWFRQAPGKEREFVAAISRSSFNTYYSDSVTGRFTISRDNAKNMVYLQMNSLKPEDTAVYYCAAGKYGMKWRDGADYWGQGTQVTVSS
seq11910,QVQLQESGGGVVQTGDSLRLSCVASGRTFSSLDMGWFRQAPGKEREFVAGISRSGISQYYADSMKGRFTISRDNAKNLVYLQMNSLKPEDTAVYYCAAALTFRGSDLPRDSNYWGQGTQVTVSS
seq11911,VQLVESGGGLVQPGGSLRLSCAASGFTFDDYAMSWVRQAPGKGLEWVSAISWNGSSTYYAESMKGRFTISRDNAKNTLYLQMNSLKSEDTAVYYCAKDLIGSHDYWGQGTQVTVSS
seq11912,QVQLVESGGGLVQPGGSLRLSCAASGSIFMINVMGWYRQAPGKQRELVAVITRGASTNYADSVKGRFTISRDNAKNTVYLQMNSLKPEDTAVYYCNADLNLASDPFKWYTYWGQGTLVTVSS
seq11913,EVQLVESGGGLVQIGDSLRLSCAASGRTFSTYLMVGWFRQAPGKEREFAAAIWSSGDTAVADSVKGRFTISRDNAKNTVYLQMNSLKAEDTAVYYCAGSYGGNYYIPGFYEDWGQGTQVTVSS
seq11914,VQLQESGGGSVQAGGSLRLSCTAPGFTSNTCAMAWYRQAPGKEREFVSSRSTVGTTGYADSVKGRFTLSKDEAKDTVYLQMNSLKPEDTAMYFCKTYACRNCIGRHCRTAPDAWGQGTQVTVSS
seq11915,EVQLVESGGGLVQPGGSLTLSCVASGLTSTINAMGWYRRAPGKQRELVAGISSDGSKVYDDSVKGRFTISRDNAKNSVYLQMNSLRAEDTAVYYCYYFSPFSGSDTGYWGQGTLVTVSS
seq11916,VQLQESGGGLVQAGGSLRLSCAASGRTLSSNPMAWFRQAAGKEREFVAGMSWNPGPAVYADSVKGRFTISRDSAENTVYLQMNSLKPEDTAVYYCAGAARAWWSGSYDYTRMNNYDYWGPGTQVTVSS
seq11917,EVQLVESGGGLVQPGGSLRCSCAASGFTFDDYGMSWVRQAPGKALEWVSAISWNGNNTYYTESMKGRFTISRDNAKNTLYLQMNSLRPEDTAVYYCVKGSTAIVGVPPTYPDEYDYWGQGTLVTVSS
seq11918,QVQLQESGGGVVQAGGSLSLSCSPYQRASSLFAMGWFRQSPGKEREFVAGISWNGDKSQYADSVKDRFTISRDNDKNTVFLQMNSLKPEDTAVYYCAAHRASFELGFATHDYDFWGQGTQVTVSS
seq11919,EVQLQESGGGLVQAGGSLRLSCAASGRSFSGYAMAWFRQAPGKEREFVAAVNWNGGSTYYADSVKGRFTISRDNAKDTVYLQMNSLKPEDTAVYYCNARPTFGAYYSDYKSGVDYWGQGTQVTVSS
seq11920,QVQLVESGGGLVQAGGSLRLSCAASGRSVSLYHVGWFRHTPGKEREFVAATAWHDGSTSYADSVKGRFTISRNNAKNTVYLQMNSLQPEDTAVYYCAGEAKLGGIYSRWRDYEYWGQGTQVTVSS
seq11921,EVQLVESGGGLVQPGGSLRLSCAASGSIFINSMGWYRQAPGNEREFVARISSGGSTNYEDSVKGRFTISQDNAKNTVYLQMDSLKPEDTASYVCYAIGGGAVHWGQGTQVTVSS
seq11922,QVQLQQSGGGLVQPGGSLRLSCAASGSITSIRSMGWYRQAPGKQREFVAHISTGGATNYADSVKDRFTISRDNAEDTVYLQMNSLKPEDTAIYYCNALLYYSDYENENYWGRGTQVTVSS
seq11923,EVQLVESGGGLVQAGGSLRLSCAASGITFDDDYAIGWFRQAPGKEREGVSLISSSDGSTYYADSVKGRFTITSDNAKNTVYLQMNSLKPEDTAVYYCAADPTSGLPSDDEYDYWGQGTQVTVSS
seq11924,AVQLVESGGGSVQAGGSLRLSCAASGMNLDNYVRGWLRQAPGSKCEFVSIIRRDGTTDYGDSVKGRFTISRDNAKNTVYLQMNSLKPDDTAVYYCAAIVVPRAAEYACDGLPYRGQGTQVTVSS
seq11925,EVQLQASGGGLVQTGGSLRLSCAVSGRTFSSYGMGWFRQAPGKEREFVAAMRESGADTHYADFVRGRFTISGDNAKNTVYLQMNRLTPEDTAVYYCKALDITTAASYWGQGTQVTVSS
seq11926,QLQLQESGGGLVQAGGSLRLSCAASGIMFYISDMGWYRQAPGKQREFVATITSGGTTNYADSVEGRFSISRDNAKNTVYLQMNSLEPEDTAVYYCTAHGPTYGSTWDDLWGQGTQVTVKP
seq11927,EVQLVESGGGVVQPGGSLRLSCSASGLLFSRNSAGWYRQAPGKQREFVARIRAGGSINYADSVKGRFTISRDNSKNTVYLQMNSLRPEDTALYYCSGWREGFYEYWGQGTLVTVSS
seq11928,DVQLVESGGGLVQPGGSLRLSCAASGFTLEYYAIGWFRQAPGKEREGVSCISSEGSTSYADSVKGRFTISRDNSKNTVYLQMNSLRPEDTAVYYCATDPDRGFLGSSCDTQSHQYDFWGQGTLVTVSS
seq11929,VQLQQSGGGLAQTGGSLILSCAASGSIFAINEINLMGWYRQAPGKQRELVAACASDGNTYYADSVKGRFTISRDNAEKTVYLQMNNLKPDDTAVYYCDANSRGNYYSGQGTQVTVSS
seq11930,EVQLVESGGGSVQAGGSLRLSCAASGDTYGSYWMGWFRQAPGQGLEAVAAINRGGGYTVYADSVKGRFTISRDNAKNTLYLQMNSLRPDDTADYYCAASGVLGGLHEDWFNYWGQGTLVTVSS
seq11931,QVQLQESGGGLVQAGGSLRLSCAASGRTFSIYTVGWFRQALGKEREFAGSIKWTDGTTDYADSVKGRFTISRDNAKNTVYLQMNSLKPVDTAVYYCASSQHLDINTRGDYIYWGQGTQVTVSS
seq11932,EVQLVESGGGLVQAGGSLRLSCEASRRTFSSYAMVGWFRQAPGKEREFVAAVTRWSGARTVYADSVKGRFTISRDNAENTVYLQMNSLKPEDTAVYTCAADSTNRNSGAVYYSWAYDYWGQGTQVTVSS
seq11933,EVQLVESGGGLVQAGGSLRLSCATSGITFMRYALGWYRQSPGKQREMVASINSGGTTNYADSVKGRFTISRDNAKNTVYLQMNSLKPEDTAVYYCNARWVKPQFIDNNYWGQGTQVTVSS
seq11934,QVQLQESGGGSVQAGGSLRLSCAVSGYTYSGYCMGWFRQAPGKEREGVAAISRGDGSPGYADSVKGRFTISQDNAKNTLYLQMNSLKPEDTAMYYCAADVIPTETCSYGSWSGPNGYWGQGTQVTVSS
seq11935,QVQLQESGGGLVQAGGSLRLSCVASGSISNSHVMGWYRQAPGKERELVATLTSGGLTHFGDSVKGRFTISRDNAKNTIYLQMNSLKVEDTAVYYCNARRLLTSMWGQGTQVTVSP
seq11936,AVQLVESGGGLVQAGDSLRLSCTASGATLTNDHMAWFRQAPGKGREFVAAIDWSGRTTNYADPVEGRFTISRNNAKNTVYLEMNSLKLEDTAVYYCAVLRAWISYDNDYWGQGTQVTVSS
seq11937,QVQLQESGGGLVQPGGSLRLSCAASGSIFGINAMGWYRQAPGNQRELVAVITSGGTTTYANSVKGRFTISRDNAKNTVYLQMNSLKPEDTAVYYCNVKSHFPPNWGGPTPDYWGQGTQVTVSS
seq11938,QVQLQESGGGLVQPGGSLRLSCAVSGSIFSLNAMAWYRQAPGKRRELVAGISGGSVTNYPDSVKGRFTISRDSTKNTVYLQMSSLKPEDTAVYYCNLWPPRASPGGRVYWGQGTQVTVSS
seq11939,EVQLVESGGGLVQAGGSLSLSCTASGGTFRNYGMGWFRQAQGKEREFVAAISRSASRTYYSDSVKGRFTISKNNAKNIMSLQMNSLKPEDTAVYYCAARFRFDDGTYYYQRAFYDFWGQGTQVTVSS
seq11940,AVQLVESGGGLVQAGGSLRLSCAASGFTFDDYAIGWFRQAPGKEREGISCISKSDGNTNYADSVKGRFTISSDNAKNTVFLQMNSLKPEDTAVYYCAVGVLGSCPIMVYLLYDDWGQGTRVTVSS
seq11941,QVQVQESGGGLVHPGESLRLSCAASGFTFSSHRMYWVRQPPGKGLEWVSAISSSGVSTYYADSVKGRFTISRDNAKNTVYLQMNSLKPEDTALYYCKRRTWYGGEYDYWGQGTQVTVSP
seq11942,EVQLVESGGGLVQAGGSLRLSCAASGRTFSSYRMGWFRQAPEKEREFVAVITRSGSDQFYSNSVKGRFTISRDNAKNTVYLQMNSLKPEDTAVYYCAAGAQIGWAEASTYDYWGQGTQVTVSS
seq11943,VQLVESGGGLVQPGGSLRLSCAASDSIDSLVNMGWYRQAPGKQRELVALIANYITHYADFVKGRFTISRDAAKNTVNLQMSSLKPEDTAVYYCYARNIIVDYWGQGTQVTVSS
seq11944,EVQLVESGGGLVQAGESLRLSCAASGSTFDFKVMGWYRQPPGKQREGVAAIRLSGNMHYAESVKGRFTISKANAKNTVYLQMNSLRPEDTAVYYCKVNIRGQDYWGQGTQVTVSS
seq11945,EVQLVESGGGLVQAGGSLGLSCSASGLLFSRNSAGWYRPAPGKQREFVARIRMGGSINYGDSVKGRFTVARDIAKNTMYLQMNDLKPEETAIYFCSSWREGVYKYGGKGTQVTVSS
seq11946,DVQLVESGGGLVQPGGSLRLSCTASGTIFSINRMDWFRQAPGKQRELVALITSGGTPAYADSAKGRFTISRDNSKNTVYLQMNSLRPEDTAVYYCHVSSGVYNYWGQGTLVTVSS
seq11947,QVQLQQSGGGLVQAGGSLRLSCAASGRFFSRQVMGWFRQAPGKDREFVGVISWDNGVTFYSDSVKGRFTMSREIAKKTVHLQMNSLKPEDTAVYYCAAGNALHSRYYSPSKYDYWGPGTQVTVSS
seq11948,VQLVESGGGLVQAGGSLRLSCTDSGRTFSKKPMGWFRQAPGMEREFVAAASYTGVSTFYADSVKDRFTISRDKDKNTMDLQINSLKPEDTGAYYCAGTTRTLWGSKWRDVLEYEYWGQGTQVTVSS
seq11949,QVQLVESGGGLVQPGGSLRLSCAASGFTLDYYAIGWFRQAPGKEREGVSCISSSDGSTYYADSVKGRFTISRDNAKNTVYLQMNSLKPEDTAVYYCATDFGSWGQGTQVTVSS
seq11950,QLVQPGGSLRLSCAASGFTFDDYGMSWVRHSPGKGLEWVSTISWNGGVTYYAASMKGRFTISRDNAKNTVYLQMNSLKPEDTAVYYCAKEIITVQAMRAAIAFDSWDQGTQVTVSS
seq11951,QVQLQESGGGLVQPGESLRLSCAVSGSTSSMNAMAWYRQAPGKRRELVAGISGGGATNYPDSMKGRFTISRDNAKNTVYLQMSSLKPEDTAVYYCNLWPPRASPGGGVYWGQGTQVTVSS
seq11952,QVQLVESGGGLVQPGGSLRLSCAASGRTFSTHSMGWFRQAPGKGLEFVAAINWNGDSTYYADSVKGRFTISRDNSKNTLYLQMNSLRAEDTAVYYCAARPGAPSTIVAMLDYWGQGTLVTVSS
seq11953,DVQLQASGGGLVQIGGSLRLSCVASGDTFSRYAMGWFRQAPGKEREFVAAISRGGGSQFYADSAGGRFTISRDNAKNTVYLQMNSLSPEDTAVYYCAADGQITFYTARTASAYGYWGQGTQVTVSS
seq11954,QVQLVESGGGLVQTGDSLRLSCVASERIFSQYAMGWFRQAPGKEREFVATISWAGRSTYYADSVKGRFTISRDNAKNWVYLQMNSLKAEDTAVYYCAASSSRVAVTTTDQYPYWGQGTQVTVSS
seq11955,AVQLVDSGGGLVQAGGSLRISCAVSGRTSSNYILAWFRQAPGKERDFVAHISRSGGKSGYGDSVKGRFTISRDNAENTVRVYLQMNSLKPGDTAVYYCNRPLWYGSPTLIDYWGQGTQVTVSS
seq11956,EVQLVESGGDLVQPGGSLRLSCAASGSIFSINDMGWFRQAPGKQRELVADIISRGVTNYADSVKGRFTISGDPAKNTVYLQMNSLKPEDTAVYYCNAHISMGWGRPHNNYWGQGTLVTVSS
seq11957,EVQLVESGGGLVQPGGSLRLSCAASGRTFSSGVMGWFRQAPGKEREFVAAINRSGSTFYADSVKGRFTISADNSKNTAYLQMNSLKPEDTAVYYCAKTKRTGIFTTARMVDWGQGTLVTVSS
seq11958,QVKLQESGGGLVQSGGSLRLSCIASGSTVSGNTMGWYRQAPGKQRELVAVISSVGVSNVAQSVKGRFAISRDNAKNTVYLQMSSLKPEDTAVYYCNALGTGRANWGQGTQVTVSS
seq11959,EVQLLESGGGEVQPGGSLRLSCAASVSTFGTSPVGWFRQAPGKEREFVCAIRWEGVGAYYAESVKGRFTCSRDNAKNTLYLQMSSLRAEDTAVYYCALPRRGDSELPSTVKEYGYWGQGTLVTVKP
seq11960,QVQLQESGPGLVKPSQTLSLACTVSGGSITLNGGYWSWIRQPPGKGLEWMGAIAYTGSTYISPSLKSRTSISRDASENQFTLQLSAVTPEDSAVYYCARHHYDSNWYYYGMDYWGKGTLVTVSS
seq11961,EVQLVESGGGLVQPGGSLRLSCAISATIFRSNAMGWYRQAPGKKRDLVASISNSGSTNYADSVKGRFTVSRDNDKNTAYLQMNSLKPEDTGVYYCTIDGRRGWNTGYWGQGTQVTVSS
seq11962,QVKLEESGGGLVQAGGSLRLSCAASGRTISLYAVGWFRRAPGKEREFVAAISWTDSSTYYADSVKGRFTISRDNAKNTVYLGMNSLNPEDTAVYYCAADVSIRGLQKYEYDYWGQGTQVTVSS
seq11963,QVKLVESGGGSVQTGGSLRLSCAVSTYTPSNNYMGWFRQAPGKEREGVAAIATIGGTTRYADSVKGRFTISQDGAKNTIYLQMNGLKPEDTAMYYCAAGRPYSLPLPLPLESGAYRYWGQGTQVTVSS
seq11964,EVQLVESGGGLVQAGDSLRLSCAASGGTFGSSHMAWFRQVPEKEREFVAAISRSGGTTYYADSVKGRCTISRDNAKNTVYLQMNSLKPEDTAVYYCAAARFWGSTSTRMDDYQYWGQGTQVTVSS
seq11965,QVQLQESGGGLVQAGGSLRLSCAASGRTFSSYAMGWFRQAPGKEREFVAGITWTTGSTTYADSVKGRFTVSRDNAENTGYLQMNSLKPEDTAVYNCAASRATMSVNWYQYHDYNNWGQGTQVTVSS
seq11966,VHLVESGGGSVQTGGSLRLSCAVSGDIYNLMSMAWFRRAPGKEREGVAYINTIIGNTYYTDSVKGRFTISRDNSKNTLYLQMNNLKPEDTAMYYCAAFNYGGAWYEERSYKYWGQGTQVTVSS
seq11967,QVQLQESGGGLVQAGGSLKLSCAAAIRTFSILNMGWFRQAPGKEREFVATINRSGATTYYADSVKGRFAISRDNAKNTMYLQMNSLKPEDTAVYYCTADLWRIRGAMDYWGKGTQVTVSS
seq11968,QVQLQESGGGLVQAGDSLRLSCVDSARTFSGYNMGWFRRAPGKEREFVAAITSNTGNTYYADSVKGRFTISRDNAKNTVYLQLDSLKPEDTAVYFCAAAPTWYSRDYYYTRENQWRYWGQGTQVTVSS
seq11969,EVQLVESGGGLVQPGGSLRLSCAASGLTFRNYAMGWFRQAPGKEREFIAGMMWSGGTTTYADSVKGRFTISADNSKNTAYLQMNSLKPEDTAVYYCAREGYYYDSSGYLNYFDYWGQGTLVTVSS
seq11970,QVQLQQSGGGLVQAGGFLRFSCAASGRISSIDTMGWYRQTPGNQREFVATITKTYCRDYADSVKGRVTIARDSANNIWLQMNNLKPEDTAVYYCQAFAYSQQLSGLVAYWGQGTQVTVSS
seq11971,EVQLVESGGGLVQAGDSLRLSCTASERTFGNDAGGWFRQAPGKERDFVAAITSGGSTDYANSVKGRFTISRDNAKNTVYLQMNSLRPEDTAVYYCAADSSVNTVKLGWGRYWGQGTQVTVSS
seq11972,EVQLVESGGGLVQPGGSLRLSCAASGFTFDDYDIGWFRQAPGKELEGVSGISSSDGNTYYADSVKGRFTISSDNAKNTVYLQMNSLRPEDTAVYYCAAEPPDSSWYLDGSPEFFKYWGQGTQVTVSS
seq11973,EVQLVESGGGSVQAGGSLRLSCAASGYTYSINCMGWFRQAPGKEREGVAVISTGGGRTDYRDSVKGRFTISQDNAKNTVYLQMNSLKPEDTAMYYCAGKTTYPGYGCGLGRSAYNYWGQGTQVTVSS
seq11974,EVQLVESGGGLVQPGGSLRLSCAASGTIFRVNVMAWYRQAPGKGRELVAGIITNGSTSYADSVKGRFTISRDNAKNTLYLQMNSLRPEDTAVYYCAFVTTNSDYDLGRDYWGQGTLVTVSS
seq11975,QVQLQQSGGGLVHAGGSMRLSCAAPGRTFSSYAMAWIRQAAGKEREFVAGVSWNGGLTVYGDFVEGRFTISRDSTKNTVYLQMNNLQPEDTAIYYCVADKNLDYGLGYDYWGQGTQVTVSS
seq11976,EVQLVESGGGLVQAGGSLRLSCAASGFTFDDYDIGWFRQAPGKEREGVSGISSSDGNTYYADSVKGRFTISSDNAKNTVYLQMNSLKPEDTAVYYCAAEPPDSSWYLDGSPEFFKYWGQGTQVTVSS
seq11977,EVQLLESGGGLVQPGGSLRLSCAASGRTYAMGWFRQAPGKEREFVAHINALGTRTYYADSVKGRFTISRDNSKNTLYLQMNSLRAEDTAVYYCTAQGQWRAAPVAVAAEYEFWGQGTLVTVSS
seq11978,QVKLEESGGGSVQTGGSLRLTCAASGRTSRSYGMGWFRQAPGKEREFVSGISWRGDSTGYADSVKGRFTISRDNAKNTVDLQMNSLDPEDTAIYYCAAAAGSAWYGTLYEYDYWGQGTQVTVSS
seq11979,EVQLVESGGGLVQPGGSLRLSCAASGFTFGEFTMGWFRQAPGKERERVATITSGGSTNYADSVKGRFTISADNSKNTAYLQMNSLKPEDTAVYYCAAVVDDYSGSWGQGTLVTVSS
seq11980,QVQLQESGGGSVQTGGSLRLSCAASTSIYSNNYMAWFSQAPGKGREGVAAVYIGDGRPYYADSVKGRFTISLDSAKDTVYLQMNSLKPEDTAMYYCAAAPGPLSRNYWYTSANYDYWGQGTQVTVSS
seq11981,EVQLVESGGGLVQAGGSLRLSCAASGSTFSSYAMGWYRQAPGKQRELAAVISTGDNTNYADSVKGRFTISRDNAKNTVYLQMNSLKPEDTAVYHCFYSGSYYYPTEVYEYDYWGQGTQVTVSS
seq11982,QVQLQESGGGTVQAGGSLRLSCAASGFTFNDYAMSWVRQAPGKGLEWVSGIRSNGGYTNYADSVKGRFTISRDNAKNTLYLQMNSLKSEDTAVYYCAQGYYCSGYGCYPGQGTQVTVSS
seq11983,QVQLQESGGGSVQAGGSLRLSCAASGSIAYIYTMDWYRQAPGKQRELVATSTHDGNTDYTDSVKGRFTISRDNAKNTVYLQMNSLKPEDTAVYYCNADLRTAVDLIRANYWGQGTQVTVSS
seq11984,EVQLVESGGGSVQPGGSLRLSCAASGFTFRGYWMSWVRQAPGKGLEWVSAINNVGGDTYYADSVKGRFTISRDNAKNMLYLQMNSLKAEDTAVYYCARDWHNDPNKNEYKGQGTQVTVSS
seq11985,EVQLVESGGGLVQPGGSLRLSCAASGFTFSGYPMYWVRQRPGKGLEWVSSITTGGDGTSYADSVKGRFTISRDNAKDTLYLQMADLKSEDTALYVCARRCWERSGTAQCDYRGQGTQVTVSS
seq11986,QVQLQESGGGLVQVGGSLRLSCAASGSIFGINAVGWYRQAPGKQRELVATFTRGGDINYADSVKGRFTIFRDNAANTVYLQMNSLKAEDTAVYYCNTPPRIGRGYWGQGTQVTVSS
seq11987,VQLQESGGGSVQAGETLRLSCTASGFTFDESVMGWYRQAPGNECELVSTISSDGSTYYSNSVKGRFTISQDNAKNTVYLQMNSLKPEDTAVYYCAADDHTYELGTCEALNYWGRGTQVTVSS
seq11988,QVQLQESGGGLVQPGGFLRFSCAVFGKIFGFNAMGWYRQAPGKQRELVAILIEGGSTDYATSVKGRFTISRDNAKNTVYLQMNSLKPEDTAVYYCNAIVIDRAIATMGKTWGYWGRGTQVTVSS
seq11989,EVQLVESGGGWVQAGGSLRLSCAASGRAFSSYAMGWIRQAPGKEREFVAGIDQSGESTAYGTSASGRFIISRDNAKNTVYLLMNSLQSDDTAVYYCVADGVLATTLNWDYWGQGTQVTVSS
seq11990,QVQLQESGGGLVQAGESLRLSCTASGTIFSINRMDWFRQAPGKQRELVALITSDGTPTYADSAKGRFTISRDNTKKTVSLQMNSLKPEDTAVYYCHVSSGVYNYWGQGTQVTVSS
seq11991,VKLEESGGGMVQAGGSLRLSCVASGRSFVGYFMAWFRQPPGKEREYVGGIRWSDGVPHYADSVKGRFTISRDNAKNTVYLQMNSLKSEDTAVYFCASRGIADGSDFGSYGQGTQVTVSS
seq11992,VQLVESGGGLVQPGGSLRLSCAASGFTFSSSYMSWVRQAPGKGLEWVSGINTDGSFTRYADSVKGRFTISRDNAKNTLYLQMNSLKSEDTALYYCAVGGGLGYGPRGQGTLVTVSS
seq11993,EVQLVESGGGLVQPGGSLRLSCAASGLTFRNYAMGWFRQAPGKEREFVAAIGSGGYTDYADSVKGRFTISADNSKNTAYLQMNSLKPEDTAVYYCAVKPGWVARDPSQYNWGQGTLVTVSS
seq11994,EMQLVESGGGLVQPGGSLRLSCATSRTIFRSNAMGWYRQAPGKKRDLVASISNSGSTNYADSVKGRFTVSRDNDKSTGYLQMNSLKPEDTGVYYCTVDARRGWNTGYWGQGTQVTVSS
seq11995,EVQLVESGGGLVQTGDSLRLSCEVSGRTFSSYSMGWFRQAQGKEREFVVAISKGGYKYDSVSLEGRFTISKDNAKNTVYLQINSLKPEDTAVYYCASSRAYGSSRLRLADTYEYWGQGTQVTVSS
seq11996,DVQLQASGGGLVQAGGSLRLSCVASGLTFSLYRMGWFRQGPGKAREFVATITSNGAITHYADSVKGRFTIFRDNAKNTVYLQMNSLNAEDTAIYSCAAGFTTTSGYNYWGQGTQVTVSS
seq11997,QVQLQEFGGGLVQAGGFLRFSCAASVRTFNYYVMAWFRQAPEKEREFVAVIDKVGESTLYGDSVKGRFTISRDNAKNTAYLQMHSLKAEDTAVYYCAAAYTWGVVPGRYNYWGQGTQVTVSS
seq11998,DVQLVESGGGLVQPGGSLRLSCAASGFTFDDYAIGWFRQAPGEEREGVSSISSTYGLTYYADSVKGRFTISSDNSKNTVYLQMNSLRPEDTAVYYCAATPIGLIGLDAYEYDYWGQGTLVTVSS
seq11999,QVQLQESGGGLVQAGGSLRLSCEASGIIFSSNVMGWYRQAPGKQRELVASRTSGGLTNYADSAKGRFTISRDNAKNTVYLQMNSLKPEDTAVYYCNARRLFTNYWGQGTQVTVSS
seq12000,LQESGGGLVQAGDSLRLACAASGRTISSYFMAWFRQAPGKEREFVALINRSGRGTDYADSVKGRFTISRDNAKNTVYLQMNSLKAEDTAVYYCAAGDYFRSAAQFYNYWGQGTQVT
seq12001,EVQLVESGGGLVQPGGSLRLSCAASGLPVDYYAMGWFRQAPGKERELVAAISGSGDSTYYADSVKGRFTISADNSKNTAYLQMNSLKPEDTAVYYCAAQTEDSASIFGYGMDWGQGTLVTVSS
seq12002,EVQLVESGGGLVQAGGSLRLSCAASGSTFSINAIGWYRQAPGKQRELVAVISSGGSTNYAASVKGRFTISRDNAKNTVNLQMNSLKPEDTAVYYCNALSIRYDYWGQGTQVTVSS
seq12003,QVQLVESGGGSVQAGGSLRLSCAASGYTYSDVCMGWFRQAPGKEREGVAAIDSVGNTNYADSVKGRFTISRDNSKNTLYLQMNSLRAEDTAVYYCAAQRCLGWVPLVPHEYGYWGQGTLVTVSS
seq12004,EVQLLESGGGEVQPGGSLRLSCAASGSVFSIDAMGWYRQAPGKQRELVAVLSGISSAKYAASAPGRFTISRASAPNTVYLQMSSLRAEDTAVYYCYADVSTGWGRDAHGYWGQGTLVTV
seq12005,EVQLVESGGGLVQPGGSLRLSCAASGPTFSIYAMGWFRQAPGKEREFVAGIRWSDVYTQYADSVKGRFTISADNSKNTAYLQMNSLKPEDTAVYYCALDIDYRDWGQGTLVTVSS
seq12006,QVQLVESGGGSVQAGGSLRLSCAASGRTFSTYRMGWFRQAPGKEREFVAGWNSINIYYADSVKGRFTISGDNAKSTVYLQMNSLKPEDTAVYYCAARGLGQTEYNYWGQGTQVTVSS
seq12007,EVQLVESGGGLVQAGGSLRLSCVASGRSFSNYPMGWFRQAPGKEREFVGAISGSGSNLYYPGSWKGRFTISRDNAKNTGYLQMNSLKPEDTAVYYCALDHKASGSYSSLSRPEEYDYWGQGTQVTVSS
seq12008,DVQLVESGGGSVQPGGSLRLSCTASGFSFSRYCTGWFRQASGKEREGVAAINGAGMPTYYADSVKGRFTISRDNSKDMLYLQINLLKTEDAAIYYCAARSTFCTGGTWRDRDEVNYWGQGTQVTVSS
seq12009,QLQLVESGGGLVQPGGSLRLSCAASGFTFSSNAMTWVRQAPGKGLEWVSAISSTGNSITEADSVKGRFTISRDNAKNMLYLQMNSLKPEDTAVYYCAKLGGDTWYMEYWGQGTQVTVSS
seq12010,EVQLVESGGGLVQPGGSLRLSCAASGSTFSIYAMGWFRQAPGKEREFVAAISRSGDSTYYADSVKGRFTISADNSKNTAYLQMNSLKPEDTAVYYCAAVTLDNYGYWGQGTLVTVSS
seq12011,EVQLVESGGSLVQVGDSLTLSCAASERTFKYYTVGWFRQAPGKEREFVASIGRDSVVFYVDSVKGRFTISRDNAKNTAYLQMNSLKSEDTAAYYCAIDVALPTGQYMDVPGIDYWGQGTQVTVAS
seq12012,EVQLVESGGGEVQPGGSLRLSCAASERPFGTYAMGWFRQAPGKERDLVAAVSRNAGASQYGESVKGRFSISRDNIKNTMYLQMSSLKPEDTAVYYCAARSAAYSRSSEVYTGKDEYYYWGQGTLVTVKP
seq12013,EVQLVESGGGSVQAGGSLRLSCTASRFTFDGPDMAWYRQAPGNACELVSIISADGRTYYTDSVKGRFTISRDNAKNTVFLYLNSLQPEDTAVYYCAPDPRRNCRGGYCCGNWGPGTQVTVSS
seq12014,EVQLVESGGGLVQAGASLRLSCAASGLAFSRYAMGWFRQAPGKERESVAAISSSGDNIYYADSVKGQFTMSRDNAKSSVYLQMINLKPEDTAVYYCAAATSPLFVASDYFDASRYDYWGQGTQVTVSS
seq12015,EVQLVESGGGLVQPGGSLTLSCAASGTSVSFLSMAWYRQAPGKKRELVAGISADGSTDYIRSVKGRFTISRDNAKNSVYLQMNSLRAEDTAVYYCYAYRWTTRLTYWGQGTLVTVSS
seq12016,EVQLVESGGGLVQPGGSLRLSCAASGFTFDGAAMGWFRQAPGKEREFVATIRWTNSTDYADSVKGRFTISADNSKNTAYLQMNSLKPEDTAVYYCARGRYGIVERWGQGTLVTVSS
seq12017,QVQLQESGGGSVQAGGSLRLSCRASARASSIGAMAWFRQAPGKDRELVAAVNAGADTTYYRDFVKGRFTISRDNAKNTVYLQMNSLKLDDTAVYYCAAYNTAGWGEPHQSYRYWGQGIQVTVSS
seq12018,QVQLQASGGGLVQGGESLRLSCAASGRTVAEYTIGWYRQAPGKEREFVAGPSWHARGTSYLDSVKGRFTISRDNTKDTVYLQMNTLKPEDTAVYYCNADVNTDYSEYVEYWGQGTQVG
seq12019,QVQLQESGGGLVQAGGSLRLSCAASGRIFDLRDMGWYRQVPGKQRELVAAITSGGTSNYADSVKGRFTISRDNAKNTVYLQMNSLKPEDTAVYYCNAKNFFSASGYFLYWGKGTQVTVSS
seq12020,DGGGLVQPGGSLRLSCAASGSTFNIKLMAWHRQAPGNQRELVATLTSGGNTNYADSVKGRFTISRDNASNIVYLQMNSLKPEDTAVYYCGLWDGVGGAYWGRGTQVTVSS
seq12021,QVQLQESGGGLVQAGGSLRLSCAASESIFSIEAMGWYRQAPGKQRELVAAIFGGGFTNYADSVKGRFTISRDNANRTVYLQMNSLKPEDTAVYYCNADLVSGSSRLYDYWGQGTQVTVSS
seq12022,EVQLVESGGGLVQAGGSLRLSCAASGRTFSNYAMGWFRQATGKEREFVAAINKSGGNTHYAGSVKGRFTISRDNAKNTVYLQMNSLKPRDTAVYYCAASRTNPKPDYWGQGTQVTVSS
seq12023,EVQLVESGGGLVQPGGSLTLSCVASGSTSSINAMAWYRRAPGKQRELAAGISSDNSKVYADSVKGRFTISRDNAKNSVYLQMNSLRAEDTAVYYCYYFRTVGGSSMRYWGQGTLVTVSS
seq12024,VQLQESGGGLVQAGGSLRLSCAASGRTFSSNAMGWFRQAPGKEREFVAAISWTGLTTNYADSVKGRFFISRDDAKNTVYLQMNSLKPEDTAVYYCAARQSGYASKFLDEYGYWGQGTQVTVSS
seq12025,EVQLVESGGGLVQAGGSLSLSCTASRGTFRNFAMGWFRQAQGKEREFVATISRSGGHIYYSDSVKGRFTISKDNAKNMVSLQMNSLKPEDTAVYYCAARFRFDDGTSYYQRAFYDFWGQGTQVTVSS
seq12026,EVQLQESGPGLVKPSQTLSLTCTVSGGSITSRYYAWSWIRQPPGKGLEWIGVIDYDGDTYYSPSLKSRTSISWDTSKNQFSLQLSSVTPEDTAVYYCARDPDVVTGFHYDYWGQGTTVTVSS
seq12027,QVQLQESGGGLVQAGGSLRLSCAASGSVFRANVMGWYRQAPGKQHELVARIDPGGTTTYADPVKGRFTISRDNAKKTVYLQMNSLKPDDTAVYYCNAIILLSGGPKDYWGQGTQVTVSS
seq12028,EVQLVESGGGLVQPGGSLRLSCAASGDIFSINAMGWYRQAPGKQRDLVAAIASGDTHYADSVKGRFTISRDNAKNTVYLQMNSLKPEDTAVYFCAARKLYKTSRAFDYWGQGTQVTVSS
seq12029,QVQLVESGGGLVQAGGSLRLSCAASGSMFSDNVMGWYRQAPGKQRELVATIRTGGSTNYADSVKGRFTISRDNAKNTVYLQMNSLKPEDTAVYYCRHTIPVPSTPYDYWGQGTQVTVSS
seq12030,EVQLVESGGGLVQAGASLRLSCGASGRTLSMYTMGWFRQAPGKERDFVAAITPINWGGRGTHIADSVKGRFTIFRDNTKNTINLQMNNLNPEDTAVYYCAAESHGSTSPRNPLQYDYWGQGTQVTVSS
seq12031,VQLVESGGGLVQAGGSLRLSCAASGLMFGAMTMGWYRQAPGKEREMVAYITAGGTESYSESVKGRFTISRINANNMVYLQMTNLKVEDTAVYYCNAHNFWRTSRNWGQGTQVTVSS
seq12032,DVQLVESGGGLVQPGGSLRLSCAASGSIFSINAMGWYRQAPGKQRELVAAISSGGSTYYADSVKGRFTISRDNSKNTVYLQMNSLRPEDTAVYYCNAAVDASRGLPYELYYYWGQGTLVTVSS
seq12033,EVQLVESGGGLVQPGGSLRLTCVGSDRTFSNYSMGWFRQAPGKERQFVSTISRHGTSTAYADSVRGRFTISRDNAENIVYLQMNSLEPEDTAVYYCAARPHTQHYVRVESYGVWGQGTQVTVSS
seq12034,QVQLQESGGGSVQAGESLRLSCTASELTFSDYIMNWFRQAQGKECERVSMIIQNGGDTHYADSVKGRFTISRDNTKSTLHLQMNNLRPDDTAVYYCAAGALLPTFNHCPPPGAYFGQGTQVTVSS
seq12035,EVQLVESGGGLVQAGDSLSLSCTASRGTFRNFGMGWSRQAQGKEREFVAAISRSGGHKYYSDSVKGRFTISKDNAKNMVSLQMNSLKPEDTAVYYCAARFRFDDGTSYYQRAFYDFWGQGTLVTVSS
seq12036,EVQLVKSGGGLVQAGGSLRLSCAASGRTFSSYAMGWFRQAPGKEREFVAAISSSGSSTVYADSVKGRFAISRDNAKNTVYLQMNNLKPEDTAVYYCAAGNGGRNYGHSRARYDYWGQGTQVTVSS
seq12037,QVQLQESGGGLVQAGGSLRLSCTASGTIFSANGMYWYRQALGQRRELVASLYRDGSTNYADSVKGRFTISRDNAKNTVYLQMNSLKPEDTAVYYCNVNWALHDSWGQGTQVTVSS
seq12038,EVQLVESGGGSVQAGGSLRLSCAASGDTYGSYWMGWFRQAPGKEREGVAAINRGGGYTVYADSVKGRFTISRDTAKNTVYLQMNSLRPDDTADYYCAASGVLGGLHEDWFNYWGQGTLVTVSS
seq12039,VQLQQFGGGLVQPGGSLRLSCQASTSVFGNTAMAWYRQAPGKQRELVARITTLGFTYYADSAKGRFTISRDSAMNTVYLQMNSLKPEDTAVYYCNRRGFRSYWGQGTLVTVSS
seq12040,EVQLVESGGGLVQAGGSLRLSCESSISTFSSDAMGWFRQAPGKEREFLAAIGWSGAVTHYSDSVQGRFTISRDNAKNTVYLQMNSLRSEDTGRYYCAEDYDTDVWQYWGQGTQVTVSS
seq12041,EVQLVESGGGLVLSGRSDNHQAGGSLRLSCAASGSIASIHAMGWFRQAPGKEREFVAVITWSGGITYYADSVKGRFTISRDNAKNTVYLQMNSLKPEDTAIYYCAGDKHQSSWYDYWGQGTQVTVSS
seq12042,VKLEESGGGLVQAGGSLRLSCAASGRTFTMGWFRQAPGKEREFVAAISLSPTLAYYAESVKGRFTISRDNAKNTVVLQMNSLKPEDTALYYCAKKNGGPVDYWGKGTQVTVSS
seq12043,QVQLQESGGGLVQAGGSLRLSCAASGSIDIRNAMGWYRQAPGTRREWVATITTDGRTNYADSVKARFTISRDNAKNTVYLQMNSLKPEDTAVYYCNLAPPIFGSWGQGTQVTVSS
seq12044,LQESGGGLVQAGSSLTLACAASGGRFSDYGMGWFRQRPGKERQFVAVISWTGESTLYHYSVKDRFTISRDNARNTMTLVMNSLKPEDTAVYYCAAREGGSYRQSPAEYDYWGQGTQVT
seq12045,EVQLVESGGGVVQAEDSLRLSCAAPGLPFSSSRMGWFRQAPGKEREFVAAIGWSGRSTYRYYGDSVKGRFTVSGDNAKNTLDLQMKGLKPEDTAVYYCAADPDYYGDYRTSGAWRYWGQGTQVTVSS
seq12046,EMQLVESGGGLVQPGGSLRLSCAASGNIFSRYIMGWYRQAPGKQRELVADITPGGNTNYADSVKGRFTISRDGAKNTVGLQMNSLRPEDTAVYSCYARGSDKLLMRTYWGQGTQVTVSS
seq12047,QVQLQESGGGLVQPGGSLRLSCAASGSIFRVNAMGWYRQVPGNQREFVAIITSSDTNDTTNYADAVKGRFTISTDNVKKTVYLQMNVLKPEDTAVYYCNAVLQTSRWSIPSNYWGQGTQVTVSS
seq12048,EVQLVESGGGLVQPGGSLTLSCVASGSTSSINAMGWYRRAPGKQRELVAGISSDGSKNYADSVKGRFTISRDNAKNSVYLQMNSLRAEDTAVYYCYYFRTVAASSMQYWGQGTLVTVSS
seq12049,EVQLVESGGGLVQPGGSLRLSCAASGTTFKINIMAWYRQAPGKGRELVAGVITGGNTTYADSVKGRFTISRDNAKNTLYLQMNSLRPEDTAVYYCAFVTTNSDYDLGRDYWGQGTLVTVSS
seq12050,EVQLVESGGGLAQLGGSLRLSCVASGNIFSSNTAGWFRQAPGKQREWVAGISIGGMPAYADSVKGRFTISRDNAKNTVYLQMNSLKPEDTAVYYCATGGTEYDYWGQGTQVTVSS
seq12051,EVQLVESGGGLVQPGGSLRLSCAASGRTFGDDTMGWFRQAPGKEREFVAAVSWSGSGVYYADSVKGRFTITADNSKNTAYLQMNSLKPENTAVYYCATDPPLFWGQGTLVTVSS
seq12052,EVQLVESGGGLVQAGGSLRLSCAASGRTLRSYIVGWFRQAPGKEREFVAAVTWSDGRRVTADPVKGRFTISRDNAKNTVYLQMDSLKPEDAAVYYCAVSHGGAYVESRAYEYWGQGTQVTVSS
seq12053,EVQLQASGGGLVQPGGSLRLSCTASGFTLDDYYAIGWFRQAPGKEREGVSCITNFDGGTYYADSVKSRFTMSRDNAKNTVYLQMNSLKPEDTAVYYCAADKFGLCSWLRAGWGKVTFGSWGQGTQVTVSS
seq12054,EVQLVESGGGLVQPGRSLRLPCAASGSVHKINFLGWYRQAPGKEREMVATITIGDATDYADSAKGRFTISRDEAKNMVYLQMNSLKPEDTAVYFCRAGSRLYPYNYWGQGTQVTVSS
seq12055,EVQLVESGGGLVQAGESLRLSCAASGSIVSGGAMGWYRQAPGKQRELVAAVDRRASPVYGDSVKGRFTCSGDSARNTVYLQMNSLKPEDTAVYYCTALLGGRLYWGQGTQVTVSS
seq12056,EVQLVESGGGLVQPGGSLRLSCAASGFTLSSNWMYWLRQAPGKGLEWISTITPRDLTAYADSVKGRFTISRDNAENTLYLQMNSLKSEDTAVYYCAKDKAGERRGQGTQVTVSS
seq12057,QVQLQQSGGGLVQAGGSLRLSCAASGRTFRNYGMGWFRQAPGKEREFVAAISWNGGSTYYADSVKGRFTISRANAKNTVFLQMNSLKPEDTAVYYCAAEPRGRDYGDFNYWGQGTQVTVSS
seq12058,EVQLVESGGGLVQPGGSLTLSCVASGSTSSINAIGWYRRAPGKQRELVAGISSDGSKVYAVSVKGRFTISRDNAKNSVYLQMNSLRAEDTAVYYCYYFRKVSGSSARYWGQGTLVTVSS
seq12059,EVQLVESGGGLVQPGGSLRLSCAASRNINIINYMAWYRQAPGNQRELVAAMTSDATTEYADSVKGRFTISRDIPENTVYLQMNSLKPEDTAVYYCNAKGIWDYLGRRDFGDYWGQGTQVTVSS
seq12060,QVQLQESGGGLVQAGGSLRLSCTASGRAFSVYPMAWFRQAPGKEREFIARLTYTSNTFYADSVKGRFTISRDNAKNTVYLQMNSLKPEDTAVYYCAVENRSSSWSLQSPARYDDWGQGTQVTVSS
seq12061,EEQLQASGGGLVQAGGSLRLSCTASERALSGLSVGWFRQAPGKERELVAALHRDGDMMYYADFEMGRFTISRDNAKNTVNLLMNSLKPEDTAVYYCAASTQKYYEDLRLLRDYDYWGQGTQVTVSS
seq12062,QVQLQESGGGLVQPGGSLRLSCAASGFTFSSYSLTWVRQAPGKGLEWVSTIKARGGTTLYADSVKDRFTISRDNAKNTLYLLMNSLKPEDTAVYYCAKPLYSNLAGDLGSWGQGTTVTVSS
seq12063,VQLQESGGGLVQAGGSLRLSCAASGSDRSINVMNWYRQAPGKQRELVAAITSGGTTNYAQSVKGRVTISRDSAKNTVYLQMNSLKPEDTAVYFCKADTRWGGMYWGPGTQVTVSS
seq12064,QVQLVESGGGLVHPGDSLRLSCAASGSVFNSATMGWYRQSPGSQRELVATIVVGTPTYADSVKGRFTISRDNAKNIVYLQMNSLKPEDTAVYYCNYRATYTSGYSRDYWGQGTQVTV
seq12065,EVQLQASGGGFVQPGGSLRLSCAASGTTSFRDTMGWFRQAPGKEREFVSAISWNEGHAHYYADSVKGRFTISRDNSKNTVYLQMNSLRAEDTATYYCASEDMWFNHFYWGQGT
seq12066,QVQLVQSGGGLVQAGGSLRLSCAASGRSFSTYAMGWFRQAPGKELEFVAAVGWRGTNTYYQDSVKGRFTISRDNAKNTVYLQMSSLKPEDTAVYYCAMGEPIRVGEKSGYDYWGQGTQVTVKP
seq12067,QVQLAESGGGLVQAGGSLRLSCSASGRTISNYAMGWFRQAPGKEREFVASINWNGGGITYTSSVKGRFTISRDNAKSTVYLQMNSLKPEDAAVYYCAAQRAGTWTYWGQGTQVTVSS
seq12068,EVQLVESGGGLVQPGGSLRLSCAASGFTFSSHYMSWFRQAPGKEREFVAAITSSSRTYYTESVKGRFTISRDNAKNTVYLQMNSLKSEDTAVYYCAADRTFYGSTWSKYDYRGQGTQVTVSS
seq12069,QVQLVESGGGLVQDGGSLRLSCTTSGSIDSFNAIEWYRQAPGKQRELVASISSDGRRTNYADSVKGRFTISGDNAKNTVYLQMNSLKPEDTAVYYCHRPFTHYWGQGTQVTVSS
seq12070,VQLQESGGGVVQSGGSLRLSCVASGNIFRINVMGWYRQAPGKQRELVAVVKSGGSTNYVDSAKGRFTISRDNAKNTAYLHMDSLKPEDTAVYYCNAQTRLWSYWGQGTLVTVSS
seq12071,EVQLVESGGGLVQAGGSLNLSCALSGRTFCRYSMGWFRQAPGKEREFVGSIDWIPANIYYADSVKGRFTISGDNPKNTLYLQMNSLKPEDTAVYHCASNDPADARNGERGTLWGQGTQVTVSS
seq12072,QVQLVESGGGWQPGGSLRLSCAASISIFDIYAMDWYRQAPGKQRELVAVSFRDGSTYYADSVKGRFTISRDNSKNTLYLQMNSLRAEDTAVYYCHVSLYRDPLGVAGGIGVYWGQGTLVTVSS
seq12073,EVQLVESRGGLVQPGGSLRLSCATSGIIFSNNAMGWYRQAPGKKRDLVASISNSGSTNYADSVKGRFTVSRDNDKNTGYLQMNSLKPEDTGVYYCTVDARRGWNTAYWGQGTQVTVSS
seq12074,EVQLVESGGGLVQPGGSLRLSCAASGFTFDDYGMSWVRQAPGKALEWVSAISWNGNNTYYTESMKGRFTISRDNAKNTLYLQMNSLRPEDTAVCYCVKGSTAIVGVPPTYPDEYDYWGQGTLVTVSS
seq12075,EVQLVESGGGLVQAGGSLRLSCAVSGRTFSGDVMGWFRQAPGKEREFVAGFSRSTSTTHYADSVKGRFTISGDNAKNTVYLQMNSLKPEDTAVYYCAANSRSSWVIFTIKGQYDRWGQGTQVTVSS
seq12076,QVQLVESGGGLVQPGGSLRLSCAASGFTFGSYDMSWVRQAPGKGPEWVSAINSGGGSTYYADSVKGRFTISRDNAKNTLYLQMNSLKPDDTAVYYCATGRPLWDYSDYADFGSWGQGTQVTVSS
seq12077,QVQLQESGGGSVQTGGSLRLSCACSTSIYSTNYMAWFSQAPGKGREGVAAVYIGDGRPYYADSVKGRFTISLDSAKNTVYLQMNSLKPEDTAMYYCAAAPGPLSRNYWYTSANYDYWGQGTQVTVSS
seq12078,QVQLQESGGGLVQTGGSLRLSCAASESTFDTKAMGWFRQAPGKEREFVAAISWSGGSTIYAESVKGRGTISRDDAKNTVFLRMNSLKPEDTAVYYCAASSRYYHPTDSKSTYDYWGLGTQVTVSS
seq12079,EVQLVESGGGFVQPGGSLRLSCAASASIFSGYTMGWYRQAPGKERELVTSISHRGGTNYADSVKGRFTISRENAKSTVYLQMNSLKPEDTGVYFCNRLINEASWGQGTQVTVSS
seq12080,VQLQESGGGLVQPGGSLRLSCAASGFTFDDVDMGWYRQAPGNECELVSTISSDGSTYYADSVKGRFTISQDNAKNTVYLQMNSLKPEDTAMYYCAAARYSDYEGMCGYWSQGTQVTVSS
seq12081,EVQLVESGGGLVQAGGSLRLSCAASGPTFSIYDMGWFRQAPGKEREFVAVINWSRGSTFYADSVKGRFTISADNAKNTVYLQMNSLKPEDTAVYYCAAGVWSSLRHTAANWGQGTQVTVSS
seq12082,QVQLQESGGGLVQPGGSLRLSCAASGSIVSINSMGWYRQAPGKQRELVAAITDQGRTTYADSVKGRFTISRDDAKNKNTVYLQMNSLKAEDTAVYACKAFGRFDDYWGQGTQVTVSS
seq12083,EVQLVESGGGSVQAGGSLRLSCAASGIPIQDSVVLWFRQAPGKEREGVLAAKYRSPTYYADSVKGRFTISQDNAKNTVYLQMNSLKPEDTAIYYCAAIRAVIGRHIRPHIYWGQGTQVTVGG
seq12084,EVQLVESGGGLVQAGGSLRLSCVVSGSILSINTMDWYRQAPGNEREWVGGITDGGRSNYADSVKDRFTIYRANAKNTVYLQMNSLKPEDTAVYYCAADLRGGIATTGRYWGQGTQVTVSS
seq12085,EVQLVESGGGLVQAGGSLRLSCIASGLPFSTKSMGWFRQAPGKEREFVARISPGGTSRYYGDFVKGRFAISRDNAKNTAWLQMNSLKAEDTAVYYCASGERSSYIGSNYYRTNEYDYWGTGTQVTVSS
seq12086,EVQLVESGGGVVQPGGSLRLSCAASGGTFSFYGMGWFRQAPGKEREFVADIRTSAGRTYYADSVKGRFTISRDPSKNTVYLQMNSLRPEDTALYYCAAEPSGISGWDYWGQGTLVTVSS
seq12087,QVQLVESGGGLVQAGGSLTLSCAISGLTFSSYHMGWYRQAPGREREFVAQITWSDTSIYYAGSVKGRFTISRDNVKNIVYLQIDNLKPEDTAIYYCDARKVGGPDYWGQGTQVTVSS
seq12088,ELQLVESGGGLVQPGGSLRLSCAASGFTFDDYAMSWVRQAPGKGLEWVSGTTRNGGRTYYAESMKGRFTISRDNDKNTLYLQMNSPKSEDTGVYYCAKSDYALGSTFSSWGQGTQVTVSS
seq12089,EVQLVESGGGLVQPGGSLRLSCAASGRTLSIYSMGWFRQAPGKEREFVATIGWNSGRTFYPDSVKGRFTISRDNAKNTLYLQMNSLRAEDTAVYYCAAAKGPLRLSSQADYWGQGTLVTVSS
seq12090,DVQLVESGGGLVQPGGSLRLSCAASGRTFSRYVMGWFRQAPGKEREFVAAINWSSGSTYYADSVKGRFTISRDNSKNTVYLQMNSLRPEDTAVYYCAADRRVYYDTYPNLRGYDYWGQGTLVTVSS
seq12091,EVQLVESGGGLVQTGGSLRLSCAASGRAFNNYTMGWFRQAPGKDREFVAAISRSGNLKAYADSVNGRFTISRDNAKEMAYLQMNSLKPEDTSVYYCTAAPVPWGTRPSLFTYDSWGQGTQVTVSS
seq12092,QVQLQESGGGLVQPGGSLRLSCTASGFTLDYYNIGWFRQAPGKERERVSCISSSGGSTNYADSVKGRFTISRDNAKNTVFLQMNSLKPEDTAVYYCAHCMATTEGYEYDYWGQGTQVTVSS
seq12093,VQLVESGGGLVQPGGSLRLSCTDSGRTFSVKPMGWFRQAPGMEREFVAAASFTGVSTFYADSVKDRFTIFRDKDKNTMDLQINSLKPEDTGAYYCAGTTRTLWGSKWRDVLEYEYWGQGTQVTVSS
seq12094,EVQLQASGGGLVLAGDSLRLSCAAASGRTISTFAMGWFRQAPGKEREFVATINWSGSSARYADPVKGRFTISRDDAKNTVYLEMSSLKPEDSAVYYCASGRYLGGITSYSQGDFAPWGQGTQVTVSS
seq12095,DVQLVESGGGVVQPGGSLRLSCAASGFAFDDYAIGWFRQAPGEEREGVSSISSTYGLTYYADSVKGRFTISSDNSKNTVYLQMNSLRPEDTAVYYCAATPIGLIGLDAYEYDYWGQGTLVQVSS
seq12096,QVQLVESGGGLVQPGGSLRLSCAASGFTFSSSHMTWVRQAPGKGLEWVSLINSSGRTAYVDSVAGRFTISRDNAKNTLYLQMTNLKPEDTAVYYCSKGGWDGLPSSSIRGQGTQVTVSS
seq12097,DVQLVESGGGLVQAGGSTRLTCKASGSISNINSINVMAWYRQAPGKGRELVAIIGKGGGTNYADFVKGRFTISRDAAKNTLYLQMNSLRPEDTAVYYCYADYEDHDSPFNASWGQGTQVTVSS
seq12098,EVQLVESGGGLVQPGGSLRLSCAASGFTLDYYNIGWFRQAPGKEREWVSCINSSDGSTYYADSVKGRFTVSRDNAKNTVYLQMNSLKPEDTAVYYCAAPFEYYSDLCGVNGYDYWGQGTQVTVSS
seq12099,EVQLVESGGGLVQPGGSLRLSCAASGFDFGVHWMYWVRQAPGKGLEWVSEINTNGLITKYIDSVGGRFTVSRDNAANRLYLEMTNLEPEDTALYYCARNQMGLNKGQGTQVTVSS
seq12100,AVQLVESGGGLVQAGDSLRLTCTASGRAFSTYFMAWFRQAPGKEREFVAGIAWSGGSTAYADSVKGRFTISRDNAKNTVYLQMNSLKSEDTAVYYCASRGIEVEEFGAWGQGTQVTVSS
seq12101,EVQLVESGGGLVQAGGSLRLSCAASGRTISNYAMGWFRQAPGKEREFVAAISWSGGSTIYADSVKGRFTISRDNAKNTVSLQMNSLKPEDTAVYYCAAGNGGSYYGHSRARYDYWGQGTQVTVSS
seq12102,RLSCAASGSIFSINAMGWYRQAPGKQRELVAAITSGGSTNYADSVKGRFTISRDNAKNTVYLQMNSLKPEDTAVYYCNADCWGSRWYFDLWGRGTLVTVSS
seq12103,EVQLVESGGGLVQPGGSLRLSCAASGRTISRYTMGWFRQAPGKERELVAAIKWSGASTVYADSVKGRFTISADNSKNTAYLQMNSLKPEDTAVYYCAAKGIWDYLGRRDFGDWGQGTLVTVSS
seq12104,VQLVESGGGLVQAGGSLRLSCAASGRTFSSYAMGWFRQAPGKEREFVAAITWNGGTTYYADSVKGRFTISRDNAKNTVYLQMNSLKPEDTAVYYCAADPFNQGYWGQGTQVTVSS
seq12105,IRLLVESGGGLVQAGGSLRLSCAASGVFTFDDYAIAWFRQAPGKEREGVSCISTSDGSTYYGGSVKGRFTISVDVAKNTVYLQMNSLKPDDTAVYYCAADPRIWLHSVVQGTERCLTNDYDYWGQGTQVTVSS
seq12106,DVQLVESGGGLVQAGGSLRLSCESSISTFSSDAMGWFRQAPGKGREFLAAIGWSGAVTHYSDSVQGRFTISRDNAKNTVYLQMNSLKAEDTGRYYCAEDYDTDVWQYWGQGTQVTVSS
seq12107,QVQLQESGGALVQPGGSLRLSCAASGFTLDDYAIAWFRQAPGKEREGVSCTSSSDGYTYYVDSVKGRFTISRDHAKNMVYLQMNSLKAEDTAVYYCATEHAPAGYPCESVAEYDYWGQGTQVTVSS
seq12108,EVQLMESGGGLVQAGGSLRLACAASGFTFEDYAIGWFRKAPGKEREGVSCISGSDGSTTYADSVKGRFTISTDNAKNTVYLEMNSLKPEDTAVYYCAQQYGVGGRVVCPGPYEYDVWGQGTQVTVSS
seq12109,VQLVETGGGLVQPGGSLGLSCVVASGRSINNYGMGWYRQAPGKQRELVAQISSGGTTNYAGSVEGRFTISRDNVKKMVYLQMNSLKPEDTAVYYCNSLLRTFSWGQGTQVTVSS
seq12110,EVQLVESGGGEVQPGGSLRLSCAASGSTFSMYHMSWFRQAPGKQREPVATSHHGGTTNYAGSVKGRFTISRDNAKNTVYLQMNSLRPEDTAVYYCKADHGYNPRGYWGQGTLVTVKP
seq12111,QVQLQETGGGLVHAGGSLRLSCAASGHTSDVYTMGWFRQVPGKEREFVATINRSGSDSYYADSVKGRFTISRDNAKNTVYLQMNSLKPEETAVYYCAASRSDCLGIGCRRVPHDYWGQGTQVTVSS
seq12112,EVQLVESGGGLVQPGGSLRLSCAASGRTYYLNAMGWFRQAPGKEREFVAAIDWSDGNKDYADSVKGRFTISRDNSKNTVYLQMNSLRPEDTAVYYCAADTPPWGPMIYIESYDSWGQGTLVTVSS
seq12113,EVQLVESGGGLVQPGGSLRLSCAASGSISSINGMGWFRQAPGKERELVALISRSGGTTYYADSVKGRFTISADNSKNTAYLQMNSLKPEDTAVYYCASAGPADARNGERWAWGQGTLVTVSS
seq12114,QVQLQDSGGGLVQAGGSLRLSCAASGRPFSNYAVGWFRQAPGKEREFVAAISRILGNTYYTDSVKGRFTISRDNAKSTVYLQMNSLNPEDTAVYYCAARLDFNPSYSKSDYDYWGQGTQVTVSS
seq12115,EVQLVESGGGLVQPGGSLRLSCAASRSIGRLDRMGWYRHRPGEPRELVATITGGSSINYGDSVKGRFTISIDNSKNTVYLQMNSLRPEDTATYYCNFNKYVTSRDTWGQGTLVTVSS
seq12116,EVQLVESGGGLVQPGGSLTLSCVASGSTRSINAMGWYRRAPGKQRELVAGISSDGSKVYNDSVKGRFTISRDNAKNSVYLQMNSLRAEDTAVYYCYYFRTVSGSSMRFWGQGTLVTVSS
seq12117,EVQLVESGGGSVQAGGSLRLSCAASGVSNTDMIMIWFRQAPGKEREGVLAAIYKNSTYYADSVKGRFTISQDNAKNTVYLQMNSLKPEDTAVYYCAAISAVIGRHIRPHIYWGQGTQVTVGG
seq12118,EVQLVESGGGLVQPGRSLTLSCAASTNIDSISPMGWYRQAPGKQRELVAAIHGFQTLYADSVKGRFTISRDNAKNSIYLQMNSLRPEDTALYYCNKVPWGDYHPGNVYWGQGTQVTVSS
seq12119,DVQLQESGGGSVQAGGSLRLSCAASEYTYGYCSMGWYRQAPGKERELVSTITSDGSTSYVDSVKGRFTISQDNAKNTVYLQMNSLKPEDTAKYYCYTKTCANKLGAKFISWGQGTQVTVSS
seq12120,EVQLVESGGGLVQPGGSLRLSCAASGFTLGYFAIGWFRQAPGKEREGVSCISSSDGSAYYADSVKGRFTVSRDNAKNTVYLQMNSLKPEDTAVYYCATDRSVYYCSGGAPEEYYWGQGTQVTVSS
seq12121,QVQLQDSGGGLVQPGGSLRLSCRASGRIFRINAMGWYRQAPGKQRELVATITSTGSTNFADSVKGRFTIYRDGAKRTVDLRLNSLKPEDTAVYFCNADVREYDLGPWRQYWGQGTQVTVSS
seq12122,QVQLVESGGGLVQAGGSLRLSCAASGSFFMSNVMAWYRQAPGKARELIAAIRGGDMSTVYDDSVKGRFTITRDDDKNILYLQMNDLKPEDTAMYYCKASGSSWGQGTQVTVSS
seq12123,EVQLVESGGGLVQPGGSLRLSCAASGFTFDDYAIGWFRQAPGKEREGVSCISSSGSTYYADSVKGRFTISRDNAKNTVYLQMNSLKPEDTAVYYCAIAGASSWCFPPGYWGQGTQVTVSS
seq12124,QVQLQESGGGSVQAGGSLRLSCAVSGNTLSRYAMGWFRQAPGNEREFVAAIRWNNGNTYYADSVEGRFTISRYSAKNLVYLQMNSLQAEDTAIYYCAARFLPYASSNAYHEALYNYDYWGQGTQVTVSS
seq12125,SGGGLVQAGGSLRLSCAASGRTFSSYVMGWFRQAPGKEREFVAAISRNGGKTYYADSVKGRFTISRDGTENTVYLQMNSLKPEDTAVYYCAAAVAASAEFVTARSNFYEYWGQGTQVTVSS
seq12126,EVQLVESGGGLVQAGGSLRLSCAASGSRFRFEIMGWYRQAPGRMRDLVALITSSGSTNYADSVKGRFTISRDNAKNTLYLQMNSLKPEDTGVYYCNAHTYTDNLWGQGTQVTVSS
seq12127,QVQLQESGGGLVQAGGSLRLSCAVSGNTLSRYAMGWFRQTPGKEREFVAAIRWNNAATYYADAVEGRFTISRDSGKNTVYLQMNNLQPEDTAVYYCAGRFLGYASSNAYHEALYNYDYWGQGTQVTVSS
seq12128,EVQLVESGGGLVQAGGSLRLSCAASTSISSTNFMGWYRQAPGKQRELVATITSSSITNYVDSVKGRFTISRDNAKNTVYLQMTSLKPEDTAVYYCHARWRWSDVEYWGKGTLVTVSS
seq12129,QVHLVESGGGSVQAGGSLRLSCATSRYIYGNNCMAWFRQAPGKEREGVASIYPAGGRTYYADSVKGRFTISQDNAKNTVYLQIDSLKPEDTAMYYCAARSFSIGVCATQSGITWSNFAYWGQGTQVTVSS
seq12130,EVQLQESGGGLVQSGGSLRLSCIASGSTVSDNTMGWYRQAPGKQRELVAVISSVGVTNVAQSVKGRFTISRDNAKNTVTVYLQMSSLKPEDTAVYYCNALGTGRGNWGQGTQVTVSS
seq12131,QVQLQESGGGLVQAGDSLRLSCAVSGGTFGRVGVGWFRRAPGKEREFVAAVNWSGISTFYADSVKGRFTISRDNNKHTVDLRMNSLKPEDSAVYFCATDFRFNVPMNGTEYDYWGQGTQVTVSS
seq12132,QVQLQESGGGLVQAGGSLRLSCAASGNISPFRAMGWYRQAPGKEREFVAAINTGAITNYADSVKGRFTISRDNAKNTVYLQMNSLKPEDTAVYYCAASCRAYASRIDLFSYHTYWGQGTQVTVSS
seq12133,QVQLQESGGGLVQPGGSLRLSCAASVRIFGLNAMGWYRQGPGKQRELVASITTGGSTNYAEPVKGRFTISRDNANNTVYLQMNNLKPEDTAVYYCNAERRWGLPNYWGQGTQVTVSS
seq12134,QVQLQESGGGLVQAGGSLRLSCAASGRASSGYGMGWFRQVPGKEREFVAAIRWSGKETWYKDSVKGRFTISRDNAKSTVYLQMNSLKPEDTAVYYCAVRLVRVDDISSPVGFDYWGQGTQVTVSS
seq12135,EVQLVESGGGLVQAGGSLRVSCLASGNIVSRNVMAWYRQAPGKQRELVASVDTGGSTLYADSVKGRFTISRDSAKSMVYLQMNSLKPEDTAVYYCNVPRYGYWGQGTQVTVSS
seq12136,EVQLVESGGGLVQAGDSLRLSCAASGRTFPTYAMGWFRQAPGKEREFVATIRWSGSTQYKYYADFVKGRFTISRDNAKNTVYLQMDSLKPEDTAVYYCAATTLLTDPRALNAYAYWGQGTQVTVSS
seq12137,EVQLLESGGGLVQPGGSLRLSCAASGRTLSSYAMGWFRQAPGKGREFVARISQGGTAIYYADSVKGRFTISRDNSKNTVYLQMNSLRPEDTAVYYCAKDPSPYYRGSAYLLSGSYDSWGQGTLVTVSS
seq12138,EVQLVESGGGLVQAGGSLRLSCVASGRSFSTYIMGWFRQAPGKEREFVATISRSGITTRSADSVKGRFTISRDNAKNTVYLQMNSLKPEDTAVYYCAAGPYVEQTLGLYQTLGPWDYWGQGTQVTVSS
seq12139,QVQLQESGGGLVQAGGSLRLSCAVSGNTLSRYAMGWFRQTPGKEREFVAAIRWNNGATYYAESVKGRFTISRDNGKNTVYLQMNNLKPEDTAVYYCAGRFLGYASSNAYHEALYNYDYWGQGTQVTVSS
seq12140,EVQLVESGGGLVQTGGSLRLSCAASGRTFSNYTMGWFRQAPGKDREFVAAISRSGSLKSYADSVKGRFTISRDNAKKMAYLQMLFLKLEDSAVYYCAAAPVPWGTRPSTFPYDSWGQGTQVTVSS
seq12141,QVQLVQSGGGLVQAGGSLRLSCAASGRTFSSYAMAWFRQAPGKEREFVAAISWSGANIYVADSVKGRFTISRDNAKDTVYLQMNSLKPEDTAVYYCAVKLGFAPVEERQYDYWGQGTQVTVSS
seq12142,DVQLQASGGGLVQAGGSLRLSCAASGRTFSSDAMGWFRQAPGKEREFVAAISWSGGSTYYADSVKGRFTISRDNAKNTVYLQMNSLKPEDTAVYYCAHDRRRYYSGSYPPSEYDYWGQGTQVTVSS
seq12143,LQESGGGLVQAGGSLRLSCVASGLAFENYFVSWFRQPPGDEREFVAAITYSSSSTNYADSVKGRFTISRDNAVNTAYLQMDNLAPGDTAVYFCAACSDYYCSGVGAVYWGQGTQVT
seq12144,LQESGGGLVQPGGSLRLSCVASGTIFAVHTMGFYRQSPGKQRELVAIHNTYRANTDYGEPVRGRFTLAKDNARNTVTLQMDSLKPEDTAVYYCALENYRRWPSTTPESYWGQGTQVT
seq12145,EVQLVDSGGRLVQPGDLLRLSCTTSGFASSGYVLGWFRQAPGKEREFVAAIIRSGGNTAYSDSVKGRFTISRDNAKNTVYLQMKSLKPEDTGIYYCARSSVLGRSPALYDLWGQGTQVTVSS
seq12146,EVQLVESGGGLVQAGGSLRLSCAASGFTFDDYAIGWFRQAPGKEREGVACIRNSDGSTHYVDSVKGRFTISSDSADNTVYLQMNSLKPEDTAVYYCAARVRLGCTSVLAAYDYWGQGTQVTVSS
seq12147,EVQLVESGGGLVQAGGSLSLSCTASGGTFRNYGMGWFRQAQGKEREFVAAISRSAGHIYYLNSVKGRFTISKDNAKNILSLQMNSLKPEDTAVYYCAARFRFDDGTYYYQRAFYDFWGQGTQVTVSS
seq12148,QVQLQESGGGLVQAGGSLRLSCAASGSIFSRDTMAWYRQVPGEQRELVAFITNFGGTNHADSVKGRFTISRDNAKNTVYLQMNSLKPEDTAVYYCAAGLVSLRTHTWEYWGQGTQVTVSS
seq12149,QVQLQESGGGLAQAGASLRLSCAGSGNNFEHYAVAWFRQEAPGKERDFVAAIRDYGDRTRYADSVKGRFTISRDNAKSMVYLEMNNLKPEDTAVYYCTAGPLNDYLEVTPLVYTYWGQGTQVTVSS
seq12150,EVQLVESGGGLVQPGGSLRLSCAAASGFTLVYSNIGWFRQAPGKAREGVSCISSSGEVAYYAGSVKGRFTISRDNAKNTVYLQMNSLKPEDTAVYYCATLQGDVCTNTFMSGSYRGQGTQVTVSS
seq12151,EVQLVESGGGLVQPGGSLKLSCAASGAAFDDYAIGWFRQAPGKEREGVSYIGCYDGAQYYAGSVKGRFTISCDYAKNTVYLQMNSLKPEDTAVYYCAAAYQWSTIRWVHEYDYNHLGQGTQVTVSS
seq12152,QVQLQESGGGLVQAGGSLRLSCTASGLTLSNYAMGWFRQAPGKEREFVAADTWNGNTYHQDSVKGRFTISRDNAKNTVYLQMNYLKPEDTAVYYCAARGSRRSAYYSSSDYTYRGQGTQVTVSS
seq12153,DVQLVESGGGLVQAGGSLRLSCAASGLTFSSYAMGWFRQAPGKERERVVSISRGGGYTYYADSVKGRFTISRDNAENTVYLQMNSLKPEDTAVYYCAAARYWATGSEYEFDYWGQGTLVTVSS
seq12154,EVQLVESGGGLVQPGGSLRLSCAASGSIFRINAMAWYRQAPGKQRELVAEITAGGSTNYADSVKGRFTISRDNSWNTLYLQMNSLRAEDTAVYYCNLDHYTTWDRRSAYWGQGTLVTVSS
seq12155,EVQLVESGGGLVQPGGSLRLSCVASGRTFSTYVMGWFRQAPGKEREFVAAISWSGGSTYYADSVKGRFTISRDNSKNTVYLQMNSLRPEDTAVYYCAASRGTSTPSRASGVSRYDYWGQGTLVTVSS
seq12156,EVQLVESGGGLVQAGGSLRLSCAASGFTFDDYAIGWFRQAPGKEREGVSCISRSDGSTSYADSVKGRFTISSDNAKNTVYLVMNSLKPEDTAVYYCTAVPATRRTPQMVVANMCWLAEYEYDYWGQGTQVTVSS
seq12157,QVQLQESGGGSVQAGGSLRLSCAASGKMSSRRCMGWFRQAPGKQRVGVATIDSDGTTRYVDSVKGRFTISKDNAKNTLDLQMNSLKPEDTAMYYCAADSFEDPTCTLVTSSGAFQYRGQGTQVTVSS
seq12158,EVQLVESGGGLVQVGDSLRLSCAASGRTFSTYLMVGWFRQAPGKEREFAAVIWSSGDTAYADSVKGRFTISRDNAKNTVYLQMNSLKAEDTAVYYCAGSYDGNYYIPGFYKDWGQGTQVTVSS
seq12159,EVQLVESGGSLVQPGGSLRLSCAASGFTLDGYAIGWFRQAPGKEREAISCITTRGTIYYADSVKGRVTISRDNAKNTVYLQMTSLKPEDTAVYLCAADGFDTPCVAGTDWGYDYEGQGTQVTVSS
seq12160,EVQLVESGGGLVQPGGSLRLSCAASGTSISNRVMGWFRQAPGKERELVARIYTGGDTLYADSVKGRFTISADNSKNTAYLQMNSLKPEDTAVYYCAARKIYRSLSYYGDYDWGQGTLVTVSS
seq12161,QVQLVESGGGLVEAGDSLRLSCVVSGRTLESYVMAWFRQAPGKEREAVASINWSSGRLIYADFVKGRFTISRDYEKNTIYLSMNNLKPEDTAVYYCAAGRYWGQGTQVTVSS
seq12162,EVQLVESGGGLVPAGGSLRLSCAASGRTFSNYAMGWFRQAPGKERKFVATISWSGGVTYYADSVKGRFTISRDNAKNTVYLLMNSLKPEDTAVYYCAAKRDSSSYDHRRYDYWGQGTQVTVSS
seq12163,VQLVESGGGVVQAGGSLRLSCVASGSVFSIDAMGWYRQAPGNQRELVAAMTNAGSTNYADSVKGRFTISRDNAENTVYLQMNSLKPEDTAVYYCNARSKLIARINNPYEYWGQGTQVTVSS
seq12164,QVQFVESGGGTVQDGDFLRLSCTASGDTFSNYHAGWFRQPPGREREFVAAISWTGEGTLYADSVKGQFTISRDNAKNAMYLQMNRLKPEDTAVYYCAAARSVGFTWRSSKSNDYAYWGQGTQVTVG
seq12165,QVQLQESGGGLVQAGGFVRFSCAASGIIFSLCAMKWYHQAPGKQRELVASISSGGSTNYGDSVKGRFTISRDNAKATVYLQMNSLKPEDTGVYFCATENLVGITFWGQGTQVIVSP
seq12166,QVQLQESGGGLVQPGGSLRLSCAASGFTFSNSPMSWMRQAPGKGVEWVSSIDIGGNRRYAEAVAGRFTISRDNAKNTLYLQMNSLKPEDTAVYYCAKGLASTIRGQGTQVTVSS
seq12167,QVQLQESGGGLVQAGGSLRLSCAVSGNTLSRYAMGWFRQTPGNEREFVAAIRWNNAATYYADSVEGRFTISRDTGKNTVYLQMNNLKPEDTAVYYCAGRFLGYASSNAYHEALYNYDYWGQGTQVTVSS
seq12168,EVQLVQSGGGLVQPGGSLRLSCAASGFTFSSHWMNWVRQAPGKGLQWISTISGGGFTTYYADFVKGRFTISRDNAKNTLYLQMNSLKSEDTAVYYCAKGPWQDVDAWGQGTQVTVSS
seq12169,VQLVESGGGLVQAGGSRRLSCATSGLTFRNFHMAWFRQVAGKEREVVCAISWSRDRQYYPDPVKGRFTCTRDNAKNTVYLQMNSLKPEDTAVYYCAARTASASGDWYKGSYQYWGQGTQVTVSS
seq12170,EVQLVESGGGLVQAGGFLRLSCIYRGSIFNQYAMAWFRQAPGKEREFVAGMGAVPHYGEFVKGRFTISRDNAKSTVYLQMSSLKPEDTAIYFCARSKSTYISYNSNGYDYWGRGTQVTVSS
seq12171,EVQLVESGGGLVQPGGSLTLSCVASGSTSSINAMAWYRRAPGKQRELVAGISSDGSKVYADSVKGRFTISRDNAKNSVYLQMNSLRAEDTAVYYCYYFRTVSGSSSRYWGQGTLVTVSS
seq12172,EVQLVESGGGLVQPGGSLRLSCAASGRTFGDYIMGWFRQAPGKEREIVAAINWSGGYTPYADSVKGRFTISADNSKNTAYLQMNSLKPEDTAVYYCATAPPNTGWHFDHWGQGTLVTVSS
seq12173,EVQLVESGGGLVQPGGSLRLSCAVSISIFDIYAMDWYRQAPGKQRDLVATSFRDGSTNYADSVKGRFTISRDNAKNTLYLQMNSLKPEDTAVYLCHVSLYRDPLGVAGGLGVYWGKGALVTVSS
seq12174,EVQLVESGGGLVQPGGSLRLSCAASGSTRSVNPMAWFRQAPGRQREWVATISRSGYATYADSVKGRFTISGDNAKSSVYLQMNSLKPEDTAVYYCVTGTYWGQGTLVTVSS
seq12175,EVQLVESGGGLVQPGGSLRLSCAASGSFGDNYELYAMTWFRQAPGERRDFVASVTGDGSTSYADSVKDRFTISRDNAKKLMYLQMNSLKPEDTAVYYCRLLNYWGQGTLVTVSS
seq12176,EVQLVESGGGLVQPGGSLRLSCAASGTLFKINAMGWFRQAPGKEREFVAQINRHGVTYYADSVKGRFTISADNSKNTAYLQMNSLKPEDTAVYYCARGRTIFFGGGRYFDYWGQGTLVTVSS
seq12177,EVQLVESGGGLVQAGGSLRLSCAASGRTFSSYAMGWFRQAPGKEREFVAAISSSGSSTVYADSVKGRFAISRDNAKNTVYLQMNNLKPEDTAVYYCAAGNGGRNYGHSRARYDYWGQGTQVTVSS
seq12178,EVQLVESGGGLVQAGGSLRLSCAASGFPLDDYAIGWFRQAPGKEREGVSCISSSDGRAVYADSVKGRFTISIDNAKNTVYLQMNSLKPEDTAVYYCAADPYYSGSYYYTDPDRYDYWGQGTQVTVSS
seq12179,EVQLVESGGGLVQPGGSLRLSCAASGFTFSSSVMFWLRQAPGKGLEWLSTIKPTGSTIYPGSGKGRFTISRDNAKNTLYLQINNLKPEDTALYYCARDIGGTVRGQGTQVTVSS
seq12180,MAESGGGSVQTGGSLRLSCAYTASSLCMAWFRQAPGKEREGVAVTRDGLTQTGYADSVKGRFAISQDYAKKTLYLQMSSLKPEDTARYYCAARPTSPCTVDGELLASTYNYWGQGTQVTV
seq12181,RLSCAASGSIFSINAMGWYRQAPGKQRELVAAITSGGSTNYADSVKGRFTISRDNAKNTVYLQMNSLKPEDTAVYYCNAKGPITMIRGVHHWGQGTLVTVSS
seq12182,EVQLQASGGGFVQPGGSLRLSCAASGTTSNSSGMGWFRQAPGKEREFVSAISWDHGILTYYADSVKGRFTISRDNSKNTVYLQMNSLRAEDTATYYCAHGYVHFNMTHRHISDYWGQGTQVTVSS
seq12183,QVQLVESGGGLVQPGGSLRLSCAASGFTFSSNAMTWVRQAPGKGLEWVSAISSTGNSITEADSVKGRFTISRDNAKNMLYLQMNSLKPEDTAVYYCAKLGWYMEYWGQGTQVTVSS
seq12184,EVQLVESGGGLVQPGGSLRLSCAASGFTFSRAWMYWVRQAPGETLEWVSRIQPGGGSTSYADSVKGRFTISRDNAKNTLYLQMNSLKSEDTAVYYCAKDWEMAAPSLGQGTLVTVSS
seq12185,QVQLQQFGGGLVQPGGFLKFSCAAFSSSISFDAMGWYRPAPGKQRDLVATIFSDGTTDYSDSVKGRFTISREYAKNTVHLQMNSLKPEDTAVYFCHAVLRQLSSGVLYDYWGQGTQVTVSL
seq12186,DVQLVESGGGVVQPGGSLRLSCSASGLLFSRNSAGWYRQAPGKQREFVARIRYGGSINYADSVKGRFTISRDNSKNTVYLQMNSLRPEDTALYYCSGWREGFYEYWGQGTLVTVSS
seq12187,EVQLVESGGGLVQAGGSLRLSCAGSGFAFDDYAIGWFRQGPGKEREGVACISGKDGSTYYTDSVKARFTISSENAKNTAYLQMNNLKPEDTGRYFCVADPDGGCDSFTGATMMGYWARGTQVTVSS
seq12188,QVQLQQSGGGLVQAGGSLRLSCAASGRSFGDYTVGWFRQAPGKERDFVAGLSWLGGTIYYADSVKGRFTISRDNAKNTVYLQMTTLKPEDTAVYYCAASRSAISRKATDFGSWGQGTQVTVKP
seq12189,EVQLQASGGGLVQAGGSLRLSCSASASTTFSMNTMAWHRQAPGKQRSLVALIGATHSINYEDSVKGRFTISRDNAKNTVYLQMSSLKPEDTAVYYCNDWYWQMKGGSWGQGTQVTVSS
seq12190,EVQLVQSGGGLVQAGGSLRLSCVLSGRTLWRSNMGWFRQAPGKEREFVGSIDWITTNTYYADSVKGRFTISRDNPKNTFFLQMNSLKPEDTAVYRCASSGPADARNGERWALWGQGTQVTVSS
seq12191,EVQLVESGGGSVQPGGSLRLSCAASGYTYSLRAVSWFRQAPGKEREGVSKIWSNGACTYYADSVKGRFTISQDNAKNTVYLQMNNLKPEDTAMYYCAAAQQFLCQGLHNFDYWGQGTQVTVSS
seq12192,SLRLSCAASGRTLCSIPMGWFRQAPGKEREFVAAIRWSGGSTYYADSVKGRFSISKDNAKNTVYLQMNNLKPEDTATYYCASAAPYSSWSRGLEYDYWGQGTQVTVSS
seq12193,LQESGGGLVQPGGSLRLSCAASGNMFSINAMGWYRQAPGKQRELVASITYLGRTNYTDSVKGRFTISRENAKNTVYLQMSSLKPEDTAIYYCNAEATRGWGELRGRRHDYWGQGTQVT
seq12194,EVQLLESGGGVVQPGGSLRLSCVHSGPTFRTDTMGWFRQAPGKGREFVAAVTWNSGRINYADSVKGRFTISRDNSKNTAYLQMNSLRPEDTAVYYCAAHRFVVGGNRVEDWRYWGQGTLVTVKS
seq12195,QVQLVETGGGLVEAGGSLRISCAASGRYAMGWFRQAPGNERDFVAAISRSGDSANYADTAWGRFTISRDNAQNTMTLQMNSLKPEDTAVYYCAAKAGLYSLNSLFLRSQEYTYWGQGTQVTVSS
seq12196,QVQLQDSGGGLVQTGGTLRLSCTASGNTNGIHDMGWFRQAPGNQRELVATISSGGTIRYADYVKGRFAISRDNAETTVYLQMNSLKPEDTAVYYCYVDRAWVNYWGQGTQVTVSS
seq12197,QVQLQESGGGLVQAGGSLRLSCAVSGNTLSRYAMGWFRQTPGKEREFVAAIRWNNAATYYADAVEGRFTISRDNAKNTVYLQMNNLKPEDTAVYYCAGRFLGYASSNAYHEALYNYDYWGQGTQVTVSS
seq12198,QVQLQESGGGSVQAGGSLRLSCAASGITLDERATGWFRQAPGKERESVSCISSSGGITIYANSVKGRFTISRDNTKNTVYLQMNSLESEDTAVYYCAVAGRTGTIGCDYDMDYWGKGTLVTVSS
seq12199,QVQLQESGGGLVQAGESLTLSCALSTTMFGFWPMAWFRQTPGQRRELIATIDSRGRTNIADSVKGRFTISRDNTKNTLYLRMNSLKPEDTAVYYCNAQRRWPLRDYWGQGTQVTVSS
seq12200,EVQLVESGGGVVQPGGSLRLSCAASGLTFSSYAMGWFRQAPGKEREFVASISRGGGYTYYADSVKGRFTISRDNSENTVYLQMNSLRPEDTATYYCAAARYWATGSEYEFDYWGQGTLVTVSS
seq12201,QVQLVESGGGLVQAGGSLRLSCAASGRTFSSYAMGWFRQAPGKEREFVAAISWSGGSTYYADSVKGRFTISRDNAKNTVYLQMNSLKPEDTAVYYCAADRSYTVVAGPRYEYDYWGQGTQVTVSS
seq12202,EVQLVESGGGLVQPGGSLRLSCAASGRTYDAMGWFRQAPGKEREFVAAISGSGDDTYYADSVKGRFTISKDNSKNTMYLQMNSLRPEDTAVYYCATRRGLYYVWDSNDYENWGQGTLVTVSS
seq12203,QVQLQESGGGSVQAGGSLRLSCTASGFTFDDSDMGWYRQAPGNECELVSTISSDGSTYYADSVKGRFTISQDNAKNTVYLQMNSLKPEDTAVYYCADVQIPYGLGTCESLDYWGRGTQVTVSS
seq12204,EVQLVESGGGLVQPGGSLRLSCAASGSISSIYAMGWYRQAPGKLRELVAAITTGGSTFYRDSVKGRFTISRDNVANTVYLQMNSLKPEDTAVYHCNGAPWGDIAPVAVSWGQGTQVTVSS
seq12205,DVQLLESGGGVVQPGGSLRLSCAASGFTFGNYDMAWVRQAPGKRPEWVSSIDTGGDITHYADSVKGRFTISRDNAKNTLYLQMNSLRPEDTALYWCATDEEYALGPNEFDYYGQGTLVKVSS
seq12206,QLQLVESGGGLVQPGGSLRLSCAASGSIFSINVMGWYRQAPGKQRELVARINGGGITHYAESVKGRFTISRDNAKNTVYLQMNSLKPEDTAAYYCKADVFGSSGYVETYWGQGTQVTVSS
seq12207,VQLQESGGGVVQAGDSLRLSCVASERTFSSLDMGWFRQAPGKEREFVAGISRSGISQYYADSMKGRFTISRDNAKNLVYLQMNSLKPEDTAVYYCAAALTFRGSDLPRDSNYWGQGTQVTVSS
seq12208,QVQLVESGGGSVQAGGSLTLSCAVSGNTYSTNYMAWFRQAPGKEREGVAAIRAGGRNTDYADSVKGRFTISQDNAKNTVYLQMNSLKPEDTAMYYCAADTRAAFWYIGPLNSDQYNIWGQGTQVTVSS
seq12209,QVQLQQSGGGLVQVGGSLRLSCAASGRTFSSYAMGWFRQVPGKEREFVAAIKWSGGSRTYADSVAGRFTISRDNTKNVVYLQMTSLKPEDTAVYYCAADRDGYSRYAHQYDYWGQGTQVTVSS
seq12210,EVQLVESGGGLVQPGGSLRLSCAASGFAFSSYVMTWVRQAPGKGLEWVSSITSGGGYTSYVNSVKGRFTISRDDAKNTLYLQMNSLKPEDTAVYYCAKPTFYSPNMYPPTSRYDYRGQGTQVTVSS
seq12211,QVQLVQSGGGSVQAGGSLRLSCAAAGRTQSAVAMGWFRQDPGKDRDFVAAIRWSGGNTYYADSAEGRFTISRDNAKNTVYLQMDSLKPEDTAVYSCAISMNHFGMYDYWGQGTQVTV
seq12212,QVKLLQSGGGFVQPGGSLRLSCTASGRTSTVNGMGWYRQAPGKLRERVAVVMPRGTTQYHDNVKGRFTISRDNTRTTAYLQMNDLQPDDTANYYCFADVGPTVKVGQGTQVTVSS
seq12213,EVQLVESGGGLVQAGGSLRLSCAASGFTFSNYAMGWFRQAPGKEREFVATITWSGSSTYYADSVKGRFTISADNAKNTVYLQMNSLKPEDTAVYYCAAVPRLYREYGYWGQGTQVTVSS
seq12214,QVQLQESGGGSVQAGGSLRLSCTASGFTFDDSDMVWYRQAPGNECELVSRISSDGSTYYADSVKGRFTISQDNAKNTVYLQMNSLKPEDTAVYYCAALEWEYELGTCEALDYWGQGTQVTVSS
seq12215,QVQLQESGGGLVQAGGSLRLSCAVSGNTLSRYAMGWFRQTPGNEREFVAAIRWNNGATYYADAVEGRFTISRDNGKNTVYLQMNNLQPEDTAVYYCAGRFLGYASSNAYHEALYNYDYWGQGTQVTVSS
seq12216,EVQLVESGGGLVQAGGSLRLSCAASGSFFRVNNMAWYRQAPGKQRELVADITRGDRTNYADSVNGRFTISRDNVRNTVYLQMDGLKPEDTAVYYCYARIELGVLVPRDYWGQGTQVTVSS
seq12217,AVQLVESGGGVVHAGGSLTLSCATSGFPFNGYCMAWFRQAPGQEREGVAAISEGRLTYYNDAVKGRFTISRDNTKSTAELQMNNLRPEDTARYFCATKSYMCGSTLWRRIDQYNDWGQGTQVTVSS
seq12218,QVQLVESGGGLVQAGGSLRLSCVASGIVFRLNAMGWFRQAPGRERELVATIASGGWAYYGDTMSGRVTISRDNDKNTLYLEMNSLKPEDSAMYYCSAGGARPHSWGQGTQVTVSS
seq12219,QVQLQESGGGSVQAGGSLRLSCEASGNTYSSNYMAWFRQAPGKEREEVAVIYTRGGHTYYIDSVRGRFTISQDNAKNTVYLQMNSLKPEDTAMYYCAASSRHRLRLSDPRDYDYWGQGTQVTVSS
seq12220,DVQLVESGGGLVQPGGSLRLSCAASGSIFTINAMGWYRQAPGKQREEVAAITSGGSTNYADSVKGRFTISRDNAKNTVYLQMNSLKPEDTAVYYCKAVVVTTTPYSDYWGQGTLVTVSS
seq12221,QVQLQESGGGLVQAGGSLRLSCADSSGSTFSINAMAWYRQAPGKRRDWVAGITSDSVTKYPDSVKGRFTISRDNAKNTVYLQMNSLKPEDTAVYYCNLWPPRASPSGRIDWGQGTQVTVSS
seq12222,EVQLVESGGGLVQTRGSLRLSCTLSGLILSYYDIGWFRQAPGKEREGVSCISRYDTTDYADSVKGRFTISRDNAKNTVYLQMNSLNLEDTAVYYCAAVRSRYRTCSKTGDMNYWGKGTLVTVSS
seq12223,QVQLQESGGGLVQAGGSLRLSCAASGRTFSSYYMGWFRQAPGKEREFVAAINGSGGNRISADSVKGRFTISRDNAKNTVYLQLNSLKPEDTAVYYCAASLTYYGRSARYDYWGQGTQVTVSS
seq12224,EVQLVESGGGLVQPGGSLKLSCVASGFSLDDYGMTWVRQAPGKGLEWVSSINWNGTHTDYAYSVKGRFTISRDNAKNTLFLQMNSLTPENTAVYYCNQGWKILPAERRGHGTQVTVSS
seq12225,EVQLVESGGGLVQAGGSLRLSCAASAFTLDYYAVGWFRQAPGKEREGVSCISSSGGSTYYEDSVKGRFTISRDNAKNTVYLQMNNLKPEDTAVYYCAADPFHNCYSGSHYSSPEAVYEYWGQGTQVTVSS
seq12226,EVQLVESGGGLVQPGGSLRLSCAASGNIFSRYIMGWYRQAPGKERELVADITPGGNTNYANSVKGRFTISRDGAKNTVGLQMNSLRPDDTAVYSCYARGSDKLLMRTYWGQGTQVTVSS
seq12227,EVQLVESGGGLVQPGGSLRLSCVASGSISSINGMGWYRQAPQAPGKQRELVARITSGGSTIYATSVKGRFTISRDNAKNTVYLQMDNLKPDDTAVYYCNIYGGALWPWGQGTQVTVSS
seq12228,VQLVDSGGGLVQPGGSLRLSCAASGSSGRIDAMGWSRVAPGKQRDFVARLGSNGFTQYDISVEGRFTISGDVAKNTIYLQMDTLKPEDTAVYYCFAWLGQDTVWGQGTQVTVSS
seq12229,QVQLVESGGGLVQAGDSLRLSCTASVLTFSLYRVGWFRQAPGKEREFVAAIDWGDGPTTYADSVKGRFTISRDNAERTAYLQINSLKPEDTAVYYCGAGNTGSSDRSSSYVHWGQGTQVTVSS
seq12230,QVQLVESGGGLVRPGGSLRVSCAASGVDISTYTMAWYRQAPGEQRESVAAISTTGRSIYIDAVQGRFTMSRDNAKNTVYLQMNNLKPEDTAVYYCNSADDLKIGTQYFKGLGWGQGTQVTVSS
seq12231,EVQLVESGGGVVQAGESLTLSCAASGRTLSAYIMGWFRQAPGKEREFVAGIWSGGYTHLADSAKGRFSISRDNAKNTVYLQMNGLKPEDTALYYCAAGLRGRQYSNWGQGTLVQVSS
seq12232,DVQLVESGGGSVQTGGSLRLSCLASGYTYRSYCRGWFRRPPGKEREAVAIINSLGQTIYVADPVKGRFSISQDNAKDTVYLQMNSLKLNDTAMYYCAVANGGCGESWRPDYVGQGTQVTVSS
seq12233,EVQLVESGGGLVQPGESLRLSCAASGSIFSSAAIAWYRQAPGKQRDFVATINTGGGTNYADSLRGRFTISRDNAKYTAYLQMNNLKPEDTAVYYCNLPRLNYWGQGTQVTVSS
seq12234,QVQLQQSGGGLVQAGGFLRLSCAASGRSFNTYAMGWFRQAPGKEREFVAGITRSGTATDYIDSVKGRFTISRDNARDTVYLQMNRLNPEDSAVYYCAAHANYDRMINSEYKYWGQGTQVTVSS
seq12235,EVQLVESGGGSVQAGGSLRLSCTASGSIFSINDMGWYRQPPGEQRELVATLTSSDSTKYADSVKSRFTISRDNAKNTVYLQMNSLKPEDTAVYYCNAVINRRGDGRNWSREYWGQGTQVTVSS
seq12236,AVQLVESGGGLVQAGGSLRLSCAASGRTLRSYAVGWFRQAPGKEREFVAGINWNGDSTYYSDSVKGRFTISRDNAKNTVYLQMNSLKPDDTAVYYCNAGYIGNYYWGQGTQVTVSS
seq12237,EVQLVESGGGLVQPGGSLRLSCAASGFAFSSYDMSWVRQAPGKGLEWVSAINSGGISTYNADSMKGRFTISRDNAKNTVYLQMNSLKPEDTAVYYCNADTWYCDQLDSSDYWGQGTQVTVSS
seq12238,GGSLRLSCAASGSIFTINAMGWYRQAPGKQREEVAAITSGGSTNYADSVKGRFTISRDNAKNTVYLQMNSLKPEDTAVYYCKAVVVTTTPYSDYWGQGTLVTV
seq12239,KVQLVESGGGLVQPGGSLRLSCATSRTIFRSNAMGWYRQAPGKKRDLVASISNSGSTNYADSVKGRFTVSRDNDKNTGYLQMNSLKPEDTGVYYCTVDARRGWNTGYWGQGTQVTVSS
seq12240,VQLQESGGGSAQAGGSLRLSCAASRYTSSSNAMGWFRQAPGKQREWVAGSDTGAGITCNAASVKGRFTISQDVAKNTVYLQMNSLKPEDTAVYYCAADWFRGAFCSGDADFRYWGQGTQVTVSS
seq12241,EVQLVESGGGLVQPGGSLTLSCAASGSREISTMGWHRQAPGKQRELAARITSGGITKYADSVKGRFTISRDNAKNSVYLQMNSLRAEDTAVYYCFAYDNINAYWGQGTLVTVSS
seq12242,EVQLVESGGGLVQPGGSLRLSCATSRTIFRSNAMGWYRQAPGKKRDLVASISNSGSTNYADSVKGRFTVSRDNDKNTGYLQMNSLKPEDTGVYYCTVDARRGWNTGYWGQGTQVTVSS
seq12243,EVQLVESGGGLVQPGGSLTLSCVASGSTSSINAMGWYRRAPGKQRELVAGISSDGSKVYADSVKGRFTISRDNAKNSVYLQMNSLRAEDTAVYYCYYFRTKSGSSMRYWGQGTLVTVSS
seq12244,QVQLQESGGGLVQAGGSLRLSCAVSGNTLSRYAMGWFRQTPGKEREFVAAIRWNNGATYYADAVKGRFTISRDTGKNTVYLQMNNLQPEDTAVYYCAGRFLGYASSNAYHEALYNYDYWGQGTQVTVSS
seq12245,EVQLVESGGGSVQAGGSLRLSCAASGVSNTDMIMIWFRQAPGKEREGVLAAIYKNSTYYADSVKGRFTISQDNAKNTVYLQMNSLKPEDTAIYYCAAIRAVIGRHIRPHIYWGQGTQVTVSS
seq12246,LQQSGGGLVQAGGSLRLSCAASGRAFSSYHMGWFRQAAGKEREFVAHMTGTGGSTHYADSVKGRFTISRDNAKNTVYLQMNNLKPEDTAVYYCAATILAQRPTPGAYEYWGPGTQVT
seq12247,QVQLVESGGGLVQAGESLRLSCAASGNIFSINATNWYRQAPGKQRELVAGITTRGSTNYADSVKGRFTISRDNAKNTVYLQMNSLKPEDTAVYYCNVGRSRGYWGQGTQVTVSS
seq12248,EVQLVESGGGLVQPGGSLRLSCAASGFTWDYYVIGWFRQAPGKEREGVSCISSDGTTTYPDSVKGRFTISRDNAKNTVYLQMNSLKPEDTAVYYCAADPALGCYSGSYYPRYDYWGQGTQVTVSS
seq12249,QVQLQESGGGLVQAGGSLRLSCAASGRAFSSYFMGWFRQTPGKEREFVANIGWTGDMTYYADSVKGRFTISRDNAKNTVYLQMNSLKPEDTAVYYCAAAGSAYSGSYWNITMAANYDYWGQGTQVTVSS
seq12250,AVQLVESGGGLVQPGGSLRLSCAASGSIFSSTAMAWYRQAPGKRRDLVAAISSVGVTKYADSVKGRFTISRDNSKNTVYLQMNSLRPEDTAVYYCTSDPRRGWDTRYWGQGTLVTVSS
seq12251,EVQLVESGGGLVQAGGSLRLSCAASGRTLSSYSMGWFRQAPGKEREFVARISPSGSAIYYADSVKGRFTISRDNAKNTVYLQMNSLKPEDTAVYYCAKDPSPYYRGSAYLLSGSYDSWGQGTQVTVSS
seq12252,LQLVESGGGLVQPGGSLKLSCTASETTFEIYPMAWYRQAPGKQRELVAGINMISSTKYIDSVKGRFTISRDNDKNTMYLQMNSLKPEDTAVYYCNLDTTMVEGVEYWGQGTQVTVSS
seq12253,DVQLVESGGGVVQPGGSLRLSCSASGLLFSRNSAGWYRQAPGKQREFVARIRAGGSINYADSVKGRFTISRDNSKNTVYLQMNSLRPEDTALYYCSGWRTGFYEYWGQGTLVTVSS
seq12254,QVQLQESGGGSVQAGDSLRLSCAASGRTISNYAMGWFRQAPGKQREFVAAISRSDNTYYTDSVKGRFTISRDNAKNTLYLQMNSLKPEETAVYYCAADPNLMYESKWKYRALEAWGQGTLVTVSS
seq12255,EVQLVESGGGLVQAGGSLRLSCAASGRAFSRYYMGWFRQAPGKEREVVAAFSWSGGMTYYADSVKGRFTMSRDSASDTVYLQMNSLKPEDTAVYYCGARQMGVYYSDYENYDYWGQGTQVTVSS
seq12256,QVQLQESGGGLVQPGGSLRLSCVASGSIVNIHFMGWYRQAPGNERELVASITSGGTTNYGDSVKGRFTISRDSAKNTVYLQMDSLKPEDTAVYYCNADISSREWIGIRAFAYWGQGTQVTVSS
seq12257,EVQLVESGGGLVQAGGSLRLSCAASGRTFSSYAMGWFRQAPGKEREFVVAINWSSGSTYYADSVKGRFTISRDNAKNTMYLQMNSLKPEDTAVYYCAAGYQINSGNYNFKDYEYDYWGQGTQVTV
seq12258,EVQLVESGGGLVQAGGSLRLSCAASGSTFSNYAMGWYRQAPGKQRELVVGISSDGSTHYADSAKGRFTISRDDAKNTVYLQMNSLKTEDTAVYYCYVPVKVAGLEYAYWGQGTQVTVSS
seq12259,EVQLVESGGGLVQPGGSLTLSCVASGSTSSINAYGWYRRAPGKQRELVAGISSDGSKVYADSVKGRFTISRDNAKNSVYLQMNSLRAEDTAVYYCYYFRTVYGSSMRYWGQGTLVTVSS
seq12260,EVQLVESGGDLVQPGGSLRLSCAASGFTFSGYWMTWVRQAPGKGLEWVSSINNIGEEVYYVDSVKGRFTISRDNAKNTLYLQMNSLKSEDTAVYYCVKDWASDYAGYSPNSQGTQVTVSS
seq12261,QVQLVESGGGLVQAGGSLRLSCAASGISFAINNVAWYRQAPGKQRDLVALIDKYDTGNIADSVKGRFSISRDNAKNTAYLQMNSLKPEDTAVYYCNALGHWHRAGPYWGQGTQVTVSS
seq12262,QVQLVESGGGLVQSGGSLRLSCAASGTIFAINTMAWYRQAPGQQRELVAGITRGGSTKYADSVKGRFTISRDNAKNTLYLQMNSLKPEDTAVYYCTDYSRGYYQDYWGQGTQVTVSS
seq12263,EVQLVESGGGLAQAGDSLRLSCVDSGSSFSAYAMGWFRQAPGKEREFVAAVSWDGRNTYYADSVKGRFTISRDNAKNTLYLQTTSLRPEDTGVYYCAEDKQSGVSVNPKYAYWGQGTQVTVSS
seq12264,QVQLVESGGGLVQAGGSLRLSCAASGRSFSSYNMGWFRQAPGKERDLVAVVTWSGGGTSYADSVKGRFTIARDNANARLYLEMTSLKPEDTAIYYCAATQDWYGGTRAFRAASFHSWGQGTQVTVSS
seq12265,QVQLQQSGGDLVQPGGFLRISCEVSGLNLDDYTIGWFRQAPGKGREAVFCISSETGVTHYVDSVKGRFAVSSDVAKNTVYLEMNNLLPQDTAVYYCAAQSLTYCTQDWYEFDWWGQGTQVTVSA
seq12266,EVQLVESGGGLVQPGGTLRLSCAASGSTFKINVMAWYRQAPGKGRELVAGVITNGSTTYADSVKGRFTISRDNAKNTLYLQMNSLRPEDTAVYYCAFVTTNSDYDLGRDYWGQGTLVTVSS
seq12267,EVQLVESGGGLVQAGGSLRLSCAASGSIASIHAMGWFRQAPGKEREFVAVITWSGGITYYADSVKGRFTISRDNAKNTVYLQMNSLKPEDTALYYCAGDKHQSSWYDYWGQGTLVTVKS
seq12268,EVQLVESGGGLVQAGGSLRLACAASGRTFSTYAMGWFRQAPGKEREFVAAISRNEVNTYYTDSVKGRFTISRNNAENTVYLQMNSLKREDTAVYYCASDRHYTAQQMRVMTGASYMDYWGKGTLVTVSS
seq12269,DVQLVESGGGVVQPGGSLRLSCAASGLTFSSYAMGWFRQAPGKEREFVASISRGGGYTYYADSVKGRFTISRDNSKNTVYLQMNSLRPEDTALYYCAAARYWATGSEYEFDYWGQGTLVTVSS
seq12270,EVQLVESGGGLVQPGGSLRLSCAASGRTYDAMGWLRQAPGKEREFVAAISGSGDDTYYADSVKGRFTISRDNSKNTLYLQMNSLRPEDTAVYYCATRRGLYYVWDANDYENWGQGTLVTVSS
seq12271,EMQLVESGGGLVQPGGSLRLSCAASGFTFSSYWMYWARQAPGKGLEWISALAPGGDDEYYADSVNGRFTISRDNAENSLYLQMNSLKSEDTAVYYCAKDHNVGYRTGEYDYGGQGTQVTVSS
seq12272,PGGSLRLSCTASGFTFSSSFMNWVRQAPGKGLEWVSTINGRGIDRYYADSVKGRFGISRDNAKNTAYLQMNSLKLDDTAVYYCANLWPATVPDFGSWGQGTQVTVSS
seq12273,QVQLVESGGGLVQAGGSLRLSCAASGRTFSSYPMGWFRQAPGKERKFVAGISQSGGSTAYSDSVKGRFTISRENAKSTVYLQMNSLKPEDTAVYYCAARDKTLALRDYAYTTDVGYDDWGQGTQVTVSS
seq12274,VQLQESGGGLVQAGGSLRLSCVVSGTILSSNSMGWYRQAPGKRRELVASISTDGSTNYADSVKGRFTISRDNAKSTVFLQMNSLKPEDTAVYYCNFHPPVVRDWGDTYWGQGTQVTVSS
seq12275,EVQLVESGGGLVQAGGSLRLSCAASGRSFSNYVLGWFRQAPGKEREFVAAISFRGDSAIGAPSVEGRFTISRDNAKNTGYLQMNSLVPDDTAVYYCGAGTPLNPGAYIYDWSYDYWGRGTQVTVSS
seq12276,QVQLQESGGGLVQAGGSLTLSCAASGRTFSNNAMGWFRQAPGKEREFVAAISWTGGLLFYADSVNGRFTISRDNAKRTVTLQMNSLKPEDTAVYYCAARPQGDYVTAHYDYWGQGTQVTVSS
seq12277,QVQLQEFGGGLVQPGGFLRFSCIASGKIFSFNAMGWYRQAPGKQRELVAAITFGGTTTYADSVKGRFTISRDNAKNTVYLQMNSLKPEDTAVYYCNAHPYYTNDHWGQGTQVTVSS
seq12278,EVQLVESGGQLVQAGDSLRLSCVATGRTYNSYSLGWSRQAPGKEREFVAAISASGTLRAYADSVKGRFTISRDNAKNTVYLQMNNLKPDDTAVYYCGRHRSVGWRASHHLSDYDNWGQGTQVTVSS
seq12279,EVQLVESGGGLVQPGGSLRLSCAASGFAFSNRWMYWVRQAPGKGLEWVSTIKPNGSTAYADFVKGRFTFSKDNAKNTLYLQMNSLKPEDTALYYCSTDYAGTVRGQGTQVTVSS
seq12280,QVQLQESGGGLVVAGGSLRLSCAASGSSVSFLSMAWYRQAPGKKRELVAGISTDGSTNYADSVKGRFTISEDNAKNTVDLQMNSLQPEDTAVYYCYAYRWIDRYTYWGQGTQVTVSS
seq12281,EVQLLESGGGLVQPGGSLRLSCAASGRIFSLPASGNIFNLLTIAWYRQAPGKGRELVATINSGSRTYYADSVKGRFTISRDNSKKTVYLQMNSLRPEDTAVYYCQTSGSGSPNFWGQGTLVTVKS
seq12282,QVQLQQSGGGLVQAGESLRLSCAASGRTLNNYAMGWFRQAPGAEREFVGAISASGDSTQYTESVQGRFTISKDNAKSTVYLDMNSLKPEDTAVYYCAADRKTLTFYTSRLRSRYDYWGQGTQVTVSS
seq12283,AVQLVDSGGGLVQAGGSLRLSCTASERTTFSSYTLGWFRQAPGKEREFVGGISWSGVSTDYAEFAKGRFTISRDHAANTVYLEMNSLKPEDTAVYYCAALGRYRSNWRNIGQYDYWGQGTQVTVSS
seq12284,QVQLQESGGGLVQAGGSLRLSCAASGRTFSIYAMGWFRQAPGKEREFVAVINRSGGTTTYADSVKGRFTISRDNTKNTVSLQMNSLKPDDTAVYYCAADRVTDTYYYLNPESYDYWGQGTQVTVSS
seq12285,DVQLVESGGGAVKIGGSLRLSCAAYGFSIANSCLGWFRRAPGKDREGVAAFYVGGRKTYYADSVKGRFKISHDSAENAMYLEMENLTPEDTAVYYCAADLVNSEYTCRVFPWQLGYKDWGQGTQVTVSS
seq12286,VQLQESGGGSVQAGGSLRLSCAASGFTYTGYCMGWFRQAPGKEREGVATVDSDGDTSYADSVKGRFTISKDNAKNTLYLQMNSLKPEDTAMYYCAADFSRWHLCSTSLATLGYWGQGTQVTVSS
seq12287,QLQASGGGFVQPGGSLRLSCAASGDGSDGDVMGWFRQAPGKEREFVSAISRYPGRSPYYADSVKGRFTISRDNSKNTVYLQMNSLRAEDTATYYCAARWISRKWYTTPFQGYWGQGTQVTVSS
seq12288,EVQLVESGGCLVQAGGSLGLSCSASLLFFSRNSARWYRQAPVKRREFVGRIRMGGSINYADSGKGRFTVSRDNAKNMMYLQMNDLKPEDTAVYFCSGWREGFYEYWGQGTQVTVSS
seq12289,QVQLQESGGGLVQPGGSLRLSCAASGFTLDYYAIGWYRQAPGKKRELVAGISSDGSTHYVDSVKGRFAISRDNAENTVYLQMNDLQPDDTAVYYCYAYRWVGGYTYWGQGTQVTVSS
seq12290,QVQLQESGGGSVQAGGSLTLSCAASGYANSNTCMGWFRQAPGKERERVAAISGVGTGTYYADSVKGRFTISRDNGKNTLFLQMNSLKPEDTAMYYCAAAPEGRAWCSRDPSGYNYWGQGTQVTVSS
seq12291,EVQLLESGGGEVQPGGSLRLSCAASGFSFSINAMGWYRQAPGKRREFVAAIESGRNTVYAESVKGRFTISRDNAKNTVYLQMSSLRAEDTAVYYCGLLKGNRVVSPSVAYWGQGT
seq12292,EVQLVESGGGLVQPGGSLTLSCAASGSSVSFLSMAWYRQAPGKKRELVAGISADGSTNYIDSVKGRFTISRDNAKNSVYLQMNSLRAEDTAVYYCYAYRWRTRYTYWGQGTLVTVSS
seq12293,EVQLVESGGGLVQPGQSLRLSCAASGRTLNPYKVAWFRQAPGKERDFVAVIHWYGITAYADTVKGRFSISRDNAKGTVYLQMDSLKPEDTAVYYCALDSTSALGHATTDFDSWGQGTQVTVSS
seq12294,EVQLVESGGGLVQAGGSLRLSCAASGFTFDDYAIGWFRQAPGKEREGVSCMISSDGSTYYADSVKGRFTISSDNAKNTVYLQMDSLKPEDTAVYYCAADLSLYGCYVGDRDLYDYDYWGQGTQVTVSS
seq12295,QVQLQESGGGLVQAGGFLRFSCTASESLFSFNDMGWHRQAPGKQRELLATITSDGSANYADSVKGRFTISRDNAKNTVYLQMNSLKPEDTAVYYCYAQIPRSDYGLGAFFFNDKWGQGTQVTVSS
seq12296,EVQLVESGGGLVQTGGSLRLSCAASGRAFNNYTMGWFRQAPGKDREFVAAISRSGNLKAYADSVNGRFTISRDNAKKMAYLQMNSLKPEDTSVYYCTAAPVPWGTRPSLFTYDSWGQGTQVTVSS
seq12297,QVQLQQSGGGLVQPGGSMRLSCAASGSIPSIDHMGWYRQAPGKERELVASIDLNGRTNYAGPVKGRFAISRDSAKNTMYLQMNSLLPEDTAVYYCNHRWGSPDYYHDDVDYWGQGTQVTVKP
seq12298,VQLQASGGGLVQAGDSLRLSCAASGRTFSSYHMGWFRQAPGKEREFVAAINWSGDTTYYEASVKGRFTISRDNAKNTMYLQMNSLKPEDTAVYRCAAQTRPRPYGTSRAEGDYGYWGQGTQVTVSS
seq12299,VQLVESGGGLVQPGGSLRLSCAASGFTLDDYAIGWFRQVPGKEREGVACVKDGSTYYADSVKGRFTISRDNGAVYLQMNSLKPEDTAVYYCASRPCFLGVPLIDFGSWGQGTQVTVSS
seq12300,QVQLQESGGGLVQAGGSLRLSCAASGNIFAKVWMGWYRQAPGKGREFVASIANGATTYYADSVKGRFTISRDNAKNTVYLQMNSLKPEDTAVYYCAARNWSGLGYFYWSQGTQVTVSS
seq12301,QLQASGGGLVQAGGSLRLSCAASGRATGNYPMGWFRQAPGKEREFVAAISRDGDSTYYRDSVKGRFTISRDNTKNTAYLQMNSLKPEDTAVYYCAADRLTAYRYNPGQIDYWGQG
seq12302,EVQLVESGGGSVQAGGSLRLSCAASGYTYSSNWMGWFRQAPGKEREEVAIIYTGGISTHYRSSVKGRFTISQDNAKNTVYLQMNSLKPEDTAMYYCAARYTDYNYWGQGTQVTVSS
seq12303,QVQLQESGGGLVQAGGSLRLSCAASGSIFSTWRMGWYRQAPGKEREFVAGIDRGGTTYYADSVKGRFTISRDNAKNTVYLQMNSLKPEDTAVYYCAVQYGRRSSLDGGRYNQHTYWGQGTQVTVSS
seq12304,LQESGGGLVQAGGSLRLSCAASGGTESIVTMAWFRQAVGKEREFVAAITRSGASTDYADSVKGRFTISRDNAKNTVYLQMNSLKLEDTAVYYCLADKTTYWNIPRDEYDYWGQGTQVT
seq12305,DVQLVESGGGSVQAGGSLRLSCAISGLTFSNYHMGWYRQAPGREREFVAQITWSDASIYYAGSVKGRFTISRDNVKNIVYLQIDNLKPEDTAIYYCDARKVGGPDYWGQGTQVTVSS
seq12306,QVKLEESGGGLAQAGGSLRLSCAASGSISSINTIGWFRQAPGKQRELVAASDSGANRNYADSVKGRFTISRDNAKNTVYLQMNNLKPEDTAIYYCRAWGTGTISTMYWGQGTQVTVSS
seq12307,EVQLQESGPGLVKPSQTLSLTCTVSGGSITTRYYAWSWIRQPPGKGLEWIGVIDYDGDTYYSPSLKSRTSISWDTSKNQFSLKLSSVTAEDTAVYYCARDPDVVTGFHYDYWGQGTTVTVSS
seq12308,QVQLQESGGGLVQPGGSLKLSCAASGSIFSIKTMGWYRQAPGKQRELVAAVSSGGSTNYADSVKGRFTISRDNAKNAVYLQMNSLKPEDTAVYYCNADGVVAWDQPYDNYWGQGTQVTVSS
seq12309,GLVQPGGSLTLSCKVSGFTSDEYIIGWFRRVPGKEREGVSCISRKEGTTYYGDGMRGRFTISGDNVASTVYLRMSNLKPEDTAVYYCAAEPRPRCWGIHLTSGMTYEGEGTRVTVSP
seq12310,EVQLVESGGGLVQPGGSLRLSCAASGLPFTINVMGWFRQAPGKEREFVAAIHWSGLTTFYADSVKGLFTITEDNSKNTAHLMMNLLKPEDTAVYCCAELDGYFFAHWGQGTLVTVSS
seq12311,EVQLVESGGGLVQPGGSLRLSCAGSGNIVRDNTMAWYRQAPGNQRDLVATINVGGGTYYAGPVKGRFTISRDNAKNSVYLQMNSLKPEDTSVYYCNVISGLVQRDYWGQGTQVTVSS
seq12312,LAQAGDSLRLSCAASGRPFNTYTMAWFRQAPGKEREIVATISWNGDITDYADSVKGRFTISRDNAKNTVYLQMNSLKPEDTAVYYCAADSTNWVFYDYWGQGT
seq12313,EVQLVESGGGLVQTGGSLRLSCAASGGTFSTYAMGWFRQAPGKEREFVAGITRSGVSTSYADSVKGRFTISRDNAKDMVYLQMNSLKPEDTALYSCAATRRLHFGNGADYWGKGTPVTVSS
seq12314,QVQLQQFGGGSVQAGGFLRFSCAASGGTLRSYAMAWFRQAPEMEREFVAAITPSGSGTYYADSVNGRFTISRDNAKNTVYLQMNNLKAEDTGVYYCAADRTGHVSGDPRAYDSWGQGTQVTVSA
seq12315,QVKLEESGGGLVQAGGSLRLSCAASERTFSRYPVAWFRQAPGAEREFVAVISSTGRSTYYADSVKGRFTISRDNAKVTVYLQMNNLKREDTAVYFCAVNSQRTRLQDPNEYDYWGQGTQVTVSS
seq12316,DVQLVESGGGLVQPGGSLRLSCAASGFILDYYAIGWFRQAPGKEREGVLCIDASDDITYYADSVKGRFTISRDNSKNTVYLQMNSLRPEDTAVYYCATPIGLSSSCLLEYDYDYWGQGTLVQVSS
seq12317,QVQLQESGGGLVQAGESLRLACTASGSIFSINGMGWYRQAPGKQRDLVAAIASGGSTTYGDAVKGRFTISRDNAKNTVYLQMNSLKPEDTAVYYCNAKEVRSTETSYRVQNNYWGQGTQVTVSS
seq12318,EVQLVESGGGLVQPGGSLRLSCAASGRRFSAYGMGWFRQAPGKEREFVAVISRSGTLTRYADSVKGRFTISADNSKNTAYLQMNSLKPEDTAVYYCASSGPADARNGERWHWGQGTLVTVSS
seq12319,EVQLVESGGGLVQPGDSLKLSCVASGRTSSSYSMGWFRQAQGKEREFVVAISSGGSIYDSVSLQGRFTISRDNTKNTVYLQTPSLKPEDTAVYYCAASRAYASSRLRLADTYDYWGQGTQVTVSS
seq12320,VTTSKPSLRLSCAASGRTFSTAAMGWFRQAPGKERDFVAGIYWTVGSTYYADSAKGRFTISRDNAKNTVYLQMDSLKPEDTAVYYCAARRRGFTLAPTRANEYDYWGQGTQVTVSS
seq12321,EVQLVESGGGLVQPGGSLRLSCAASGFTLGYYTIVWFRQAPGKERKGVSCISSRDGSRYYADSVKGRFTISRDNAKNTVYLRMNSLKPEDTAVYYCAAGPDCSSYDYWGQGTQVTVSS
seq12322,EVQLVESGGGVVQPGGSLRLSCSASGLLFSRNSAGWYRQAPGKQREFVARIRYGGSINYADSVKGRFTISRDNSKNTVYLQMNSLRPEDTALYYCSGWREGFYEYWGQGTLVTVSS
seq12323,QVQLQKSGGGLVQAGGSLRLSCARGSGTFSPYAMGWFRQAPGEERQFVAAITWSSDSPWYGDSAKGRCTIARDITKNTVYLNIFGLKPEDTAVYYCAESSGATYGLALPSAYEHWGRGTQVTASS
seq12324,EVQLVESGGGLVQPGGSLRLSCAASGFILDYYAIGWFRQAPGKEREGVLCIDASDDITYYADSVKGRFTISRDNAKNTVYLQMNSLKPEDTGVYYCATPIGLSSSCLLEYDYDYWGQGTLVTVSS
seq12325,QVQLQESGGGVVQSGGSLRLSCAGPRSIFSGNAMAWYRQAPGKQRETVATVNTGGLTWYVDFVKGRFTISRDDAKNTLLLQMDSLKPEDTAVYYCNAVLVRARGMWGQGTQVTVSS
seq12326,QVKLEESGGGSVQAGGSLRLSCTTSGYTNSYKWMGWFRQAPGQEREGVAVIYTGNDRTYYSDSVKGRFTISRDNAKNMIYLDMTRLRPEDSAVYECAIGHDGAWRYWGQGTQVTVSS
seq12327,QVQLVESGGGLVQAGGSLRLSCAASGFTFDDYAIGWFRQAPGKEREGVSCISSGGTYYADSVKGRFTISSDNAKNTVFLQMNSLKPEDTAVYYCGAVSSLLSVERFPGGHCGPRYGYYRHGYWGQGTQVTVSS
seq12328,AVQLVDSGGALVQPGGSLRLSCAASGFTFSGYYMSWHRQAPGKGLEWVSGIYTDGRNTYYADSVKGRFTISRDNLKNTAYLQMNSLKPEDTAVYYCATVAGNCEHCLTIQKGNHFGYWGQGTLVTVSS
seq12329,DVQLVESGGGVVQPGGSLRLSCAASGLTFSSYAMGWFRQAPGKEREFVVSISRGGGYTYYADSVKGRFTISRDNSENTVYLQMNSLRPEDTATYYCAAARYWATGSEYEFDYWGQGTLVTVSS
seq12330,EVQLVESGGGLVQPGGSLRLSCAASGFALDYYNIGWFRQAPGKEREWVSCISSSDGSTGYADSVKGRFTISRDNAKNTVYLQMNSLKPEDTAVYYCAAPFAYYSDLCGVNEYDYWGQGTQVTVSS
seq12331,VQLQESGGGLVQAGGSLRLSCAASGRTFSNYAMGWFRQAPGKEREFVAAIVWSGGSTYYADSVKGRFTISRDNAKNTVYLQMNSLKPEDTAVYYCAAVLIRYYSGGYQGLSDANEYDYWGQGTQVTVSS
seq12332,VQLVETGGGLVQAGGSLRLSCAGSGRSFSAAVMGWFRQAPGKEREFVAALRQIIGSTHYADSVKGRFTISRDNAKNMLYLDMNSLKPTDTAAYYCTAGPPTMLDVSTDREYDTWGQGTQVTVSS
seq12333,EVQLVESGGGLVQAGGSLRLSCESSISTFSSDAMGWFRQAPGKEREFLAAIGWSGAVTHYSDSVQGRFTISRDNAKNTVYLQMNSLKAEDTGRYYCAEDYDTDVWQYWGQGTQVTVSS
seq12334,VQLEESGGGSVQAGGSLRLSCVVSGNTRSTTYMGWFRQAPGKEREGVAIVYTGGRDTYYAASVKGRFTISQDNAKTTIYLQMNSLEPEDTAMYYCAARSYEYTYWGRGTQVTVSS
seq12335,EVQLVESGGGLVQPGGSLRLSCAASGSIFSSNAMAWYRQAPGKQRDLVAAINSVGVTKYADSVKGRFTISRDNSKNTVYLQMNSLRPEDTAVYYCTSDPRRGWDTRYWGQGTLVTVSS
seq12336,QVQLQESGGGLVQAGASLRLSCAASGRTFSSYIMGWFRQAPGKEREFVAAIGWSADITVYADSVKGRFTISRDNAENMVYLQMNSLNPEDTAVYYCAANSRAYYSSSYDLGRLASYDYWGQGTQVTVSS
seq12337,VQLVESGGALVQPGGSLRLSCAASGFPVNRYSMRWYRQAPGKEREWVAGMSSAGDRSSYEDSVKGRFTISRDDARNTVYLQMNSLKPEDTAVYYCNVNVGFEYWGQGTQVTVSS
seq12338,QVQLQDSGGGLVQAGDSLRLSCVASGNDFSIYDIGWYRQAPGNPREFVAAIGRGGYTNIDASVKGRFTISRDNAKNTVYLQMNTLKPEDTAVYSCAAAQRYGPGRLNDISRYNYWGQGTQVTVSS
seq12339,VKLEESGGGSVQTGGSLRLSCAASASIFTRLPMGWYRQAPGKQRELVVGIVPSGRINYADSVKGRFTISRDNAKNTVYLQMNSLRPEDTAVYYCRADTFPLPTWGQGTQVTVSS
seq12340,AVQLVESGGGSVQAGGSLRLSCAASGLTYSLCTMDWYRQAPGKEREGLAAIYRGSLKTYYADSVKGRLNISKDNAKSTFYLQLRSLKPEDTAMYYCAGGRAYLDDPTWLKGTGFDYWGQGTQVTVSS
seq12341,EVQLVESGGGLVQPGGSLRLSCAASGRTFRRYHMGWFRQAPGKEREFVAAITSGGRTNYADSVKGRFTISADNSKNTAYLQMNSLKPEDTAVYYCTTDGLRYFDWFPWASAFDIWGQGTLVTVSS
seq12342,EVQLVESGGGLVQPGGSLRLSCAASGFIGNYHAMGWFRQAPGKEREFVAAVTWSGGTTNYADSVKGRFTISADNSKNTAYLQMNSLKPEDTAVYYCAREGYYYDSSGYPYYFDYWGQGTLVTVSS
seq12343,DVQLVESGGGLVQPGGSLRLSCAASGSLFSILRMDWYRQAPGKQRELVAGITRDTTGYADSTNYADSVKGRFTISRDSAKNTVYLQMNSLKPEDTAVYYCNADIRTITGRADYWGQGTQVTVSS
seq12344,EVQLVESEGGPVQSGGSLRLSCAASGRTFSVSTIAWFRQAPGEGREFVAAIYPSGRNAYVADSVKGRFTISRDNAKKTVYLQMNSLKPEDTAAYYCAAHQPSGSYYSAEAYAYWGQGTQVTVSS
seq12345,QVQLQESGGGLVQPGGSLRLSCTASRFTFDDSDMAWYRQAPGNECELVSIISSDGSTYYADSVKGRFTISLDNTKSTVYLQMNSLKPEDTAVYYCAAHPLHYELGTCAALDYWGRGTQVTVSS
seq12346,DVQLQASGGGLVQPGGSLRLSCAATGSTDRIAFMGWYRQAPGKLRELVAGITSDGRTNYADDVDVSGRFTISRDSAKNMVYLQMNSLKPEDTAVYYCNADITLAMGGLRVYWGQGTQVTVSS
seq12347,QVHLVESGGGSVQAGGSLRLSCAASGYTDSSVYIGWFRQAPGKEREEVAIIYTGGESTHYRSSVKGRFTVSQDNAKNTLYLQMNSLKPEDTAMYYCAARFPAVTYWGQGTQVTVSS
seq12348,DVQLQESGGGSVQAGGSLRLSCAASGYTSEMNRFAWLRQAPGKDREVVAVIFPTARGAKFYSDSVNGRFTISQDTAKNTVYLQMNSLEPEDTAMYFCAASANAMTGFQPSGYTYWGQGTQVTVSS
seq12349,EVQLVESGGGLVQTGGSLRLSCAASGFTLDDYAIAWFRQAPGKEREGVSILSSIGKTFYADSVKDRFSITADGAKTTVFLQMNSLKPEDTAIYYCVAGHFVYNDGAISLNTARGSGFWGQGAQVTVSS
seq12350,EVQLVESGGGLVQPGGSLRLSCAASGRIFSDYAMGWFRQAPGKEREFVATINGDGDSTNYADSVKGRFTISADNSKNTAYLQMNSLKPEDTAVYYCAANTYWYYTYDSWGQGTLVTVSS
seq12351,EMQLVESGGGLVQAGDSLRLSCAASGDTFSWYVMAWFRQAPGKEREFVTWINRSGASTYYADSVKGRFTIFRDNDKNTVYLQMNSLKPEDTAVYYCAAGGFYGLRTTEERYDTWGQGTQVTVSS
seq12352,QVQLVESGGGLVQPGGSLRLSCAASGFTFSGYVMTWVRQAPGKGLEWVAHIGSGGGHATYTDSVEGRFTISRDNAKNTLYLQMNNLKAEDTAVYYCEFLGRRGQGTQVTVSS
seq12353,RLSCAASGSIFSINAMGWYRQAPGKQRELVAAITSGGSTNYADSVKGRFTISRDNAKNTVYLQMNSLKPEDTAVYYCNAERAGDPFDYWGQGTLVTVSS
seq12354,QVKLVESGGGSVQAGGSLRLSCAASGSTYCTYRMSWFRQAPGKEREFVAVIDSGGSTSYADSVKGRFTISRDNAKNTVYLQMNSLKPEDTAMYYCKTDPTIGCPQTYRYNYWGQGTQVTVSS
seq12355,QVHLVESGGGSVQAGGSLRLSCAASGYPYSSPCMAWFRQAPGKEREGVLVAYTGGDIQYLTDSVKGRFTISRDNAKNTVYLQMNSLKPEDTAMYYCAADLRLPRAGGCAYSYWGQGTQVTVSS
seq12356,EVQLVESGGGLVQAGGSLRLSCAASDSVFTAKAVGWYRQPPGLQREWVAIITSGGKTNYADSSVKGRFTVSVDKVKNTVTLQMNSLKPEDTAVYYCYAQWMGRDYWGQGTQVTVSS
seq12357,VQLQESGGGLVQAEGSLRLSCAASGRTRDANAMGWFRQAPGKERELVAAISWSGSRTYYADSVKGRFTISRDNVMHTVYLSMNSLKPEDTAVYYCAADRSIEVQIADYDYWGRGTQVTVSS
seq12358,EVQLVESGGGLVQPGGSLRLSCAASGRTLSDYALGWFRQAPGKERELVSGINTSGDTTYYADSVKGRFTISADNSKNTAYLQMNSLKPEDTAVYYCAVVTSSYDYWGQGTLVTVSS
seq12359,DVQLQESGGGLVQAGDSLRLSCAASGRTLSSYTMGWFRQAPEKEREFVAGSSRDGRTNYYANSVKGRFTISRDNAKNTVYLQMNSLKPEDTAVYYCAAHTTSGVPVRERSYAYWGQGTQVTVSS
seq12360,EVQLVESGGGLVQAGGSLRLSCAASGRTFSNYVMGWFRQAPGKEREFVAAISWSGVTTYHYSADSVKGRFTTSRDNDRNTAHLQMNSLKPEDTAVYYCAARGRTGSDPRKGDDYDYWGQGTQVTVSS
seq12361,EVQLVESGGGLVQAGGSLRLSCAASGDTFSFAAMGWYRQAPGKQRELVASISFSGGESTVYANSVRGRFTISGDNAKNRVSLEMNNLKPEDTAVYYCTAKRGPYLPGPEYWGQGTQVTVSS
seq12362,KVQLVESGGGSVQAGESLRLSCAASGTIFSSNAMAWYRQAPGKQRDLVAGINSVDITKYADSVKGRFTISRDNAKNTVYLQMNSLKPEDTAVYYCTSDPRRGWNTRYWGQGTLVTVSS
seq12363,EVQLVESGGGLVQAGGSLRLSCAASGRTFSSYAMGWFRQAPGKEREFVAGSNWSGGSTPYADSVVGRFAISRDNAKNTVHLQMNSLKPEDTAVYYCAAGRFSYSTRIPNDYAYWGQGTQVTVSS
seq12364,VQLVESGGGFVQAGGSLRLSCVASRSSFRITTMNWYRQAPGKQREMVASITTGGRTVYADSVKGRFTISKSNANNTVYLQMNSLEAEDTAVYYCNAQRRWPLRDYWGQGTLVTVSS
seq12365,EVQLVESGGGLVQAGGSLRLSCKAAGRTFSSYAMGWFRQAPGKEREFVASIEWDGGGAYYEEAVKGRFTISRDNTKNTVYLQMDSLRPEDTAVYYCAASRWRTALTNYYDVADWGQGTQVTVSS
seq12366,VKLVESGGGLVQSGGSLRLSCAVSGSGYSYSRGCFAWFQQRPGKEREGVAIINMDGHTMYSDLAQGRFIISQDKAKNTLYLQMNSLKPDDTAMYYCAYDRDQCYVLRDRLRLPDTFNDWGQGTQVTVSS
seq12367,EVQLVESGGGLVQAGGSLRLSCAASGFTLSSYTMGWFRQAPGKEREFVSAISRGGGNTYYADSVKGRFTISADNAKNTVYLQMNSLKPEDTAVYYCAAVPSYAEYDYWGQGTQVTVSS
seq12368,EVQLVESGGGLVQPGRSLTLSCAASTNIFSNSPMGWYRQAPGKQRELVAAIHGPSTLYADSVKGRFTISRDNAKNSIYLQMNSLRPEDTALYYCNKVPWGDYHPRNVTWGQGTQVTVSS
seq12369,EVQLVESGGGLVQAGGSLRLSCAASGGTFASYGMGWFRQYPGKEREFVAAISRSGDSTYYADSVKGRFTISRDNAKNTVYLQMNSLKPEDTAVYYCAAGRFIPQLSAYDYWGQGTQVTVSS
seq12370,EVQLVESGGGLVQAGGSLRLSCAASGPTFSIYDMGWFRQAPGKEREFVAAITWNSGRTNYADSVKGRFTISADNAKNTVYLQMNSLKPEDTAVYYCAAGAWSSLRKTAASWGQGTQVTVSS
seq12371,KVQLVESGGGLVQAGGSLRLSCAASGRTVSDYGMGWFRQAPGKLREFVASINWSGIYTRYIDSVEGRFTISRDNTKNTLYLQMNNLRAEDTAVYYCAYFLGPNWYSNYGRPSSYDFYGQGTQVTVSS
seq12372,QVQLQESGGGLVQPGGSLRLSCAASGLPFSIIAMSWVRQAPGKGIEWVSTINSGGGTTHYADSVKGRFTISRDNAKNTLYLQLNSLRTEDTAVYYCRRCADIYCSGSGGWTGLGTQVTVSS
seq12373,EVQLVESGGGLVQPGGSLRLSCAASGNMFSINAMGWFRQAPGKEREFVTLISWSSGRTSYADSVKGRFTISADNSKNTAYLQMNSLKPEDTAVYYCASLGYCSGGSCFDYWGQGTLVTVSS
seq12374,EVQLVESGGGLVQAGGSLRLSCAASGGTFSRYKMGWFRQAPGKEREFVAASRWSGGIKYHADSVKGRFTISRDDAKNSIYLQMNTLKPEDTAVYYCAADDYLGGDNWYLGPYDSWGQGTQVTVSS
seq12375,DVQLVESGGGLVQPGGSLKLSCAASGFDFSSHWMYWVRQAPGKELEWLSEINTNGLITHYGDSVKGRFTVSRNNAANKMYLELTRLEPEDTALYYCARNQKGLNKGQGTQVTVSS
seq12376,EVQLVESGGGLVQAGGSLRLSCAASGRAFSMNPMGWFRQSPGREREFVAAHRWSDGNTYYVDSVKGRFTISRDNAKNTVYLQMSSLKSEDTAVYYCAAGRPWSSYRSPTEYVYWGQGTLVTVSS
seq12377,QVQLVESGGGLVQAGGSLRLSCAASGSTSDINIMAWYRQVSGKARELVANKARGGLPKYADFAKGRFTISRDNAKNTILLQMNNLKPEDTGVYYCNAVSDWKLGDYWGQGIQVTVSS
seq12378,EVQLVESGGGLAQAGGSLRVSCVASGRPFTKYAWGWFRQAPGKAREFVATITWDGGKTDYADSVKGRFTISKDSAENSIYLQMNSLKPEDTAVYYCAADRNYCVGHRCYVRPDDYDYWGQGTQVTVSS
seq12379,EVQLVESGGGLVQPGGSLRLSCVASGLTLDYYALGWFRQAPGKEREGVSCISSSDHSTTYADSVKGRFTISWDNAKNTVYLQMNSLKPEDTAVYYCAADPALGCYSGSYYPRYDYWGQGTQVTVSS
seq12380,AVQLVESGGGLVQAGGPLRLSCAASGRTSSSYAMGWFRQAPGKEREFVAAISWSGGSTYYADSVKGRFTISRDNAKNTVYLQMDSPIPEDTAVYYCAAGPIARWYRGDMDYWGKGTLVTVSS
seq12381,QVQLQESGGGLVQAGGSLRLSCAASGRTFDNYNMGWFRQAPGKEREFVAAISWNGGSTYYDDSVKGRFTISRDNFQKLVYLQMNSLKLEDTAVYYCACAANPYGIPQYRENRYDFWGQGTQVTVSS
seq12382,DVQLVESGGGSVEAGGSLRLSCAASGFRYAAYCMGWFRQADGKEREGVATIDIDGQTTHADSVKGRFTISRDNAKNTLSLQMNDLKPEDTAMYYCAADRDRCGSIWTYAYKYRGQGTLVTVSS
seq12383,HVQLVESGGGSVQAGGSLRLSCTVSGVIFKNEYMGWFRQAPGKEREGVAAASPGGTITYYGDSVKGRFTISRDNAKNTVYLQMNRLKPEDTAMYYCALDPSTTSWSIIRHGPSLWRYSGRGTQVTVSS
seq12384,EVQLVESGGGSVQAGGSLRLSCVASGYTFSSYSMAWFRQAPGKECELVSSIDSDGSTNYADSVKGRFTISRDNAKNTVYLQMNALKPEDTAVYYCAADGGYYSCGVGFERGQGTQVTVSS
seq12385,QVQLQQSGGGLVQAGGSLRLSCSASGSISSSHVMGWYRQAPGKQRELVATITSGGSTIYADSVKGRFTVSRDNAKNTVYLQMNSLKSEDTAVYYCHARRLWDTYWGQGTQVTVSS
seq12386,EVQLVESGGGLVQAGDSLRLSCAASGLTFSGYEMGWFRQAPGKERAFVAAISQSGGTTSYAVSVKGRFTIARDNAKNTVYLQANNMKPEDTAVYYCAAALLLLPTTPSRVDYWGQGTQVTVSS
seq12387,EVQLVESGGGLVQAGGSLRLSCAASGSSFSINVMGWYRQAPGKQREMVATITYGGSTNYVDSVKGRFTISRDNAKNTVYLQMNSLKPEDTAVYYCNSRLAQINYWGQGTQVTVSS
seq12388,EVQLVESGGGLVQPGGSLTLSCVASGSTSSINAMAWYRRAPGKQRELVAGISSDGSKVYSDSVKGRFTISRDNAKNSVYLQMNSLRAEDTAVYYCYYFRTVSGSSMRSWGQGTLVTVSS
seq12389,EVQLVESGGGLVQPGGSLRLSCAASGDVHKINILGWYRQAPAKEREMVAHITIGDATNYADSAKGRFTISRDEAKNMVYLQMNSLKPEDTAVYFCRAYSRIYPYNYWGQGTLVTVSS
seq12390,QVQLQQSGGGSVQAGGSLRLSCAASGGTFATSPMGWFRQAPGKEREGVAAISPSGGDRIYDDSVKGRFTISRDNAGYFIYLQMNSLKPEDTARYYCAVRRRFDGTSYYTGDYDSWGQGTLVTVSS
seq12391,EVQLVESGGGVVQPGGSLRLSCAASGRTFNNYAMGWFRQAPGKEREFVAAITRSGVRSGVSAIYGDSVKDRFTISRDNAKNTLYLQMNSLRPEDTAVYYCAASAIGSGALRRFEYDYSGQGTLVTVQS
seq12392,EVQLVESGGGLVQAGGSLRLSCAASGLTFDDYAIGWFRQAPGKEREAVSCISSSDGSTYYADSVKGRFTISRDNAKNTVYLQMNSLKPEDTAVYYCAADLLATAVGCLYYRGTYYPRTTMDYWGKGTLVTVSS
seq12393,QVQLQESGGGLVQAGGSLRLSCAASGNIFDADIMGWYRQAPGKERELVASITDGGSTNYADSVKGRFTISRDNAKNTVYLQMNSLKPEDTAVYYCAAIAYPDIPTYFDYDSDYFYWGQGTQVTVSS
seq12394,VQLVESGGGLVQAGGSLRLSCTDSGRTFSVKPMGWFRQAPGKEREFVAAASFTGVSTFYADSVKDRFTIFRDKDKNAMDLQINSLKPEDTGAYYCAGTTRTLWGSKWRDVLEYEYWGQGTQVTVSS
seq12395,EVQLVESGGGLVQPGGSLRLSCAASGFTFDDYGMSWVRQAPGKALEWVSAISWNGNNTYYTESMKGRFTISRDNAKNTLYLQMNSLRPEDTAVYYCVKGSTAIVGVPPTYPDEYDYCGQGTLVTVSS
seq12396,EVQLVESGGGLVQPGGSLRLSCAASGTVFKVNAMAWYRQAPGKGRELVAGVISAGSANYADSVKGRFTISRDNAKNTLYLQMNSLRPEDTAVYYCAFVTTNSDYDLGRDYWGQGTLVTVSS
seq12397,QVQLQESGGGSVQAGGSLRLSCAASGYTYCSYDMGWYRQAPGKEREFVSAIDNYGRTGYADSVKGRFTISQDNAKNTSYLQMNSLKPEDTAIYYCKVDVCPDPSRPGRPGYWGQGTQVTVSS
seq12398,EVQLVESGGGLVQAGGSLRLSCAASGRAFSNYAMGWFRQAPGKEREFVAAISWSGGSTVYADSVKGRFTISRDNAKNTVYLQMNSLKPEDTAVYYCAAGNGGRQYGHSRARYDYWGQGTQVTVSS
seq12399,DVQLEESGGGSVQTGGSLRLSCAASGYTYSSACMGWFRQGPGKEREAVADVNTGGRRTYYADSVKGRFTISQDNTKDMRYLQMNNLKPEDTATYYCATGPRRRDYGLGPCDYNYWGQGTQVTVSS
seq12400,VQLVESGGGGLVQAGGSLRLSCAASGRTFSGYAMGWFRQAPGKEREFVADISWSGHNTYYGDSVKGRFTISRDTAKNTVYLQMNSLKPEDTAVYYCAAEGARTHLSDSYYFPGLWAEPPVGYWGQGTQVTVSS
seq12401,QVQLQESGGGLVQAGGSLRLSCEASGSNFNFNALDALGWFRQAPGRQRELVALLPNSSETAYGVSVRGRFTASKDNSKNTVYLEMNSLEPEDTAVYYCNAVHLATNNVYWGQGTQVTVSS
seq12402,EVQPVQSGGGLVQAGESLRLSCAASATIFSNNAMGWYRQAPGKQRELVATITTGGFTNYRDSVKGRFDISRDNAKNTVYLQMNNLKPEDTAVYYCNVVLRYSRDYSYTTVKEYWGQGTQV
seq12403,QVQLQESGGGSVQAGETLRLSCTASGFTFDDSDMGWYRQAPGNECELVSSISSDGSTYYADSVKGRFTISQDNAKNTVYLQMNSLKPEDTGVYYCAAEGHRYELGTCAALDYWGRGTQVTVSS
seq12404,EVQLVESGGGLVQAGGSLRLSCAAPETGATINVMAWYRQAPGKQRELVARVAIDNNTDYADHAKGRFTISRDNTKNTVYLQMNNLKPDDTAVYYCNVLLSRQISGSYGHWGQGTQVTVSS
seq12405,EVQLQASGGGLVQAGGGLRLSCSASVRTFSIYAMGWFRQAPGKEREFVAGINRSGDVTKYADFVKGRFSISRDNAKNMVYLQMNSLKPEDTALYYCAATWAYDTVGALTSGYNFWGQGTQVTVSS
seq12406,VQLQESGGGLVQPGGSLRLSCAASGNIFSINAIGWYRQAPGKQRELVATITLSGSTNYADSVKGRFSISRDNAKNTVYLQMNSLKPEDTAVYYCNANTYSDSDVYGYWGQGTQVTVSS
seq12407,QVQLQESGGGSVQAGETLRLSCAASGYTYTGYCMGWFRQATGKEREGVATIDSDGDTTYADSVKGRFTISKDNGKNTLYLQMNSLKPEDTAMYYCAADFRRWHLCSSSFQEYDMDYWGKGTQVTVSS
seq12408,EVQLVESGGGLVQPGGSLRLSCAASGNIAAINVMGWFRQAPGKEREFVAAISASGRRTDYADSVKGRFTISADNSKNTAYLQMNSLKPEDTAVYYCARRVYYYDSSGPPGVTFDIWGQGTLVTVSS
seq12409,VQLVESGGGLVQPGGSLRLSCAASGSIFMINVMGWYRQAPGKQRELVAVITRGASTNYADSVKGRFTISRDNAKNTVYLQMNSLKPEDTAVYYCNADLNLASDPFKWYTYWGQGTLVTV
seq12410,QVQLQQSGGGLVQVGGSQRLSCAASGRTFEYDDMVWFRQAPGKEREEVAGISWSGGSIYYADSVKGRFSISRDNAKNTVYLEMNRLKPEDTAVYYCNVGSYWGQGTQVTVK
seq12411,EVQLVESGGGLVQAGGSLTLSCAASGDVHKINILGWYRQAPAKEREMVAHITIGDATDYADSAKGRFTISRDEAKNMVYLQMNSLKPEDTAVYFCRAYSRIYPYNYWGQGTLVTVSS
seq12412,EVQLVESGGGVVQAGESLTLSCAASGRTLSAYIMGWFRQAPGKEREFVAGIWSGGYTHLADSAKGRFSISRDNAKNTVYLQMNGLKPEDTAVYYCAAGLRGRQYSNWGQGTLVQVSS
seq12413,QVQLQQSGGGLVQAGGSLRLSCAASGRTFSSYPMGWFRQAPGKEREFVAAIGRLVTFTRYTDSVKGRFTISRDNAKDTMYLQMNNLKPEDTAVYYCAAFRGHNLFSRYAQVTDYDYWGQGTQVTVSS
seq12414,EVQLVESGGGLVQAGGSLRLSCAASGRTFSDDAMGWFRQAPGKERECVASLYLNGDYPYYADSVKGRFTISRDNAKNAVILQMNNLKTEDTAVYYCAAKPGWVARDPSQYNYWGQGTQVTVSS
seq12415,EVQLVESGGGLVQAGGSLRLSCAASGPTVSNYYMGWFRQAPGKERDFVAGISRSGVEKYYADSVKGRFTISRDNALNTVYLQMNSLKPEDTAAYYCAARERVGITFAHSTVDYWGKGTLVTVSS
seq12416,QLQLAESGGGLVQPGGSLRLSCTASGIIFDYYSVDWYRQAPGKERELVATITGDGSPNYADSVKGRFTISRDNAKKTVYLQMNGLKPEETAVYYCHAKRTIGTKSEYWGQGTQVTVSS
seq12417,EVQLLESGGGLVLPGGSLRLSCVHSGPTFRTDTMGWFRQAPGKGREFVAAVTWNSGRINYADSVKGRFTVSRDNTKNAAYLQMSGLKDEDTAVYYCTAHRFVVGGNRVEDWRYWGQGTLVTVSS
seq12418,QVQLQESGGGLVQAGGSLRLSCAASGRTFSNYAMSWFRQAPGKERGLVATIYRSGEGTYYLPSAKGRFTVSRDNAKNTAYLQMNSLKAEDTAVYYCAVMSRGTWSMWGQGTQVTVSS
seq12419,QVQLQESGGGLVQAGGSLRLSCTASGRTSSVNPMGWYRQAPGKQRELVAVISSDGSTNYADSVKGRFTVSRDNAKNTLYLQMNSLKPEDTAVYYCNANRRWSWGSEYWGQGTQVTVSS
seq12420,EVQLVESGGGLVQPGGSLTLSCAASGSSVQFLSMAWYRQAPGKKRELVAGISADGSTDYINSVKGRFTISRDNAKNSVYLQMNSLRAEDTAVYYCYAYRWRTRYTYWGQGTLVTVSS
seq12421,EVQLVESGGGSVQAGGSLRLSCAASERTFSSYGMGWFRQAPGKEREFVATINWSGVTAYADSVKGRFTISRDNAKKTVYLQMNSLKPEDTAVYYCAAEPYGSGSSLMSEYDYWGHGTQVTVSS
seq12422,EVQLVESGGGLVQPGGSLRLSCAASGRAFSDYAMAWFRQAPGQEREFVAGIGWSGGDTLYADSVRGRFTISRDNSKNTMYLQMNSLRAEDTAVYYCAARQGQYIYSSMRSDSYDYWGQGTLVTVSS
seq12423,EVQLVESGGGVVQPGGSLRLSCAASGRTFSSYVMGWFRQAPGKEREFVSTINWAGSRGYYADSVKGRFTISRDNAKNTVYLQMNSLRPEDTALYYCAASAGGFLVPRVGQGYDYWGQGTLVTVSS
seq12424,EVQLVESGGGLVQAGGTLRLSCAVSGFTLDDYAIGWFRQAPGKEREGVSSIRDNDGSTYYADSVKGRFTISSDNDKNTVYLQMNSLKPEDTAVYYCAAVPAGRLRFGEQWYPIYEYDAWGQGILVTVSS
seq12425,EVQLVESGGGLVQAGGSLRLSCAASGSSFSSYTMGAIRWSGESPYYADSVKGAIRWDGESPIYAESVKGRFTISRDNAKNTLYLQMNSLKPEDTAVYYCAARLVPPGIPIERTLESMRYWGKGTLVTVSS
seq12426,QVQLVESGGGLVQTGESLRLSCVASGFTFSRHPMAWYRQAPGKARELVASIASSSGMTDYHDSVKGRFTISRDNAKNTVYLQMNSLKPEDTAAYYCNALPTLPRNYWGQGTQVTVSS
seq12427,VQLQASGGGLVQAGGSLRLSCAASGSNISTNVMAWYRRAPGNQRDMVASISTSGTTNYLASVKGRFTISRDNAKNTVSLQMNSLKPEDTAVYTCYAAWPLNTWGQGTQVTVSS
seq12428,QVQLVESGGGLVPIGGSLRLSCAVSGLAFDRYTFNWYRQAPGKGREWVASIDSTSAVIDYEDTVKGRFTISRDNTKNTVYLQMNSLKPEDTAVYFCGRGGYYGQGTQVTVST
seq12429,EVQLVESGGGLVQAGGSLRLSCVTSRRPASTRTMAWYRQAPGKQRDWVATISSHGLPVYADSVKGRFTVSRDNANNTVYLQMNTLKPEDTAVYYCRDVNADYWGQGTPVTVSS
seq12430,QVQLQESGGGVVQAGDSLRLSCVASGRTFSSLDMGWFRQAPGKEREFVAGISRSGISQYYADSMKGRFTISRDNAKNLVYLQMNSLKPEDTAVYYCAAALTFRGSDLPRDSNYWGQGTQVTVSS
seq12431,QVQLVESGGGLVQAGGSLRLSCAASGPTFSTYAMGWFRQAPGKEREFVAAISWSGANTYYADSVKGRFTISRDNAKNTVYLRMNSLKPEDTAAYYCAASAIIEGFQDSIVIFSEAGYDYWGQGTQVTVSS
seq12432,DVQLVESGGGVVQPGGSLRLSCAASGSIGGLNAMAWYRQAPGKERELVAGIFGVGSTRYADSVKGRFTISRDNSKNTVYLQMNSLRPEDTALYYCRMSSVTRGSSDYWGQGTLVTVSS
seq12433,EVQLVESGGGLVQAGGSLRLSCAASGRTFTMGWFRQAPGKEREFVAAISLSPTLAYYAESVKGRFTISRDNAKNTVVLQMNSLKPEDTALYYCAADRKSVMSIRPDYWGQGTQVTVSS
seq12434,EVQLVESGGGLVQAGGSLRLSCAASGSTFSTYAMGWFRQAPGKEREFVASISRSGGRTYYADSVKGRFTISADNAKNTVYLQMNSLKPEDTAVYYCAAARYNERNSWGQGTQVTVSS
seq12435,QVQLVESGGGLVQAGGSLRLSCAASGRTFSTYVMGWFRQTPGKEREFVAGFSWSGDYAIYVNSVKGRFTISRDNAKNTVYLQMNSLRPEDTAVYYCAARQRGGYSGRSYYTGRNDYEYWGQGTQVTVSS
seq12436,LQESGGGLVQPGGSLRLSCASSRTIFSLHAMGWYRQAPGKQRELVATITRAGTTDYGDSVKGRFTISRDNAENTVYLQMGSLKPDDTAVYYCNARTIVPVPKNYWGQGTQVT
seq12437,QVQLQESGGGSVQAGGSLRLSCAASGNIIRVRCMAWFRQAPGKERERGPNILTTTISTYLADSVKGRFTISQNNAKSTVYLQMNSLKPEDTAMYYCAADSFGYPTCPGPASSGAFQYWGQGTQVTVSS
seq12438,QVQLQESGGGLVQPGGSLRLSCAASGFTFSNSAMSWMRQAPGKGVEWVSSIGIDGGRRYAEAVAGRFTISRDNAKNTLYLQMNSLKPEDTAVYYCAKGLASTIRGQGTQVTVSS
seq12439,EVQLVESGGQLVQAGGSLRLSCAATGRTYNSYSLGWFRQAPGKEHEFVAAISASGTLRAYADSVKGRFTISRDNAKNTVYLQMNNLKPEDTAVYYCARHHSVGWRASHHLSDYDNWGQGTQVTVSS
seq12440,EVQLVESGGGLVQAGGSLRLSCVTSRRPASTRTMAWYRQAQGKQRDWVATISSHGLPVYADSVKGRFTVSRDNANNTVYLQMNTLKPEDTAVYYCRDVNADYWGQGTQVTVSS
seq12441,EVQLVESGGGLVQAGGSLRLSCAASGNIFSHNAMGWYRQAPGKQRELVTYITINGIANYVDSVKGRFTISRDNTKNTMYLQMVSLKPEDTAVYYCNVGGREYSGVYYYREYWGQGTQVTVSS
seq12442,EVQLVESGGGLVLAGGSLRLSCVHSGPTFLTDTMGWFRQAPGKEREFVAAVTWNSGRINYADSVKGRFTVSRDNTRNAAYLQMSGLKDEDTAVYYCTAHRFVVGGREVQDWRYWGQGTQVTVSS
seq12443,QVQLVESGGGLVQAGGSLRLSCAASGSTFGNKPMGWYRQAPGKQRELVAVISSDGGSTRYAALVKGRFTISRDNAKNTVYLQMESLVAEDTAVYYCNALRTYYLNDPVVFSWGQGTQVTVSS
seq12444,EVQLVESGGKLVQPGGSLRLSCSASGRTFSFSTSTMGWFRQAPGKELEFVAAIDWSDFNTYYADSVKGRFTISRHNPRNSVYLQLNSLKPEDTATYYCAAHSETRGGTRYFDRPSLYNYWGQGTLVTVSS
seq12445,EVQLVESGGGEVQPGGSLRLSCAASEITFSDKTVGWYRQAPGKQRVLVAVISNVESTNYAESVKGRFTISRDNAKNTVYLQMSSLRAEDTAVYYCHARDFENEYWGQGTLVTVKP
seq12446,EVQLVESGGGLVQAGGSLRLSCAASGSIFSGNVMGWYRRQAPGKEREWVAAIASGGSIYYRDSVKGRFTISRDNAKNTVYLQMNSLKPEDTAVYYCNSHPPTLPYWGLGTQVTV
seq12447,EVQLVESGGGLVQPGGSLRLSCAASGFTFGDYVMGWFRQAPGKEREIVAAINWNAGYTAYADSVRGLFTITADNSKNTAYLQMNSLKPEDTAVYYCAKASPNTGWHFDHWGQGTLVTVSS
seq12448,QVQLVESGGGLVQPGGSLRLSCAASGYTYGSYCMAWFRQAPGKEREGVAGVDSDGTTRYADSVKGRFTISRDNSKNTLYLQMNSLRAEDTAVYYCAAGVCGTGGSWYEGDAGLFMYEFAYWGQGTLVTVSS
seq12449,DVQLQESGGGLVQAGGSLRLSCAASGRTSDVYAMGWFRQVPGKEREFVATINRSGSDSYYADSVKGRFTISRDNAKNTVYLQMNSLKPEETAVYYCAASRSDCIGYGCRRVSQDYWGQGTQVTVSS
seq12450,QLQLVESGGGLVQIGGSLRLSCAASGSDFSIYHMGWYRQAPGKQRELVAAITSGGSTNYADSVKGRFTISSDNAKNTVYLQMNSLKPEDTAVYYCNADGVPEYSDYASGPVYWGQGTQVTVSS
seq12451,VQLQASGGGLVQAGGSLRLSCTASGRTFSNYHMGWFRQAPGTEREFVSSIKWSGGNTYYADSVKGRFTISRDNAKNAVYLQMNSLKPEDTAVYYCATGSKYGGSWSRSQDAYNYWGQGTQVTVSS
seq12452,QVQLVESGGESVEAGGSLRLSCVSSGDSRSGDILGWFRQAPGKEREGVAAIGRRGGTTYYSNSVKGRFTISQDKSKNTVYLTMNSLAPEDTAIYYCAATTSGLWARRRRSDWNYWGQGTQVTVSS
seq12453,QVQLVESGGGLVQPGGSLRLSCAASGSIFSIPVMTWVRQAPGKGLEWVAGISKGGTSNYADSVKGRFTISRDNSKNTLYLQMNSLRAEDTAVYYCNAQASSFGWMPLSDYWGQGTLVTVSS
seq12454,EVQLQASGGGLVQTGDSLRLSCADSGSTFRNYNIGWFRQTPGQAREFVAAVSRTGISTHVADSLQGRFTISRDNAKNTVYLQMNSLKPEDTAVYSCAAGRPGVGAVNRAMDYDYWGQGTQVTVSS
seq12455,DVQLVESGGGSVQAGGSLRLSCAASGVTLNNYCVGWFRQAPGKEREGVAAFKSGGSFTYYADSVKGRFTISKDNAKNTMYLQMNSLNSDDTAMYYCAVTRNSCLGLAKFRPSSYNYWGQGTQVTVSS
seq12456,EVQLVESGGGLVQPGGSLRLSCVGSGDGFSISAVGWYRQTPGKQREWVAVIFASGSTDYAGSVKGRFTISRDNAKNTVYLQMNSLKPEDTAVYYCNAGVTTNPGVHRASRHWGQGTQVTVSS
seq12457,VKLVESGGGSVQAGGSLRLSCAASRYTDNFVYMGWFRQAPGKEREGVALIYPGGGSTYYASSVKGRFTISQDNAKGTVHLQMNNLKPEDTAMYYCAAKWGLGGGGLKSDTYMYWGQGTQVTVSS
seq12458,QVQLQESGGGLVQAGASLNLSCAASGGTFRHYGMGWFRQAPGKEREFVAAISWTGGVTFYGDSVKGRFTISRDDEKNTVDLQMNNLKAEDTAVYYCNVRGGRPASRDDPGYWGQGTQVTVSS
seq12459,EVQLVESGGGLVQPGGSLRLSCAASGFTLDSYAIGWFRQAPGKEPEGVSCISTSDGSTYYADSVKGRFTISRDNAKNTVYLQMNSLKPEDTAVYYCTADGGPHAPLTVQDMCVMAIADYWGQGTQVTVSS
seq12460,EVQLVESGGGLVQAGGSLRLSCAASGGTFSFYGMGWFRQAPGKEQEFVADIRTSAGRTYYADSVKGRFTISRDNAKNTVYLQMNSLKPEDTALYYCAAEMSGISGWDYWGQGTQVTVQS
seq12461,EVQLVESGGGLVQAGGSLRLSCAASGSIFSIYAMGWFRQAPGKEREWVATISWGGNSTYYADSVKGRFTISADNAKNTVYLQMNSLKPEDTAVYYCAARPRFRTYGYWGQGTQVTVSS
seq12462,QVQLVESGGGSVEAGGSLRLSCVVSGYSVSIGCMAWFRQAPGSGREGVAGISRGGSMTDYTASVKGRFTISRDNDQRTVTLQMNSLKPEDTAVYYCARDGPEIATMIGGSRGRGTQVTVSS
seq12463,QVQLQESGGALVQPGGSLRLSCAASGFTLDDYAIGWFRQAPGREREGISCISSNVGSTYYADSVKGRFTISRDNAKNTVYLQMNSLKPEDTAVYYCAARQYGLCVVDRYYYDMGYWGKGTPVTVSS
seq12464,QVQLQQSGGGLVQAGGSLRLSCAASGSIRSSNVMGWYRQTPGKQRELVATMTAGGLTNYADSVKGRFTISRDNAKNTVYLQMNSLKPEDTAVYYCHYRRIFNVYWGQGTQVTVSS
seq12465,EVQLVESGGDSVQAGGSLRLSCVASSSTYSGNCMAWFRQAPGKEREGVAVVYTDDDTTYYADSVKGRFTISQDTAKNTLYLQMNSLKPEDTAMYYCATRDAWRRIGSWRDVAIYDYWGQGTQVTVSS
seq12466,EVQLQESGPGLVKPSQTLSLTCTVSGGSITSRYYAWSWIRQPPGKGLEWIGVIDYDGDTYYSPSLKSRVSISWDTSKNQFSLQLSSVTPEDTAVYYCARDPDVVTGFHYDYWGQGTKVTVSS
seq12467,MAESGGGSVQTGGSLRLSCAYTASSVCMAWFRQAPGKEREGVAVTRDGLPQTGYADSVKGRFAISQDYAKKTLYLQMSSLKPEDTARYYCAARPTSPCTVDGELLASTYNYWGQGTQVTV
seq12468,QVKLEESGGGLVQPGDSLRLSCAASGFTFSSHYMSWFRQAPGKEREFVAAITSSSRTYYTESVKGRFTISRDNAKNTVYLQMDSLKSEDTAVYYCAADRTFYGSTWSKYDYRGQGTQVTVSS
seq12469,RLSCAASGSIFSINAMGWYRQAPGKQRELVAAITSGGSTNYADSVKGRFTISRDKAKNTVYLQMNSLKPEDSAVYYCNARTPITMVRGVDYWGRGTLVTVSS
seq12470,DVQLVESGGGLVQPGGSLRLSCAASGFTFDDYAIGWFRQAPGEEREGVSSISSTYGLTYYADPVKGRFTISSDNSKNTVYLQMNSLRPEDTAVYYCAATPIGLIGLDAYEYDYWGQGTLVTVSS
seq12471,EVQLLESGGGLVLPGGSLRLSCVHSGPTFRTDTMGWFRQAPGKGREFVAAVTWNSGRINYADSVKGRFTVSRDNTRNAAYLQMSGLKAEDTAVYYCTAHRFVVGGNRVEDWRYWGQGTLVTVSS
seq12472,EVQLVESGGGLVQAGGSLRLSCAASRGTFGTDIMGWFRQAPGKEREFVAAISWRGANTYYGYSVKGRFTISRDNAKNTMYLQMADLKPEDTADYYCGVHLNGTPYYYASGYRYWGQGTQVTVSS
seq12473,EVQLVESGGGLVQPGGSLRLSCAASGRTFSDDTMGWFRQAPGKEREFVAGINWSGNGVYYADSVKGRFTISADNSKNTAYLQMNSLKPEDTAVYYCATDPPLFWGQGTLVTVSS
seq12474,EVQLVESGGGLVQAGGSLRLSCAASGRALSRYVMGWFRQAPGKEREFVAAITWGGSNTLYAESVKGRFTISSDNAKNTVYLQMNSLEPEDTAVYYCAADFNRYGMGRDPRQYDYWGQGTQVTVSS
seq12475,EVQLVESGGGLVQPGGSLRLSCAASGSIFRINTMAWYRQAPGKQRELVATITNGGNTNYADSVKGRFTISRDNAKNTVYLQMNSLKPEDTAVYYCKAEIGSTRIRDTYYYRDYWGQGIQVTVSS
seq12476,QVQLQESGGGLVQAGRSLRLSCAASGSIFSINDMGWFRQVPGKQRELVAAITSGGSVNYAEPVKGRFTISRDNGKNTVYLQMNSLKPEDTAVYYCNAKVAGTFSIYDYWGQGTQVTVSS
seq12477,EVQLVESGGGLVQAGGSLRLSCAASGRAFSNYAMGWFRQAPGKEREFVAAISWSGGSAVYSDSVKGRFTISRDVAKNTMYLQMNSLKPEDTAVYYCAAGNGGRQYGHSRARYDSWGQGTQVTVSS
seq12478,EVQLVESGGGLVQPGGSLRLSCAASGRTFSSIAMGWFRQAPGKERELVAEITEGGISPSGDNIYYADSVKGRFTISADNSKNTAYLQMNSLKPEDTAVYYCAAELHSSDYTSPGAESDYGWGQGTLVTVSS
seq12479,EVQLVESGGGLVQAGGSLTLSCTSSTLTFTPYRMGWYRQTPGKQRDLVADISPGDGSTKNYAGFAQGRFTISRDNIKNTVYLQMNDLKPEDTAVYYCNTYVAFVGRARTWGQGTQVTVSS
seq12480,QVKLEESGGGSVQTGGDLRLTCAASGRTSRSYGMGWFRQAPGKEREFVSGISWRGDSTGYADSVKGRFTISRDNAKNTVDLQMNSLTPEDTAQYYCAAAAGSAWYGTLYEYDYWGQGTQVTVSS
seq12481,EVQLVESGGGLVQPGGSLRLSCAASGFTFENYALGWFRQAPGKEREWVSCISSSDGTTYYADSVKGRFTISRDNVKNTVYLQMNRLKPEDTAIYYCALSLGSSWCAYDYWGQGTQVTVSS
seq12482,EVQLVESGGGLVQPGGSLRLSCAASGLTISTYNMGWFRQAPGKERELVSAIGWSGASTYYADSVKGRFTISADNSKNTAYLQMNSLKPEDTAVYYCAAFRGRMYDWGQGTLVTVSS
seq12483,VQLQESGGGLVQAGGSLRLSCAASGSILSINSMGWYRPALGNQRELVAAITNDGRTTYVDSVKGRFTISRDNAKNTVYLQMNSLKPEDTAVYWCKAFTRDKDYWGQGTQVTVSS
seq12484,QVKLEESGGGLVQAGGSLRLSCAASGRTFSMYRMGWFRQAPGKEREFVGVITRNGSSTYYADSVKGRFTISRDNAKNTVYLQMNSLKPEDTALYYCAATSGSSYLDAAHVYDYWGQGTQVTVSS
seq12485,EVQLLESGGGLVQPGGSLRLSCAASGDTFSVYGMGWFRQAPGMGREFVAGISWNAGITAYTDTLKGRFTISRDRAKNTMYLQMNSLQPEDTAVYYCAADVTRHYIATRSKVDASMYDYWGQGTLVTVSS
seq12486,EVQLVESGGGLVQPGGSLRLSCRASGRAINAYNMGWFRQAPGKGREFVSAINWNAARTYYAESVKGRFTISRDNAKNTLYLQMSSLRAEDTAVYYCAASGRWSAAVPSGEDQYNFWGQGTLVTV
seq12487,EVQLVESGGGLVQAGGSLRLSCAASERTYSMGWFRQAPGKEREFVAGSGWDGIPTRYADSVKGRLTISRDNAKNTVSLQMSGLKPEDTAIYYCATGTSVYHYQYWGQGTQVTVSS
seq12488,QVQLVESGGGLVQAGGSLRLSCAASGSSFSSYTMGAIRWSGESPYYADSVKGAIRWSGESPIYADSVKGRFTISRDNAKNTLYLQMNSLKPEDTAVYYCAARLVPPGIPIERTLESMKDWGKGTLVTVSS
seq12489,EVQLLESGGGEVQPGGSLRLSCAASGFSFSINAMGWYRQAPGKRREFVAAIYSGRNTVYAESVKGRFTISRDNAKNTVYLQMSSLRAEDTAVYYCGLLKGNRVVSPSVAYWGQGTLVTVKP
seq12490,VQLQESGGGLVQSGGSLRLSCAASGSVFSINAWGWYRQAPGKQRELVAAITNQGRIAYAPSVNGRFTISRDSAKNTVYLQMNSLKPEDTAVYYCNAKPTPVYGSTVGDYWGQGTQVTVSS
seq12491,EVQLVESGGGLVQPGGSLRLSCAASGFTFDDYAIGWFRQAPGKEREGVSSISSTYGLTYYADSVKGRFTISRSNSKNTVYLQMNSLKPEDTAVYYCAATPIERLGLDAYEYDYWGQGTLVTVSS
seq12492,EVQLVESGGGLVQAGGSLRLSCAASGRTYYAMGWLRQAPGKEREFVAAISGSGDDTYYADSVKGRFTISKDNAGITMYLEMNSLKPEDTAVYYCATRRGRYYVWDSNDYENWGQGTQVTVSS
seq12493,QVQLQESGGGLVQPGGSLRLSCVVSGSFLSINHMGWYRQVSGEQRELVAAITSGGSTNYADSVKGRFTISRDSAKNTVYLQMNSLKPEDTAVYYCNADALTMLPPFDFWGQGTQVTVSS
seq12494,EVQLVESGGGLVQAGGSLRLSCAASGGTFSNYAMGWFRQAPEKEREFVAAVIWRGGSTYYADSVKGRFTISRDNARNTVYLQMNSLKPEDTAVYYCAADLLGNSDYEPSSGFGSWGQGTQVTVSS
seq12495,QVQLQESGGGLVQPGGSLRLSCAASGFTFSTYWMSWVRQAPGKGLEWVSCINTGGTTYYADSVKGRFTISRDNAKNTLYLQMNNLKPEDTALYYCVKAPRDYWGQGTQVTVSS
seq12496,EVQLVESGGGLVQPGGSLRLSCAASGFTCGDYTMGWFRQAPGKEREIVASITSGGRKNYADSVKGRFTISADNSKNTAYLQMNSLKPEDTAVYYCAAALDDYSGSWGQGTLVTVSS
seq12497,EVQLVESGGGLVQPGGSLRLSCAASGSSLDAYGMGWFRQAPGKEREFVAAISWGGGSIYYADSVKGRFTISADNSKNTAYLQMNSLKPEDTAVYYCARLSQGMVALDYWGQGTLVTVSS
seq12498,EVQLVESGGGLVQPGRSLTLSCAASTNEFSISPMGWYRQAPGKQRELVAAIHGESTLYADSVKGRFTISRDNAKNSIYLQMNSLRPEDTALYYCNKVPWGDYHPGNVYWGQGTQVTVSS
seq12499,EVQLVESGGGLVQPGGSLRLSCAASGFTFSTSWMGWFRQAPGKERELVAAMTSGGGTNYADSVKGRFTISADNSKNTAYLQMNSLKPEDTAVYYCAADVWYGSTWRNWGQGTLVTVSS
seq12500,EVQLVESGGGSVQTGGSLRLSCAASGRSFSTYAMAWFRQAPGKEREFVAAINRRATDTVYADSAKGRFIISRDNDKNTVYLQMDSLKTEDTAVYYCAAAKNAYDWRWDRLRDRDYWGQRGQGTQVTVSS
seq12501,ELQLVESGGGLVQPGGSLRLSCAASGFTFSNAYLYWVRQVPGKGLEWVSGINPAGDGRAYATSVKGRFTISRDNAKNTLYLQMNTLESDDTAVYYCATASRVVAYDSWGQGTQVTVSS
seq12502,QVQLQESGGGLVQAGGSLRLSCAASGSVFSIDAMGWYRLAPGQQRELVAVLNGISSAKYADSVKGRFTISGDSAKNAVYLQMDGLKPEDTAVYYCYADVSTGWGRDAHGYWGQGTQVTVSS
seq12503,EVQLVESGGGLVQPGGSLRLSCAASGLTLDDYAIGWFRQAPGKEREGVSSIRDNGGSTYYADSVKGRFTISSDNSKNTVYLQMNSLRPEDTAVYYCAAVPAGRLRFGEQWYPIYEYDAWGQGTLVTVSS
seq12504,EVQLLESGGGLVQPGGSLRLSCVHSGPTFRTDTMGWFRQAPGKGREFVAAVTWNSGRINYADSVKGRFTVSRDNTRNAAYLQMSGLKPEDTAVYYCTAHRFVVGGNRVEDWRYWGQGTLVTVSS
seq12505,EVQLVESGGGLVQAGGSLRLSCAASGSLRSINTMAWHRRAPGKEREWVATITGSDETIVADSVKGRFAISRDAANNTLSLEMNGLKPEDTAVYYCAAFTATLVPYWGQGTQVTVSS
seq12506,EVQLVESGGGEVQPGGSLRLSCAASGSTFSMYHMSWFRQAPGKQREPVATSHHGGTTNYAGSVKGRFTISRDNAKNTVYLQMNSLRPEDTAVYYCKADHGYEGRGYWGQGTLVTVKP
seq12507,EVQLVESGGGSVQPGESLRLSCVASGYTVSSSCMAWFRQAPGKEREVVATIVVTSDTTSTFYADSVKGRFTISPDNAKNTLNLQMNSLEPPDTAMYYCAADRKWNVCSRGYRYTPNWANQFTFWGQGTQVTVSS
seq12508,QVQLVESGGGLVQPGGSLRLSCAASGSIFRLNDMGWYRQPPGKQREMVATITKGGTTNYADSVKARFTISRDNAKNTVYLQMNSLKPEDTAVYYCNADISTYSAFGLFTPPKNYWGQGIQVTVSS
seq12509,DVQLVESGGGLVQPGGSLRLSCAASGSTFSIWAVAWYRQAPGKRRELVAGISGGGVTNYPDSVKGRFTISRDNSKNTVYLQMNSLRPEDTAVYYCNLWPPRASPGGRVYWGQGTLVTVSS
seq12510,QVQLQESGGGSVQAGGSLRLSCAASGYTSSRKYIGWFRQAPGKQREWVAGIDTGAGGTCTIASVQGRFTISQDVAKNTLYLQIDSLKPEDTAVYYCAADWVRGGFCSGDADFRYWGQGTQVTVSS
seq12511,EVQLVESGGGLVQPGGSLRLSCAASGRSRFSTYVMGWFRQAPGKEREFVAAISWSQYNTKYADSVKGRFTISADNSKNTAYLQMNSLKPEDTAVYYCAAGNGGRNYGHSRARYDWGQGTLVTVSS
seq12512,EVQLVESGGGLVQPGGSLRLSCAASGFTFDDYGMSWVRQAPGKALEWVSAISWNGNNTYYTESMKGRFTISRDNAKNTLYLQMNCLRPEDTAVYYCVKGSTAIVGVPPTYPDEYDYWGQGTLVTVSS
seq12513,AVQLVESGGGSVQGGGSLTLSCVASGKTYCMGWYRQAPGKEREGVAVIYPDYNVRYYGTSVEGRFSISKGNNREVLLQMNSLKPEDTAMYYCAAREEYGQCATSNRPNPDGFSSWGQGTQVTVSS
seq12514,QVQLVESGGGLVQAGDSLRLSCAASGRTFSGYAMGWFRQAPGKELEFVARINWSGTLTYYADSVKGRFTGSRDNAKNTVYLQMNSLKPEDTAVYYCAQRGDSGSNYDPSGYSYWGQGTQVTVSS
seq12515,QMQLVESGGGSVQAGGSLRLSCTVSGYTDYRLVLRWYRQALGKEREFISAIYSDGVTSYSDSVKGRFTISRDNAKNTAYLQMNSLKSEDTAMYYCKATGSGGVAYWGQGTQVTVSS
seq12516,EVQLVESGGGLVQPGGSLRLSCAASGPIYAVNRMGWFRQAPGKEREFVAGIWRSGGHRDYADSVKGRFTISADNSKNTAYLQMNSLKPEDTAVYYCARGEIDILTGYWYDYWGQGTLVTVSS
seq12517,DVQLVESGGGSVQPGGSLRLSCEVSGDTYTGNCLGWFRQAPGKERVMVATINIKHGRPYYADSVKGRFTISQDSATTTYLQMESLQPEDTAMYFCAAIQPTYGIDFFGSCPSESADFDYWGQGTQVTVSS
seq12518,QVQLQESGGGLVQAGGSLRLSCAASGRTSSSSTMAWFRQAPGKEREFVAAITLSGGSTHYADSAKGRFTISRESAKNTVYLQMNSLKPEDTADYYCAARRWSNNRGGYDRAGYDYWGQGTQVTVSS
seq12519,EVQLVESGGGLVQAGDSLRLSCAASGLTFSSFAMGWFRQAPGKEREFVAAISRSGYGTSEADSVRDRFIISRDNAKNTVTLHLSRLKPEDTAVYYCAAEHTLGRPSRSQINYLYWGQGTQVTVSS
seq12520,DVQLQASGGGSVQAGGSLRLSCAASGYTIGPYCMGWFRQAPGKEREGVAAINSGGGSTYYADSVKGRFTISQDNAKNTVYLLMNSLEPEDTAIYYCAADSTIYASYYECGHGLSTGGYGYDSWGQGTQVTVSS
seq12521,EVQLVESGGGLVQAGGSLRLSCAASGSAFSIAAMGWYRQAPGKQRELVATITTGGSTNYADSVKGRFTISRDNSKNTAYLQMNSLKPEDTAVYYCTAKSVVAETFGDLYNYWGQGTQVTVSS
seq12522,EVQLVESGGGLVQPGGSLTLSCVASGSTFSINAMGWYRRAPGKQRELVAGISSDGSKVLADSVKGRFTISRDNAKNSVYLQMNSLRAEDTAVYYCYYFRLVSGSSMRYWGQGTLVTVSS
seq12523,EVQLVESGGDLVQPGGSLRLSCTAYGFIFDQARMFWARQAPGKGFEWLSSILTAGDTWYSDSVKGRFIISRDNAKNTLYLQMNDLKSEDTAVYYCSKDGIYSSKGQGTQVTVSS
seq12524,QVQLQESGGGLVQAGGSLRLSCAASGFIFRAASMGWFRQSPGNERELVATVSSGGFTNYADSVKGRFTISRDNAKNTVYLQMNSLKPEDTAVYFCGATFVRSDGHHTIYGQGTQVTVSS
seq12525,EVQLVESGGGLVQPGGSLRLSCAASGRAFRRYTMGWFRQAPGKERELIAVINWSGDRRYYADSVKGRFTISADNSKNTAYLQMNSLKPEDTAVYYCAATLAKGGGRWGQGTLVTVSS
seq12526,QVQLQESGPGLVKPSQTLSLTCTVSGGSITTSYYAWSWIRQPPGKGLEWMGVIVYDGSTYSSPSLKSRTSISRDTSKNQFSLQLSSVTPEDTAVYYCAREPYISGSSWYSIRSSEGMDYWGKGTLVTVSS
seq12527,QVQLVESGGGLVQAGGSLRLSCAASGFTFDDYAIGWFRQAPGKEREGVSCISSSDGSTYYTDSVKGRFTISSDNAKNTVYLQMNSLKPEDTAVYYCAADTTFFGCSLNRDYDYWGQGTQVTVSS
seq12528,EVQLVESGGGLVQAGGSLRLSCAASGRTFSRYAMGWFRQAPGKEREFVASISRSGGSTRYADAVKGRFTISRDNTNNTVYLLMNNLKPEDTAVYYCTARRRISGTPQWHYWGQGTQVTVSS
seq12529,EVQLVESGGGLVQPGGSLRLSCAASGIRFISMAWYRQAPGKQRELVARISSGGTTAYADSVKGRFTISRDNSKNTVYLQMNSLRAEDTAVYYCNTFSSRPNPWGQGTLVTVSS
seq12530,QVQLQESGGGLVQAGGSLRLSCAVSGNTLSRYAMGWFRQTPGKEREFVAAIRWNNAATYYADSVEGRFTISRDSGKNTVYLQMNNLKPEDTAVYYCAGRFLGYASSNAYHEALYNYDYWGQGTQVTVSS
seq12531,QVQLQESGGGLVQPGGSLRLSCADSGSTFGLSAMGWYRQTPGKQRELVASITSDGRTNYADSVKGRFTISRVNPKRTVYLQMNSLKPDDTAVYVCNARFGIRDFWGQGTQVTVSS
seq12532,EVQLVESGGGLVQAGGSLRLSCAASGRTFSNYAMDWFRQAPGKEREFVAAISKSDGSTYYADSVKGRFTISRDNAKNTVYLQMNSLKPEDTAVYYCAAEGDSSPMGGVTYDYWGQGTQVTVSS
seq12533,QVQLVESGGGLVQAGESRRLSCAVSGDTSKFKAVGWYRQAPGAQRELLAWINNSGVGNTAESVKGRFTISRDNAKNTVYLQMNRLTPEDTDVYYCRFYRRFGINKNYWGQGTQVTVSS
seq12534,EVQLVESGGGLVQPGGSLRLSCVASAYIFNINHMGWYRQAPGKRREVVAAVSSAGNTYYADSVKGRFTISRDDAKNTVYLQMNNLKPEDTAVYYCNRLAPTGGTWPDYWGQGTQVTVSS
seq12535,QVQLQQSGGGSVQAGGSLRLSCAASGGTFATSPMGWLRQAPGKEREFVAAISPSGGDRIYDDSVKGRFTISRDNAGYFIYLQMNSLKPEDTARYYCAVRRRFDGTSYYTGDYDSWGQGTLVTVSS
seq12536,EVQLVESGGGLVQAGGSLRLSCAASGRTFSTNPMGWFRQSPGNEREFVAAHRWSDGNTYYADSVKGRFAISRDNAKKTVYLQMNSLKSEDTAVYYCAAGRPWSSYRSPDEYVYWGQGTQVTVSS
seq12537,EVQLVESGGGEVQPGGSLRLSCAASEIIFSDKTVGWYRQAPGKQRVLVAVISNVDATNYAESVKGRFTISRDNAKNTVYLQMSSLRAEDTAVYYCYARDFESEYWGQGTLVTVK
seq12538,EVQLLESGGGVVQPGGSLRLSCAASGRTFNNYNMGWFRQAPGKGREFVAAVSRSGVSTYYADSVKGRFTISRDNSKNTVYLQMNSLRPEDTAVYYCAAAYRGTAINVRRSYSSWGQGTLVQVSS
seq12539,EVQLVESGGGLVQAGGSLRLSCVASGRTFSNYALAWFRQAPGKEREFVAAINWRSGGSTYYADSVKGRFTISRDNAKNTVYLQMNSLKPEDTAVYYCAADLIVATLPGEYDYWGQGTQVTVSS
seq12540,QVQLQESGGGLVQPGGSLRLSCAASGSISSINAMGWYRQAPGKQRELVAAITGQGRTTYADSVKGRFTISRDGAKNTVYLQMNSLKPEDTAVYYCKVFAADGMEYWGKGTQVTVSS
seq12541,DVQLQASGGGLVQIGDSVRLSCIASGGTFRTYAIGWFRQAPGAEREFVAAISRRGNKDYAESVKGRFTVSRDNAENTVYLQMNSLKPDDMGVYYCAASARNFIGTQPLDYDYWGQGTQVTVSS
seq12542,EVQLVESGGGSVQAGGSLRLSCAASGSIFNINAMGWYRQARGKGRELVAVVTNGGTTTYTGSVKGRFTISRDNAKNTVYLQMNSLKLEDTAVYYCAGVEESPFHSGTYYPLPGDYWGQGTQVTVSS
seq12543,EVQLVESGGGSVQPGDSLRLSCAASGRANSINWFGWFRQTPGKEREFVAGIRWSDAYTEYAASVKGRFTISRDNSKNTVDLQMDSLRPEDTAVYYCVLDLSTVRYWGQGTLVTVSS
seq12544,QVQLQESGGGLVQPGGSLRLSCAASGNIGSINAMGWFRQAPGKQREWVATITSSGTPAYADSVKGRFIISREYAGNTVFLQVNSLKPEDTAVYYCFADEYDSSTTYTRWGPGTQVTVSS
seq12545,EVQLVESGGGLVQAGGSLRLSCSASGRTLGQYTVGWFRQDPGFEHQFVAAIGGTDGRTSYADSVKGRFIISRDNAKNTVYLQMNNLKPEDTAIYYCATPHDYQYDNAVPISLREYDYRGQGTQVTVSS
seq12546,QVQLQESGGGVVQAGGSLRLSCVAPGSITRLGSMGWYRQPPGKQRELVALITAVGNTNYGDSVKGRFTISRDNAKKMVYLEMNSLKPEDTAVYYCWIPPIPWGQGTQVTVSS
seq12547,EVQLVESGGGLVQAGGFLRLSCELRGSIFSQYAMAWFRQAPGKEREFVAGMGAVPHYGEFVKGRFTISRDNAKSTVYLQMSSLKPEDTAIYFCARSKSTYISYNSNGYDYWGRGTQVTVSS
seq12548,EVQLVESGGGLVQAGGSLRLSCVASGRTFSSYAMGWFRQAPGKEREFVAGISGSGSRKYYADSVKGRFTISRDNARNTVYLQMNSLKPEDRAVYYCAASNSYPKVQFDYYGQGTQVTVSS
seq12549,EVQLVELGGGLVQAGDSLTLSCTASGRTFDNYAMGWFRQAPGKEREFVAAISWSLSRTHYADYVKGRFTISRDNAKNTVLLQMSSLKPEDTAVYYCAAAPRPKRISVSYFSTTSNYDYWGQGTQVTVSS
seq12550,EVQLVESGGGSVQAGGSLRLSCAASERTFSPYAMGWFRQAPGKEREFVAHITWSAGSTYYADSVKGRFTISRDNAKNTVYLQMNSLKPEDTAVYYCAAKRRYGIVDRDYNDWGQGTQVTVSS
seq12551,QVQLQESGGGLVQAGGSLRLSCAASRRTFSGYAMGWFRQAPGKEREFVAVVSGTGTIAYYADSVKGRFTISRDNAENTVYLQMNSLKPEDTGLYYCAVGPSSSRWYYRGASLVDYWGKGTLVTVSS
seq12552,EVQLVESGGGLVQAGGSLRLSCAASRNILSLNTMGWYRHAPGKPRELVARISSNSKTDYADSVKGRFTISRDNAKNTVLLQMNSLKPEDTGVYYCNLNVWRTSSDYWGQGTQVTVSS
seq12553,EVQLLESGGGLVQPGGSLRLSCAASGRTFNNYNMGWFRQAPGKGREFVAAVSRSGVSTYYADSVKGRFTISRDNSKNTLYLQMNSLRPEDTAVYYCAAAYRGTAINVRRSYDSWGQGTLVTVSS
seq12554,QVQLQESGGGLVQPGGSLRLSCATSGFPLRVYGVGWFRQAPGKEREGVSCSSVHGARIHYADSVKGRFTISRDNAKNTVFLEMNDLKPEDTAVYYCATTDCEATSWGTYISWHGQGTQVTVSS
seq12555,QVQLVESGGGLVQPGGSLRLSCAASGFTFSSYWMYWVRQAPGKGLEWVSTISAAGDYTAYADSVKGRFTISRDSARNTVYLQMSSLKSEDAAMYYCAKDPLETGWAWAFDYWGQGTQVTVSS
seq12556,EVQLVESGGGLVQAGGSLRLSCAASGSPISSYAMGWYRQAPGKPRELVARIYTGGTAWYEDSVKGRFTISRDNAQNTVYLQMNSLKSEDTAVYYCHGRVRYDYWGQGTQVTVSS
seq12557,QVQLQESGGGLVQAGGSLRLSCAASGRTFSRFAMGWFRQAPGKEREFVAAISWSGGMIYYTDSVKGRFTISRDNAKNMLYLQMNSLKPEDTAVYYCAVDTRNVIGPRAGDYWGQGTQVTVSS
seq12558,QIQLVESGGGSVQAGGSLRLSCAVTGISISPDCMGWFRQAPGKKREAVATIFTNTASTRYGDSVKGRFTSSQGNGKNTLYLQMDSLNVDDTATYYCAARYTGGNCFNLEPLAWHFWGQGTQVTVSS
seq12559,EVQLVESGGGLVQAGASLRLSCAASGRTFSRYDIGWFRQAPGKGREFVAAINWSGGTTSFGDSVKGRFTISRDNAKNTVYLQMNSLKPEDTAVYYCAALRSWPRGVDSGSWGQGTQVTVSS
seq12560,EVQLVESGGGLVQPGGSLRLSCAASGTTFRINVMAWYRQAPGKGRELVAGIITNGSTSYADSVKGRFTISRDNAKNTLYLQMNSLRPEDTAVYYCAFVTTNSDYDLGRDYWGQGTLVTVSS
seq12561,EVQLVESGGGLVQPGGSLRLSCAASGTLFKINAMGWYRQAPGKRRELVALITSSDTTDYAESVEGRFTISRDNTWNAVYLQMNSLKPEDTAVYYCHSDHYSIGVPEKRVIMYGQGTLVTVSS
seq12562,EVQLVESGGGLVQAGGSLRLSCAASGSILSISPMGWFRQAPGKERELVAINFSWGTTDYADSVKGRFTISADNAKNTVYLQMNSLKPEDTAVYYCAAIAYEQGVYRWDWGQGTQVTVSS
seq12563,QVQLQESGGGSVQTGGSLRLSCTASTSIYSNNYMAWFSQAPGKGREGVAAVYIGDGRPYYADSVKGRFTISLDSAKNTVYLQMNSLKPEDTAMYYCAAAPGPLSHNYWYTSANYDYWGQGTQVTVSS
seq12564,DVQLVESGGGLVQPGGSLRLSCAASGRTFRHYAMGWFRQAPGKEREFVAAISSYGSTDYADSVKGRFTISRDNSKNTVYLQMNSLRPEDTAVYYCAAADETLGAVPNFRLHEKYEYEYWGQGTLVTVSS
seq12565,EVQLQASGGGLVQAGGSLRLSCAASGFKITHYTMGWFRQAPGKEREFVSRITWGGDNTFYSDSVKGRFTISRDNAKNTVYLQMNSLKPEDTADYYCAAGSTSTATPLRVDYWGKGTQV
seq12566,QVQLVQSGGGLVQAGGSLRLSCAASGRTFNNNGMGWFRQAPGKEREFVAAISWSGGSTYYADSVKGRYIMSRDNAKNTVYLQMNSLKPEDTAVYYCAARTRYNSGLFSRNYDYWGQGTQVTVSS
seq12567,EVQLVESGGGLVQAGGSLRLSCAASGFTFDDYAIGWFRQAPGKEREGVSCISSSDGSTYYADSVKGRFTISSDNAKNTVYLQMNSLKPEDTAVYYCAAAWGASRLPIGTMPPYEYDYWGQGTQVTVSS
seq12568,EVQLVESGGGLVQPGLSGRSDNHGSLRLSCAASGFTFDDYGMSWVRQAPGKALEWVSAISWNGNNTYYTESMKGRFTISRDNAKNTLYLQMNSLRPEDTAVYYCVKGSTAIVGVPPTYPDEYDYWGQGTLVTVSS
seq12569,EVQLVESGGGLVQPGDSLKLSCAFSGRTFSSYSMGWFRQAQGKEREFVVAISSGGFIYDAVSLEGRFTISRDNTKNTVYLQTPSLKPEDTAVYYCAASRAYGSSRLRLADTYDYWGQGTQVTVSS
seq12570,QVQLQESGGGSVQAGETLRLSCTASGFTFDDSDMGWYRQAPGNECELVSHISSDGSTYYADSVKGRFTISQDNAKNTVFLQMNSLKPEDTAVYYCAADKDARGYELGTCESLDYWGRGTQVTVSS
seq12571,EVQLVESGGGLVQPGGSLRLSCAASGDVHKINILGWYRQVPAKEREMVAHITIGDATDYADSAKGRFTISRDEAKNMVYLQMNSLKPEDTAAYFCRAYSRIYPYNYWGQGTLVTVSS
seq12572,VQLQESGGGLVQAGDSLRLSCAASGRDFATYSMAWFRQAPGKERESVATISWSGQRTRYADSVKGRFTISRDNAKNTVYLQMNSLKPEDTAVYYCAAPRTWGEFPPTQYDSWGQGTQVTVSS
seq12573,VQLVETGGGLVQPGGSLRLSCAVSGLDLGEHAIGWFRQAPGKEREGVLCISNRGNTADFPTSPVSKGGRFAISRDVAKSVVYLQINDLKLEDTANYSCAATYSFYYCPTHWTDDVYWGQGTQVTVAS
seq12574,EVQLVESGGGLVQAGGSLRLSCTASGSAFSSTVVGWFRQAPGKEREFVTAINWSGARTYYADSVKGRFTISRDNAKNTAYLQMNSLKPEDTAVYYCAAGSDRYARVLTEYEYVWWGQGTQVTVSS
seq12575,EVQLVESGGGVVQTGASLRLSCAASGRTFSNYAMGWFRQAPGKERERVAAITPRAFTTYYADSVKGRFTISRDNAKNTAYLQMVSLKPEDTAVYYCAAQLVGSGSNLGRQESYAYWGQGTLVQVSS
seq12576,EVQLVESGGGLVQPGGSLRLSCAASGFTCDDYGMSWVRQAPGKALEWVSAISWNGNNTYYTESMKGRFTISRDNAKNTLYLQMNSLRPEDTAVYYCVKGSTAIVGVPPTYPDEYDYWGQGTLVTVSS
seq12577,EVQLVESGGGLVQAGGSLRLSCVASGISSSIRNMGWYRQAPGKQRESVATISSGGNKDYTDAVKDRFTISRDTTKNTVYLQMSSLKPEDTAVYYCKIEAGTGWATRRGYTYWGQGTQVTVSS
seq12578,QVKLEESGGDSVQAGGSLRLTCAAGTYTYNSACVGWFRQAPGREREAVAAIYPSVGRSFIADSVKGRFTVSHANAQVTVYLQMDRLNPNDTAVYYCAAGDPYRCTSDSWFEGPGYNYWGQGTQVTVSS
seq12579,EVQLVESGGGLVQAGGSLRLSCAASGFSFNDYAIGWFRQTPGKEREGVSCLSSSGMAHYADSVKGRFTIAYDNAKNTVYLQMNSLKPEDTAVYHCATHPFRCGNWRTVMGSWGQGTQVTVSS
seq12580,QVQLQESGGGLVQAGDSLRLSCAASGRTFSRQSMGWFRQAPGKEREFVAVITWSGGSPYYADSVKGRFTISRDNAKNTVYLQMNSLKPEDTAVYYCAAPVSYGSQWLADYWGQGTQVTVSS
seq12581,QVQLQESGGGLVQAGGFLRFSCAASGIIVSSDAMGWYRQAPGKQRELVASVTSGDTTNYADSVKGRFAISRDTAKNIVHLQMNSLKPEDTAVYYCNALVRTTLFRAATDYWGQGTQVTVSS
seq12582,EVQLVESGGGLVQAGGSLRLSCAASGRTFSRYIMGWFRQAPGKEREFVGAISRSGDITSFADFVKGRFTMSRDNAKNTLYLQMNSLEPEDTAVYSCAANSDTYYIYSDIVVPERYDYWGQGTQVTVSS
seq12583,EVQLVESGGGLVQPGGSLRLSCAASGFTLDYYNIGWFRQAPGKEREWVSCIRGSNGSTGYTDSVKGRFTISRDNAKNTVYLQMNSLKPEDTAVYYCAAPFIHYSDLCGVNGYDYWGQGTQVTVSS
seq12584,EVQLVESGGGLVQAGGSLRLSCAASGRTFSRSAMGWFRQAPGKEREFVGFITGSGGTTYYGESVKGRFTISRDNAQNPVYLQMNSLKPEDTAVYYCGVYRRTYISSTYSESSEYDYWGQGTQVTVSS
seq12585,QVQLQESGGGLVQAGGSLRLSCAASGSTFSNNAMGWYRQALGKQREVVATIDSGGRSIYAASVKGRFTISRDNAKNTLYLQMDNLKPEDAAVYYCNVVRPSGAPYSYWGQGTQVTVSS
seq12586,QVQLQESGGGSVQAGGSLRLSCAASGFTSSVYYISWFRQAPGKEREGVAAINSGGGITFYADSVKGRFTISQDNAKNTVYLQMNSLKPEDTAIYYCAAALSRVPGFFPLFPSQYNYWGQGTQVTVSS
seq12587,EVQLVESGGGLVQPGGSLRLSCAASGISISTKVMGWFRQAPGKEREFVAAITWSGGSTKYADSVKGRFTISADNSKNTAYLQMNSLKPEDTAVYYCAGRFARGRYYGMDVWGQGTLVTVSS
seq12588,QVQLQESGGGLVQAGKSLRLSCAASGSIFSIHAMGWFRQAPGKEREFVAAITWSGGITYYEDSVKGRFTISRDNAKNTVYLQMNSLKPEDTAIYYCAADRAESSWYDYWGQGTQVTVSS
seq12589,VQLVESGGGLVQAGGSLRLSCAASGRSFSLYGMGWFRQAPEKEREFVAAISGSGLATSYVDSVKGRFTISRDNAKNTVYLQMNSLKPEDTAVYYCAQRWTSGTIARATGEYGYWGQGTQVTVSS
seq12590,EVQLVESGGGLVQPGGSLRLSCAASGFTFDDYGMSWVRQAPGKALEWVSAISWNGNNTYYTESMKGRFTISRDNAKCTLYLQMNSLRPEDTAVYYCVKGSTAIVGVPPTYPDEYDYWGQGTLVTVSS
seq12591,QLQASGGGFVQPGGSLRLSCAASGYGSTIETMGWFRQAPGKEREFVSAISRAPGPSQYYADSVKGRFTISRDNSKNTVYLQMNSLRAEDTATYYCAPINNRTMQDSMFLWNYWGQGTQVTVSS
seq12592,VKLLESGGGSVQAGGSLTLSCVYTNDTGTMGWFRQAPGKECERVAHITPDGMTFIDEPVKGRFTISRDNAQKTLSLRMNSLRPEDTAVYYCAADWKYWTCGAQTGGYFGQWGQGAQVTVSS
seq12593,QVQLQESGGGLVETGGSLRLSCAGSGSTFRHHAMAWFRQTPGKEREFVSAINDHGDRTKYLDSVRGRFTISRDNTDNMVYLQMTDLRPEDTANYSCAAGPLVDYLETTPLVYTYWGHGTQVTVSS
seq12594,QVQLQDSGGGLVQAGGSLRLSCAASGRTFGSYAMGWFRQAPGKEREFVAGITWTTGSTTYADAVKGRFTVSRDNAENTAYLQMNFLRPEDTAVYYCAASRATYSVNWYQYHDYNNWGQGTQVTVSS
seq12595,QVKLVESGGGLVQSGGSLRLSCAVSGSGYSYSRGCFAWFQQRPGKEREGVAIINMDGHTMYSDLAQGRFIISQDKAKNTLYLQMNSLKPDDTAMYYCAYDRDQCYVLRDRLRLPDTFNDWGQGTQVTVSS
seq12596,QVQLVQSEGGSVQAGGSLRLSCAASGKTYCNYDMNWYRQAPGKEREFVSSIDSDGSTSYADSVKGRFTISQDNAKNTVYLQMNSLKPEDTAMYYCKRILLCGDSDYESHWGPGTQVTVSS
seq12597,SGGGLVQAGGSTRLTCLASGSISSINVIGWYRQAPGKQRELVAMIGRGEGANYGDFAKGRFTISRDNSKNTVYLQMNSLKPEDTAVYYCYADYEDRDSPFNGSWGQG
seq12598,EVQLVESGGGLVQPGGSLRLSCAASGRTFSSIYAKGWFRQAPGKEREFVAAISRSGRSTSYADSVKGRFTISRDNAKNTVYLQMNSLRPEDTAVYYCAAVGGATTVTASEWDYWGLGTLVTVSS
seq12599,QVQLVESGGGLVQAGGSLRLSCAASGRTFSSYNMGWFRQRHGNEREFVATISWSGRSTYYADSVKGRFAISRDNANTTVYLQMNSLKPEDSAVYYCAASTRGWYGTQEDDYNFWGQGTQVTVSG
seq12600,QVQLQESGGGLVHTGESLRLSCAASGFTFGEYAIGWFRQVPGKEREGLLCIRGRNGVTYFEESLKGRFTISSDNAKNTVYLHMNTLTPEDTATYYCGAARGCYSAYDAENYGIDYWGQGTLVTVSS
seq12601,QVKLVESGGGSVQAGGSLRLSCAASGYIYSSNCMGWFRQAPGKEREWVARIHTGSGSTYYADSVKGRFTISQDNAKNTVYLQMNSLRPEDTAMYDCAAGRVVLGAVVCTNEYWGQGTQVTVSS
seq12602,QVQLQESGGGLVQAGDSLKLSCEASGDSIGTYVIGWFRQAPGKERIYLATIGRNLVGPSDFYTRYADSVKGRFAVSRDNAKNTVNLQMNSLKPEDTAVYYCAAKTTTWGGNDPNNWNYWGQGTQVTVSS
seq12603,EVQLVESGGGLVQAGGSLRLACAASGRTFSKNPMGWFRQAPGKGRDFVAGISGSGFGKVYTGSVKGRFTISRDNAKNAMYLDMISLKPEDTAVYYCAADTRNRDGTWIGVVDSWGQGTQVTVSS
seq12604,EVQLVESGGGLVQAGGSLRLSCVASGIIFSDSGMGWFRQAPGKQREPVAVITRGGSTNYADSVKGRFTISRDNAKNTVYLQMNNLKPEDTAVYICAADTFDRHLQAPPFDYWGQGTQVTVSS
seq12605,EVQLVESGGGLVQAGDSLRLSCAASGPTFGMSAMGWFRQAPGKEREFVAAISGLGNPNYSDDVKGRFTISRENGRNTVYLQMNSLKPEDTAVYYCAQRKVYHVQGGDRPQAYDYWGQGTQVTVSS
seq12606,EVQLVESGGGLVQAGDSLTLTCTSPTLTFTPYRMGWYRQAPGKQRDLVADISGGDGRTTNYADFAKGRFTISRDNVKNAVYLQMNNLKPEDTAIYYCNTYVAIVGHARSWGQGTQVTVSS
seq12607,QVKLEESGGGLVQPGGSLTLSCAASGSIFSINTMAWYRQAPGKQRELVAGITRSGTTNYAGSVKGRFTISRDNAKNTVYLQMNSLKPEDTAVYYCTDYSRKYYEDQWGQGTQVTVSS
seq12608,QVQLQESGGGLVQAGGSLRLSCAASGNIFELYDMGWYRQAPGKERELVAGITYGANTYYADSVKGRFTISRDNAKNTVYLQMNSLKPEDTAVYYCAVHAVNYGYLAYWGQGTQVTVSS
seq12609,EVQLVESGGGLVQAGGSLRLSCAASGNTFSINAVGWYRQAPEKQRELVAIILSSGTTDYADSVKGRFTISRDNAKNIVYLQMNSLKPEDTAVYYCRVADREMGWAYWGQGTQVTVSS
seq12610,QVQLQESGGGLVQAGGSLRLSCAASGRTFSRYAMGWFRQAPGADREFVAAVSWSGGRTYYADSVKGRFTISRDNAKNTVYLQMNSLKAEDTAVYYCTPVYGTAPTTVRSRSDYWGQGTQVTVSS
seq12611,EVQLVESGGGLVPPGGSLRLSCTASGSTVSINVMAWYRQVSGKQRELVAAVTRDGRKSCGDSVKGRFTISRDGAKNAVYLQMNSLKPEDTAVYLCGADGWGATTLDYTYGMDYWGKGTQVTVSS
seq12612,EVQLVESGGGLVQAGGSLRLSCAASGRALDTYTVTWFRQTPGKEREFVASDRWNAKPYTTDSVKGRFTISRDNAKNTVYLQMNSLKPEDTAVYYCAADLTTWADGPYRFWGQGTQVTVSS
seq12613,EVQLVESGGGLVQAGGSLRLSCAASGRTFSNYGMGWFRQAPGKEREFVATITWSGDMTYYANSVKGRFTISRDNAKNTVYLQMNSLKPEDTAVYYCASAIGDYYYTTADYYDYWGQGTQVTVSS
seq12614,QVQLQESGGGSVQAGGSLRLSCAASGYTWSRNWMGWFRQAPGKEREGFATITISGGSTWYADSVKGRFTISLDNAGNTVYLQMNSLKPEDTAMYYCAARDTARTYWGQGTQVTVSS
seq12615,EVQLVESGGGLVQAGDSLRLSCAASGRALSFNTYAMAWFRQAPGKEREFVASITYNGGSTYYADSVKGRFTVTRDNGKNTVTLRMNSLKPDDTAVYYCASAQYWRSGTSFPANYWGQGTQVTVSS
seq12616,EVQLVESGGGLVQPGGSLKLSCAASGAVHKINFLGWYRQTPEKEREMVATITIGDEVDYAHSAKGRFTISRDEAKNMVYLQMTSLKPEDTAVYVCRAGSRLYPYNYWGQGTQVTVSS
seq12617,EVQLVESGGGEVQPGGSLRLSCAPSERTFSTYTMGWFRQAPGKEREFVAVVNWGGGSKYYAESVKGRFTISRDNAKNTVYLQMNSLRAEDTAVYYCAAGGAYSGPYYDTRQYTYWGQGTLVTVKP
seq12618,QVQLQESGGGLVQAGGSLRLSCAASGSIFSINTMGWYRQAPGKRRELVAAIHSGGSTNYANSVKGRFTISRDNAANTVYLQMNSLKPEDTAVYYCNVKDYGAVLYEYDYWGQGTQVTVSS
seq12619,EVQLVESGGGLVQAGGSLRLSCAASGNAFSIDAAAWYRQAPGKQREPVATILTGGSTNYADSVKGRFTISRDNAKNTVYLQMNSLKPEDTAVYYCYVPMVYYSGRYSDYWGQGTQVTVSS
seq12620,EVQLVESGGGLVQAGDSLRLSCVASDSFSVMGWFRQAPGKDREFVAAISSSTGVTKYADSVKGRFSISRDNAKNTMYLQMSRLQPDDTAVYYCASTVNWIIPTVQSGYYNWGQGTQVTVSS
seq12621,EVQLVESGGGLVQPGGSLRLSCAASGHTSDTYIMGWFRQAPGKEREFVSLINWSSGKTIYADSVKGRFTISADNSKNTAYLQMNSLKPEDTAVYYCAKGDYRGGYYYPQTSQWGQGTLVTVSS
seq12622,DVQLVESGGKLVQAGGSLRLSCSASGRTFSFSTSTMGWFRQAPGKELEFVAAIDWSDFNTYYADSVKGRFTISRHNPRNSVYLQLNSLKPEDTAVYYCAAHSETRGGTRYFDRPSLYNYWGQGTLVTVSS
seq12623,EVQLVESGGGLVQAGASLKLSCAASGRTYDIRVMGWFRRAPGKDRESVATVTWRDNITYYVDSVKGRFTITRDNAKNTVYLQMNNLKPEDTAVYYCAAQTEDSAQYIYWGQGTQVTVSS
seq12624,EVQLVESGGGLVQAGGSLRLSCAASGGTFSGRGMGWFRQAPGKEREWVSSVYIFGGSTYYADSVKGRFTISADNAKNTVYLQMNSLKPEDTAVYYCANSNKPKFDWGQGTQVTVSS
seq12625,LQLVETGGGLVQPGGSLRLSCAASGFTFSDYVMTWVRQAPGKGPEWIATINTDGSTMRDDSTKGRFTISRDNAKNTLYLQMNSLKPEDTALYYCARGRVISASAIRGAVRGPGTQVTVS
seq12626,QVQLQESGGGLVQPGGSLRLSCAASGTIFSIKTMGWYRQAPGKQRELVATISNGGSTNYADSVKGRFTISRDNAKNTVYLQMNSLKPEDTAVYYCNARQQFIGAPYEYWGQGTQVTVSS
seq12627,EVQLVESGGGLVQAGGSLRLSCAASGRTFSSSPVGWFRQAPGKERDFVATISWNGVDTHYLDSVKGRFTISRDNALNTVHLQMHILKPEDTALYYCAASTSGSAYLPYRVYQYDSWGQGTQVTVSS
seq12628,EVQLVESGGGLVQAGGSLRLSCTASGLTFSTYTMGWFRQAPGKESDFVAAISWSGGSTDYADSVKGRFTISRDNAKNTVFLQMSSLKPEDTAVYYCAGSRFRYASSGSYDYWGQGTQVTVSS
seq12629,EVQLVESGGGLVQAGGSLRLSCAASGLTFRRYTMGWFRQAPGKEREFVAAIVSSDSTNYADSVKGRFTISRDNAKNTVYLEMNSLKPDDTCVYYCAARNSLSLYVSNLGSRYDYWGQGTQVTVSS
seq12630,QVQLQQSGGGLVQAGGSLTLSCAASGRTFSSHSMGWFRQAPGKEREFVATIIRSDGSTYYADSVKGRFTISRDNAKNTVYLQMNSLKPEDTAVYYCAARTVYSGTQYYTRGHEYNYWGQGTQVTVSS
seq12631,EVQLVESGGGLVQPGGSLRLSCAASGRTFSSYAMGWFRQAPGKEREFVVAINWSSGSTYYADSVKGRFTISRDNSKNTLYLQMNSLRAEDTAVYYCAAGYQINSGNYNFKDYEYDYWGQGTQVTVS
seq12632,EVQLVESGGGLVQAGGSLRLSCESSISTFSSDAMGWFRQAPGKGLEWVSAIGWSGAVTHYSDSVQGRFTISRDNAKNTVYLQMNSLKSEDTGRYYCAEDYDTDVWQYWGQGTQVTVSS
seq12633,EVQLLESGGGLVQPGGSLRLSCAASGRTFNNYAMGWFRQTPGKGREFVAAISWIIGSTYYADSVKGRFTISRDNSKNTLYLQMNGLRPEDTAVYYCAAEGGYSGTYYYTGDFDSWGQGTLVTVSS
seq12634,QVKLEESGGGLVQAGGSLKLSCVASGSRFSENAMGWYHQAPDKQRTLVAAITSSRSTLYIDSVKGRFTISRDNAKNTVYLQMSNLKPEDTGVYYCNPYPSPNSYWGQGTQVTVSS
seq12635,EVQLVESGGGEVQPGGSLRLSCAASGSIFSINAMGWYRQAPGKQRELVAGFTGDGSTKYAESVKGRFTISRDNAKNTVYLQMSSLRAEDTAVYYCAADVQLLTSDYEFYWGQGTLVTVKP
seq12636,LQLVESGGGLVQAGGSLRLSCAASGSTSGINLMAWYRQTSGKQRELVANIARGGLPKYGDSAKGRFTISRDNAKNTIYLQMNNLKPEDTAVYYCNAVLDWQLGDYWGQGTQVTVSS
seq12637,EVQLVESRGGLVQTGGSLRLSCAASGRTFSNYTMGWFRQAPGKDREFVAAISRSGSLKSYADSVKGRFTISRDNAKKMAYLQMNSLKPEDTAVYYCAAAPVPWGTRPSFFTYDSWGQGTQVTVSS
seq12638,EVQLVESGGGLVQPGGSLRLSCAASGGTFSSYSMGWFRQAPGKEREFVSAISWIIGSGGTTNYADSVKGRFTISADNSKNTAYLQMNSLKPEDTAVYYCTAGAGDSWGQGTLVTVSS
seq12639,EVQLVESGGGLVQPGGSLTLSCVASGSTSSINAMAWYRRAPGKQRELVAGISSDGSKVYTDSVKGRFTISRDNAKNSVYLQMNSLRAEDTAVYYCYYFRTRSGSSMRYWGQGTLVTVSS
seq12640,QVQLQESGGGLVQAGGSLRLSCAVSGNTLSRYAMGWFRQTPGNEREFVAAIRWNNGATYYADAVKGRFTISRDNGKNTVYLQMNNLKPEDTAVYYCAGRFLGYASSNAYHEALYNYDYWGQGTQVTVSS
seq12641,EVQLVESGGGEVQPGGSLRLSCAASGSMTGANTMGWYRQAPGKQRDLVSLIGNYVTHYAESVKGRFTISRDNAKNTLYLQMSSLRAEDTAVYYCYLYTDNLGTSWGQGTLVTVKP
seq12642,HVQLVESGGGSVQAGGSLRLSCVASTYTGCMGWFRQAPGKEREGVAALSSRGFAGHYTDSVKGRFSISRDYVKNAVYLQMNTVKPEDAAMYYCAAREGWECGETWLDRTAGGHTYWGQGTQVTVSS
seq12643,EVQLVESGGGLVQAGGSLRLSCAASGSTFSSYAMGWYRQAPGKQRELVAVISSGDSTNYSDSVKGRFTISRDNAKNTVYLQMNSLKPEDTAVYYCFYSGSYYYPTDVHEYAYWGQGTQVTVSS
seq12644,DVQLVESGGGSVQAGGSLRLSCAASGFTFSKCSMGWYRQAPGKERELVSSIQIDGTTYVVDSVKGRFVISQDNAKDTVYLQMNSLKPEDTAMYYCYTRDAPLGDCYVSSWSSQTMDYWGKGTLVTISS
seq12645,EVQLVESGGGLVQGGGSLSLSCAASGRTFSSYAMAWFRQPPGKEREFVASISWSGENTNYRNSVKGRFTISRDNAKNTVYLQMNSLKPEDTAVYYCAAKIAKTYPDNWYWTKSNNYNYWGQGTLVTVSS
seq12646,QVQLQESGGGLVQPGGSLRLSCAASGFTFSNSAMSWMRQAPGKAVEWVSSINIGGDSRRYAESVAGRFTISRDNAKNTLYLQMNSLKPEDTAVYYCAKGLASTIRGQGTQVTVSS
seq12647,EVQLVESEGGSVQPGDSLRLSCAASGFSFSNAGMSWVRQAPGKGLEWVSAIIPGGYAPYYADSVKGRFTISRDNAKNTVSLQMNSLKPEDTALYYCAKYGGNWDLEVWGQGTLVTVSS
seq12648,EVQLQASGGGLVQAGGSLRLSCAASGSTFRINRMGWYRQAPGKQRELVASINSGGSTNYADSVKGRFTISRDNAKGTVNLTMNSLKPEDTAVYYCNRVTPWPYWGQGTQVTVS
seq12649,EVQLVESGGGLVQPGGSLRLSCAASGFTFSSYAMSWARQAPGEGLEWVSDINSGGTRTTYADSVKGRFTISRDNAKNTLYLQMNSLKPEDTAVYVCAKLSVFRSQLGGKYYGGDYENRGQGTQVTVSS
seq12650,EVQLVESGGGLVQAGGSLRLSCTASGSISSIDYMRWYRQYPGKHRELVATITSGGAADSRDSVKGRFTVSRGNAANTMYLQMNNLKPEDTAVYYCNAYGLEIGAHWGRGTQVTVSS
seq12651,EVQLVESGGGLVQAGGSLSLSCTASGGTFRNFGMGWFRQDQGQEREFVAAISRSGGRTYFSDSVKGRFTISKDNAKNILSLQMNSLKPEDTAVYYCAARFRFDDGTYYYQRAFYDFWGQGTQVTVSS
seq12652,EVQLVESGGGLVQPGGSLRLSCAASGFTFSNYYMSWVRQAPGEGVEWVSGINSDGGRTEYADSVKGRFTISRDNAKNTLSLQMNSLKPEDTAVYYCVKHPTTQWGAYDYRGPGTQVTVSS
seq12653,QVQLQESGGGLVQAGGSLRLSCAASGRTFRRYAMGWYRQAPGKQRELVAAITSGGRTSVADTVKGRFTISSDNAKNTVYLQMNSLKPEDAAVYYCTLYNSTTNYYNQSPSSWGQGTQVTVSS
seq12654,VQLVESGGGLVQAGGSLRLSCAASGRTFTMGWFRQAPGKEREFVAAISLSPTLAYYAESVKGRFTISRDNAKNTVVLQMNSLKPEDTALYYCAADRKSVMSIRPDYWGQGTQVTVSS
seq12655,EVQLVESGGGLVQPGGSLRLSCSASTGIFRINTMGWHRQAPGKQRDLVATFTSDDNTKYADSVKGRFTISRDNAENTVYLQMNDLKPEDTAVYYCHATTVMYDSNSPDYWGQGTQVTVSS
seq12656,DVQLVESGGGLVQPGGSLRLSCAASGFAFDDYAIGWFRQAPGEEREGVSSISSTYGLTYYADSVKGRFTISSDNSKNTVYLQMNSLRPEDTAVYYCAATPIGLIGLDAYEYDYWGQGTLVTVQS
seq12657,VKLEESGGGWVQPGGSLRLSCVVSGRILSIKAMGWYRQAPGKQREYVAGIVSSGNTNYADFVKGRFTISGDNAKNTVFLQMNSLKPEDTAVYYCNALVVVTSASGPELASWGQGTQVTVSS
seq12658,EVQLVESGGGLVQPGGSLRLSCVASGRTFVTYGMGWFRQAPGKGREFVSAIQWSGSMTSYGDSVKGRFTISRDNSKNTVYLQMNSLRAEDTAVYYCAAALGAVVYTTREPYTYWGQGTLVTVSS
seq12659,QVQLQESGGGVVQAGGSLRLSCVASGSDTSVYAMRWWRQVPGKERLLLASITSGGTVRYAESVKGRFTISRDDAKNTLYLQMNSLKTEDTAVYLCNAERVLARQNYWGQGTQVTVSS
seq12660,EVQLVESGGGLVQPGDSLKLSCAFSGRTFSSYSMGWFRQAQGKEREFVVAISSSGGYIYDSVSLEGRFTISRDNTKNTVYLQTPSLKPEDTADYYCAASRAYGSSRLRLADTYDYWGQGTQVTVSS
seq12661,EVQLVESGGGLVQAGGSLRLSCAVSGGTFDDYAIGWFRQAPGKEREGVSYIGCNDGSTYYANSVKGRFTISCDYAKNTVYLQMNNLKPEDTAVYYCAAAAQWATIRWIQEYDYDYWGQGTQVTVSS
seq12662,EVQLVESGGGLVQPGGSLRLSCAASGNIFTRNIMGWYRQAPGKQRDLVASITPGGNINYADSVKGRFTISRDGAKNTVYLQMNSLKPEDTAVYYCNAHGSILLNRSNYWGQGTQVTVSS
seq12663,QVKLEESGGGLVLPGGSLRLSCAASGSISSIYAMGWYRQAPGKQREVVAVITNGNSPNYADSVKGRFTISRDNAKNTVYLQMNSLKPEDTAVYYCNVEGVRYGDSWYDGDYWGQGTQVTVSS
seq12664,EVQLVESGGGLVQAGGSLRLSCAASDIFSINAMGWYRQAPGKQRELVASITRGGDPWYADSVKGRFTISRDGAKNARNTVYLQMNSLKPEDTAVYYCNAMGIRGSGGDYAREAGGQGTQVTVSS
seq12665,EVQLVESGGGLVQAGDSLRLSCAASGRPFSSYVMGWFRRAPGKEREFVGGINWNSGNTWYSDSVLGRFTISRDNAKNTVDLQMNSLKPEDTAVYYCATASGVGYYRYERQYDYWGQGTQVTVSS
seq12666,QVQLQESGGGLVQAGGSLRLSCAASGRTFSSYNMGWFRQAPGKEREFVAVISWSGGSPYYADSVKGRFTISRDNAKNTVYLQMNSLKPEDTAVYYCAAPVSYGSSWLADYWGQGTQVTVSS
seq12667,SGGGSVQSGGSLRLTCAASGRTSSISYMGWFRQSPGKEREGVAFIDRRDSTTYADLVKGRFTISRDNARNTLYLQMNSLKPEDTAMYYCAARIRGYYSRPALSADFDYWGQGTQVTVSS
seq12668,QVKLEESGGGSVQVGGSLRLTCAASGRTSRSYGMGWFRQAPGKEREFVSGISWRGDSTGYADSVKGRFTISRDNAKNTVDLQMNSLKPEDTAIYYCAAAAGSAWYGTLYEYDYWGQGTQVTVSS
seq12669,QVQLVESGGSLVQPGGSLRLSCAASGSIFRLNDMRWYRQAPGKQREMVATITSGGTTNYADSVKARFTISRDNAKSTVYLQMNSLKPEDTAVYYCNADISLYSAFGLFSPPKNYWGQGIQVTVSS
seq12670,LQESGGGLVQAGGSLRLSCAASGGTSSIYTMGWFRQAPGKEREFVAAISRSGASTDYADSVKGRFTISTDNAKNTVYLQMNSLKPEDTAIYFCVADRTTSWNIPRDEYDYWGQGTQVT
seq12671,VQLQESGGGSVQTGGSLRLSCAASTSIISFNYMAWFRRAPGKGREGVAAVYIDDGRPYYADSVKGRFTISLDSAKNTVYLQMGSLRPEDTAMYYCAAAPGPLSRNYWHTPANYDYWGQGTQVTVSS
seq12672,EVQLVESGGGLVQAGGSLRLSCTASGSAFSGTVVGWFRQAPGKEREFVTAINWSGARTYYADSVKGRFTISRDNAKNTAYLQMNSLRPEDTAVYYCAAGSDRYARVLTEYEYVWWGQGTQVTVSS
seq12673,EVQLVESGGGLVQPGGSLRLSCTASESIFSIDAMGWHRQAPGKQRELVAHITGGGGSNYADSVKGRFTISGDSAKRTVYLQMNSLKPEDTAVYYCNAEGQAGWGTALMDYWGKGTQVTVSS
seq12674,QVQLVESGGGLVQAGGSLRLSCAASEFRAEHFAVGWFRQAPGKEREGVSCVDASGDSTAYADSVKGRFTISRDNNKNVVYLQMDSLEPEDTGDYYCGASYFTVCAKSMRKIEYRYWGQGTQVTVSS
seq12675,GSLRLSCAASGRTFSTAAMGWFRQAPGKERDFVAGIYWTVGSTYYADSAKGRFTISRDNAKNTVYLCMDSLKPEDTAVYYCAARRRGFTLAPTRANEYDYWGQGTQVTVSS
seq12676,EVQLVESGGGLVQAGGSRRVSCAASGLTFSDYSMAWFRQAPGKEREFVAAHAWLASRTDYADSVKGRFTISRDNAKNTVYLQMNSLKPEDTAAYYCAAGQRYLSRVSQGYEYWGQGTQVTVSS
seq12677,EVQLVESGGGFVQAGGSLRLSCVASRRTISSGTMGWFRQAPGKEREFVAAIRWSSGMPYYLDSVMDRFTISRDNAKNTVSLQMNSLQPEDTAVYYCAADRSAFRDPSFDVNYEYWGRGTLVTVSS
seq12678,QVQMVESGGGLVQAGGSLRLSCAASGYAYTYIYMGWFRQAPGKEREGVAAMDSGGGGTLYADSVKGRMTISRDKGKNTVYLQMDSLKPEDTATYYCAAGGYELRDRTYGQWGQGTQVTVSS
seq12679,QVQLVESGGGLVQAGDSLRLSCAASGRTFSGYAMGWFRQAPGKEREFVARINWSGTLTYYADSVKGRFTGSRDNAKNTVYLQMNSLKPEDTAVYYCAQRGDSGSNYDPSGYSYWGQGTQVTVSS
seq12680,QVQLVETGGGLVQAGGSLRLSCAASGDTIFISSMAWYRQAPGKERELVASIDSDDIIYYAATVKGRFTISRDNDKPTMYLQMDTLQPEDTAVYYCRVESQDYYFDYDRDSWGQGTQVTVSS
seq12681,QVQLQESGGGSVQAGGSLRLTCAASGYRSCMGWFRQAPGKEREGVAAIWPDGITYYADSVKGRFTISRDKAVNTMYLQMNSLKPEDTAMYYCATADLICPTDWAQRLQYNYWGQGTQVTVSS
seq12682,QVQLQESGGGSVQTGGSLRLSCAASTSLYSYNYMAWFSQAPGKGRGGVAAVYVGDGRPYYADSVKGRFTISLDSAKNTVYLQMNSLKPEDTAMYYCAAAPGPLSHNYWYTSANYDYWGQGTQVTVSS
seq12683,EVQLVESGGGLVQAGGSLRLSCTASGRTFENNAMAWFRQAAGKEREFVAGFSGSGGATYYAHSVEGRFTISRDNAKNTVDLQMNSLSLEDTAVYLCAARRKSGEVVFTIPARYDYWGQGTQVTVSS
seq12684,EVQLVESGGGLVQPGGSLRLSCAASGRTFNNYAMGWFRQAPGKEREFVAAITRSGVRSGVSAIYGDSVKDRFTISRDNAKNTLYLQMNSLRPEDTALYYCAASAIGSGALRRFEYDYSGQGTLVQVSS
seq12685,EVQLVESGGGEVQPGGSLRLSCAASGRTQSAVAMGWFRQAPGKDRDFVAAIRWSGGNTYYAESVEGRFTISRDNAKNTVYLQMSSLRAEDTAVYSCAISLNHFGLYDYWGQGTLVTVKP
seq12686,QVQLQESGGGLVQAGGSLRLSCAASGSISTTYLMGWYRQAPGKEREFVATINRGGSTYYADSVKGRFTISRDNAKNTVYLQMNSLKPEDTAVYYCAVGWPDPDYGLAYHRYWGQGTQVTVSS
seq12687,QVQLQESGGGLVQAEGSLRLSCAASGRTFGSYAMGWFRQAPGKERELVAGISSGGITNYAHSVKGRFTISRDIDKNTVFLQMNSLKPEDTAVYYCAARSGGAYYTSRVDWPYWGQGTQVTVSS
seq12688,QVQLQESGGGLVQPGGSLRLSCAASGRTISRYAMSWFRQAPGKEREFVAVARRSGDGAFYADSVQGRFTVSRDDAKNTVYLQMNSLKPEDTAVYYCAIDSDTFYSGSYDYWGQGTQVTVSS
seq12689,QVQLVASGGGSVQAGGSLRLSCAASGYTFSSYPMGWYRGAPGKECELSARIFSDGSANYADSVKGRFTISRDNAANTAYLGMDSLKPEDTADYYCAAGPGSGKLVVAGRTCYGPNYWGGGTQVTVSS
seq12690,QVQLVESGGGSVQAGGSLTLSCSLSGGTSDYYCLAWFRQAPGKEREGVAGVGTFGGSTYYTNSVKGRFTVSRDRAKNTVSLLMTSLSPEDTAVYYCAAKGDCMSKGSSWGSVAEYNYWGQGTQVTVSS
seq12691,QVQLQESGGGLVQTGGSLRLSCAVSGSIVTINAMTWYRQAPGKRRELVAIITSGGETNYADSVKGRFTISRDNAKNTAHLQMNSLNPEDTGVYYCNVVPPLGSWGQGTQVTVSS
seq12692,QVQLVESGGGIVQPGGSLRLSCVASESISEIDAMYWHRQAPGKERELVAGITNDGTRYYADSVKGRFTISRDNAKSTLYLQMNSLKFEDTAMYYCAALPNPPPGYWGQGTQVTVSS
seq12693,EVQLVESGGGLVQPGGSLRLSCAASGDVHKINILGWYRQAPAKEREMVAHITIGDATSYADSAKGRFTISRDEAKNMVYLQLNNLKPEDTAVYFCRAYSRIYPYNYWGQGTLVTVSS
seq12694,QVQLQESGGGLVQAGGSLRLSCAATGNMARINALNWYRQTPGKQRESVAVFSESGTANYDDSVKGRFTISRGATKDIAYLQMNNLQPEDTAVYFCNAERSSGWYSGRYYRSATYWGQGTQVTVSS
seq12695,EVQLVESGGGLVQPGGSLRLSCAASGFTFGNYDMSWVRQAPGKGPEWVSAINSGGGTTYYADSVKGRFTISRDNAKNTLYLQMNSLKPEDTAVYYCATPRGWGPTGPHEYGYWGQGTQVTVSS
seq12696,EVQLVESGGGLVQPGGSLRLSCAASGFTFDDYAMSWGRQAPGKGLEWVSAISWNGGSTYYAESMKGRFTVSRDNAKNTLYLQMNSLKSEDTAVYYCAKALDPLGVLAGTSGIYDYWGQGTQVTVSS
seq12697,LQESGGGLVQPGGSLRLSCEASGIAFQGYAIGWFRQAPGKERECVSYIENGEGNKYYEDSVKGRFTISRDNTKKTVYLEMNSLKPEDTAVYYCAAALSEVWRGSENLREGYDYWGQGTEVTVSS
seq12698,EVQLVESGGGLVQAGDSLRVSCAASGRTSSYAMAWFRQAPGKEREFVGTISRTNSRTKYADFVEGRFTISRDNAKSTLSLQMTSLKPEDTAVYYCAAKWTGNSYHDYTWSKVDEYNVWGQGTQVTVSS
seq12699,EVQMVESGGDLVQPGGSLRLSCTAYGFIFDQARMFWARQAPGKGFEWLSSILTAGDTWYSDSVKGRFTISRDNAKNTLYLQMNDLKSEDTAVYYCSKDGIYSSKGQGTQVTVSS
seq12700,DVQLTESGGGSVQVGGSLRLSCLASGYRSASHGPCVGWFRQAPGKEREGVAVINRPGGVTSYADSVKGRVSISQDNAKDTVSLSIHNLKPEDTATYYCATGGRWNTACGTWLRVPEEISAWGRGTQVTVSS
seq12701,QVKLEESGGGLVQAGGSLRLSCATSTRTVSSAVMAWFRQAPEKERDFVGFISNSGSVYYDDSVKGRFTISRDNAQNTVYLQMNSLKPEDTAVYYCAIIWRTSDLTGRFNTWGQGTQVTVSS
seq12702,VQLQESGGGLVQPGGSLRLSCAASGFTFSTNAMSWIRQPPGKAREVVATITSAGGSISYVNSVKGRFTISRDNAKNTLYLQMNMLKPEDTAVYYCARLVNLAQTGQGTQVTVS
seq12703,VQLQESGGGVVQAGDSLGLSCVASGRTFSSLDMGWFRQAPGKEREFVAGISRSGISQYYADSMKGRFTISRDNAKNLVYLQMNSLKPEDTAVYYCAAALTFRGSDLPRDSNYWGQGTQVTVSS
seq12704,VQLQESGGGLVQDGDSLRLSCAASGRTFSSYVMGWFRQAPGKEREFVAAIGWSGGSTAYADSVKGRFTISRDNARNTVYLQMNSLKPEDTAVYYCASAPTRWVPRDSRFYDRWGQGTQVTV
seq12705,QVQLQESGGGVVQAGDSLRLSCVASERTFSSLDMGWFRQAPGKEREFVAGISRSGISQYYADSMKGRFTISRDNAKNLVYLQMNSLKPEDTAVYYCAAALTFRGSNLPRDSNYWGQGTQVTVSS
seq12706,QVQLQESGGGLVQPGGSLTLSCGASGFDFSDYVMYWLRQAPGKGLQWVSSINASGVRTYYVDALKGRFTISRDNAKNTLYLQIDDLKPEDTGLYYCARVGQAPMYFGVDFWGNGTQVTVSS
seq12707,QVKLEESGGGLVQPGESLRLSCVGSGFNFRIQAMAWFRQAPGKEREFVASISGSGATTDHADSVKGRFAISKDNARDTMYLQMNNLKPEDTAVYYCYAISQHVPPYHYWGQGTQVTVSS
seq12708,EVQVVESGGGLVQAGGSLRLSCVPSGSISSIYAMGWYRQALGPERELVAAQTLGGGTYYANPVKGRFTIYRDNDKNTLYLQMNNLKPEDTAMYYCATPGEHWGSSDVTNWGQGTQVTVSS
seq12709,QVQLVESGGGLVQAGGSVRLSCAASGFTFSSYYMTWVRQAPGKGPEWVSAINTGGDATRYAESVKGRFTISRDNAKNMLYLQMNSLKPEDTALYYCGRVPGYSDYRQGYDYRGQGTLVTVSS
seq12710,QVQLQESGGGLVQAGGSLRLSCAASENPSSISTMAWYRQAPGKQRELVARIITGGYTNYLDSVMGRFTISRGNRESTAYLQMNSLKPEDTAVYICNARTWSSADYWGQGTQVTVSS
seq12711,EVQLVESGGGLVQAGGSLRLSCAASGSISSVNTMGWYRQAPGKQRELVAFITSGDDTNYADSMKGRFTISRDNAKNTLYLQMNSLKPEDTAVYYCVATLGRSSSGTYTYWGQGTQVTVSS
seq12712,QVQLLESGGGLVQPGGSLRLSCAASGRTFSDYDMGWFRQGPGKEREFVAAISWSGGHTNYADSVKGRFTISRDNSKNTLYLQMNSLRAEDTAVYYCAADLRFTGGDTTTPETYDYWGQGTLVTVSS
seq12713,EVQLVESGGGLVQPGGSLTLSCATSGLTLDYYVIGWFRQAPGKEREGVSCMSSSGDSTTYADSVKGRFTISRDNAKNMVYLQMTSLKPEDTAIYYCAADFALGCYSGSYYPRYDYWGQGTQVTVSS
seq12714,QVQLQESGGGLVQPGGSLRLSCAASESTFSINAVAWYRQAPGKRRELVAGISGGGVTNHPDSVKGRFTISRDNAKNIVYLQMSSLKPEDTAVYYCNLWPPRASPGGRVYWGQGTQVTVSS
seq12715,QVQLVESGGGLVQAGGSLRLSCAASGYIFGRNAMGWYRQAPGKERELVAGITRRGSITYYADSVKGRFTISRDNAKNTVYLQMNSLKPEDTAVYYCAADPASPAYGDYWGQGTQVTVSS
seq12716,EVQLVESGGGLVQPGGSLRLSCVASGSIVRINTMGWYRQTPGKQRELVADITSGGNINYIDAVKGRFTISRDNTKNTVYLQMNSLKPEDTAVYYCNAEIVVLVGVWTQRARTGNYWGQGTQVTVSS
seq12717,EVQLVESGGGLVQPGGSLRLSCAASGFTFSPSWMGWFRQAPGKEREFVAAISWSGGSTAYADSVKGRFTISADNSKNTAYLQMNSLKPEDTAVYYCHGLGEGDPYGDYEGYFDLWGQGTLVTVSS
seq12718,QVQLVESGGGLVQPGGSLRLSCAASGITFPVNAYGWYRQAPGKQRDLVAIISAGGTTNYADSVKGRFTISRDNSKNTLYLQMNSLRAEDTAVYYCYLQRRIGMLRDYWGQGTQVTVSS
seq12719,EVQLVESGGGLVQPGGSLRLSCVASGSISSARSMTWYRQALGKQRELVAVIMGGGSTMYADSVKGRFTISRDNAKNTVYLQMNSLKPEDTAVYYCNADWGGVGFPNLGPWGQGTQVTVSS
seq12720,EVQLVESGGGEVQPGGSLRLSCAASEITFSDKTVGWYRQAPGKQRVLVAVISNVDSTNYAHSVKGRFTISRDNAKNTVYLQMSSLRAEDTAVYYCHARDFENEYWGQGTLVTVKP
seq12721,LQASGGGLVQAGGSLRLSCAYSGPAFSAYAMAWFRQAPGEEREFVAAINRDSRFTTYLDSVRDRFAISRDNVKNTVYLQMNSLKPDDTAVYSCARDFHTRGTLSRDEADYTYWGQGTQVT
seq12722,QVQLQESGGGTVQAGGSLRLSCSISGDTSNSYCMGWFRQAPGKEREVVAHISTNNISPAYNKFREGRFTISPDNAKNSVYLQMNNLKPEDTAMYYCAARTGYCSGSWGVADSFNGWGQGTQVTVSS
seq12723,QVQLQQSGGGLVQAGGFLRFSCAASGSTSSINAMGWYRQAPGKQRELVARITSGGPTNYADSVKGRFTISRDNAKRTVYLQINSLKPEDTAVYYCNVEMSRDYDHARYWGQGTQVTVSS
seq12724,EVQLVESGGGLVQAGGSLRLSCAASGFIFDSYAMGWFRQAPGKEREFVAAISWGGSNTNYADSVKGRFTISADNAKNTVYLQMNSLKPEDTAVYYCAAVRITDGRDYWGQGTQVTVSS
seq12725,QVQLQESGGGLVQPGGSLRLSCAASGTSFSINGMAWYRQAPGGQRELVGGITSDGSTGYADSVKGRFTVSRDNAKNTVYLQMNRLKPEDTAVYYCGTSTPRGDSYWGQGTQVTVSS
seq12726,EVQLVESGGGLVQPGGSLRLSCAVSRNIFPIDDMSWYRQAPGKQRELVATVTSGGRINYADSVKGRFTISRDGARRTIDLQMNNLKPEDTAVYYCNVDRTLYGKYKEYWGQGTLVTVSS
seq12727,EVQLVESGGGLVQAGGSLRLSCAASGQTFSIHAMGWFRQAPGKEREFVAHISWSGGSTYYADSVKGRFAISRDNAKNTVYLQMNSLKPEDTAVYYCAADDMRELVTTFHYWGQGTQVTVSS
seq12728,VQLVESGGGLVQAGGSLRLSCAASGRTFSTYTMAWFRQAPGKEREFVQGISRSDGGTYDADSVKGRFTISRDNAKNTVYLQMNSLKPEDTAVYFCAAASVKLVYVNPNRYSYWGQGTQVTVSS
seq12729,EVQLVESGGGLVQPGGSLRLSCAASGFTLDYYAKCWFRQAPGKEREWVSCISSSDGSTYYADSVKGRFTISRDNAKNTVYLQMNSLKPEDTAVYFCAARHGGPLTVEYFFDYWGQGTQVTVSS
seq12730,QVQLQESGGGLVQAGGSLRLSCAASGTIFHRGYMGWYRQAPGKEREFVATITSGSSTNYADSVKGRFTISRDNAKNTVYLQMNSLKPEDTAVYYCAAYRKSYTLDTGKRAYTYWGQGTQVTVSS
seq12731,QVQLQESGGGLVQPGGSLRLSCAASRSFFSINAMGWYRQAPGKQRELVATITSRDSTNVADSVKGRFTISRDYAKNIVYLQMDSLRPEDTATYYCYADQPWRGRAWGQGTQVTVSS
seq12732,EVQLVESGGGLVQPGGSLRLSCAASGFTFSTYAMGWFRQAPGKERELVAGISSSGSSTYYADSVKGRFTISADNSKNTAYLQMNSLKPEDTAVYYCAVVSDGGYDYWGQGTLVTVSS
seq12733,EVQLVESGGGLVQPGGSLRLSCAASGFTFGSYDMSWVRQAPGKGPEWVSAINSGGDNTYYADSVKGRFTISRDNAKNTLYLQMNSLKPEDTAVYYCATDWRYSDYDLPLPPPGDYWGQGTQVTVSS
seq12734,SVQPGGSLRLSCAASGFTSEDRAIGWVRQAPGKEREGISCVSISGFGTAYSDSVKGRFTISRDGAKNMVDLQMTRLKPEDTAVYYCAALPTSNCTLNRWRVPSAYAYWGQGTQVTVSS
seq12735,QVQLVQSGGGLVQAGGSLRLSCAASGFSLDDYTIGWFRQAPGKEREGVSCISSSGGSTVHADSVKGRFTISRDNAKNTVWLQMNSLKPEDTAVYYCATWCGVATMTEDLPFDYWGQGTLVTVK
seq12736,EVQLVESGGGLVQAGGSLRLSCAASGRTFFSYPMGWFRQAPGKEREFVAAISMSGDDSAYRDFVKGRFTISRDNARDTVYLHMTSLKPEDTAIYYCAARTSYNGRYDYIDDYSYWGQGTQVTVSS
seq12737,QVKLEESGGGLVQAGGSLRLSCVASGTIVSISTMGWYRQAPGKQRELVATITRRGRTNYTDSVKGRFTISRDNAKNTVYLQMNSLKPEDTAVYYCNAEVQLDIWASAYDYWGQGTQVTVAS
seq12738,DVQLVESGGGLVQPGGSLRLSCTASGFTFGNHWMYWVRQTPGKGLEWVATANTGGRDTYYADSVWGRFTISGDNAKNTLYLQMNNLKSEDTAIYYCAREVNDYLEYALGYWGQGTQVTVSS
seq12739,EVQLVESGGGLVQPGRSLTLSCAASTNIDSISPMGWYRQAPGKQRELVAAIHGNSTLYADSVKGRFTISRDNAKNSIYLQMNSLRPEDTALYYCNKVPWGDYHPRMVYWGQGTQVTVSS
seq12740,EVQLVESGGGLVQAGGSLRLSCVASGRPFSNYAMGWFRQAPGKEREFVAAVTWSGGSTYYADSVKGRFAISRDNAKNTVYLQMNSLKPEDTAVYYCAAQFNGAENIVPATTTPTSYDYWGQGTQVTVSS
seq12741,EVQLVESGGGLLQAGGSLGLSCSASGLLLSRNRARWYRQAPGKQREFVARIRMGGSMNDGDSVKGRFTVSRDIAKNTMYLQMNDLKPEDTAIYFCRSWREGFYEYWGQGTQVTVSS
seq12742,QVQLVESGGGSVQAGGSLRLSCEVPGYTGAFHLMGWFRQAPGKEREGVASINGAEGTTYYADSVKGRFTISKDTAKNTVYLQMNSLKPEDTAIYYCAAVFHRYPGSTSPPLGASGYNYWGQGTQVTVSS
seq12743,QVKLEESGGGSVQTDGSLRLTCAASGRTSRSYGMGWFRQAPGKEREFVSGISWRGDSTGYADSVKGRFTISRDNAKNTVDLQMNSLTPEDTARYYCAAAAGSAWYGTLYEYDYWGQGTQVTVSS
seq12744,QVQLQESGGGLVQPGGSLRLSCAASGFTFSNYWMYWVRQAPGKGLEWVSQINSGGGTTYSTDSVKGRFTISRDNAKNTLYLQMNSLKPEDTAMYYCATDSTGSHRGQGTQVTVSS
seq12745,EVQLVESGGGLVQAGGSLRLSCVVSGIPSSIRAMAWYRQAPGRQRDWVATIYSPSGSAVYADSVKGRFTISSDNAKSTIYLQMNSLEPDDTAVYYCRDVNREYWGQGTQVTVSS
seq12746,QVQLVESGGGSVQAGGSLRLSCTASGFIFDASDMGWYHQVPGNECELVSTISSKGNTYYADSVKGRFTISRDNAKNTMYLQMNSLKPEDTAMYYCDTAPGEVNGWRGLGTTRSDCWGQGTQVTVYS
seq12747,EVQLVESGGGVVQPGGSLRLSCAASGRTYYLNAMGWFRQAPGKEREFVAAIDWSEGNKDYADSVKGRFTISRDNSKNTVYLQMNSLRPEDTALYYCAADTPPWGPLIYIESYDSWGQGTLVTVSS
seq12748,GLVQAGGSLRLSCAASGRTFSSYAMGWFRQAPGKEREFVAAISWSGGSTYYADSVKGRFTISRDNAKNTVYLQMNSLKPEDTAVYFCAAGMEILTRGHYGMDYWGKGT
seq12749,EVQLVESGGGLVQAGGSLRLSCAASERTYSMGWFRRAPGKEREFVAGSGWDGIPTRYADSVKGRFTISRDNAKNTVSLQMSGLKPEDTAIYYCATGTSVYHYQYWGQGTQVTVSS
seq12750,QVQLQESGGGLVQSGGSLRLSCAASRNINSMHVVGWYRQAPGNQRELVASITDDGSTDYVDSVKGRFTISRDIAENTVYLQMNSLNPEDTAVYYCKGTIVVFTTPMHYWGKGTQVTVSS
seq12751,QVQLQESGGGLVQAGGSLRLSCVASGRTVSNYAMGWFRQAPGKEREFVARITGSGSSTFYADSVKGRFTISRNNLSNTVYLQMNSLKREDTAVYYCAADRWRSMVTRSDPREYENWGQGTQVTVSS
seq12752,EVQLVESGGGLVQPGGSLRLSCAASGGTFGVYHMGWFRQAPGKEREFIGRITWTDGSTYYADSVKGRFTISADNSKNTAYLQMNSLKPEDTAVYYCFGLLEVYDMTFDYWGQGTLVTVSS
seq12753,KVQLVESGGGLVQAGGSLRLSCVVSGRTFSNLNMGWFRQAPGKEREFQAAISRSGGTTYYADSVKGRFTISRDNAKNTVFLQMNSLKPEDTAVYYCAAASPGGAINYGRGYDNWGQGTQVTVSS
seq12754,QVQLVQSGGGLVQAGGSLRLSCGASEIIFSDKTVGWYRQAPGKQRVLVAVISNVDSTNYAQSVKGRFTISRDNAKNTVYLQMNSLKPEDTAVYYCYARDFESEYWGRGTQVTVK
seq12755,EVQLVESGGDLVQAGGSLRLSCVASRSISSAMNWYRQPPGKQRELVALITRGFNTNYADSVKGRFTISRDNAKNTVYLQMNSLKPEDTGVYYCNSLNYWGQGTQVTVSS
seq12756,EVQLVESGGGSVQAGGSLRLSCAAPGYTYCTYDMMWYRQALGKEREFVSAVYTDGSTLYADSVKGRFTISQDNAKNTLYLQMNSLKPEDTAMYYCKTETAVTYDKPCDFWGQGTQVTVSS
seq12757,DVQLQASGGGLVQAGGSLRLSCAASGRTFSSVSMGWFRQAPGKEREFVAAINWRGVSTYYADSVKGRFTISRDNAKNTGYLQMNSLKPEDTAVYYCAARRNFFGNNSAGQYAYWGQGAQVTVSS
seq12758,AVQLEESGGGLVQPGGSLRLSCLASGRIFSIGAMGLYRQAPGKQRELVATITSGGSTNYADSVKGRFTISRDGAKNTVYLQMNSLKPEDTAVYYCYANLKQGDYGYRFNDYWGQGTQVTVSS
seq12759,QVQLQESGGGLVQAGGSLRLSCTASGTTDNINAMGWYRQAPGKQRELVAAISSGGDTYYTEFVKGRFTISRDNAKKAVYLQMNNLKSEDTAVYSCKMTDMGRYGTSEWWGQGTQVTVSS
seq12760,QVQLQESGGGSVQAGGSLRLSCAASGFTLSSYTMTWLRQAPGKGLEWVSTINSGGSTSYADSVKGRFAISRDNAKNILYLQLNSLEIEDTGMYYCQGGLTQRGQGTQVTVSS
seq12761,QLVQDGDSLRLSCAASGGTFSSYAMGWFRQAPGKEREFVAAISSEGGSTYYADNMEGRFTISRDNAKNTVYLQMSSLRAEDTAVYYCAVKGVGWPQEQASYDYWGQGTLVTVKP
seq12762,GEGLVQAGGSLRLSCAASGRTFNSYPMAWFRQAPGKEREFVAALGWSGGSTDYADSVKGRFTISRDNSKNTVYLEMNSLKPDDTGVYYCALRRRGGVYNTYSGEKDYDYWGQGTQVTVS
seq12763,EVQLVESGGGLVQAGGSLRLSCAASGRASGDYAMGWFRQAPEKEREFVATINYSGGVTYYADSVKGRFTISRDNAKNTVYLQMNSLKPEDTAVYYCAADRHYGAYALLGLGTHAYIDYRGQGTQVTVSS
seq12764,DVQLQASGGGLVQAGGSLRLSCAGSGRSFSSYAMGWFRQAPGKAREIVATITRSGGSTNYAVPVKGRFTISRDNAKNTVYLQMSSLKPEDTAVYYCAADRFAVASGTHDLDYWGQGTQVTVSS
seq12765,EVQLVESGGGLVQAGDSLTLSCVASGRTFSAYGMGWFRQAPGKEREFVASINWKDGFTYYANSVKDRFAISKDHAKNTVYLQMNSLKPEDTALYYCAAVSSNTEIFDIWGQGIQVTVSS
seq12766,EVQLVESGGGEVQPGGSLRLSCAASGRPFSSSAMGWFRQAPGKERETVAAVSRNGGSSYYAESVKGRFTISRDNAKNTVYLQMSSLRAEDTAVYYCAARSAAYSRSSETYTEKHDYTYWGQGTLVTVKP
seq12767,ELQLVESGGDLVQPGGSLRLSCAASGFTFDDYAMSWVRQAPGKGLEWVSAITSNGKRTDYAESMKGRFTISRDNSKNTLYLEMNSLKSEDTAVYYCTKGPPHYIPIPSMTPRDSWGQGTQVTVSS
seq12768,EVQLVESGGGLVRAGGSLSLSCTSSSGTFRNFAMGWFRQAQGKEREFVATISRSGGHTYYSDSVKGRFTISRDNAKNLVSLQMNSLKPEDTAVYYCAARFRFDDDTYYYQRAFYDFWGQGTLVTVSS
seq12769,QVQLAESGGGSVQTGGSLRLSCEASGVAASGYCMAWFRQAPGKERERVAAISSNDLVAYADSVKGRFTISKDNAKTTLYLQMNNLKPEDTAMYYCAADGGYGGYCGRLRPGTGYWGQGTQVTVSS
seq12770,DVHLQDSGEGWGHAGGSLTLSCLMSGHTYYGPCGGGFPQPPGKAREGIPQMIPIGGSVIYIGGVKGRFTISRDNSKNTIALIMNDLVPEDTATYYCATDSGGLCSHRERDYDIWGQGTQVTV
seq12771,EVQLVESGGGLVQPGGSLTLSCAASGSSVSFLSMAWYRQAPGKKRELVAGISADGSTDYISSVKGRFTISRDNAKNSVYLQMNSLRAEDTAVYYCYAYSWTTRYTYWGQGTLVTVSS
seq12772,QVQLQESGGGLVQAGGSLRLSCAASGRTFRNDVMAWFRQIPGKEREFVAVIAYDAADTDYADSVKGRFIISRDNAKNTIYLQMNTLKPEDTAVYYCAADKDRMYGSRHWPEYEYDYWGQGTQVTVSS
seq12773,QVQLVESGGGLVQAGGSLRLSCAASGRTFSSNPMGWFRQAPGKEREFVAAISWSGGGTYYADSVKGRFTISRDNAKNTVTLQMNSLKPEDTAVYYCASRDYSDPISLWVEDREYDYWGQGTQVTVSS
seq12774,QLQVVESGGGLVQPGGSLRLSCAASGFTFSSYAMSWVRQAPGKGPEWVSRISSGGGSTSYADSVKGRFTISRDNAKNTLYLQMNSLKPEDTAVYYCANRAGWGMGDYWGQGTQVTVSS
seq12775,EVQLVESGGGLVQAGGSLRLSCAASGSIRGFVAMAWYRQAPGKQREWVATVTNGGTLYGDSVKGRFTGSRDNAKNTVYLQMNSLKPEDTAVYYCALRQIGASGYDYWGQGTQVTVSS
seq12776,QVQLVESGGLVQAGGSLRLSCAASGRADIIYAMGWFRQAPGKEREFVAAVDWSGGSTYYADSVKGRFTISRDNAKNSVYLQMNSLKPEDTAVYYCAARRSWYRDALSPSRVYEYDYWGQGTQVTVSS
seq12777,QVQLQESGGGSVQGGGSLRLSCAVSGYRFSSYAMAWFRQAPGKEREAVAAYYRGFGGAQHSTHYAASVTGRFTITQNDALNTGYLQMNNLKPEDTAMYYCALSTADDDDWHSLRRYNYWGQGTQVTVSS
seq12778,EVQLVESGGGQVQPGGSLRLSCESSVSIWSFKVMGWFRQVPGKQRELVATITTGGSPHYSDSVKGRFTISRDYDKRTLYLQMNSLKPEDTARYYCAGRLWAHITSSGHDVWGQGTQVTV
seq12779,EVQLVESGGGLVQPGGSLTLSCVASGSTSRINAMGWYRRAPGKQRELVAGISSDGSKVYADSVKGRFTISRDNAKNSVYLQMNSLRAEDTAVYYCYYFRTKSGSSMRYWGQGTLVTVSS
seq12780,QVQLQESGGGLVQPGGSLRLSCVTSGSIFGLNLMGWYRQAPGKQRELVATITRGGSTNYADSVKGRFTISRDNAKKTVYLQMNSLKPEDTAVYYCNVDRGWSSYWGQGTQVTVSS
seq12781,EVQLVESGGGLVQAGDSLRLSCAASGRTFNTVDMGWFRQAPGKEREFVAHISWRGGSTYYADSVKGRFTISRDNAKNTLYLQMNNLKPEDTAVYYCDIAGRRGQGTQVTVSS
seq12782,QVQLQESGGGLVQPGGSLRLSCAASGRIFSINAMGWYRQAPGKQRELVAVISRSGISNYVDSVKGRFTISRDNAKNTVYLQMNSLNPEDTADYYCNADVLLTFNKREDSWGQGTQVTVSS
seq12783,DVQLVESGGGLVQPGGSLRLSCAASGRTFRHYAMGWFRQAPGKEREFVAAISSYGSTDYGDSVKGRFTISRDDSKNTVYLQMNSLRPEDTAVYYCAAADETLGAVPNFRLHEKYEYEYWGQGTLVTVSS
seq12784,EVQLMESAGGLVRPGGSLRLSCVASGSIGDIYSMGWYRQAPGKQRELVATVGAGGLTDYGDSVLGRFTISRDKTKGTVSLEMNSLKPEDTAVYYCNADVSIGPTGLRVYWGQGTQVTVSS
seq12785,EVQLVESGGGLVQPGGSLRLSCAASGSIRSIIHMGWYRQTPGNERDMVAVIIDSRTTKYAESVKGRFTISRDNAKNTVYLQMNSLKPEDTAVYYCNALALGTDQSSTFDSWGQGTQVTVSS
seq12786,LQESGGGLVQAGGSLKLSCVASGLTAGTYAIGWFRQAPGKEREGVSCIANVSATTYYASSVKGRFTISKDNAKNTVYLQMNRLKPEDTAVYYCAGRPVCRAATLNPAMSWGQGTQVT
seq12787,QVQLVESGGGLVQAGDSLRLSCAASGRTLSFDTYAMAWFRQAPGKEREFVASIDWNGVNTYYADSVKGRFTVTRDNTKNTVTLRMNSLKTDDTAVYYCAAAQYYRSGTSFPANSWGQGTQVTVSS
seq12788,EVQLVESGGGLVQPGGSLTLSCAASDSAVSVLSIAWYRQAPGKKRELVAGISTDGSKHYIDSVKGRFTISRDNAKNSVYLQMNSLRAEDTAVYYCYAYDWADAQPYWGQGTLVTVSS
seq12789,EVQLVESGGGLVQAGGSLRLSCAASGSTFSSYAMGWFRQAPGKEREFVAAITWSGTRTNYADSVKGRFTISADNAKNTVYLQMNSLKPEDTAVYYCAAAAWTIYTYDSWGQGTQVTVSS
seq12790,EVQLVESGGGLVQPGGSLRLSCAASGSIVRSDVMGWYRQAPGKQRELVAFIRSLGSTYYAGSVKGRFTISRDDAANTVYLQMNNLKPEDTAVYYCNARFSGESYWGQGTPVTVSS
seq12791,EVQLVESGGGSVQTGGSLRLSCAASGRTFTSYCVGWWRQAPGKERAVVAAITRGGDTTDYVDSVKGRFTISRDKAENTVYLQMNSLKPEDTAVYYCAADINCRNLYTGRPEYWGRGTQVTVSS
seq12792,QVKLQQSGGGLVQPGGSLRLSCAASGFTFRNYAMSWVRQAPGKGLEWVSAIAAGGAVTKYADSVKGRFTISRDNARDTLYLQMNSLKPEDTAVYYCAKPRDFWYSPEFDFRGQGTQVTVSS
seq12793,QVQLQESGGGLVRPGGSRRLSCVDSERTSYPMGWFRRAPGKEREFVASITWSGIDPTYADSVADRFTISRDVANNTLYLQMNSLKHEDTAVYYCAARAPVGQSSSPYDYDYWGQGTQVTVSS
seq12794,EVQLQASGGGLVQAGGSLRLSCAASGRTFSSYGMGWFRQAPGKEREFVGAISWGAGTPYYADSVKGRFTISRDFAENTVELQMDNLKPEDTGVYYCAATINGAARRSQGTQVTVSS
seq12795,EVQLVESGGGLVQPGGSLRLSCAASGSIVRVDFMGWYRQAPGKQREVVTFITSGGSPNYVDSVTGRFTISRDNAKNTMYLQMNSLKPEDTAVYYCYIQSGTAGSWGQGTQVTVSS
seq12796,VQLVESGGGLVQPGGSLRLSCAASGFTFYDYHMSWVRQAPGKGLEWVSGIDTGGGRTYAADSVKGRFTISRDNAKNTLYLQMNSLKSEDTALYYCVRDGDARGPDYDYWGQGTMVTVSS
seq12797,QVQLQDSGGGSVQAGASLRLSCAASGGTFSSYAMAWFRQAPGKEREFVGFIGSDGSTLYSSSVRGRFTISRDNAKNTVALQMMNLKPEDTAVYYCAARARYSGIYYRETDYPYWGQGTQVTVSS
seq12798,QVQLVESGGGSVQAGGSLRLSCTASGGSEYSYSTFSLGWFRQAPGQEREAVAAIASMGGLTYYADSVKGRFTISRDNAKNTVTLQMNNLKPEDTAIYYCAAVRGYFMRLPSSHNFRYWGQGTQVTVSS
seq12799,QVQLQQSGGGLVQAGGFLRFSCAASGSITGAYIMAWYRQAPGKQRDLVAALTSGGITNYADSVKGRFTISRDNGKNTVYLEMHTLEPEDTAIYYCAADRGTNWDARSDWYKGGNYRGKGTQVTVSS
seq12800,EVQLVESGGGLVQAGGSARLSCAASGSILSPNLMAWSRQAPGKQREVVALATSDGITTYATSVKGRFTISRDDAKNTVYLQMNSLKPEDTNLYTCKYRALRAGAVDYWGQGTQVTVSS
seq12801,QVQLQESGGGLVQAGGSLRLSCAVSGMMYIREAIRWYRQAPGKQREWVAFVSSTGNPRYTDSVKGRFTISRDNAKNTVYLQMNSLTPEDTAVYYCNTYLGSRDYWGQGTQVTVSS
seq12802,GLVQPGGSLRLSCAASGFTFDDYAMSWVRQAPGKGLEWVAAFSWNGYSTYYAESMKGRFTISRDNAKNTLYLQMNSLKSEDTAVYYCAKEVVGGYYYGMDYWGKGT
seq12803,EVQLVESGGGLVQAGGSLRLSCESSISTFSSDAMGWFRQAPGKEREFLAAIGWSGAVTHYSDSVQGRFTISRDNAKNTVYLQMNSLKSEDTGRYYCAEDYDTDVWQYWGQGTQVTVSS
seq12804,QVQLQESGGGLVQAGGSLRLSCAASGFRFGDYPIGWIRQAPKAREAVSCISANGTGAYYADSVKGRFTISRDNANNMLFLQMNSLKPEDTAVYYCVADDQLKPEMAHNYCLHGYYDFGSWGQGTQVTVSS
seq12805,EVQLVESGGGLVQAGGSLSLSCATSGRTISDDTMAWFRQAPGKEREFVATITFSGARTHYSDSVRDRFTISRDNAKNTVYLQMDSLKSEDTAVYYCAASTKYYSSTYNYIHPAFYDIWGQGTQVTVSS
seq12806,GGSVQAGGTLRLSCVGSGLTFSTYCMGWFRQAPGKEREGVAVINAGGGSTYYADSVKGRFTIFQDNAKNTMYLQMNSLKPEDTAIYYCAADLDDCNEGGYIVTMSSYWGQGTQVTVSS
seq12807,EVQLQESGPGLVKPSQTLSLTCTVSGGSITNSYYASSWIRQPPGKGLEWMGVIIYDGSTYYSPSLKSRTSISRDTSKNQFSLQLSSVTPEDTAVYYCARGLRVAGSYFTDFGTWGQGTQVTVSS
seq12808,QVQLQSGGGLVQAGDSLRLSCAASGRTFIRYAMAWFRQAPGKEREFVAAIPQSGGRSYYADSVKGRFTISRDNAKNTVYLQMNSLKPEDTAVYSCAATSTYYGRSAYSSHSGGYDYWGQGTQVTVSS
seq12809,LQESGGGLVQPGGSLRLSCAASGSIFSINAAGWYRQAPGKQRELVAYMSSTGSTNYADSVKGRFTISRDNAKNTVYLQMNSLKPEDTAVYYCNADGIAVLAGRTDQYDFWGQGTQVT
seq12810,QVQLVETGGGVVQAGGSLRLSCAASASIFKIITMGWYRQAPGKQRESVATITRGGNTNYADSVKGRFTISRDNAKNTVYLQMNSLKPEDTAVYYCNGAPYVRNNGSWGQGTQVTVSS
seq12811,QVKLEESGGGLVQAGGSLRLSCAASGRTFNDYAMGWFRQAPGKEREFVAAAAQSGDSSAYARSVKGRFTISRDGAKNTAYLQMDSLKPEDTAAYYCAATTRGSYEYMGPDPKKYEYWGQGTQVTVSS
seq12812,QVQLQESGGGSVQAGGSLRLSCTVSQHTSRYYYMAWFRQAPGKEREGVASIWTGGGTPGYADSAKGRFTISTDNAKNTIYLQMNSLKPEDTAMYYCAADDRGGRWSLGTMAVGGYKYWGQGTQVTVSS
seq12813,QVQLVQSGGGLVQAGGSLRLSCAASGSISSYNVVGWYRQLSGNERGGRTMVAQINAYGDTNYANAVVGRFTISRDDAKNTVYLHMSNLKPEDTGVYYCNGQRMLENYTYRDQSWGQGTQVTVKP
seq12814,GLVQAGGSLRLSCAASGRTLSNYAMGWFRQAPGKEREFVAGINWINDNTYYVDSVKGRFTISRDNAKNTVFLHMNSLKPEDTAVYFCAAGMEILTRGHYGMDYWGKGT
seq12815,QVQLVESGGGLVQPGGSLRLSCAAFGFTFSNYYMNWVRQAPGKGLEWISGINSGGGTTAYADSVKGRFTISRDNAKNTLYLQMNSLKPEDTAVYYCAKGAVRLVAGALRPADWGQGTQVTVSS
seq12816,EVQLVESGGGLVQAGGSLRLSCAASGFTFDDYAIGWFRQAPGKEREAVSCISSSDGSTYYTDSVKGRFTISSDNAKNTVYLTMNSLKPEDTAVYYCAADLLSTVVGCLYYRGSYYPRTTADYWGKGTLVTVSS
seq12817,QVQLVESGGGLVQPGGSLRLSCAASGFAFSRYTMNWVRQAPGKGLEWLSAISPDGGKTIDADSVKGAFASSRDNTMNTLYLDMNSLKPEDAAVYYCVAGHNMDYWGKGILVTVSS
seq12818,EVQLLESGGGLVQPGGSLRLSCAASGSAFSSNAMGWYRQAPGKERELVSAISSGGSTNYADSVKGRFTISRDNSKNTLYLQMNSLRAEDTAVYYCAARNPLTYTALVSNAPSGDYYLFEYRLWGQGTQVTVSS
seq12819,QVQLVETGGGLVQPGGSLRLACTLSGFTSGSYYMSWYRQAPGKERGFVARIFSAGGSTDYTASVKGRFTISRDNAKNTVYLQMNSLKPGDTGVYYCHATVSDQIRPWVAGDYWGQGTQVTVSS
seq12820,EVQVVESGGGLVQPGGSLRLSCAASGNIFRIDTMVWYRQAPGKQRELVAGISRGGTTNYAHSVKGRFTISRDNAKNTMYLQMNSLKSEDTATYYCNAQAWDVGTIRYLEVWGQGTLVTVSA
seq12821,EVQLVESGGGLVQPGRSLTLSCAASTNIFSNSPMGWYRQAPGKQRELVAAIHGRSTLYADSVKGRFTISRDNAKNSIYLQMNSLRPEDTALYYCNKVPWGDYHPRNVMWGQGTQVTVSS
seq12822,QVQLQESGGGLVQAGDSLRLSCAASGDTFSMYAMGWFRQAPGKEREFVAAISRSGGSTDYRDSVKGRFTISRDNDLNAGYLQMNSLKPEDTAVYYCALRLTFSTTTAYTGELQYPYWGQGTQVTVSS
seq12823,QVQLQESGGGLVQAGGSLRLSCAASGTIFGYRYMGWYRQAPGKEREFVASIGRGTSTNYADSVKGRFTISRDNAKNTVYLQMNSLKPEDTAVYYCAARGRAYSVDVAVAYHTYWGQGTQVTVSS
seq12824,EVQLVESGGGLVQAGGSLRLSCAASGSIFSITEMDWYRQAPGKQREWVAGETSDGSTNYADSVKGRFTISRDNANNAVYLQMNRLKPEDTAVYHCAASLRNSGSNVEGRYWGQGTQVTVSS
seq12825,EVQLVESGGGLVQAGGSLRLSCAASGSIASIHAMGWFRQAPGKEREFVAVITWSGGITYYADSVKGRFTISRDNAKNTVYLQMNSLKPEDTALYYCAGDKHQSSWYDYWGQGTLVQVSS
seq12826,EVQLVESGGGLVQPGGSLRLSCAASGGTLDYYAIGWFRQAPGKEREGVSCISSSDGSTYYASSVKGRFTVSRDKAKNTVYLQMNSLKPEDTAVYYCAFVFTTAQAMGVPNNPYEYDFWGQGTQVTVSS
seq12827,QVQLVESGGGLVQPGGSLRLSCATSDRNFKYYAMGWYRRPVGKEREFVAAIHYSGERQRYSDSVKGRFTISRDNDKNMMWLQMTDLRPEDTALYTCAAVLDYTDDTTGDYWGQGTLVTVSS
seq12828,EVQLVESGGGLVQAGGSLRLSCAASGFTLDDYAIGWFRQAPGKEREGVSSIRDIDGSTYYADSVKGRFTISSDNDKNTVYLQMNSLKPEDTAVYYCAAVPAGRLRFGEQWYPLYEYDAWGQGTLVTVSS
seq12829,EVQLVESGGGLVQPGSSLRLSCAASGFTLDDYTIAWFRQAPGKEREGVSCISSVDGSTNYGYPMKGRFTISTDNAKNMVYLQMNSLKPEDTAVYYCAAMKMCTRAFYGDPVDYWGKGTLVTVSS
seq12830,EVQLEESGGGSVQTGGSLRLTCAASGRTSRSYGMGWFRQAPGKEREFVSGISWRGDSTGYADSVKGRFTISRDNAKNTVDLQMNSLKPEDTAIYYCAAAAGSAWYGTLYEYDYWGQGTQVTVSS
seq12831,EVQLVESGGGLVQAGDSLRLSCVASGRTFVTYGMGWFRQAPGKEREFVAAINWSGSMTSYGDSVKGRFAISRDNAKNTVYLQMNSLKPEDTAVYYCAAALGAVVYTTREPYTYWGRGTQVTVSS
seq12832,LQESGGGLVQAGGSLRLACAASVSISTIYVMGWYRQAPGKQRELVVSVQNGIYTNYADSVKGRFTISRDDAKNTLYLQMSSLKPEDTAVYYCNAAIYTPGRGEFDYWGQGTQVT
seq12833,EVQLVESGGGLVQAGGSLRLSCAASRSIGRLDRMGWYRHRPGEPRELVATITGGSSINYGDSVKGRFTISIDNSKNTVYLQMNSLRPEDTAVYYCNFNKYVTSRDTWGQGTQVTVSS
seq12834,EVQLVESGGGLVQPGGSLRLSCSASGRTFSFSTSTMGWFRQAPGKELEFVAAIDWSDFNTYYADSVKGRFTISRHNPKNSVYLQMNSLRPEDTAVYYCAAHSETRGGTRYFDRPSLYNYWGQGTQVTVSS
seq12835,EVQLVESGGGLVQPGRSLTLSCAASTNITSISPMGWYRQAPGKQRELVAAIHGDSTLYADSVKGRFTISRDNAKNSIYLQMNSLRPEDTALYYCNKVPWGDYHPGNVYWGQGTQVTVSS
seq12836,RLSCAASGSIFSINAMGWYRQAPGKQRELVAAITSGGSTNYADSVKGRFTISRDNAKNTVYLQMNSLKPEDTAVYYCNAKTPITHIRGVHHWGQGTLVTVSS
seq12837,LQQSGGGLVQAGGSLRLSCAASGRAFGYYYMGWFRQAPGKEREFVAAISWYDGSTSYPNSVKGRFTISRDNAKNTVDLQMNSLKSEDTAVYYCAGDRSLTVVASSWRYWGQGTQVT
seq12838,QVQLVESGGGWVQPGGSLRLSCAASGFTFSSYAMSWVRQAPGKGPEWVSAIDTGGGYTYYADSVKGRFTISRDNAKNTLYLQMNSLSPEDTALYYCATTYSGNYYSDYTIGNSDYRGQGTLVTVSS
seq12839,QVQLQESGGGLVQPGGSLRLSCSASGIIFSDYALTWYRQAPGKQREWVAQITRSQNINYTGSVKGRFTVSRDNAKNTVHLQMNSLKPEDAAVYYCHAYDGRRPPYWGQGTQVTVSS
seq12840,VQLVESGGGSVQAGGSLTLSCVASGYGYSATCMGWFRQAPGKEREGVASISPYGVRTFYADSAKGRFTVSRDNAKNTLYLQMNSLKPEDTSVYYCAAGSGVGVCSLSYPYTYWGQGTQVTVSS
seq12841,EVQLVESGGGLVQPGGSLRLSCAASGRTFSRSDMGWFRQAPGKEREFVAAISWSGGSTSYADSVKGRFTISADNSKNTAYLQMNSLKPEDTAVYYCATVPPPRRFLEWLPRRLTYIWGQGTLVTVSS
seq12842,EVQLVESGGGLVQPGGSLRLSCAASGFTLEYYAIGWFRQAPGKEREGVSCISSEGSTSYADSVKGRFTISRDNSKNTVYLQMNSLRPEDTAVYYCATDPDRGFLGSSCDTQSHQYDFWGQGTLVTVSS
seq12843,EVQLVESGGGLVQPGGSLRLSCAASGFTFSNYWMYWVRQAPGKGLEWVSTISPRAAVTYYADSVKGRFTISRDNAKNTLYLQMNSLEPDDTALYYCARSLKYWHRPQSSDFASWRRGTQVTVSS
seq12844,QVQLVESGGGLVQPGGSLRLSCAASGFSFSRSGMSWGRQAPGKGFEWVSRISSGGATWYADSVKGRFSISRDNAKNTVYLQLDSLKTEDTGMYYCAASDRSGSTYRGQGTQVTVSS
seq12845,EVQLQESGPGLVKPSQTLSLTCTVSGGSITSSYYAWSWIRQPPGKGLEWIGVIDYDGDTYYSPSLKSRTTISWDTSKNQFSLQLSSVTAEDTAVYYCARDPDVVTGFHYDYWGQGTMVTVSS
seq12846,VQLVETGGGLVQAGGSLGLSCAASGLSFNWYDVGWFRQAPGKEREFVASRSSGGGSTYYGDSVKGRFSISTDNAKNTAYLQMNSLKPEDTAVYYCAADWTGRAGFSVGYYRPDEYDYWGQGTQVTVS
seq12847,QVQLVESGGGLVQTGGSLRLSCAASGFTFSSYAMSWVRQAPGKGLEWVSSINPGGSTTSYADSVKGRFTISRDNAKNTLNLQMNSLKPEDTAVYYCTKSRTVVAGSPPEYWGQGTQVTVSS
seq12848,EVQLVESGGGLVQPGGSLRLSCAVSGFTSDYYVIAWFRQTPGHEREGVSSIRITDNATYYADSVKGRFSISRDNAKNMVFLQMNSLKPEDTAVYTCAARYETLLGGGRPREFPYWGQGTQVTVSS
seq12849,QVQLQESGGGWVQPGGSLRLSCAASEMIFDFNDMGWYRQAPGKERELVASISRFGRTNYIDSVKGRFSISNDPAKWTVYLQMNSLKPEDTAVYSCNTDPPLFAWGQGTQVTVSS
seq12850,EVQLVESGGGQVQPGGSLSLSCESSVSIWSFKVMGWFRQVPGHQLELVATITTGGSPDYSDSVKGRFTISRDYDKRTLYLQMNSLKPEDTAVYYCAGRLWAHITSSGHDVWGQGTQVTV
seq12851,QLQLVESGGGLVQPGGSLRLSCVVSGVTISNYGMSWVRQAPGKGLEWISTIYSNGHTYSADSVKGRFTISRDNAKNTLYLQMNSLKPEDTAKYYCKLVGETHRGQGTQVTVSS
seq12852,QVQLVESGGGLVQAGDSLRLSCAASGRTFSGYAMGWFRQAPGKEREFVARINWSGTLTYYADSVKGRFTASRDNAKNTVYLQMNSLKPEDTAVYYCAQRGDSGSNYDPSGYSYWGQGTQVTVSS
seq12853,VQLQASGGGLVQAGGSLRLSCEASGDTFSSYVMAWFRQAPGKEREAVGVISWYGASLYYLDSVKGRFTVSRDNAKTTVYLQMSGLKPEDTAVYYCGADRSRGTSWLPGQYDYWGQGTQVTVSS
seq12854,QVQLVESGGGLVQAGGSLRLSCAATGRTFSPYTMGWFRQAPGKEREFVTRITWKSGSTYYADSVKGRFTISRDNAKNTVTLQMDSLKPEDTAVYFCASTSFAYGLTNSNKYNYWGQGTQVTVSG
seq12855,EVQLVESGGGLVQPGGSLRLSCAASGGTFSTSWMGWFRQAPGKEREYVAHITAGGLSNYADSVKGRFTISADNSKNTAYLQMNSLKPEDTAVYYCARLLVREDWYFDLWGQGTLVTVSS
seq12856,QVQLQESGGGLVQAGGSLRLSCAASGFSSDDYTIGWFRQAPGKEREGISCFSSSDGSTGFADSVKGRFTISSDNATNTVYLQMNSLKPEDTAVYYCAADFNVWSPPICGSSWYGPPPGGMEYWGKGTQVTVSS
seq12857,EVQLVESGGGLVQTGGSLRLSCAASGRTFSPYAMGWFRQAPGKEREFVAAIRWSGATTYKYVGDSVQGRFTISRDAAGNTVYLQMNSVKPEDTAVYYCAADRVPKDISIDPRNPKDWDYWGKGTLVTVSS
seq12858,EVQLVESGGGLVQAGGSLRLSCAVSGSTFGLYAMGWFRQAPGREREFLSAITWSAGDTQYADSVKGRFTISRDNARNTVNLQMNGLKPEDTAVYYCAGRQWGGTYYYHGSYAYWGQGTQVTVSS
seq12859,ESGEMLFTVKKGASLRLSCAASGRTFSTAAMGWFRQAPGKERDFVAGIYWTVGSTYYADSAKGRFTISRDNAKNTVYLQMDSLKPEDTAVYYCAARRRGFTLAPTRANEYDYWGQGTQVTVSS
seq12860,EVQLVESGGGLVQPGRSLTLSCAASTNIFSDSPMGWYRQAPGKQRELVAAIHGFSTFYADSVKGRFTISRDNAKNSIYLQMNSLRPEDTALYYCNKVPWGDYHPGNVYWGQGTQVTVSS
seq12861,EVQLVESGGGLVQAGGSLRLSCAASGRTFNGYAMAWFRQAPGKERDFVASITWSYGYTYYADSAQGRFTISRDSAKNTVYLEMNSLKPEDTAVYYCAADPKASRFRILRQYAHWGQGTQVTVSS
seq12862,QVQLQDSGGGLVQAGGSLRLSCTTSGRTISVYAMGWFRQAPGKEREFVASISGSGAITPYADSVKGRFTISRDNAKNTVYLQMNSLNPEDTAVYYCAASRYARYRDVHAYDYWGQGTQVTVSS
seq12863,QVQLQDSGGGLVQAGGSLRLSCAASGTIGDIYTMAWHRQAPGKERELVASATESGSPNYADPVKGRFTISRDNGKLTVYLQMNSLKPEDTAVYYCNALIRRKFTSEYNEYWGQGTQVTVSS
seq12864,QVQLQESGGGLVQAGGSLRLSCTASGSDSSINYMGWYRQAPGKQRVLLAAISRDGRSNYADSVRGRFTISRDNAKNTVDLQMNSLKPEDTAVYYCYVDPLGRVPRWGQGTQVTVSS
seq12865,EVQLVESGGGLVQVGGSLRLSCAASGISIRTHAMGWYRQAPGKQRELVATITSVTSGGSLNYADSVKGRFTISRDNAKNTVYLQMNSLKPEDTAVYYCKLLGFDYRGQGTQVTVSS
seq12866,EVQLVESGGGLVQPGGSLKLSCVASGSMFRFYHMAWYRQAPGEQRELVARIYTGGDTIYGDSVLGRFTISRDNSKNTVYLQMNTLKPEDTGVYYCNAFREYHIWGQGTQVTVSS
seq12867,EVQLVESGGGLVQAGGSLRLSCAASGFIFSTYAMGWFRQAPGKERELVSAITRSGITTYYADSVKGRFTISADNAKNTVYLQMNSLKPEDTAVYYCAAAAWTIYEYDYWGQGTQVTVSS
seq12868,VQLVESGGGLVQPGGSLRLSCEASGFHLEHFAVGWFRQAPGKEREGVSCISASGDSTTYADSVKGRSTISKDNAKNAVYLQMDSLRPEDTGDYYCAASHFSVCGKNIRKIEYRYWGQGTPVTVSS
seq12869,QVQLQESGGELVQPGGSLKLSCAASGLTFTNYSMGWFRQAPGVDREAVAAISWSGDNTYYVSSVKGRFTISRDNAKNTVYLQMNSLKPQDTAVYYCAVKPDDGWWDYWGQGTQVTVSS
seq12870,DVQLVESGGGVVQPGGSLRLSCAASGSTISSYVMGWFRQAPGKEREFVAAISRSGGYTYYADSVKGRFTISRDNSKKTVYLQMNSLRPEDTALYYCAAGRYSAWYSQSYEYDYWGQGTLVTVSS
seq12871,EVQLVESGGGEVQPGGSLRLSCAASEIIFSDKTVGWYRQAPGKQRVLVAVISNVESTNYAESVKGRFTISRDNAKNTVYLQMSSLRAEDTAVYYCYARDFESEYWGQGTLVTVKP
seq12872,EVQLVESGGGLVQAGGSTRLTCLASGSISSINVIGWYRQAPGKQRELVAMIGRGEGANYGDFAKGRFTISRDNSKNTVYLQMNSLKPEDTAVYYCYADYEDRDSPTNGSWGQGTQVTVSS
seq12873,KVQLVESGGGLVQPGGSLRLSCAASGSIFSINAMGWYRQAPGKQRELVAHIASSGSTIYADSVKGRFTISRDNAKNTVYLQMNSLKPEDTAVYYCNTRGPAAHEVRDYWGQGTQVTVSS
seq12874,QVQLQESGGGLVQPGGSLRLSCAASGSIFSIDGMGWYRQAPGKQRERKQRELVAAITSGGSTKYADSVKGRFTISRDNANDTVYLQMNTLKPEDTAVYYCNAVLLRRGIVYDYWGQGKQVTVSS
seq12875,VQLVESGGGVVQPGGSLRLSCAASGLTLSQYTMGWFRQAPGKERELVAAIHWTSSVTDYADSVRGRFTISRDDSKNTGYLQMNSLRAEDTAVYYCAATWYYTHRGSFDYWGQG
seq12876,EVQLVESGGGLVQAGGSLRLSCAASGRTLENYRMGWFRQAPGKEREFVAAVSWSSGNAYYADSVKGRFTISADNAKNTVYLQMNSLKPEDTAVYYCAANWKMLLGVENDWGQGTQVTVSS
seq12877,EVQLVESGGGLAQAGGSLRLSCVASGNIDSANGMAWYRQAPGKQRELVAHITSGTSYYVASVEGRFTISRANAKDTWYLQMNSLKPEDTGVYYCFPIGLSAHWSQGTQVTVSS
seq12878,QVQLQESGGGLVQPGGSLRLSCAASGFEFENHWMYWVRQAPGKGLEWVSTVNTNGLITRYADSVKGRFTISRDNAKYTLYLQMNSLKSEDTAVYYCTKVLPPYSDDSRTNADWGQGTQVTVSS
seq12879,EVQLVESGGGLVQAGGSLRLSCAASGFPFSIWPMGWFRQAPGKEREFIATIFSGGDTDYADSVKGRFTISADNAKNTVYLQMNSLKPEDTAVYYCAAIAYEEGVYRWDWGQGTQVTVSS
seq12880,EVQLVESGGGVVQAGGSLRLSCAASGGTFSFYGMGWFRQAPGKEQEFVADIRTSAGRTYYADSVKGRFTISRDNAKNTVYLQMNSLKPEDTALYYCAAEMSGISGWDYWGQGTLVTVQS
seq12881,QVQLQESGGGLVQPGESLRLSCAVSGSTSSVNAMAWYRQAPGKRRELVAGISGGGATNYPDSVKGRFTISRDNAKNTVYLQMSSLKPEDTAVYYCNLWPPRASPGGGVYWGQGTQVTVSS
seq12882,EVQLVESGGGLVQPGGSLRLSCAASGFTLDYYAIGWFRQAPGKEREGVSCISSSDGSTYYADSVKGRFTISRDNAKNTVYLQMNSLKPEDTAAYYCATDRSVYYCSGDAPEEYYWGQGTQVTVSS
seq12883,QVQLQESGGGLVQAGGSLRLSCADSGSTFGLTAIGWYRQSPGKQRELVASITSGGRTNYADSVKGRFTISRVNPKRTVYLQMNSLKPEDTAVYVCNARFGIRDFWGQGTQVTVSS
seq12884,QVQLQESGGGLVQAGGSLRLSCAASGRTFSNYHMAWFRQAPGKEREFVAAISRGTSTTFYRDSVRDRFTISRDNAKNTAYLQMNSLKPEDTAVYYCAADADRSTTIYSRDIYDYWGQGTQVTVSS
seq12885,DVQLVESGGGLVQPGGSLRLSCAASGFILDYYAIGWFRQAPGKEREGVLCIDASDDITYYADSVKGRFTISRDNSKNTVYLQMNSLRPEDTALYYCATPIGLSSSCLLEYDYDYWGQGTLVKVSS
seq12886,QVQLQDSGGGLVQAGGSLRLSCAAFGRTFSSYTMGWFRQAPGKEREFVAALDWSGGTTYSADSVKGRFTISRDNAVNKVSLQMNSLKPEDTAIYSCNAAYIWFNVILRDYWGQGTQVTVSS
seq12887,QVQLVESGGGLVQAGGSLRLSCVVSGSTFSDYAMGWYRQAAGEQRELVAAIYSTGRTNYIDSVKGRFTISRDNAKTTVYLQMNSLKPEDTAVYYCNLLGATTMINTKWGQGTQVTVSS
seq12888,VQLQESGGGFVQAGGSLRLSCAASGSIFSINYGNWYRQAPGKQRELVAGISRGGRTKYADSVKGRFTISRDSAKTLTLQMTSLKPEDSGVYYCAATRWSWGTKSYWGQGTQVTVSS
seq12889,EVQLVESGGGLVQAGGSLRLSCAASGRTVSDYGMGWFRQAPGKECEFVASINWSGTYTRYIDSVEGRFTISRDNTENTLYLQMNNLKAEDTAVYYCAYFLGPNWYSDYGRPSSYDFYGQGTQVTVSS
seq12890,EVQLVESGGGLVQPGGSLRLSCAASGFTFDDYGMSWVRQAPGKALEWVSAISWNGNNTYYTESMKGRFTISRDNAKNTLYLQMNSLRPEDTACYYCVKGSTAIVGVPPTYPDEYDYWGQGTLVTVSS
seq12891,EVQLVESGGGLVQAGGSLRLSCAVSGLPFDDYVIGWFRQAPGKEREGVSCISSSDGSTYYADSVKGRFTISSDNAKNTVYLQMNSLKPEDTAAYYCAAGGPRINIATMTCSHDEYEYDYWGQGTQVTVSS
seq12892,EVQLVESGGGLVQAGGSLRLSCAASGLIFTYYDMGWFRQAPGKEREFVAAIPRRGGSTYYAEFVQGRFTISRDNAKNTVYLQMDSLKPEDTAVYYCAANRSYGDLVKNTYDYWGQGTEVTVSS
seq12893,DVQLVESGGGLVQPGGSLRLSCEASGGAFSTVAMGWFRQAPGKEREFVGAITWTAGSTYYADSAKGRFTISRDNAKNTVHLQMNSLKPEDTAVYYCAQRVRGFFGPLRTTPSWYEYWGQGTQVTVS
seq12894,EVQLVESGGGLVQAGESLRLSCVASGISISTEIMGWWRQAPGKQGESVAILKSDGTTYYPDSVKGRFAISRDNAKNTVYLQMSSLKLEDTGVYYCIIAGRGRGQGTQVTVSS
seq12895,EVQLVESGGGLVQAGGSLRLSCAASGFTSDDYAIGWFRQAPGKEREGVSYISHEDGSTYVADSVRGRFTISYDYAKNTVYLQMNSLKPEDTAVYYCAAAILGNSVLWLWEYEYRYWGQGTQVTVSS
seq12896,QVQLVESGGGLVQAGGSLRLSCAASGSIFSINAMGWYRQAPGKQRELVAAITRGGRTNYADSVKGRFTLSRDNAKNTVYLQMNSLKPEDTAVYYCNVGRSRGYWGQGTQVTVSS
seq12897,QVQLVESGGGLVQAGGSLRLSCAASGRTFITYAIGWFRQAPGKEREFVSAIQWSGSMTSYADSVKGRFTISRDNAKNTVYLQMNGLKPEDTAVYYCAAHRGAIAPIAQSVYTNWGQGTQVTVSS
seq12898,EVQLVESGGGLVQPGGSLTLSCAASMYSVSFLSMAWYRQAPGKKRELVAGISNEGSTYYMDSVKGRFTISRDNAKNSVYLQMNSLRAEDTAVYYCYAYKWRSRSTYWGQGTLVTVSS
seq12899,QLQLVESGGGLVQPGGSLRLSCTASGISFSISTMGWYRQAPGKQRELVATITSGGEAYYANSMKDRFTISRDNAENTVYLQMNRLKPEDSAVYYCNTKFPWSTDWDSRGQGTQVTVSG
seq12900,VQLQESGGGSVQTGGSLRLSCAASSSIASNNYMAWFSQAPGKGREGVAAVYIGDGRPYYADSVKGRFTISLDSAKNTVYLQMNSLKPEDTAMYYCAAAPGPLSRNYWYTSANYDYWGQGTQVTVSS
seq12901,RVQLVESGGGLVQPGGSLRLSCTASGLPLNTAAMSWYRQTPGKERELVASISITGDSTTYADSVKGRFTISRDNVKNIVYLQMDILKPEDTAVYYCTRAPWDYKYWGQGTQVTVSS
seq12902,QVQLQESGGGLVQPGGSLRLSCAASGSTFSIDAVAWYRQAPGKRRELVAGISGGGVTNYPDSVKGRFTISRDNAKNTVYLQMSSLKPEDTAVYYCNLWPPRASPGGRVYWGQGTQVTVSS
seq12903,EVQLVESGGGLVQAGGSLRLSCAASGRTFSSNPMGWFRQAPGKEREFVAAISWSGGGTYYADSVKGRFTISRDNAKNTVTLQMNSLKPEDTAVYYCASRDYSDPISLWVEDREYDYWGQGTQVTVSS
seq12904,EVQLVESGGGLVQAGGSLRLSCAASGSTFDSYAMGWFRQAPGKEREGVAAITTSGSSTYYADSVKGRFTISADNAKNTVYLQMNSLKPEDTAVYYCAARGGVRSGSPGTYNYWGQGTQVTVSS
seq12905,DVQLVESGGGLVQPGGSLRLSCAASGFALDYYAIGWFRQAPGKEREGVSCISSSGGITYYADSVKGRFTISRDNSKNTVYLQMNSLRPEDTAVYYCATDSGGYIDYDCMGLGYDYWGQGTLVTVSS
seq12906,QVQLQESGGGLVQPGGSLRISCAASGSTLNIKIMAWHRQAPGKQRELVATLTSGGNTNYADSVKGRFTISRDNAKNTVYLQMNSLQPEDTAVYYCGLWDGVGGAYWGRGTQVTVSS
seq12907,QVQVVESGGGLVQPGGSLSLSCAASGRTFSSYAMGWFRQAPGKEREFVAAITWDGANIYYADSVKGRFTLSRDNAENTVWLQLNSLKPEDTAVYYCAAAESGRYSGRDYYSAPGVYLYWGQGTLVTVSG
seq12908,EVPMVESGGGLVQAGGSLRLSCAASGRTFSGVDVAWFRQAPGKEREFVAALAWSGIRTYYAVSVKGRFTISRGDPNDTVYLQMTSLKPEDTAVYYCATGRASRTSDYYTDRIYDSWGQGAQVTVSS
seq12909,EVQLVESGGGEVQPGGSLRLSCAASGSVTGANTMGWYRQAPGKQRDLVSLIGNYVTHYAESVKGRFTISRENAKNTVYLQMSSLRAEDTAVYYCYLYTDNLGTSWGQGTLVTVKP
seq12910,RLSCAASGSIFSINAMGWYRQAPGKQRELVAAITSGGSTNYADSVKGRFTISRDNAKNTVYLQMNSLKPEDTAVYYCGVLWFGELSDWFDYWGQGTLVTVSS
seq12911,EVQLVESGGGLVQPGGSLTLSCTASGSRFSYATMGWSRQAPGKQRELVARITSSGFSTNYADSVKGRFTISRDNAKNSVYLQMNSLRAEDTAVYYCNAQQFGTDSWGQGTLVTVSS
seq12912,QVQLQESGGGLVQAGGSLRLSCQASGNIFRINDMGWYRQAPGTRRELVAAITSGGSTKYADSVKGRFTISRDNAKNTVYLQMNSLKPEDTAVYYCAAEDRHRVGTVGYWGQGTQVTVSS
seq12913,QVQLQESGGGLVQPGESLRLSCAVSGSTSSDNAMAWYRQAPGKRRELVAGISGGGATNYPDSVKGRFTISRDNAKNTVYLQMSSLKPEDTAVYYCNLWPPRASPGGGVYWGQGTQVTVSS
seq12914,VQLQESGGGLVQAGGSLRLSCAASGSNISTNVMAWYRRAPGNQRDMVASISTSGTTNYLASVKGRFTISRDNAKNTVSLQMNSLKPEDTAVYTCYAAWPLNTWGQGTQVTVSS
seq12915,EVQLVESGGGLVQPGGSLRLSCAASGRTYYLNAMGWFRQGPGKEREFVAAIDWSDGNKDYADSVKGRFTISRDNSKNTVYLQMNSLRPEDTAVYYCAADTPPWGPMIYIESYDSWGQGTLVTVSS
seq12916,VQLQESGGGLVQAGASLRLSCSASGRTFSDYRMGWFRQAPGKEREWVAAISSSGYHTYYADSVKGRFTISRDNAKNTGYLQMSSLKPEDTAVYYCAVVKYLSGSYSYAGQYNFWGQGTQVTVSS
seq12917,EVQLVESGGGLVQPGGSLRLSCAVSGGTFSSVGMGWFRQAPGKGLEFVGAISRSGDSTYYAGSVKGRFTISRDGAKNSLYLQMNSLKTEDTAVYYCAARPAGTPINIRRAYNYWGQGTQVTVSS
seq12918,QVQLVESGGGLVHTGGSLRLSCAASGRSFSSAIMAWFRQAPGKEREFVAATSSNWIGATPHYTDSVKGRFSISRDDANDTVYLQMNSLKPEDTAVYYCAGGARGSWSSPQYVYWGQGTQVTVSS
seq12919,QVQLQESGGGLVQAGGSLRLSCAASGYISDAYYMGWYRQAPGKEREFVATITHGTNTYYADSVKGRFTISRDNAKNTVYLQMNSLKPEDTAVYYCAVLETRSYSFRYWGQGTQVTVSS
seq12920,EVQLVESGGGLVQAGGSLRLSCAASGITITTEVMGWFRQAPGKEREYVAAIHWNGDSTAYADSVKGRFTISADNAKNTVYLQMNSLKPEDTAVYYCAQVSQWRAWGQGTQVTVSS
seq12921,QVQLQESGGGLVQAGGSLRLSCAASGRTFSMYAIGWFRQAPGKERELVASISSGGSTNYADSVKGRFTISRDNAEKTVYLQMMSLEPEATGVYYCAARDGSALYTAHSDWDYWGQGTQVTVSS
seq12922,EVQLVESGGGLVQPGGSLRLSCAASGFTFSVYAMGWFRQAPGKEREFVTAIDSESRTLYADSVKGRFTISADNSKNTAYLQMNSLKPEDTAVYYCAALLDGYLGTWGQGTLVTVSS
seq12923,QVQLVESGGGSVQAGGSLRLSCAASVYSYNTNCMGWFRQAPGKEREGAAVIYAAGGLTYYADSVKGRFTISQENGKNTVYLTMNRLKPEDTAMYYCAAKRWCSSWNRGEEYNYWGQGTQVTVSS
seq12924,QVKLEESGGGSVQTDGSLRLTCAASGRTSRSYGMGWFRQAPGKEREFVSGISWRGDSTGYADSVKGRFTISRDNAKNTVDLQMNSLTPEDTARYYCAAAAGSAWYGTLYEYDYWGQGTQVTV
seq12925,VQLQESGGGLVQAGGSLKLSCTVSGFAFGSSHMSWVRRAPGKGLEWVSTIHSGGGFGDYANSVQGRFTISRDVAKNTLYLQMNSLKPEDTAIYYCALATDWRKPPGQGTQVTVSS
seq12926,QVQLQESGGGLVQAGGSLRLSCAASGRTFVSFGMGWFRQAPGKEREFVAAINWRGSTTAYADSVKGRFTISRDVTKNTIYLQMNSLKPEDTAIYYCAEGRTASASTMIREYDSWGQGTQVTVSE
seq12927,EVQLVESGGGLVQPGGSLRLSCAASGTIFKINVMAWYRQAPGKGRELVAGIITNGSTTYADSVKGRFTISRDNAKNTLYLQMNSLRPEDTAVYYCAFVTTNSDYDLGRDYWGQGTLVTVSS
seq12928,EVQLVESGGGLVQAGGFLRLSCAASGSIFNQYAMAWFRQAPGKEREFVAGMGAVPHYGEFVKGRFTISRDNAKSTVYLQMSSLKPEDTAIYFCARSKSTYISYNSNGYDYWGRGTQVTVSS
seq12929,VQLQESGGGLVQAGGSLRLSCAASGRTLSSYAMGWFRQAPGKERELVSAISWSGLSTYYEDSVKGRFTISRDNAKNTMYLQMNSLKPEDTAIYYCAADIGWPLRADSGSWGQGTQVTVSS
seq12930,EVQLVESGGGLVQPGGSLRLSCAASGFTFGSYDMSWVRRSPGKGPEWVSAINSGGGSTYYADYVKGRFTISRDNAKNTLYLQMNSLKPEDTAVYYCAADRYIWARQGEYWGAYAYDYWGQGTQVTVSS
seq12931,EVQLVESGGGLVQPGGSLRLSCAASGSIFSINTMGWYRQAPGKQRDLVASITMNQVPNYADSVQGRFTISRDNVRNTVHLQMNAVKPEDTADYFCNAWVRSSGASPYTNYWGQGTQVTVSS
seq12932,DVQLQASGGGLVQPGGSLELSCAASGSTFSINVMGWYRQSPDGVRDLVATITANGVTNYAASVKGRFTISKDNAKNTVFLQMNSVKPEDTAVYICNVEGEYSGSYVADFDSWGQGTQVTVSS
seq12933,QVQLQESGGGLVQAGGSLRLSCAASGSIFRINAMGWFRQAPGKEREFVTAVNWIGGTTNYADSVKGRFTISRDNAKNTVYLQMNSLKPEDTAIYFCSATDKGGSSRYWGQGTQVTVSS
seq12934,QVQLVESGGDSVQAGGSLQLSCKASGYTYNSRVDIRSMGWFRQYPGKEREGVATINIRNSVTYYADSVKGRFTISQDNAKNTVYLQMNALKPEDTAMYYCALSDRFAAQVPARYGIRPSDYNYWGEGTQVTVSS
seq12935,EVQLVESGGGLVQPGGSLRLSCTASGGPIEQYPMGWFRRAPGKERELVASISRSGDGTYYAISSVKGRFTISRDNAENTVFLQMNSLKPDDTAVYYCGAGINPTKIWGQGTQVTVSS
seq12936,QVQLQESGGGLVQPGGSLRLRCFAAGFSFDRWAIGWFRQAPGKEREGVSCISGSDSKTTYTDSVKGRFTISRDGAKMVVELQMNSLEPEDTAVYYCAAHPSRCPLRLEDFPGDWGQGTQVIVSS
seq12937,QVQLQQSGGGLVQAGGSLRLSCSASGSTISSYAMAWYRQAPGQQRELVAGISSGGGTQYADSAKGRFTISRDNAKNTVYLQLHTLKPEDTAVYYCNMRQLPRWSLLLGAWGQGTQVSVSS
seq12938,QVQLVESGGGLVQAGGSLRLSCAASGFTFSSAWMTWVRQAPGKGLEWVTSIATDGSTDYADSVKGRFTISRDNAKNTLYLQLNSLNTEDTAVYYCAKDRWGYVVWGQGTQVTVSS
seq12939,VQLVESGGGLVQAGDSLRLTCTASGRAFSTYFMAWFRQAPGKEREFVAGIAWSGGSTAYADSVKGRFTISRDNAKNTVYLQMNSLKSEDTAVYYCASRGIEVEEFGAWGQGTQVTVS
seq12940,EVQLVESGGGLVQPGGSLRLSCTASGLTFSTYGMGWFRQAPGKNREFVAAIKRGGSAYYSHPVRGRFTISRDNGKNTVYLQMNSLKPEDTAVYYCAADQDPQELLPFGLANEYDYWGQGTQVTVSS
seq12941,QVKLEESGGGLVQPGDSLRLSCAASGRTFSDYSGYTYTVGWFRQAPGKEREFVARIYWSSGNTYYADSVKGRFTISRDIAKNTVDLLMNNLEPEDTAVYYCAARDGIPTSRSVESYNYWGQGTQVTVSS
seq12942,VQLQESGGGLVQPGGSLRLSCAASGLTLTTYSTGWFRQAPGKEREFVGMLGWSGGGNTYYADSVKGRFTISRDNAKNMVFLQMSSLKPEDTAVYYCAARQPYRGSYSDPNNYHYWGQGTQVTVSS
seq12943,EVQLVESGGGLVQPGGSLRLSCAASGRAFSNYAMGWFRQAPGKEREFVAWINNRGTTDYADSGSTYYADSVKGRFTISADNSKNTAYLQMNSLKPEDTAVYYCASTDDYGVDWGQGTLVTVSS
seq12944,QVQLQESGGGLVQAGGSLRLSCAASGSISYNAYMGWYRQAPGKEREFVASITYGGNTYYADSVKGRFTISRDNAKNTVYLQMNSLKPEDTAVYYCAVSYRGYARGELGGRRYQYWGQGTQVTVSS
seq12945,QVQLQESGGGLVQAGGSLRLSCAVSGNTLSRYAMGWFRQTPGNEREFVAAIRWNNGATYYADSVKGRFTISRDSGRNTVYLQMNNLKPEDTAVYYCAGRFLGYASSNAYHEALYNYDYWGQGTQVTVSS
seq12946,EVQLVESGGGLVQAGGSLRLSCAASGRTINTYVMGWFRQAPGKEREFVARIDWSGSSTDYADSAKGRFTISRDNAKNTVYLQMNSLKPEDTAVYYCAGSAYYSGYVTHRDFGSWGQGTLVTVSS
seq12947,QVQLQESGGGLVQAGDSLRLSCAASGWAFDNYGMAWFRQAPGKEREFIGRLAWNGGSTDYADSVKGRFTISRDNPKNTLYLQMNNLKPEDTAVYYCARQRSYSGYGIRTPQTYDYWGQGTQVT
seq12948,VQLVETGGGLVQAGGSLRLSCAASGRTFSIYAMGWFRQAPGREREFVASISRMGWSTYYGDSVKGRFTASRDNAKNTLYLQMNSLELEDTAVYFCAASASALRVNQWDYWGQGTQVTVSS
seq12949,EVQLVESGGGLVQPGGSLTLSCAASGSSVSFLSMAWYRQAPGKKRELVAGISRDGSTDYIDSVKGRFTISRDNAKNSVYLQMNSLRAEDTAVYYCYAYRWTSRYTYWGQGTLVTVSS
seq12950,EVQLVESGGGSAQPGESLRLSCSASGLLFSRNSAGWYRQAPGKQREFVARIRMGGSINYGDSVKGRFTVSRDIAKNTMYLQMNDLKPEDTAKYFCSSWREGFYEYWGQGTQVTVSS
seq12951,ESGEMLFTVKKSLRLSCAASGSGFGPNVMGWYRQAPGKRRELVATINRIGNINYGDSVKGRFTLSREIAVNTVYLQMNSLKPEDAANYYCYAAKYGVDYWGKGTQVTVSS
seq12952,DVQLVESGGGVVQPGGSLRLSCAASGLTFSSYAMGWFRQAPGKERERVVSISRGGGYTYYADSVKGRFTISRDNSKNTVYLQMNSLRPEDTALYYCAAARYWATGSEYEFDYWGQGTLVTVSS
seq12953,QVQLQESGGGSVQAGGSLRLSCAASGATASDYCMGWFRQAPGKEREGVAAISRGGMTYHVDSVRGRFTISRNNAQNTVYLQMNSLKPEDTATYSCAAVSCAGAWFANRALRESAFTYWGPGTQVTVSS
seq12954,EVQLVESGGGSVQAGDSLRLSCAASGRTLSNSIMGWFRQAPGKEREFVANINWSGTSRLYADSVKGRFTISRDNTKSTVYLQMNSLKPEDTAIYYCAARSSTMSATDYWGQGTQVTVSS
seq12955,EVQLVESGGGVVQAGESLRLSCAASGRSFSNFEMGWFRQAPGTEREFVATINWRGSSTYYADSVKGRFTISRDNAENTVYLQMSSLKPEDTAVYYCAAGRLFPSSRSRDYDYWGQGTQVTVSS
seq12956,QVQLVESGGGSVQPGGSLRLSCAASGIDVSISTIMWYRQPPGRQRELVADVIPSGRSTTYTESVKGRFTVTRDNAKNTVYLQMSGLKPEDTAVYYCNAFVRRENYWGQGTQVTVSS
seq12957,QVQLQESGGGLVQAGGSLRLSCAASGRTFSNYYMGWFRQAPGKEREFVATISQSGSITYYADSVKGRFTISRDNAKNTVSLQMNSLKPEDTAVYYCAGNSFKSNDHWASTYWGQGTQVTVSS
seq12958,DVQLVESGGGLVQAGGSLRLSCAASGGTFTSYPMGWFRQAPGKERKFVAGISQSGGSTAYSDSVKGRFTISRENAKTTVYLQMNSLKPEDTAVYYCAARGRTLFLRGYAYTTEVGYDDWGQGTQVTVSS
seq12959,DVQLQESGGGSVQAGGSLRLSCAASGYAFSSYYMGWFRQAPGREREEVTGITQIGGTTYYADSVKGRFTISRDNAKNTVYLQMDSLKPEDTAIYYCAKLRRPFYYPLLERPSEGDFDYWGQGTQVTVSS
seq12960,EVQLVESGGGEVQPGGSLRLSCAASGLLFSIYDMNWYRQAPGKEREWVAGITNNGYSTAYAESVKGRFTISRDNAKNTVYLQMSSLRAEDTAVYYCHTDEWGREYWGQGTLVTVKP
seq12961,VKLQQSGGGLVQPGGSLRLSCLPSINIFSLAAMGWYRQAPGKQRELVASISSGGTANYADSYADSVKGRFTISRDIAKNTVDLQMNSLKPEDTAVYYCKVDSYTYGTDIWGKGVLVTVSS
seq12962,EVQLVESGGGLVQPGGSLTLSCAASGSKVSFLSMAWYRQAPGKKRELVAGISADGSTTYIDSVKGRFTISRDNAKNSVYLQMNSLRAEDTAVYYCYAYRWTTRFTYWGQGTLVTVSS
seq12963,QVKLAGTLGGLVQLGDSLQLSCVASGRTDVMGWFRQAPGKEREFAAAITGSDGTFYGDAGRGRFTIARDNTKNTVYLNLNRLKPEDTAVYYCAADGSPLQIASTYKYWGQGTQVTVSS
seq12964,EVQLVESGGGLVQPGGSLRLSCAASGFTFDYYAIGWFRQAPGKEREGVSCISSSDSSTYYADSVKGRFTISRDNAKNTVYLQMNSLKPEDTAVYYCAADFSRSWGTCNEEYYYGMDYWGKGTLVTVSS
seq12965,QVQLQESGGGLVQPGGSLRLSCAASGIILRIYDMGWYRQAPGKQRELVAAITSRGSTNYADSVKGRFTISRDNAENTVSLQMNSLKPGDTAVYYCNADHTFAGVYWGQGTQVTVSS
seq12966,AVQLVESGGGSVQAGGSLRLLTCAASGRTSRSYGMGWFRQAPGKEREFVSGISWRGDSTGYADSVKGRFTISRDNAKNTVDLQMNSLKPEDTAIYYCAAAAGSTWYGTLYEYDYWGQGTQVTVSS
seq12967,LQESGGGLVQPGGSLRLSCAATGSIYSLDAMGWYRQAPGEQRELVATWTSRGITTYADSVKGRFTISRDNAKNTVTLQMNILKPEDTAVYYCHAVVYYGDWEGSEPVQHEYDYWGQGTQVT
seq12968,EVQLVESGGGLVQAGGSLRLSCAASGRALINYAMGWFRQAPGKEREFVSAINWSGSHTDYGDSVKGRFAISRDNAKNTVYLQMHSLKPEDTAVYHCATGYSLPAFDSWGPGTQVTVSS
seq12969,QVQLVESGGGSVQTGGSLKLSCVISEYTHCASWFRQAPGADREGLANIIRDDGSTYYGTSAKGRFTIAQDNATNTMYLQMDALKPEDTATYFCAYGRKSLPGARCQIAAWGQGTQVTVSS
seq12970,QVQLVESGGGLVQPGGSLRLSCAASGSIASINTMAWYRQAPGQQRELVAGITRGGSTKYADSVKGRFTISRDNAKNTLYLQMNSLKPEDTAVYYCTDYSRGYYQDYWGQGTQVTVSS
seq12971,QVQLQESGGGLVQAGGSLRLSCAVSGNTLSRYAMGWFRQTPGKEREFVAAIRWNNAATYYAESVEGRFTISRDSGKNTVYLQMNNLQPEDTAVYYCAGRFLGYASSNAYHEALYNYDYWGQGTQVTVSS
seq12972,LQESGGGLVQAGGSLRLSCAASGPTLGSYVMGWFRQAPGKEREYVGSITWRGGNTYYAQFAKGRFAISRVTGEKMVYLQMNDLNPEDTAVYYCAAKASPAVVTTKQYDYWGQGTQVT
seq12973,EVQLVESGGGVVQPGGSLRLSCAASGSIASIHAMGWFRQAPGKEREFVAVITWSGGITYYADSVKGRFTISRDNSKNTVYLQMNSLRPEDTALYYCAGDKHQSSWYDYWGQGTLVTVSS
seq12974,QVQLVESGGLVQAGGSLRPSCAASGSIFLQNAMGWYRQVPGKQRELVAAITSVDSTNYADSVKGRFTISRDNAKNTVYLQMNSLKPEDTAVYYCNAPWNSDYHWGKGTLVTVSS
seq12975,EVQLVESGGGLVQPGGSLRLSCTTSTSLFSITTMGWYRQAPGKQRELVASIKRGGGTNYADSMKGRFTISRDNARNTVFLEMNNLTTEDTAVYYCNAAILAYTGEVTNYWGQGTQVTVSS
seq12976,QVQLQESGGGLVQPGGSLRLSCEASGFTFSRFGMTWVRQAPGKGVEWVSGISSLGDSTLYADSVKGRFTISRDNAKNTLYLQMNSLKPEDTAVYYCTIGGSLNPGGQGTQVTVSS
seq12977,QVQLVESGGGLVQPGGSLRLSCAASGSIFSINTMGWYRQAPGKQRELVAGITRGGTTNYANSVKGRFTISRDNAKNTVYLQMNSLKPEDTAVYYCTDYSSRYYHDYWGQGTQVTVSS
seq12978,QVQLVESGGGLVQTGGSLRLACATSGRAVNRHIMGWFRQAPGKEREFVASISWNSGRTYFADFVKGRFTISRDNAKVYLQMNSLKPEDTAVYYCRADYYVDYEDDRMGFFDAWGQGTQVTVSS
seq12979,QVQLVESGGGVVQPGGSLRLSCAASDSISSLVNMGWYRQAPGKQRELVALIANYITHYADFVKGRFTISRDNSKNTLYLQMNSLRAEDTAVYYCYARNIIVDYWGQGTLVTVSS
seq12980,EVQLVQSGGGSVQVGGSLRLSCAASGSTLNIDHIGWYRQAPGKERELVGVISSGAGPNYADSVKGRFTISRDNAKNTVYLQMNSLKPEDTAVYNCNAWIDYGSGLPQNYWGQGTQVTV
seq12981,VKLLESGGGSVQTGGSLRLSCAVSGFSFSTSCMAWFRQASGKQREGVAAINSGGGRTYYNTYVAESVKGRFAISQDNAKTTVYLDMNNLTPEDTATYYCAAVPAHLGPGAILDLKKYKYWGQGTQVTVSS
seq12982,EVQLVESGGGLVQPGGSLRLSCAASGFTFSTSWMGWFRQAPGKERELVAAVTSGGNTNYADSVKGRFTISADNSKNTAYLQMNSLKPEDTAVYYCAADVWYGSTWRNWGQGTLVTVSS
seq12983,EVQLLESGGGEVQPGGSLRLSCAVSGFSFSINAMGWYRQAPGKRREFVAAIESGRNTVYAESVKGRFTISRDNAKNTVYLQMSSLRAEDTAVYYCGLLKGNRVVSPSVAYWGQGTLVTVKP
seq12984,GLVQAGGSLRLSCAVSGRNFSSFAMNWFRQVPGKEREFVGSISLSGGATRYVGSVKGRFTISRDDAKNTVYLQMNDLKPEDTAVYYCATKDPGRRDGMEYWGKGT
seq12985,QVQLQESGGGLVQAGGSLRLSCAASGFTFDDYTIAWFRQAPGKEREGISCISSDGSTGYADSVRGRFTISSDNAKNTVYLQMNSLKPEDTAVYYCAADFNVWSPPICGSIWYGPPPRGMDYWGKGTQVTVSS
seq12986,EVQLVESGGGLVQAGDSLRLSCAASGRSFSFDARGWFRQAPGKEREFVAAINWSGSDTHYADSVKGRFTISRDNAKNTAYLQMNSLKPEDTAVYYCAAAFDYSGSYNSVGLWDYWGQGTQVTVSS
seq12987,EVQLVESGGGLVQAGGSLRLSCAASGRTLNNHDMGWFRQAPGKEREFVATVRWGTSSTYYADSVKGRFTISSDNTKNTVALQMNRLTPEDTGVYYCAARSVYSYEYTYWGQGTQVTVSS
seq12988,VKLEESGGGLVQPGGSLRLSCAASGSPFTINAMGWYRQAPGKQRELVAAITRSGKTNYADSVKGRFTISGDNALTTVYLQMNNLQPEDTAVYYCNGFYGSEFGPWGQGTQVTVSS
seq12989,QVQLQESGGGLVQPGGSLRLSCAASGFEFENHWMYWVRQAPGKGLEWVSTVNTNGLITRYADSVKGRFTISRDNSKNTLYLQMNSLRAEDTAVYYCTKVLPPYSDDSRTNADWGQGTQVTVSS
seq12990,EVQLLESGGGLVQPGGSLRLSCAASGRIFSLPASGNIFNLLTIAWYRQAPGKGRELVATINSGSRTNYADSVKGRFTISRDNSKKTLYLQMNSLRPEDTAVYYCQTSGSGSPNFWGQGTLVTVSS
seq12991,EVQLVESGGGLVQPGGSLRLSCAASGRTFSYNPMGWFRQAPGKGRELVAAISRTGGSTYYPDSVEGRFTISRDNAKRMVYLQMNSLRAEDTAVYYCAAAGVRAEDGRVRTLPSEYTFWGQGTQVTV
seq12992,QVQLQESGGGLVQPGGSLRLSCAASGFTFSNYAMMWVRQAPGKGLEWVSTINNGGGTTSYADSVKGRFTISRDNAKNTLHLQMNSLKPEDTALYYCQRFKLNYSAVGYVSNYDYRGQGTQVTVSS
seq12993,QVQLQESGGGLVQAGGSLRLSCAANGRTFSSYAMAWFRQAPGKEREFVAAVGWSGGRTYYTDSVKGRFTISRDNAKDTVYLQMNSLKPEDTAVYYCAATRGWAQATLLYDYDYWGQGTQVTVSS
seq12994,EVQLVESGGGLVQAGGSLRLSCAASGSTFPIYAMGWFRQAPGKEREWVSGISSRDDTTYYADSVKGRFTISADNAKNTVYLQMNSLKPEDTAVYYCSAHRIVFRGTSVGDWRWGQGTQVTVSS
seq12995,QVQLVESGGGLVQPGESLRLSCAASTNIFSISPMGWYRQAPGKQRELVAAIHGFSTLYADSVKGRFTISRDNAKNTIYLQMNSLKPEDTAVYYCNKVPWGDYHPRNVYWGQGTQVTVSS
seq12996,EVQLVESGGGVVQTGASLRLSCAASGRTFSNYAMGWFRQAPGKERERVAAITPRAFTTYYADSVKGRFTISRDNAKNTAYLQMVSLKPEDTAVYYCAAQLVGSGSNLGRQESYAYWGQGTLVTVKS
seq12997,QVQLQESGGGLVQAGGSLRLSCAASGPTLGSYVMGWFRQAPGKEREYVGSITWRGGNTYYAQFAKGRFAISRVTGEKMVYLQMNDLNPEDTAVYYCAAKASPAVVTTKQYDYWGQGTQVTVSS
seq12998,EVQLVESGGGLVQPGGSLRLSCVASGFSLDDYAMTWVRQAPGKGLEWVSSINWSGTHTDYADSVKGRFTISRDNAKNTLFLQMNSLSPEDTAVYYCNKGWKVWPTDRGTHGTQVTVSS
seq12999,EVQLVESGGGLVQAGGSLRLSCAASGRTFSSYGMGWFRQAPGKEREFVAGISWTLGRTYYADSVKGRFTISGDNAKNTVYLQMNSLKPEDTAVYFCASDESDAYNYWGQGTQVTVSS
seq13000,EVQLVESGGGLVQPGGSLRLSCAASGFTLDDYAIGWFRQAPGKEREGVSSIRDNDGSTYYADSVKGRFTISSDNDKNTVYLQMNSLRPEDTAVYYCAAVPAGRLRFGEQWYPLYEYDAWGQGTLVTVSS
seq13001,QVQLQQSGGGLVQAGGFLRLSCAASGRSFNTYAMGWFRQAPGKEREFVAGITRSGTATEYADSVKGRFTISRDNARNTVLLQMNRLKPEDSAVYYCAAHANYDRMINSEYKYWGQGTQVTVSS
seq13002,QVQLQESGGGLVQPGGSLRLSCAASGFTFSSYWMYWVRQAPGKGLEWVSGINTGGGSTYYADSVKGRFTISRDNAKNTLYLQMNSLKSEDTAVYYCATWAYSDYDPQYDYWGQGTQVTVSS
seq13003,QVQLQESGGGLVQAGGSLRLSCAASGRTFSSYHMGWFRQAPGKEREFVATISRSGGFTSYADSVKGRFTISRDNAKNTVWLQMNSLKPEDTAVYYCAAQQWPDPRNPNGYDYWGQGTQVTVSS
seq13004,EVQLLESGGGEVQPGGSLRLSCAASGGIFAIKPISWYRQAPGKQREWVSTTTSSGATNYAESVKGRFTISRDNAKNTLYLQMSSLRAEDTAVYYCNVFEYWGQGTLVTVKP
seq13005,QVQLVESGGGSVQAGGSLRLSCVASGYTYRRIYMAWFRQAAGKEREGIAAIYTGHTNTHYADSAKGRFTVSQDNAKTTVYLQMNSLEPEDTGMYYCAAGPLYSGLWYRPSSYEFWGQGTQVTVSS
seq13006,EVQLVESGGGLVQAGGSLRLSCAASGFTFDDYAIGWFRQAPGKEREGVSCIDSSDGSTYYADSVKGRFTISSDNAKNTVYLQMNSLKPEDTAVYYCAADLLRTVVGCLYYGGRYSPRTTTDYWGKGTLVTVSS
seq13007,EVQLVESGGGLVQAGGSLRLSCVASGDTFNWYAMGWFRQQAPGKEREFVSAISGGGSNIVYVDSVKGRFTVSRDRIKNTVYLQMNSLKPEDSGVYYCAVDKRWGSPATSRSTHDYDFWGQGTQVTVSS
seq13008,EVQLVESGGGLVQPGGSLRLSCAASGRTFGDYGMGWFRQAPGKEREFVATINWSGALTHYADSVKGRFTISADNSKNTAYLQMNSLKPEDTAVYYCATLPFYDFWSGYYTGYYYMDVWGQGTLVTVSS
seq13009,EVQLVESGGGLVQIGDSLRLSCAASGGTFNRYGMGWFRQAPGKEREFVAAIRWDGVDTNYADFVKGRFTISRYNAKNTAYLQMNSLKPEDTAVYYCAADRRGLYTKHAHRYDYWGQGTQVTVSS
seq13010,EVQLVESGGGLVQAGGSLRLSCTASGFTFSDELQQWFRQAPGKEREGVSHIPVSVRDTYYADSVKGRFTISQDNAKNTVYLQMNSLKPEDTAMYYCAAQPQLSPLFDYWGQGTQVTVSS
seq13011,QVQLVESGGGLVQPGGSLRLSCAASGFIFSLYTMRWHRQAPGKERELVATITSATGITNYADSVKGRFIISRDDAKKTGYLQMNSLKPEDTAVYYCNAVRTTVSRDYWGQGTQVTVSS
seq13012,QVQLVESGGESVQAGGSLRLSCAASGRTISNYDMAWSRQAPGKEREFVARISGSGDRTDYADSVKGRFTISRDNAKNTVYLQMNSLKPEDTAIYNCQTQIFGSPNFSGQGTQVTVSS
seq13013,EVQLVESGGGVVQAGESLRLSCAASGRSFSNYEMGWFRQAPGTEREFVGAINRRGSSTYYADSAKGRFTISRDNAKNTVFLQMSSLKPEDTAVYYCAAGWLFPSSRSRDYDYWGQGTQVTVSS
seq13014,VQLQQSGGGLVQAGGSLRLSCAASGSNISTNVMAWYRRAPGNQRDMVASISTSGTTNYLASVKGRFTISRDNAKNTVSLQMNSLKPEDTAVYTCYAAWPLNTWGQGTQVTLSS
seq13015,EVQLVESGGGLVQPGGSLRLSCAASGLGIAFSRRTMAWYRQAPGKQRDWVATIAGDGSTVYADSMKGRFTISRDNAENTVYLQMNSLKPEDTAVYYCWDVNRDYWGQGTQVTVSS
seq13016,EVQLVESGGQLVQAGGSLRLSCAATGHTYNTYPLGWFRQAPGKEREFVAAISPSGTLRAYADSVKGRFTISRDNAKNTVYLQMNNLKPEDTAVYYCARHRSVGWRASHHLSDYDNWGQGTQVTVSS
seq13017,EVQLVESGGGLVQPGRSLTLSCAASTNIFSLSPMGWYRQAPGKQRELVAAIHGDSTLYADSVKGRFTISRDNAKNSIYLQMNSLRPEDTALYYCNKVPWGDYHPRNVYWGQGTQVTVSS
seq13018,EVQLVESGGGLVQAGGSLRLSCAASRSIFSFNTMGWYRQAPGKQRELVADITSGGSTVYADSVKGRFTISRDDKNTVYLQMNSLKPEDTAVYSCNAEGLIIATMNGGVNYGMDYWGKGTLVTVSS
seq13019,QVQLVESGGGLVQPGESLRLSCAASGFTFSSYVMNWYRQAPGKERELVAAIDNVGGSTNYADSVKGRFTIYRDNAKNTVYLQMNSLKSEDTAVYYCNAKRYWYDYWGQGTQVTVSS
seq13020,VQLAESGGGLVQTGGSLRLSCTASGLNFGLYAMGWFRQAPGKEREGVSCINGGGGITVYSDFVKSRFTISRDNAKNTLYLQMNSLKPDDTATYYCAADRSPFGSCSSDWSRSSDWSRMAEKFGYWGQGTQVTVSS
seq13021,EVQLVESGGGLVQPGGSLRLSCAASGSTVLINAMGWFRQAPGKEREFVAAISWSPGRTDYADSVKGRFTISADNSKNTAYLQMNSLKPEDTAVYYCARDCSGGSCYSGDYWGQGTLVTVSS
seq13022,EVQLVESGGGLVQAGGSLRLSCAASGSIASIHAMGWFRQAPGKEREFVAVITWSGGITYYADSVKGRFTISRDNAKNTVYLQMNSLKPEDTATYYCAGDKHQSSWYDYWGQGTLVTVSS
seq13023,EVQLVESGGGLVQPGGSLRLSCAASGSIGGLNAMAWYRQAPGKERELVAGIFGVGSTRYADSVKGRFTISRDNSKNTVYLQMNSLRSEDTAVYYCAMSSVTRGSSDYWGQGTLVTVSS
seq13024,QVQLVESGGGLVQTGGSLRLSCAASGSMFSTMGWFRQAPGNQRELVAIMSSGGTANYADSVKGRFTISGDNVKNTVTLQMNSLNPEDTAVYYCRFTGWVKSSFSTYWGQGTQVTVSS
seq13025,GSLCLSCAASGRTFSTAAMGWFRQAPGKERDFVAGIYWTVGSTYYADSAKGRFTISRDNAKNTVYLQMDSLKPEDTAVYYCAARRRGFTLAPTRANEYDYWGQGTQVTVSS
seq13026,QVQLVESGGGVVQPGGSLRLSCAASGRTFSSYAMGWFRQAPGKEREFVASIRWSDQTTYVPNSVKGRFTISRDNSKNTLYLQMNSLRPEDTAVYYCATGPTRLSFYSGNYRTYDSWGQGTLVTVSS
seq13027,QVQLVESGGGSVQVGESLRLSCTASGYIYSMAWFRQLPGKEREGVATAYYRVPSIYYSDSVKGRFAISLDDAKNTVYLQMNSLKPEDTAMYYCAARTAYNPGKWDKPEIYDAWGQGTQVTVSS
seq13028,VKLEESGGGLVQPGGSLRLSCAASGSEFSINAMAWYRQAPGKQRELVAALTSGGNTHYADSVKGRFTISRDNAKNTWYLQMNSLKPEDTAVYYCNADFGTAGLVVLGPWGQGTQVTVSS
seq13029,EVQLVESGGGSVQAGGSLRLSCAASGTTATITVPGWYRQAPGKQRELVAVINSGGTKKYADSVKGRFTISIDNVKRTLYLEMNSLRPEDTAVYYCSTLKYWGQGTQVTVSS
seq13030,QVQLQESGGGLAQAGGSLRLSCEGSGLSLDYDGVGWFRQAPGKEREAVSCISSSDGSTYYADSVKGRFTISRGNALNTLYLQMNSLKPEDTAVYYCATATLCDGGIWGYWGQGTQVTVSS
seq13031,EVQLVESGGGLVQPGGSLRLSCAASGFTFDDYGMSWVRQAPGKALEWVSAISWNGNNTYYTESMKGRFTISRDNAKNTLYLQMNSLRPEDTAVYCCVKGSTAIVGVPPTYPDEYDYWGQGTLVTVSS
seq13032,EVQLMESGGGLVQPGGSLRLSCAASGFALDYYAIGWFRQVPGKEREGVSCISSSDGITYYVDSVKGRFTISRDNAKNTVYLQMNSLKPGDTAVYYCATDSGGYIDYDCMGLGYDYWGQGTQVTVSS
seq13033,QVQLVESGGGLVQAGGSLRLSCAASGRTFSSYAMSWFRQAPGKEREFVAVIGRSGGIKYYADSVKGRFTISRDNTINTVYLQMNNLTPEDTAIYYCATRRPFNSYNTEQSYDSWGRGTLVTVSS
seq13034,EVQLLESGGGLVQPGGSLRLSCAASGGSLSNYVLGWFRQAPGKGREFVAAINWRGDITIGPPNVEGRFTISRDNAKNTGYLQMNSLAPEDTAVYYCGAGTPLNPGAYIYDWSYDYWGQGTLVTVSS
seq13035,QVQLQQSGGGLVQPGGSLRLSCAGSRFTFSTYPMSWVRQAPGKGVEWVSSISVGGGIKNYADSVKGRFTISRDNAKNTMYLQMNGLKPEDTAVYYCAKGGKTSYTREWGQGTQVTVSS
seq13036,EVQLVESGGGLVHPGGSLRLSCAASGSISSINIMAWYRQAPGKQRDLVAEVASGGSENYADAVKGRFTISRDIAKNTVYLQMNNLKPEDTAVYYCKMNVKTSSRKRNEYWYWGQGTQVTVSS
seq13037,EVQLVESGGGLVQAGGSLRLSCAASGRGFSPYTMGWFRQAPGKERVFVAGISWSTGIAHYTDSVKGRFTISRDNAKNTGSLQMNSLKPEDTAVYYCAVVQTTKGNYDYWGQGTQVTVSS
seq13038,MAESGGGSVQTGGSLRLSCAYTASSVCMAWFRQAPGKEREGVAVTREGLPQTGYADSVKGRFAISQDYAKKTLYLQMSSLKPEDTARYYCAARPTSPCTVDGELLASTYNYWGQGTQVTV
seq13039,EVQLVESGGGLVQPGGSLRLSCAASGFSLDYYAIGWFRQAPGKEREGVSCMDSSDGTTNTYYSDSVKGRFTISRDDAKNTVYLQMNSLKPEDTASYYCAADGHLNWGQPYVPCSQISWRGWNDYWGQGTQVTVSS
seq13040,EVQLVESGGGLVQAGGSLRLSCAASGSIFSIYDMGWYRQAPGKQRVLVATITSGGSTNYADSVKGRFTISRDNAKNTVYLQMNSLKPEDTAVYYCNAIAHEEGVYRWDFWGQGTQVTVSS
seq13041,EVQLVESGGGLVQSGGSLRLSCAASGSAVSVNAMAWYRQAPGKQRDFVAGISRSAGRTYYTDSVKDRFTIARDSAKNTVYLQMNRLKPEDTAVYYCAADLDPNRIFSRDEAAYWGQGTLVTVSS
seq13042,QVQLVESGGGSVQAGGSLRLSCAASGYGYCAYDMSWYRQTPGKEREFVSGIDSDGSTSYADSVKGRFTISRDNAKNAVYLQMNSLKPEETAMYYCKIRLRVSVFGCPMGGNNYWGQGTQVTVSS
seq13043,VQLQESGGGSVQAGGSLRLSCTASGFTFDDVDMGWYRQAPGNECELVSTISSDGSTYYADSVKGRFTISQDNAKNTVYLQMNSLKPEDTAMYYCAAARYSDYEGMCGYWSQGTQVTVSS
seq13044,QVQLQESGGGLVQPGGSLRLSCAASGSIFSFSTMGWYRQAPGKQRELVAAITRTGTTNYADSVKGRFTISRDNTKNTVYLQMNSLKPEDTSAYYCKLTHPVYLVWGQGTQVTVSS
seq13045,EVQLVESGGGLVQPGGSLRLSCAASGFTFSTYAMGWFRQAPGKEREFVAAITWSGGSTNYADSVKGRFTISADNSKNTAYLQMNSLKPEDTAVYYCAAGRAGRDSWGQGTLVTVSS
seq13046,VQLVESGGGLVQAGGSLRLSCAASGRTFSTYVMGWFRQTPGKEREFVAGFSWSGDYAIYVNSVKGRFTISRDNAKNTVYLQMNSLRPEDTAVYYCAARQRGGYSGRSYYTGRNDYEYWGQGTQVTVSS
seq13047,QVQLVESGPGLVKPSQTLSLTCTVSGGSITTSDDAWSWIRQPAGKGLEWMGVIAYDGSTRYSPSLQSRTSISRDTSKNQFSLQLSSVTPEDTAVYYCARTKGVGGTWALDAWGQGTLVTVSS
seq13048,EVQLVESGGGLVQPGGSLRLSCAASGFTFDDYGMSWVRQAPGCALEWVSAISWNGNNTYYTESMKGRFTISRDNAKNTLYLQMNSLRPEDTAVYYCVKGSTAIVGVPPTYPDEYDYWGQGTLVTVSS
seq13049,EVQLVESGGGLVQPGGSLRLSCAASGSIGSINAMGWFRQAPGKEREFVAAISWSGGATNYADSVKGRFTISADNSKNTAYLQMNSLKPEDTAVYYCAASVAYSDYDLGNDWGQGTLVTVSS
seq13050,DVQLQESGGGLVQAGHSLRLSCVGSGSRFDNYAMGWFRQAPGKEREFVAAISWSSGTTRYLDTVKGRFTISRDNAKSTVYLQMNSLKPEDTAVYYCAARYQPRYYDSGDMDGYEYDNWGQGTQVTVSS
seq13051,EVQLVESGGGLVQAGESLTLSCAASGRTLSAYIMGWFRQAPGKEREFVAGIWSGGYTHLADSAKGRFSISRDNAKNTVYLQMNGLKPEDTAVYYCAAGLRGRQYSNWGQGTLVQVSS
seq13052,EVQLVESGGGLVQAGGSLRLSCAASGRSFSSYAMGWFRQAPGKEREFVSIISWSGGSTVYADSVKGRFTISRDNAKNTVYLQMNSLKPEDTAIYYCAAGRLYRATPRPADFGSWGQGTQVTVSS
seq13053,EVQLVESGGGLVQPGGSLRLSCAASGNTFTINVMGWFRQAPGKEREFVAAINWNGGTTLYADSVKGRFTISADNSKNTAYLQMNSLKPEDTAVYYCAAFDGYSGIDWGQGTLVTVSS
seq13054,EVQLVESGGGLVQAGGSLRLSCAAPGRTFSTWVMGWFRQAPGKEREFVARIDWGGSSTSYADIVKGRFTISRDNAKNTVYLQMNSLKPEDAAVYYCAADLDGNGSIDYGYEYWGQGTQVTVSS
seq13055,VQLQESGGGLVQAGGSLRLSCAASGFTFDDYAIAWFRQAPGKEREGVSCIERSDGSTYYADSVKGRFTISSDNAKNTVYLQMNSLKPEDTAVYYCAVGSANSGEFRFGWVLKPDLYNYWGQGTQVTVSS
seq13056,EVQLVESGGGLVQAGGSLRLSCAVSVRTFSDYRMGWFRQAPGKEREFVSTISWSGGLTYYADSVKGRFTISRDNSKNTLYLQMNSLKPEDTAVYYCAAGGGYAGGTYYHPEEWGQGTQVTVSS
seq13057,QVQLQESGGGLVQPGGSLRLSCAASESISSFIAVGWYRQAPGKERELVAGINRSGFTYYTDSVKGRFSISRDNAKNTVLLQMTSLKPEDTAVYYCNAGGLYFSNAYTQGDYWGQGTQVTVSS
seq13058,QVQLVQSGGGLVQPGGSLTLSCAASGIILSHNEMRWYRQNPGKPRDLVAGITGLDYTYYGDFVKGRFTISRDNAMNTAYLQMDSLNPEDTGNYYCEVSDGDNQYWGQGTQVTVSS
seq13059,QVQLQESGGGLVQPGGSLRLSCTATGFTLKNHHIGWLRQAPGKEREGVASINSSGGSTNYADSVQGRFTISRDNAKNTVFLQMNSLKSEDTAVYYCARLRRYYGLNLDPGSYDYWGQGTQVTVSS
seq13060,QVQLVESGGGLVQVGGSLKLTCAASGSISRIAVGWYRQIPGKQRELVARVSSGGILWYDDSVKGRFIITRDNAKNMVYLQMDSLRPEDTAVYFCRGSDSDRFLGSWGQGTQVTVSS
seq13061,QVQLQESGGGLVQAGGSLRLSCAASGSIGSIHTMGWYRQTPGKERDVVATIQDGGTTNYADSVKGRFTISRDNTLNTVYLQMNDLKPEDTAVYYCNADVRPYRTSRYLEVWGQGTLVTVSS
seq13062,VQLQESGGGLVQAGGSLRLSCAASGATGSTYDMGWFRQAPGKERESVAAINWGSAGTYYASSVRGRFTISRDNAKKTVYLQMNSLKPEDTAVYTCGAGRIGRSVFNLRRESWVTWWGQGTQVTVSS
seq13063,EVQLVESGGGLVQAGGSLRLSCAASGLTFSNYVMGWFRQAPGKEREFVGTISWDGSDTYYTHSVKGRFTISRDNAKNVVNLQMNSLKPEDTAVYYCAADYRPGGLLSLGKNEYDYWGQGTQVTVSS
seq13064,QVQLQESGGGLVQAGDSLKLSCAASGRTFSTYAMGWFRQAPGKERDVVAAIATNGGTTYYVDSVKGRFTISRDNAQNRVYLQMNSLKPEDTAIYYCAARLSFGSGYYTNKLNYAYWGQGTQVTVSS
seq13065,QVKLEESGGGLVQAGGSLRLSCAASGSSGMINTMGWYRQAPGKQRELVARRSTGGTTNYADSVKGRFTISRDDANNTVYLQMNSLKPEDTAVYYCAIIWRTSDLTGRFNTWGQGTQVTVSS
seq13066,EVQLVESGGGLVQAGGSLRLSCAASGSIFTFNAMGWFRQAPGKEREFVAGITRSAVSTSYADSVKGRFTISADNAKNTVYLQMNSLKPEDTAVYYCAAFRGIMRPDWGQGTQVTVSS
seq13067,QVQLQESGGGLVHNGDFLRLSCAASGFTLRWYGVGWFRQAPGKEREKIACIAGDAGTTQYADSVKGRFTISRDNAMNTVYLQMNNLEPADTAVYFCAADISGCDFDRSDYWGQGTQVTVSS
seq13068,EVQLVESGGGLVQAGGSLRLSCAASGSTFTETPFTMHALSWYRQSEGKERELVAAISLAGTTNYADSVKGRFTISRDNGKKAVYLQMNSLKAEDTAVYYCNVGSWFQGYYAMDYWGEGTLVTVSS
seq13069,EVHLQESGPGLVKPSQTLSLTCTVSGGSITSRYYAWSWIRQPPGKGLEWIGVIYYEGDTYYSPSLKSRTSISWDTSKNQFSLQLSSVTPEDTAVYYCARDPDVVTGFHYDYWGQGTLVTVSS
seq13070,EVQLVESGGELVQAGGSLKLSCTASGRNFVTYAMSWFRRAPGKEREFVASISWSGDTTYYSNSVKGRFTVSRDNGKNTAYLRMNSLKPEDTADYYCAVVQVIDPSWSGVNLDDYDYLGSGTQVTVSS
seq13071,EVQLVESGGGLVQAGGSLRLSCAASGRPFSNYAMGWFRQAPGKEREFVAAISWSGGSTSYADSVKGRFTISRDNAKNTVYLQMNSPKPEDTAIYYCAAQFSGADYGFGRLGIRGYEYDYWGQGTQVTVSS
seq13072,QVQLQESGGGLVQAGGSLRLSCAVSGNTLSRYAMGWFRQTPGNEREFVAAIRWNNGATYYADSVKGRFTISRDTGRNTVYLQMNNLKPEDTAVYYCAGRFLGYASSNAYHEALYNYDYWGQGTQVTVSS
seq13073,VQLQESGGGVVQAGDSLRLSCVASGRTFSSLDMGWFRQTPGKEREFVAGISRSGISQYYADSMKGRFTISRDNAKNLVYLQMNSLKPEDTAVYYCAAALTFRGSDLPRDSNYWGQGTQVTVSS
seq13074,EVQLVESGGGLVQPGGSLRLSCAASGFTFSNYGMSWVRQAPGKGLEWVSSIGSGGRITTYLDSVKGRFTISRDNAKNTLYLQMNSLKSEDTAVYYCESGGYRGQGTQVTVSS
seq13075,QVQLQEFGGGLVQPGGFLRFSCAVSGFSLETYAIGWFRQAPGKEREGISCITNGDGRTYYADSVKGRFTIARDNAKNTVYLQMNSLKPEDTAVYHCATDVAGCTVVAGIGRDQYGMDYWGKGTLVTVFS
seq13076,EVQLVQSGGGLVQPGGSLRLSCSFPGSIFSLTMGWYRQAPGKERELVTSATPGGDTNYADFVKGRFTISRDNARSIIYLQMNSLKPEDTAVYYCYARTRNWGTVWGQGTQVTVSS
seq13077,EVQLQQSGGGLVQSGGSLRLSCIASGSTVSDNTMGWYRQAPGKQRELVAVISSVGVTNVAQSVKGRFTISRDNAKNTVTVYLQMSSLKPEDTAVYYCNALGTGRGNWGQGTQVTVSS
seq13078,VQLVESGGGLVQPGGSLRLSCAASGRTFVTYGMGWFRQAPGKGREFVSAISWSGSSTSYGDSVKGRFTISRDNAKNTLYLQMNSLRPEDTAVYYCAAALGAVVYTTREPYTYWGQGTLVTVSS
seq13079,EVQLQASGGGLVQAGGSRRLSCAVSGRTFSSYNMGWFRQAPGEEREFVAAINWSASTYYADSVKGRFTISRDNAKNTVYLQMNSLKPEDTAVYYCNLHVATTSYFQTSDYWGQGTQVTVSS
seq13080,EVQLVESGGGLVQPGGSLRLSCVVSARGVSLDAVGWSRVAPGKQRDFVARIDRRGSTYYAVSVEGRSTISRDNAKNTVYLQLDTLKPEDTAVYYCFAWQGAETHWGLGTQVTVSS
seq13081,QVQLQESGGGLVQAGGSLRLSCAASGRTGSTYDMGWFRQAPGKERESVCAINWDSARTYYASSVRGRFTCSRDNAKKTVYLQMNSLKPEDTAVYTCGAGEGGTWDSWGQGTQVTVSS
seq13082,EVQLVESGGGLVQAGGSLRLSCAASGFTFDDYAIGWFRQAPGKEREGVSCISVSDGSTYYADSVKGRFTISSDNAKNTVYLQMNSLKPEDTAVYYCAADRLAYGLDPNFYDHWGQGTQVTVSS
seq13083,EVQLVESGGGLVQAGDSLKLSCTASTPTFSTLAMAWFRQAPGKEREFVAGIVDGMDNYDYSVEGRFTISRDNRKNTLYLQMDSLRPEDTAVYYCAARRRYYSSKYEYWGQGTQVTVSS
seq13084,QVQLQESGGGLVQAGDSLRLSCLATGSMFSINAWGWYRQAPGKQRELVASITSGGGSTEYAESVKGRFTISRDSAKNMLYLQMNSLRPEDTAVYYCNAERWDGYALGYSPNHGSGHRPYNYWGQGTQVTVSS
seq13085,EVQLVESGGGLVQPGRSLTLSCAASTNIFNISPMGWYRQAPGKQRELVAAIHGFSTYYADSVKGRFTISRDNAKNSIYLQMNSLRPEDTALYYCNKVPWGRYHPRNVYWGQGTQVTVSS
seq13086,QVQLQQSGGGSVQTGGSLALSCAASGTISIFDPMGWYRQAPGKQRELVASISEGSTNYANSVKGRFTISRDNAKKTVSLQMNSLEPADTAVYYCRLSRYYNSNIYWGQGTQVTVSS
seq13087,GGSVQTGGSLRVSCAASGISAVNQVRWFRRPPGMEREFVARINSGGVTKYGDSVKGRFVISHDNADNSVHLQMNSLKIEDTGVYYCNRIDWTPHEYEVWGQGIEVTVSS
seq13088,QVQLQESGGGLVQAGESLRLSCAASGRDFRDNSMGWYRQAPGKRREWVAGISSGGVTHYPDSVKGRFTISRDNAKNIVYLQMDSLKPEDTAVYYCNLWPPRASPSGSIYWGQGTQVTVSS
seq13089,EVQLVESGGGLVQPGGSLRLSCAASGFTCGDYTMGWFRQAPGKEREFLAAITSGGATTYDDNRKSRFTISADNSKNTAYLQMNSLKPEDTAVYYCWAALDGYGGRWGQGTLVTVSS
seq13090,EVQLVESGGGLMQAGDSLRLSCAASGRTSYIYTMAWFRQAPGKEREFVAAIRWSDTTTYYADSVKGRFTASRDNAKNTMYLQMNSLKPMDTAVYYCAVKRDSSTYYRVRNYDYWGQGTQVTVSS
seq13091,DVQLQASGGGLVQPGGSLRLSCATSTSVFSITTLGWYRQAPGKQRELVASMKRGGDTNYADSVKGRFTISRDNARNTVFLQMNNLTTEDTAVYYCNAAILAYTGAVTNYWGQGTQVTVSS
seq13092,EVQLVESGGGLVQAGGSLRLSCAASGSTFSSYAMGWYRQAPGKQRELVAVISSGDSTNYADSVKGRFTMSRDNAKNTVYLQMNSLRPEDTAVYYCFYSGSYYYPSDVHEYDYWGQGTQVTVSS
seq13093,QVQLQQSGGGFVQPGGFLRFSCVASGNVDSINTMGWYRQAPGKQRDMVAVITSGGSTIYADSVKGRFTISRDDAKNTVFLQMNSLKPEDTAVYYCMARAITTAVWDDFFGQGTQVTVSS
seq13094,QVQLVESGGGLVQAGESLRLSCVASGRTFSSYAMGWFRQAPGQEREFVARISRRGTNTYYADSVRGRFTISRDNAKNTVYLQMNSLKPEDTAVYYCAADRSDVFEKDPGYYDYWGQGAQVTVSS
seq13095,EVQLVESGGGLVQPGGSLRLSCAASGFTFSEPSGYTYTIGWFRQAPGKGREFVARIYWSSGLTYYADSVKGRFTISRDIAKNTVDLQMNSLRPEDTAVYYCAARDGIPTSRSVGSYNYWGQGTLVTVSS
seq13096,QVQLQQSGGGLVQPGGSLRLSCAASGFTFSNSPMSWMRQAPGKGVEWVSSINIGEGTTRYAESVAGRFTISRDNVKNTLYLQMNSLKPEDTAVYYCAKGLASTIRGQGTQVTVSS
seq13097,EVQLVESGGGEVQPGGSLRLSCAASERPFGTYAMGWFRQAPGKERDLVAAVSRNTGASQYAESVKGRFTISRDNAKNTMYLQMSSLRAEDTAVYYCAARSAAYSRSSEVYTGKDEYYYWGQGTLVTVKP
seq13098,QVQLQESGGGLVQAGGSLRLSCAVSGNTLSRYAMGWFRQTPGKEREFVAAIRWNNAATYYADSVEGRFTISRDNAKNTVYLQMNNLKPEDTAVYYCAGRFLGYASSNAYHEALYNYDYWGQGTQVTVSS
seq13099,GSLRLSCAASGRTFSTAAMGWFRQAPGKERDFVAGIYWTVGSTYYADSAKGRFTISRDNAKNTVYLQMCSLKPEDTAVYYCAARRRGFTLAPTRANEYDYWGQGTQVTVSS
seq13100,EVQLVESGGGLVQPGGSLRLSCAASGRTFLTYAVGWFRQAPGKGLEFVAGIRWSGGYTDYADSVKGRFTISRDNSKNTVYLQMNSLRAEDTAVYYCAAHRTIATIPEKYEYEYWGQGTLVTVSS
seq13101,EVQLVESGGGPVQAGGSLRLSCAASGRTYRGYSMAWFRQAPGKEREFVAAIVWSDGNTYYEDFVKGRFTISRDSAKNTLYLQMTNLEPEDTALYYCAAKIRPYIFKIAGQYDYWGQGTQVTVSS
seq13102,QVQLVESGGGSVQAGGSLRLSCAVSGTYTTDSMAWFRQTPGKKREGVARIYTSSGRTSYADPVKGRFTISQDNAKNTVYLQMNNLKPEDTGMYYCALSYYRDDHSADLDAAEFHLWGQGTQVTVSS
seq13103,EVQLVESGGGLVQAGGSLRLSCAASGRTFTSYRMGWFRQAPGKEREWMGTIDYSGRTYYADSVKGRFTISADNAKNTVYLQMNSLKPEDTAVYYCAAAMDGYSGSWGQGTQVTVSS
seq13104,EVQLVESGGGEVQPGGSLRLSCAASERPFGTYAMGWFRQAPGKERDLVAAVSRQGGASQYAESVKGRFTISRDNAKNTMYLQMSSLRAEDTAVYYCAARSAAYSRSSEVYTGKDEYYYWGQGTLVTVKP
seq13105,QLQLQESGGGLVQAGDSLRLSCAASGFSFGSNVMMWVRQAPGKGPEWVSTIYSSGTGTFYADSVKGRFTISRNNAKNTLYLQMNSLKPDDTAVYYCATSGPVRGWGPRSQGTLVTVKP
seq13106,QVQLQESGGGSVQAGGSLRLSCVASGYTNCRYDMSWYRQAPGKEREFVSSIDSEGVARHADSVKGRFGISQDNAKSTLYLQMNSLKPEDTAVYYCKTDYITCRFGSWSDSTWGQGTQVTVSS
seq13107,EVQLVESGGGEVQPGGSLRLSCAASGRTFSGYIMGWFRQAPGKERELVARISGNNLSTEYAESVKGRFTISRDNAKNTLYLQMSSLRAEDTAVYYCAAEYDYSSGDFVYWGQGTLVTVKP
seq13108,EVQLVESGGGLVQPGGSLTLSCAASGIAFNYYSMSWHRQAPGKQRTLVADISPGGHTEYEDSVKGRFTISRDNFKNTMTLHMNSLKPEDTAVYFCAARLRFEVSSNYWGQGTQVTVSS
seq13109,EVQLVESGGGLVQAGGSLRLSCAASGRTFSSYAMGWFRQAPGKEREFVATISGSFGRTYYADSVKGRFTISADNAKNTVYLQMNSLKPEDTAVYYCAAGAWTIYEYDYWGQGTQVTVSS
seq13110,QVQLQESGGGLVVSGGSLRLSCAASGSSVSFLSMAWYRQAPGKKRELVAGISVDGSTNYADSVKGRFTISRDNAKNTVYLQMNSLQPEDTAAYYCYAYRWVGRDTYWGQGTQVTVSS
seq13111,EVQLVESGGGLVQAGGSLRLSCAASGFTFSSYAMGWYRQAPGKEREFVAAISWSGGSTYYADSVKGRFTISRDNAKNTVYLQMNSLKPEDTAVYYYARHWSARYWGQGTQVTVSS
seq13112,QVQLQESGGGLVQAGGSLRLSCAVSGNTLSRYAMGWFRQTPGNEREFVAAIRWNEGATYYADSVEGRFTISRDSGKNTVYLQMNNLKPEDTAVYYCAGRFLGYASSNAYHEALYNYDYWGQGTQVTVSS
seq13113,QVQLQESGGGSVQAGGSLRLSCTASGFTFDDSDVRWYRQAPGRECKLVSSISSDRSAYYEDSVKGRFTISQDNAKNTVYLQMNSLKPEDTAVYYCAAHPLHYELGTCAALDYWGRGTQVTVSS
seq13114,KVQLVESGGGLVQAGGSLRLSCSASGRTFANNAMGWFRQAPGKEREFVASLSASGSLTSYADSVNGRFTISRDNAKNTVYLQMNSLKPVDTALYYCARNRRAWSLSVHTTREYDDWGQGTQVTVSS
seq13115,EVQLVESGGGLVQAGDSVRLSCAASGRTFSVDTNTMGWYRQAPGKEHEFVAAISWSGTTVYADSVKGRFTISKDNAKNTIYLQMNSLKPEDTAVYVCAAERGKYATTGNYDYWGQGTQVTVSS
seq13116,EVQLVESGGGLVQAGGSLKLSCAASGRAFSSYTMGWFRQAPGKEREFVACVSRDGGTTYYAYSVKGRFTISRDNAKNTVYLQMNSLGPEDTAIYTCAAKENGMFITATQEQSYDYWGQGTQVTVSS
seq13117,DVQLVESGGGSVQAGETLRLSCTASGFTFAEADMGWYRQAPGLECELVSTITTEGITSEASSYADSVRGRFTISRDNAKNMVYLQMNSLKPEDTAVYYCAPDPYAYSTYSEYCTWAQGTQGTLVTVSS
seq13118,QVQLQESGGGLVQAGGSLRLSCTASGRTFSNYNLGWFRQAPGKEREFVAGVRWNYANTYYAESVKGRFKMSKDIAKNTVYLQMNSLKPEDTAIYYCAMGPKPGYELGPDDYWGQGTQVTVSS
seq13119,QVQLQESGGGSVQAGGSLRLSCAASGYTRSSYCMGWFRQAPGKERERVAYIYSGSGSTHYADSVKGRFTISQDNGKNTLYLQMNNLKPEDTAMYYCAAGTSGTSCPTGAFMYEYWYWGQGTQVTVSS
seq13120,EVQLVESGGGLVQPGGSLRLSCAASGRTFGDYIMGWFRQAPGKEREIVAAINWSAGYTAYADSVKGLFTITADNSKNTAYLQMNILKPEDTAVYYCARATPNTGWHFDHWGQGTLVTVSS
seq13121,EVQLVESGGGLVQPGGSLRLSCAVSGITLDDYAIGWFRQAPGKEREGVSSIRDNGGSTYYADSVKGRFTISSDNSKNTVYLQMNSLRPEDTAVYYCAAVPAGRLRYGEQWYPIYEYDAWGQGTLVTVSS
seq13122,QVQLQESGGGSVQAGGSLRLSCAASRYTSCNSDMSWYRQAPGKEREFVSGIDSDGSTSYADSVKGRFTISRDNAKNTVYLQMNSLKPEDTAMYYCKRVVLCGHSDYETYWGQGTQVTVSS
seq13123,EVQLVESGGGLVQAGGSLRLSCAASGFTFDDYAIGWFRQAPGEEREGVSSISSTYGLTYYADSVKGRFTISSSNAKNTVYLQMNNLKPEDTAVYYCAATPIERLGLDAYEYDYWGQGTQVTVSS
seq13124,QVQLQESGGGLVQAGGSLRLSCAASGSIFSINTMGWYRQAPGKQRELVAAIHSGGSTNYANSVKGRFTISRDNAANTVYLQMNSLKPEDTAVYYCNVKDYGAVLYEYDYWGQGTQVTVSS
seq13125,VQLQESGGGLVQAGGSLRLSCAASGFTFDDYTIAWFRQAPGGKEREGISCISSDGSTGYADSVKGRFTISSDNAKNMVYLQMNSLKPEDTALYYCAADFNVWSPPICSSNWYGPPPRGMDYWGKGTQVTVSS
seq13126,EVQLVESGGGLVQPGGSLTLSCAASGSSVSRLSMAWYRQAPGKKRELVAGISADGSRDYIDSVKGRFTISRDNAKNSVYLQMNSLRAEDTAVYYCYAYRWTTRYKYWGQGTLVTVSS
seq13127,EVQLVESGGGLVQAGGSLRLSCVASGRTFSSSGMGWFRQAPGTERDFITGITWDSRNTYYTDSVKGRFTISRDNAKNTVYLQMNSLKPEDTAVYYCAANRDPWIATSYQDYAYWGQGTQVTVSS
seq13128,QVQLVESGGGLVQAGGSLKLACAAPGLTFSSYRMGWFRQAPGQEREFVAAIDWNGRGTYYRYYADSVKGRSTISRDNAKNTMYLQMNSLKPEDTAVYYCAAGSIDLNWYGGMDYWGQGTQVTVSS
seq13129,EVQLVESGGGLVQPGGSLRLSCAASGLTLDYYALGWFRQAPGKEREGVSCISSVDHSTTYADSVKGRFTISWDNAKNIVYLQMNSLKPEDTAVYYCAADPALGCYSGSYYPRYDYWGQGTQVTVSS
seq13130,EVQLVESGGGLVQPGGSLRLCCAASGFTFDDYGMSWVRQAPGKALEWVSAISWNGNNTYYTESMKGRFTISRDNAKNTLYLQMNSLRPEDTAVYYCVKGSTAIVGVPPTYPDEYDYWGQGTLVTVSS
seq13131,EVQVVESGGGTVQAGGSLRLSCAASARTFANAHMAWFRQAPGKEREFLAAITWSGGITDYANSVKGRFTISRDNAENAMYLQMNSLKPEDTAIYICAVDTTSAYDQLWSRQSEYEYWGQGTQVTVSS
seq13132,LQESGGGLVQAGNSLRLSCAASGRTSDIYGMEWHRQVPGKEREFVVILSWSDGATNYADSVKGRFTVSRDNAKNTMYLQMNSLKPEDTAVYYCALQPFGASSYRYWGVGTQVT
seq13133,EVQLVESGGGLVQPGGSLRLSCAASGSIWSITSMGWYRQAAGKQRELVAKIISGGSTNYADSVKGRFTISRDNAKNTVYLQMNSLKPEDTAVYYCNADVRVAEKHTAYEANYWGQGTQVTVSS
seq13134,VQLQEFGGGLVQAGGVLRLSCVASMTTLGFKTMGWYRQAPGKQRELVATISSIGISTYANSVKGRFTISRDNAKNTVYLQMNSLKPEDTAVYFCHVIRPSWMPQYWGQGTLVTVSS
seq13135,EVQLVESGGGLVQPGGSLRLSCAASGSTNYMGWFRQAPGKEREGVAAISMSGDDTIYADSVKGRFTISADNSKNTAYLQMNSLKPEDTAVYYCARIGLRGRYFDLWGQGTLVTVSS
seq13136,DVQLVESGGGLVQPGGSLRLSCAASGSTFSIWAVAWYRQAPGKRRELVAGISGGGVTNYPDSVKGRFTISRDNSKNTVYLQMSSLRPEDTAVYYCNLWPPRASPGGRVYWGQGTLVTVSS
seq13137,EVQLVESGGGLVQAGGFLRLSCELRGSIFNQYAMGWFRQAPGKEREFVAGMGAVPHYGEFVKGRFTISRDNAKSTVYLQMSSLKPEDTAIYFCARSKSTYISYNSNGYDYWGRCTQVTVSS
seq13138,EVQLVESGGGLVQPGGSLRLSCAASGFSFKDYDITWVRQAPGKGLEWVSTITSRSGSTSYVDSVKGRFTISGDNAKNTLYLQMNSLKPEDTAVYYCAKVYATTWDVGPLGYGMDYWGKGTLVTVSS
seq13139,EVQLLESGGGLVQPGGSLRLSCVHSGPTFRTDTMGWFRQAPGKGREFVAAVTWNSGRINYADSVKGRFTVSRDNTRNAAYLQMSGLKDEDTAVYYCTAHRFVVGGNRVEDWRYWGQGTLVTVSS
seq13140,EVQLVESGGGLVQAGGSLRLSCEASGRTFSNYAMGWFRQAPGKEREFVAVVTRWSGGRTVYADSVKGRFTISRDNAENTVYLQMNSLKPEDTAVYTCAADSTNRNSGAWYYTWAYDHWGQGTQVTVSS
seq13141,EVQLVESGGGQVQPGGSLRLSCESSVSIWSFKVMGWFRQVPGKQRELVATITTGGSPHDGDSAKGRFTISRDYDKRTLYLQMNSLKPEDTARYYCAGRLWAHITSSGHDVWGQGTQVTVSS
seq13142,VQLVKSGGGGLVQAGGSLRLSCAASGRTFSRYVMGWFRQAPGKEREFVAVINRSGGSTDYAASVKGRFTIARDNAKNTVYLEMTSLEPEDTAVYYCAAGEYYTGSSSRYDHWGQGTPVTVSS
seq13143,EVQLVESGGGLVQAGGSLRLSCAASGFTADDYAIGWFRQAPGKEREGVSCISSSDGSTFYADSVKGRFTISSDNAKNTVYLQMNSLKPEDTAVYYCAADPRFEPTLLCTDYDYEDYWGQGTQVTVSS
seq13144,EVQLVESGEGLVKAGESLRLSCSASGLLFSVDSTGWYRQAPGKQREFFARIRSGGSINYGDSVKGRFTISRDKATNTLYLQMSNLNPEDTAVYYCSSWRIGSYEYWGQGTQVTVSS
seq13145,EVQLVESGGGLVQAGGSLRLSCAASGRTYAMAWFRQAPGKEREFVAHINALGTRAYYSDSVEGRFTISRDNAKNTGYLQMNSLEPEDTAVYVCAAGGQWRAAPVADAAQYDFWGQGTQVTVSS
seq13146,LQESGGGLVQTGASLRLSCVASGRTLSRYTMAWIRQAPGKGREFIGRITWTDGSTYYEDTMKGRVAISRDNVKNTIYLQMDNLKPEDTAVYYCAAGSNIGGSRWRYDYWGQGTQVT
seq13147,AVQLVESGGGLVQPGGSLRLSCAASGSIFSSNAMAWYRQAPGKRRDLVAAINSVGVTKYADSVKGRFTISRDNSKNTVYLQMNSLRPEDTAVYYCTSDPRRGWDTRYWGQGTLVTVSS
seq13148,VQLQESGGGLVQPGGSLRLSCAASGSIVSINSMGWYRQAPGKQRELVAAITDQGRTTYADSVKGRFTISRDDAKNKNTVYLQMNSLKAEDTAVYACKAFGRFDDYWGQGTQVTVSS
seq13149,EVQLVESGGGVVQAGESLRLSCAASGRSFSDYEMGWFRQAPGTEREFVASINRRGSSTFYADSVKGRFTISRDNTKNTVYLQMSSLKPEDTAVYLCAAGWLFPSSRSRDYDYWGQGTQVTVSS
seq13150,LQQSGGGLVQAEGSLSLSCATSGRAFSSYAMGWFRQAPGEEREFVAAISWSGGYTYYADSVKGRFTISRDNAKNTVYLQMNSLKPEDTAVYYCVARDYRLWSPYQYEYDYWGQGTQVT
seq13151,EVQLVESGGGLVQPGGSLGLSCVASGSIFRINAMAWYRQAPGKQRELVAEITAGGSTNYADSVKGRFTISVDNAWNTLYLQMNSLKVEDTAVYYCNLDHYTTWDRRSAYWGQGTLVTVS
seq13152,EVQLVESGGGSVQAGDSLKLSCTASTPTFSNLAMAWFRQAPGREREFVSGIVGDDITNYADFAEGRFTISRDNSKNTLYLQMDSLRPEDTAVYVCAARRRYYSSRYEYWGQGTQVTVSS
seq13153,QVQLAESGGGLVQPGGSLRLTCTASGFTFGSFGMSWVRQAPGEGLEWVSAISADSSDKRYADSVKGRFTISRDNAKKMLYLEMNSLKSEDTAVYYCVIGRGSPASQGTQVTVSS
seq13154,QVQLQESGGGLVQAGGSLRLSCAVSGNTLSRYAMGWFRQTPGKEREFVAAIRWNNGATYYAESVKGRFTISRDTGKNTVYLQMNNLQPEDTAVYYCAGRFLGYASSNAYHEALYNYDYWGQGTQVTVSS
seq13155,VQLVESGGGLVQAGGSLRLSCAASGRTFSMFIMGWFRQAPGKERELVAAISRNSNLTYYFQSVKGRFTISRDNAKNTVYLQMNSLKLEDTAVYYCNADYGPPVSIGPWGQGTQVTVSS
seq13156,EVQLVESGGGLVQPGGSLRLSCAASGFTFDDDYVMGWFRQAPGKEREFVAAVSGSGDDTYYADSVKGRFTISADNSKNTAYLQMNSLKPEDTAVYYCAADRRGLASTRAADYDWGQGTLVTVSS
seq13157,QVQLQESGGGLVQAGGSLRLSCTASGRTLSYWTMGWFRQVPGKEREFVAAINWSSGTRYSESVRDRFTIDGDTDKTTVYLEMNKMNLDDSAVYYCAAHRASFGLGYQTHEYDFWGQGTQVTVSS
seq13158,DVQLQESGGGLVQAGGSLRLSCAASGATSDVYAMGWFRQVPGKEREFVATINRSGSDSYYADSVKGRFTISRDNAKNTVYLQMNSLKPEETAVYYCAASHSDCIGYGCHHVSQDYWGQGTQVTVSS
seq13159,EVQLVESGGGEVQPGGSLRLSCAASGSTFSSYHMSWFRQAPGKQREPVATSHHGGTTNYAGSVKGRFTISRDNAKNTVYLQMNTLRAEDTAVYYCKADHGYQGRGYWGQGTLVTVKP
seq13160,EVQLVESGGGLVQPGGSLRLSCAASGRTFSYNPMGWFRQAPGKGRELVAAISRTGGSTYYPDSVEGRFTISRDNAKRMVYLQMNSLRAEDTAVYYCAAAGVRAENGRVRTLPSEYTFWGQGTQVTVSS
seq13161,ELQLVESGGGLVQPGGSLRLSCAASGFTFSSYVMSWVRQAPGKGLEWVSSIYHDGSHTYYADFVKGRFTISRDNAKNTLYLQMNSLKSEDTAVYYCASGTSYSGSYYYTDPFFGSWGQGTQVTVSS
seq13162,EVQMVESGGGLVQAGGSLRLSCAASGLTLDDYAIGWFRQAPGKEREGVSSIRDNDGSTYYADSVKGRFTISSDNDKNTVYLQMNGLKPEDTAVYYCAAVPAGRLRFGEQWYPIYEYDAWGQGTLVTVSS
seq13163,EVQLVESGGGLVQPGGSLRLSCAASGFTFDDYGMSWVRQAPGKALCWVSAISWNGNNTYYTESMKGRFTISRDNAKNTLYLQMNSLRPEDTAVYYCVKGSTAIVGVPPTYPDEYDYWGQGTLVTVSS
seq13164,VQLQESGGGLVQAGGSLRLSCAASGFSSDDYTIGWFRQAPGKEREGISCYSSSDGSTGYADSVKGRFTISSDNAKNTVYLQMNSLKPEDTAVYYCAADFNVWSPPICGSSWYGPPPGGMDYWGKGTQVTVSS
seq13165,QVQLQESGGGLVQAGGSLKLSCAAPERIGSISGMSWYRQVPGAQREFVATITEGGARNYADFVEGRFTISKDNAKSTLYLQMNNLKSDDTGVYYCKLRRRFGGQELWGQGTQVTVSS
seq13166,VQLVESGGGLVQAGGSLRLSCAASGSSFSSYTMGAIRWSDESPIYAGSVKGGIRWSDESPIYADSVKGRFTISRDNAKNTLYLQMNSLKPEDTAVYYCAARLVPPGIPIPRTSESMRYWGKGTLVTVSS
seq13167,QVQLQESGGGLVQAGGSLRLSCAASGSIFRIDAMGWYRQAPGKQRELVAHSTSGGSTDYADSVKGRFTISRDNAKNTVYLQMNSLKPEDTAVYYCNADVRTRWYASNNYWGQGTQVTVSS
seq13168,EVQLVESGGGVVQPGGSLRLSCAASRSIGRLDRMGWYRHRPGEPRELVATITGGSSINYGDSVKGRFTISIDNSKNTVYLQMNSLRPEDTAVYYCNFNKYVTSRDTWGQGTLVKVSS
seq13169,EVQLVESGGGLVQPGGSLRLSCAASGRTFSIYNMGWFRQAPGKEREFVATITRSGGSTYYADSVKGRFTISRDNAKNAVYMQMNSLKPEDTAVYYCAAARIGAAVNIPSEYDSWGQGTQVTVSS
seq13170,DVQLVESGGGLVQPGGSLRLSCAASGSIGGLNAMAWYRQAPGKERELVAGIFGVGSTRYADSVKGRFTISRDNSKNTVYLQMNSLRPEDTAVYYCRMSSVTRGSSDYWGQGTLVKVSS
seq13171,QVQLQESGGGLVQAGGSLRLSCAASVNIDTLNSMAWYRQAPGKQRELVAGITGSGQITYANSVRGRFTVSRDNAKSTVYLQMNTLQPEDTAVYYCAAYDRSSTPYWGQGTQVTVSS
seq13172,EVQLVESGGGLVQAGGSLRLSCVASGLTFRNYAMAWFRQAPGKEREFVAGINWSGNGVYYPDSLKERFAISRENSKNMVYLQMNSLNPEDTAVYYCTADRTLTAWDRESAEYWGQGTQVTVSS
seq13173,EVQLVESGGGLVQAGGSLRLSCAASGRTSSTATVGWFRQAPGKEREFVAVINWRSGFTYYADSVKGRFTISREYAKNTVYLQMDSLKPEDTAVYSCAADLGGRTLYGGIHYSPEEYAYWGQGTQVTVSS
seq13174,LVESGGSLRLSCAASGSIFTINAMGWYRQAPGKQREEVAAITSGGSTNYADSVKGRFTISRDNAKNTVYLQMNSLKPEDTAVYYCKAVVVTTTPYSDYWGQGTLVTVSS
seq13175,QVQLQESGGGSVQAGGSLRLSCTAPGFTSNTCAMAWYRQAPGKEREFVSSRSTVGTTGYADSVKGRFTLSKDEAKDTVYLQMNSLKPEDTAMYFCKTYACRNCIGRHCRTAPDAWGQGTQVTVSS
seq13176,QVKLEESGGGLAQAGGSLRLSCAASERTFIRYTIGWFRQAPGKEREFVGRVNWSGGDTYYADSVKGRFTISRDNAKTTVTLQMSSLKPEDTAVYSCAASPKWSEIPREYIYWGPGTQVTVSS
seq13177,EVQLVESGGGLVQPGGSLRLSCLPSTSTSSLRTVGWYRQGPGKQRDLVAIMSAGTTRYADSVKGRFTISLDDAKNTVYLQMNSLKPEDTAVYICNGRPVFSNVDYWGQGTQVTVSS
seq13178,VKLEESGGGSVQTGGSLRLTCAASGRTSRSYGMGWFRQAPGKEREFVSGISWRGDSTGYADSVKGRFTISRDNAKNTVDLQMNSLKPEDTAIYYCAAAAGSAWYGTLYEYDYWGQGTQVTV
seq13179,QVQLVESGGGLVQPGDSLRVSCAASGGSFRSYAMAWFRRAPGKEREFVAAMSGTYGSTIYADSMKGRFTISRDNAKKMVYLRMNSLRAEDTAVYYCAGYYSGAYYGTPKTDYTEYDSWGQGTQVTVSS
seq13180,DVQLVESGGGQVQPGGSLSLSCESSVSIWSFKVMGWFRQVPGKQRELVATITTGGSPDYSDSVKGRFTISRDYDKRTLYLQMNSLKPEDTAVYYCAGRLWAHITSSGHDVWGQGTQVTVSS
seq13181,QVQLQESGGGLVQAGGSLRLSCAASGYIFYSRRMGWYRQAPGKEREFVATIGHGTSTYYADSVKGRFTISRDNAKNTVYLQMNSLKPEDTAVYYCAALPRPHGAGTADARYNLWYWGQGTQVTVSS
seq13182,QVQLQESGGGSVQAGGSLRLSCAASGYTYSDVCMGWFRQAPGKEREGVAAIDSVGNTNYADSVKGRFTISKDNAKNTLYLQMNSLKPEDTAMYYCAAQRCLGWVPLVPHEYGFWGQGTQVTVSS
seq13183,EVQLVESGGGLVQAGGSLRLSCAASGGTFSSLAVGWFRQAPGKEREFVARITWSGATTYYADAVKDRFTISRDNAKNTMYLQMNSLKPEDTAVYYCAADRSPNIINVVTAYEYDYWGQGTQVTVSS
seq13184,QVQLQESGGGLVQPGGSLRLSCAASGFIFRRYVMSWVRQAPGKGLEWVSGIMPDGVTTYADAVKGRFTISRDNAKNTLYLQLNSLKTEDTAIYYCAKGVYSTYLGGARGQGTQVTVSS
seq13185,EVQLVESGGGLVQPGGSLRLSCAASGDTFSTSWMGWFRQAPGKEREFVATINTGGGTNYADSVKGRFTISADNSKNTAYLQMNSLKPEDTAVYYCARVTTSFDYWGQGTLVTVSS
seq13186,QVQLQQSGGGLVQAGGSLTLSCAATGRTIDNGAMAWFRQAPGKQRELVAAINWSGGATFYTDSVKYRFTISRDNVRHTLDLQMTSLKPEDTTIYFCASRRGVDLRRNSYEYDYWGRGTLVTVSS
seq13187,QVQLQVSGGGLVQPGGSLRLSCAASGFTVSNSRMYWVRQAPGKGLEWVSSIRPSGEVIYATDSVKGRFIISRDNAKNTLHLQMNSLKPEDTARYYCARERPSGVRGQGTQVTVSS
seq13188,EVQLVESGGGLVQPGGSLRLSCAASVSIWSFKVMGWYRQVPGKQRELVATITTGGSPDYADSVKGRFTMSRDYDKRTVFLEMDSVKPEDAAVYYCNGRLWAHLTSSGHDVWGQGTQVTVSS
seq13189,VQLVESGGGLVQAGGSLRLSCAASGRTLSSNTMAWFRQAPGKEREFVASTTWNGRSTYYADSVKGRFTISRDNAKNTMYLQMNSLKPEDTAVYVCADLGKWPAGPADYWGQGTQVTVSS
seq13190,EVQLVESGGGLVQAGGSLRLSCSASGRTFSSYAMAWYRQAPGKEREYVAAIRWSGETAYYADSVQGRFTISRDNAKNTVYLQMNSLKPEDTAVYYCANRAPDTRLEPYLYDHWGQGTQVTVSS
seq13191,EVQLVESGGGLVQAGGSLRLSCAASGRTFSRDVMGWFRQAPGKVREVVGSIKWSDANTYYADSVKGRFTISRDNAKNTMYLQMNSLKPEDTGVYYCAAAIIGGTYNDWGQGTQVTVSS
seq13192,EVQLLESGGGLVQAGGSLRLSCAASGRTYAMSWFRQAPGKEREFVSHINALGTRTYYADSVKGRFTISRDNSKNTLYLQMNSLRPEDTAVYYCTAQGQWRAAPVAVAAEYEFWGQGTQVTVSS
seq13193,EVQLVESGGGLVQAGDSLRLSCIASGRTLSYPDMGWFRQAPGNEREFVASINWSGTGRVYDDSVKGRFTISRDNAKNTVYLQMNSLKPEDTAAYYCAARVGTEFQYWGQGTQVTVSS
seq13194,EVQVQESGGGLVQPGGSLRLSCAASGFTFDNYAMSWVRQAPGKGLEWVSAISWNGGSTYYAESMKGRFTISRDNAKNMLYLQMNSLKSEDTAVYYCAKDLLVAARGGMDYWGKGTLVTVSS
seq13195,EVQLVESGGGLVQAGGSLRLSCAASGRTFSNAAMGWFRQAPGKEREFVAAISWSGGSTVYADSVKGRFTISRDNAKNTVYLQMNSLKPEDTAVYYCAAGNGGSYSGHSRARYDYWGQGTQVTVSS
seq13196,QVQLQESGGDLVQAGGSLRLSCVASGIIFRIHHMGWYRQAPGKQRELVARISYDDIISYADSVKGRFTISRDNAKDTVYLQMNGLKPGDTGVYSCHAHNKLAPPGKLEYWGQGTLVTVSS
seq13197,EVQLLESGGGLVQPGGSLRLSCTASGVTISALNAMAMGWYRQAPGERRVMVAAVSERGNAMYRESVQGRFTVTRDFTNKMVSLQMDNLKPEDTAVYYCHVLEDRVDSFHDYWGQGTQVTVSS
seq13198,QVQLVESGGGLVQPGGSLRLSCAASGFTFSGYVMSWVRQAPGKGLEWVASIGSGGGYPSYTDSVEGRFTISRDNAKNTLYLQMNNLKPDDTAVYYCEMLGRRGQGTQVTVSS
seq13199,EVQMVESGGGLVQAGGSLRLSCAASGFAFDDYAIGWFRQAPGKEREGVSSISSSNGNTYYADSVRGRFTISSDNAKNTVYLQMNSLKPEDAGVYYCAAIWGIFFNEKMPVGAYDYWGQGTQVTVSS
seq13200,EVQLVESGGGLVQTGGSLRLSCAASGRTFSSYTMGWFRQAPGKDREFVTAISRSGTLTSYADSVKGRFTISRDNAKKMAYLQMNSLKPEDTAVYYCAVAPVPWGTRPSLFPYDSWGQGTQVTVSS
seq13201,QVQLQESGGGLVQAGGSLRLSCAASGRTFSNYAMGWFRQAPGKEREFVAAINWGGGNTYYADSVKGRFTISRDNAKNTVYLQMNSLKPEDTAVYYCAASEWGGSDYDHDYDYWGQGTQVTVSS
seq13202,EVQLVESGGGLVQPGGSLRLSCAASGTVFKINAMAWYRQAPGKGRELVAGLVSAGTANYADSVKGRFTISRDNAKNTLYLQMNSLRPEDTAVYYCAFVTTNSDYDLGRDYWGQGTLVTVSS
seq13203,DVQLVESGGGLVQPGGSLRLSCEASGFASDDYIIGWFRQAPGKEREGVSCISSRYANTVYTDSVKGRFRISRGTAKNTVYLQMSALKPEDTAVYYCAMDSRRVTCPEISTMHRNFDSWGQGTQVTVSS
seq13204,QVQLQESGGGLVEAGGSLTLSCAASGRSYSSYSMGWFRQAPGKEREIVAALRWDGGNTWYADSVKGRFTISRDNAKNTMYLQMNNLSPRDTAVYYCAAVHPGSVVRGTPRADYWGQGTQVTVSS
seq13205,QVQLQDSGGGLVQAGGSLRLSCAASGRTFSGYSVAWFRQVPGKERELVASINRSGDNTYIEDSVKGRFTISTDNTKSTIYLQLNALKPEDTAVYYCAAPYGLGRYDSWGQGTQVTVSS
seq13206,QVQLQESGGGLVQAGGSLRLSCAASGYISDAYYMGWYRQAPGKEREFVATITHGTNTYYADSVKGRFTISRDNAKNTVYLQMYSLKPEDTAVYYCAVLETRSYSFRYWGQGTQVTVSS
seq13207,EVQLVESGGGEVQPGGSLRLSCAASGSTFSMYHMSWFRQAPGKQREPVATSHHGGTTNYAESVKGRFTISRDNAKNTVYLQMNSLRAEDTAVYYCKADHGYNTRGYWGQGTLVTVKP
seq13208,VKLEESGGGLVQAGGSLTLSCAASGSIGDNNAMGWSRTPPGKQREFVARIDSGGITRYADSLKGRFTVSRDTGKNTVSLQMNSLKAEDTGVYYCFAHVGGTIWGQGTQVTVSS
seq13209,EVQLVESGGGLVQTGGSLRLSCAASGRTFSNYTMGWFRQAPGKDREFVAAISRSGTLKAYADSVKGRFTISRDNAKKMAYLQMNSLKPEDTAVYYCAAAPVPWGTRPSFFTYDSWGQGTQVTVSS
seq13210,EVQLAESGGGSVQAGGSLKLSCLASQWISSDCGMAWYRQAPGKERELVSRISSDDTTTYADSVKGRFTISQDSAKNTLYLQMNKLKTEDTGVYYCAAEAKSTITSLCYPLNYWGQGTQVTVSS
seq13211,QVQLQESGGGLVQAGGSLRLSCAASGSISDRYAMGWYRQAPGKERELVAGIAEGSNTYYADSVKGRFTISRDNAKNTVYLQMNSLKPEDTAVYYCAAHDGWYDYWGQGTQVTVSS
seq13212,EVQLVESGGGVVQPGGSLRLSCAASGRTFSDYVMGWFRQAPGKEREFVAAISESGGRTHYADSVKGRFTISRDNSKNTLYLQMNSLRPEDTALYYCATTLLWWTSEYAPIKANDYDYWGQGTLVTVSS
seq13213,QVQLQESGGGLVQPGGSLKLSCAASGFTFNWYTMAWYRQVPGEERKMVATITGASGDTKYADSVKGRFTISRDNAKNTVTLQMNSLKPGDTAVYYCHAYLTYDSGSAKGVNYWGQGTQVTVSS
seq13214,EVQLVESGGGLVQPGGSLRLSCAASGINFRFNSMGWWRRRAPGKEREWVAAITSGDITNYRDSVRGRFTISRDNVKNTVYLQMNTLKLEDTAVYYCNTFPPIADYWGLGTQVTVSS
seq13215,EVQLVESGGGLVQPGGSLRLSCETSRHTLDHYAIAWFRQAPGKEGEGIACVSTSTYYADSVKGRFSISRGNAKNTVYLQMNDLKPEDTAVYHCATTGSGYCTLRAFASWGQGTQVTVSS
seq13216,EVQLVESGGGLVQPGGSLRLSCAASGFTFDDYAIGWFRQAPGEEREGVSSISSTYGLTYYADSVKGRFTISRSNSKNTVYLQMNNLKPEDTAVYYCAATPIERLGLDAYEYDYWGQGTLVTVSS
seq13217,EVQLVESGGGSVQAGESLRLSCAASGSIFSSNAMAWYRQAPGKQRDLVAVINSVGITKYADSVKGRFTISGDNAKNTVYLQMNSLKPEDTAVYYCTSDARRGWDTRYWGQGTLVTVSS
seq13218,EVQLVESGGGLVQAGGSLRLSCAVSGATFDDYAIGWFRQAPGKEREGVSYIGCNDGSTYYAGSVKGRFTISCDYAKNTVYLQMNSLKPEDTAVYYCAAAAQWATIRWIQEYDYDTWGQGTQVTVSS
seq13219,EVQLVESGGGLVQPGGSLRLSCAASGRHFSDYAMAWFRQAPGQEREFVAGIGWSGGDTHYADSVRGRFTISRDNSKNTLYLQMNSLRAEDTAVYYCAARQGQYIYSSMRSDSYDYWGQGTLVTVSS
seq13220,EVQLVESGGGLVQAGGSLRLSCESSISTFSSDAMGWFRQAPGKGLEWLAAIGWSGAVTHYSDSVKGRFTISRDNAKNTVYLQMNSLRSEDTGRYYCAEDYDTDVWQYWGQGTQVTVSS
seq13221,QVQLQESGGDLVQAGSSLRLACATSGGVFNIRPISWYRQPPGKQREWVATIASGGATNYANSIKGRFTASRDNAKNTVYLQMNGLKPEDTAVYYCNAFEVWGQGTQVTV
seq13222,EVQLVESGGGLVQAGDSLRLSCAASGLTFSGYEMGWFRQAPGRERAFVAAISQSGGTTSYAVSVKGRFTIARDNAKNTVYLQANNMKPEDTAVYYCAAALLLLPTTPSRVDYWGQGTQVTVSS
seq13223,EVQLVESGGGLVQPGGSLRLSCAASGRALSSNSMGWFRQAPGKEREFVALITRSGGTTFYADSVKGRFTISADNSKNTAYLQMNSLKPEDTAVYYCALNNRRRYVDWGQGTLVTVSS
seq13224,EVQLVESGGGSVQPGESLRLSCAASGSIFSSNAMAWYRQAPGKQRDLVAAINSVGVTKYADSVKGRFTISRDNSKNTVYLQMNSLRPEDTAVYYCTSDPRRGWDTRYWGQGTLVTVSS
seq13225,DVQLVESGGGVVQPGGSLRLSCAASGSIGGLNAMAWYRQAPGKERELVAGIFGVGSTRYADSVKGRFTISRDNSKNTVYLQMNSLRPEDTALYYCRMSSVTRGSSDYWGQGTLVQVSS
seq13226,EVQLVESGGGLVQAGGSLRLSCAASGRTLNTYVMGWFRQAPGKEREFVARIDWSGSTTDYADSVKGRFTISRDNAKNTVYLQMNSLKPEDTAVYYCAGSAYYSGYVTHRDFGSWGQGTQVTVSS
seq13227,EVQLQESGGGLVQPGGSLRLSCAASGFTFSSYWMYWLRQAPGKGLEWVSSISGSSSSTYYRDSVKGRFTISRDNAKNTLYLQMNSLKSEDTAVYYCAKDPGGYAKGQGTQVTVS
seq13228,QVQLVQSGGGLVHPGGSLRLSCAASGIDLSLYRMRWYRQAPGKERDLVALITDDGTSYYEDSVKGRFTITRDNPSNKVFLQMNSLKPEDTAVYYCNAETPLSPVNYWGQGTQVTVSS
seq13229,EVQLVESGGGLVQAGASLRLSCAASGRAFSTNPMGWFRQSPGQEREFLAAVRWADGNTYYTDSVKGRATISRDNAKKTVYLQLNNLKSEDAAVYYCAAGRPWSAYHAPKEYIYWGQGTQVTVSS
seq13230,AVQLVDSGGGLVQAGGSLRLSCAASGRTFTMGWFRQAPGKEREFVAAISLSPTLAYYAEPVKGRFTISRDNAKNTVVLQMNSLKPEDTALYYCAADRKSVMSIRPDYWGQGTQVTVSS
seq13231,DVQLVESGGGVVQPGGSLRLSCAASGSIGGLNAMAWYRQAPGKERELVAGIFGVGSTRYADSVKGRFTISRDNSKNTVYLQMNSLRPEDTAVYYCRMSSVTRGSSDYWGQGTLVTVQS
seq13232,EVQLVESGGGEVQPGGSLRLSCAASGSIFSINAMGWYRQPPGKQRELVAGFTGDGSTKYAESVKGRFTISRDNAKNTVYLQMSSLRAEDTAVYYCAADVQLLNSDYEFYWGQGTLVTVKP
seq13233,QVQLQESGGGLVQPGGSLRLSCVGSERIFSRNTMGWYRQAPGKQRELVGYVGSMGITNYADSVKGRFTISSDNAKNTVYLQMNNLKPEDTAVYYCNYWHYAAGRDYWGQGTQVTVSS
seq13234,VQLQESGGGLVQAGDSRILSCTASGRTFGRPFRYTMGWFRRAPGKEREFVGGITRSGNNIYYSDSVKGRFTISRDNAKNTVYLQMNSLKPEDTAVYYCNADWGWRNYWGQGTQVTVS
seq13235,EVQLVESGGGSVQAGGSLRLSCAASGYTARRDFMAWFRQVPGKEREGVAVIHTGGDTTYYADSVKGRFTISRDNAQNIMNLQMNSLKPEDTAMYYCAAGFRPRGGGYTGDVLAQAAAYNYWGQGTQVTVSS
seq13236,QVQLQESGGGLVQAGGSLRLSCAASGGFNRVSYMGWYRQAPGTKRELVASVTSGGEITIADSVKGRFTVSRDNSKNTLYLQMNGLKPEDGATYWCNADIWVSDARMYNYWGQGTQVTVSS
seq13237,EVQLVESGGGLVQPGGSLRLSCAASGEVYKINFLGWYRQAPGKEREKVAHITIADVADYADFAKGRFTISRDEVKNMVYLQMNSLKPEDTAVYFCRAGSRIWPYDYWGQGTLVTVSS
seq13238,DVQLVESGGKVVQPGGSLRLSCSASGRTFSFSTSTMGWFRQAPGKELEFVAAIDWSDFNTYYADSVKGRFTISRHNPRNSVYLQLNSLKPEDTALYYCAAHSETRGGTRYFDRPSLYNYWGQGTLVTVSS
seq13239,MAESGGGSVQTGGSLRLSCAYTASSVCMAWFRQAPGKEREGVAVTRDGLPKTGYADSVKGRFAISQDYAKKTLYLQMSSLKPEDTARYYCAARPTSPCTVDGELLASTYDYWGQGTQVTV
seq13240,EVQLVESGGGLVQAGGSLRLSCAASGRTFSSYAMAWFRQAPGKEREFVGGIRWSDGSTYYADSVKGRFTISRDNAKITVYLQMNSLKPEDTAVYYCAADFYVSTLAHEYDYWGQGTQVTVSS
seq13241,QVQLVESGGGSVQPGGSLRLSCAASGSIASINTMAWYRQSPGKQRELVAGITRGGSTNYADSVKGRFTISRDNAKNTVYLQMNSLKPEDTAVYYCTDYSLGYYQDYWGQGTQVTVSS
seq13242,KVQLVESGGGLVQVGGSLRLSCAASERTFDSYAMAWFRQAPGKEREFAAAISWIASVIEYSDSVKGRFTISRDDAKNTVYLEINNLKPEDTATYYCARRRMPYYHISRRTDEYDFWGRGTQVTVSS
seq13243,QVKLEESGGGLVQAGGSLRLSCTASASISSFDIMGWYRQAPGKQRELVAAITTLDIANYRDSVKGRFTISRDNAKNTVYLQMDSLKPEDTARYHCAAFQSDQNYWGQGTQVTVSS
seq13244,QVQLQESGGGLVQAGGSLKLSCVASGLTFGNYDMAWFRQAPGKEREFVTHISSSGAYTSYAYFVKGRFTISRDIAKNTVYLQMNSLKPEDTAIYYCAGRRSVVVRSFDYDYWGQGTQVTVSS
seq13245,EVQLVESGGGLVQPGRSLTLSCAASTNIESISPMGWYRQAPGKQRELVAAIHGTSTLYADSVKGRFTISRDNAKNSIYLQMNSLRPEDTALYYCNKVPWGDYHPGNVYWGQGTQVTVSS
seq13246,QVQLQESGGGLVQAGGSLRLSCAASGTIFYGAYMGWYRQAPGKERELVAGITIGANTNYADSVKGRFTISRDNAKNTVYLQMNSLKPEDTAVYYCAVQYWRKRLHQYWGQGTQVTVSS
seq13247,EVQLVESGGGLVQAGGFLRLSCELRGSIFNQYAMAWFRQAPGKEREFVAGMGAVPHYGEFVKGRFTISRDNAKSTVYLQMNSLKPEDTAIYFCARSKSTYISYNSNQYDYWGQGTQVTVSS
seq13248,QVQLQESGGGLVQAGGSLRLSCAVSGNTLSRYAMGWFRQTPGNEREFVAAIRWNNGATYYADSVEGRFTISRDTGKNTVYLQMNNLKPEDTAVYYCAGRFLGYASSNAYHEALYNYDYWGQGTQVTVSS
seq13249,EVQLVESGGGLVQAGGSLRLSCVASGSISSITAMGWHRQAPGAQREGVAVISRSGATMLVDSVKGRFTIVQDNAKNTVYLQMNSLKVEDTAVYGCSAITQGRTYWGQGTLVTVSS
seq13250,VQLVESGGGLVQPGGSLRLSCAASGFTFSDYVMTWVRQAPGKGPEWIATINTDGSTMRDDSTKGRFTISRDNAKNTLYLQMTSLKPEDTALYYCARGRVISASAIRGAVRGPGTQVTVSS
seq13251,QVQLQESGGGLVQAGGSLRLSCAASGYIFYSRRMGWYRQAPGKEREFVATIGHGASTYYAGSVKGRFTISRDNAKNTVYLQMDSLKPEDTAVYYCAALPRPHGAGTADARYNLWYWGQGTQVTVSS
seq13252,EVQLVESGGGLVQPGGSLRLSCAASGFTLDYYAIGWFRQAPGKERERVSCISSSDGSTYYADSVKGRFTISRDNAKNTVYLQMNSLKPEDTAAYYCATDRSVYYCSGGAPEEYYWGQGTQVTVSS
seq13253,QVQLVQSGGGLVQAGGSLRLSCVASGFTFDDYAIGWFRQAPGKEREGVSCISNSDGSTYYADSVKGRFTISSDNAKNTVYLHVNSLNPEDTAVYYCALREGLPLLLDSLWRQPVEYDYWGQGTQVTV
seq13254,EVQLQASGGGLVQAGGSLRLSCSASASTTFSMNTMAWHRQAPGKQRSLVALIGATHSINYEDSVKGRFTISRDNAKNTVYLQMSSLKPEDTAVYYCNDWYWQMKGGSWGQGTQVTVS
seq13255,QVQLQESGGRLVEAGGSLRLSCLVSGGTFSWYAMGWFRQAPGKEREFVATVSRGGGSSYYADSVKGRFTISRDNAKNTVYLQMNSLKPEDTAVYYCAAGRGAPSDTGRPDDYDYWGQGTQVTVSS
seq13256,QVQLQESGGGLVQAGGSLRLSCAVSGNTLSRYAMGWFRQTPGNEREFVAAIRWNNGATYYADAVKGRFTISRDNGRNTVYLQMNNLKPEDTAVYYCAGRFLGYASSNAYHEALYNYDYWGQGTQVTVSS
seq13257,DVQLVESGGGLVQPGGSLRLSCAASGSIFTINAMGWYRQAPGKQREEVAAITSGGRTNYADSVKGRFTIPRDNARNTVYLQMNSLNPEGADVYSCKAVVVTTTPYSDSWGQGPLVTV
seq13258,EVQLVESGGGLVQAGGSLRLSCAASGIAFRIRTMAWYRQAPGKQRDWVATIGSDGTTIYADSVKGRFTLSRHNAENTVYLQMNSLKPEDTAVYYCRDVNRDYWGQGTQVTVSS
seq13259,QVKLEESGGGLVQAGGSLRLSCAASERTFSRYPVAWFRQAPGAEREFVAVISSTGRSTYYADSVKGRFTISRDNAKVTVYLQMNNLKREDTAVYFCAVNSKRRRLQDPNEYDYWGQGTQVTVSS
seq13260,EVQLVESGGDLVRPGGSLRLSCAASGSIFSINDMGWFRQAPGKQRELVADIISRGVTNYADSVKGRFTISGDPAKNTVYLQMNSLKPEDTAVYYCNAHISTGWGRPHNNYWGQGTQVTVSS
seq13261,VQLQESGGGSVQAGRSLRLSCAVSRYSASNNVIKWMGWFRQAPGKEREGVAALYTSGGNTYYADSVKGRFTISRDYSENTVSLQMNNLKPEDTGMYYCAATVGTVLAGPLSARKYNYWGQGTQVTVSS
seq13262,QVQLQESGGGLVQAGGSLALSCAASGLLFSSYDMGWFRQFPGKEREFVAAISASGRRTDYVDSVKGRFTVSRDVAKNTVFLQMNDLKPEDTAVYYCAGGKSAYRGGAHYTTGAYDYWGQGTQVTVSS
seq13263,DVQLVESGGGLVQPGGSLRLSCAASGRTFRHYAMGWFRQAPGKEREFVAAISSYGSTDYADSVKGRFTISRDDSKNTVPLQMNSLRPEDTAVYYCAAADETLGAVPNFRLHEKYEYEYWGQGTLVTVSS
seq13264,QVQLQESGGGLVQPGGSLRLSCAASGSIFSINAMGWYRQAPGKQRELVAAITSGGSTNYADSVKGRFTISRDNAENTVYLQMNNLKPEDTAVYSCNAEGTSGSSRYRRRYEYWGKGTQVTVSS
seq13265,EVQLVESGGGEVQPGGSLRLSCAASGRTFSGYIMGWFRQAPGKERELVARISGNNLATEYAESVKGRFTISRDNAKNTLYLQMSSLRAEDTAVYYCAAEYDYSSGDFVYWGQGTLVTVKP
seq13266,AVQLVESGGGLVQPGGSLRLSCAASGFTFSNYPMGWVRQAPGKQRELVAAITRGGRTNYSDSVKGRFTISRDNAKNMVYLQMNSLKPEDTAVYYCNSVGSGRSYWGQGTQVTVST
seq13267,EVQLVESGGGSVQAGDSLTISCAASGGTFSTYAMGWFRQAPGKERDLVAAISWSGTTTYYSDSVEGRFTISRDNAKDTMYLEMNSLKPEDTGVYYCAAAPITNWSDYVASEYDYWGRGTQVTVSS
seq13268,QVQLQESGGGLVQAGGSLRLSCAASGTISPIDIMGWYRQAPGKEREFVAAIALGGNTYYADSVKGRFTISRDNAKNTVYLQMNSLKPEDTAVYYCAVGYVDKWDDSDYHTYWGQGTQVTVSS
seq13269,QLQVVESGGGLVQPGSSLRLSCGASGFTFSSHRMYWVRQPPGKGLEWVSAISSSGVSTYYADSVKGRFTISRDNAKNTVYLQMNSLKPEDTALYYCKRRTWYGGEYDYWGQGTQVTVSS
seq13270,QVQLQESGGGWVQPGGSLRLSCAASGSSFGSNVMMWVRQAPGKGPEWVSTINSSGTGTFYADSVKGRFTISRNNAKNTLYLQMNSLKPDDTAVYYCATSGPVRGWGPRSQGTQVTVKP
seq13271,QVQLQESGGGSVQAGEALRLSCVGSGYTSINPYMAWFRQAPGKEREGVAAISSGGVYTYYAESVKDRFTISRDNAKNTVYLQMPSLKPEDSAKYYCAADFRRGGSWNVDPLRYDYEHWGQGTQVTVSS
seq13272,EVQLVESGGGLVQPGGSLTLSCAASNSSVSKLSMAWYRQAPGKKRELVAGISADGSTAYIDSVKGRFTISRDNAKNSVYLQMNSLRAEDTAVYYCYAYRWSTRYTYWGQGTLVTVSS
seq13273,DVQPVESGGGLVQPGGSLRLSCAASVSIFTINAMGWYRQAPGKQREEVVANTSGGSTNYADSVKGRFTISRDNAKNTVYLQMNSMKPEDTAVYYCKAVVVTTTQYSDYWGQGTLVTV
seq13274,DVQLVESGGGVVQPGGSLRLSCAASGSIASIHAMGWFRQAPGKEREFVAVITWSGGITYYADSVKGRFTISRDNSKNTVYLQMNSLRPEDTALYYCAGDKHQSSWYDYWGQGTLVTVSS
seq13275,EVQLVESGGGLVQAGGSLRLSCAASGYTFNHNTMAWYRQAPVKQRELAASISSGGSTYYADSVKGRFTISRDNGNNTMYLQMNNLKPEDTAVYYCNWKDWPPNYTNDYWGQGTQVTVSS
seq13276,EVQLVESGGGLVQPGGSLKLSCAASGANFADYAIGWFRQAPGKEREGVSYIGCDDGAQYYAGSVKGRFTISCDYAKNTVYLQMNSLKPEDTAVYYCAAATQWNTIRWVHEYDYVFWGQGTQVTVSS
seq13277,QVQLQESGGGLVQPGGSLRLSCAASGFTFDDVDMGWYRQAPGNECELVSTISSDGSTYYADSVKGRFTISQDNAKNTVYLQMNSLKPEDTAMYYCAAARYSDYEGMCGYWSQGTQVTVSS
seq13278,QVQLQESGGGSVQAGDSLTLSCAASGRTFSMHAMGWFRQAPGKEREFVAAISPSAFTEYADSLKGRFTVSRDNAKKLVWLQMNGLKPEDTAAYYCAARRGAFTATTAPLYDYWGQGTQVTVSS
seq13279,QVQLQESGGGLVQAGGSLRLSCAVSGSSFWLDDMAWYRQPPGRQRELVAAITKGGSPNYRDSVKGRFTISRDNNKNTLYLQMNSLKPEDTAVYYCNTEGVYRYYWGQGTQVTVSS
seq13280,RLSCAASGSIFSINAMGWYRQAPGKQRELVAAITSGGSTNYADSVKGRFTISRDKAKNTVYLQMNSLKPEDSAVYYCNRTGPITHVRGVDYWGRGTLVTVSS
seq13281,EVQLVESGGSLVPPGGSLRLSCAASGFTFDDYGMSWVRQAPGKGLEWVSSINWSGTHTDYTDSVKGRFTISRNNANNTLYLQMNSLKSEDTAVYYCAKNWGDAGTTWFEKSGSAGQGTQVTVSS
seq13282,QVQVVESGGGLVQPGGSLRLSCAASGMSSANVMGWYRQVPGNQRELVARITSSGRTMYSDSVLGRFTISRGGAGNTADLQMNMLKPEDTAIYICNIRILGSFDPDSGYWGQGTQVTVSS
seq13283,EVQLVESGGGLVQPGGSLTLSCTASGSIFSIAVMGWYRQVPGKRREWVATIFDGSYTNYADSVKGRFTISRDNAKNSVYLQMNSLRAEDTAVYYCQTHWTQGSVPKESWGQGTLVTVSS
seq13284,EVQLVESGGGLVQPGGSLRLSCAASGFTWGDYTMGWFRQAPGKEREGVAAIDSDGRTRYADSVKGRFTISADNSKNTAYLQMNSLKPEDTAVYYCAAALDGYSGNWGQGTLVTVSS
seq13285,QVQLVESGGGLVQAGGSLRLSCAASGRPFITYAMGWFRQAPGKEREFVAAINWSGSITAYADSVKGRFTISRDNAKNAAYLQMNSLKPDDTAVYYCASKRTAVAPRALNDYDFWGQGTQVTVSS
seq13286,EVQLVESGGGLVQPGGSLRLSCAASGFNFNWYPMGWFRQAPGKERESVAAISWTGVSTYTAYADSVKGRFTISADNSKNTAYLQMNSLKPEDTAVYYCARWGPGPAGGSPGLVGFDYWGQGTLVTVSS
seq13287,HVQLVESGGGSVQAGGSLKLSCAVSPYIFTRCGLGWYRQAPGNVRELVSSMDSDGTTIYADSVKGRFTISQDNEKNMLYLQMNSLKTEDTAMYYCAADHQDPSRGAYFDHCNYMGQGTQVTVS
seq13288,EVQLVESGGGLVQPGGSLRLSCAASGFTFDRSWMGWFRQAPGKEREFVAAVTEGGTTSYADSVKGRFTISADNSKNTAYLQMNSLKPEDTAVYYCARADYDFDYWGQGTLVTVSS
seq13289,QVQLVESGGGLRQTGESLRLSCTASGRIFEVNMMAWYRQAPGKQRELVAEISRVGTTTYADSVKGRFTISRDSAKNTVTLQMNSLKSEDTAVYYCNALQYDRYGGAEYWGQGTQVTVSG
seq13290,QVQLVESGGGLVQPGGSLRLSCAASGSSFSRYAMRWYRQAPGKQRELVANINSRGTSNYADSVKGRFTISRDNAKNTVYLQMNSLKPEDTAVYYCNAEWLGRSEPSWGQGTQVTVSS
seq13291,EVQLVESGGGLVQAGESLTLSCAASGRTLSAYIMGWFRQAPGKEREFVAGIWSGGYTHLADSAKGRFSISRDNAKNTVYLQMNGLKPEDTAVYYCAAGLRGRQYSNWGQGTQVTVSS
seq13292,EVQLVESGGGLVQAGDSLRLSCTASERTFGNDAGGWFRQAPGKERDFVAAITSGGSTDYANSVKGRFTISRDNAKNTVYLQMNSLRPEDTAVYYCAADSNVNTVKLGWGRYWGQGTQVTVSS
seq13293,EVQLVESGGGLVQPGGSLRLSCAASGLPFSTKSMGWFRQAPGKGREFVARISPGGTSRYYGDFVKGRFAISRDNAKNTTWLQMNSLKAEDTAVYYCASGERSTYIGSNYYRTNEYDYWGTGTLVTVSS
seq13294,EVQLVESGGGLVQPGGSLRLSCAASGFTFGSYDMSWVRQAPGKGPEWVSAINSGGGSTYYADSVKGRFTISRDNAKNTLYLQMNSLKPEDTAVYYCSTDLGPWIEGTMEEYEYEYWGQGTQVTVSS
seq13295,QVQLQESGGGWVQAGGSLRLSCTASGSREISTMGWHRQAPGKQRELAARITSGGITKYADSVKGRFTISRDNAKKTVYLQMDSLKSEDTAVYYCFAYDNINAYWGQGTQVTVSS
seq13296,LQESGGGLVQAGGSLRLSCAASGRSDSTDTMTWFRQAPGKEREFVASVSWIANTYYADSVKGRFTVSRDYTKNTLYLQMNNLTPEDTAVYYCAAADHGSRWWRQVADITTYDYWGQGTQVT
seq13297,DVQLLESGGGVVQPGGSLRLSCAASGFTFGNYDMAWVRQAPGKRPEWVSSIDTGGDITHYADSVKGRFTISRDNAKNTLYLQMNSLRPEDTAVYWCATDEEYALGPNEFDYYGQGTLVTVQS
seq13298,SGGGLVQTGGSLRLSCASSGSIAGFETVTWSRQAPGKSLQWVASMTKTNNEIYSDSVKGRFIISRDNAKNTVYLQMNSLKPEDTGVYFCKGPELRGQGIQVTVSS
seq13299,VQLVESGGGLVQPGGSLRLSCAASGFILDYYAIGWFRQAPGKEREGVLCIDASDDITYYADSVKGRFTISRDNAKNTVYLQMNSLKPEDTGVYYCATPIGLSSSCLLEYDYDYWGQGTLVTVSS
seq13300,EVQLVESGGGLVQPGRSLTLSCAASTNIDSISPMGWYRQAPGKQRELVAAIHGESTLYADSVKGRFTISRDNAKNSIYLQMNSLRPEDTALYYCNKVPWGDYHPRNVTWGQGTQVTVSS
seq13301,GGGSVQAGGSLRLSCAASDYTITDYCMAWFRQAPGKERELVAAIVVDTRLTDYADSVKGRFTISQGNTKNTVNLQMNSLTPEDTAIYSCAATSSFYWYCTTAPYNVWGQGTQVTVSS
seq13302,EVQLVESGGGLVQPGGSLRLSCAASGFTFSSYWMYWVRQAPGKGLEWVSAINTGGGSTYYADSVKGRFTISRDNAKNTLYLQMNSLKSEDTAVYYCAKDLPNSDSLGYDYWGQGTQVTVSS
seq13303,EVQLVESGAGLVQAGGSLRLSCTASGRTFSSYAMGWFRQTPGKEREFVASISWIGEFIYYADSVKGRFTISGENAKNTVYLQMNRLKPEDTAVYYCAAKTLVGDTTAFDRWGQGTQVTVSS
seq13304,QVKLEESGGGSVQTGGSLRLTCAASGRTSRSYGMGWFRQAPGKEREFVSGISWRGDSTGYADSVKGRFTISRDNAKNTVDLQMNSLKDEDTAIYYCAAAAGSAWYGTLYEYDYWGQGTQVTVSS
seq13305,EVQLVESGGGLVQAGGSLRLSCAASGFTDGIDAMGWFRQAPGKEREFVASIGRSGGSATNADSVKGRFTISRDNAKNTMYLQMNSLKPEDTAGYYCAAATRRPYLPIRIRDYIYWGQGTQVTVSS
seq13306,EVQLVESGGGLVQPGGSLKLSCATSGSVLNIDSMAWYRQAPGKQRELVAEMLWGGTKNYGDSVKGRFTISGDADWGTELQMSSLKPEDTAVYYCNAVGRGFRDAWGQGTQVTVSS
seq13307,QVQLVESGGGLVQPGGSLRLSCAASGNIASIDAFNWYRQAPGKQLELVASITTGGTSNYADSVKGRFTISRDSAKNTVYLQMNNLKPEDTGVYRCNANLGWYKVGAWGQGTQVTVSS
seq13308,QVQLQESGGGLVQPGGSLRLSCAASGFTFSSYVMSWVRQAPGKGPEWVSAVNGGGSATYADSVKGRFTISRDNVKNTLYLQMNSLKPEDTAVYYCATVAWNWGQGTQVTVSS
seq13309,EVQLVESGGGEVQPGGSLRLSCAASERPFGTYAMGWFRQAPGKEREFVAAVSRNAGASQYAESVKGRFTISRDNAKNTMYLQMSSLRAEDTAVYYCAARSAAYSRSSEVYTGKDEYYYWGQGTLVTVKP
seq13310,QVQLQESGEGLVQAGASLKLSCEASLGGLYGMGWFRQAPGKEREFVAAISGSGGTTYYEDSVRGRFTISRDNAKSTVFLQMNNLKPEDTAVYYCAARTSYSASNAWNQLREYGYWGQGTQVTVSS
seq13311,VQLQESGGGLVQPGGSLRLSCLASRSFSSFNAMGWYRQAPGKERELVAAITNGGRIAYGIAVNGRFTISRDNAKNTVYLQMNSLKPEDTAVYYCNAKPTPVYGSTVGDYWGQGTQVTVSS
seq13312,EVQLLESGGGLVQPGGSLRLSCAASGSILTINAMGWYRQAPGKQRELVVRRTRGGSTTYQDSVKGRFTISADISKKTMYLQMNSLRPEDTAVYYCLLDDRGGVYWGQGTLVTVSS
seq13313,QVQLQESGGGLVQAGGSLRLSCADSGSTFGLSAMGWYRQTPGKQRELVASITSDGRTNYADSVKGRFTISRVNPKRTVYLQMNSLKPDDTAVYVCNARFGIRDFWGQGTQVTVSS
seq13314,EVQLVESGGGLVQAGGSLRLSCAASGFTFDDYDIGWFRQAPGKEREWVSGISSSDGNTYYADSVKGRFTISSDNAKNTVYLQMNSLKAEDTAVYYCAREPPDSSWYLDGSPEFFKYWGQGTLVTVSS
seq13315,EVQLVESGGRLVRAGDSLRLSCAASGRTFLSYAVGWFRQAPGTEREFVAGIRWSGGYTDYAEAVKGRFTISRDNAKNTVYLQMNSLKPEDTAVYYCAAHRTIATIPEKYEYEYWGQGTQVTVSS
seq13316,EVQLVESGGGLVQAGGSLRLSCAASGFTFDDYTIGWFRQAPGKEREEISCISNNDGSTYYTNSVKGRFTISSDNAKNTVYLQMNSLKPEDTAVYYCAASPHGCWYDLIPLQADFGSWGQGTQVTVSS
seq13317,QVKLQQSGGGLVQAGGSLRLSCAVTGRTSSNYVMGWYRQPPGQEREFVSAITWSGGSTYSADSVKGRFTITPSNAKNTVYLQMNNLKPEDTAVYYCAAAKDGQDPRDFGSWGQGTQVTVSS
seq13318,DVQLLESGGGLVQPGGSLRLSCAASGGSLSNYVLGWFRQAPGKGREFVAAINWRGDITIGPPNVEGRFTISRDNSKNTLYLQMNSLRPEDTAVYYCGAGTPLNPGAYIYDWSYDYWGQGTLVTVSS
seq13319,EVQLVESGGGLVQAGGSLRLSCAASGRTFSRYYMGWFRQAPGKERELVAVILRGGSTNYADSVKGRFTISADNAKNTVYLQMNSLKPEDTAVYYCAAARRYGNLYNTNNYDWGQGTQVTVSS
seq13320,EVQLVESGGGVVQAGESLRLSCAASGRSFSNYEMGWFRQAPGTEREFVGTINRRGSSTYYADSVKGRFTISRDNAKNTVFLQMSSLKPEDTAVYYCAAGWLFPSSLSRDYDFWGQGTQVTVSS
seq13321,QVQLQESGGGLVQAGGSLRLSCAASGLIFSINAMAWYRQAPGNQRELVARITTGGSTNYADSVKGRFTISRDNAKNTVYLQMNSLKPEDTAVYFCAADVRFGERTPYWGQGTQVTVSS
seq13322,EVQLVESGGGPVQAGGSLTLSCANSGRTYRGYSMAWFRQPPGKEREFVAAITWSEGNPYYEDFVKGRFTISRDNAKNTLYLRMTRLEPEDTALYYCAAKIRPYIFKIAGQYDYWGQGTLVTVSS
seq13323,EVQLVESGGGLVQPGGSLRLSCAASGFTLDYCAIGWFRQAPGKEREGVSCISSSDGSTYYADSVKGRFTISRDNAKNTVYLQMNSLKPEDTAVYYCATDRGSGTCYADFGSWGQGTQVTVSS
seq13324,EVQLVESGGGLVQTGDSLRLSCAASGSTFSNYRMGWFRQGPGKEREFVAAIGRNGQNTYYTDSVKGRFTVTRDNAKNMVYLQMNSLKPEDSAVYTCAASLRGWDTTRIDYEYWGQGTQVTVSS
seq13325,QVQLQESGGGLVRPGGSLRLSCADSGSTFGLSAMGWYRQSPGKQRELVASIISDGRTNYADSVKGRFTISRVNAKRTVYLQMNSLKPEDTAVYVCNARFGIRDFWGQGTQVTVSS
seq13326,EVQLVESGGGLVQPGGSLRLSCAASGRTFSSYSMGWFRQAPGKEREFVVAISKGGYKYDSVSLEGRFTISRDNAKNTVYLQMNSLRPEDTAVYYCASSRAYGSSRLRLADTYEYWGQGTLVTVSS
seq13327,QVQLQESGGGLVQSGGSLKLSCAASGSIPSVNVMGWYRQAPGKQRELVAAVTSDGRTNYADSVKGRFTVSRDNAKNTVALQMDSLKPEDTAVYYCLITNQDHNTLGVGKGTLVTVSS
seq13328,EVQLVESGGGLVQPGGSLRLSCAASGSTFSSYAMGWYRQAPGKQRELVAVISNGGSTNYADSVKGRFTISRDNAKNTVYLQMNSLKPEDTAVYICFYSGSYYYPTDVHEYAYWGQGTQVTVSS
seq13329,QVQLQESGGGLVQPGGSLRLSCAASGRTFSSYRMAWFRQAPGKESEFVAGIRWSGGRTYYADSVKGRFAISGDSAKNMVYLQMNSLKSEDTAVYYCAADENSSDQGYDYWGQGTQVTVSS
seq13330,VQLQESGGGLVQAGGSLRLSCAVPGRTSNIFAMGWFRQALGKEREFVAAVTWSLGNTYYADSVKGRFTISRDNAKNTVYLQMNSLKPEDTAVYYCAAGEVGPLRQPDTYLHWGQGTQVTVSS
seq13331,EVQLVESGGGLVQAGGSLRLSCAASGRAFSSGTMGWFRRAPGKEREFVASIPWSGGRIYYADSVKGRFTISRDNAQNTVYLQMNSLKPEDTAVYYCAVKERSTGWDFASWGQGTQVTVSS
seq13332,EVQLVESGGGLVQAGGSLTLSCAASGRTFSSYGIGWFRQAPGKEREFVAAISRTGQTTHYADSIRFTISRDNAKNTVYLQMNSLKPEDTAVYYCAARTGGPIYGSEYHYWGQGTQVTVSS
seq13333,EVQLVESGGGLVQAGGSLRLSCAASGFTFDDYAIGWFRQAPGKEREGVSCISSRDGTTYYADSVKGRFTISSDNAKNTVYLQMNSLKPEDTAVYYCAADLVGSFPCPVAAYDYWGQGTQVTVSS
seq13334,DVQLVESGGGVVQPGGSLRLSCAASGLTFSSYAMGWFRQAPGKEREFVVSISRGGGYTYYADSVKGRFTISRDNSKNTVYLQMNSLRPEDTATYYCAAARYWATGSEYEFDYWGQGTLVTVSS
seq13335,EVQLVESGGGLVQPGGSLRLSCAASGRTFSNGPMGWFRQAPGKEREFVAHISTGGATNYADSVKGRFTISADNSKNTAYLQMNSLKPEDTAVYYCASWDGRQGWGQGTLVTVSS
seq13336,EVQLVESGGGLVQPGGSLRLSCAASGFTFSTYAMAWVRQAPGKGPEWVSFINKYGDGYADSVKGRFTISRDNAKNTLTLQMNSLKPEDTAVYWCAKSRGDHDDYDYWGQGTQVTVSS
seq13337,HVQLVESGGGSVQAGETLRLSCTASGFTFAEADMGWYRQAPGHECELVSTITTEGITSEASSYYADSVRGRFTISRDNAKNMVYLQMNSLKPEDTAVYYCAPDPYAYSTYSDYCTWAQGTQGTQVTVSS
seq13338,EVQLEASGGGLVQTGDSLRLSCADSGSTFRNYNIGWFRQTPGQAREFVAAVSRTGISTHVADSLQGRFTISRDNAKNTVYLQMNSLKPEDTAVYSCAAGRPGVGAVNRAMDYDYWGQGTQVTVSS
seq13339,EVQLVESGGGEVQPGGSLRLSCAASGSTFSMYHMSWFRQAPGKEREPVATSHHGGTTNYAGSVKGRFTISRDNAKNTVYLQMNSLRAEDTAVYYCKADHGYQGRGYWGQGTLVTVKP
seq13340,EVQLVESGGGLVQAGGSLRLSCAASTSIYSITVMAWFRQAPGKEREFVAAITWSAPSSYYADSVKGRFTISRDNAKNTVYLQVNSLKPEDSAIYYCAADRFKGRSIVTRSDYRYWGQGTQVTVSS
seq13341,EVQLVESGGGLVQPGDSLRLSCAFSGRTFSSYSMAWFRQAQGKEREFVVAISSGGFIYDAVSLEGRFTISRDNTKNTVYLQTPSLKPEDTAVYYCAASRAYGSSRLRLADTYDYWGQGTQVTVSS
seq13342,QVQLQESGGGLVQAGGSLRLSCAVSGNTLSRYAMGWFRQTPGKEREFVAAIRWNNGATYYADSVKGRFTISRDSGKNTVYLQMNNLQPEDTAVYYCAGRFLGYASSNAYHEALYNYDYWGQGTQVTVSS
seq13343,EVQLVESGGGLVQPGGSLRLSCAASGLPFSTKSMGWFRQAPGKEREFVAAISMSGLTSYADSVKGRFTISADNSKNTAYLQMNSLKPEDTAVYYCLKVLGGDYEADNWFDYWGQGTLVTVSS
seq13344,EVQLVESGGGLVQPGGSLTLSCAASGSSVRFLSMAWYRQAPGKKRELVAGISADGSTDYIGSVKGRFTISRDNAKNSVYLQMNSLRAEDTAVYYCYAYRWSTRYTYWGQGTLVTVSS
seq13345,EVQLVESGGGLVQPGGSLRLSCAASGFTLGDYVMGWFRQAPGKEREFVAAIHSGGSTYADSVKGRFTISADNSKNTAYLQMNSLKPEDTAVYYCAAKEYGGTRRYDRAYNWGQGTLVTVSS
seq13346,DVQLVESGGGLVQPVGSLRLSCAASGSIFTINAMVWYRQAPGKKREEVAAITRGGSTNYADSVKGRFTISRDNAKNTVYLQMNSLKPEDTAVYYCKAVVVTTTPYSDYWGQGTLVTV
seq13347,EVQLVESGGGLVQPGGSLRLSCAASGITLNYYAIGWFRQAPGKEREGVSCISSSAGSAYYADSVKGRFTISRDNAKNTLYLQMNSLKPEDTAVYYCAAQTAGTSIGCHISIGWYDYWGQGTQVTVSS
seq13348,EVQLVESGGKVVQPGGSLRLSCSASGRTFSFSTSTMGWFRQAPGKELEFVAAIDWSDFNTYYADSVKGRFTISRHNPRNSVYLQLNSLKPEDTALYYCAAHSETRGGTRYFDRPSLYNYWGQGTLVTVQS
seq13349,EVQLVESGGGLVQPGGSLRLSCAASGFTFDDYGMSWVRQAPGKALEWVSAISWNGNNTYYTESMKGRFTISRDNAKNTLYLQMNSLRPEDTAVYYCVKGSTAIVGVPPTYPDEYDYWGQGTLVTCSS
seq13350,EVQLVESGGGFVQAGGSLRLSCETSGRPLLGYTIAWFRQVPGKEREFVAYHRWSDGANLYADSVKGRFTISGHNAKNTVSLQMNSLKPEDTAVYYCAAARMTTSNDKEYLYWGQGTQVTVSS
seq13351,EVQLVESGGGLVQPGGSLTLSCVASGKTSSINAMGWYRRAPGKQRELVAGISSDGSKVYTDSVKGRFTISRDNAKNSVYLQMNSLRAEDTAVYYCYYFRTRSGSSMRYWGQGTLVTVSS
seq13352,QVQLQQSGGGLVRAGGSLRLSCVAAGSTFSVNSMAWYRQAPGKERELVAAFTGGSTMNYASSVKGRFTISRGNAAHTVLLQMTNLKPEDTAVYYCNAEVNEGWNADYHDYWGQGTQVTVSS
seq13353,QVQLVESGGGSVQAGGSLRLSCTASGYTNVHNSMAWFRRAPGKQREGIATLCTENGRTYYADSVKGRFTVSQDKGKNVVHLQMDNLTPEDTSMYYCAAREGCVYIDYGLRESFYKYWGQGTQVTVSS
seq13354,QVQLQESGGGLVQAGGSLRLSCAASGRTFSSYAMGWFRQAPGKEREFVAGISGSGGRTYYEDSVKGRFTISRDNAKNMVYLQMNSLKLEDTAVYYCAANTRGYNSGTYYRASDFDSWGQGTQVTVSS
seq13355,EVQLVESGGGLVQAGGSLSLSCTASGGTFRNFAMGWFREAQGKEREFVATISRSGGHTYYSDSVKGRFTISRDNAKNMVALQMNSLKPEDTAVYYCAARFRFDDGTYYYQRAFYNLWGQGTQVTVSS
seq13356,EVQLVESGGGLVQPGGSLRLSCAASGFTFGSYDMSWVRQAPGKGPEWVSAINSGGGSTYYADSVKGRFTISRDNAKNTLYLQMNSLKPEDTGVYSCAIPRGWGPTGPHEYGYWGQGTQVTVSS
seq13357,VQLVESGGGLVQAGGSLRLSCAASGFTLGHNQVAWFRQAPGKEREGVACISATGASTHYADPVKGRFTVSRDNTKNVVYLQVNSLKPEDTANYVCASRFSLMSIDASMCLSAPQYDRWGQGTQVRISS
seq13358,EVQLVESGGGLVQPGGSLRLSCTASESIFSIDAMGWHRQAPGKQRELVAHITGGGRSNYADSVKGRFTISGDSAKRTVYLQMNSLKPEDTAVYYCNAEGQAGWGTALMDYWGKGTLVTVSS
seq13359,QVQLQESGGGLVQPGGSLRLSCAASGFTFSSNYMTWVRQAPGKGPEWVSGINPDGSSTYYADSVKGRFTISRDNAKNTLYLQMNSLKSEDTALYKCATGAAPRIPTTLRGQGTQVTVSS
seq13360,QVQLQESGGGLVQPGGSLRLSCAASGRTFSSYAMGWFRQAPGKQREFVAAIRWSGGYTYYTDSVKGRFTISRDNAKTTVYLQMNSLKPEDTAVYYCAATYLSSDYSRYALPQRPLDYDYWGQGTQVTVSS
seq13361,QVQLQESGGGLVQAGGSLRLSCVALGNIGWINDMGWYRQAPGKERELVARISSAEATNYADAVKGRFTISRDDAKNTVYLQMNSLKPEDTAVYSCHTRRWYDDGYDYDTWGQGTQVTVSS
seq13362,QVQLVESGGGLVQPGGSLRLSCAASGITLDYYAIGWFRQAPGKEREGVSCISSSGGSTNYADSVKGRFTMSRDNAKNTVYLQMNSLKPEDTAVYYCAADIHCSGYVLFSPSDFGNWGQGTQVTVSS
seq13363,LQESGGGLVQPGGSLRLSCVASGPITSPNTMGWFRQAPGKQRELVATITYGGGTTYADSVKGRFTISRDNAKKTMSLQMNSLKPEDTAVYYCNLWNQWESESYWGQGTQVT
seq13364,QVQLVESGGGLVQAGGSLRLSCAASGRTLSRYAMGWFRQAPGKERQFVAAISRSGGTTRYSDSVKGRFTISRDNAANTFYLQMNNLRPDDTAVYYCNVRRRGWGRTLEYWGQGTQVTVSS
seq13365,EVQLVESGGGLVQPGGSLRLSCAASGRTFRHYAMGWFRQAPGKEREFVAAISSYGSTDYGDSVKGRFTISRDDAKNTVPLQMNSLKPEDTAVYYCAAADETLGAVPNFRLHEKYEYEYWGQGTLVTVSS
seq13366,VQLLESGGGLVQAGGSLTLSCEASGLTFSEYVMGWFRQTPGKEREFVAAVAAMNSRTYYTDSVKGRFTISRDNAKNTVFLQMNSLKPEDTAVYYCAVGAYGDYAGPSHFHSWGQGTQVTVS
seq13367,EVQLVESGGGLAQAGGSLRLSCAVSGEAVGSSATGWYRAVSATERELVARIRSGGSTDYADSVKGRFTVSRDNAKNTVYLQMNSLKPEDTAVYYCNLVSYGEYFWGKGTLVTVSS
seq13368,EVQLVESGGGEVQPGGSLRLSCAASRSSGIDVMGWYRQAPGKERELVAEISGVGDTNYAASLADRFTVSRDNAKNTVYLQMSSLRAEDTAVYYCNAHSFLDLVGAWGQGTLVTVKP
seq13369,QVQLQESGGGLVQTGGSLRLSCAASGGTFGGYAMAWFRQAPGKGREFVASVIWNGGTTNYLDSVKDRFTVSRDMANNTMYLQMNSLKPEDTAVYICGAASGYRSTDRLSEPGWVNYWGQGTQVTVSS
seq13370,EVQLVESGGGLVQPGGSLRLSCAASGDTYGSYWMGWFRQAPGKEREFVAVITSGGSTNYADSVKGRFTISADNSKNTAYLQMNSLKPEDTAVYYCTHVQNSYYYAMDVWGQGTLVTVSS
seq13371,EVQLVESGGGLVQAGGSLRLSCAASGLIFTYYDMGWFRQAPGKEREFVAIIRRRGNTYYADSAKGRFTISRDNAKNTVYLQMNSLVPEDAAVYYCAADRYVTDYAALSEYDYWGQGTQVTVSG
seq13372,EVQLVESGGGSVQAGGSLRLSCTASGRPFDNYAVAWFRQAPGKEREFVAAISWSLSRTHYANSVEGRFTISRDNAKNTAFMQMSSLKPEDTAVYYCAAAPRPKRVSVQYFSTSSNYDYWGQGTQVTVSS
seq13373,EVQLVESGGSLVQVGDSLTLSCAASGRTFKYYTVGWFRQAPGKEREFVASIGRDSVVFYVDSVKGRFIISRDNTKNTAYLQMNSLKSEDTAAYYCAIDVALPTGQYMDVPGIDYWGQGTRVTVAS
seq13374,EVQLVESGGGLVQPGGSLRLSCAASGFTFNNYAMKWVRQAPGKGLEWVSSITTGGGSTDYADSVKGRFTISRDNRKNTLYLQMNSLKPEDTAVYYCANVPFGYYSEHFSGLSFDYRGQGTLVTVSS
seq13375,EVQLVESGGGLVQPGGSLRLSCATSGIIFSNNAMGWYRQAPGKKRDLVASISNSGSTNYADSVKGRFTVSRDNDKSTGYLQMNSLKPEDTGVYYCTVDARRGWNTAYWGQGTQVTVSS
seq13376,QVKLEESGGGLVQAGGSLRLSCAASGLTFSNYAMGWFRQAPGAEREFVGQISQVDGFTYYEDSVKGRFTISRDNAKNTVYLQMSSLKPDDTAVYYCAATYSGTYNYMGADPKEYVYWGQGTQVTVSS
seq13377,EVQLVESGGGLVQPGGSLRLSCAASGFTLDDYAIGWFRQAPGKEREGVSCITSSDGSTYYADSVKGRFTISRDNAKNTVYLQINSLKPEDTAVYYCAADLGVGTQCDEYDYWGQGTQVTVSS
seq13378,QVQLQDSGGGLVQAGGSLRLSCAASGRTFSSGAMGWFRQTPGKEREFVAAINWSVGSTYYADSVKDRFTISRDKAKNTVYLQMNSLKPEDTAVYYCAADEADGPMAPYGFRGDYWGKGTLVTVSS
seq13379,EVQLVESGGGSVQAGGSLRLSCAASGVSNTDMIMIWFRQAPGKEREGVLAAIYKNSTYYADSVKGRFTISQDNAKNTVYLQMNSLKPEDTAIYYCAAIRAVIGRHIRPHIYWGQGTQVTVGG
seq13380,VHLMESGGGSVQAGGSLSLSCVVSGYTGSSRCMAWFRQAPGKEREAVAQIFTGRGTTGYADSVKGRFTISQDNAKNTVYLRMNSLRPEDTAIYYCAASLGPGRGACGYNYWGQGTQVTVSS
seq13381,QLQASGGGFVQPGGSLRLSCAASGAGWRAEAMGWFRQAPGKEREFVSAISSDGDHTIYYADSVKGRFTISRDNSKNTVYLQMNSLRAEDTATYYCAIMQTQMRRTSDYRFYWGQGTQVTVSS
seq13382,QLQLQESGGGLVQAGGSLGLSCAASGSIFRFGARGWYRQAPGKQRELVAIITSGGSTNYADSVQGRFTISRDNAKNMVYLQMNGLKSGDTAVYYCAADRSDAVGVGWDYWGQGTQVTVKP
seq13383,QVQLQESGGGLVQPGGSLRLSCEASPRTFSTYSMAWFRQAPGKERSFVAAINWSGGNTYYADSVKGRFTISRDNSKNTLYLQMNSLRAEDTAVYYCAAGGVLAHHNYEYDYWGQGTLVTVSS
seq13384,EVQLVESGGGLVQAGGSLRLSCVASGIPFRSRTMAWYRQAPGKTRDWVATIGTHGTPLYADSVKGRFTVSRDNAKNTLYLQMNSLKPEDTAVYYCWDVNGDYWGQGTQVTVSS
seq13385,EVQLVESGGGLVQPGGSLRLSCVASGRTSRISRMAWFRQVPGNERELVATMSSSGITSYAGSVKGRFTISRDNAKNTVDLQMNSLKPEDTAVYYCKYSSRWNIYWGQGTQVTVSS
seq13386,EVQLVESGGGLVQPGGSLRLSCAASGRTFSSFRFRAMGWFRQAPGKEREFVALIFSGGSTYYADSVKGRFTISADNSKNTAYLQMNSLKPEDTAVYYCAREWGRWLQRGSYWGQGTLVTVSS
seq13387,EVQLVESGGGLVQPGGSLTLSCVASGTTSSINAMGWYRRAPGKQRELVAGISSDGSKVYVDSVKGRFTISRDNAKNSVYLQMNSLRAEDTAVYYCYYFRFVSGSSMRYWGQGTLVTVSS
seq13388,QVQLQESGGGLVQAGGSLRLSCAASGITFSNNAGGWYRQAPGQQRELVARISSGGNTNYTDSVKGRFTISRDITKNTLSLQMNNLKPEDSAVYYCNAQRRVILGPRNYWGQGTQVTVSS
seq13389,EVQLVESGGGLVQAGGSLRLSCAASGRTFSVYAMGWFRQAPGKEREFVAAITWSGGETYYANSVKGRFTISRDNAKNTVYLQMSGLKPEDTAVYYCAADPSSDLVTVFGDSASWGQGTQVTVSS
seq13390,EVQLQASGGGLVQAGGSLRLSCSASVRTFSIYTMGWFRQAPGKEREFVAGINRSGDVTKYADFVKGRFSISRDHAKNMVYLQMNSLKPEDTALYYCAATWAYDTVGALTSGYNFWGQGTQVTVSS
seq13391,EVQLVESGGGLVQPGGSLRLSCAASGFTLDGYAIGWFRQAPGKEREGVSCSNKDGSTAYSDSVKGRFTISRDNAKNTVYLEMNGLKPEDAAIYYCATKSGRYCLSHMDYWGIGTLVTVSS
seq13392,GGLVQAGGSLRLSCAASGSIFNFNYMGWFRQAPGKEREFVAAIRWSGSSTYYADSVKGRFTISRDDAKNTVALQMNSLKPEDTAIYYCALRKGIPYSTSDRVIKGVNDYDYWGQGTQVTVSS
seq13393,DVQLQASGGGLVQAGGSLRLSCEFSGRTFSGFAMGWFRQFPGKEREFVAAINWSGSSVDYSDSVKGRFTISRDNVKSTMYLVMNSLKPEDTAVYYCAEARSAELGSSRKIQGYDQWGRGTQVTVSS
seq13394,EVQLVESGGGLVQAGGSLRLSCAASESISSIEQMGWFRQAPGKQRALVAINTYGGRTVYTNSVEGRFTMSRDSAKNMVYLQMTSLEPEDTAVYYCYAQTTAWRGGVWGQGTQVTVSS
seq13395,EVQLVESGGGLVQPGGSLRLSCAASGRTFGRRAMGWFRQAPGKERELVAAIRWSGKETWYADSVKGRFTISADNSKNTAYLQMNSLKPEDTAVYYCAAGNGGRTYGHSRARYEWGQGTLVTVSS
seq13396,EVQLVESGGGLVQAGGSLRLSCAASGFTFDDYAIGWFRQAPGKEPEGISCISSSGGITYYADSVKGRFTISRDNAKNTVYLQMNSLKPEDTAVYYCATPGIAACRGIHYTGQGTQVTVSS
seq13397,QVQLQESGGGLVQPGGSLRLSCAASGLTLTTYSTGWFRQAPGKEREFVGMLGWSGGGNTYYADSVKGRFTISRDNAKNMVFLQMSSLKPEDTAVYYCAARQPYRGSYSDPNNYHYWGQGTQVTVSS
seq13398,EVQLVESGGGLVQPGGSLRLSCAASGLGIAFSRRTMAWYRQAPGKQRDWVATIAGDGSTVYADSMKGRFTISRDNAKNTVYLQINSLKPEDTAVYYCWDVNRDYWGQGTQVTVSS
seq13399,EVQLVESGGGLVQPGGSLTLSCVASGSTSSINAVGWYRRAPGKQRELVAGISSDGSYVYSESVKGRFTISRDNAKNSVYLQMNSLRAEDTAVYYCYYFRTLAGSEMRYWGQGTLVTVSS
seq13400,EVQLVESGGGLVQPGGSLRLSCAASGFTFSTHWMGWFRQAPGKEREVVAVIYTSDGSTYYADSVKGRFTISADNSKNTAYLQMNSLKPEDTAVYYCAANEYGLGSSIYAYKWGQGTLVTVSS
seq13401,EVQLVESEGGLVQPGDSLKLSCVASGRTSSSYSMGWFRQAQGKEREFVVAISSGGYIYDSVSLQGRFTISRDNTKNTVYLQTPSLKPEDTAVYYCAASRAYGSSRLRLADTYDYWGQGTQVTVSS
seq13402,EVQLVESGGGLVQAGGSLRLSCAASGRSFNMNPLGWFRQSPGKEREFVAAHRWSDGNTYYVDSVKGRFTISRDNAKNTVYLQMNSLKSEDTAVYYCAAGRPWSAFRSPGEYVYWGQGTLVTVSS
seq13403,QVQLVETGGGLVQAGGSLRLSCAASGSTFSHNAGGWYRQAPEKQRELVAGISSDGNINYADSVKDRFTISRDNASNTMYLQMNNLKPEDTAVYVCNIRGSYGNTYYSRWGQGTQVTVSS
seq13404,QVQLQESGGGLVQPGGSLRLSCAASGSTFSISAVAWYRQAPGKRRELVAGISGGGVTNYPDSVKGRFTISRDNAKNTVYLQMSSLKPEDTAVYYCNLWPPRASPGGRVYWGQGTQVTVSS
seq13405,VQLVETGGGLVQAGGSLRLSCVVSSPLFNLYDMAWYRQAPGNQRELVAGILTDGRATYSDSVKGRFTISRNNLTNTVFLQMSSLKPEDTAVYYCNRKNSIYWDSWGQGTQVTVSS
seq13406,EVQLQASGGGLVQAGGSLRLSCAASGRTDSTQHMAWFRQAPGKEREFVTAIQWRGGGTSYTDSVKGRFTISRDNAKNTVYLEMNSLKPEDTAVYYCATNTRWTYFSPTVPDRYDYWGQGTQVTVSS
seq13407,EVQLVESGGGLVQAGGSLRLSCAASGFTFSDYDIGWFRQAPGKGREGVSGISSSDGNTYYADSVKGRFTISSDNAKNTLYLQMNSLKAEDTAVYYCAAEPPDSSWYLDGSPEFFKYWGQGTQVTVSS
seq13408,VQLQESGGGLVQAGGSLRLSCVASGSIRSINVMGWYRQAPGKQRELVAACASDGNTYYADSVKGRFTISRDNAEKTVYLQMNNLKPDDTAVYYCDANSRGNYYSGQGTQVTVSS
seq13409,QVQLVESGGGSVQAGGSLRLSCAASGANGGRSCMGWFRQVPGKEREGVSGISTGGLITYYADSVKGRFTISQDNTNNTLYLQMNSLKPEDTAMYYCATSRFDCYRGSWFNRYMYNSWGQGTLVTVSS
seq13410,DVQLVESGGDSVRAGGSLQLSCKASGYTYNSRVDIRSMGWFRQYPGKEREGVATINIRNSVTYYADSVKGRFTISQDNAKNTVYLQMNALKPEDTAMYYCALSDRFAAQVPARYGIRPSDYNYWGEGTLVTVSS
seq13411,EVQLVESGGGLVQPGGSLRLSCAASGRTFSYNPMGWFRQAPGKGRELVAAISRTGGSTYYPDSVEGRFTISRDNAKRMVYLQMDSLRAEDTAVYYCAAAGVRAEDGRVRTLPSEYTFWGQGTQVTVSS
seq13412,QVQLQESGGGSVQTGGSLRLSCAASTSIYSNNYMAWFRQAPGKGREGVAAVYIGDGRPYYADSAKGRFTISLDSAKNTVYLQMNSLKPEDTAMYYCAAAPGPLSRHYWYTSANYDYWGPGTQVTVSS
seq13413,KVQLVESGGGLVQAGGSLNLSCAAHGHTFSSYAMGWFRQAPGKEREFVAAINWSSRSTVYADSVKGRFTISRDNAKNTVYLQMNSLKPEDTAVYYCAAGTAYVNGVRRRKAEYDYWGQGTQVTVSS
seq13414,EVQLVESGGGLVQAGGSPRLSCAASGGTFSSYGMGWFRQAPGKEREFVAAISWSDSSTYYADSVKGRFTISRDNAKNTMYLQMNSLKPEDTAVYYCAAGSGILNSGSYYYPWVYEYWGQGTQVTVSS
seq13415,EVQLVESGGGVVQTGASLRLSCAASGRTFSNYAMGWFRQAPGKERERVAAITPRAFTTYYADSVKGRFTISRDNAKNTAYLQMVSLKPEDTALYYCAAQLVGSGSNLGRQESYAYWGQGTLVTVSS
seq13416,EVQLVESGGGLVQPGRSLTLSCAASTNIASISPMGWYRQAPGKQRELVAAIHGKSTLYADSVKGRFTISRDNAKNSIYLQMNSLRPEDTALYYCNKVPWGDYHPGNVYWGQGTQVTVSS
seq13417,RLSCAASGSIFSINAMGWYRQAPGKQRELVAAITSGGSTNYADSVKGRFTISRDNAKNTVYLQMNSLKPEDTAVYYCNARGPITVVRGVHYWGQGTLVTVSS
seq13418,QVQLVESGGGLAQAGGSLRLTCVASGNTSGINIMAWYRQTSGKQRELVANKARGGLPKYADSAKGRFTISRDNAKNTLYLQMNSLKPEDTGVYYCNALWDWALGEYWGQGIQVTVSS
seq13419,EVQLMESGGGLVTAGGSLRLSCAASGGTFGHYAMAWFRRPPGNEREFVAGIGWTYTTFYADSVKGRFAISRDNAENTVYLQMNNLKPDDTAVYYCAAAELKGRNLRVPDYEHWGQGTQVTVSS
seq13420,QVQLQQSGGGLVQAGGSLRLSCAASGRTFSSYAMGWFRQAPGKEREYVAAINRFGGTYYADFVKGRFTISRDNAKNTVYLQMNSLKPEDTAVYYCAASGILGLSTAREDYNYWGQGTQVTVSS
seq13421,EVQLVESGGGLVQPGGSLRLSCAASGSIFSINDMGWFRQAPGKQRELVADIISRGVTNYADSVKGRFTISGDPAKNTVYLQMNSLKPEDTAVYYCNAHISTGWGRPHNNYWGQGTQVTVSS
seq13422,QVQLQESGGGLVQPGGSLRLSCTPSGSIFSFDVMAWYRQAPGKRRELVAQHRTPGAIDYADPVRGRFTISRDAGDVLFLQMDSLKPEDTAVYFCNLRRWSYDYWGQGTLVTVSS
seq13423,VQLQESGGGLVQPGGSLKLSCAASGFTFNWYTMAWYRQVPGEERKMVATITGASGDTKYADSVKGRFTISRDNAKNTVTLQMNSLKPGDAAVYYCHAYLTYDSGSVKGVNYWGQGTQVTVS
seq13424,QVKLEESGGGLVQAGGSLRLSCRTSGRTNSVYTMGWFRQAPGKEREFVAQIMWGAGTNTHYADSVKGRFTISRDSAESTVYLQMNSLKPEDTAVYYCAANRGIPIAGRQYDYWGQGTQVTVSS
seq13425,QVQLQESGGGLVQPGGSLRLSCAASGSIRSINAMGWYRQAPGKQREFVARITTGGTIGYADSVKGRFTISRDNAKNTMYLQMNSLKPEDTAVYYCNADIGTWSSPYYYWGQGTQVTVSS
seq13426,EVQLVESGGGLVQAGGSLRLSCAASGRIFSLPASGNIFNLLTIAWHRQAPGKQRELVATINSGSRTNYADSVKGRFTISRDNAQKTVYLQMNNLKPEDTAVYYCQTSGSGSPNFWGQGTQVTVSS
seq13427,QVQLVQSGGGLVQAGGSLTLSCAASRSSGIDVMGWYRQAPGKERELVAEISGVGDTNYAASLADRFTVSRDNAKNTVYLQMKNLKPEDTAVYYCNAHSFLDLVGAWGQGTQVTV
seq13428,VQLQESGGGLVQAGGSLRLSCAASGRTVGSYSMGWFRQAPGKEREFVAAVIWSGASPYYADSVKGRFTISRDNAKNTVYLQMNSLKPEDTAVYYCAANPTYSGGWHAEYWGQGTQVTVSS
seq13429,QVQLVESGGGLVQPGGSLRLSCAASGRAFLTYAMGWFRQAPGKGLEFVAAISWSGSSTYYADSVKGRFTISRDNSKNTLYLQMNSLRAEDTAVYYCAAKVSGATRDHLMTTYDYWGQGTLVTVSS
seq13430,EVQLVESGGGLVQPGRSLTLSCAASTSDFSISPMGWYRQAPGKQRELVAAIHGFETLYADSVKGRFTISRDNAKNSIYLQMNSLRPEDTALYYCNKVPWGDYHPGNVYWGQGTQVTVSS
seq13431,GGGLVQPGGSLRLSCAASGRTFNVDAMAWFRQTRGKEREFVAAISRSGGSTYYADSVKGRFSISKDNAKNTMYLQMNSLKPEDTAIYYCAAAIYWRGSYYTEGNYDYWGQRTQVTVS
seq13432,VKLEESGGGFVQPGGSLRLSCAASGFSLHYYAIGWFRQAPGKEREWVSAISNIDDDTYYEDSVKGRFTISRDNAKNTAYLQMNNLKPEDTAVYYCAADKDVVVVRTGLSESDYWGQGTQVTVSS
seq13433,EVQLVESGGGLVQPGGSLTLSCVASGSTSSINAIGWYRRAPGKQRELVAGISSDGSKVYADSVKGRFTISRDNAKNSVYLQMNSLRAEDTAVYYCYYFRTVKGSSMRYWGQGTLVTVSS
seq13434,ESGGGSVQTGGSLRLSCEISGLTFDDSDVGWYRQAPGDECKLVSGILSDGTPYTKSGDYAESVRGRVTISRDNAKNMIYLQMNDLKPEDTAMYYCAVDGWTRKEGGIGLPWSVQCEDGYNYWGQGTQVTVSS
seq13435,QVQLQESGGGSVQAGGSLRLSCAASGYTYSSYSMGWFRQAAGKEREGVAAIDSDGSTSYADSVKGRFTISQDNAKNTLYLQMNSLEPEDTAMYYCAATAGWYAARHALSPLFFGYWGQGTQVTVSS
seq13436,EVQLVESGGGLVQAGGSLRLSCAASGRTGGTITMAWFRQAPGKEREFVAVISWGGITTSYADSVKGRFTISRDHAKNEQYLEMNSLKPEDTAVYFCTARAGSGLRTTINDYTYWGQGTQVTVSS
seq13437,DVQLVESGGGLVQPGGSLRLSCAASGFAFDDYAIGWFRQAPGEEREGVSSISSTYGLTYYADSVKGRFTISSDNSKNTVYLQMNSLRPEDTALYYCAATPIGLIGLDAYEYDYWGQGTLVQVSS
seq13438,EVQLVESGGGLVQAGGSLRLSCAASGFTFDDYAIGWFRQAPGKEREGVSCISSSHGSTFYADSVKDRFTISSDNAKNTVYLQMNSLKPEDTAVYYCAAALGGGSSWCTTYEYDAWGQGTQVTVSS
seq13439,EVQLVESGGGLVQPGGSLRLSCAASGFTFDDYPMGWFRQAPGKEREGVASVLRGGYTWYADSVKGRFTISADNSKNTAYLQMNSLKPEDTAVYYCAKDWATGLAWGQGTLVTVSS
seq13440,QVQLQESGGGLVQPGGSLRLSCAASGFTFSSYSLTWVRQAPGKGLEWVSTIKARGGTTLYADSVKDRFTISRDNAKNTLYLQMNSLKPEDTAVYYCAKPLYSNLAGDFGSWGQGTTVTVSS
seq13441,EVQLVESGGGLVQAGGSLRLSCAVSGGTFSTYKMGWFRQAPGKEREIVARISTNGPTAYAEFVKGRFTVSRENTKNTVYLQMNSLNIEDTAVYYCAAGYDSLFAGYDYWGQGTQVTVSS
seq13442,QVQLQESGGGSVQAGGSLRLSCVASGYSVSKNSMGWFRQAPGKEREGVAGINEGGTATYYANSVKGRFTISQDNARNTVYLQMNTLKPEDTAIYYCAAGSPDPPPLIESVVKYWGQGTQVTVSS
seq13443,QVQLVESGGGLVEPGGSLRLSCAASGIIFKINDMGWYRQAPGKRREWVAASTGGDEAIYRDSVKDRFTISRDAKNSVFLQMNSLKPEDTAVYYCTAVISTDRDGTEWRRYWGQGTQVTVS
seq13444,DVQLVESGGGLVQPGGSLRLSCAASGSTFSINAVAWYRQAPGKRRELVAGISGGGVTNYADSVKGRFTISRDNSKNTVYLQMSSLRPEDTAVYYCNLWPPRASPGGRVYWGQGTLVTVSS
seq13445,EVQLVESGGGLVQAGGSLRLSCEASISTFSSDAMGWFRQAPGKEREFLAAIGWSGAVTHYSDSVQGRFTISRDNAKNTVYLQMNSLKSEDTGRYYCAEDYDTDVWQYWGQGTQVTVSS
seq13446,QVQLQESGGGLVQAGDSLRLSCAVSGGTFGRVGVGWFRQAPGKEREFVAAVNWSGISTYYADSVKGRFTISRDNNKDTVDLRMYSLKPEDSAVYFCATDFRFNAPMSGNEYDYWGQGTQVTVSS
seq13447,EVQLVESGGGLVQAGGSLRLSCAASGRTFSSYAMGWFRQAPGKEREFVAAISSSGSSTVYADSVKGRFAISRDNAKNTVYLQMNSLKPEDTAVYYCAAGNGGRNYGHSRARYDYWGQGTQVTVSS
seq13448,QVQLVESGGGLVQPGGSLRLSCAASGFTFSTSTMMWVRRAPGKGLEWVSGIHNDGGPIAYADSVKGRFTISRDNAKNTLYLQMTSLKSEDTALYYCARGWYFSGDYVPMTQGTQVTVSS
seq13449,EVQLVESGGGLVQPGGSLTLSCVASGSTSSINAMAWYRRAPGKQRELVAGISSDGSKVYADSVKGRFTISRDNAKNSVYLQMNSLRAEDTAVYYCYYFKTVSGSSMRYWGQGTLVTVSS
seq13450,QLQVVESGGGLVQPGGSLRLSCAASGFTFDDYGMSWVRHSPGKGLEWVSTISWNGGVTYYAASVKGRFTISRDNAKNTVYLQMNSLKPEDTAVYYCAKEIITVQALRAAIAFDSWDQGTQVTVSS
seq13451,QVQLVESGGGLVQPGGSLRLSCVASGSGFGINGVIWYRQAPGKQRELVALIKSDGYTNYRESVKGRFTISRDDAKNTVWLQMNALEPEDTGVYYCKTPGVPFGQGTQVTVSS
seq13452,EVQLVESGGGLVQAGGSLRLSCAASGRTFSGVDVAWFRQAPGKEREFVAALAWSGIRTYYAVSVKGRFTISRGDPNDTVYLQMTSLKPEDTAVYYCATGRASRTSDYYTDRIYDSWGQGAQVTVSS
seq13453,EVQLVESGGGSVQAGGSLRLSCTASGRPFNNYAMAWFRQAPGKEREFVAAINWSLSRTHYADSVKGRFTISRDNAKNTAFMQMSSLKPEDTAVYYCAAAPRPKCVSVRYFSTSSNYDYWGQGTQVTVSS
seq13454,EVQLVESGGGLVQPGRSLTLSCAASTNIMSISPMGWYRQAPGKQRELVAAIHGNSTLYADSVKGRFTISRDNAKNSIYLQMNSLRPEDTALYYCNKVPWGDYHPGNVYWGQGTQVTVSS
seq13455,EVQLVESGGGLVQTGGSLRLSCAVSGRTFSSYHMGWFRQAPGKEREFVADISRSGGTTDYADSVKGRFTISRDNAKNTVYLQMNSLKPEDTAVYHCAATTRTYYAGGVYDYWGQGTQVTVSS
seq13456,EVQLLESGGGLVQPGGSLRLSCAASGRTFNNYNMGWFRQAPGKGREFVAAVSRSGVSTYYADSVKGRFTISRDNSKNTVYLQMNSLRPEDTAVYYCAAAYRGTAINVRRSYDSWGQGTLVTVSS
seq13457,QAQLVESGGGLVQAGGSLRLSCVVSGRTFSHYAMGWFRQPPGKEREFVAAITESPDSTIYADSVKGRFTISRDGAVNTVYLKMNNLKPEDTAVYYCAAARSTLRWPFRGQGQYDYDYWGQGTQVTVSG
seq13458,EVQLVESGGGLVQAGDSLRLSCIASGRTFTMGWFRQAPGKEREFVAAISWSGGRTYYADSVKGRFTISRENAKNTVYLQMNSLKPEDTAVYCCATENLASSGSAYSDDRYNACGQGTQVTVSS
seq13459,VHLVDSGGGLVQPGGSLRLSCAASGSITSRNTMGWYRQVPGKQRELVALIATFVTHYADSVKGRFTISRDNARKMVFLEMNSLQPEDTGAYYCYVDVSPYWGRGTQVTVSS
seq13460,QVQLQESGGGLVQAGDSLRLSCAVSGGTFGRVGVGWFRQAPGKEREFVAAVNWSGISTYYADSVKGRFTISRDNNKDTVDLRMNSLKPEDSAVYFCATDFRFNAPMSGNEYDYWGRGTQVTVSS
seq13461,QVQLQQSGGGLVQAGGFLRFSCAASGTTFSIYSMGWYRQAPGKQRELVAAISSGGSTNYADSVKGRFTISRDNAKNTVYLQMNSLKPEDTAVYYCAATNLVGVTFWGQGTQVVVFS
seq13462,QVQLVESGGGLVQAGGSLRLSCAASGSSFSSYTMGAIRWSDESPIYAGSVKGAIRWSGESPYYADSVKGRFTISRDNAKNTLYLQMHSLKPEDTAVYYCAARLVPPGIPIERALENMNYWGKGTLVTVSS
seq13463,EVQLVESGGGLVQAGGSLRLSCAASGMTTIGPMGWYRQGPGKQRELVARITGGGSTNYVDSAKGRFTISRDNAKNAVYLQMNNLKLDDTAVYYCNAYGSGSDYLPIDYWGQGTQVTVSS
seq13464,EVQLVESGGGLVQAGGSLRLACAGSGRIFAIYDMAWYRQAPGNQRELVATIRPVVSETTYADAVKGRFTISRSNAMKTVYLQMNSLKSEDTAIYYCNAKRPWGTRDEYWGQGTLVTVSS
seq13465,VQLQQSGGGLVQPGGSLRLSCAASAMTFSIRAWAWYRQAPGKQRELVASIGTGDITNYADSVKGRFTISRDNAKNTFYLQMNSLKPEDTAVYYCNGYRSTYAWGQGTQVTVSS
seq13466,VQLVESGGGLVQAGGSLRLSCAASGFTFDDYAIGWFRQAPGKEREGVSCISSSDGSTYYTDSVKGRFTISSDNAKNTVYLQMNSLKPEDTAVYYCAADTTFFGCSLNRDYDYWGQGTQVTVSS
seq13467,EVQLVESGGGLVQPGGSLRLSCAASGFTFDDYGMSWVRQACGKALEWVSAISWNGNNTYYTESMKGRFTISRDNAKNTLYLQMNSLRPEDTAVYYCVKGSTAIVGVPPTYPDEYDYWGQGTLVTVSS
seq13468,QVQLQESGGGLVQAGGYLRLSCAASGFSSDDYTIGWFRQAPGKEREGISCYSSSDGSTGFADSVKGRFTISSDNAKNTVYLQMNNLRPEDTAVYYCAADSNVWSPPICGSRWYGPPPGGMAYWGKGTQVTVSS
seq13469,EVQLVESGGGLVQPGGSLKLSCAASGGFFSIDAMGWYRQAPGKQRELVAAITSGGNTNYADSVKGRFTISRDNAKNTVYLQMNSLKPEDTAVYYCNTEGREARNHGLYEYHSWGQGTQVTVSS
seq13470,EVQLVESGGGLVQAGGSLRLSCAASGRTFSINALGWFRQAPGKEREFVAAVNWSGGNTYYADSVKGRFTISKDNAKNTVYLQMNSLKPDDTAVYYCAADEYGGISVDFGSWGQGTRVTVSS
seq13471,EVQLVESGGGSVQAGGSLRLSCAASGANGGRSCMGWFRQVPGKEREGVSGISTGGLITYYADSVKGRFTISQDNTKNTLYLQMSSLKPEDTAMYYCATSRFDCYRGSWFNRYMYNSWGQGTQVTVSS
seq13472,EVQLVESGGGLVQTGDSLRLSCAASGGTFSTYVMGWFRQAPGKEREFVSAISQNSIHTYYANSVKGRFTISRDNDKNTVYLQLNSLKPEDTAVYYCAASRFTSWYTADYEYDYWGQGTLVTVSS
seq13473,VKLEESGGGLVLPGGSLRLSCAASGSISSIYAMGWYRQAPGKQREVVAVITNGNSPNYADSVKGRFTISRDNAKNTVYLQMNSLKPEDTAVYYCNVEGVRYGDSWYDGDYWGQGTQVTVSS
seq13474,EVQLVESGGGLVQPGGSLRLSCAASGRTFSSYAMGWFRQAPGKEREFVVAINWASGSTYYADSVKGRFTISRDNSKNTLYLQMNSLRAEDTAVYYCAAGYQINSGNYNFKDYEYDYWGQGTLVTVSS
seq13475,EVLVESGGGLVQAGGSLRLSCAASGRTFSNDLISWFRQAPGKERDFVAGVAFYGDDTYYADSVKGRFTISRENAKNRVYLQMDNLKSEDTGVYYCASSSRASVIQNPLGYDYWGQGTKVTVSS
seq13476,QVKLEESGGRLVQAGGSLRLSCIASGRTISDYAAGWFRQAPGKEREFLASVSWGFGSTYYADSVKGRFTISRDTAKDTVYLQMNTLEPDDTSVYYCASSPRYCAGYRCYATASEFDSWGQGTQVTVSS
seq13477,SVKAGGSLTLSCKVSAFADSIRCLAWFRQASGKDRDFIAALHTGRHNTYYDDDVKGRVTVSLDSTGAIVSLQVNTLEPADSGMYYCAFVYGYYNKPCARASSEYEYWGQGTQVTVSS
seq13478,EVQLVESGGKVVQPGGSLRLSCSASGRTFSFSTSTMGWFRQAPGKELEFVAAIDWSDFNTYYADSVKGRFTISRHNPRNSVYLQLNSLKPEDTAVYYCAAHSETRGGTRYFDRPSLYNYWGQGTLVTVKS
seq13479,EVQLVESGGGLVQAGGSLRLSCAVNSRTFSSYGMGWFRQAPGKEREFVATINWSGATAYADSIKGRFTISRDNAKETVYLQMNSLKPDDTGVYYCAAETYGSGSSLMSEYDYWGQGTQVTVSS
seq13480,QVQLVESGGGSVQPGGSMKLSCAFPRSIFSNNARAWYRQAPGKQRELVARISSGGITNYADSVKGRFTISRDNAKNTIHLQMNKLKPEDTATYYCNVRRWTKDYWGQGIQVTVSS
seq13481,EVQLVESGGGLVQPGGSLRLSCAASGFTFDDYGMSWVRQAPGKACEWVSAISWNGNNTYYTESMKGRFTISRDNAKNTLYLQMNSLRPEDTAVYYCVKGSTAIVGVPPTYPDEYDYWGQGTLVTVSS
seq13482,QVTLKESGGGTVQAGGSLRLSCTASRRTDRAYAMAWFRQAPGKERDVVAVISWSGGNQYYVDSVEGRFTISRDNAKSTVYLQMNSLKPEDTAVYYCAARRGYDSGIYSSGRYDYWGQGTQVTVSS
seq13483,EVQLVESGGGLVQPGGSLRLSCAASGRAHSDYAMAWFRQAPGQEREFVAGIGWSGGDTLYADSVRGRFTISRDNSKNTLYLQMNSLRAEDTAVYYCAARQGQHIYSSMRSDSYDYWGQGTLVTVSS
seq13484,DVQLQESGGGLVQAGDSLRLSCAASGATLSSYTIGWFRQAPEKEREFVAGSSRDGRTNYYANSVKGRFTISRDNAKNTVYLQMNSLKPEDTAVYYCAAHTTSGVPVREHSYAYWGQGTQVTVSS
seq13485,QVQLQESGPGLVKPSQTLSLTCTVSGGSIKTNYYYWSWIRQPPGKGLEWMGAIAYSGSTYYSPSLKSRTSISRDTSKNQFTLQLSSVTPEDTAVYYCARMDYKLGATDVYDYWGQGTQVTVSS
seq13486,QVQLVESGGGLVQPGGSLRLSCAASGFPFHAYYMSWVRQAPGKGLEWVSHIGNGGIITRYADSVKGRFTISRDNAKNTLYLQMTNLKPEDTALYYCTLGTRDDLGPERGQGTQVTVSS
seq13487,LQESGGGLVRPGGSLRLSCVASGPIFSPNTMGWFRQAPGKERELVATITYGGGTTYADSAKGRFTISRDNTKKMMSLQMNSLKPEDTAVYYCNLWSQWQSETYWGQGTQVT
seq13488,QVQLVESGGGLVQPGGSLRLSCTGSGHSFSTYTVGWFRQAPGEERKFVASISWSGEVTLYGDSVKGRFTISRDNRKKTVYLQMHSLKPEDSAIYYCAAKRGGRPTDSSDDYFYWGQGTQVTVSS
seq13489,QVKLEESGGGLVQPGGSLRLSCAASGFTFSNFAMTWVRQSPGKGLEWVSAIDNDGGRTSYSDSVKGRFTISRDNAKNTLYLQMNSLKPEDTAMYYCAAMNLATRKWELWGQGTQVTVSS
seq13490,EVQLVESGGGLVQPGGSLRLSCAASGNIFSDNIIGWFRQAPGKEREMVAYYTSGGSIDYADSVKGRFTISADNSKNTAYLQMNSLKPEDTAVYYCARGTAVGRPPPGGMDVWGQGTLVTVSS
seq13491,EVQLVESGGGLVQPGGSLRLSCAASGFTFSSYAMSWVRQAPGKELEWVSGINSGGDRTVNADSVKGRFTVSRDNAKNTLYLQMNSLKPEDTALYYCAKSIPPTDDRNYWGQGTQVTVSS
seq13492,SGGGLVQPGGSLRLSCAAPESIVNSRTMAWYRQAPGKQRERVATITTAGSPNYADSVKGRFAISRDNAKNTVYLQMNSLKPEDTAVYYCNTLLSTLPYGQGTQVTVSS
seq13493,EVQLVESGGGLVQPGGSLRLSCAASGGTFSADVMGWFRQAPGKEREFVAAISTGSITIYADSVKGRFTISADNSKNTAYLQMNSLKPEDTAVYYCATYGYDSGLYFITDSNDYEWGQGTLVTVSS
seq13494,VQLQESGGGSVQAGGSLRLSCAASGYTYNKYSWGWFRQAPGKEREGVAGIDSDGSTSYADSVKGRFTISKDNTKNTLYLQMNSLKPEDTAMYYCAASDWVSAIQALGVLAVRPYEYWGQGTQVTVSS
seq13495,EVQLLESGGGLVQPGGSLRLSCVHSGPTFRTDTMGWFRQAPGKGREFVAAVTWNSGRINYADSVKGRFTISRDNSKNAAYLQMNSLRPEDTAVYYCAAHRFVVGGNRVEDWRYWGQGTLVTVSS
seq13496,LQESGGGSVQAGGSLRLSCVASGTIHSIVDMAWYRQFPGKQRELVAARNSGGNTNYVDSVKGRFTISRDDAKNTIYLQMNSLKPEDTAVYYCNARIRRHESGYAYDSWGQGTQVT
seq13497,EVQLVESGGGLVQPGGSLTLSCAASGSSVRFLSMAWYRQAPGKKRELVAGISNDGSTDYIDSVKGRFTISRDNAKNSVYLQMNSLRAEDTAVYYCYAYRWKTRYTYWGQGTLVTVSS
seq13498,EVQLVESGGGLVQPGGSLRLSCAASGFTFDDYGMSWVRQAPGKGLEWVSAISWNGGSTYYTESMKGRFTISRDNAKNTVYLQMNSLKPEDTAVYYCVKGSTAIVGVPPTYPDEYDYWGQGTQVTVSS
seq13499,QVQLQESGGGLVQAGGSLRLSCTASGSDFSISDIGWYRQAPGKQREFIAAVGRGGYTNIAASVMGRFTISRDNAKNTVNLQMNTLKPEDTAVYSCAAAPRYGRGRLDDITRYTYWGQGTQVTVSS
seq13500,EVQLVQSGGGLVQAGDSLRLSCAASGRALTGYHMAWFRQAPGKEREFVTYGIWDRAGAAYADSVKGRFTMSRDNAKNTVYLQMNNLKTEDTAVYYCAASMAVRTYYSPRSYDSWGQGTQVTVSS
seq13501,VQLQESGGGLVQAGGSLRLSCVASGHTFSSYTMGWFRQAPGKEREFVAFIDWSGGGTYYANSVKGRFTISRDNAENTVYLQMNNLKPEDTAVYYCAAAQRLGSVTDYTKYDYWGQGTQVTVSS
seq13502,MAESGGGSVQTGGSLRLSCAYTASSVCMAWFRQAPGKEREGVAVTREGLTKTGYADSVKGRFAISQDYAKKTLYLQMSSLKPEDTARYYCAARPTSPCTVDGELLASTYNYWGQGTQVTV
seq13503,EVQLVESGGGLVQPGGSLRLSCAASGFTFDDYGMGWFRQAPGKERELVATITWSGDSTYYADSVKGRFTISADNSKNTAYLQMNSLKPEDTAVYYCAKGGSWYYDSSGYYGRWGQGTLVTVSS
seq13504,EVQLVESGGGLVQPGGSLRLSCAATGFTLENKAIGWFRQTPGSEREGVLCISKSGSWTYYTDSMRGRFTISRDNAENTVYLQMDSLKPEDTAVYYCATTTAGGGLCWDGTTFSRLASSWGQGTQVTVSS
seq13505,EVQLVESGGGLVQPGGSLRLSCAASGSIFSDNVMGWYRQAPGKQRELVATIWSSGHTNYADSVKGRFTISRDNAKNTVYLQMNSLKPEDTAVYYCNLGTIVTGTWRSDYWGQGTQVTVSS
seq13506,QVKLEESGGGLVQPGGSLRLSCAASGRTLSSYIVAWFRQAPGKEREFVCGISRRGGNSAYVESVKGRFTCSRDNAKNTVYLQMNSLKPEDTAVYYCAADGSVAGWGRRSVSVSSYDYWGQGTQVTVSS
seq13507,EVQLVESGGGLVQALSGRSDNHGGSLRLSCAASGSIASIHAMGWFRQAPGKEREFVAVITWSGGITYYADSVKGRFTISRDNAKNTVYLQMNSLKPEDTAIYYCAGDKHQSSWYDYWGQGTQVTVSS
seq13508,EVQLVESGGGLVQPGGSLRLSCAASGFTLSSNWMGWFRQAPGKERELVAGVNSNGYINYADSVKGRFTISADNSKNTAYLQMNSLKPEDTAVYYCAADVWYGSTWRNWGQGTLVTVSS
seq13509,QVQLQESGPGLVKPSQTLSLTCTVSGGSITTRYYAWSWIRQPPGKGLEWIGVIDYDGDTYYSPSLKSRVTISWDTSKNQFSLQLSSVTPEDTAVYYCARDPDVVTGFHYDNWGQGTLVTVSS
seq13510,EVQLVESGGGLVQAGGSLRLSCAASGRTGSTFVMGWFRQAPGKEREFVAAITLSRGYTAYAESVKGRFTISRDSAKNTAYLQMNSLKPEDTAVYYCAANLDLYRGSDRGRYPYWGQGTQVTVSS
seq13511,QVQLVESGGGSVQAGGSLTLSCTVSGYDFNRCSMNWYRENPGKEREFVAGIDSDGTTTYADSVKGRFTISHDNTRNTLYLQMNSLKSEDTALYYCRLGGLRTWPQYGYRGQGTQVTVSS
seq13512,LQESGGGLVQAGGSLRLSCASSARTFTSYDMGWFRQAPGKERELVAAINWSGETTYYADSVKGRFTISRDNTKDTVYLQTNNLKPEDTAVYYCAAHYGSRWKSVSVENYTYWGRGTQV
seq13513,VQLQESGGGLVEAEGSLRLSCAASGRTFGSYAMGWFRQAPGKSRELVAAISSGGTTYYADSVKGRFTISRDNARNTVYLQTNSPKPEDTAVYYCAARTGSAYYTNRIDWPYWGQGTQVTVSS
seq13514,QVKLEESGGGLVQPGGTLRLSCAASGSIRSIGDMEWYRQAPGQQRELVASISAGPEMRSAGTPTYAKSVEGRFTISRDNIKNMMWLQMNSLRPEDTAVYSCNADVLTYYNGRYSRDVYWGQGTQVTVSS
seq13515,QVQLQESGGGSVQAGGSLRLSCAASGYTYSSYCMGWFRQAPGKEREGVATIDSGSGRTYYADSVKGRFTISRDNAKDTVYLLMNNLKPEDTAIYYCAAVGANSGGLWSSCGYCYGGLCGDDFGYWGQGTQVTVSS
seq13516,QVQLVESGGGSVQAGGSLRLSCAASRATYSTNYISWFRQAPGKEREAVATITTGDGETAYADSVKGRFTISRDNAKNTVYLQMNSLKPEDTAMYYCAANLRIGGDWFDGRDFRAWGQGTQVTVSS
seq13517,EVQLLESGGGLVQPGGSLRLSCAASGRTFNNYAMGWFRQAPGKEREFVAAITRSGVRSGVSAIYGDSVKDRFTISRDNAKNTLYLQMNSLRPEDTAVYYCAASAIGSGALRRFEYDYSGQGTLVTVSS
seq13518,EVQLVESGGGLVQAGGSLRLSCVVSGGTFNVYAMGWFRQAPGRLREIVAAISRTGSSIYYADSVKGRFTISRDDAKKTVYLQMNSLKSEDTAVYYCAVDGRANGERPAVAGYNYWGQGTQVTVSS
seq13519,EVQLQASGGGLVQAGDSLRLSCAASGRTFSSYHMGWFRQAPGKEREFVAAINWSGDTTYYEASVKGRFTISRDNAKNTMYLQMNSLKPEDTAVYRCAAQTRPRPYGTSRAEGDYGYWGQGTQVTVSS
seq13520,EVQLVESGGGLVQAGGSLRLSCAASKGAFNINVMAWYRQAPGKQRELVARVALGGTTDYADSVKGRFTISRNNAQDTVYLQMNSLKPEDTAVYYCNVLLDRGVRGSYAYWGQGTQVTVSS
seq13521,QVRLVESGGGLVQAGESLRLSCAASGRPFSINTMGWYRQAPGKQRELVASISSSGDFTYTDSVKGRFTISRDNAKNTVYLQMNSLKPEDTAVYYCNARRTYLPRRFGSWGQGTQVTVSS
seq13522,EVKLVESGGGLVQPGGSLRLSCAASGSIFRFNGVDWYRQAPGAEREWVAGFGSGGTTNYADSVKGRFIVSRDNAENTVFLQMNSLKPEDSAVYFCAASIEGVSGRYYGQGTQVTVSS
seq13523,QVRLVESGGGLVQAGDSLRLSCAASGRTLSSYAMGWFRQAPGKEREFVAATTWRDTSTYYADSVKGRFTISRDNAKNTVYLQMNSLKPEDTAAYYCAAEEPSKYSGRDYYMMGDSYDYWGQGTQVTVSS
seq13524,EVQLVESGGGLVQPGRSLTLSCAASTNIFSNSPMGWYRQAPGKQRELVAAIHGFSTLYADSVKGRFTISRDNAKNSIYLQMNSLRPEDTALYYCNKVPWGDYHPGNVYWGQGTQVTVSS
seq13525,DVQLQESGGGLVQAGGSLRLSCAASQFTLESYAIGWFRQAPGKDSEGVACISSSTYYADSVKGRFTISRDNAKNTVYLQMNSLKPEDTAVYHCATSGAGSYCTLRAFGSWGQGTQVTVSS
seq13526,EVQLVESGGGLVQAGGSLRLSCAASGGTFSSYAMGWFRQAPGKEREFVAAINWSGSITYYADSVKGRFTISADNAKNTVYLQMNSLKPEDTAVYYCAVGRSGRDYWGQGTQVTVSS
seq13527,QVQLQESGGGLVQAGGSLRLSCEASGSVSAIETMGWYRQAPDEQRTFVAVISTGGTTKYAPSVKGRFTISIDNAKSTVTLQMNSLKPEDTAVYYCAADWRTILGWKTREPNYFGQGTLVTVSS
seq13528,EVQLVESGGGLVQAGGSLRLSCAASGFTFSDYDIGWVRQAPGKGREGVSGISSSDGNTYYADSVKGRFTISSDNAKNTVYLQMNSLRPEDTAVYYCAAEPPDSSWYLDGSPEFFKYWGQGTLVTVSS
seq13529,EVQLVESGGGSVQAGGSLRLSCAASGVSNTDMIMIWFRQAPGKEREGVLAAIYKNSTYYADSVKGRFTISQDNAKNTVYLQMNSLKPEDTAIYYCAAIAFNGHNHPILTIYWGQGTQVTVGG
seq13530,VQLQESGGGLVQPGGSLRLSCAASGRTFSSYAMGWFRQAPGKEREFVAAIRWSGGYTYYTDSVKGRFTISRDNAKTTVYLQMNSLKPEDTAVYYCAATYLSSDYSRYALPQRPLDYDYWGQGTQVTVSS
seq13531,EVQLVESGGGLVQPGGSLRLSCAASGFTFDDYAIGWFRQAPGKEREGVSCISSSDGRTYYDDSVKGRFTISSDNAKNTVYLQMNSLKPEDTAVYYCAADRLAYGLDPNFYDYWGQGTQVTVSS
seq13532,EVQLVESGGGLVQAGGSLRLSCAASGRTFSSSVMGWFRQAPGKEREFVAAISGSGSSTDSAQGRFTISRDNAKNTVYLQMNSLKPEDTAVYYCAAGRAFLARDTFYYDIWGQGTQVTVSS
seq13533,EVQLVESGGGLVQPGGSLRLSCIASGLPFSTKSMGWFRQAPGKGREFVARISPGGTSRYYGDFVKGRFTISRDNAKNTTWLQMNSLKAEDTAVYYCASGERSTYIGSNYYRTNEYDYWGTGTLVTVSS
seq13534,QVQLQESGGGLVQAGGSLRLSCAVSGNTLSRYAMGWFRQTPGKEREFVAAIRWNNGATYYADAVEGRFTISRDTGKNTVYLQMNNLKPEDTAVYYCAGRFLGYASSNAYHEALYNYDYWGQGTQVTVSS
seq13535,SGGGLVQAGGSLRLSCAASGSIFSINAMGWYRQAPGKQRELVAAITSGGSTNYADSVKGRFTISRDNAKNTVYLQMNSLKPEDTAVYYCNADYEDRDSPFNGSWGQG
seq13536,VQLVESGGGLVHPGGSLRLSCAASGSFSSINVMGWYRQAPGKERELVARITNLGLPNYADSVTGRFTISRDNAKNTVYLQMNSLKPEDTAVYYCYLVALKAEYWGQGTQVTVS
seq13537,EVQLVESGGGLVQPGGSLRLSCAASGRTFSNNVMGWFRQAPGKEREFVAAISSSATTLYADSVKGRFTISADNSKNTAYLQMNSLKPEDTAVYYCAQKDTALKVWGQGTLVTVSS
seq13538,AVQLVESGGGLVQAGGSLRLSCAASGRTFSTYTMAWFRQAPGKEREFVQGISRSDGGTYDADSVKGRFTISRDNAKNTVYLQMNSLKPEDTAVYFCAAANEYWVYVNPNRYTYWGRGTQVTVSS
seq13539,EVQLVESGGGVVQPGGSLRLSCAASGGTFSTYVMGWFRQAPGKEREFVAAISQNSIHTYYANSVKGRFTISRDNSKNTVYLQMNSLRPEDTALYYCAASRFTSWYTADYEYDYWGQGTLVTVSS
seq13540,EVQLVESGGGLVQAGGSLRLSCAASGGIFGINAVAWYRQAPGKERDWVALIVGEAITRYTDSVSGRFTISRDNAKNTVYLEMNSLKPDDTAVYYCRVVDPLRGKLYWGQGTQVTVSS
seq13541,EVQLVESGGGLVQAGGSLRLSCAASGRTFSNYAMGWFRQAPGKEREFVGAINWSGGSTIYADSVKGRFTISRDNAENTVYLQMNSLRPEDTAVYYCAAGNGGRNYGHSRARYEYWGQGIQVTVSS
seq13542,EVQLVESGGGLVQPGGSLRLSCAASGRNLRMYRMGWFRQAPGKEREFVAAVNWNGDSTYYADSVKGRFTISADNSKNTAYLQMNSLKPEDTAVYYCAANWKMLLGVENDWGQGTLVTVSS
seq13543,QVQLQQSGGGLVQAGGSLRLSCAAPGSINSINVMEWYRQAPGKERDLVAGITSDGDTNYVDSVPGRFTITRDNTMRTVDLQMNNLKADDTAVYYCRARDWGSLTDYWGQGTQVTVKP
seq13544,EVQLVESEGGLVQAGGSLRLSCARSGHAFTSYPMGWFRQAPGKEREFVAAISMSGDDTIYRDFVKGRFTISRDNARNTVYLHMTSLKPEDTAVYYCAARTSYDGRYDYIDDYSYWGQGTQVTVSS
seq13545,EVQLVESGGGEVQPGGSLRLSCAASGSDFSINAIGWYRQPPGKQRDMVAGFTGDGVTTYAESVKGRFTISRDNAKNTVYLQMSSLRAEDTAVYYCAADVKIGGDYEWFWGQGTLVTVKP
seq13546,EVQLVESGGGLVQAGGSLRLSCAAYGLTFWRAAMAWFRRAPGKERELVVARNWGDGSTRYADSVKGRFTISRDNAKNTVYLQMNSLKPEDTAVYYCAAVRTYGSATYDIWGQGTQVTVSS
seq13547,QVQLVESGGGLVQPGGSLRLSCAASGRSFNNNAMAWFRQTPGKGLEFVAAITWVGSGTYYADSVKGRFTISRDNSKNTLYLQMNSLRAEDTAVYYCAARQYPFSIIGYNSKDAWNYWGQGTRVTVSS
seq13548,LQESGGGLVQPGGSLRLSCVASGTIFSINDLGWYRQAPGKERELVAAITADGTSAYEDSVKGRFIISRDDAKKMVYLQMNNLKPEDTAVYYCNGLRASNAGWEPRFGTWGQGTQVT
seq13549,EVQLVESGGGLVQPGGSLRLSCAASGRDFRVKNMGWFRQAPGKEREFVARITWNGGSAYYADSVKGRFTISADNSKNTAYLQMNSLKPEDTAVYYCAARILSRNWGQGTLVTVSS
seq13550,QVQLVESGGGSVQAGGSLILSCTDSEAAYTRNCMGWFRQAPGKEHEGVAALPYGDGPTYYDDDVRGRFTISRDNAKNTLYLTMKDLEPEDTAMYYCAAKQGPFCGTWYLWRTFAAWSQGTQVTVSS
seq13551,EVQLVESGGGPVQAGDSLRLSCAASGRTYRGYSMGWFRQVPGKEREFVAAIVWTDGNTYYEDSVKGRFTISRDITKNTMYLHMTSLKPEDSATYYCAAKIRPYIFKIAGQYDYWGQGTQVTVSS
seq13552,EVQLVESGGGLVQPGGSLRLSCAASGLSFSNYAMGWFRQAPGKERELVAAITSGGSTDYADSVKGRFTISADNSKNTAYLQMNSLKPEDTAVYYCARGDWRYGWGQGTLVTVSS
seq13553,EVQLVESGGGLVQPGGSLTLSCAASGSSVRFLSMAWYRQAPGKKRELVAGISRDGSTDYIDSVKGRFTISRDNAKNSVYLQMNSLRAEDTAVYYCYAYRWITRYTYWGQGTLVTVSS
seq13554,EVQLVESGGGLVQAGASLRLSCAPSVRSLSTYVMAWFRQAPGKEREFVGTINWSSITNYADSVKGRFAISRDNDKNTVYLQMNNLKPEDTAIYYCATGPNGRDPGRATSYDYWGQGTQVTVSS
seq13555,EVQLVESGGGLVQPGGSLTLSCVASGTTSSINAIGWYRRAPGKQRELVAGISSDGSEVYTDSVKGRFTISRDNAKNSVYLQMNSLRAEDTAVYYCYYFRTVDGSPLRYWGQGTLVTVSS
seq13556,QVQLQASGGGLVQAGGSLRLSCAASGRTFNSYAWGWFRQAPGKERGFVARITFSGGHTYYSDSVKGRFTISRDNAKNSVYLQMNSLKPEDTAVYYCAADPTPYGLRNERNYHYWGQGTQVTVSS
seq13557,VQLQESGGGLAQAGGSLRLSCAASGFTFDQYTIAWFRQAPGKEREGVSCISNTDSSTYYADSVKGRFTISSDNAKNTVYLQMSSLKPEDTAVYYCAADGNVWSPPICGSAGPPPGGMDYWGKGTQVTVSS
seq13558,QVQLQESGGGLVQPGGSLRLSCAASGFSLRYFGIGWFRQVAGKEREPVSCSNVRDGNTYYADSVKGRFTISRDNVRNTLYLQMNSLKPEDTAVYSCATTDCEATTWGTYRGYFGQGTQVTVSS
seq13559,QVQLQESGGGLVQAGGSLRLSCAASGSDFRYNAMAWYRQAPGKQRKLVATITYTYRTNYADSVKGRFTISRDNARGTVYLQMNSLKPEDTAVYYCAAARSLELTPTSYDYWGQGTQVTVSS
seq13560,VKLQESGGGLVQPGGSLRLSCTASRSIFTRAMAWYRQAPGKQRELVAAIDSGDRTHYADSVKGRFTISRNNAKDTLYLQMNSLKSEDTAVYYCNANLGALLDYWGQGTQVTVSS
seq13561,QVQLQESGGGLVQAGGSLRLSCVASGSGSRINYMAWHRQTPGRQRELVAVINRTGAAKYADSVKDRFTVSRDNAENTVYLQMNDLKPDDTAVYYCWASYLGAGTYWGQGIQVTVSS
seq13562,EVQLVESGGGLVQPGGSLRLSCAASGSIFGFNGVAWFRQAPGKQRELVAVIRSGGNTLYADSVKGRFTISRDNAKNTVYLQMNSLKPEDTAVYYCNVDYSPPGSLVPDLGPWGQGTQVTVSS
seq13563,EVQLVESGGGLVQPGGSLRLSCAASGNIDRLYAMGWFRQAPGKEREGVAAIDSDGSTDYADSVKGRFTISADNSKNTAYLQMNSLKPEDTAVYYCAALIDYGLGFPIEWGQGTLVTVSS
seq13564,EVQLVESGGGPVQAGGSLRLSCAASGRTYRGYSMAWFRQSPGKEREFVAAIVWSDGNTYYEDFVKGRFTISRDSAKNTLYLQMTNLKPEDTALYYCAAKIRPYIFKIAGQYDYWGQGTQVTVSS
seq13565,QVQLQESGGGLVQPEGSLTLACDTSGFTMNYYAIAWFRQAPEKEREGLATISSIDGRTYYADSVKGRFTISRDSAKNMVYLQMNNLRPEDTAVYYCSAGPDYSDYGDESEYWGQGTQVTVSS
seq13566,EVQLVESGGGLVQAGGSLRLSCAASGRTFSTYPMGYFRQAPGKERELVAAISRGGGSTYYEDSVKGRFTISRDNAKNTVYLQMNSLKPEDTAVYYCAVQLVGDSVSSYTRHYGYWGPGAQVTVSS
seq13567,EVQLVESGGGLVQAGGSLRLSCAASGSIFRNYAMGWFRQAPGKEREFVATITTSGGNTYYADSVKGRFTISADNAKNTVYLQMNSLKPEDTAVYYCAAVPKTRYRRDYWGQGTQVTVSS
seq13568,VQLVESGGGLVQAGGSLRLSCTASGSILRTYEMGWYRQAPGSQRELVASITSDGDTNYVDSVKGRFTISRDNGKNMVYLQMNSLKPDDTAVYYCNAVILSPSYSMRTSHWGQGTQVTVSS
seq13569,VQLVESGGGLVQTGGSLRLSCAASGSMFSTMGWFRQAPGNQRELVAIMSSGGTANYADSVKGRFTISGDNVKNTVTLQMNSLNPEDTAVYYCRFTGWVKSSFSTYWGQGTQVTVSS
seq13570,EVQLVESGGGEVQPGGSLRLSCAASEIIFSDKTVGWYRQAPGKQRVLVAVISNVDSTNYAESVKGRFTISRDNAKNTVYLQMSSLRAEDTAVYYCYARDFESEYWGQGTLVTVKP
seq13571,EVQLLESGGGLVQPGGSLRLSCAASGRYIDSTAVAWFRQAPGKEREFVAGIGGGVDITYYADSVKGRFTISRDNSKNTLYLQMNSLRPEDTAVYYCAARPGRPLITSRVANLYPYWGQGTLVTVSS
seq13572,DVQLVESGGGLVQPGGSLRLSCAASGSTFSINAVAWYRQAPGKRRELVAGISGGGVTNYPDSVKGRFTISRDNSKNTVYLQMSSLRPEDTAVYYCNLWPPRASPGGRVYWGQGTLVTVSS
seq13573,QVQLQQSGGGLVQAGGSLRLSCTASGRTLSYWTMGWFRQVPGKEREFVAAINWSSGTRYSESVRDRFTIDGDTDKTTVYLEMNKMNLDDSAVYYCAAHRASFGLGYQTHEYDFWGQGTQVTVSS
seq13574,EVQLVESGGGEVQPGGSLRLSCAASGSIFSINAMGWYRQAPGKQRELVAGFTGDGSTKYAESVKGRFTISRDNAKNTVYLQMSSLRAEDTAVYYCAADVQLLNSDYEFYWGQGTLVTVKP
seq13575,EVQLVESGGGLVQPGGSLRLSCAASGFTWDYYVIGWFRQAPGKEREGVSCISSSDGSTTYADFVKGRFTISRDNAKNTVYLQMNSLTPEDTAVYYCAADPALGCYSGNYYPRYDYWGQGTQVTVSS
seq13576,QVQLVESGGGVVQPGGSLRLSCAASGLTLSQYTMGWFRQAPGKERELVAAIHWTSSVTDYADSVYGRFTISRDDSKNTGYLQMNSLRAEDTAVYYCAATWYYTHRGSFDYWGQGTLVTVSS
seq13577,QVQLVESGGGLVQAGDSLRLSCAASGFTFSSYAMGWFRQAPGKEREFVAAITWSGVSTYYADSVKGRFTISRDNAKNRVYLQMNSLKPEDTAVYSCAADGSGRYSGMEYYNRDWVYDYWGQGTQVTVSS
seq13578,EVQLVESGGGLVQTGGSLRLSCTASGQTSIIDAVGWFRQAPGKEREFVSAISWSDNNIYYEDSVKGRFTISRDNAKDTVYLQMDSLKPEDTAVYYCAARNRPPDFLTNYFRVLYYREGAYDYWGQGTQVTVSS
seq13579,EVQLVESGGGLVQPGGSLRLSCAASGLTLDYYAIGWFRQAPGKEREGVSCISSSDHSTTYADSVKGRFTISWDNAKNTVYLQMNSLKPEDTAVYYCAADPALGCYSGSYYPRYDYYGQGTQVTVSS
seq13580,EVQLVESGGGLVQPGGSLRLSCAASGFTLDNYAIGWFRQVPGKEREGVSCISSSDGKTYYADSVKGRFTISRDNAKNTVYLQMNSLKPEDTAVYYCARETRCLGSRWMGGGQGTQVTVSS
seq13581,EVQLMESGGGLVQAGGSLRLSCAASGFTFDDYAIGWFRQAPGKEREGVSCISSYDGTTYYADSVKGRFTISSDNAKNTVYLQMNSLKPEDTAVYYCAADPLVCGYNDPRLADYWGQGTQVTVSS
seq13582,EVQLVESGGGPVQTGGSLRLSCVASGRTYRGYSMAWFRQPPGKEREFVAAITWSEGNTYYEDLVKGRFTISRDNAKNTLYLQMTSLKPEDTALYYCAAKIRPYIFKIPGQYDYWGQGTQVTVSS
seq13583,EVQLVESGGGLVQPGDSLKLSCAFSGRTFGSYSMGWFRQAQGKEREFVVAISSSGGYIYDSVSLEGRFTISRDNSKNTVYLQTPSLKPEDTAVYYCAASRAYGSSRLRLPGTYDYWGQGTQVTVSS
seq13584,EVQLVESGGGLVQAGGSLRLSCAASGRTFGSYSMGWFRQAPGKEREFVGAISWSGSSTYKYYEDSVKGRFTISRDNAKNTVPLQMNSLKPEDTGVYFCGGTMERRDPRRTSAYDYWGQGTLVTVSS
seq13585,QVQLVETGGGLVQAGGSLRLSCAASGRTFSSYAMGWFRQAPGKERDFVAGISGSGGNTPYAESVKGRFTISRDNAKNTVALQMNSLKPEDTAVYYCAAKFTSSSFYYRSPREYSSWGQGTQVTVSS
seq13586,QVKLEESGGGLVQAGGSLRLSCAASGSIFGINAMAWYRQAPGKQRELVAVITSGGRTMYAESVKGRFAISRDVAKNTVYLQMNSLKPEDTAVYYCNGDWGSEGRVDLGPWGQGTQVTVSS
seq13587,VQLVESGGALVQPGGSLRLSCTASGFLFRVYDMNWVRQAPGKGVEWIVGITNNGYTTAYADSVKGRFTISRDNTENTLFLQMNSLKPEDTAMYYCQTDNGRVRGQGTQVTVSS
seq13588,VQLQESGGGLVQAGGSLRLSCAASGRTFSNYNMGWFRQAPGKEREFVAAIDWSGGSPYYAASVRGRFTISRDNAENTVYLQMNSLKPEDTAVYYCAAPLSYGSTWLADYWGQGTQVTV
seq13589,EVQLVESGGGLVQPGRSLTLSCAASTNIVSISPMGWYRQAPGKQRELVAAIHGHSTLYADSVKGRFTISRDNAKNSIYLQMNSLRPEDTALYYCNKVPWGDYHPGNVYWGQGTQVTVSS
seq13590,QVQLVESGGGSVQAGGSLRLSCAASGNLYNNMCMGWFRQAPGKEREGVASIYIGGGYTNYADSVKGRFTISPISRDNAKSTLYLQMNSLKPEDTAMYYCAAVSIALTREFCAPIVSRYNYWGQGTQVTVSS
seq13591,VQLVESGGGLVQPGGSLRLSCEASGFTLDYYAIGWFRQAPGKEREGVICISRSDGSTYYADSVKGRFTISRDNAKKTVYLQMISLKPEDTAAYYCAAGADCSGYLRDYEFRGQGTQVTVSS
seq13592,EVQLVESGGGLVQPGGSLRLSCAGSGSILRIASMGWYRQAPGKQRELAAVIGSEGDTDYADSMKGRFTISLDNAANTVYLQMNSLKPEDTAVYICSGLLLNGGGTWQRLWGQGTQVTVSS
seq13593,EVQLVESGGGLVQPGGSLRLSCAASGITIRTHAMGWFRQAPGKEREFVATISRSGGNTYYADSVKGRFTISADNSKNTAYLQMNSLKPEDTAVYYCTTAGVLRYFDWFRRPYWGQGTLVTVSS
seq13594,EVQLVESGGGLVQPGGSLRLSCTAYGFIFDRSRMFWARQAPGKGFEWLSSILTAGDTWYSDSVKGRFTISRDNAKNTLYLQMNDLKSEDTAVYYCSKDGIHSSKGQGTQVTVSS
seq13595,QVQLVESGGGLVQPGGSLRLSCAAPGFTLDYYAIGWFRQAPGKEREGVSCIRSRGDRTNYADSVKGRFTVSRDNAKNTAYLQMNNLKPEDTGVYFCAAAPRTTVQDLCVTPLLGGADWVSWGQGTQVTVSS
seq13596,EVQLVESGGGLVQPGRSLTLSCAASTNIFSRSPMGWYRQAPGKQRELVAAIHGISTLYADSVKGRFTISRDNAKNSIYLQMNSLRPEDTALYYCNKVPWGDYHPGNVYWGQGTQVTVSS
seq13597,QVQLVESGGGLVQAGGSLRLSCVASGSTSNINNMRWYRQAPGKERELVAVITRGGYAIYLDAVKGRFTISRDNANNAIYLEMNSLKPEDTAVYVCNADRVEGTSGGPQLRDYFGQGTQVTVSS
seq13598,QLQLVESGGGLVQPGGSLRLSCAASGFTFDDYAMSWVRQAPGKGLEWVSAIRWNGDTYYAESMKGRFDMSRDNAKNTLYLQMNSLKSEDTAVYYCAKHRPGGALDTWGQGTLVTVSS
seq13599,EVQLVESGGGLVQPGGSLRLSCAASGFTFSDYWMYWVRQAPGKGLEWVSEINTNGLITKYPDSVKGRFTISRDNAKNTLYLQMNSLKPEDTALYYCARSPSGFNRGQGTLVTVSS
seq13600,QVQLQESGGGLVQAGGSLRLSCAASERTFTNYAMGWFRQGPGKDRAFVAAISRSGSSTSYADSVKGRFTISRDNAENILYLQMNSLKPEDTAVYYCAAAPLVLKTTPGAYNYWGQGTQVTVSS
seq13601,EVQLVESGGGLVQPGGSLRLSCVASGFSLDDYGMTWVRQAPGKELEWISSINWSGTHTDYADSVKGRFTISRDNAKNTLFLQMNSLTPEDTAVYYCNQGWKIVPMDRRGHGTQVTVSS
seq13602,GLVQAGGSLRLSCAASGRTFSSYAMGWFRQAPGKEREFVAAISWSGGATRYVDSVKGRFTISRDNAKSTVYLQMNSLKPEDTAVYYCATKDSGRRDGMDYWGKGT
seq13603,QVQLQDSGGGSVQTGGSLRLSCTASGRAFSNSRVTWFRQAPGKERQFVAAIGYGGPIYLDGVKGRFTISRDSAKNTVSLQMNSLKPEDTDVYYCAADPDGKLYYTKTESYDYWGQGTQVTVSS
seq13604,EVQLVESGGGLVQPGGSLKLSCAASGAAFHDYAIGWFRQAPGKEREGVSYIGCTDGAQYYAGSVKGRFTISCDYAKNTVYLQMNSLKPEDTAVYYCAAADQWNTIRWVHEYDYVYWGQGTQVTVSS
seq13605,QVQLQESGGGSVQAGGSLRLSCVASGTIHSIVDMAWYRQFPGKQRELVAARNSGGNTNYVDSVKGRFTISRDDAKNTIYLQMNSLKPEDTAVYYCNARIRRHESGYAYDSWGQGTQVTVSS
seq13606,EVQLVESGGGLVQAGGSLRLSCAASGRTVRSYATGWFRQAPGKEREFVAALRWSIGSIASVYYDDSVKGRFTISGDNAENTVYLQMNALKPEDTAIYYCASTTRGRYSALSASAYDYWGQGTQVTVSS
seq13607,EVQLVESGGGQVQAGDSLRLSCKASRRTISTYGMGWFRQAPGDKRDLVSSISASGASTYYVDSVKGRFTISRDNIKNTVYLQMNSLKPEDAAVYYCAAAPNGRFITMSAHVDSWGQGTQVTVSS
seq13608,EVQLVESGGGLVQPGGSLRLSCAVSGFTSDYYVIAWFRQTPGHEREGVSSIRKGDGATYYADSVKGRFSISRDNAKNMVYLQMNSLKPEDTAVYTCAARYDTLLGGGRPREFPYWGQGTQVTVSS
seq13609,EVQLVESGGGLVQPGGSLTLSCTASGSIFRGAAMYWHRQAPGKQRELVAAITTSGNTSYADSVKGRFTISRDNAKNSMYLQMNSLRAEDTAVYYCAFWIAGKAYWGQGTLVTVSS
seq13610,QVQLVESGGGSVQPGGSLRLSCAASGSIGSIHRWDWYRLCPGKQREWVATLNSEGGPTYADSVEGRFTISRDNAKNMVYLQMNSLKPEDTAVYRCSARTVPFEYWGRGTQVTVSS
seq13611,EVQLVESGGGLVQPGGSLRLSCAASGTIVNINVMGWFRQAPGKEREFVAAIHWSGGLKAYADSVKGRFTISADNSKNTAYLQMNSLKPEDTAVYYCAMNRAGIYEWGQGTLVTVSS
seq13612,GSLRLSCAASGRTFSSDAVGWFRQAPGKEREFVAYISWSNAITYYADSVEGRFTISRDNAENTVYLQMNSLKAEDTAIYYCAGGLNSYGSTWAPQSYAVWGQGTQVTVSS
seq13613,EVQLQESGPGLVKPSQTLSLTCTVSGGSITTRYYAWSWIRQPPGKGLEWIGVIDYDGDTYYSPSLKSRTTISWDTSKNQFSLQLSSVTPEDTAVYYCARDPDVVTGFHYDYWGQGTLVTVSS
seq13614,QVQLVQSGGGLVQPGGSLRLSCAASGFTFASYGMSWVRQAPGKGPEWVSSINSGSDTSMYADSVKGRFTISRDSAKNMLFLQMNSLKPEDTGVYYCAKWALSCSQYGCDDLPRPAGQGTQVTVKP
seq13615,DVQLQESGGGLVQAGGSLRLSCVISGMDFSHKPAGWFRQAPGKEREFVASITTRASTHYADSVKGRFTISRDNAKNTVYLEMNSLKPEDTAVYYCNSEYYWGQGTQVTVSS
seq13616,QVQLQESGGGSVQAGRSLGLSCAASGSREISTMGWHRQAPGKQRELAARITSGGITKYADSVKGRFTISRDNAKKTVYLQMNSLKSEDTAVYYCFAYDNINAYWGQGTQVTVSS
seq13617,QVQLQESGGGLVQAGGSLRLSCAASGSIAYIYTMDWYRQAPGKQRELVATSTHDGNTDYADSVKGRFTISRDNAKNTVYLQMSSLKPDDTAVYYCNADLRTAVDLIRANYWGQGTQVTVSS
seq13618,EVQLVESGGGLVQPGGSLRLSCAASGSIDSINNMGWYRQAPGKQRELVAEITPRGRTNYADSEKSRFTISRDNAKRTVNLQMNSLKPEDTAVYYCNAEVRERGTSWYRPDYWGQGTQVTVSS
seq13619,EVQLVESGGGLVQPGGSLRLSCAASGFTFGNYDMSWVRQAPGKGPEWVSAINSGGGDTYYADSVKGRFTISRDNAKNTLYLQMNSLKPEDTAVYYCATPRGWGPTGPHEYGYWGQGTQVTVSS
seq13620,DVQLVESGGGVVQPGGSLRLSCAASGSTISSYVMGWFRQAPGKEREFVAAISRSGGYTYYADSVKGRFTISRDNSKNTAYLQMNSLRPEDTALYYCAAGRYSAWYSQSYEYDYWGQGTLVTVSS
seq13621,ASGGGLVQAGGSLRLSCAASGFTFDDTGIGWFRQAPGKKREGVACISSRDGSTHYAHSVKGRFTITSDNAKNTVYLQMNSLKPEDTAVYICAAEDHKSAASVCNSWLNDHWGQGTQVT
seq13622,TVSTSLRLSCAASGRTFSTAAMGWFRQAPGKERDFVAGIYWTVGSTYYADSAKGRFTISRDNAKNTVYLQMDSLKPEDTAVYYCAARRRGFTLAPTRANEYDYWGQGTQVTVSS
seq13623,EVQLVESGGGLVQAGGSLRLSCAASGSIFSIAAMGWYRQATGKQRELVATITDGGTTTYADSVKGRVTISRDRSANTVYLAMNNLKPDDTAVYYCYAYLRYTSRVPGDNYWGQGTLVTVSS
seq13624,QVQLQESGGGLVRVGGSLRLSCAVSGSFDSRNSMGWYRQAPGKRREWVATITSGSRTNYADSVKARFTISRDNAKNTVYLQMDSLKPEDTAVYYCNAAPPIFNSWGQGTQVTVSS
seq13625,EVQLLESGGGLVQPGGSLRLSCAASGRYIDETAVAWFRQAPGKEREFVAGIGGGVDETYYADSVKGRFTISRDNSKNTLYLQMNSLRPEDTAVYYCAARPGRPLITSKVADLYPYWGQGTLVTVSS
seq13626,QVQLQESGGGLVQAGGSLRLSCAASGSISMLNSMGWYRQALGKQREFVAGITSGGRTNYADSVKGRFAISRDNDKNTVYLQMNSLKPEDTAVYYCNTWPPRIAFDSWGQGTQVTVSS
seq13627,QVQLQESGGGLVQAGGSLRLSCAASGRTFSSYVMAWFRQVPGKEREFVAGISWSGSTTYADSVKGRFTISRDNAKNTVYLQMNSLKSGDTAVYYCAAQDSRRSPAGGSVDFGSWGQGTQVTVSS
seq13628,VQLQESGGGLVQPGGSLRLSCAASGFTFSTSAMSWIRQPPGKAREVVATITSAGGSISYVNSVKGRFTISRDNAKNTLYLQMNMLKPEDTAVYYCARLVNLAQTGQGTQVTVS
seq13629,VQLVDSGGGSVQAGGSLRLSCAASGYTYSDYCMGWFRQAPGKEREGVASINTGAGLTYYADSVKGRFTISQDNAKNTVYLLMNSLKPEDTAIYYCAAGCQGLYSSCRYCSVYHDWGQGTQVTVSS
seq13630,GLAQAGGSLRLSCAVSGRTFSSYAMAWFRQAPGKERESVATISRNGDRTDYVDSVKGRFTISRDNAKNTVYLQMNSLKPEDTAVYYCAADSTKWVFYDYWGQGT
seq13631,EVQLVESGGGEVQPGGSLRLSCAASEIIFSDKTVGWYRQAPGKQRVLVAVISNVDSTNYAQSVKGRFTISRDNAKNTVYLQMSSLRAEDTAVYYCYARDFESEYWGQGTLVTVK
seq13632,EVQLVESGGGLVQPGGSLRLSCAASGSIFRVNVMAWYRQAPGKGRELVAAVINGGTTTYADSVKGRFTISRDNAKNTLYLQMNSLRPEDTAVYYCAFVTTNSDYDLGRDYWGQGTLVTVSS
seq13633,VQLVESGGGLVQAGGSLRLSCAASGRTFTMGWFHQAPGKEREFVAAISLSPTLAYYAESVKGRFTISRDNAKNTVVLQMNSLKPEDTALYYCAASKDRYSEYEYWGQGTQVTVSS
seq13634,EVQLVESGGGLVQPGGSLRLSCAASGFTFDDYGMSWVRQAPGKGLEWVSAISWNGNNTYYTESMKGRFTISRDNAKNTLYLQMNSLRPEDTAVYYCVKGSTAIVGVPPTYPDEYDYWGQGTLVTVSS
seq13635,EVQLLESGGGEVQPGGSLRLSCAASGFSFSINAMGWYRQAPGKRREFVAAIESSRNTVYAESVKGRFTISRDNAKNTVYLQMSSLRAEDTAVYYCGLLKGNRVVSPSVAYWGQGTLVTVKP
seq13636,QVQLQESGGGLVQTGGSLRLSCVASGSMFSSNAMAWYRQAPGKQRELVARILSGGSTNYADSVKGRFTISRGNAKNTVYLQMNSLKPEDTAVYYCNAVRYLVNYWGQGTQVTVSS
seq13637,EVQLVESGGGLVQAGDSLRLSCAASGRSFSSRAMGWFRQAPGKEREFVAAINWIGNIPYYANSVKGRFTISRDNAKNTVYLQMNSLKPDDTAVYYCATGSEPYYTNTYDYWGQGTQVTVSS
seq13638,EVQLVESGGGLVQAGGSLRLDCAASGRTSYAMGWFRQGTGKEREFVAAISPSGYYTYYEDSVKGRFFMHRDNAKNMVYLQMNSLTPEDTAVYYCAAGRHNTVSGILPDYWGRGIQVTVSS
seq13639,EVQLVESGGGLVQPGGSLRLSCAASGFSLDYYAIGWFRQAPGKEREGVSCMDSSSGTTSTYYSDSVKGRFTISRDDAKNTVYLQMNSLKPEDTAVYYCAADGHLNWGQRYVPCSQISWRGWNDYWGQGTQVTVSS
seq13640,QVQLQESGGGLVHPGGSLRLSCAASGRSFSSYFMGWFRQAPGKEREFVAGIGWNDGSINYADSVKGRFTISRDNAKNTGYLQMNSLKPEDTAVYYCAASVSLYGLEKSSAYTSWGQGTQVTVSS
seq13641,EVQLVESGGGLVQPGGSLRLSCAASGFTLDYYAIGWFRQAPGKEREGVSCISSSDGTTYYADSVKGRFTISRDNAENTVYLQMNSLKPEDTAVYYCATDWTRGCTYRSGSYYPRNYRGQGTQVTVSS
seq13642,QVQLQESGGGLVQAGGSLRLSCAASGRTVSSLFMGWFRQAPGKERELVAAISRYSLYTYYADSVKGRFTISADNAKNAVYLQMNSLKPEDTAVYYCASKLEYTSNDYDSWGQGTQVTVSS
seq13643,EVQLQASGGGSVQAGGSLRLSCVTSQNLFEYYTMGWYRQVPGSQRERVALINNGGSTVAGSVEGRFTISRDHAKNSVYLQMNYLKPEDSAVYYCRAFGPADYWGQGTQVTVSS
seq13644,QVQLQESGGGLVQPGGSLRLSCAASGSTFSINVRGWYRQAPGKQRELVATITSDGSTNYADSVKGRFTISRDNAKNTAYLQMNSLKPEDTAVYYCNAVRLFRQYWGQGTQVTVSS
seq13645,EVQLVESGGGLVQPGGSLRLSCAASGFTLDYYGIGWFRQAPGKEREWVSCISSSGGSTYYADSVKGRFTISRDNAKNTVYLQMNSLKPEDAAVYYCAAQKGTPPLGCPAYYGMDYWGKGTLVTVSS
seq13646,EVQLVESGGALMQAGGSLGPPCPASGPLFRRTRAGWYRQAPGKQREFVARIRMGGSINYGDSVKGRFTVSRDIAKNTMYLQMNDLKPEDTAKYFCSSWREGFYEYWGQGTQVTVSS
seq13647,EVQLVESGGGLVQAGGSLRLSCAASGFTLDNYAMGWFRQAPGKEREFVAAISWSGGSTYYADSVKGRFTISADNAKNTVYLQMNSLKPEDTAVYYCAAVPKTRYSYDYWGQGTQVTVSS
seq13648,QVQLQESGGGLVQAGGSLKLTCAASEHTFSNYAMGWFRQAPGKEREFVAAIRWSGGGTYYAPSLAGRFAISGNHAKNLVYLEMNNLKPEDTAAYYCAAMLRRFFTASYYSTTTSYDYWGQGTQVTVSL
seq13649,EVQLVESGGGLVQPGGSLRLSCVASGNMFGINTMGWFRAAPGKERQFVAADNFSGGRKNIDFSVRGRFTMSRDAASNTIYLQMNSLKVEDTAVYYCAAGANTMMIVADNYEYWGQGTQVTVSS
seq13650,QVQLVETGGGLVQPGGSLRLSCAASEFTLNYRPIGWFRQAPGKEREGVSCINSSGDSTNYADSVKGRFTISRDNAKNTVYLQMNSLKPEDTAVYFCAADRSLFGVCGLSRSQYDFWGQGTQVTVSS
seq13651,EVQLVESGGGLVQAGGSLRLSCEASGRTFSSYGMGWFRQAPGKEREFVAAVSRLSGPRTVYADSVKGRFTISRDNAENTVYLQMNSLKPEDTAVYTCAAELTNRNPGAYYYTWAYDYWGQGTQVTVSS
seq13652,EVQLVESGGGPVQAGGSLRLSCAASGRTYRGYSMGWFRQAPGKEREFVAAIVWSGGNTYYEDSVKGRFTISRDNAKNTMYLQMTSLKPEDSATYYCAAKIRPYIFKIAGQYDYWGQGTLVTVSS
seq13653,EVQLVESGGGLVQAGGSLRLSCAASGRTFSSSPMGWFRQAPGKEREFVAAISGRSGNTYYADSVKGRFTISRDNAKNTVYLQMNSLKPEDTAVYYCAGERVGLLLTVVAEGYDYWGRGTQVTVSS
seq13654,EVQLQESGGGSVQTGGSLRLSCVVSGYTYSSACMGWFRQGPGKGREAVADVNTGGRRTYYADSVKGRFTISQDENTMYLQMNNLKPEDTATYYCAKGRCIAVAGGPDYWGQGTLVTVSS
seq13655,QVKLEESGGGSVQPGGSLRLSCAASGRTFSRLAMGWFRQAPGKERELVAGISRSGDGTHYAYSVKGRFTISRDNAANTVELQMNSLKPEDTAVYFCAAARTAFYYYGNDYNYWGQGTQVTVSS
seq13656,EVQLVKSGGGLVQPGGSLRLSCAASGIISSISAMGWYRQAPGKQRELVAAISTRTGWTNYADSVRGRFVISRDNAKNVVSLQMNSLKPEDTAVYYCSADRGYDGERYWGQGAQVTVSS
seq13657,QVQLVESGGGLVRPGGSLRLSCVDSERTSYPMGWFRRAPGKEREFVASITWSGIDPTYADSVADRFTISRDVANNTLYLQMNSLKHEDTAVYYCAARAPVGQSSSPYDYDYWGQGTQVTVSS
seq13658,EVQLVESGGGLVQAGGSLRLSCAASGFTFDDYAIGWFRQAPGKEREGVSCISSSDDSTYYADSVKGRFTISSNNAKNTVYLTMNSLKPEDTAVYYCAVRLFSGGCAVVASTSWADFGSSGQGTQVTVSS
seq13659,EVQLVESGGGLVQPGGSLRLSCAASGFTIGSYDMSWVRRSPGKGPEWVSAINSGGGSTYYADYVKGRFTISRDNAKNTLYLQMNSLKPEDTAVYYCAADRYIWARQGEYWGAYAYDYWGQGTQVTVSS
seq13660,EVQLVESGGGLVQPGGSLRLSCAASGTLFKINAMGWYRQAPGKQRELVALITSSDTTDYAESVEGRFTISRDNTWNAVYLQMNSLKPEDTAVYYCHSDHYSMGVPEKRVIMYGQGTQVTVSS
seq13661,DVQLQESGGGSVQAGGSLRLSCPASGYTFSHYCMGWNRQAPGKEREEVATIDTDDTPTYADSVMGRFTISRDNANNALYLQMNDLKPEDTSMYYCAIWMKLRGSCHDRRLEVRGQGTQVTVSI
seq13662,QVQLQESGGGLVQAGGSLRLSCVASGTTFSSYTMGWYRQAPGKQRELLASIEGGGNTDYADSVKGRFTISRDNARNTVYLQMNSLKTEDTAVYYCNAARTWSIFRNYWGQGTQVTVSS
seq13663,EVQLVESGGGLVQPGGSLRLSCATSGFTFSSYVMSWVRQAPGKGLEWVSSIYHDGSHTYYADFVKGRFTISRDNAKNTLYLQMNSLKSEDTAVYYCASGTSYSASYYYTDPFFGSWGQGTQVTVSS
seq13664,EVQLVESGGGLVQAGGSLRLSCAASGFTFDDYAIGWFRQAPGKEREGVSCISSSDDSTYYADSVKGRFTISRNNAKNTVYLQMNSLKPEDTAVYYCAVRLFSGGCAVVVGTSWADFGSSGQGTQVTVSS
seq13665,LQESGGSLVQAGGSLSLSCQTSGRASSNYALGWFRQAPGKEREFVAAISWSGGYTYYADSVKGRFTISRDNNKNTVYLQMDSLKPEDTAVYYCVARDYRLWSPYQYEYDYWGQGTQVT
seq13666,QVKLEESGGGVVQTGGSLRLTCAASGRTSRSYGMGWFRQAPGKEREFVSGISWRGDSTGYADSVKGRFTISRDNAKNTVDLQMNSLKPEDTAIYYCAAAAGSAWYGTLYEYDYWGQGTQVTVSS
seq13667,DVQLVESGGGLVQPGGSLRLSCSASGRTFSFSTSTMGWFRQAPGKELEFVAAIDWSDFNTYYADSVKGRFTISRHNPRNSVYLQMNSLRPEDTAVYYCAAHSETRGGTRYFDRPSLYNYWGQGTQVTVSS
seq13668,QVQLQESGGGLVQAGGSLRLSCAASGFSSDDYTIGWFRQAPGKEREGFSCFSSRDGSTGYADSVKGRFTISSDNAKNTVYLQMNSLKPEDTAVYYCAADFNVWSPPICGSRWYGPPPGGMDYWGKGTQVTVSS
seq13669,QVQLQDSGGGLVQAGGSLRLSCAVSGNTLSRYAMGWFRQAPGNEREFVAAIRWNNGNTYYADSVKGRFTISRDSAKNTVYLQMNSLQPEDTAVYYCAARFLPYASSNAYHEALYNYDYWGQGTQVTVSS
seq13670,QVQLQESGGGLVQPGGSLRLSCAASGSIFGINAVGWYRQAPGKQRELVATFTRGGDINYADSVKGRFTIFRDNAANTVYLQMNSLKAEDTAVYYCNTPPRIGRGYWGQGTQVTVSS
seq13671,QVQLQESGGGLVQAGESLSLSCAASGNDFVITDMHWYRQAPGKQREWVATITRFATTNYADSVKGRFTISRDNAKNTWYLQMNSLKPDDTAVYYCKAIGLRGVPDVNRQFEVWGQGTQVTVSS
seq13672,EVQLVESGGGLEQAGGSLRLSCTASGGTDSIYQMGWFRQTPGKEREFVAAINWNYGGAYYPDSVKGRFTISRDKAKNIGFLQMNSLKPEDTAVYYCATSQTSVDAFSVPITTARRYQYWGQGTQVTVSS
seq13673,QVQLQESGGGLVQAGGSLRLSCAASGTISLHRYMGWYRQAPGKERELVASINRGGSTYYADSVKGRFTISRDNAKNTVYLQMNSLKPEDTAVYYCAVYIADLYVRSYHSYWGQGTQVTVSS
seq13674,EVQLVESGGGLVQPGGSLRLSCAASGRTFVTYGMGWFRQAPGKGREFVSAISWSGSSTSYGDSVKGRFTISRDNAKNTLYLQMNSLRPEDTAVYYCAAALGAVVYTTREPYTYWGQGTLVTVSS
seq13675,QVQLQESGGGLVQAGGSLRLSCAASGRTFSPYAMGWFRQAPGKEREFVAAITWSGGLTYYADSVKGRFTISRDNSKNTVSLQMNSLKPEDTAVYYCALDDDTFGVTTSTHYDYWGQGTQVTVSS
seq13676,VHLVESGGGSVQSGGSLRLSCAASGYAYRSYCMGWFRQAPGKVLEGVAAIESDGTTTYADSVMGRFTISQDNAKNALYLQMNSLKPEDTAMYHCAAVKGSCDSASSDTPSYWGQGTQVTVSS
seq13677,QVQLQESGGGSVQAGETLRLSCTASGFTFDESVMGWYRQAPGNECELVSTISSDGSTYYSNSVKGRFTISQDNAKNTVYLQMNSLKPEDTAVYYCAADDHTYELGTCEALNYWGRGTQVTVSS
seq13678,QVQLVESGGGVVQPGGSLRLSCAASGLTLSQYTMGWFRQAPGKERELVAAIHWTSSVTDYADSVYGRFTISRDDSKNTGYLQMNSLRAEDTAVYYCAATHYYTHRGPFDYWGQGTLVTVSS
seq13679,VQLQESGGGWVQPGGSLRLSCEASGRTSSSLDMGWFRQAPGKEREFVAGISRTGISAYYADSMKGRFTISRDNAKNLVYLQMNSLKSEDTAVYYCAAALTFRGSDLPRDSNYWGQGTQVTVSS
seq13680,QVQLQESGGGLVQAGGSLRLSCAASGRTFSNYAMGWFRQAPGKEREFVAAIVWSGGSTYYADSVKGRFTISRDNAKNTVYLQMNSLKPEDTAVYYCAAVLIRYYSGGYQGLSDANEYDYWGQGTQVTVSS
seq13681,EVQLVKSGGGLVQTGGSLRLSCIVSGGTFSTYAMGWFRQAPGKEREFVAGITRSGLSTSYADSVKGRFTISRDNAKDTVYLQMNSLKPEDTALYYCAATRRLHFGNGADYWGKGTPVTVSS
seq13682,EVQLVESGGGLVQPGGSLRLSCAASGGVHKINILGWYRQAPAKEREMVAHITIGDATDYADSAKGRFTISRDEAKNMVYLQMNSLKPEDTAVYFCRAYSRIYPYNYWGQGTLVTVSS
seq13683,QVQLQESGGGSVQVGGSLRVACAASGDTFSGYLAAWFRQAPGKGREGVAAINSKRHTTSYADSVKGRFTISKDNADNIMYLEMNSLKPEDTAIYYCAAADAIGLAEYWSTPTLSAARYKYWGQGTQVTVSS
seq13684,QVQLQESGGGLVQPGESLRLSCVASGFTFSSHRMYWVRQPPGKGLEWVSAISSSGVSTYYTDSVKGRFTISRDNAKNTVYLQMNSLKPEDTALYYCKRRTWYAGEYDYWGQGTQVTVSS
seq13685,LQLVESGGGLVQIGGSLRLSCAASGSDFSIYHMGWYRQAPGKQRELVAAITSGGSTNYADSVKGRFTISSDNAKNTVYLQMNSLKPEDTAVYYCNADGVPEYSDYASGPVYWGQGTQVTVSS
seq13686,EVQLVESGGGLVQTGGSLRLSCAASGRTPSIIAMGWFRQTPGKEREFVGEIILSKGFTYYADSVKGRFTISRANAKNTITMYLQMNSLKSEDTAVYYCAARQNWSGNPTRTNEYEYWGQGTQVTVSS
seq13687,EVQLVESGGGLVQPGRSLTLSCAASTNIFSRSPMGWYRQAPGKQRELVAAIHGTSTLYADSVKGRFTISRDNAKNSIYLQMNSLRPEDTALYYCNKVPWGKYHPRNVYWGQGTQVTVSS
seq13688,EVQLVESGGGLVQPGGSLRLSCAASAGTLSNYDIGWFRQAPGKGREFVARISSAGSNLYYGTSMPGRITISRDNAKNTVYLQMNSLKPEDTAIYYCAADSTAYGSFKADDYDYWGQGTQVTVSS
seq13689,QVKLQESGGGLVQPGGSLRLSCVASGSISSIITMGWYRQAPGKQREFVARVIIGGSTGYADSVKGRFTISRDNTKNTVYLEMNSLKPEDTAVYYCNAGNPGTSYHYWGQGTQVTVSS
seq13690,QVQLQESGGGSVQVGGSLRLACAASGDTFSGYLAAWFRQAPGKEREGVAAINSVRHTTSYANSVKGRFTISKDNADNMMYLEMNSLKPEDTAIYYCAAADAIGLAEYWSTPTLSAARYKYWGQGTQVTVSS
seq13691,DVQLVESGGGVVQPGGSLRLSCAASGSIGGLNAMAWYRQAPGKERELVAGIFGVGSTRYADSVKGRFTISRDNSKNTVYLQMNSLRPEDTALYYCRMSSVTRGSSDYWGQGTLVKVSS
seq13692,QVQLQQSGGGLVQPGGSLRLSCAASGFTFSDAFMYWVRQAPGKELEWVSSISNRGLKTAYKESVKGRFTISRDNTKNMLFLEMNRLEPEDTGLYYCVEGDWNLGPRGQGTQVTVKP
seq13693,QVQLQESGGGLVQPGGFLRFSCVASGSAFSILTMGWFRQAPGKEREFVGACTRSGENTNYADSVKGRFTISRDNAKNTVYLQMNSLKPEDTAVYYCAAGPYTNPRSETYHYWGQGTRVTVSS
seq13694,QVQLVESGGGLAQTGGSLNLSCAASGPTFSGYGMGWFRQAPGKEREFLAVIRWSVGNTLYAESVKGRFTISRDKVKNTGYLQIDNLKPEDTAVYYCAAGAYVTTRSRDYAYWGQGTQVTVSS
seq13695,EVQLVESGGGLVQAGGSLRLSCAASGSIASIHAIGWFRQAPGKEREWVSSVYIFGGSTYYADSVKGRFTISADNAKNTVYLQMNSLKPEDTAVYYCANSNKPKFDWGQGTQVTVSS
seq13696,EVQLVESGGGLVQPGGSVRLSCAASGFTFSVYYMNWVRQAPGKGLEWVSDINNEGGTTYYADSVKGRFTISRDNAKNTLYLQMNSLKPEDTAVYYCARDAGYSNHVPIFDSWGQGTLVTVAS
seq13697,QVQLVESGGGLVQPGGSLRLSCAASGNIFIINVMGWYRQAPGKQRELVATITNGGRTHYADSVKGRFTISRDNSKNTLYLQMNSLRAEDTAVYYCNANHIELGDYWGQGTLVTVSS
seq13698,QVQLQESGGGLVQPGGSLRLSCAASGFTFSSFAMSWVRQAPGKGLEWVSDIDTTGRTTDYADSVKGRFTISRDNAENTLYLQMNDLKPEDTAVYYCANVPKELVLSFGSWGPGTQVTVSS
seq13699,QVKLEESGGGLVPAGGSLRLSCAASGSIFSINAMGWFRQAPGKEREFVAAISRRGNNRYYADSVKGRFTISRGNVRNTVYLQMNSLKPEDTAVYYCAALRSGSLYVSASYDYWGQGTRVTVSS
seq13700,QVRLEQSGGGLVQAGGSLRLACAASGRTARSYNIGWFRQAPGKEREFVAAIISSPRGTYYSDSVRGRFTISGNSAENTVFLQMNNLKPEDTAVYHCAATTSSTYYSDKTYYAYWGQGTQVTVSS
seq13701,QVQLQESGGGLVQAGGSLRLSCAASGHTFNYPIMGWFRQAPGKEREFVGAISWSGGSTSYADSVKDRFTISRDNAKNTVYLEMNNLKPEDTAVYYCAAKGRYSGGLYYPTNYDYWGQGTQVTVSS
seq13702,EVQLVESGGGLVQAGGSLRLSCAASGNTFSFNVMGWYRQAPGKQRELVTIIDNGGTTNYADSVKGRFTISRDNAKNTVYLQMNSLKPEDTARYYCHARRGGTLYILGDSNYWGQGTQVTVSS
seq13703,QVQLQESGGGMVQPGGSLRLTCAASGFTFSSYDMSWVRQAPGKGPERVSAIDIGGGSTYYANSVKGRFTISRDNAKNTLYLQMNSLKPEDTALYYCVRDWYGLARRYRGQGTQVTVSS
seq13704,QVQLQESGGGLVQAGGSLRLSCAASGLTFSNYIMGWFRQAPGKERESLASIGGSGTYTYYADSVKGRFTVSRDNAKNTVYLQMNSLKPEDTASYYCAAGGRDTYGYKLPTTRVDYWGKGTLVTVSS
seq13705,EVQLVESGGGLVQPGGSLRLSCAASGFAFSSDWMYWVRQAPGKGPEWVSSIGIAGTPTFYADSVKGRFTISRDNANNMLYLQMTSLKPGDTALYYCAREGIYCSNWRCLFGPKTDLPASWGQGTQVTVSS
seq13706,EVQLQASGGGLVQAGGTLRLSCAHSGRTSSTQFWGWFRRAPGKEREFVAGMSRSGLSTFYADSVKGRFAISRDNGKNTVYLQMNSLKPEDTAVYFCASSPFIGEHYYSSRKYHYWGQGTQVTVSS
seq13707,EVQLVESGGGLVQVGDSLRLSCAASERTFSTYLMVGWFRQAPGKEREFAATMWSSGDTAYADSVKGRFTISRDNAKNTVYLQMNSLKAEDTAVYYCAGSYGGNYYIPGFYEDWGQGTQVTVSS
seq13708,EVQLVESGGGEVQPGGSLRLSCAASGGTFSSYAMGWFRQAPGKEREFVAAISSEGGSTYYADNMEGRFTISRDNAKNTVYLQMSSLRAEDTAVYYCAVKGVGWPQEQASYDYWGQGTLVTVKP
seq13709,KVQLVESGGGLVQAGGSLRLSCAASGNIFINNAVGWYRQAPGKQREMVAAMLSGGSTNYADSVKGRFTISRDNAKNTVYLQMNSLKPEDTAVYYCNVQVNGTWARWGQGTQVTVSS
seq13710,EVQLVESGGGSVQPGGSLRLSCVASGSISSTNAMGWHRQVSGKERELVAIVTDGFTNYADFAKGRFTISRDNAKTTVYLQMNSLQPEDTARYYCRYSGIGTDNWGQGIEVTVSS
seq13711,EVQLVESGGGEVQPGGSLRLSCAASGSGFSASLMSWHRQAPGKQRDLVASITRDGRANYVESVKGRFTISRDNAKNTLYLQMSSLRAEDTAVYYCHAYSFDYPIRSYWGQGTLVTV
seq13712,EVQLVESGGGLVQAGDSLRLSCAPSGGIISNYHVGWFRQAPGKEREFVAAISASGTSTAYAGSVKGRFTISRDNAKNTAFLQMNTLKPEDTAVYYCAASEYVFRYYDDSRYYAYWGQGTQVTVSS
seq13713,EVQLVESGGGLVQAGGSLRLSCAASGRTFSNDLISWFRQAPGKERDFVAAVAFYGDDTYYADSVKGRFTISRDNAKNTVYLQMDNLKSEDTAVYYCASSSRATVIQNPLGYDYWGQGTQVTVSS
seq13714,EVQLVESGGGLVQAGGSLRLSCAPSSSAVSIVHIQWHRQAPGKQRELVASVNSRGTTNYADSVKGRAIISRDNAKNTVYLQMNSLKPEDTAVYYCYARTLQLGALRDYWGQGTQVTVSS
seq13715,QVQLQQSGGGLVQPGGSLRLSCVGSGFTFGNHDMSWVRQAPGKEVEFVAGIDSGGNVIVYEEVVKGRFTISRDNAKNTLYLQMDGLKPEDAGMYFCATDLDSGAESLESVYHGQGTQVTVSS
seq13716,EVQLVESGGGEVQPGGSLRLSCAASGGTFSSYAMGWFRQAPGKEREFVAAISSEGGSTYYAESMEGRFTISRDNAKNTVYLQMSSLRAEDTAVYYCAVKGVGWPQEQASYDYWGQGTLVTVKP
seq13717,EVQLVESGGGLVQPGGSLRLSCAASGFTLDDYAIGWFRQAPGKEREGVSSIRDNGGSTYYADSVKGRFTISSDNSKNTVYLQMNSLRPEDTAVYYCAAVPAGRLRYGEQWYPIYEYDAWGQGTLVTVSS
seq13718,EVQLVESGGGLVQPGGSLRLSCAASGFTFDDYEMGWFRQAPGKEREFVAAISWRGGTTYYADSVKGRFTISADNSKNTAYLQMNSLKPEDTAVYYCAADRRGLASTRAGDYDWGQGTLVTVSS
seq13719,QVQLVESGGGSVQAGGSLTLSCAVSGNTYSTNYMGWFRQAPGKEREGVAAILAGGRNTAYADSVKGRFTISQDNAKNTVYLQMNSLKPEDTAMYYCAADTRAAFWNIGPLNSDQYNIWGQGTQVTVSS
seq13720,QVQLQESGGGLVQAGGSLTLSCAASGRTFSSHSMGWFRQAPGKEREFVATIIRSDGSTYYADSVKGRFTISRDNAKNTVYLQMNSLKPEDTAVYYCAARTVYSGPQYYTRGNEYNYWGQGTQVTVSS
seq13721,LQESGGRLVEAGGSLRLSCAVSGGTFSWYAMGWFRQAPGKEREFVATVSRGGGASYYADSVKDRFTISRDNAKNTVYLQMNGLKYEDTAVYYCAAGRGAPSDTGRPDEYDYWGQGTQVT
seq13722,EVQLVESGGGLVQAGGSLRLPCAASGFTFDDYVIGWFRQAPGKEREGVSLISSSDGSTYYADSVKGRFTISSDNAKNTVYLQMNGLKPEDTAVYYCAATSSIPYYSGSYYPNPFEYDYWGQGTQVTVSS
seq13723,QVQLQESGGGLVQPGGSLRLSCTASGFFLEYYDIGWFRQAPGEEREGVSCLSAYGHMPRYADAVKGRFTMSRDNNKNTVYLQMNSLKPDDTAIYYCARNCYTTTGHGGTVIRSSTSSTSWGQGTQVTVSS
seq13724,DVQLVESGGGLVQPGGSLRLSCAASGFILDYYAIGWFRQAPGKEREGVLCIDASDDITYYADSVKGRFTISRDNSKNTVYLQMNSLRPEDTATYYCATPIGLSSSCLLEYDYDYWGQGTLVTVSS
seq13725,EVQLVESGGGVVQAEDSLRLSCAASGLPFSSSRMGWFRQVPGKEREFVAAIGWSGRSTYRYYDDSVKGRFTVSGDNAKNTLDLQMKGLKPEDTAVYYCAADPNYYGDVRTSGTYQYWGQGTQVTVSS
seq13726,AVQLVESGGGSVQAGGSLRLSCRASGRTFSNYAVGWYRQAPGNQRELVATISSSGSTNYADSVKGRFTISRNNAKNTVYLQMNSLKPEDTAVYYCNAARWWGQGNQVTVSS
seq13727,EVQLVESGGGEVQAGGSLRLSCAASRRPFSSKTMAWFRQTPGKEREFVAAVRWIGGATRYAESVKGRFTISRDNAKNTVYLQMSSLRAEDTAVYYCAAGQAWGTKFTDYSDWGQGTLVTVKP
seq13728,KVQLVESGGGLVQAGGSLRLSCAASGRTFTEYSMGWFRQAPGKEREFVATISWNYGYTYYSDSVKGRFTVSRDIAENTVYLQMNTLKSEDTAVYYCAAKIGWLSIRGDEYEYWGQGTQVTVSS
seq13729,EVQLVESGGGLVQPGGSLRLSCAASGDIYKSFDMGWYRQAPGKQRDLVAVIGSRGNNRGRTNYADSVKGRFTISRDGTGNTVYLLMNKLRPEDTAIYYCNTAPLVAGRPWGRGTLVTVSS
seq13730,DVQLVESGGGLVQPGGSLRLSCSASGRTFSFSTSTMGWFRQAPGKELEFVAAIDWSDFNTYYADSVKGRFTISRDNPRNSVYLQMNSLRPEDTAVYYCAAHSETRGGTRYFDRPSLYNYWGQGTQVTVSS
seq13731,QVQLQESGGGLVQAGGSLRLSCTASGRTLSYWTMGWFRQAPGKEREFVAAINWSSGTRYSDSVRDRFTIDGDTDKTTVYLEMNKMNLDDSAVYYCAAHRASFGLGYQTHEYDFWGQGTQVTVSS
seq13732,RLSCAASGSIFSINAMGWYRQAPGKQRELVAAITSGGSTNHADSVKGRFTISRDNAKNTVYLQMNSLKPEDTAVYYCNAESPITKVRGVSYWGQGTLVTVSS
seq13733,QVQLQESGGGLVQSGDSLRLSCVASGRTFSSLDMGWFRQAPGKEREFVAGISRSGISQYYADSMKGRFTISRDNAKNLVYLQMNSLKPEDTAVYYCAAALTFRGSDLPRDSNYWGQGTQVTVSS
seq13734,EVQLVESGGGLVQPGGSLRLSCAASGPLFSISTMGWYRQAPGEQRELVASISSDGDTNYSDSVKDRFTISRDNAKNTVYLQMNSLKPEDTAVYFCYARKWILDTYWGQGTQVTVSS
seq13735,QVQLQESGGGLVQAGGSLRLSCAVSGNTLSRYAMGWFRQTPGNEREFVAAIRWNNGATYYADAVEGRFTISRDSGKNTVYLQMNNLKPEDTAVYYCAGRFLGYASSNAYHEALYNYDYWGQGTQVTVSS
seq13736,EVQLVESGGGLVQVGGSLRLSCAASGNIGSINAMGWYRQAPGKEREWVAIITNSGSVNYGPDSVKGRFTISGDNAKNRVYLQMDSLKPEDTAVYYCAAESWGRSPLKYLGQGTQVTVSS
seq13737,IQLVESGGGSVQAGETLRLSCTASGSTFGDSDMGWYRQAPGNACELVSIISSDGRTYYVDSVKGRFTISQDNAVSTVYLQMNSLNPEDTGVYYCAADLRLNCRDGRCCGYWGQGTQVTVSS
seq13738,EVQLVESGGGLVQPGGSLRLSCAASGGRFSDYGMGWFRQAPGKERELVALISRSGNLKSYADSVKGRFTISADNSKNTAYLQMNSLKPEDTAVYYCAAKTGTSFVWGQGTLVTVSS
seq13739,QVQLQESGGGLVQAGGSLRLSCAASGRASSGYGMGWFRQVPGKEREFVAAIRWSGVTTYYVDSVKGRFTISRDNAKSTVYLQMNSLKPEDTGVYYCAVRPVRVDDISTPDGFVYWGQGTQVTVSS
seq13740,EVQLVESGGGQVQPGGSLSLSCESSVSIWSFKVMGWFRQAPGKQLEFVATITTGGSPHYSDSVKGRFTISRDYDKRTLYLQMNSLKPEDTAVYYCAGRLWAHITSSGHDVWGQGTQVTV
seq13741,QVQLQQSGGGLVQTGGSLRLSCAASGRTFGGYAMAWFREAPGKGREFVAAVTWSSGTTNYAGSVKDRFTVSRDNANNTMYLQMNSLKPEDTAVYICGAASGYRSTDRLSTPEWINYWGQGTQVTVSS
seq13742,QVQLQESGGGSVQAGGSLRLSCTASGFTFDDVDMGWYRQASGNECELVSTISSDGSTYYADSVKGRFTISQDNAKNTVYLQMNSLKPEDTAMYYCAAARYSDYEGMCGYWSQGTQVTVSS
seq13743,EVQLVESGGGLVQPGGSLRLSCAASGRTFRRYTMGWFRQAPGKEREFVARIAGGSTYYADSVKGRFTISADNSKNTAYLQMNSLKPEDTAVYYCARQQYYDFWSGYFRSGYFDLWGQGTLVTVSS
seq13744,VQLVESGGGSVQAGGSLILSCTASGLPYKSYCMGWFRQAAGKEPEGVATINSGTGSKFYTDSVKGRFTISLDNDNNRVYLEMSSLKPEDTATYYCAAGQRHSCGYVLKNTDGWTHRAQGTQVTVSS
seq13745,DVQLVESGGGLVQPGGSLRLTCAASGLIFGSYAMGWFRQAPGKAREFVAAISWSGGDTYADSVKGRFTISRDNAKNTVYLQMNSLEPEDTAVYSCAAVGSKYYISKDAKDYGYWGQGTQVTVSS
seq13746,QVQLQESGGGLVQAGDSLRLSCAASGRDFATYSMAWFRQAPGKERESVATISWSGQRTRYADSVKGRFTISRDNAKNTVYLQMNSLKPEDTAVYYCAAPRTWGEFPPTQYDSWGQGTQVTVSS
seq13747,EVQLVESGGGLVQAGASLRLSCAASGRYFSDYNMAWFRQAPGKEREFVAHISWLGGRTYYRDSVKGRFTISRDNAKDTVYLQMNSLKPEDTAVYSCAAGSPYGTELPYTRIEQYAYWGQGTQVTVSS
seq13748,DVQLVESGGGLVQPGGSLRLSCAYSGSLFSIIVMRWYRQAPGKERELVAGITRDTTGYADSTNYADSVKGRFTISRDSAKNTVYLQMNSLKPEDTAVYYCNADARTITGRADYWGQGTQVTVSS
seq13749,QVKLEESGGGLVQAGDSLRLSCVDSGRDFSDYVMGWFRQAPGKEREFVAAISRNGITTRYADSVKGRFTISRDNDKNTVYLQMNSLRPEDTAVYYCATNSAGTYVSPRSRDYDGWGQGTQVTVSS
seq13750,QVQLVESGGRLVQAGDSLRLSCAASGPTFNPYAMAWFRQAPGKQLELVASITAGGHTNYADSVEGRFTISRDNAKNTVYLQMNALEPEDTAVYRCFADVYGSDRPSWGRGTQVTVSS
seq13751,EVQLVESGGGEVQPGGSLRLSCAASGSTFSSYHMSWFRQAPGKQREPVATSHHGGTTNYAGSVKGRFTISRDNAKNTVYLQMNSLRPEDTAVYYCKADHGYQGRGYWGQGTLVTVKP
seq13752,EVQLVESGGGLVQPGGSLTLSCAASGSSVSFLSMAWYRQAPGKKRELVAGISADGSTDYIDSVKGRFTISRDNAKNSVYLQMNSLRAEDTAVYYCYAYRWRTRYTYWGQGTLVTVSS
seq13753,QVQLQESGGGSVQAGGSLRLSCSASGYTYISGWFRQAPGKEREGVAAIRSSDGTTYYADSVKGRFTISQDNAKNTVYLQMNSLKPEDTAMYYCAATEVAGWPLDIGIYDYWGQGTEVTVSS
seq13754,EVQLVESGGGLVQAGGSLRLSCTASGRAFSSSVVGWFRQAPGKEREFVTGINWSGARTYYADSVKGRFTISRDNAKNTAHLQMNSLKREDTAVYYCASGRDRYARVLPEYEYEWWGQGTQVTVSS
seq13755,QVRLVESGGGSVQAGGSLRLSCETSRYIYGNNCMAWFRQAPGKEREGVASIYPAGGRPYYADSVKGRFTISQDNAKNTVYLQMDSLKPEDTAMYYCAARSFSIADCATQSGITRSNFAYWGQGTQVTVSS
seq13756,EVQLVESGGGSVQAGESLRLSCAASGSIFSSNAMAWYRQAPGKQRDLVAGINSVGITKYADSVKGRFTISRDNAKNTAYLQMNSLKPEDTAVYYCTSDPRRGWDTRYWGQGTLVTVSS
seq13757,QVQLQESGGGLVQPGGSLRLSCAASGKMSSRRCMAWFRQAPGKERERVAKLLTTAGSTYLADSVKGRFTISQNNAKSTVYLQMNSLKPEDTAMYYCAADSFEDPTCTLVTSSGAFQYWGQGTQVTVSS
seq13758,EVQLVESGGGLVQPGGSLTLSCVASGSTSTINAIGWYRRAPGKQRELVAGISSDSSKVYTESVKGRFTISRDNAKNSVYLQMNSLRAEDTAVYYCYYFRPGPGSQMAYWGQGTLVTVSS
seq13759,QVQLQESGGGLVQDGGSLRLSCAFSGRTFSSYTMGWFRQGPGKEREFVAATVWTGAGTVYADSVKGRFTISRDNAKNTVYLQMNSLRPEDTAVYYCAADQASVPPPYGSERYDIASPSEYDYWGQGTQVTVSS
seq13760,LQESGGGVVLAGGSLRLSCTVSGFTFEDYAIGWFRQAPGKERERVGCISGSDGRTRYGKAVQGRVSVSKDNAKSTIYLQMNNLDDNDTAVYYCAASPWGGEVYGTPPCLHQGMIYWGKGTQVTVSA
seq13761,QVQLQESGGGLVQPGGSLRLSCAASGFTISSYTMTWLHQAPGKGLEWVSTINSGGSTAYADSVKGRFAISRDNAKNTLYLQLNSLKIEDTGMYYCQGGLTQRGQGTQVTVSS
seq13762,EVQLVESGGGEVQPGGSLRLSCAASGSDFSINAIGWYRQAPGKQRDMVAGFTGDTVTTYAESVKGRFTISRDNAKNTVYLQMSSLRAEDTAVYYCAADVKIGGDYEWFWGQGTLVTVKP
seq13763,EVQLVESGGGLVQAGGSLRLSCAFSGRTFSSYSMGWFRQAQGKEREFVVAISSGGYKYDAVSLEGRFTISRDNTKNTVYLQTPSLKPEDTAVYYCAASRAYASSRLRLADTYDYWGQGTQVTVSS
seq13764,QVQLQESGPGLVKPSQTLSLTCTVSGGSITTRYYAWSWIRQPPGKGLEWIGVIDYDGDTYYSPSLKSRTTISWDTSKNQFSLQLSSVTPADTAVYYCARDPDVVTGFHYDYWGQGTMVTVSS
seq13765,EVQLVESGGGLVQPGGSLRLSCAASGDVHKINILGWYRQAPAKEREMVAHITIGDATDYADSAKGRFTISRDEAKNMVYLQMNSLKPEDAAVYFCRAYSRIYPYNYWGQGTLVTVSS
seq13766,QVQLVESGGGVVQTGGSLRLSCAASEPIFSNYAMAWFRQAPGKEREFVAGISWSGSSTNYADSVKGRFTISRDIAKNTVYLQMNSMKPEDTAAYYCAVDLHMRSPNPDPGGYDYWGQGTQVTVSS
seq13767,QVQLQESGGGVVQAGGSLRLSCAASGSTFSIKAMGWYRQAPGKQRDLVAGFISGRGSAKYADSVKGRFAISRDNAKNTMYLQMDSLKPEDTAVYYCYIVLTTGGGSAMDYWGQGTQVTVSS
seq13768,AVQLVESGGDSVRAGGSLRLSCAASGYGYREKCLGFFRQAPGKEREGVALIYTVSGATYYTDSVKGRFTISTDNAKNTVYLQMDSLKPEDTAIYYCAGDLSYFGRTRGCPAGFRQPDFAYWGQGTQVTVSS
seq13769,EVQLVESGGGLVQAGGSLRLSCAASGRMFSSRSIGWFRQVPGKEREFVAAISPSRSLKAYADSVKGRFTISGDNAKNTVDLQMNSLNVEDMAVYYCAADVISGRWYGGAFTPSRFDYWGQGTQVTVSS
seq13770,EVQLVESGGGLVQAGGSLRLSCATSGFTFDDYAIGWFRQAPGKEREGVSILSSSDGSTYYADSVKGRFTISSDNAKNTVYLQMNSLKPEDTAVYYCAAGQGWVIATMTSFRAHREYDYWGQGTQVTVSS
seq13771,EVQLVESGGGLVQAGGSLRLSCIASGDTSEIYDMGWFRQAPGKEREFVSSIHWRGRGTNYTDSVEGRFTISKDNAKNMVYLQMNSLKPEDTAVYYCAATRLIVYTPTGFRQYFDWGQGAQVTVSS
seq13772,EVQLVESGGRVMQTGGSLRLSCAASGHTFNDYSMGWFRQAPGKELEFLAGINWSGMSTWYADSVKDRFTISRDNNKNTVFLQMNSLEPGDTAVYYCAARQWISTIILTAPSQYDYWGQGTQVTVSS
seq13773,EVQLVESGGGLVQPGGSLRLSCAASGTLFKINAMGWFRQAPGKEREFVAAITSSGSNIDYTYYADSVKGRFTISADNSKNTAYLQMNSLKPEDTAVYYCARSNTGWYSFDYWGQGTLVTVSS
seq13774,QVQLVESGGGLVQPGGSLRLSCAASGSIFSINAMGWVRQAPGKGLEWVAAITFGGGSTNYADSVKGRFTISRDNSKNTLYLQMNSLRAEDTAVYYCNADLLVGGFPRRNVYWGQGTLVTVSS
seq13775,LQESGGGLGQAGGSLRLSCAASGTVSNIKFMAWYRQAPGKQREFLATIISDGNTRYADSVKGRFTINRDNAENTAALQMNSLKPEDTAVYYCNARYGRFLIDYWGQGTQVT
seq13776,LQESGGGLVQAGGSLRLSCVASGRTLENYRVAWFRQFPGKERELIAVINWSGDRRYYTEAVQGRFNISRDNAENTVYLLMNSLKPEDTAVYYCAAAEMYGSLARRDYRNWGQGTQVT
seq13777,VQLLESGGGLVQPGGSLRLSCAASGRTFNNYNMGWFRQAPGKGREFVAAVSRSGVSTYYADSVKGRFTISRDNSKNTVYLQMNSLRPEDTAVYYCAAAYRGTAINVRRSYSSWGQGTLVTVSS
seq13778,QVQLQESGGGLVQPGGSLRLSCAASGFTFDDYAMSWVRQVPGKGLEWVSTINWNGGSAEYAEPVKGRFTISRDNAKNTVYLQMNSLKLEDTAVYYCAKDADLVWYNLRTGQGTQVTVSS
seq13779,EVQLVESGGGFAQPGGSLRLSCAASASIFSGYTMAWYRQAPGKERELVTSISHRGGTNYADSVKGRFTISRENAKSTVYLQMDSLKPEDTGVYYCNRLINEASWGQGTQVTVSS
seq13780,VQLVESGGGSVQAGGSLRLSCAASGYTYSRYCMGWFRQAPGKEREGVAAIDSNGHTRYVDSKKGRFTISKDNAKNTLYLQMNGLKPEDTAMYYCAADPVGGRRPNQFEYWGQGTQVTVSS
seq13781,EVQLVESGGGLVQAGGSLRLSCTASGRAFSSSVVGWFRQAPGKEREFVTGINWSGARTYYADSVKGRFTISRDNGMNTAYLQMNRLKPEDTAAYYCASGRDRYARALFEYDYVWWGQGTQVTVSS
seq13782,EVQLVECGGGLVQPGGSLRLSCAASGFTFDDYGMSWVRQAPGKALEWVSAISWNGNNTYYTESMKGRFTISRDNAKNTLYLQMNSLRPEDTAVYYCVKGSTAIVGVPPTYPDEYDYWGQGTLVTVSS
seq13783,QVQLVETGGGLVQPGGSLRLSCAASGFSLDPYVIGWFRQAPGKEREGVSCITSRAASRTSVDSVNERFTISRDNAKNTVDLHINNLKPEDSGVYYCAAVPPAKLPLFSLCRSLPAKYDYWGQGTQVTVSS
seq13784,EVQLVESGGGLVQPGGSLRLSCATSGTIFSNNAMGWYRQAPGKKRDLVASISNSGSTNYADSVKGRFTVSRDNDKNTGYLQMNSLKPEDMGVYYCTVDARRGWNTAYWGQGTQVTVSS
seq13785,EVQLVESGGGLVQPGGSLRLSCAASGSIATINDMGWFRQAPGKQRDWVATIVSDGSTAYADSVKGRFTISRDNAKNTVYLQMNSLKPEDTAVYYCSARRHYGQGTQVTVS
seq13786,QVQLQDSGGGLVQTGGSLRLSCAASGRSFGSRAVGWFRQAPGKERDFVATISWGGGTHYADSVKGRFTISRDNARNTVYLEMNSLEPEDTAVYYCAAGPIHYISNDYSDYNFWGQGTQVTVSS
seq13787,EVQLVESGGGLVQPGGSLTLSCVASGTTSSINAMGWYRRAPGKQRELVAGISSDGSLVYADSVKGRFTISRDNAKNSVYLQMNSLRAEDTAVYYCYYFRIVRGSSMRYWGQGTLVTVSS
seq13788,EVQLVESGGGLVQPGGSLRLSCAASGFTLDDYAIGWFRQAPGKEREGVSSIRDNDGSTYYADSVKGRFTISRDNSKNTVYLQMNSLRPEDTAVYYCAAVPAGRLRFGEQWYPLYEYDAWGQGTLVTVSS
seq13789,QVQLQESGGGLVQAGGSLRLSCVVSGSIMSIRVMGWYRQAPGKQRELVATMSRGGTINYADSVRGRFTISRDNAKSTVYLQMNSLKPEDTAVYYCTALLDSYYWGQGTQVTVSS
seq13790,QVQLQESGGGLVQAGGSLRLSCAVSGTIFDITPMGWYRQTPGKQREVVADLTSRGTTNYADSVKGRFTISRDNAKKMLYLQMNSLKSDDTGVYYCNVKRWGGIGWNDYWGQGTQVTVSS
seq13791,QVQLVESGGGLVQPGGSLRLSCAASGSIFSINAMGWYRQAPGKQRELVAAITSGGSTNYADSVKGRFTISRDNAKNTVYLQMNSLKPEDTAVYYCNAEYDYWGQGTQVTVSS
seq13792,QVQLVESGGGVVQAGGSLTLSCAASGSTFSIRAMRWYRQAPGTERDLVAVIYGSSTYYADAVKGRFTISRDNSKNTLYLQMNSLRAEDTAVYYCNADTIGTARDYWGQGTLVTVSS
seq13793,AVQLVESGGGLVQPGGSLRLSCAASGLTFSRYTMGWFRQAPGKEREFVAAIVRSGGSTYYADSVKGRFTISRDNSKNTVYLQMNSLRPEDTAVYYCAADRRGRGENYILLYSSGRYEYWGQGTLVTVSS
seq13794,EVQLVESGGGLVQPGGSLRLSCAASGRIFSINTMGWYRQAPGKQRELVAGVTINAITNYADSVKGRFTISRDNAKNTVWLQMNSLKPEDTAVYYCHAWARSSGSAPYSQNWGQGTQVTVSS
seq13795,EVQLVESGGGLVQAGGSLRLSCAASGRTFSNYAMGWFRQAPGKEREFVAGISWSGTRTYYADSVKGRFTISADNAKNTVYLQMNSLKPEDTAVYYCAAAAWTIYEYDYWGQGTQVTVSS
seq13796,QVQLQESGGGLVQAGGSLRLSCAISGRTFIADMGWFRQAPGKEREFQAGITWFGGSTYYADSVKGRFTISRDNTKNTLYLQMNSLKPEDTAIYYCAAGLKRIGDQREADYWGQGTQVTVSS
seq13797,QLQASGGGFVQPGGSLRLSCAASGDTWWSSAMGWFRQAPGKEREFVSAISFYPTEYTYYADSVKGRFTISRDNSKNTVYLQMNSLRAEDTATYYCAWIAWGPWMRTSWYWGQGTQVTVSS
seq13798,QVQLQESGGGLVQPGGSLRLSCVASERIFSRNTMGWYRQAPGKQRELVARIASLGITNYADSVKGRFTISSDNAKNTVYLQMNNLKPEDTAVYYCNYWHYAAGRDYWGQGTQVTVSS
seq13799,QVQLVESGGGLVQAGGSLRLSCAASGSSFSSYTMGAIRWSGESPYYADSVKGAIRWSDESPIYAGSVKGRFTISRDNAKNTLYLQMNSLKPEDTAVYYCAARLVPPGIPIERTLESMRYWGKGTLVTVSS
seq13800,EVQLVESGGGLVQAGGSLRLSCVASGISSSIRNSGWYRQAPGKQRESVATISSGGNKDYTDAVKDRFTISRDTTKNTVYLQMNSLKPEDTAVYYCKIEAGTGWATRRGYTYWGQGTQVTVSS
seq13801,EVQLVESGGGLVQPGGSLRLSCIASGLPFSTKSMGWFRQAPGKGREFVARISPGGTSRYYADFVKGRFAISRDNAKNTTWLQMNSLKAEDTAVYYCASGERSTYIGSNYYRTNEYDYWGTGTLVTVSS
seq13802,DVQLQESGGGLVQAGGSLTLSCAASGFTFNDGAIGWFRQAPGKEREAVSCISGADGSIWYADSVKGRFTISSDNAKNTVSLQMNSLRPEDTAVYYCAALGSGYGCYAFTPAYGMDYWGKGTLVTVSS
seq13803,QVQLQESGGGLVQAGGSLRLSCAVSGNTLSRYAMGWFRQTPGNEREFVAAIRWNNGATYYAESVEGRFTISRDSGKNTVYLQMNNLKPEDTAVYYCAGRFLGYASSNAYHEALYNYDYWGQGTQVTVSS
seq13804,QVQLQESGGGLVQAGGSLTLSCAASGRPFSSYAMGWFRQAPGKEREFVAGITWTTSSTTYADSVKGRFTVSRDIAKNTVYLQMNSLKPEDTAVYYCAASRATSSVNWYQYHDYNNWGQGTQVTVSS
seq13805,LQESGGGLVQAGGSLRLSCASSARTFTSYDMGWFRQAPGKERELVAAINWSGETTYYADSVKGRFTISRDNTKDTVYLQTNNLKPEDTAVYYCAAHYGSRWKSVSVENYDYWGRGTQVTVSS
seq13806,EVQLVESGGGVVQPGGSLRLSCAASISIFDIYAMDWYRQAPGKQRELVAVSFRDGSTYYADSVKGRFTISRDNSKNTLYLQMNSLRPEDTAVYLCHVSLYRDPLGVAGGLGVYWGKGALVTVSS
seq13807,EVQLVESGGGLVQAGGSLRLSCSSSGRTYSAYNMGWFRLRPGKEREFVAAINWSGGTQDYVDSVKGRFTAIADVAKKTVFLQMTSLKPEDTAVYYCAATQWGSSGWKQARWYDFWGQGTQVTVSS
seq13808,EVQLGESGGGSVQAGGSLRLSCAASVYSYTTNCMGWFRQAPGKEREGVAVIYSAGGLTYYADSVKGRFTISQDNGKNTVYLTMNRLKPEDTAMYYCAAKRWCSSWNRGEEYNYWGQGTQVTVSS
seq13809,QVQLQESGGGLVQPGGSLRLSCAASGFTFSWYAMSWVRQGPGKGLEWVSGINGGGGSTSYEDSVKGRFTISRDNAKNTLYLEMNSLKPEDTAVYYCARYSDGYSGSYTYTDMDYWGKGTLVSVSS
seq13810,QVQLQESGGGLVQAGGSLRLSCAASGDTFLRYAMGWFRQAPGKEREFVAAITWNGGNTDYAGSLKGRFTISRDNTKNTVYLQMNSLKPEDTAVYYCAADLTFGLASSHYQYDYWGQGTQVTVSS
seq13811,QLVQDGDSLRLSCKASGGTFSSYAMGWFRQAPGQEREFVAAISSEGGSTYYADNMEGRFTTSRDNAKNTVYLQMNSLKPEDTAVYYCAVKGVGWPQEQASYDYWGQGTQVTVKP
seq13812,EVQLVESGGGLVQAGGSLSLSCTVSGGNFRNFGMGWFRQAHGKEREFVAAISRSGGRTYYADSVKGRFTVSRDNAKNMVSLQMNSLKPEDTAVYSCAARFRSDDGTYYYQRAFYDFWGQGTQVTVSS
seq13813,QVQLQESGGGSVQAGGSLRLSCAASGFTYSNYCMAWFRQAPGKEREGVAAIDSDGSTSYADSVKGRFTISQDNAKNTLYLQMNSLKPEDTAMYYCAAGNKKPYQLCNTDSRRYYHWGQGTQVTVSS
seq13814,QVQLQQSGGGLVQAGDSLRLSCATSGRTFSSYTMGWFRQTPGKEREFVAAISWSGTYYTDSVKGRFTISRDTAKNTVYLQMNSLKPEDTAVYYCAVGSRRLYYSSDINYWGQGTQVTVSS
seq13815,EVQLVESGGGLVQPGGSLRLSCAASGFTFDDYGMSWVRQAPGKALEWVSAISWNGNNTYYTESMKGRFTISRDNAKNTLYLQMNSLRPCDTAVYYCVKGSTAIVGVPPTYPDEYDYWGQGTLVTVSS
seq13816,QVQLQESGGGLVQAGGSLRLSCTASGSTFRFNDMGWYRQAPGKQRELVANINSSGRTMYPDSVKGRFTISKDNVKNTVYLQMNSLTPEDTAVYYCNVRSFVRTYWGQGTQVTVSS
seq13817,VQLVDSGGGLVQAGGSLRISCAVSGRTSSNYILAWFRQAPGKERDFVAHISRSGGKSGYGDSVKGRFTISRDNAENTVRVYLQMNSLKPGDTAVYYCNRPLWYGSPTLIDYWGQGTQVTVSS
seq13818,EVQLVESGGGLVQPGGSLRLSCAASGRTFSTHAMGWFRQAPGKERDFVAAIRWSDGSSFYADSVKGRFTISRDNAKNAVYLQSNSLKSEDTAVYVCYADVEGPTALHKYWGRGTQVTVSS
seq13819,LQASGGGLVQPGGSLRLSCAASRRTLDRYGIGWLRQAPGKDREWVACITATAGRTYYADFVKGRFTISRDKVKNTVDLQMNRMTPGDTAVYFCASREFESCSEYAGGYDYWGQGTQVT
seq13820,EVQLVESGGGLVQAGGFLRLSCELRGSIFNQYAMAWFRQAPGKEREFVAGMGAVPHYGEFVKGRFTISRDNAKSTVYLQMSSLKPEDTAIYYCARSKSTYISYNSNGYDYWGRGTQVTVSS
seq13821,DVQLVESGGGLVQPGGSLRLSCAGSGSIFRINVMAWYRQAPGKQRELVAAITSGGTTNYADSVKGRFTISRDNSKNTVYLQMNSLRPEDTAVYYCYADIGWPYVLDYDFWGQGTLVTVSS
seq13822,QVQLVESGGRLVQAGDSLRLSCAASGRTFSTSAMAWFRQAPGREREFVAAITWTVGNTILGDSVKGRFTISRDRAKNTVDLQMDNLEPEDTAVYYCSARSRGYVLSVLRSVDSYDYWGQGTQVTVSS
seq13823,EVQLVESGGGLVQPGGSLRLSCAASGTIVNIHVMGWFRQAPGKERELVAAITSGGSTSYADNVKGRFTISADNSKNTAYLQMNSLKPEDTAVYYCAASAIGSGALRHFEYDWGQGTLVTVSS
seq13824,VQLVESGGGLVQPGGSLRLSCVASGNMFGINTMGWFRAAPGKERQFVAADNFSGGRKNIDFSVRGRFTMSRDAASNTIYLQMNSLKVEDTAVYYCAAGANTMMIVADNYEYWGQGTQVTVSS
seq13825,DVQLVESGGGVVQPGGSLRLSCAASGRTFSSYAMGWFRQAPGKEREFVAAISWSDGSTYYADSVKGRFTISRDNAKNTVYLQMNSLRPEDTALYYCAADLTSTNPGSYIYIWAYDYWGQGTLVTVSS
seq13826,QVQLQESGGGSVQTGGSLRLSCAASTSIYNNNYMAWFSQAPGKEREGVAAVYIGDGRPYYADSVKGRFTISLDSAKNTVYLQMNSLKPEDTAMYYCAAAPGPLSRNYWYTSANYDYWGQGTQVTVSS
seq13827,EVQLVESGGGLVQPGGSLRLSCAASGRTFGDYIMGWFRQAPGKERELVAEITRSGRTNYADSVKGRFTISADNSKNTAYLQMNSLKPEDTAVYYCAAVFSRGPLTWGQGTLVTVSS
seq13828,DVQLVESGGGLVQPGGSLRLSCAASGTIFSINVMGWYRQAPGKEREFVAAITTGGRTNYADSVKGRFTISRDNSKNTVYLQMNSLRPEDTAVYYCNAEVTTGWVGYSWYDYWGQGTMVTVSS
seq13829,EVQLVESGGGLVQAGGSLRLSCAASGRSYAMGWFRQAPGKEREFAAAISWSGSRTYYADAVKGRFTISRDNAKNTVYLQMNSLKPEDTAVYYCAADPDGTVVASSGWTNSYEYGYWGQGTLVTVSS
seq13830,QVQLQESGGGSVQTGGSLRLSCAASTSIYSLNYMAWFSQAPGKGREGVAAVYIDDGRPYYADHVKGRFTISLDTAKNTVYLQMNSLKPEDTAMYYCAAAPGPLSRNYWYTSANYDYWGQGTQVTVSS
seq13831,QVQLQESGGGLVQAGGSLRLSCAVSGSTSRINAMGWYRQAPGKKRESVATIRRGGNTKYADSVKGRFTISRDNANNTVYLQLNSLKPEDTAVYYCNAHSWLDYDYWGRGTQVTVSS
seq13832,EVQLVESGGGLVQPGRSLTLSCAASTNIPSISPMGWYRQAPGKQRELVAAIHGESTLYADSVKGRFTISRDNAKNSIYLQMNSLRPEDTALYYCNKVPWGDYHPRNVYWGQGTQVTVSS
seq13833,EVQLVESGGGLVQAGGSLRLSCSSSISTFSSDAMGWFRQAPGKEREFLAAIGWSGAVTHYSDSVQGRFTISRDNAKNTVYLQMNSLKSEDTGRYYCAEDYDTDVWQYWGQGTQVTVSS
seq13834,DVQLVESGGGVVQPGGSLRLSCAASGLTFSSYAMGWFRQAPGKEREFVASISRGGGYTYYADSVKGRFTISRDNSENTVYLQMNSLRPEDTATYYCAAARYWATGSEYEFDYWGQGTLVTVSS
seq13835,EVQLVESGGGLVQPGGSLRLSCAASGSIFRIGAMGWYRQAPGKQRELVAAVSSGGSTYYVDSVKGRFTISRDNSKNTVYLQMNSLRPEDTAVYYCNRETGPYGPPKRDYWGQGTLVTVSS
seq13836,EVQLVESGGGLVQAGGSLRLSCAASGRTFGDYIMGWFRQAPGKERELVATISGGGSTNYADSVKGRFTISADNAKNTVYLQMNSLKPEDTAVYYCAAVFSRGPLTWGQGTQVTVSS
seq13837,EVQLVESGGGLVQAGGSLRLSCAASGFILYGYAMGWFRQAPGKEREGVSSISPSDASTYYADSVKGRFTISADNAKNTVYLQMNSLKPEDTAVYYCAAVLNTYSDSWGQGTQVTVSS
seq13838,EVQLQASGGGLVQAGGSLRLSCAASGGTLSSYVMGWFRQAPGKEREIVAAIRSSGSAWYADSVQGRFTISRDGARNTVYLQMNSLKPEDTAVYYCAAKKGITVFTRDSSYDYWGQGTQVTVS
seq13839,QVQLQESGGGLVQAGGSLRLSCADSGFTFDDYAIGWFRQAPGKEREGVSCISSSDGSTYYADSVKGRFTISSDNAKNTVYLQMNSLKPEDTAVYYCAALELPGIKWGAETRWDRWAEYDYWGQGTQVTVSS
seq13840,VQLQESGGGLVQPGGSPRLSCAASGRFFRVNAMGWYRQAPGKQRELVAAITNGGQTAYADSVKGRFTISRDSAKNTVYLQMNSLKSEDTAVYYCKVFAADGMEYWGKGTQVTVSS
seq13841,QVQLQESGGGAVQAGDSLRLSCAASARSFVSYAMGWFRQAPGKEREFVASISWSGTMTQYADSVKGRFTISRDDAKNTVYLQMNNLKPEDTAVYYCNAVKYIPGRGEYDYWGQGTQVTVSS
seq13842,DVQLQESGGGSVQAGGSLTLSCLMSGHTYYGPCVGWFRQRPGKAREGIAQISPSGGSVSYSGGVKGRFTISRDNSKNTIALIMETNDLVPEDTATYYCAADSGGLCSHRERDYDIWGQGTQVTVCS
seq13843,EVQLVESGGGLVQPGGSLRLSCATSGIIFSNNAMGWYRQGPGKKRDLVASITNTGSTNYADSVKGRFTVSRDNDRNTVYLQMNSLKPEDTGVYYCTVDARRGWNTAYWGQGTQVTVSS
seq13844,EVQLVESGGGLVQAGASLKLSCAASGRTYDIRVMGWFRRAPGKGRESVATTTWRDNITYYMDSVKGRFTITRDNAKNTVYLQMNNLKPEDTAVYYCAAQTEDSAQYIYWGQGTQVTVSS
seq13845,EVQLVESGGGLVQPGGSLTLSCAASGGTFSIRAMGWFRQAPGNEREFVAAISRDGDRTYYTDVVKGRFTISRDNAKSTVYLQINSLKTEDTAVYYCAATRPFKVLSAIIENDFTYWGQGTQVTVSS
seq13846,EVQLVESGGGLVQPGGSLRLSCAASGITIDDYAIGWFRQAPGKEREGVSSIRDNGGSTYYADSVKGRFTISSDNSKNTVYLQMNSLRPEDTAVYYCAAVPAGRLRYGEQWYPIYEYDAWGQGTLVTVSS
seq13847,EVQLVESGGGLVQAGGSLRLSCAASGFAVDDYAIGWFRQAPGKEREGVSSISSSDGSPYYADSVKGRFTISSDNAKNTVYLQMNSLKPEDTAVYYCAAGRSLYAKGSWWLISSEYDYWGQGTQVTVSS
seq13848,QVQLQESGGGSVQAGGSLRLSCAASGLTYSNYCMGWFRQAPGKAREVVARISTRGIKTYYADSVNGRFTISRDNAKNMVYLQMNSLKPEDTAIYYCAAVIYPGYGDSCPWTTSVNYWGQGTQVTVSS
seq13849,QVQLVETGGRQVQTGDSLNLSCAASEHTFSPKVMGWFRQAPGKGREFVATITIRGGRTLYADSVKGRFAISKDGAKNTVYLQMNSLKPEDTAVYYCAASRELAIPPTQPSAYDHWGQGTQVTVSS
seq13850,EVQLVESGGGLVQPGDSLRLSCAASGLSFSRYGMGWFRQAPGKEREFVIAISEYDNVYTADSVRGRFTISRDNSKSTVYLQMNSLKSEDTAVYYCAASPTILLSTDEWYKYWGRGTQVTVSS
seq13851,EVQLVESGGGLVQPGGSLRLSCATSGIIFSNNAMGWYRQAPGKKRDLVASISNSGSANYADSVKGRFTVSRDNDKNTGYLQMNSLKPEDTGVYYCTVDARRGWNTAYWGQGTQVTVSS
seq13852,EVQLVESGGGLVQPGGSLRLSCAASGRTFSTHAMGWFRQAPGKEREFVAAITPINWGGRGTHYADSVKGRFTISADNSKNTAYLQMNSLKPEDNAVYYCAAKRLRSGRWTWGQGTLVTVSS
seq13853,QVQLQESGGGLVQPGGSLRLSCLVSGGTFSWYAMGWFRQAPGKEREFVATVSRGGGSSYYADSVKGRFTISRDNAKNTVYLQMNSLKPEDTAVYYCAAGRGAPSDTGRPDEYDYWGQGTQVTVSS
seq13854,EVQLVESGGGLVQPGRSLTLSCAASTNIFSITPMGWYRQAPGKQRELVAAIHGESTLYADSVKGRFTISRDNAKNSIYLQMNSLRPEDTALYYCNKVPWGDYHPRDVYWGQGTQVTVSS
seq13855,QVQLVETGGGLVQAGDSLRLSCAASGRTLSFNTYAMGWFRQAPGKEREFVASITWNGGSTSYADSVKGRFTITRDNAKNTATLRMNSLQPDDTAVYYCAAARYYVSGTYFPANYWGQGTQVTVSS
seq13856,QVQLQESGGGLVQAGGSLRLSCAASGRTFSTYPVGWFRQAPGKEREFVAVILWSGVSTYYADSVKGRFTISRDNAQNTVYLQMDSLKPEDTAVYYCAVPRSHFTTAQDMGQDMGAPSWYEYWGQGTQVTVSS
seq13857,QVRLVESGGGSVQAGGSLRVSCLVSKLTAWRSCVGWFRQAPGKEREGVAAIYSGTGSTYYADSVKGRFTIAQDYAKNMVYLQMNSLKPEDTAMYYCAGTSIRSSCGLVRDEYAYWGQGTQVTVSS
seq13858,IQLVESGGGSVQAGGSLRLSCAASGDSYSVNYMGWFRRAPGQQREQREEVASIYATGGTFYRDSVKGRFTISRDNAKNTLYLQMTALKPEDTAMYYCAAGKWGTDYWGQGTQVIVSS
seq13859,VQLVESGGGLVQPGGSLRLSCVVSGSDFNTYIMGWYRQVPGKPRELVADITTEGKTNYGGSVKGRFTISRDNAKNTVYLQMFGLKPEDAGNYVCNADWKMGAWTAGDYGIDYWGKGTLVTVSS
seq13860,EVQLVESGGGLVQPGGSLRPSCTTSGLDFGIHWMYWFRQAPGKELEWVAEINTNALITKYADSVKGRFTISRDNAKNTLFLQMNDLKSEDTAVYYCSNTQNGAAKGQGVQVTVSS
seq13861,EVQLVESGGGLVQSGGSLRLSCSASRYIFSTYGMGWFRQAPGKEREFVATISWGGTTTSYADSVKGRFTISRDNAKNTVYLQMNSLKPEDTAVYYCARNSDSSWSRDAYEYDDWGQGTQVTVSS
seq13862,EVQLVESGGGLVQPGGSLRLSCAASGRFFSTYSMGWFRQVPGKEREPVAAVNWNGISTYYADSVKGRFTISRDNAENTVYLQMNSLKPEDTAVYLCARKRFQYIFGSQQPESDFDSWGQGTQVTVSS
seq13863,QLVESGGGLVQPGGSLRLSCAASGFTLDSYAIGWFRQAPGKEREGVACISASGSGTDYVDSVKGRFTVSRDQAKSMVFLQMNNMKPEDAAVYYCAADYRPRPLPIQAPCTMTGGNYWGQGTQVTVSS
seq13864,QVQLQQSGGGLVQAGDSLRLSCAASGRTFSSYAMGWFRQAPGKEREFVAAISRSGGTTYYADSVKGRFTISRDNAKNTVYLQMNTLKPEDTAVYYCAANPYGSSSYQGQYGSWGQGTQVTVSS
seq13865,EVQLVESGGGLVQAGGSLRLSCAASGFSLDYYAIGWFRQAPGKEREGISCISGRGGSTYYIDSVKGRFTISRDNAKNTVYLQMNSLKPEDTAVYYCAADPIHNCYSGSHYYSPEAVYEYWGQGTQVTVSS
seq13866,QVQLQESGGGLVQPGESLRLSCAVSGSTSSKNAMAWYRQAPGKRRELVAGISGGGATNYPDSVKGRFTISRDNAKNTVYLQMSSLKPEDTAVYYCNLWPPRASPGGGVYWGQGTQVTVSS
seq13867,DVQLQESGGGSVQAGGSLRLSCARSGGTVSIPYMAWFRQGPGKEREGVAAIYDGRAKTYAGSLQGRFTISQDNDKNTLYLQMNSLKPDDTAVYYCAAGNGGGNWLRPSEYNYWGKGTQVTVSS
seq13868,EVQLVESGGGLVQAGGSLRLSCAASGGTFSFYGMGWFRQAPGKEQEFVADIRTSAGRTYYADSVKGRFTISRDNAKNTVYLQMNSLKPEDTAVYYCAAEMSGISGWDYWGQGTQVTVSS
seq13869,QVQLQESGGGLVRTGDSLRLSCAASGRTFNGYAMAWFRQAPGKGREFVAAVTWSSGTTNYAGSVKDRFTVSRDNANNTMYLQMNSLKPEDTAVYICGAASGYRSTDRLSDPAWTNYWGQGTQVTVSS
seq13870,EVQLVESGGGEVQPGGSLRLSCAASGRTISDYVVGWFRQAPGKERAFVAAISRYGTTYYAASVQGRFTISRDNPRNTVYLQVDSLRAEDTAVYYCAALQNDVRNNHSPTSYDYWGQGTLVTV
seq13871,DVQLVESGGGVVQPGGSLRLSCAASGSIASIHAMGWFRQAPGKEREFVAVITVSGGITYYADSVKGRFTISRDPSKNTVYLQMNSLRPEDTALYYCAGDKHQSSFYDYWGQGTLVTVSS
seq13872,MAESGGGSVQTGGSLRLSCAYTASSVCMAWFRQAPGKEREGVAVTRDGLTQTGYADSVKGRFAISQDYAKKTLYLQMSSLKPEDTARYYCAARPTSPCTVDGELLASTYNYWGQGTQVTV
seq13873,NVKLVEKGGNFVENDDDLKLTCRAEGYTIGPYSMGWFRQAPNDDSTNVSCINMGGGITYYGDSVKERFDIRRDNASNTVTLSMDDLQPEDSAEYNCAGDSTIYASYYECGHGLSTGGYGYDSHYRGQGTDVTVSS
seq13874,EVQLVESGGGLVQAGGSLRLSCTTSGSIFSLSGMGWFRQAPGKQREPVAVITSGGATNYAPYAKGRFTISRDNAKNTVYLQMNSLKPGDTAVYYCALDSPDRSLGAPPFDYWGQGTQVTVSS
seq13875,EVQLVESGGGLVQAGGSLRLSCAVSGGTFDDYAIGWFRQAPGKEREGVSYIGCNDGSTYHADSVKGRFTISCDYAKNTVYLQMNNLKPEDTAVYYCAAAAQWATIRWIQEYYYDYWGQGTQVTVSS
seq13876,DVQLVESGGGVVQPGGSLRLSCAASGSTISSYVMGWFRQAPGKEREFVAAISRSGGYTYYADSVKGRFTISRDNSKNTVYLQMNSLRPEDTALYYCAAGRYSAWYSQSYEYDYWGQGTLVTVSS
seq13877,EVQLVESGGGLVQPGGSLRLSCATSGTIFRSNAMGWYRQAPGKKRDLVASISISGSTNYADSVKGRFTVSRDNDKNTGYLQMNSLKPEDTGVYYCTVDARRGWNTGFWGQGTQVTVSS
seq13878,EVQLVESGGGLVQTGASLRLSCAASGRTFSNYAMGWFRQAPGKERERVAAITPRAFTTYYADSVKGRFTISRDNAKNTAYLQMVSLKPEDTAVYYCAAQLVGSGSNLGRQESYAYWGQGTLVTVQS
seq13879,QVQLVESGGGVVQPGGSLRLSCAASDSIDSLVNMGWYRQAPGKQRELVALIANYITHYADFVKGRFTISRDNSKNTLYLQMNSLRAEDTAVYYCYARNIYVDYWGQGTLVTVSS
seq13880,EVQLVESGGGLVQTGGSLRLSCAASGRTFSSYTMGWFRQAPGKDREYVAAISRSGSLKGYADSVKGRFTISRDNAKNMAYLQMNSLKPEDTAVYYCAAAPVPWGTRPSLLTYDSWGQGTQVTVSS
seq13881,DVQLVESGGGLVQPGGSLRLSCVASGFTFSSFAMTWVRRPPGKGLEWVATITNGGVTSYRDSVKGRFTISRDNAKNTLYLEMTSLNPEDTAVYICANARRTGPRAPTDIGSYRGQGTLVTVSS
seq13882,VQLQESGGGSVQAGGSLRLSCATSGFPFSTYCMGWFRQVPGKEREGVAGIYISHGQTYYADSVKGRFTISRDDKKKTLYLQMEALNPEDTAMYYCAAGDRWYCPADSWSRPERYPFWGQGTQVTVSS
seq13883,VQLQESGGGLVQAGGSLRLSCAVSGFTFDNYAIGWFRQAPGKEREGVSCISRSDGSTYYADSVRGRFTISSDNAKNTVYLQMNSLKPEDTAVYYCAAETSADSGEFRFGWVLKPSLYDYWGQGTQVTVSS
seq13884,DVQLVESGGGSVQAGGSLRLSCAASGLTISTACMGWFRQAPGKEREGVASINKGIGGTWYAASVKGRFTISQDNAKNTVYLQMNSLEPEDTGIYYCAADLSRLCQYRMTAPRDFAHRGQGTQVTVTS
seq13885,QVQLQESGGGLVQTGGSLRLSCAASGRTFGGYAMAWFRQAPGKGREFVAAVTWSSGTTNYAGSVKDRFTVSRDNANNTMYLQMNSLKPEDTAVYICGAASGYRSTDRLSTPEWINYWGQGTQVTVSS
seq13886,QVQLVESGGGLVQAGDSLRLSCAASGRTFSDYAMGWFRQAPGKEREFVARINWSGTLTYYADSVKGRFTGSRDNAKNTVYLQMNSLKPEDTAVYYCAQRGDSGSNYDPSGYRYWGQGTQVTVSS
seq13887,QVQLQESGGGLVQPGGSLRLSCVASGFTFDSPWMYWVRQTPGKGLEWVSGIHTSRSIRKYADSVKGRFTISKDNAKNTVYLEMNDLKPEDTAPYYCATDMSGSLRGQGTQVTVSS
seq13888,EVQLVESGGGLVQAGGSLRLSCAASGPTFSTMGWFRQAPGKEREFVATIPWSGGIPYYSDSVKGRFTMSRDNAKNTADLQMNSLKPEDTALYYCAGSSRIYIYSDSLSEGSYDYWGQGTQVTVSS
seq13889,EVQLVESGGGLVQAGGSLRLSCVASGISSSKRNMGWYRQAPGKQRESVATISSGGNKDYTDAVKDRFTISRDTTKNTVYLQMNSLKPEDTAVYYCKIEAGTGWATRRGYTYWGQGTLVTVSS
seq13890,EVQLVESGGGLVQAGGSLRLSCAASGFTLSDYAMGWFRQAPGKEREFVSAISRDGTTTYYADSVKGRFTISADNAKNTVYLQMNSLKPEDTAVYYCAAVPTSQYATDYWGQGTQVTVSS
seq13891,QVQLQASGGGSVQAGESLTVSCSVSGNIYDINTMAWYREAPGKQRELVASIGPNGNSDYANGVRGRFTVSRDSVKNTVDLQMTNLKVDDTASYYCNVKTGRGRNLYSDWGDGTQVTVSS
seq13892,MQLVESGGGSVQAGGSLRLSCTVSGYTDYRLVLRWYRQALGKEREFISAIYSDGVTSYSDSVKGRFTISRDNAKNTAYLQMNSLKSEDTAMYYCKATGSGGVAYWGQGTQVTVSS
seq13893,VQLQESGGGLVRAGGSLRLSCAASGTFDSRNAMGWYRQAPGKRREWVATITTDGRTNYADSVKARFTISRDNAKNTVYLQMNSLKPEDTAVYYCNAAPPIFGSWGQGTQVTVSS
seq13894,DVQLVESGGGLVQPGGSLRLSCTFSGGTFSSYTMGWFRQAPGKEREFVAEVRWGGVTTYSNSLKDRFSISEDSVKNAVYLQMNSLKPEDTAVYYCAAVRQMYMTVVPDYWGQGTLVTVSS
seq13895,EVQLVESGGGLVQPGGSLRLSCAASGLTLDYYALGWFRQAPGKEREGVSCISSADHSTTYADSVKGRFTISWDNAKNTVYLQMNSLKPEDTAVYYCAADPALGCYSGNYYPRYDYWGQGTQVTVSS
seq13896,EVQLVESGGGLVQAGGSLSLSCTVSGGTFRNYGMGWFRQFQGKEREFVAAISRSGGHIFYSESVKGRFTISRDNAKNMVSLQMNSLKPEDTAVYYCAARFRSGDGTYYYQRAFYDFWGQGTQVTVSS
seq13897,EVQLVESGGGLVQPGGSLRLSCAASGRTFSTYNMGWFRQAPGKEREFVAAINWSGGITWYADSVKGRFTISADNSKNTAYLQMNSLKPEDTAVYYCAAEPPDSSWYLDGSPEFFKWGQGTLVTVSS
seq13898,DVQLVESGGGLVQPGGSLRLSCAASGSIGGLNAMAWYRQAPGKERELVAGIFGVGSTRYADSVKGRFTISRDNSKNTVYLQMNSLRPEDTAVYYCRMSSVTRGSSDYWGQGTLVTVKS
seq13899,EVQLVESGGGEVQPGGSLRLSCAASGSGFSASLMSWHRQAPGKQRDLVASITRDGRANYVESVKGRFTISRDNAKNTLYLQMSSLRAEDTAVYYCHAYSFDYPIRSYWGQGTLVTVKP
seq13900,EVQLLESGGGLVQPGGSLRLSCAVSGDTFSVYGMGWFRQAPGKGREFVAGISWNAGITAYTDTLKGRFTISRDRAKNTMYLQMNSLQPEDTAVYYCAADVTRHYIATRSKVDASMYDYWGQGTLVTVSS
seq13901,EVQLVESGGGSVQPGGSLRLSCAASGSIVGINAMGWYRQALGKQRELVATIGNGGNTNYADSAKGRFSISRHNAKNSVYLQMNSLKPEDTAVYFCNLKQPENHAITNYWGQGTQVTVSS
seq13902,QVQLQESGGGLVQAGESLRLSCAASGSTFSINVMGWYRQAPGEQRELVATISRGGSTNYADSVKGRFTISRDNAKVTVYLQMDSLKPEDTAVYYCNAAGWVGVTNYWGQGTQVTVSS
seq13903,QVKLEESGGGLVQPGGSLRLSCTDSGRTFSVKPMGWFRQAPGMEREFVAAASFTGVSTFYADSVKDRFTIFRDKDKNTMDLQINSLKPEDTGAYYCAGTTRTLWGSKWRDVLEYEYWGQGTQVTVSS
seq13904,QVQLQESGGGLVQAGGSLRLSCAASGFSSDDYTIGWFRQAPGKEREGISCYSSSDGSTGFADSVKGRFTISSDNAKNTVYLQMNSLRPEDTAVYYCAADFNVWSPPICGSRWYGPPPGGMAYWGKGTQVTVSS
seq13905,VQLQESGGGLVQPGGSLRLSCAASGRVFSINAMGWYRQAPGKQRELVAAITNQGATTYADSVKGRFTISRDTAGNTVYLQMNSLRPEDTAVHYCKAFTRTDDYWGQGTQVTVSS
seq13906,QVQLQESGGGLVHTGGSLILSCAASRSFFIFDVMGWYRQAPGNHREFVTSITNGGNVYYVDSVKGRFNIPKDDSNTTMYLEMNSLKPEDTAVYTCYGQIHKPRVTTSWGQGTQVTVSS
seq13907,QVQLVESGGGLVQAGGSLGLSCAASGRSFSSYTMGAIRWSGESPIYADSVKGAIRWSGESPYYADSVKGRFTISRDNAKNTLYLQMNSLKPEDTAVYYCAARLVPPGIPIERTLENMNYWGKGTLVTVSS
seq13908,EVQLVESGGGLVQAGGSLRLSCAASGFALDYYAVGWFRQAPGKEREGVSCISSRGGSTFYADSVKGRFTTSRNNAKNTVYLQMNSLKPEDTAVYYCAAHPLQNCCGGSAYASPEAVYEYWGQGTQVTVSS
seq13909,EVQVQESGGGLVQPGGSLRLSCAASGSIFNIPVMSWYRQAPGKQRELVAGISTGGTTNYGDSVKGRFTISRDNAKTTVYLQMNSLKPEDTAVYYCNVLVISGIGSHLEVWGQGTLVTVS
seq13910,QVQLVESGGGLVQPGGSLRLSCAASGSTWSINTLAWYRQAPGKQRDLVARISSGGSTHYADSVKGRFTVSRDNAENTLVLQMNSLKPEDTAVYYCYAQSTWYPPSWGQGTQVTVSS
seq13911,EVQLVESGGGLVQAGGSLRLSCAASGRTVSSSTMGWFRRAPGKEREFVAAISWNGGTHYADYFVKGRFTLSRDNAKNTVYLQMNSLKPEDTAVYYCAAPISSYVGGNYYSAAFYHYWGQGTQVTVSS
seq13912,QVQLVESGGGSVQAGGSLRLSCVVSGYSGSNNCMGWFRQAPGKEREGVATIAGRDGSTMYGNSVKGRFTISRDDAVNTMYLQMNNLKVEDTATYYCAHSRGYCRTLNLWEAHGYNYWGRGTQVNVSS
seq13913,DVQLQESGGGSVQAGGSLRLACAATAYTYDSNVLGWFRQAPGKEHEGVAVIYTGTRTTYYADSVKGRFTISQDNAKNTVYLQMNSLKPGDTAMYFCAANVRLGGVWSFDYRGQGTQVTVSS
seq13914,EVQLVESGGGLVQAGGSLRLSCATSGRTRSRYTMGWFRQAPGKEREFVAAISWSDDSTYYRDSVKGRFTISRDNAKKTVYLQMNTLKPEDTAVYYCAADSAFGTGYSDNYYSTSEEYDYWGQGTQVTVSS
seq13915,EVQLVESAGGLVQAGGSPGLSSSDSGLLFSRHSAGWYRPAPGKRREFVARIRMGGSINYADSVKGRFTVSRDNAKNMMYLQMNDLKPEDTAVYFCSGWREGFYEYWGQGTQVTVSS
seq13916,EVQLVESGGGLVQAGDSLRLSCAATGRTFSSDAMGWFRQAPGKERAFVAGINYNSVYRYYTDSVEGRFTISRDNAKNTVYLQMNSLKPEDTAVYYCAADSDYYSLIGGRPVNYWGQGTQVTVSS
seq13917,EVQLVESGGGTVLAGDSLRLSCVASEHTFSWNTMAWFRQAPGKEREFVAAVTWSSGSTYYADSVKGRFTISRDNAENTVFLQTHSLKPEDTAVYYCAAGARVCFGVRWCAPEATYNYWGQGTQVTVSS
seq13918,EVQLVESGGGLVQPGGSLRLSCAASGRTFSINAMGWFPQAPGKERELVAAISWSGESTQYADSVKGRFTISADNSKNTAYLQMNSLKPEDTAVYYCAAFDGGSGTQWGQGTLVTVSS
seq13919,QVHLVESGGASVQAGGSLRLSCAATAYTASNYCMGWFRQSPGKEREAVASINDDGVTSYADSVKGRFTISQDSAKKTLYLQMNRLKPEDTAMYYCAATPDGYCYAERLSRWRYEFWGQGTQVTVSS
seq13920,EVQLVESGGGSVQAGGSLRLSCAASGVSNTDMIMIWFRQAPGKESEGVLAAIYKNSTYYADSVKGRFTISQDNAKNTVYLQMNSLKPEDTAIYYCAAIRAVIGRHIRPHIYWGQGTQVTV
seq13921,QVQLQESGGGLVQAGGSLRLSCAASGGTFSRLTLGWFRQAPGEEREFVAAVSWVAEMTDYADSVKGRFSISRDNSKNTVYLQMNSLKPVDTAVYYCAAGPRDMVRSRNIRSYDSWGQGTQVTVSS
seq13922,EVQLVESGGGLVQAGGSLRLSCAASGGRTFSRVVAGWFRQAPGKEREFVAAISWDGVQTYYTDSVEGRFTVSRDSAKITVFLQMDNLKPEDTAVYYCAADKGVYTTVSRSMADYGAWGQGTQVTVSS
seq13923,QVQLQESGGGSVQAGGSLRLSCAASGRTFSKNAMGWFRQAPGKEREFVVAISWSGRNTYYADSVKGRFTISRDNAKNTVDLQMNSLKPEDSAVYYCAVGGDWRVYDISFYYTAHQYEYWGQGTQVTVSS
seq13924,AVQLVESGGGLVQAGESLRLSCTSSGRAFSYYNTGWFRQAPGKEREFVAAISWSGGLTYYADSVKGRFTISRDNAKDMVYLQMASLKPEDTAVYYCAANRRQKTVQMGERAYDYWGQGTQVTVSS
seq13925,QVQLVESGGGLVQAGGSLRLSCAASGRIFSINAMGWYRQAPGKQRELVAAISTAGSTNYGDSVKGRFTISRDNAKNTVYLQMNSLKPEDTAVYYCNLNFPPYVYWGQGTQVTVSS
seq13926,EVQLVESGGGLVQPGGSLRLSCAASGRTFNNYAMGWFRQAPGKEREFVAAITRSGVRSGVSAIYGDSVKDRFTISRDNAKNTLYLQMNSLRPEDTAVYYCAASAIGSGALRRFEYDYSGQGTLVKVSS
seq13927,QLQLVESGGGLVQPGGSLRLSCAASGFAFSSYVMTWVRQAPGKGLEWVSSIYSDGSHTYYADSVKDRFTISRDNAKNTLFLQMNSLKSEDTAVYYCAKDAEYYSGSYYYTDTKYDYWGQGTQVTVSS
seq13928,QVQLVESGGGLVQAGGSLSLSCAASGGDFSRNAMAWFRQAPGKEREFVASINWTGSGTYYLDSVKGRFTISRDNAKNALYLQMNNLKPEDTAVYYCARSTVFAEITGLAGYQSGSYDYWGQGTQVTVSS
seq13929,EVQLVESGGGLVQPGGSLRLSCAASGFTFDRSWMGWFRQAPGKERELVASITSGGSTSYADSVKGRFTISADNSKNTAYLQMNSLKPEDTAVYYCAADVWYGSTWRNWGQGTLVTVSS
seq13930,QVQLQESGGGLVQAGGSLRLSCTASGRTSSRGGMSWFRQAPGKDREFVAAISWNIGITYYGDSVKGRFTVSRDNAKNTVYLQMNSLKPEDTALYYCAAGPRYENPHYWGQGTQVTVSS
seq13931,EVQLVESGGGLVQPGGSLRLSCAASGRTFGDDTMGWFRQAPGKEREFVAAINWSGGYTPYADSVKGRFTISADNSKNTAYLQMNSLKPEDTAVYYCATDPPLFWGQGTLVTVSS
seq13932,EVQLLESGGGLVQAGGSLRLSCAASGRTYAMSWFRQAPGKEREFVSAINALGTRTYYADSVKGRFTISRDNSKNTLYLQMNSLRPEDTAVYYCTAQGQWRAAPVAVAAEYEFWGQGTQVTVSS
seq13933,EVQLVESGGGLVQAGGSLRLSCAASGITLDDYAIGWFRQAPGKERVGVSSIRDNDGSTYYADSVKGRFTISSDNDKNTVYLQMNSLKPEDTAVYYCAAVPAGRLRFGEQWYPIYEYDAWGQGTLVTVSS
seq13934,EVQLVESGGAFVQPGGSLRLSCAASGSDVWFNVMGWYRQGPGQQLELVASITYGGNINYGDPVKGRFSISRDNALKTVYLQMNSLKPEDTAVYYCYADLPSRLWGQGTQVTVSS
seq13935,EVQLVESGGGEVQPGGSLRLSCAASERPFGTYAMGWFRQAPGKERDLVAAVSRNGGASQYAESVKGRFTISRDNAKNTVYLQMSSLRAEDTAVYYCAARSAAYSRSSEVYTGKDEYYYWGQGTLVTVKP
seq13936,EVQLLESGGGEVQPGGSLRLSCAASGLTFPNYGMGWFRQAPGKEREFVSAIYWSGGTVFYAESVKGRFTISRDNAKNTVYLQMSSLRAEDTAVYYCAVTIRGAATQTWKYDYWGQGTLVTV
seq13937,QVQLQESGGGSVQVGGSLRLACAASGDTFSGYLAAWFRQAPGKEREGVAAINSVRHTTSYADSVKGRFTISKDNADNMMYLEMNGLKPEDTAIYYCAAADAIGLAEYWSTPTLSAARYKYWGQGTQVTVSS
seq13938,EVQLVESGGDLVQPGGSLRLSCAASGSIFSINDMGWFRQAPGKQRELVADIISRGVTNYADSVKGRFTISGDPAKNTVYLQMNSLKPEDTAVYYCNAHISTGWGRPHNNYWGQGTQVTVSS
seq13939,EVQLVESGGGLVQPGGSLRLSCAASGFTLDYYNIGWFRQAPGKEREGVSCVSSSGGSTYYADSVKGRFTISRDNAKNTVYLQMNSLKPEDTAVYYCATLNLFTTCDGPWGYEYDYYGQGTQVTVSS
seq13940,QVQLQESGGGLVQAGGSLRLSCAASGGIFSISTMNWYRQAPGKRRELVAAISSGGSTNYADSVKGRFTISRDNSKNTVYLQMNSLKPEDTGDYYCNAYWRAADLNFWGQGTQVTVSS
seq13941,QVQLQESGGGLVQAGGSLTLSCAASGSIFSINAMGWYRQGDLVAGFTSEGSAKYADSVKGRFTISRDDAKNMVTLQMNSLKPEDTAVYYCAADIFSDRDHVDWYWGQGTLVTVKP
seq13942,QVQLQESGGGLVQPGGSLRLSCAASESVRSINTMGWYRQAPGKQRELVAAITESGTTNYADSVKGRFTISRDNAKNTVYLQMNSLKPEDTAVYYCNADRVLYYSSGSYHAGNDYWGQGTQVTVSS
seq13943,EVQLVESGGGLVQSGGSLRLSCTASGRTFDNYAMGWFRQAPGKEREFVAAISWALSRTHYVDSVKGRFTISRDNAKDTVQLQMSSLKPEDTAVYYCAAAPRPKRVSFSYFSTSSNYEYWGQGTQVTVSS
seq13944,EVQLQESGPGLVKPSQTLSLTCTVSGGSITPRYYVWTWIRHPPGKGLDWIGVIDYDGDTYYSPSLKSRTTISWDTSKNQFSLQLSSVTAEDTAVYYCARYPDVVTGFHYDYWGQGTQVTVSS
seq13945,QVRLVESGGGSVQAGGSLRLSCEATGYRNCMAWFRQAPGKEREGVAVIYTPSGITDYASSVKGRFTISQNNARNTQYLQMNSLKPEDTAMYYCAADRPFVCNIANMRRSSNWGRGTQVTVSS
seq13946,EVQLLESGGGLVQPGGSLRLSCAASGRTYAMGWFRQAPGKEREFVAAINALGTRTYYADSVKGRFTISRDNSKNTLYLQMNSLRPEDTAVYYCTAQGQWRAAPVAVAAEYEFWGQGTLVTVSS
seq13947,EVQLVESGGGLVQPGGSLRLSCVASGFSLDYYVIGWFRQAPGKEREGVSCISSSDGSTYYADSVKGRFTISRDNAKNTVYLQMNSLKPEDTAVYYCAADLLRTPEFCVDSAPYDYWGRGTQVTVSS
seq13948,LQESGGGLVQAGGSLRLSCAASESISSINVMGWYRQAPGKQREWVATIVHSGGGTDYAESVKGRFTISGDAAKNTVYLQMNSLKPEDTAVYYCNQVSQWRAYWGQGTQVT
seq13949,EVQLVESGGGLVQAGGSLRLSCEASGRTYSRYGMGWFRQAPGKEREFVAAVSRLSGPRTVYADSVKGRFTISRDNAENTVYLQMNSLKPEDTAVYTCAAELTNRNSGAYYYAWAYDYWGQGTQVTVSS
seq13950,QVQLQESGGGLVQPGGSLRLSCAASGNSANIFSFASVAWYRQAPGKQRELVAVITSAGGTKYSDSVKGRFTISRDNAKNTILLQMNSLKPEDTAVYYCNVDYLQDYWGQGTQVTVSS
seq13951,EVQLVESGGGLVQAGGSLRLSCAASGFTFDEYAIGWFRQAPGKEREGVSYISSSDGSTYYADSVKGRVTSSSDNAKNTVYLQMNSLKPEDTAVYYCAARPTLRVRLDNDRHHLLYEYEYDYWGQGTQVTVSS
seq13952,QVQLQESGGGLVQAGDSLRISCRASGLTVNDLYMGWFRQAPGKEREFVGRVTPGDNTDYTYYVDSVKGRFTISRDSAKNTVYLQMNSLKLEDTAVYLCAGRRFGSSEWDYWGQGTQVTVSS
seq13953,QVQLVESGGGSVQAGGSLRLTCAATGYSWRPDCMGWYRQAAEKEREGVAVIDADGITSYADAAKGRFTISRDNNKITLYLQMLKPDDTGMYVCVVGWRVSSGGNCQFNDYWGQGTQVTVSS
seq13954,EVQLVESGGGSVQAGGSLRLSCTASGRPFDNYAMAWFRQAPGKEREFVGAISWSLSRTNYADSVKGRFTISRDNAKNTAFMQMSSLKPEDTAVYYCAAAPRPKWVSVRYFSTSSNYDYWGQGTQVTVSS
seq13955,QVKLEESGGGSVQAGGSLRLSCAASGYTFSNNCMGWYHQAPGKEREGVAAIYGGGGTWYADSVKGRFIISQDNAKNTMDLQMNGLKPEDSGMYYCAAESAGVGDCYSGSWNWGQGIQVTVSS
seq13956,EVQLVESGGGLVQPGGSLRLSCATSGTIFSNNAMGWYRQAPGKKRDLVASISSSGSTNYADSVKGRFTVSRDNDKNTGYLQMNSLKPEDTGVYYCTLDARRGWNTAYWGQGTQVTVSS
seq13957,EVQLVESGGGVVQAGGSLRLSCAASGSIASIHAMGWFRQAPGKEREFVAVITWSGGITYYADSVKGRFTISRDNAKNTVYLQMNSLKPEDTALYYCAGDKHQSSWYDYWGQGTLVTVSS
seq13958,EVQLVESGGGEVQPGGSLRLSCAASGSDFSINAIGWYRQAPGKQRDMVAGFTGEGVTTYAESVKGRFTISRDNAKNTVYLQMSSLRAEDTAVYYCAADVKIGGDYEWFWGQGTLVTVKP
seq13959,QVQLVESGGGLVQPGGSLRLSCVVSESISVINAMTWYRQAPGKQRELVALISRGGSTNYADSVKGRFTISRDNAKNSVYLQMNSLKPEDTALYYCNVVPPLGSWGQGTQVTVSS
seq13960,EVQLMESGGGLVQAGGSLRLSCAASGRTFSGYTMGWFRQAPGKGREWVAGISWSGDSTYYADSVKGRFTISREDAKNTVYLQMNSLKPGDTADYYCAAECAMYGSSWPPPCMDWGQGTQVTVSS
seq13961,EVQLVESGGGWVQPGGSLGLSCTAGRSAFSINDMGWYRQPPGKQREVVAIITFDGSANYADSVKGRFTISRRNYNNTVYLQMNNLKPEDTAVYYCNADAAASPRGGYNEYWGQGTQVTVSS
seq13962,QVTLRESGGGLVQPGGSLRLSCAASGLTFGLYAMTWFRQAPGKDREGISCISSSDGSTIYADSVKGRFTASRDNAKDTMYLQMNNLNPEDTAVYYCATDYETRCDYGLRLRDRTAYWGPGTQVTVKP
seq13963,QVQLQESGGGLVQPGGSLRLSCAASGFSLRYFGIGWFRQAAGKEREGISCSNVRDGNTYYADSVKGRFTISRDNVRNMLYLQMNNLKPDDTAVYSCATTDCEATTWGTYRGYFGQGTQVTVSS
seq13964,AVQLVESGGGSVQAGGSLRLSCVASEFRYCVYTISWFRQAPGKEREFVSSINRDGITTYADSVKGRFTISQNNAKNTVFLQMDSLQPGDTAMYFCKTNPPSGSRACPYDVWGQGTQVTVSS
seq13965,DVQLVESGGGLVQPGGSLRLSCAASGEIASIIAIGWYRQAPGKQRESVALITRSGMITYGDSAQGRFTISRDDAKNTVYLHMDDLVPEDTAVYYCNAKKVSFGDYWGQGTQVTVS
seq13966,EVQLVESGGGLVQPGGSLRPSCVASGDVHKINFLGWYRQAPGKEREKVAHITIADQADYADSAKGRFTISRDEAKNMVYLQMNSLKPEDTAVYFCRAGSRIYPYDYWGQGTLVTVSS
seq13967,EVQLVESGGGPVQAGGSLRLSCANSGRTYRGYSMAWFRQSPGKERGFVAAITWSEGNAYYEDFVKGRFTISRDNAKNTLYLQMTNLKPEDTALYYCAAKIRPYIFKIAGQYDYWGQGTLVTVSS
seq13968,EVQLVESGGGLVQAGGSLRLSCAASGRTFSRSAMGWFRQAPGKEREFVGFITGSGGTTYYGESVKGRFTISRDNAQNPVYLQMNSLKPEDTAVYYCGVYRRTYISITYSESSDYDYWGQGTQVTVSS
seq13969,EVQLVESGGGSVQAGGSLRLSCAYTGRNNYMGWFRQAPGMEREGVAAIHTGGVWTYYSDSVKGRFTISQDNAKNTVYLQMNSLKPEDTAMYYCAADGIYATGRILDPRRYNYWGQGTQVTVSS
seq13970,QVQLQESGGGLVQPGGSLRLSCAASESIRSINAMGWYRQAPGKQRELVATITEGGSTNYADSVKGRFTISRDNAKNTAYLQMNSLKPEDTAVYYCNADRVLYYSGGTYYSGTDYWGQGSQVTVSS
seq13971,EVQLLESGGGEVQPGGSLRLSCAASGLTFPNYGMGWFRQAPGKEREFLAVIYWSGGTVYYAESVKGRFTISRDNAKNTLYLQMSSLRAEDTAVYYCAVTIRGAATQTWKYDYWGQGTLVTVKP
seq13972,QVQLVESGGGSVQAGGSLRLSCVASGDTSGTYCMAWFRQVPGKEREGVASIGGGTILYADPVKGRFTISQDNAKNSVYLEMNSLKPEDAAIYYCAATPTAYGGSFCLMLSGGYNYWGQGTQVTVSS
seq13973,QVQLQESGGGLVQAGDSLRLSCVASGRTFSSLDMGWFRQAPGKEREFVAGISRSGISQYYADSMKGRFTISRDNAKNLVYLQMNSLKPEDTAVYYCAAALTFRGSDLPRDSNYWGQGTQVTVSS
seq13974,EVQLVESGGGLVQPGRSLTLSCAASTNIVSISPMGWYRQAPGKQRELVAAIHGDSTLYADSVKGRFTISRDNAKNSIYLQMNSLRPEDTALYYCNKVPWGDYHPRNVSWGQGTQVTVSS
seq13975,EVQLVESGGGLVQPGGSLRLSCAASGFTLNYYAIGWFRQAPGKEREGVSCISSSDGSTYYADSVKGRFTISRDNAKNTFYLQMNSLKPEDTAVYYCAAEGLGDSDSPCGAAWYNDYWGQGTQVTVSS
seq13976,VLSGSLRLSCAASGRTFSTAAMGWFRQAPGKERDFVAGIYWTVGSTYYADSAKGRFTISRDNAKNTVYLQMDSLKPEDTAVYYCAARRRGFTLAPTRANEYDYWGQGTQVTVSS
seq13977,QVQLQESGGGLVQPGGSLRLSCSASGIIFSMNTMAWYRQAPGKQREVVAQISSDGTTDYADSVKGRFTISRDNGKNMMYLQMNSLKPDDTAVYYCNSLLSYYSSNQHWGQGTQVTVSS
seq13978,EVQLVESGGGLVQAGGSLRLSCAASGGTYSGNAMAWFRQAPGKEREFVAGIDWSSENTRYIDSVKGRFTISRDNAKNTMYLQMNSLKPEDTAVYYCAAGTSWGALASRLEAAYSSWGQGTQVTVSS
seq13979,EVQLVESGGGLVQPGGSLRLSCVASGFRLDDYAIGWFRQAPGKEREAVSCISSSDTSIDYTNSVKGRFTFSRDNAKNTVYLQMNSLKPEDTAVYYCAAAFRCSGYELRGFPTWGQGTQVTVSS
seq13980,EVQLVESGGALVQPGGSLRLSCAASGSIRSINTMGWYRQAPGNQREFVAAVTEGGTTSYAASVKGRFTISRDKAKNTVLLQMDSLKPEDTAVYYCNADRFLYYSAGRYDTGSDIWGQGTQVTVSS
seq13981,HVQLVESGGGSVQAGGSLSLSCATRGYTRRSGCLAWFRQVPGKEREMVAQIQDDGAKHYDSTAEGRFTISKDAAKDTLDLRMTSLKPEDSGMYYCAVDGPVAFCSDYPSDFRGWGQGTQVTVS
seq13982,QVQLQESGGGLVQPGGSLRVSCAASGFTFSSYYMSWVRQAPGKGLEWVSSINTGASSTYYAESVKGRFTISRDNAKNTLYLQMNSLKPEDTARYFCVRGRSVMDYWGKGTLVTVSS
seq13983,QVQLQDSGGGLVQPGGSLRLSCAASETIRASNIMGWYRQAPGKQRDLVATITSDGSTNYTDSVKGRFTISRDGAKDTVYLQMTSLKPEDTAVYYCTFYRPWSTTKYWGRGTQVTVSS
seq13984,VQLQESGGGLVQAGGSLRLSCVASGRTVSNYAMGWFRQAPGKEREFVARITGSGSSTFYADSVKGRFTISRDNAKNAVYLQMNSLKPEDTAVYYCAADRWRSMVTRSYPREYENWGQGTQVTVS
seq13985,EVQLVESGGGLVQPGRSLTLSCAASTNIFSINPMGWYRQAPGKQRELVAAIHGFDTLYADSVKGRFTISRDNAKNSIYLQMNSLRPEDTALYYCNKVPWGDYHPRNVSWGQGTQVTVSS
seq13986,QMQLVESGGDSVQAGGSLRLSCAASGYTYSGVCMGWFRQAPGKEREGVAAIDSDGSTSYADSVKGRFTISKDNAKNTLYLQMNSLKPEDTAMYYCAAAIVGGFNAYCSGGYVLDFGAWGQGTQVTVSS
seq13987,EVQLVESGGGLVQPGGSLRLSCATSESIFSLNMGWFRQGPGKHRELVARISPAGSTYYVDSVKGRFAISRDNAKNTVYLQMNSLKPEDTAVYYCNRVNTALAPWGQGTQVTVSS
seq13988,QVHLVESGGGSVQAGGSLRLSCAASGDRVSTGCMGWFRQGPGEEREGLAQIHNYNIAKYADSVKGRFTISKDNAKNILYLQMNSLKPEDTGLYICTAPVDCSWSMFLQDPLALSPPRGQGTQVTVSS
seq13989,EVQLVESGGGLVQAGGSLRLSCAASGRNFRRNSMGWYRLTSGKQREMVARISNGGTTVYADSVKGRFTISRDNAKNTVYLQMNSLKFEDTAVYYCNAGDYTDSMYWGQGTQVTVSS
seq13990,EVQLQESGGGLVQAGGSLRLSCAASGSTFSNEPFGWYRGAPGKLRELVGTISAGGNTNYVDAVKGRFMISRDNGRRMVYLQMNNLRPDDTAVYYCWNRGYWGQGTQVTVSS
seq13991,QVQLQESGGGLVQAGGSLRLSCAASGRTFNNSAMGAMGWFRQAPGKEREFVATITWSSGSSFYANSVKGRFTISRDNAKNTVYLQMNSLKPEDTAVYYCASRKLGGVVTVVTSYDFWGQGTQVTVSS
seq13992,VQLQEFGGGLVQAGGSLRLSCAASGSTFSITYMAWFRQAPEKQRELVAEMSRRGSTFYADSVKGRFTISRDNTKNTVYLQMNSLEPEDTAVYYCSVGARRDEDDYVYWGQGTQVTVSS
seq13993,EVQLVESGGGLVQPGGSLRLSCAASGSFSNYAMGWFRQAPGKEREFVAAISSSGALTSYADSVKGRFTISADNSKNTAYLQMNSLKPEDTAVYYCWIVGPGPLDGMDVWGQGTLVTVSS
seq13994,QVQLQESGGGLMQAGDSLRLSCTVSGRDFANDAVAWFRQPPGKEREFVVGIGSNNGTLTADSVKGRSTIWRDNIKNTVYLQMSRLTPDDTAVYYCASGPTFFRIARAYPYWGQGTQVTVSS
seq13995,EVQLVESGGGEVQPGGSLRLSCAASGRAINMYAMGWFRQAPGKEREFVAAINWNAAYTQYAESVKGRFTISRDNAKNTLYLQMSSLRAEDTAVYYCSADADYNTYVSPNKRVSYWGQGTLVTVKP
seq13996,DVQLQASGGGLVQAGDSLRLSCVQSGPGRYGVGWFRQAPGKEREFVAAVSGSGGSKYYGDSVQGRFTISKDDAKNTVYLQMNNLKPEDTAVYYCAVRRTYSGSNLWHRSDEYDSWGPGTQVTVS
seq13997,EVQLVESGGGLVQAGGSLRLSCAASGFTFGDYDIGWFRQAPGNEREGVSCITTDVGTTYYADSVKGRFTISSDNAKNTVYLQINDLKPEDTAIYYCAVDTQDLGLDIFCRGNGPFDGWGQGTQVTVSS
seq13998,QVKLEESGGGLVQHGGSLRLSCAASGGTFSNYAMAWFRQAPGKEREFVAAISVSANSAPYYANSVKGRFTISRDNAKNTVYLQMNSLKTEDTAVYYCAARYGTKRYVAREYDSWGQGTQVTVSS
seq13999,EVQLVESGGGLVQPGGSLRLSCAASGSISSINVMGWFRQAPGKEREFVATMRWSTGSTYYADSVKGRFTISADNSKNTAYLQMNSLKPEDTAVYYCAQRVRGFFGPLRTTPSWYEWGQGTLVTVSS
seq14000,EVQLVESGGGLVQPGGSLRLSCAASGRTFGDDTMGWFRQAPGKEREFVAAINWSGGNTPYADSVKGRFTISADNSKNTAYLQMNSLKPEDTAVYYCATDPPLFWGQGTLVTVSS
seq14001,EVQLVESEGGSVQAGGSLRLSCAASGSTFSRYSMNWYRQAPGKQREFVAGISVGRITNYAVSVRGRFTISRDNAEGTGYLQMNSLKPEDTAVYYCNAGGLQGYWGLGTQVTVSS
seq14002,EVQLVESGGGLVQPGASLRLSCTASGSIFSIYAMGWYRQAPGKQRELVAYITSGGSTTYADSVKGRFTISRDNAKNTVYLQMNSLKPEDTAVYYCNRGNYYRDYKPEFWGQGTQVTVSS
seq14003,QVQLQESGGGLVQAGGSLRLSCAASGRTYGGYGMGWFRQVPGKERELVAAIRWSGTSTYYADSVKGRFTISRDNVKNMVYLQMNSLKPEDTAVYHCAARTVRVVDISSPVGFAYWGQGTNVTVSS
seq14004,EVQLVESGGGLVQPGGSLRLSCVASGDVHKINFLGWYRQAPGKEREKVAHISIGDQTDYADSAKGRFTISRDESKNMVYLQMNSLKPEDTAVYFCRAFSRIYPYDYWGQGTLVTVSS
seq14005,VQLQESGGGLVQAGDSLRLSCAASGRTFSRQSMGWFRQAPGKEREFVAVITWSGGSPYYADSVKGRFTISRDNAKNTVYLQMNSLKPEDTAVYYCAAPVSYGSQWLADYWGQGTQVTVSS
seq14006,QVQLQESGGGLVQPGGSLRLSCAASGFTFETQYMTWVRQAPGKGPEYVSSINSGGTIKYYANSSVKGRFTISRDNAKNTLYLQMNNLRPEDTAIYYCQLGQWAGVGAASSRGQGTQVTVSS
seq14007,QVQLQESGGGLVQPGGFLRFSCTASGFTLDHGAIGWFRQAPGQERETVSCTTPSDGATWYPDSVKGRFTISREYAKNTVHLQMNSLKPEDTAVYYCNALHLPTFTTDTGYSFWGEGTQVTVSS
seq14008,QVQLQQFGGGSVQAGGFLTFSCVASGTIGSIDNMSWYRQGPGKQRELVASMSSSGGATYADSVKGRFTITRDNAKNTVCFQMNSLEPEDMAVYYCNADGDTYRYLPFHSWGQGIQVTVSS
seq14009,DVQLVESGGGLVQPGGSLRLSCAASGFTLSNYYMKWVRLAPGKGLECVSAINSAGSNIDYSDSVKGRFTISRDNAKNTLYLQMNSLKSEDTALYYCARALDFSMDYWGQGTQVTVSS
seq14010,QVQLQESGGGLVQTGGSLRLACAASGDSFILYTAGWYRQAPGKERELVAQITSGGTTNYGDFAKGRFTIFRDDAKNMVILQMASLKPEDTAVYYCNAKKVRSWPITEEPRDYWGQGTQVTVSS
seq14011,QVQLQESGGGLVQAGGSLRLSCAASGRTSMVNSMGWHRQAPGKQRELVALITSGGSSNYADTVKGRFTISRDNTKNTVYLQMNDLKPEDTAVYYCFYYFQSSYWGQGTQVTVSS
seq14012,QVQLQESGGGSVQTGGSLRLSCAASTSIYSNNYMAWFRQAPGKGREGVAGVYIGDGRPYYADSVKGRFTISLDSAKNTVYLQMNSLKPEDTAMYYCAAAPGPLSHHYWYTSANYDYWGPGTQVTVSS
seq14013,EVQLVESGGGLVQAGGSLRLSCAASGGTLNNNPMAMGWFRQAPGKEREFVVAIYWSNGKTQYADSVKGRFTISADNAKNTVYLQMNSLKPEDTAVYYCAAALDGYSGSWGQGTQVTVSS
seq14014,VHLVESGGASVQAGGSLRLSCAATAYTASNYCMGWFRQSPGKEREAVASINDDGVTSYADSVKGRFTISQDSAKKTLYLQMNRLKPEDTAMYYCAATPDGYCYAERLSRWRYEFWGQGTQVTVSS
seq14015,QVQLQESGGGLVQPGGSLRLSCAASGFSFGNYAVGWFRQAPGKEREQVSCINDNGGITIYANSVKGRFTISRDNAKNMVYLQMNSLERDDTAVYYCAASDYRLGCDYVSDDNWGQGTQVTVSS
seq14016,EVQLVESGGGLVQPGGSLTLSCVASGTTSSINAMGWYRRAPGKQRELVAGISSDGSKVIADSVKGRFTISRDNAKNSVYLQMNSLRAEDTAVYYCYYFRTVLGSSMRYWGQGTLVTVSS
seq14017,QVQLVESGGGSVQAGGSLRLSCTASGGSEAHVMHKVAPRPSLGWFRQAPGQEREAVAAIASMGGLTYYADSVKGRFTISRDNAKNTVTLQMNNLKPEDTAIYYCAAVRGYFMRLPSSHNFRYWGQGTQVTVS
seq14018,EVQLVESGGGLVQPGGSLRLSCAASGRHHSDYAMAWFRQAPGQEREFVAGIGWSGGDTHYADSVRGRFTISRDNSKNTLYLQMNSLRAEDTAVYYCAARQGQYIYSSMRSDSYDYWGQGTLVTVSS
seq14019,QVQLQESGPGLVKPSQTLSLTCTVSGGSITTNYYYWSWIRQSPGKGLEWIGVIAYDASTDYSPSLKSRVTISRDTSKNQFSLQLSSVTAEDTAVYYCARDVRVIATGWATANALDAWGQGTLVTVSS
seq14020,VQLVESGGGSVQPGGSLTLSCGTSGRTFNVMGWFRQAPGKEREFVAAVRWSSTGIYYTQYADSVKSRFTISRDNAKNTVYLEMNSLKPEDTAVYYCAADTYNSNPARWDGYDFRGQGTQVTVS
seq14021,QVQLQESGGGLVQAGGSLRLSCAASGTIFWQVDMGWYRQAPGKERELVAGITSGTNTYYADSVKGRFTISRDNAKNTVYLQMNSLKPEDTAVYYCAAHWPYNQTYTYWGQGTQVTVSS
seq14022,EVQLVESGGGLVQPGGSLRLSCAASGFTFDDYGMSWVRQAPGKWLEWVSDISWNGGSTYYADSVKGRFTISRDNAENTLYLQMNSLKPDDTAVYYCAKMGEGGWGANDYWGQGTQVTVSS
seq14023,EVQLVESGGGEVQPGGSLRLSCAASGSIFSINAMGWYRQAPGKQRELVAVVSSDGRTTVAPSVKGRFTISRDNAKNTVYLQMSSLRAEDTAVYYCGVREWYSDSDWRDYEGQGTLVTVKP
seq14024,EVQLVESGGGLVQPGGSLRLSCAASGSIFSSNGMGWYRQGPGKTRELVASISSGSRTGYAGSVKGRFAISRDNSKNTVYLQMNSLKPEDTAVYYCNAGGWTSRSGHYSQGHYWGQGTQVTVSS
seq14025,EVQLVESGGGLVQPGGSLRLSCATSGTIFSNNAMGWYRQVPGKKRDLVASISNSGSTNYADSVKGRFTVSRDNDKNTGYLRMNSLKPEDTGVYYCTVDARRGWNTGYWGQGTQVTVSS
seq14026,QVQLVESGGGLVQAGDSLRLSCVGSGLTLDYYGVGWFRQAPGKEREGVSCISRSDGSTYYTDSVKGRFTISRDNAENTVYLQMNSLKPEDTAVYYCAADLWGSSCLVEDFGSWGQGTQVTVSS
seq14027,EVQLVESGGGLVQPGGSLTLSCAASGSSVRFLSMAWYRQAPGKKRELVAGISADGSTDYIDSVKGRFTISRDNAKNSVYLQMNSLRAEDTAVYYCYAYSWTTRYTYWGQGTLVTVSS
seq14028,KVQLVESGGGLVRAGGSLRLSCAASGRTLNPYKVAWFRQAPGKERDFVAVIHWYGITAYADTVKGRFSISRDNAKGTVYLQMDSLKPEDTAVYYCALDSTSALGHATTDFDSWGQGTQVTVSS
seq14029,AVQLVESGGGLVQAGGSLRLSCAASGRTFSRYAMGWFRQAPGKEREFVAGISRTGGSTAYADTVKGRFTISRDNAKNTMYLQMNSLKPEDTAVYYCNTAPTTLRSWGQGTQVTVSS
seq14030,EVQLVESGGDLVQPGGSLRLSCAASGSIFSIDSMGWFRQAPGKQRELVADIISADVTNYADSVKGRFTISGDHAQNTVYLQMNSLKPEDTAVYYCNAHISTGWGRPHNNYWGQGTQVTVSS
seq14031,EVQLVESGGGSVQAGGSLRLSCAASGYTIGPYCMGWFRQAPGKEREGVAAINMGGGITYYADSVKGRFTISQDNAKNTVYLLMNSLEPEDTAIYYCAADSTIYASYYECGHGLSTGGYGYDSWGQGTLVTVSS
seq14032,QVQLQESGGGLVQAGGSLRLSCAASGFIFRAASMGWYRQSPGNERELVATINSGGFTNYADSVKGRFTISRDNAKNTGYLQMNSLKPEDTAVYFCAATFLRSDGQPPIWGQGTQVTVSS
seq14033,EVQLVESGGGLVQAGDSLRLSCAASGRTFTTYGVGWFRQAPGKEREFVTTITWSGSTNYKYYADSVKGRFTISRDNAKNTVYLQMNSLKPDDTAVYYCAASTVLTDPRVPTEYDYWGQGTQVTVSS
seq14034,EVQLVESGGGLVQPGGSLRLSCAASGFTFSGNWMGWFRQAPGKEREFVAGVNSNGYINYADSVKGRFTISADNSKNTAYLQMNSLKPEDTAVYYCAADVWYGSTWRNWGQGTLVTVSS
seq14035,LQESGGGLVQLGGSLRLSCAASGSIFSINRVAWFRQAPGKQREFVAHITYSGSTSYVDSVKGRFTISGDNAWNPVYLQMNSLKPEDTAVYYCYAELPRDVYWGQGTRVT
seq14036,QVQLQESGGGLVQAGGSLRLSCAASGIILRIYDMGWYRQAPGKQRELVAAITSGGSTNYADSVKGRFTISRDNAKSMVYLQMNSLKPEDTAVYYCNAWHVFRGNYWGQGTQVTVSS
seq14037,QVQLQESGGGLVQPGGSLRLSCAASGFTFSNSAMSWMRQAPGKGVEWVSSINIGGGTRRYAESVAGRFTISRDNAKNTLYLQMNSLKPEDTAVYYCAKGLASTIRGQGTQVTVSS
seq14038,EVQLVESGGGSVQAEGSLRLSCAASGDTSRSVWMGWARQVPGKEREVVATISTAGGSTWYTDSVKGRFTISQDNAKNTVYLQMNSLKPEDTAIYYCAARSRYATYWGQGTQVTVSS
seq14039,EVKLVESGGGLVQAGGSLRLSCALSGRIGSINAMGWYRQVSGQQRELVAVSRSGGSTDIADSVKGRFTISRDNGKNTVYLQMDSLKPEDTAVYYCYAHTSSYSNWRVYNNDYWGQGTQVTVSS
seq14040,QVQLVESGGGLVQTGGSLRLSCAASGISFSDAAMGWYRQTPRKSREAVATIGNRGSVSYIDAVKGRFTISRDNAKNTLYLQMNSLEPEDTAVYYCRSFQPDLWGQGTQVTVSS
seq14041,EVQLVESEGGLVQAGGSLNLSCTASGSAFSSSVVGWFRQAPGKEREFVTGINWSGARTYYADSVKGRFTISRDNAKNTAYLQMNSLKPEDTAVYYCASGRDRYARELSEYEYVWWGQGTQVTVSS
seq14042,EVQLVESGGGLVQPGGSLTLSCVASGLTSSINAMGWYRRAPGKQRELVAGISSDGSKVYQDSVKGRFTISRDNAKNSVYLQMNSLRAEDTAVYYCYYFRTNSGSSMRYWGQGTLVTVSS
seq14043,QVQLQESGGGLVQAGGSLRLSCTASGGTLSSYTMGWFRQAPGKERDFVATVARVNGRIYYADSVKGRFIISRDNAKNTVYLQMDSLKPEDTAVYYCAAQEFGYTGGISRAISDYDYWGQGTQVTVSS
seq14044,VQLVESGGGLVQAGGSLRLSCAASGRIFSINAMGWYRQAPGKQRELVAAISTAGSTNYGDSVKGRFTISRDNAKNTVYLQMNSLKPEDTAVYYCNLNFPPYVYWGQGTQVTVSS
seq14045,QVKLEESGGGSVQVGGSLTLSCVVSGDTGSLHYLAWFRQHSGKEREGVASINISGGRTYYADSIKGRFTISRDPGKITLYLKMDNLNSEDTASYYCAAGRTYLRLVASGLSTLSTQAYHYWGQGTPVTVSS
seq14046,QVKLEESGGGLVQAGGSLRLSCAASGGTFSAFPMGWFRQAPGKEREFVAGISQSGGSTHYSDSVKGRFTISKENAKNTVYLQMNSLKPEDTAVYYCAARGGTLALRNYAYTTEVGYDDWGQGTQVTVSS
seq14047,VQLQESGGGLVQAGGSLRLSCAVSGRLFSANTMGWYRQAPGKRRELVATILSSGSTNYADSVKGRFTISRDDAKNTVYLQMNSLKPEDTAVYYCNLAPPPEGYWGQGTQVTVSS
seq14048,EVQLVESGGGLVQTGGSLRLSCAASGFTLDDYAIAWFRQAPGKEREGVSILSSIGKTFYADSVKDRFSITADGAKTTVFLQMNSLKPGDTAIYYCVAGHFVYNDGAISLNTARGSGFWGQGAQVTVSS
seq14049,QVKLEESGGGSVQAGGSLKLSCAASGYKFSICGMGWYRQAPGKQRELVSTITRDGRTTYADSVKGRFTISQDNAKSTLYLQMNGLKPEDTAVYFCAAADQFDCSWVGGYNAWGQGTQVTVSS
seq14050,EVQLVESGGDVVQAGGSLRLSCLASGFTFDDYAIGWFRQAPGKEREGISCISSTGNVFYADSVKGRFTISSDKEKNTLYLQMNSLEPEDTAVYHCAAGHFTVDSGKVLLRTDISSWGQGTQVTVSS
seq14051,EVQLVESGGGLVQPGGSLRLSCAASGFTFSSHAMGWFRQAPGKEREFVAGISWSGESTLTRYADSVKGRFTISADNSKNTAYLQMNSLKPEDTAVYYCADVNGDWGQGTLVTVSS
seq14052,QVQLQESGGGLVQPGGSLTLSCATSPLTLRLGPIGWFRQAPGKEREGVSCISSRDDKNYAESVKGRFTISRDNAKNMVYLQMNSLKPEDTAVYYCATRCTVVPGISWGQGTQVTVSS
seq14053,EVQLVESGGGLVQPGGSLRLSCATSRTIFRSNAMGWYRQAPGKKRDLVASISNSGSTNYADSVKGRFAVSRDNDKNTGYLQMNSLKPEDTGVYYCTVDARRGWNTGYWGQGTQVTVSS
seq14054,QVQLQESGGGLVQAGGFLRFSCTASGNWFPIHTMGWFRQAPGKQREMVATITSDGHTKYLDSVKGRFSIARDGSANTVDLQMSSLKPEDTAVYFCNANVCTRTLLPFRPYWGQGTQVTVSS
seq14055,QVQLQESGGGLVQAGESLRLSCAASGFTFSTYTWDWYRQAPGKQREMVARISRDGITNYADSVKGRFTISRDNAKNTVDLQMNSLKPEDTAVYYCAVVKEDNRYWCHADRNLYRNWGQGTQITVSS
seq14056,EVQLVESGGGLVQAGGSLRLSCAASGRTFSSFAMGWFRQAPGKEREFVAAISWSGGSTYYADSVKGRFTISGDNAKNTMYLQMNSLKPEDTAVYYCAADSEILNSGAYYYPWAYVYWGQGTQVTVSS
seq14057,EVQLVESGGGLVQAGGSLRLSCAASGFPFRINAMGWFRQAPGKERELVTAISSSGSSTYYADSVKGRFTISADNAKNTVYLQMNSLKPEDTAVYYCAASGYYATYYGERDYWGQGTQVTVSS
seq14058,EVQLVESGGGLVQAGGSLRLSCAASGSFFSINAMGWYRQAPGKQRELVASITSGGSTVYADSVKGRFTISRDNYNTVYLQMNSLKPEDTAVYYCNADGVPEWGKVQYPDTYRGQGTQVTVSS
seq14059,EVQLVESGGGLVQPGGSLRLSCAASGSGISFNAMGWFRQAPGKERELVAAISRSGDTTYYADSVKGRFTISADNSKNTAYLQMNSLKPEDTAVYYCAADLTTWADGPYRWGQGTLVTVSS
seq14060,EVQLVESGGGLVQPGGSLRLSCAASGRTIVPYTMGWFRQAPGKERELVAAISPSAFTEYADSVKGRFTISADNSKNTAYLQMNSLKPEDTAVYYCAARRWGYDWGQGTLVTVSS
seq14061,EVQLVESGGGLVQAGGSLRLSCAASGGTFSTYAMGWFRQAPGKEREFVAASNWSGGSTPYADSVMGRFTISRDNAKNTVYLQMGSLKPEDTAVYYCAADVSGWAHKGAKEYEYWGQGTQVTVSS
seq14062,EVQLVESGGGLVQPGGSLRLSCTTSGTIFSNNAMGWYRQAPGKKRDLVASISNSGSTNYADSVKGRFTVSGDNDKNTGYLQMNNLKPEDTGVYYCTLDARRGWNTAYWGQGTQVTVSS
seq14063,QVQLVQSGGGLVQAGGSLRLSCAASGRTFSDIAVGWFRQTPGKEREFVAAISWSGLIINYGDSVEDRFTISRDNAKSAVYLQMNSLKPEDTAVYYCAARIGMNYYYAREIEYPYWGQGTQVTVS
seq14064,EVQLVESGGGLVQPGGSLRLSCAASGLTFGTYTMGWFRQAPGKEREFVAAISRFGSTYYADSVKGRFTISADNSKNTAYLQMNSLKPEDTAVYYCARGGDYDFWSVDYMDVWGQGTLVTVSS
seq14065,EVQLVESGGGLAQPGGSLRLSCRASGFAFGSFWMYWVRQTPGKGLEWVSTVDAAGANTYYPDTVKGRFTISRDNAKNTLYLRMNSLKPEDTARYYCVTDGAYDDPAIRGKIPLASWGQGTLVTVSS
seq14066,VQLVESGGGVVQPGGSLRLSCAASDSIDSLVNMGWYRQAPGKQRELVALIANYITHYADFVKGRFTISRDNSKNTLYLQMNSLRAEDTAVYYCYARSIIVDYWGQGTLVTV
seq14067,EVQLVESGGGEVQPGGSLRLSCAASGSTFSMYHMSWFRQAPGKQREPVATSHHGGTTNYAGSVKGRFTISRDNAKNTVYLQMNSLRPEDTAVYYCKADHGNYGRGYWGQGTLVTVKP
seq14068,EVQLVESGGGVVQAGGSLRLSCAASGSIASIHAMGWFRQAPGKEREFVAVITWSGGITYYADSVKGRFTISRDNAKNTVYLQMNSLKPEDTAIYYCAGDKHQSSWYDYWGQGTLVTVQS
seq14069,QVQLQESGGGLVQVGGFLRFSCTASGGTLSYYAMGWFRQAPGKEREFVAAIRWSGGTESYADSVKGRFTISRDNAKNTVYLQMNSLKPEDTAVYYCAAKRGWTTLENWRMYDYWGQGTQVTVSS
seq14070,EVQLVESGGGLVQAGGSLRLSCAASGRMFSPNVMGWFRQAPGDQREFVANIYSGGSTNYADTVKGRFTILSDNAKNTVYLQMTSLKPEDTGVYYCSVKRVGQSWFDSGYWGQGTQVTVSS
seq14071,QVQLVESGGSLVQPGGSLRLSCAASGSIFRLNDMRWYRQAPGKQREMVATITSGGTTNYADSVKARFTISRDNAKSTVYLQMNSLKPEDTAVYYCNADISLYSAFGLFSPPKNYWGQGTQVTVSS
seq14072,VQLVESGGGLVQAGNSLRLSCTASGVIFSIYTMGWFRQAPGKEREFVAAIGVADGTALVADSVTGRFTISRDNAKNTVYLHMNSLKPEDTAVYSCAAYLSPRVQSPYITDSRYQLWGQGTQVTVSS
seq14073,LQLVESGGGLVQPGGSLRLSCEASGFTFDDYAIGWFRQAPGKEREEVSCISHNGGTTNYADSVKGRFSISRDNAKNTVYLQMNGLKPEDTANYYCAGARSGLCVFFELQDYDYWGQGTQVTVSS
seq14074,EVQLVESGGGVVQAGESLRLSCAASGYNVKDYEMGWFRQAPGMEREFAAAISWRGSSTYYADSVKGRFTISRDNAKNTVYLQMSSLKPEDTAVYYCAAGRLYPSSRSRDYDYWGQGTQVTVSS
seq14075,EVQLVESGGGLVQPGGSLTLSCAASGSSVSFLSMAWYRQAPGKKRELVAGISADGSVDYIDSVKGRFTISRDNAKNSVYLQMNSLRAEDTAVYYCYAYRWTTRYIYWGQGTLVTVSS
seq14076,QVQLQESGGGSVQAGETLRLSCTASGFTFDDSDMGWYRQAPGNECELVSTISADGSTFYADSVKGRFTISQDNAKNTVYLQMNSLKPEDTAVYYCASPENEYELGTCEALDYWGQGTQVTVSS
seq14077,EVQLVESGGGLVQPGGSLRLSCAASGPGTAIMGWFRQAPGKEREFVARISTSGGSTKYADSVKGRFTISADNSKNTAYLQMNSLKPEDTAVYYCARTTVTTPPLIWGQGTLVTVSS
seq14078,VQLQESGGGLVQAGGSLRLSCATFGFTFDDYAIAWFRQAPGKEREGISCISNTDSSTYYADSVKGRFTISSDNAKNTVHLQMSSLKPEDTAVYYCAADGNVWSPPICGSAGPPPGGMDYWGKGTQVTVSS
seq14079,EVQLVESGGGLVQPGGSLRLSCAASGRTFGDYIMGWFRQAPGKEREIVAAINWSAGYTAYADSVKGRFTISADNSKNTAYLQMNSLKPEDTAVYYCATARPNTGWHFDHWGQGTLVTVSS
seq14080,EVQLVESGGGLVQPGGSLRLSCAASGRTSSPIAMGWFRQAPGKEREPVAVRWSDDYTYYADSVKGRFTISADNSKNTAYLQMNSLKPEDTAVYYCAKKLGGYYAFDIWGQGTLVTVSS
seq14081,EVQLVESGGGLVQAGGSLRLSCVVSGSIFNQHAMGWFRQAPGKGREFVSGLSGTEHYGDLVKGRFTISRDNAKNTIYLQMNNLKPEDTAIYFCARSKNTFISYSSNKYDFWGQGTQVTVSS
seq14082,EVQLVESGGGSVQAGGSLRLSCTASGRPFDNYAMAWFRQAPGKEREFVAAISWSLSRTHYADSVEGRFTISRDNAKNTAFMQMISLKPEDTAVYYCAAAPRPKRVSVRYFSTSSNYDYWGQGTQVTVSS
seq14083,EVQLLESGGGLVQPGGSLRLSCAASGSTFSTYTIGWFRQAPGKEREFVAAIHWDGGQTYYADSVKGRFTISRDNSKNTLYLQMNSLRAEDTAVYYCAARGRRYFDFTYSDVYDYWGQGTLVTV
seq14084,EVQLVESGGGLVQPGGSLRLSCETSRHTLDHYAIGWFRQAPGKENEGVACISTSTYYADSVKGRFSISRDNVKNTVYLQMNSLKPEDTAVYYCATTGSGYCTLRAFASWGQGTQVTVSS
seq14085,EVQLVESGGGWQTGGSLRLSCAASGRTFSMYTMGWFRQAPGKDREFVAAISRSGGLKAYADSVLGRFTISRDNANEMAYLQMNSLNPEDTAVYYCAAAPVPWGTRPSHFTYDSWGQGTQVTVSS
seq14086,EVQLVESGGDLVQPGGSLRLSCTASGGTFRNYGMGWFRQAQGKEREFVAAISRTGGHTYYSDSVKGRFTISKDNAKNIVSLQMNSLKPEDTAVYYCAARFRFGDGTYYYQRNFYDFWGQGTQVTVSS
seq14087,QVQLQESGGRLVQPGGSLRLSCAASGRTLSNYAMAWFRQGPGKEREFVASISASDSTLYADFVKGRFTISRDNAKNTVYLQMDSLKPEDTTVYYCAARFWIGVRAPAEYNYWGQGTQVTVSS
seq14088,EVQLVESGGGLVQAGGSLRLSCAASGNFFRVNTMAWYRQAPGKQRELVADITRGDRTNYADTVNGRFTISRDNVRNTVYLQMNGLKPEDTAAYYCYARIELGVLEPRDYWGQGTQVTVSS
seq14089,QVKLEESGGGLVQAGGSLRLSCAASERTFSRYPVAWFRQAPGAEREFVAVISSTGTSTYYADSVKGRFTISRDNAKVTVYLQMNNLKREDTAVYFCAVNSKRKRLQDPNEYDYWGQGTQVTVSS
seq14090,QVQLVESGGGLVQPGGSLRLSCAASGFTFSNYYMTWVRQAPGKGLEWVSSIYSFSGDTAYADSVKGRFTISRDNAKNTLYLQMNSLKSEDTAVYYCTRNLGGVVVTTNGYDYWGQGTQVTVSS
seq14091,QVQLQESGGGLVQAGNSLKLSCVASGRTFSSYPMGWYRTAPGKQRELVASISAGGGLIKYVDSVKGRFTISRDNAKNTLYLQMNSLKPEDTGVYLCNLKTSYFWPWGQGTQVTVSS
seq14092,EVQLVESGGGLVQTGGSLRLSCAASGRTFSNYTMGWFRQAPGKDREFVAAISRSGNLKSYADSVKGRFTISRDNAKKMAYLQMNSLKLEDTAVYYCAAAPVPWGTRPSTFPYDSWGQGTQVTVSS
seq14093,EVQLVESGGGLVQPGGSLRLSCAASGFTFSTSWMGWFRQAPGKEREFVASISTSGNTFYADSVKGRFTISADNSKNTAYLQMNSLKPEDTAVYYCAADVWYGSTWRNWGQGTLVTVSS
seq14094,EVQLVESGGGLVQAGGSLRLSCAASGRTFSSYAMAWFRQAPGKEREFVAAIRWSGGTAYYADSVQGRFTISRDNAKNTVYLQMNSLKPEDTAVYYCANRAADTRLGPYEYDYWGQGTQVTVSS
seq14095,QVQLQESGGGSVQAGGSLRLSCAVSRYSASNNVIKWMGWFRQAPGKEREGVAALYTSGGNTYYADSVKGRFTISRDYSENTVSLQMNNLKPEDTGMYYCATTVGTVLAGPLSARKYNYWGQGTQVTVSS
seq14096,RLSCAASGSIFSINAMGWYRQAPGKQRELVAAITSGGSTNYADSVKGRFTISRDNAKNTVYLQMNSLKPEDTAVYYCGVLWFGELSDWFDPWGQGTLVTVSS
seq14097,LQQSGGGLVQAGGSLRLSCVASGSTAKINAMGWYRQAPGKSREFVAGITSGGFTTFASSVKGRFTISRDNAKNTMYLQMNDLKLDDTGVYSCNALAPSSYWGQGTQVT
seq14098,QVQLQESGGGLVQAGGSLRLSCAASRTTFRVGTMAWFRQDPGKQRELVAGITSGGSTNYADSVKGRFTISRDNAKNTIYLQMNSLKPEDTGIYVCFANIVDRPVSWGQGTQVTVSS
seq14099,EVQLVESGGGLVQAGGSLRLACAASGRTFSNYRMGWFRQAPGQEREFVAAISGSGSFTYYADSVKGRSTISRDNAKNTVYLQMNSLKPEDTAVYYCGAGVHLGAATSYTRYDFWGQGTQVTVSS
seq14100,EVQLVESGGGLVQAGGSLRLSCAASGGTFSSYRMGWFRQAPGKEREFVTLISRSGGTTDYTDSVKGRFTISRDNAKNTVSLQMNNLKPADTAVYYCAAAGSMGWNHLRDYDYWGQGTQVTVSS
seq14101,EVQLVESGGGLVQPGGSLRLSCAASGFIFDDYAMSWVRQAPGKGLEWVSAINWSGTHRNYADSVKGRFTISRDNNKKTVYLQMNSLKSEDTAVYYCATGWQSTTKNQGYWGQGTQVTVSS
seq14102,LQLVETGGGLVQPGGSLRLSCAASGFTFSDYVMTWVRQAPGKGPEWIATINTDGSTMRDDSTKGRFTISRDNAKNTLYLQMTSLKPEDTALYYCARGRVISASAIRGAVRGPGTQVTVSS
seq14103,EVQLVESGGGLVQPGGSLRLSCAASGRTFSYNPMGWFRQAPGKGRELVAAISRTGGSTYYPDSVEGRFTISRDNAKRMVYLQMNSLRAEDTAVYYCAAAGVRAEQGRVRTLPSEYTFWGQGTQVTVSS
seq14104,VQLQESGGGSVQAGGSLRLSCAASGYSYNIDYMAWFRQAPGKEREGVAAIYTGSRRTYYSDSVKGRFAISQDNADNTVYLQMNALKPEDTAMYFCAALVSRPGRSWDKNEYRYWGQGTQVTVSS
seq14105,EVQLVESGGGLVQAGGSLRLSCAASGRSFNDYTMGWFRQTPGKEREFVARVWWNGGSAYYADSVKGRFTISIDNAKNTVYLQMNNLTPEDTAVYYCAALYRGRSVYDDWGQGTQVTVSS
seq14106,DVQLLESGGGLVQPGGSLRLSCAASGFTFGNYDMAWVRQAPGKRPEWVSSIDTGGDITHYADSVKGRFTISRDNAKNTLYLQMNSLRPEDTAVYWCATDEEYALGPNEFDYYGQGTLVKVSS
seq14107,QVQLQQSGGGLVQAGGSLRLSCVASGRTFSGYGMGWFRQVPGKEREFVAAIRWSGKETWYVDSVKGRFTISRDNAKTTVYLQMNSLKPEDTAVYYCAVRPVRVDDISSPVGFDYWGQGTQVTVSS
seq14108,KVQLVESGGGLVQAGGSLRLSCAASGFTFGDYAIGWFRQAPGKEREGVSCISISDSSTYYADSVKGRFTISSDNAKNTVYLQMNSLKPEDTAVYYCAADRLAYGLDPNFYDYWGQGTQVTVSS
seq14109,EVQLVESGGGLVQAGGSLRLSCAASTSTFSINAMGWYRQAPGKQRELVAAISSVGSTNYADSVKGRFTITRDNAKNTVYLQMNSLKPEDTAVYYCNAKGGLGSRSREPYNYWGQGTQVTVSS
seq14110,DVQLVESGGGVVQPGGSLRLSCAASGGTFSTYVMGWFRQAPGKEREFVAAISQNSIHTYYADSVKGRFTISRDNSKNTVYLQLNSLRPEDTALYYCAASRFTSWYTADYEYDYWGQGTLVTVSS
seq14111,EVQLVESGGGLVQAGGSLRLSCAASGRTFSSYAMAWFRQAPGKEREYVAAIRWSGGTAYYADSVQSRFTITRDNAKNTVYLQMNSLKPEDTAVYYCANRAPDTRLEPYLYDHWGQGTQVTVSS
seq14112,EVQLVESGGGPVQAGDSLRLSCAASGRTYRGYSMGWFRQVPGKEREFVAAIVWTDGNTYYEDSVKGRFTISRDNTKNTMYLQMTSLKPEDSATYYCAAKIRPYIFKIAGQYDYWGQGTLVTVSS
seq14113,EVQLVESGGGLVQAGGSLRLSCVASGLTFEHYYMGWYRQAPKKEREFVADISRAGASRYADSVKGRFTISRDNAKNTVYLQMNSLESEDTAVYYCAADYSHTFVYPSMVPYESDYWGQGTQVTVSS
seq14114,EVQLVESGGGLVQPGGSLRLSCAASGFALGYYAMGWFRQAPGKEREFVAGIRWTDAYTEYADSVKGRFTISADNSKNTAYLQMNSLKPEDTAVYYCAADVSPSYGSRWYWGQGTLVTVSS
seq14115,EVQLVESGGGLVQPEGSLRLSCAASGEVYKINFLGWYRQAPGKEREKVAHITIADVADYADFAKGRLTISRDEAKNMVYLQMNSLKPEDTAVYFCRAGSRIWPYDYWGQGTLVTVSS
seq14116,EVQLVESGGGLVQAGGSLRLSCAASGRTFSSYAMMGWFRQAPGKEREFLAIITDGSKTLYADSVKGRFTISADNAKNTVYLQMNSLKPEDTAVYYCAAQFTLARHLVWGQGTQVTVSS
seq14117,EVQLVESGGGLVQPGRSLTLSCAASTNIPSISPMGWYRQAPGKQRELVAAIHGASTLYADSVKGRFTISRDNAKNSIYLQMNSLRPEDTALYYCNKVPWGDYHPRNVAWGQGTQVTVSS
seq14118,EVQLVESGGGLVQAGGSLRLSCAASGRTYAMAWFRQAPGKEREFVAAISIVTDYADSVKGRFNISRDNRENTVYLQMNSLKPEDTAVYYCAANTYYSGAYFPRGHEWYEYWGQGTQVTVSS
seq14119,EVQLVESGGGLVQPGGSLRLSCAASGFTFSSYWMYWVRQAPGKGLEWVSAINTGGGRTYYADSVKGRFTISRDNAKNTLYLQMNSLKSEDTAVYYCAKGTSADGSSWYVPADPYDYWGQGTQVTVSS
seq14120,EVQLVESGGGLVQAGGSLRLSCAASGFTFDNYAMGWFRQAPGKEREGVAAITWSGGRTYYADSVKGRFTISADNAKNTVYLQMNSLKPEDTAVYYCAAAAWTIYEYDSWGQGTQVTVTS
seq14121,VQLQESGGGLVQAGGSLRLSCAASGRDFATYSMAWFRQAPGKERESVATISWSGQRTRYADSVKGRFTISRDNAKNTVYLQMNSLKPEDTAVYYCAMPRTWGEFPPTQYDSWGQGTQVTVSS
seq14122,EVQLVESGGGLVQAGGSLRLSCAVSGRPFSNYGMGWFRQAPGKEREFVAGITWSGGSTHYADLVKGRFTISRDNAKNTVHLQMNSLKPEDTAVYYCAAVFSGAETAYYPSTEYDYWGQGTQVTVSS
seq14123,EVQLVESGGGSVQAGGSLRLSCTASGRPFDNYAMAWFRQAPGKEREFVAAISWSLSRTHYAESVEGRFTISRDNAKNTAFMQMSSLKPEDTAVYYCAAAPRPKWVSVRYFSTSSNYDYWGQGTQVTVSS
seq14124,EVQLVESGGGLVQPGGSLRLSCATSRTIFSNNAMGWYRQAPGKKRDLVASISNSGSTNYADSVKGRFTVSRDNDKNTGYLQMNSLKPEDTGVYYCTVDARRGWNTAYWGQGTQVTVSS
seq14125,EVQLVESGGGLVQAGGSLRLSCAASGFTLDYYAIGWFRQAPGKEREGVSCISSRGGSTYYTDSVKGRFTISRDNAKNTVYLQMNSLKPEDTGVYYCAADPIHNCYSGSYYASPEAVYEYWGQGTQVTVSS
seq14126,QVQLVESGGGSVQAGGSLNLSCVASGYMYVSTSMGWFRQAPGKEREGVAAIYPFGPKTYYADSVKGRFTISRDNAKHTLRMQMTNLKPEDSAMYYCGVLASGRSWFYGRRDFSSQPDLAAWGQGTQVTVSS
seq14127,EVQLVESGGGLVQPGGSLRLSCAASGFTLDYYNIGWFRQAPGKEREWVSCINSSDGSTYYADSVKGRFTISRDNAKNTVYLQMNSLKPEDTAVYYCAAPFAYYSNLCGVNGYDYWGQGTQVTVSS
seq14128,EVQLVESGGGLVQAGGSLRLSCAASGRTFSSYAMGWFRQAPGKEREFVAAISWSGGSTYYADSVKGRFTISADNAKNTVYLQMNSLKPEDTAVYYCAAVPVVPNTKDYWGQGTQVTVSS
seq14129,EVQLVESGGGLVQPGGSLRLSCAASGNIVSIDAAGWFRQAPGKQREPVATILTGGAANYADSVKGRFTISRDNAKNTVYLQMNSLKPEDTAVYYCYAPMIYYGGRYSDYWGQGTQVTVSS
seq14130,EVQLVESGGGLVQVGDSLRLSCAASGRTFSTYLMVGWFRQAPGKEREFAAGIWSSGDTAYADSVRGRFTISRDNAKNTVYLQMNSLKTEDTAVYYCAGSYDGNYYIPGFYKDWGQGTQVTVSS
seq14131,QVQLVESGGGLVQTGGSLRLSCAASGRTSSTYAMGWFRQAPGKEREFVGGVNWSGRVLTYGDFVKGRFTISRDNAKNMVYLQMNSLKFEDTAVYYCAADYRTFGPGMNEYWGQGTQVTVSA
seq14132,QVQLQESGGGLVQAGGSLRLSCAASGRTFGRSAMGWFRQAPGKEREFVAAIGTRGGSTKYADSVKGRFTISTDNASNTVYLQMDSLKPEDTAVYRCAVRGPGYPSAAIFQDEYHYWGQGTQVTVSS
seq14133,VQLQESGGGSVQAGGSLKLSCVVSGYTWCRYDMSWYRQAPGKEREFVSVIDDNGSTNYADSVKGRFTISKDNGNTVTLQMTSLKPADTAMYYCQTGRYRSRLGYGRCPSGDYWGLGTQVTVSS
seq14134,QVQLVESGGGLVQPGGSLRLSCAASGFTLDYYAIGWERQAPGKEREGVSGISSVDGSTYYADSVRGRFTISRDNAKNTVYLQMNSLKPEDTAVYYCAADQSPIPIHYSRTYSGPYGMDYWGKGTLVTVSS
seq14135,VQLQESGGGLVQPGGSLRLSCAVSGMMYIRYTMRWYRQAPGKQREWVAVVSSTGNPHYADSVKGRFTISRDNAKNTVYLQMNSLTPEDTAVYYCNTYLGSRDYWGQGTQVTVS
seq14136,QVQLVESGGGLVQAGGSLRLSCAVSGRPFSEYNLGWFRQAPGKEREFVARIRSSGTTVYTDSVKGRFSASRDNAKNMGYLQLNSLEPEDTAVYYCAMSRVDTDSPAFYDYWGQGTQVTVS
seq14137,EVQLVESGGGSVQAGGSLRLSCAASRRISGIYAMGWYRQSPGKERELVAAITTSDHTNYADFVKGRFTISRDKVNNTVYLEMNTLKPEDTAVYYCKQSAWGRNDYWGQGTRVTVSS
seq14138,EVQLVESGGGVVQAGGSLRLSCAASGITLSTRTMAWYRQAPGKQREPVAWINSVGTGNYGTSVKGRFAISRDNAMNSLYLQMNSLKPEDTAVYYCNTANFWGRGTQVTVSS
seq14139,QLQLVESGGGMVQPGGSLRLSCAASGFIFSRYDMGWVRQTPGKGREWVSGINSGGGRTYYADSVKGRFTISRDDDKATLYLSMDGLKPEDTALYHCVRFTVKTPQGYYYLNDFDYWGQGTQVTVSS
seq14140,EVQLVESGGGLAQPGGSLRLSCTASGSIFSIIAMGWYRQAPGKQRELVTTISVSGDTNYADSVKGRFTISRDNAKNKVYLQMDSLKPEDTAVYYCNAKQLITLPGLPSGEYWGQGTQVTVSS
seq14141,EVQLVESGGGLVQPGGSLRLSCAASGRTFNNYAMGWFRQAPGKEREFVAAITRSGVRSGVSAIYGDSVKDRFTISRDNAKNTLYLQMNSLRPEDTALYYCAASAIGSGALRRFEYDYSGQGTLVKVSS
seq14142,EVQLVESGGGLVQPGGSLRLSCAASGRTFGDYIMGWFRQAPGKEREFVAAINWTGGYTSYADSVKGRFTISADNSKNTAYLQMNSLKPEDTAVYYCATDPPLFWGQGTLVTVSS
seq14143,QVQLVETGGGLVQPGGSLRPSCTASGSIFSIYAMGWYRQASGKQRELVALITRDEVFNYADSVKGRFTISRDNAKDTVYLQMNSLKPEDTAVYYCWVETVNDHYNSGVEDYWGQGTQVTVSS
seq14144,EVQLVESGGGLVQPGGSLRLSCAASGTLFKINAMGWYRQAPGKRRELVALITSSDTTDYAESVEGRFTISRDNTWNAVYLQMNSLKPEDTAVYYCHSDHYSMGVPEKRVILYGQGTLVTVSS
seq14145,EVQLVESGGGLVQAGGSLNLSCVASGIPFSTRTMAWYRQTPGKSRDWVATIRSGTPVYADSVKGRFTVSRDNAKNTLYLRMNSLKSEDSATYTCRAVNADIWGQGTQVTVSS
seq14146,EVQVVESGGGLVQAGGSLKLACAAPGLTFSSYRMGWFRQAPGQEREFVAAIDWNGRGTYYRYYADSVKGRSTISRDNAKNTVYLQMNSLKPEDTAVYYCAATTVLTDPRVLNEYATWGQGTQVTVSS
seq14147,EVQLVESGGGLVQPGGSLRLSCAASGIPSTLRAMGWFRQAPGKEREFVAAVSSLGPFTRYADSVKGRFTISADNSKNTAYLQMNSLKPEDTAVYYCAAKPGWVARDPSQYNWGQGTLVTVSS
seq14148,QVQLQESGGGSVQAGETLRLSCTASGFTFDDSDMGWYRQAPGNECELVSTISSDGRTYYADSVKGRFAISQNNAKNTVYLQMNSLKPEDTAVYYCAADQHRYGLGTCEALDYWGRGTQVTVSS
seq14149,QVQLQESGGGLVQAGGSLRLSCAASGRTFSSYVMGWFRQAPGKEREFVAAIGWSGGSTAYADSVKGRFTISRDDARNTVYLQMNSLKPEDTAVYYCASAPTRWVPRDSRFYDRWGQGTQVTVSS
seq14150,VQLQESGGGLVQPGGSLRLSCAAIGNIASITAMGWYRQAPGKQRELVAAITSASASRTTYADSVKGRFTISRDNAKNTVYLQMNSLQPEDTAVYYCKGFRSGADDYWGQGTQVTVSS
seq14151,EVQLVESGGGLVQAGGSLRLSCAASGRTFNNYAMGWFRRAPGKEREFVAAITRSGVRSGVSAIYGDSAKDRFTISRDNAKNTLYLQMNSLKPEDTAVYTCAASAIGSGALRRFEYDYSGQGTQVTVSS
seq14152,QVQLQQSGGGLVQAGGSLRVSCAASTRAFHGSSMAWFRQAPGKEREFVARITRSGSITSYTDSVKGRFTISRNTADNTITLLMNNLISEDTAVYYCAAGGWGNLASEYAYWGQGTQVTVSS
seq14153,EVQLVESRGGLVQAGGSLRLSCGSSGRTFSRYAMGWFRQAPGKEREFVAAISWSGGSTYYADSVKGRFTISRDNAKNTVYLQMNSLKPEDTAVYYCAADISSGNSGSYIYTWAYDYWGQGTQVTVSS
seq14154,QVQLQESGGGLVQAGGSLRLSCAASGRASSGYGMGWFRQVPGKEREFVAAIRWSGKETWYVDSVKGRFTISRDNAKSTVYLQMNSLKPEDTAVYYCAVRPVRVDDISSPVGFDYWGQGTQVTVSS
seq14155,EVQLVESGGGQVQPGGSLSLSCESSVSIWSFKVMGWFRQAPGKELELVATITTGGSPDYSDSVKGRFTLSRDYDKRTVYLQMNSLKPEDTAVYYCAGRLWAHITSSGHDVWGQGTQVTV
seq14156,QVQLVESGGGLVQAGGSLRLSCTDSGRTFSVKPMGWFRQAPGMEREFVAAASFTGVSTFYADSVKDRFTIFRDKDKNTMDLQINSLKPEDTGAYYCAGTTRTLWGSKWRDVLEYEYWGQGTQVTVSS
seq14157,EVQLVESGGGLVQTGGSLRLSCTASGTIDMTYGLIWYRQAPGKERELVASIRRDGHTNYADSVKGRFTISIDNAKNSIHLQMNSLKPDDTARYYCNSPYHALWGQGTQVTVSS
seq14158,QVQLQESGGGLVQAGGSLRLSCTASGGAFDRYAMGWFRQAPGKEREFVAVISRGGLYTDYAESVKGRFTVYRDNAKNTVSLEMNSVKPDDTAIYSCAADLSAVGSRIEAGRARDSNEYDYWGQGTQVTVSS
seq14159,EVQLVESGGGLVQAGGSLRLSCAASGFTLSDRAMAWYRQAPGKQRELVAHINSIGSTNYGDPVKGRFTISRDNAKNTVYLQMNSLKPEDTAVYYCNAPLYNYWGQGTQVTVSS
seq14160,DVQLQESGGGSVQAGGSLRLSCAASGYTFTKYPMGWFRQAPGKECELVSSIISGGVTTYASSVKGRFTISRDNAKNTVYLQMNSLKPEDTAVYYCAAQYPYSSSWPRCPFRIGYWGQGTQVTVSS
seq14161,QVQLQESGGGLVQAGGSLRLSCAASGRTLSSYTMAWFRQAPGKEREFVASISSSGISTYYADSVKGRFTISRDIAKNTVYLQMNSLKPEDTAVYYCAAKYRYYSTLYTKSGEYDYWGQGTQVTVSS
seq14162,QVKLEESGGGLVQAGGSLRLSCAASGSISHVPNMHWYRQAPGQKRQLVATITRGGNTMYADSVKGRFTISRENAKNTIYLQMTTLKPEDTAVYYCNADVWSSALFKYVEYWGQGTQVTVSS
seq14163,VQLLESGGGLVQFGGSLRLSCAASGNSFSISNMGWYHQAPGKERELVAIITSGGVAEYAASVKGRFTISRDYAKNTVYLQMNSLQPEDTAVYYCHCESGFPTLIAYWGQGTQVTVS
seq14164,EVQLVESGGGLVQPGGSLTLSCAASGSSVRFLSMAWYRQAPGKKRELVAGISRDGSTDYIDSVKGRFTISRDNAKNSVYLQMNSLRAEDTAVYYCYAYRWTTRRTYWGQGTLVTVSS
seq14165,ESGGGSVQAGGSLRLSCVVSRSTYTSNCMGWFRQAPGKEREEVASIYTGGGITYYADSVKGRFTVSQDNAKNTVYLQMNSLKPEDTAMYYCAAGRGSWSCGMGPDEYKYWGQGTQVTVSS
seq14166,QVQLVESGGSLVQPGGSLRLSCAASGSIFRLNDMRWYRQAPGKQREMVATITSGGTTNYADSVKARFTISRDNAKSTVYLQMNSLKPEDTAVYYCNADISLYSAFGLFSPPKNYWGQGTQVTVST
seq14167,EVQLVESGGGLVQAGGSLRLSCQLSGGTVSDLHMGWFRQAPGKEREFVGFTRWPSITYIAEHVKGRFTISRDNAKNTVYLQMNSLEREDTAVYYCAADRSYSIDYRHPDSYSYWGQGTQVTVSS
seq14168,EVQLVESGGGLVQAGGFLRLSCELRGSIFNQYAMAWFRQAPGKEREFVAGMGAVPHYGEFVKGRFTISRDNAKSTVYLQMSSLKPEDTAVYFCARSKSTYISYNSNGYDYWGRGTQVTVSS
seq14169,EVQLVESGGGLVQPGGSLRLSCAASGNIVSIDAAGWFRQAPGKQREPVATILTGGATNYADSVKGRFTISRDNAKNTVYLQMSSLKPEDTAVYYCYAPMIYYGGRYSDYWGQGTQVTVSS
seq14170,DVQLVESGGGVVQPGGSLRLSCAASGGTFSFYGMGWFRQAPGKEREFVADIRTSAGRTYYADSVKGRFTISRDNSKNTVYLQMNSLRPEDTALYYCAAEPSGISGWDYWGQGTLVTVSS
seq14171,EVQLVESGGGLVQAGGSLRLSCAASGRTFSSYAMGWFRQAPGKEREFVGAISESGSNIYYANAMPGRITIFRDNAKNTAYLQMNSLNPEDTAVYYCAAAPTLVEITTTPTYWGQGTQVTVSS
seq14172,QVQLVESGGGLVQPGGSLRLSCAASGYTYGSYCMAWFRQAPGKEREGVAGVDSDGTTRYADSVKGRFTISRDNSENTLYLQMNSLRAEDTAVYYCAAGVCGTGGSWYEGDAGLFMYEFAYWGQGTLVTVSS
seq14173,EVQLVESGGGLVQPGGSLRLSCAASGLTLDYYAIGWFRQAPGKEREGVSCISSSDHSTTYADSVKGRFTISWDNAKKVVYLQMNSLKPEDTAVYYCAADPALGCYSGSYYPRYDYWGQGTQVTVSS
seq14174,EVQLLESGGGLVQAGGSLRLSCAASGRTYAMSWFRQAPGKEREFVAHINALGTRTYYADSVKGRFTISRDNSKNTLYLQMNSLRPEDTAVYYCTAQGQWRAAPVAVAAEYEFWGQGTQVTVSS
seq14175,LQQSGGGLVQAGGSLRLSCAASGSTFSINAMGWYRQAPGKQREFVAVISSSSSTNYGDSVKGRFTISRDNAKNTVYLQMNSLKPEDTAVYYCNTRRPSAWGTDNYWGQGTQVT
seq14176,LQESGGGLVQAGGSLRLSCAASGGTFSIYTFGWFRQAPGKEREFVSDISWKSVSADYADSVKGRFTISRDNAKNTVYLQMNRLKPEDTAIYYCAADKTTYWNIPRDEYDYWGQGTQVT
seq14177,EVQLQESGPGLVKPSQTLSLTCTVSGGSITTRYYAWSWIRQPPGKGLEWIGVIDYDGDTYYSPSLKSRVSISWDTSKNQFSLKLSSVTAEDTAVYYCARDPDVVTGFHYDYWGQGTQVTVSS
seq14178,EVQLQASGGGLVQPGGSLRLSAVASGINFSTNVPTWYRQAPGKQRELVAVITTNGLTRYADSVKGRFTISKDNAKNAVYLQMNSLKPEDTAVYYVRARDYWGQGTQVTVSS
seq14179,QVQLQESGPGLVKPSQTLSLTCTVSGGSITTYRYYWSWIRQPPGKGLEWMGAIAYSGSTYYSPSLKSRTSISRDTTKNQFTLQLSSVTPEDTAVYYCARGRLGSWYYELNEYDYWGQGTQVTVSS
seq14180,EVQLVESGGGLVQPGGSLRLSCAASGFTLDYYAIGWFRQAPGKEREGVSCVSSSDGSTYYADSVKGRFTISRDNAENTVYLQMNSLKPEDTAVYYCATEQSCTGSSWSGPGQGTRVTVSS
seq14181,QVQLQESGGGLVQPGGSLRLSCAASGFMFSSYSMSWYRQAPGKQRELVAAITTWGSTNYADSVKGRFTISRDNAKNTVWLQMNSLEPEDTAVYFCNARSWNNYWGQGTQVTVSS
seq14182,VQLKESGGGSIQAGGSLRLSCAASGVSYNRCSMGWYRQAPGKGRELVSRIQPGGNTYYADSVKGRFTVSQDNAKNTVSLQMNSLKPEDTAMYYCNALCWRENVNYWGQGTQVTVSS
seq14183,EVQLVESGGGLVQAGGSLRLSCAASGSTFSSYAMGWYRQAPGNQRELVAVISSGGSTNYADSVKGRFTISRDNAKNTVYLQMNSLKPEDTAVYCCFYSGSYYYPTDVHEYAYWGQGTQVTVSS
seq14184,QVQLVESGGGLVQPGGSLRLSCAASGSIFSINTMGWYRQAPGKQRELVAGITRGGSTKYADSVKGRFTISRDNAKNTLYLQMNSLKPEDTAVYYCTDYSRSYYQDYWGQGTQVTVSS
seq14185,DVQLQESGGGLVQPGGSLRLSCAASGLTLDYYAIGWFRQAPGKEREGVSCISSSDGSTYYADSVKGRFTTSRDNAKNTVYLQMNSLKPEDTAVYYCAAVPSTYYSGTYYYTCHPGGMDYWGKGTQVTVSS
seq14186,EVQLVESGGGVVQAGGSLRLSCAASGSIASIHAMGWFRQAPGKEREFVAVITWSGGITYYADSVKGRFTISRDNAKNTVYLQMNSLKPEDTALYYCAGDKHQSSWYDYWGQGTLVTVKS
seq14187,EVQLVESGGGLVRAGGSLRLSCVVSGGTFSVYAMAWFRQAPGKLREIVAAISRTGSSIYYTDSVKGRFTISRDDAKKTVYLQMNSLKSEDTAVYYCAIDGRANGERPAVAGYNYWGQGTQVTVSS
seq14188,QVQLQESGGGLVQAGGSLRLSCVVSGMLFSIRNMRWYRQAPGKQRELVAQIGSSGNTDYVESVKGRFTISRDNAKNTVYLQMNSLKPEDTAVYFCNALNYWGKGTLVTVSS
seq14189,EVQLVESGGGLVQPGGSLRLSCAASGRTFVTYGMGWFRQAPGKGREFVSAISWSGSITSYGDSVKGRFTISRDNAKNTLYLQMNSLRPEDTAVYYCAAALGAVVYTTREPYTYWGQGTLVTVSS
seq14190,EVQLLESGGGLVQPGGSLRLSCAASGRTFNNYNMGWFRQAPGKGREFVAAVSRSGVSTYYADSVKGRFTISRDNSKNTVYLQMNSLRPEDTAVYYCAAAYRGTAINVRRSYSSWGQGTLVTVSS
seq14191,EVQLQESGGALVQPGGSLRLSCAASGFTFSRSWMYWVRQAPGKGLEWVSAMNPGGGSTYYADSVKGRFTISRDNAKNTLYLQMNSLKPEDTALYYCARAGMSTWGKGTLVTVSS
seq14192,EVQLVESGGGLVQAGGSLRLSCVASGRIFTNTAMGWYRQAPGKWRELVATIYSGGSTKYIDSVKGRFIISRDNTRNTVHLQMNSLKPEDTAVYYCNTVGAGSYWGQGAQVTVSS
seq14193,QVQLQQSGGGLVQAGGSLRLSCTASGITSSTYAMSWYRQAPGKEREPVASMASSGSTFYADSVKGRFTISRDNAKNMVYLQMNSLKPGDTAVYYCKVPRFGGSDYWGQGTQVTVSS
seq14194,EVQLVESGGGLVQPGGSLRLSCAASRDIFTRNIMGWYRQAPGKQRDLVASITPGGNMYYADSVKGRFTISRDGAKNTVYLQMNSLKPEDTAVYYCNAHGSILLDRSNYWGQGTQVTVSS
seq14195,QLVESGGGLVQDGDSLRLACAASATTVDINSMGWYRQAPGKQRELVASINTRGCTVYTDSVEGRFIIYRDDTKNTLYLQMYSLKSEDTAVYYCGADWRTNGYFYWGQGTQVIVS
seq14196,EVQLVESGGGLVQPGGSLRLSCAASESIFSIDAMGWYRQAPGKQRELVATITGGGSTNYADSVKGRFTISGDNAKRTVYLQMNSLKPEDTAVYYCNAEGQAGWGTALMDYWGKGTQVTVSS
seq14197,EVQLVESGGGLVQPGGSLRLSCATSKTIFRSNAMGWYRQAPGKKRDLVASISNSGSTNYADSVKGRFTVSRDNDKNTGYLQMNSLKPEDTGVYYCTVDARRGWNTGYWGQGTQVTVSS
seq14198,QVQLQESGGGLVQPGGSLRLSCAASGFTFKYYAMSWVRQAPGKGLEWVSYINDNGGYTDYSDSVKGRFTISRDNAKNTLYLHMNRLKPEDTAVYFCAKWDTDAVSSSRYKTHNGDIRGPGTQVTVSS
seq14199,DVQLEASGGGSVQAGDSLRLSCAASGRPFSSFAMGWFRQAPGKEREFVAAISASGGETYYTGSLKGRFTISRDNAKNTVYLQMDSLKPEDTGVYYCAATINGAARRGQGTEVTVSS
seq14200,QVQLVESGGGLVQAGGSLTLSCAGSGISYIMCCMTWYRQAPGKERELISTISSDGSTYYAVSVRGRFTISKGRAKNTLSLQMNNLNVNDTAVYYCAQSLECCPVSPSDGTPRLTKEFDYWGQGTQVTVSS
seq14201,QVQLVESGGGVVQPGGSLRLSCAASGLTLSQYTMGWFRQAPGKERELVAAIHWTSSVTDYADSVKGRFTISRDDSKNTGYLQMNSLRAEDTAVYYCAATHYYTHRGSFDYWGQGTLVTVSS
seq14202,EVQLVESGGGLGQPGGSLRLSCAASGRSFSTYTMGWFRQAPGKERQFIAAMRVGVTYYVDSVKGRFTISRDNAKNTVSLQMNSLKPEDTAVYYCAADFVLAPGMRVSRPPNYWGQGTQVTVSS
seq14203,VKLEESGGGLVQPGGSLRLSCAASGSIVSINAMAWYRQAPGKQRELVAYIRSNGRTNYADSVKGRFTISRDNAKNTVYLQMNSLKLEDTAVYYCNADYGPPVSIGPWGQGTQVTVSS
seq14204,QVQLVESGGGLVQPGGSLRLSCAASGSIFSIPVMTWYRQALGKEREFVAGISKGGTSNYADSVKGRFTVSRDNAKNTVYLQMNSLKSEDTAVYYCNAQASSFGWMPLSDYWGQGTLVTVSS
seq14205,LEESGGGSVQTGGSLRLTCAASGRTSRSYGMGWFRQAPGKEREFVSGISWRGDSTGYADSVKGRFTISRDNAKNTVDLQMNSLKPEDTAIYYCAAAAGSAWYGTLYEYDYWGQGT
seq14206,EVQLVESGGGLVQAGGSLRLSCAASGRTFSSYDMGWYRQAPGKEREFVAVISRSGSSTYYADSVKGRFTISRDNAKNTVYLQMNSLKPEDTAIYYCKAEVVAGDYDYWGQGTQVTVSS
seq14207,QVQLQESGGGLVQAGGSLRLSCAASGTIFQVGSVGWYRQAPGKGRKFVATIADGSSTNYAGSVKGRFTISRDNAKNTVYLQMNSLKPEDTAVYYCAALGQVSEYNSASYEWTYPYWGQGTQVTVSS
seq14208,QVQLQESGGGLVQAGGSLRLSCAVSGNTLSRYAMGWFRQTPGNEREFVAAIRWNNAATYYAESVEGRFTISRDTGKNTVYLQMNNLKPEDTAVYYCAGRFLGYASSNAYHEALYNYDYWGQGTQVTVSS
seq14209,EVQLVESGGGLVQPGGSLRLSCAASGNIFRIDTMGWYRQAPGKQREFVAGISRGGSTNYAHSVKERFTISRDNAKNTMYLQMNSLKSEDTAGYYCNAQAWDPGTIRYLEVWGQGTLVTVSA
seq14210,EVQLVESGGGPVQTGGSLRLSCVASGRTYRGYSMAWFRQPPGKEREFVAAITWSEGNTYYEDFVKGRFTISRDNAKSTLYLQMTSLKPEDTALYYCAAKIRPYIFKIPGQYDYWGQGTQVTVSS
seq14211,QVQLVESGGGLVQPGGSLRLSCAASGSIFSINAMGWYRQAPGKQRELVAAITFGGGSTNYADSVKGRFTISRDNAKNTVYLQMNSLKPEDTAVYYCNADLLVGGFPRRNVYWGQGTQVTVSS
seq14212,QVQLQASGGGLVQPGGSLRLSCAASGIIDSIYAMGWYRQAPGKQRELVATITDSGSTNYADSVKGRFTISGDNAKNTVYLQMNSLKPEDTAVYYCNAEGDGWGTVDYWGQGTQVG
seq14213,QVQLVESGGGLVQPGGSLRLSCAASGSGFGPNVMGWYRQAPGKRRELVATINRIGNINYGDSVKGRFTLSREIAVNTVYLQMNSLKPEDAANYYCYAAKYGVDYWGKGTQVTVSS
seq14214,EVQLVESGGGLVQAGGSLNLSCNASGDIGSINAMGWYRQAPGQQREWVAVITDTDSTIYPDSVKGRFAISRDGAKNTVHLRMSSLKPEDTAVYYCNAYQAGWGDYWGQGTQVTVSS
seq14215,QVQLQESGGGSVQTGGSLRLSCAASTSIYSNNYMAWFRQAPGKGREGVAAVYIGDGRPYYADSAKGRFTISLDSAKNTVYLHMNSLKPEDTAMYYCAAAPGPLSRHYWYTSANYDYWGPGTQVTVSS
seq14216,GGGSVQAGGSLRLSCAASGYSNCPLTWSWYRQFPGTEREFVSSMDPDGNTKYTYSVKGRFTMSRGSTEYTVFLQMDNLKPEDTAMYYCKTALQPGGYCGYGACLWGQGTQVTVSS
seq14217,EVQLVESGGGLVQAGDSLRLSCAASGRIFTMGWFRQAPGKEREFVAAISGSGSITNYADSVKGRFTISRDYAKTTVFLQMNSLKPEDTAVYYCAAYVRTPYYSSYYDSTKYEYWGQGTQVTVSS
seq14218,QVQLVETGGGLVQAGGSLRLSCAASGTIFNGNRINAMGWYRQIPGKERDLVATITVDGKVNLGNLVKGRFTISEDDARNTVYLQMNRLKPEDTAVYYCTAGKLTSSGGVDYYSPSNDYWGQGTQVTVSS
seq14219,EVQLVESGGGLVQPGGSLRLSCAASGFTFSSYAMYWVRQPPGKGPEWVSRISAGGGSTYYGDSVKGRFTISRDNAKNTLYLQMNSLKPEDTAVYYCANRAGWGMGDYWGQGTQVTVSS
seq14220,EVQLVESGGGEVQPGGSLRLSCAASGSTFSMYHMSWFRQAPGKQREPVATSHHGGTTNYAGSVKGRFTISRDNAKNTVYLQMNSLRAEDTAVYYCKADHGYNGRGYWGQGTLVTVKP
seq14221,EVQLVESGGGLVQAGGSLRLSCVASGSPFSIGATGWYRQAPGKQRDLVAEIYPSGDTIYADSVKGRSTISRDNAKNTVYLQMNSMKPEDTAVYFCNVVRWGVDYWGQGTQVTVSS
seq14222,EVQLVESGGGSVQAGGSLRLSCAASGDTYGSYWMGWFRQAPGQEREGVAAINRGGGYTVYADSVKGRFTISRDNAKNTLYLQMNSLRPDDTADYYCAASGVLGGLHEDWFNYWGQGTLVTVSS
seq14223,EVQLVESGGGVVQAGGSLRLSCAASGSIASIHATVCWFRQAPGKEREFVAVITWSGGITYYADSVKGRFTISRDNAKNTVYLQMNSLKPEDTAIYYCAGDKHQSSWYDYWGQGTLVTVQS
seq14224,QVQLQESGGGLVQPGGSLRLSCAASGRTFSDHSGYTYTIGWFRQAPGKEREWVARIYWSSGNTYYADSVKGRFAISRDIAKNTVDLTMNNLEPEDTAVYYCAARDGIPTSRSVESYNYWGQGTQVTVSS
seq14225,QVQLQESGGGLVQAGGSLRLSCTASRRTDRAYAMAWFRQAPGKERDVVAVISWSGGNQYYVDSVKGRFTISRDNAKSTVYLQMNSLKPEDTAVYYCAARRGYDSGIYSSGRYDYWGQGTQVTVSS
seq14226,EVQLVQSGGGLVQAGGSLRLSCRASGRAINSYNMGWFRQAPGKEREFVSAINWNGARTYYQDALKGRFAISRDNARNTMYLQMNNLKPEDTAVYYCAAAGRWSAAVPSGEDQYNFWGQGTQVTV
seq14227,EVQLVESGGGLVQSGGSLRLSCAASGFTFSDYAMIWVRQAPGKGLEWVSSINNGGWSTRYADSVKGRFTISRDNAKNTLYLQMNSLKPEDTALYYCAREGYYSDYAAVGHAYDYWGQGTQVTVSS
seq14228,QVQLQESGGGLVQAGGSLRLSCAASGFTSDDYAIGWFRQAPGKEREGVSCISSSDGVTYYADSVKGRFTISSDNAKNTVYLQMNSLKPEDTAVYYCAADSLPLCFSGSYYHPYEYDYLGQGTQVTVSS
seq14229,ECQLVESGGGLVQPGGSLRLSCAASGFTFDDYGMSWVRQAPGKALEWVSAISWNGNNTYYTESMKGRFTISRDNAKNTLYLQMNSLRPEDTAVYYCVKGSTAIVGVPPTYPDEYDYWGQGTLVTVSS
seq14230,EVQLVESGGGLVQAGGSLRLSCAASGGAFSNYDVGWFRQAPGEGREIVARISGSGDSTYSSNRAKGRFTISRDNAKNTVYLQMNSLKREDTAVYYCRAARYNGTWSSNDYWGQGTQVTVSS
seq14231,LQESGGGLVQAGGSLRLSCVAQGRTWNDLDMGWFRQAPGNQREFLAAITSGGTPHYADSRFTLSRDHAKNLVYLQMNSLKPEDTARYYCAAGAYSTRPEAYRYWGQGTQVT
seq14232,EVQLVESGGGLVQAGDSLRLSCAASGRPFSAYVMGWFRRAPGKEREFVGGINWNSANTWYTDSVLGRFTISKDNAKNTVYLQMNSLKPEDTAVYYCAAAGGVGYYRYERQYDYWGQGTQVTVSS
seq14233,QVQLVETGGGLVQAGGSLRLSCAASGRTFSIYAMGWFRQAPGREREFVASISRMGWSTYYGDSVKGRFTASRDNAKNTLYLQMNSLELEDTAVYFCAASASALRVNQWDYWGQGTQVTVSS
seq14234,QVQLQESGGGLVQAGGSLKLSCETSGFTLDNYAIGWFRQAPGKDREEVACISTDVDSKYYASALKGRFTISSDSAKNTVYLQMNSLKPEDTAVYYCGASSRHYGANCLYAFWGHGTQVTVSS
seq14235,QVQLQESGGGLVQAGGSLRLSCAASASIMSIRVMGWYRQAPGKQRELVATMSRGNTINYADSVRGRFTISRDNAKSTVYLQMNSLKPEDTAVYYCAALLDSYYWGQGTQVTVSS
seq14236,QVQLVESGGGLVQAGGSLRLSCVSSERNPGINAMGWYRQAPGSQRELVAIWQTGGSLNYADSVKGRFTISRDNLKNTVYLQMNSLKPEDTAVYYCYLKKWRDQYWGQGTQVTVSS
seq14237,EVQLVESGGGLVQTGGSLRLSCAASGRTFSSYTMGWFRQAPGKDREFVAAISRSGGLTSYADSVKGRFTISRDNGKKMAYLQMNSLKPEDTAVYYCAAAPVPWGTRPSLFTYDSWGQGTQVTVSS
seq14238,EVQLVESGGGTVQAGDSLRLSCTASGRTFSTYTMGWFRQAPGKERVVVAVNTWNNFTVHQPSVKGRFTMSRDNTKNSIYLQMDSLKPEDTAVYYCAASAKGTARYDYWGQGTQVTVSS
seq14239,QVQLQESGGGWVQAGGSLRLSCAASGPTFSTYVMAWFRQAPGKEREFVAGITRSGAVPRYADSVKGRFSVSRDNARNMVYLQMNSLRPEDTAVYYCAARSLSGRVAGQEYEYDYWGQGTQVTVSS
seq14240,EVQLVESGGGLVQAGGALGLSCSASGLLFSRNSAGWYRQAPGKKRDFVARIRMGGSINYGVSVKGRFTVSRDIAKNTMYPQMNDLKPEDAAKYFCSSWRKGFYEYWGQGTQVTVSS
seq14241,EVQLVESGGGLVQPGGSLRLSCAASGLTIDDYAIGWFRQAPGKEREGVSSIRDNGGSTYYADSVKGRFTISSDNSKNTVYLQMNSLRPEDTAVYYCAAVPAGRLRYGEQWYPIYEYDAWGQGTLVTVSS
seq14242,EVQLLESGGGEVQPGGSLRLSCAASGFSFSINAMGWYRQAPGKRREFVAAIESGRNTVYAESVKGRFTISRDNAKNTVYLQMSSLRAEDTAVYYCGLLKGNRVVSPSVAYWGQGTLVTVKP
seq14243,DVQLQASGGGLVSAGESLRLSCAVSGGDVSTYAMVWFRQAPGKEREFVALLSRSGRTTNYADSVKGRFTVSRDNAKNTWYLQMNKLKPEDTAVYYCAAGSNYGQGTQVTVSS
seq14244,EVKLVESGGGLVQAGGSLRLSCAASGRTDGMYAMGWFREAPGKEREFVAVQDLTASNTYYSSAVKGRFTISRDNAKNTAYLQMNRLKSEDTAVYYCAAGPTLMSSYGNSARDYDYWGQGTRVTVSS
seq14245,EVQLVESGGGLVQAGGSLGLSCAASGFTSDDYAIGWFRQAPGKEREGVSYISHEDGSTYVADSVRGRFTISYDYAKNTVYLQMNSLKPEDTAVYYCAAAILGNSVLWLWEYEYRYWGQGTQVTVSS
seq14246,EVQLVESGGGLVQPGGSLRLSCAASGFSLDYYAIGWFRQAPGKEREGVSCMDSSGGTTSTYYSDSVKGRFTISRDDAKNTVYLQMNSLKPEDTAVYYCAADGHLNWGQRYVPCSQISWRGWNDYWGQGTQVTVSS
seq14247,EVQLVESGGGLVQPGGSLRLSCAASGRTFSYNPMGWFRQAPGKGRELVAAISRTGGSTYYPDSVEGRFTISRDNAKRMVYLQANSLRAEDTAVYYCAAAGVRAEDGRVRTLPSEYTFWGQGTQVTVSS
seq14248,QVQLVESGGGLVQAGGSLRLSCVASGRTFIAYAMGWFRQAPGKEREFVAAITNFAGGTTYYADSVKGRFTISRDNAKTTVYLQMNSLKPEDTALYYCAADRSAQTMRQVRPVLPYWGQGTQVTVSH
seq14249,QVQLVETGGDLVQPGGSLRLSCAASGSSFSRAAVGWYRQAPGKEREWVARLASGDMTDYTESVRGRFTISRDNAKHTVYLQMDNLKPEDTAVYYCKARIPPYYSIEYWGKGTRVTVSS
seq14250,EVQLVESGGGLVQPGGSLRLSCAASGFTFDDYGMSWVRQAPGRATEWVSAISWNGNNTYYTESMKGRFTISRDNAKNTVYLQMNSLKPEDTAVYYCVKGSTAIVGVPPTYPDEYDYWGQGTQVTVSS
seq14251,EVQLVESGGGSVQAGESLRLSCAASGSIFSSNAMAWYRQAPGKQRDLVAGINSVGITKYADSVKGRFTISRDNAKNTVYLQMNSLKPEDTAVYYCTSDPRRGWDTRYWGQGTLVTVSS
seq14252,EVQLVESGGGLVQAGGSLRLSCVASEDAFKTDTLGWFRQAPGEEREFVAAFVWAGGPFYADSVKGRFTISMDEDRNTVYLQMNSLKPEDTGVYYCAASLSRLRVGEITPRHMNYWGQGTQVTVSS
seq14253,AVQLVDSGGGSVQAGGSLTLSCTGSGFSFDDSELGWYHQAPGNECELVSFIGVDGTTYYATSVKGRFAISRDNAKNTVYLRMNSLKPEDSAMYYCAAGLNDIELKYTRTDCGPLAGYNYWGQGTQVTVSS
seq14254,SGGGGLVQAGGSLRLSCAASGRTFSGYAMGWFRQAPGKEREFVADISWSGHNTYYGDSVKGRFTISRDTAKNTVYLQMNSLKPEDTAVYYCAAEGARTHLSDSYYFPGLWAEPPVGYWGQGTQVTVSS
seq14255,EVQLVESGGGLVQPGGSLRLSCTASGRSISSSAMGWFRQAPGKEREFVASVHWTDVSTWYADSVKGRFTISRDNAKNTVYLQMNSVKPEDTAVYHCAASRAFSPDSWRRYSDSDSYESWGQGTQVTVSS
seq14256,QVQLQESGGGLVQPGGSLRLSCAASGSIFSINTMAWYRQAPGKERDLVAAIISSGSTNYADSVKGRFTISRDNTKNTVYLQMNSLKLEDTAVYYCNAAIRRSVIDDAWGAYWGQGTQVTVSS
seq14257,QVQLRESGPGLVKPSQTISLTCTVSGGSITTSWSYWSWIRQSPGKGLEWMGSIDYDGKINFIPSLKSRTSISRDTSKNHFTLQLTSVTPEDTAVYYCARARKVVNLEGLDTWGQGTLVTVSS
seq14258,DVQLQESGGGSVQAGGSLRLSCPASGYTFSHYCMGWLRQAPGKEREEVATIDTDSTPTYADSVMGRFTISRDNANNALYLQMNDLKPEDTSMYYCATWMGLRGSCHDRRLEVRGQGTQVTVSI
seq14259,EVQLVESGGGLVQPGGSLRLSCAASGRTFGDYIMGWFRQAPGKEREFVATINWTAGYTYYADSVKGRFTISADNSKNTAYLQMNSLKPEDTAVYYCATDPPLFCWHFDHWGQGTLVTVSS
seq14260,EVQLVESGGGLVQSGGSLRLSCAASGFALDYYTIGWFRQAPGKEREGVSCISGGDTSTYYADSVKGRFTISRDNAKNTVYLQMNSLKPEDTAVYYCATDSAGVPAGPAAVYGSTCSRLEYDYWGQGAQVTVSS
seq14261,EVQLVESGGGLVQPGGSLRLSCAASGLTLDYYALGWFRQAPGKEREGVSCISSSDHTTTYADSVKGRFTISWDNAKNTLYLQMNSLKPEDTAVYYCAADPALGCYSGNYYPRYDFWGQGTQVTVSS
seq14262,EVQLQESGGGLVQPGGSLRLSCAASGFTFSSYWMYWLRQAPGKGLEWVSSINSDSSSTYYRDSVKGRFTISRDNAKNTLYLQMNSLKSEDTAVYYCAKDPGGYAKGQGTQVTVS
seq14263,EVQLVESGGGLVQPGGSLTLSCVASGFTLDGYAIGWFRQAPGKERESVSCITGRHGTIYYADSVMGRFTISRDNAKSTVYLQMNSLKPEDTAVYYCAADGFDTPCVAGTDWQYDYWGQGTQVTVSS
seq14264,QVQLVESGGGLVQAGDSLRLSCAASGRTFSGYAMGWFRQAPGKELEFVARINWSGTLTYYADSVKGRFTASRDNAKNTVYLQMNSLKPEDTAVYYCAQRGDSGSNYDPSGYSYWGQGTQVTVSS
seq14265,EVQLVESGGGLVQAGGSLKLSCAASGRTYAMGWFRQAPGKEREFVAHINALGTRTYYSDSVKGRFTISRDNAKNTEYLEMNNLKPEDTAVYYCTAQGQWRAAPVAVAAEYEFWGQGTQVTVSS
seq14266,EVQLVESGGGLVQTGGSLTLSCATSEGTFSAYTMAWFRQAPGKEREFVGAIDWRFGNTYYADSVKGRFTISRDNARNTGYLQMNSLKPEDTAVYFCAADRYRSIPYPPRRDSVYEYWGQGTQVTVSS
seq14267,EVQLVESGGGLVQAGGALRLSCTASGITFKRYDMGWYRQAPGKEREWVTTITSEGTANSADSVKGRFTISRDNAKNTVYLQMNSLKSEDTAVYYCNAQFTLARHLVYWGQGTQVTVSS
seq14268,EVQLVESGGGLVQPGGSLTLSCVASGSTTFINAIGWYRRAPGKQRELVAGISSDGSKVYEDSVKGRFTISRDNAKNSVYLQMNSLRAEDTAVYYCYYFRTVSGAPKSYWGQGTLVTVSS
seq14269,EVQLVESGGGSVQPGGSLTLSCGTSGRTFNVMGWFRQAPGKEREFVAAVRWSSTGIYYTQYADSVKSRFTISRDNAKNTVYLEMNSLKPEDTAVYYCAADTYNSNPARWDGYDFRGQGTLVTVSS
seq14270,NVKLVEKGGNFVENDDDLKLTCRAEGRTGSTYDMGWFRQAPNDDSTNVATINWDSARTYYGDSVKERFDIRRDNASNTVTLSMDDLQPEDSAEYNCAGGEGGTWDSRGQGTDVTVSS
seq14271,EVQLVESGGGLVQPGGSLRLSCAASGFTCGDYTMGWFRQAPGKERESVAAIDSDGRTHYADSVISRFTISADNSKNTAYLQMNSLKPEDTAVYYCAAALDGYSGDWGQGTLVTVSS
seq14272,EVQLMESGGGLVQAGGSLRLSCAAPGRTFSEYAMGWFRQNPGNEREFVAAISRGGGFTDYADSVKGRFTISRDNAKNTVYLQMNSLKPEDTAVYYCAADGRSSFGIAKRSRYEYDSWGQGTQVTVSS
seq14273,QVQLQQSGGGLVEPGGSLRLSCAASGSISSITFMGWHRQAPGEQGELVALIARSGTTTYADSVKGRFTISRDNAKNTVYLQMNNLKPEDTALYYCYVDRRDVVPTWGQGTQVTVSS
seq14274,EVQLVESGGGSVQAGGSLRLTCAASGSTSRSYGMGWFRQAPGKEREFVSGISWRGDSTGYADSVKGRFTISRDNAKNTVDLQMNSLKPEDTAIYYCAAAAGSTWYGTLYEYDYWGQGTLVTVSS
seq14275,QVQLVESGGGLVQPGGSLRLSCAASGRIFSTYAMGWFRQPPGKEREFVASINRSGDSTYYADSVKGRFTISRDDAKNMGYLQMSSLKPEDTAVYYCAADSDGIGWFNSFEYDYWGRGTQVTVSS
seq14276,QVQLVESGGGLVQAGGSLRLSCTDSGRTFSKKPMGWFRQAPGMEREFVAAASYTGVSTFYADSVKDRFTISRDKDKNTMDLQINSLKPEDTGAYYCAGTTRTLWGSKWRDVLEYEYWGQGTQVTVSS
seq14277,EVQLVESGGGLVQAGGSLRLSCAASGFTFDDYAIGWFRQAPGKEREGVSCISSSDGSTYYADSVKGRFTISSDNAKNTVYLQMNSLKPEDTAVYYCATAWCDSSWYRSFVGYWGQGTQVTVSS
seq14278,EVQLVESGGGFVQAGGSLGHSCSASGLLSSCNTAGWYRQAPGKRREFVARIRMVGSINYADSVKGRFTVSRDNAKNMMYLQMNDLKPEDTAVYFCSGWREGFYGYWGQGTQVTVSS
seq14279,EVQLVESGGGLVQPGGSLRLSCAASGSTFDNYAMGWFRQAPGKERELVAGINWSDSSTYYADSVKGRFTISADNSKNTAYLQMNSLKPEDTAVYYCAAVAGWGEYDYWGQGTLVTVSS
seq14280,QVQLQESGGGLVQAGGSLRLSCAASGRTFNRYAWGWFRQAPGKEREFVARISFSGGNTYYADSVKGRFTISRDNAKNSVYLQMNSLKPEDTAVYYCAADPTPYGLRNERNYHYWGQGTQVTVSS
seq14281,QVQLVESGGGLVQPGGSLRLSCTSSANINSIETLGWYRQAPGKQRELIANMRGGGYMKYAGSLKGRFTMSTESAKNTLYLQMNSLKPEDTAVYFCNAVTYDGYTIRGQGTLVTVSS
seq14282,EVQLVESGGGLVQPGGSLRLSCAASGRAFSTYGMGWFRQAPGKEREFVAGINWSGDTPYYADSVKGRFTISADNSKNTAYLQMNSLKPEDTAVYYCAREVGPPPGYFDLWGQGTLVTVSS
seq14283,EVQLVESGGGLVQTGGSLRLSCAASGRTFSSYTTGWFRQAPGKDREFVAAISRSGSLTSYADSVKGRFTISRDNAKKMAYLQMNSLKPEDAAVYYCAAAPVPWGTRPSFFTYDSWGQGTQVTVSS
seq14284,QVQLQQSGGGLVQAGGSLRLSCAASGFTFDDYAIGWFRQAPGKEREGISSIVGSDNYTWYTDSVKGRFTISSDNTRSTVYLQMNSLKPEDTAVYYCAADSYSDYVSLNPETFGSWGQGTQVTVSS
seq14285,QVQLVESGGGLVQPGGSLRLSCAASGSIANINGMAWYRRLPGKVRAMVASITSAGTASSYIDSVKGRFTISRDNAKNTVYLQMTSLKPEDTAVYYCKAWDRDLVDYWGQGIQVTVSS
seq14286,EVQLVESGGGVVQPGGSLKLSCVASGTDFSINFIRWYRQAPGKQREFVAGFTATGNTNYADSMKGRFTISRDNTKNAVYLQIDSLKPEDTAVYYCYMVDKWGQGTQVTVSS
seq14287,EVQLVESGGGLVQAGGSLRLSCAASGRTFSNYVMGWFRQAPGKERDFVVGIGRSGGDNTYYADSVKGRFTISWDNAKNTMYLQMNSLKPEDTAVYYCAASTYSRDTIFTKWANYNYWGQGTQVTVSS
seq14288,VQLQEFGGGVVQSGGSLRLSCVASGNIFRINAMGWYRQAPGKQRELVAHIISGGSTNYADSVKGRFTISREYAKNMVYLQMNSLKPEDTAVYYCNAQTRLWSYWGQGTQVTVSS
seq14289,ESGGGSVQAGGSLRLSCASSSKYMPCTYDMTWYRQAPGKEREFVSSINIDGKTTYADSVKGRFTISQDSAKNTVYLQMNSLKPEDTAMYYCKIDSYPCHLLDVWGQGTQVTVSS
seq14290,EVQLVESGGGLVQAGGSLRLSCAASGSVSSINVMAWYRQAPGKQRELVATISSTGYTDYSDSAKGRFTISRDNKNTVHLQMNSLKPEDTAVYYCRASTLRTGWFMGWGQGTQVTVSS
seq14291,ELQLVESGGGLVQPGGSRRLSCAASGFTYSDYWMYWVRQPPGKGLEWVSNINSEGGSTAYADSVKGRFTISRDNAKNTLYLQMNSLKSEDTAVYYCVRALSSGQWYPAYWGQGTQVTVSS
seq14292,QVQLVESGGGMVQPGGSLRLSCAASGFTFSTYDMSWVRQAPGKGPEWVSIINAGGGSTYYAASVKGRFAISRDNAKNTLYLQMNNLKPEDTALYYCARVASYYCRGYVCSPPEFDYWGQGTQVTVSS
seq14293,EVQLVESGGGLVQPGGSLRLSCAASGSTLSINAMGWFRQAPGKEREFVAAIDWSGGSTAYADSVKGRFTISADNSKNTAYLQMNSLKPEDTAVYYCARDSSATRTGPDYWGQGTLVTVSS
seq14294,EVQLVESGGGLVQPGGSLRLSCAASGIIGSFRTMGWFRQAPGKEREFVGFITGSGGTTYYADSVKGRFTISADNSKNTAYLQMNSLKPEDTAVYYCAAARRYGNLYNTNNYDWGQGTLVTVSS
seq14295,QVQLQESGGGLVQAGGSLRLSCAASGFTLGYYAIGWFRQAPGNEREGLSVITSGGGAIYYADSVKGRFTISRDNVKNTVSLQMNSLKPEDTAVYYCARVRAAFTSTTWTSPKWYDYWGQGTQVTVSS
seq14296,EVQLVESGGGLVQAGGSLRLSCAVNSRTFSSYGMGWFRQAPGKEREFVATINWSGVTAYADSIKGRFTISRDNAKETVYLQMNSLKPDDTGVYYCAAETYGSGSSLMSEYDYWGQGTQVTVSS
seq14297,EVQLVESGGGLVQPGGSLRLSCAASGFTFDDYGMSWVRQAPGKALEWVSAISWNGNNTYYTESMKGRFTISRDNAKNTLYLCMNSLRPEDTAVYYCVKGSTAIVGVPPTYPDEYDYWGQGTLVTVSS
seq14298,EVQLVESGGGLVQAGGSLRLSCAASGRSISEYAMGWFRQAPGQEREFVASISTSGGSTTYADSVKGRFIISRDNAKNTVYLQMNSLKPEDTAVYYCARYNGWMYYAGTMGVHFGQGTQVTVSS
seq14299,EVQLVESGGDLVQPGGPLRLSCAASGSIFSINDMGWFRQAPGKQRELVADIISRGVTNYADSVKGRFTISGDPAKNTVYLQMNSLKPEDTAVYYCNAHISTGWGRPHNNYWGQGTQVTVSS
seq14300,DVQLVESGGGLVQAGGSLGLSCSASGLLFSRNSAGWYRQAPGKQREFVARIRMGGSINYADTVKGRFTISRDNAKNTVYLQMNSLKPEDTAVYYCSSWRTGFYEYWGQGTLVTVSS
seq14301,DVQLVESGGGVVQPGGSLRLSCTASGFTFSTADMGWFRQAPGKGREFVARISGIDGTTYYDEPVKGRFTISRDNSKNTVYLQMNSLRPEDTALYYCRSPRYADQWSAYDYWGQGTLVTVSS
seq14302,VQLQESGGGLVRAGGSLRLSCAASGSIFSIDAMGWYRPAHGEQRELVAAITTGGRTTYVDSVKGRFTISRDNAKNTVYLQMNSLKPEDTAVYFCKAFTRDEDYWGQGTQVTVSS
seq14303,QVQLQESGGGSVQAGGSLRLSCTVSGFSFDDSDMGWYRRAPGNECELVSGISRDGSTYYADSVKGRFTISQDNAKNWVYLQMNSLKPEDTAVYYCAAATYSDYVCDYWTQGTQVTVSS
seq14304,EVQLVESGGGQVQPGGSLRLSCESSVSIWSFKVMGWFRQVPGKQRELVATITTGGSPHDGDSAKGRFTISRDYDKRTLYLQMNSLKPEDTARYYCAGRLWAHITSSGHDVWGQGTQVTV
seq14305,ESGEMLFTVKKDSLRLSCAASGSIFSINTMGWYRQAPGKQRELVAAIHSGGSTNYANSVKGRFTISRDNAANTVYLQMNSLKPEDTAVYYCNVKDYGAVLYEYDYWGQGTQVTVSS
seq14306,QVQLQESGGGLVQPGGSLRLSCAAEGFALANYGVGWFRQAPGKGRERISCSSVRDNGPYYAESVKGRSTISRRNAENTLYLHMSNLKAEDTALYYCATTDCDATGWGTWTNYRGQGTQVTVSS
seq14307,EVKLQQSGGGSVQAGGSLRLSCTASGRAFSNYIMGWFRQAPGKEREFVAAIRSSDGNIWYGNPVKGRFAISPDNAKNTVWLQMNNSLEPEDTAVYYCAADLSAYAQDSRTEEYRYWGQGTQVIVSS
seq14308,EVQLVESGGGLVQPGGSLRLSCVASGFSLDDYAMTWVRQAPGKGLEWVSSINWSGTHTDYADSVKGRFTISRDNARNTLFLQMNSLTPEDTAIYYCNQGWKILPTDRRGHGTQVTVSS
seq14309,EVQLVESGGGLVQPGGSLRLSCAASGGTFSNSGMGWFRQAPGKERELVAVVNWSGRRTYYADSVKGRFTISADNSKNTAYLQMNSLKPEDTAVYYCAVPWMDYNRRDWGQGTLVTVSS
seq14310,VQLQESGGGSVQAGQTLRLSCTASGFTFDDSDMAWYRQAPGNECELVSKMRSDGSTYYADSVKGRFTISQDNAKNTVYLQMNSLKPEDTAVYYCAEDLPYGLGTCTSLDYWGRGTQVTVSS
seq14311,EVQLVESGGGLVQAGGSLRLSCAAPGRTFSSYAMGWFRQAPGKEREFVASSTSGGRTFYEDSVKGRFTISRDNAKNTVYLQMNSLKPEDTAIYYCAADASNDWLLRLVYSWGQGTQVTVSS
seq14312,QVQLVESGGGLVQAGGSLRLSCVASGRTSTIDTMYWHRQAPGNERELVAYVTSRGTSNVADSVKGRFTISRDNAKNTAYLQMNSLKPEDTAVYYCSVRTTSYPVDFWGQGTQVTVSS
seq14313,EVQLVESGGGLVQPGGSLRLSCAASGSIVRSDVMGWYRQAPGKQRELVAFIRSLGSTYYAGSVKGRFTISRDNAANTVYLQMNNLKPEDTAVYYCNARFSGESYWGQGTPVTVSS
seq14314,QVQLVESGGGLVQAGGSLRLSCAASGSIFSINAMGAIRWSGESPYYADSVKGVISSSGSTNYADSVKGRFTISRDNAKNTAYLQMNSLKVEDTAVYYCAAHVAGFDEYNYWGQGTQVTVSS
seq14315,EVQLVESGGGLVQPGESLRLSCTASRFMLDYYDIGWFRQAPGKEREGVSCRFTNDGSTAYADSVKGRFTISRDIVKHTVYLQMNSLQPEDTAVYYCAAGPLTKRRQCVPGDFSMDFWGEGTLVTVSS
seq14316,DVQLQASGGGLVQAGGSLRLSCAASGRTFSSVTMGWFRQAPGKEREFIAAMTRNSGSTYYADSVKGRFTIPRDNAKNTGYLQMNSLKPEDTAVYYCAAKASMYGSTLYPPTGYNYWGQGTQVTVSS
seq14317,QVQLQESGGGLVQAGGSLRLSCAASGSIFSINAMGWYRQAPGKLREWVATISSGGITYYDDSVKGRFTISRDNAKNTVYLQMNSLKPEDTAVYFCNAENPRLGDDYWGQGTQVTVSS
seq14318,EVQLVESGGGLVQAGGFLRLSCELRGSIFNQYAMGWFRQAPGKEREFVAGMGAVPHYGEFVKGRFTISRDNAKSTVYLQMSSLKPEDTAIYFCARSKSTYISYNSNGYDYWGRGTQVTVSS
seq14319,QVQLQESGGGSVQAGGSLRLSCAASGLPYRTVFMGWFRQGPGKEREGVAVINADGVSTYYADSVKGRFTISQDNAKNTVYLQMNSLKPEDTAIYHCAANHFFDYSRDPLATAEYNYWGQGTQVTVSS
seq14320,EVQLVESGGGLVQAGGSLRLSCASSISTFSSDAMGWFRQAPGKEREFLAAIGWSGAVTHYSDSVQGRFTISRDNAKNTVYLQMNSLKSEDTGRYYCAEDYDTDVWQYWGQGTQVTVSS
seq14321,EVQLVESGGGLVQAGGSLRLSCVTSGIIFSNNAMGWYRQGPGKKRDLVASISSTYSTNYADSVKGRFTVSRDNDKNTGYLQMNSLKPEDTGVYYCTIDARRGWNTAYWGQGTPVTVSS
seq14322,QVKLEESGGGLVQAGGSLRLSCAASSSIFSINMSWYRQAPGNERELVATITRHDSTHYSDSVKGRFAISRDDDKNTIYLQMNSLKPEDTAVYYCSGFFLDGSTWRPYWGQGTQVTVSS
seq14323,EVQLQESGPGLVKPSQTLSLTCTVSGGSITSRYYAWSWIRQPPGKGLEWIGVIDYEGDTYYSPSLKSRTTISWDTSKNQFSLQLSSVTAEDTAVYYCARDPDVVTGFHYDYWGQGTLVTVSS
seq14324,QVQLQESGGRLVQAGDSLTVSCAVSGRSWSSYAMGWFRQAPGKEREFVSAITSGGLVGNYADSVKGRFTISRDRARNTVALQMNNLKAEDTAVYYCAARPRGSLYYSKDSYEYWGQGTQVTVSS
seq14325,EVQLVESGGGLVQAGGSLRLSCTASTSIYTITVMAWFRQAPGKEREFVAAITWSAPTTYYADSVKGRFTISRDNAKNTVYLRMNSLKPEDSAIYYCAADRFKGRSIVTPSDYRYWGQGTQVTVSS
seq14326,EVQLVESGGGLVRAGGSLRLSCAASGSIFGTTNMGWYRQAPGTQRDLVATINNGGITNYADSVKGRFTISTDYTKNTVYLQMDRLKPEDTAVYYCNAEYHFRPPSWGQGTQVTVSS
seq14327,QVQLVESGGGLVQAGAALRLSCAASGGTFSFYNMGWFRQAPGKEREFVVSISRSGGGTAYADSVKGRFTISRDNAKNTAYLQMNSLKPEDTAVYYCAAGLRDWGREGEPHYWGQGTQVTVS
seq14328,QIQLVESGGGSVQAGGSLRLSCAASAYTDRRYCMAWFRQAPGKEREGVATMDTDGSTRYADSVKGRFTISTDSAKNTLYLQMNSLEPEDTAMYYCAVGPNPRYCSGAINTRGAEHYFGYWGQGTQVTVSS
seq14329,EVQLVESGGRLVQAGGSLRLSCAASGLTRSDYAMGWFRQAPGKEREFVATLKWSEGSRFMYRAEDVKGRFTISSGAAKTTVWLDMDALNPEDTAVYYCAAGFNVGFVRRASEYNFWGQGTLVTVSS
seq14330,EVQLVESGGGLVQAGGSLTLSCAAAGFTFRRYVMGWFRQAPGKEREFVAAISTGGTWTGYVDSVKDRFTISRDNTKNTVYLQMASLKPEDTAVYNCAATTPTTSYLPRSERQYEYWGQGTQVTVSS
seq14331,QVQLVESGGGLVQPGGSLRLSCAGPGFLLRSNTMGWYRQAPGKERELVAFIRPSGLTNYNDAVQGRFTISRDNSKNTLYLQMNSLRAEDTAVYYCHTRPPFQRDSWGQGTLVTVSS
seq14332,QVQLVESGGGLVQAGGSLRLSCAASGRITSYYGVGWFRQAPGKGREFVAVVTWNAGITFYADSVKGRFTISRDNAKNTVYLQMNGLKPEDTAVYYCAAGVFRARGYTLSGEYEYWGQGTQVTVS
seq14333,QVQLQESGGGLVQPGGLLRLSCAASGFSVAYYGMGWFRQAPGKEREGVACISALRDTTYYTDSVKGRFTLSRDNVKNTLSLQMNSLKPEDTGVYYCATTDCDATSRMTYLSYLGQGTQVTVSS
seq14334,EVQLVESGGGLVQVGDSLRLSCEASGRSRFSTYVMGWFRQAPGKEREFVAAISWSSGNAYYIDSAKGRFATSRDTAKNIMYLQMNSLKPEDTAVYSCAAGRGYGLLSEYTQAARYDYWGQGTQVTVSS
seq14335,EVQLVESGGGLVQAGGSLTLSCAASVRTFSTSAMGWFRQAPGKEREFVAAINWNAGSTYHADSVKGRFTISGDNAKNSVFLQMNGLKPEDTAVYYCAAQASGRVTYFDYAYRRGSNYDYWGQGTQVTVSS
seq14336,GSLRLSCAASKSFFNIYDLAWYRQAPGKQRELVASITKVGSTNYADSVKGRFTTSRDNAKKTVYLQMNSLKPEDTAVYYCNLVSPGGVYNYWGQGTQVTVSS
seq14337,VQLQESGGDLVQPGGSLRLSCAASGFTFDDYVMNWVRQAPGKGLEWISAINWNGGSTYYAESMKGRFTISRDNAKNTLYLQMYSLQSDDTAVYYCVKDTVVSGNGYWGQGTQVTVSS
seq14338,QVQLQQSGGGLVQAGGSLRLSCTASGRIDRTYTVSWFRQGPGKEREFVATISWDGSIYYDNAVEGRFSISGDNAKTTVALQMNSLKPEDTAVYYCAARRRVFSRAAAAYNYWGQGTQVTVSS
seq14339,DVQLVESGGGSVQAGGSLRLSCAVSGYKDRNYCMGWFRRAPGKEREGVAVIDSSGRTAYADSVKGRFTISRDVALDTAYLQMNSLKPEDTAMYYCAAGWSSLGSCGTNRNRYNYWGQGTQVTVSS
seq14340,QVQLQESGGGLVQAGGSLRLSCAVSGNTLSRYAMGWFRQTPGNEREFVAAIRWNNGATYYAESVEGRFTISRDNGKNTVYLQMNNLKPEDTAVYYCAGRFLGYASSNAYHEALYNYDYWGQGTQVTVSS
seq14341,QVQLQESGGGLVQPGGSLRLSCLASGFSLEHNSIAWFRQAPGKEREEVSCISSSDGTPYYADSVKGRFTISRDNAKNTVYLQMNSLKPEDTAVYYCATSNYYYTCSPIYMDSWGKGTLVTVSS
seq14342,EVQLVESGGGLVQAGGSLRLSCAASGYIFSNYGMGWFRQAPGKEREFLARISRSGSTTYYSDSVKGRFTISRDNAKNTMYLQMTSLKPEDTAVYYCAAGRSGYYRSGEYDYWGQGTQVTVSS
seq14343,QVQLQESGGGSVQAGGSLRLSCRTSGYTNNLKSMAWFRQAPGKEREAVASIHNNGGPTYDYYAESVKGRFAISQDNAKNTLYLQMSSAKPEDTAVYYCAADNRFLGSGSWRLPSLYNYWGQGTQVTVSS
seq14344,EVQLVESGGGLVQPGGSLRLSCTASESIFSIDAMGWHRQAPGKQRELVAHITGGGRSNYADSVKGRFTISGDSAKRTVYLQMNSLRPEDTAVYYCNAEGQAGWGTALMDYWGKGTLVTVSS
seq14345,VQLQESGGGLVQAGGSLRLSCAASGIPFSIIYMAWFRQAPEKQRELVAEMSSRGSKFYADSVKGRFTISRDNAKNTLYLQMNSLEPEDTAVYYCSVGARRDDNDYVYWGQGTLVTVSS
seq14346,EVQLVESGGGLVQAGGSLRLSCVASGRTLRRYVTGWFRQAPGKEREVVASISWSGESTYYADSVKGRFAISRDNAKNAVYLQMNSLNLEDTGVYYCAEAELPGTYDYWGQGTQVTVSS
seq14347,AVQLVESGGGSVKAGGSLRLSCATSRDSDSSFCMAWFRQGPGKEREGVAAIRTYDGSTDYADSVKGRFAISQDNHKNIYLQLHSLKPEDTAIYFCAAVRVLAGVPCLPPPYEYKYWGQGTQVTVSS
seq14348,QVQLQESGGGLVQAGGSLRLSCAASGLYVSANDMGWFRQAPGKEREFVAAISWRGSSMTSYADSVKGRFTISRDNARNTVYLQMNSLKPEDTAVYRCAAGHTYGATMTAPGSFDSWGQGTQVTVSS
seq14349,EVQLVESGGGLVQPGGSLHLSCAASGTIFKINVMAWYRQAPGKGRELVAAIITDGSTTYADSVKGRFTISRDNAKNTLYLQMNSLRPEDTAVYYCAFVTTNSDYDLGRDYWGQGTLVTVSS
seq14350,QVQLVESGGGLVQPGGSLRLSCVASGFTFNGDTMIWYRQTPGKTREWVAGIAPIGDIANYANSVKGRFTISRDNAKNTVYLQMNSLRPEDTAVYYCNTVTWGQSNSYWGQGTQVTVSS
seq14351,EVQLVESGGGLVQPGGSLRLSCAASGRTFNNYAMGWFRRAPGKEREFVAAITRSGVRSGVSAIYGDSVKDRFTISRDNAKNTLYLQMNSLRPEDTAVYTCAASAIGSGALRRFEYDYSGQGTLVTVSS
seq14352,EVQLVESGGGLVQPGGSLRLSCAASGITLDYYAIGWFRQAPGKEREGISYITSRDEYTNYAASVKGRFTISRDNAKNTVDLQMNDLRPEDTAVYYCAAAVPPVANNWHPDYIDYWGKGTLVTVSS
seq14353,EVQLVESGGGLVQAGGSLRLSCIATGKVFSIYDMGWYRQAPGKQRELVAEITSSGTTHYDDFVSGRFTISRDNAKNTVYLQMNTLKAEDTAVYYCRANHVFGGSYWGQGTQV
seq14354,EVQLVESGGGLVQPGGSLRLSCAASGSIYSLDAMGWFRQAPGKERELVAAISPAALTTYYADSVKGRFTISADNSKNTAYLQMNSLKPEDTAVYYCAASMSLRPLDPASYSPDIQPYDWGQGTLVTVSS
seq14355,EVQLVESGGGLVQPGGSLRLSCAASGGTFSSVGMGWFRQAPGKEREFVAGISRSGGTYYADSVKGRFTISADNSKNTAYLQMNSLKPEDTAVYYCARYDFWSGYPYWGQGTLVTVSS
seq14356,EVQLVESGGGLVQAGDSLTLSCAASGRTFSSVAMGWFRQAPGKERKFVANISWNGDSTYYTDSVKGRFTISRDNAKNTVYLQMSSLKPEDTAVYYCAADVRWTGDGHRADYWGQGTQVTVSS
seq14357,QVQLVESGGGLVQAGDSLALSCAGSGDTFSNYAMGWFRQAPGKEREFVADISWYGANIGYADSVKGRFTISRDNAKNMVTLRMNSLKPEDTAVYYCAADRNHWPVKGDYWGQGTQVTVSS
seq14358,EVQLVESGGGLVQAGGSLRLSCAASGFTLDYYAIGWFRQAPGKEREGVSCISSRGSSTYYADSVKGRFTISRDNAKNTVYLQMNSLKPEDTAVYYCAADPIHNCYSGNGYDSPEAVYDYWGQGTQVTVSS
seq14359,VQLQESGGGLVQAGGSLRLSCAASGSISMLNSMGWYRQALGKQREFVAGITSGGRTNYADSVKGRFAISRDNDKNTVYLQMNSLKPEDTAVYYCNTWPPRIAFDSWGQGTQVTVSS
seq14360,EVQLVESGGGLVQAGGSLRLSCTASGRALSSSVVGWFRQAPGKEREFVTGINWSGARTYYADSVKGRFTISRDNAKNTAYLQMNSLKPEDTAVYYCASGSDRYARVLSEYEYVWWGRGTQVTVSS
seq14361,EVQLVESGGGLVQAGGSLRLSCAASGRTYDAVGWLRQAPGKEREFVAAISGSGDDTYYADSVKGRFTISKDNAGITMYLQMNSLKPEDTAVYYCATRRGLYYVWDSNDYENWGQGTQVTVSS
seq14362,DVQLVESGGGVVQPGGSLRLSCAASGRTFSDYVMGWFRQAPGKEREFVAAISESGGRTHYADSVKGRFTISRDNSKNTLYLQMNSLRPEDTALYYCATTLLWWTSEYAPIKANDYDYWGQGTLVTVSS
seq14363,EVQLVESGGGLVQPGGSLRLSCAASGFTFDDAAMGWFRQAPGKEREFVAAMRWRGGITWYADSVKGRFTISADNSKNTAYLQMNSLKPEDTAVYYCAAQGTLYDDYDGLPIKYDWGQGTLVTVSS
seq14364,EVQLVESGGGLVQPGGSLRLSCAASGNIFKINVMGWYRQAPGKQREWVAAIISGGSTNYADSVKGRFTISRDNAKNTLYLQMNSLRPEDTAVYYCAFILTYNDYDLGSDYWGQGTLVTVSS
seq14365,EVQLVESGGGLVQPGGSLRLSCAVSGNIYNRNFMGWFRQAPGKGREGVSAIYTGTSRTYYADSVKGRFTISRDNAKNTVYLQMNSLRPEDTAVYYCAADLRDGFWDTGVWNTWGQGTLVT
seq14366,VQLQESGGGVVQTGDSLRLSCVASGRTFSSLDMGWFRQAPGKEREFVAGISRSGISQYYADSMKGRFTISRDNAKNLVYLQMNSLKPEDTAVYYCAAALTFRGSDLPRDSNYWGQGTQVTVSS
seq14367,QVQLQESGGGLVQAGGSLRVSCAASGRTFTTYIMAWFRQAPGKEREFLAAMDQGRIQYYGDSVRGRFTISRDYAKNSVDLQLDGLRPEDTAVYYCAAGAGFWGLRTASSYHYWGQGTQVTVSS
seq14368,EVQLVESGGGVVQPGGSLRLSCAASGRTFNNYAMGWFRQAPGKEREFVAAITRSGVRSGVSAIYGDSVKDRFTISRDNAKNTLYLQMNSLRPEDTAVYYCAASAIGSGALRRFEYDYSGQGTLVKVSS
seq14369,EVQLVKSGGGLVQAGGSLRLSCAASERTFSSYGMGWFRQAPGKEREFVATINWSGVTAYADSVKGRFTISRDNAKKTVYLQMNSLKPEDTAVYYCAAEPYGSGSSLISEYDYWGHGTQVTVSS
seq14370,QVQLVESGGGSVQAGGSLRLSCAASGLSRYAMAWFRQGTGKEREFVCSTNWSSGNTPYADSVKGRFICSRDNAKNTVYLQMNSLKPGDTAIYYCAARKLDVPSRYSQHYDYWGQGTQVTVSS
seq14371,EVQLVESGGGLVLAGGSLRLSCVHSGPTFSTDTMGWFRQAPGKEREFVAAITWNSGRTNYADSVKGRFTVSRDNTKNAAYLQMSSLKDEDTAVYYCTAHRIVVGGTSVGDWRYWGQGTQVTVSS
seq14372,EVQLVESGGGLVQAGGSLRLSCAASGSSGVINAMAWHRQAPGKERELVAHISSGGSTYYGDFVKGRFTISRDNAKDTVYLQMNSLKPEDTAVYYCHVPWMDYNRRDYWGQGTQVTVSS
seq14373,QVQLQESGGALVQPGGSLRLSCAASGFPVNRYSMRWYRQAPGKEREWVAGMSSAGDRSSYEDSVKGRFTISRDDARNTVYLQMNSLKPEDTAVYYCNVNVGFEYWGQGTQVTVSS
seq14374,EVQLVESGGGLVQPGGSLTLSCAASGSSVKFLSMAWYRQAPGKKRELVAGISADGSTDYILSVKGRFTISRDNAKNSVYLQMNSLRAEDTAVYYCYAYEWTTRYTYWGQGTLVTVSS
seq14375,EVQLVESGGGLVQAGGSLRLSCAASGSTFSINRMAWYRQSPGKQRELVAAVDNDDNTEYSDSVAGRFTISRDNAKNAVHLQMNSLRLEDTAVYYCNAKQLPYLQNFWGQGTQVTVSS
seq14376,EVQLVESGGGLVQAGGPLGLSCSASGLLFSRNSAGWYRQAPGKQLAFVGRIGMGGCINYGDSVKGRFTVSRDIAKNTMYLQMNGLKPEDTAKYFCSSWREGFYEYWGQGTQVTVSS
seq14377,QVQLVESGGGLVQAGGSLRLSCAASGSIFRVNAMGWYRQVPGKQRELVAHITSGGSTNYADSVKGRFTISRDNAKNTVYLQMNSLKPEDTAVYYCHADLGTGPLPYDYWGQGTQVTVSS
seq14378,QVKLQESGGRLVQPGGSLRLSCAASGRTLSNYAMAWFRQGPGKEREFVASISASDSTLYADFVKGRFTISRDNAKNTVYLQMDSLKPEDTTVYYCAARFWIGVRAPAEYNYWGQGTQVTVSS
seq14379,QVQLVESGGGLVQAGESLRLSCAASGRTFSSYRMGWFRQGPGKEREFVAAITATGVRTYYADSVKGRFTISRDNAKNTVYLQMNSLQPDDTAVYLCAARRKAIFSVQQALTITDYDDWGQGTQVTVSS
seq14380,QVQLVESGGGLVPAGGSLRLSCTTSERAFRSNAMGWFRQAPGKEREFVAAVSVLSWSGDSAVVADSVAGRFTIFRDNAKNTVYLQMNSLKPEDTAVYYCNGASDIGALQSGASSWSWGHGTQVTVSS
seq14381,QVQLVESGGGLVQAGGSLRLSCAASGSIVNFETMGWYRQAPGKERELVATITNEGSSNYADSVKGRFTISGDNAKNTVSLQMNSLKPEDTAVYYCSATFGSRWPYAHSDHWGQGTQVTVSS
seq14382,EVQLVESGGGSVQPGGSLTLSCAASGYTYCMAWFRQVPGKEREGVAAIYTGDLRTYYTDSVEARFFITRDNAKNTVHLQMNSLEPEDTGAYYCAARSGPGPASYRLTMHMSYDFWGQGIQVTVSS
seq14383,QVQLVESGGGLVQPGGSLKLSCRASGSIVSIYAVGWYRQAPGKQRELLAAITTDGSTKYSDSVKGRFTISRDNAKNTVYLQMNNLKPEDTAIYSCIGDAAGWGDQYYWGQGTQVTVSS
seq14384,QVQLQESGGGLVQAGGSLRLSCAASGSIFSSNAMGWYRQAAGKRRELVAGIRSDGNTNYVDSVKGRFTISRDRAKNTVYLQMTSLKPEDTAVYYCNYWPPPLRQGGDYAYWGQGTQVTVSS
seq14385,DVQLVESGGGLVQPGGSLRLSCAASGFAFDDYAIGWFRQAPGEEREGVSSISSTYGLTYYADSVKGRFTISSDNSKNTVYLQMNSLRPEDTAVYYCAATPIGLIGLDAYEYDYWGQGTLVTVKS
seq14386,QVQLQESGGGLVQAGGSLRLSCAASGRTSSIHLMAWFRQAPGKEREFLASIIWTGGTTYYAGTTFYGDSAEGRFTISNDNARNTGYLQMNSLKPEDTAVYYCAATSLVNPTRYDYWGQGTQVTVSS
seq14387,EVQLQASGGGLVRPGGSLRLSCAASGSFFTIDTMAWYRQAPGRRRELVARQSSGRSPDYDDSVVGRFTISRDIAKSSVYLQMDSLQPEDTALYYCYQSIRPWPGSSYEAHWGQGIQVIVSS
seq14388,VQLVESGGGLVQPGGSLRLSCAASAGNLDYYAIGWFRQAPGKEREGVSCISSSDGSTVYTDSVKGRFTISRDNTKNTVDLQMDNLKPEDTAVYYCATVVNYYCTAGGSIHASPYEIWGQGTQVTVSS
seq14389,GLAQAGGSLRLSCAASGRTFSSFAMAWFRQAPGKEREIVASINWNGDITDYADSVKGRFTISRDNAKNTIYLQMNSLKPEDTAVYYCAADSTKWVFYDYWGQGT
seq14390,EVQLVESGGGLVQPGGSLRLSCEASGNIFKINVMGWYRQAPGKQREWVAAIISGGSTNYADSVKGRFTISRDNAKNTVYLQMNSLRPEDTAVYYCNAILTYNDYDLGSDYWGQGTQVTVSS
seq14391,QVQLVESGGGLVQPGGSLRLSCTASGSIFRIDGMHWYRQAPGKQRELVASITPSGITHYADSVKGRFTISRDIAKKMQYLQMNSLKPEDTAVYYCNAHLVKVGGVWSDEYWGQGTQVTVSS
seq14392,QVQLQDSGGGLVQPGGSLRLSCATSGRTFSLNSMGWYRKDPGKQRQLVAAISTGGSTYYTDSVKGRFTISRDYAKNTVYLQMDSLKPEDTAVYYCNLVWEYRGNYYPQNDYDYWGQGTQVTVSS
seq14393,QVQLVESGGGLVQPGGSLRLSCAASGITFPVNAYGWYRQAPGKGLELVAIISAGGTTNYADSVKGRFAISKDNVNNTVYLQMNSLTSEDTGVYYCYLQRRIGMLRDYWGQGTQVTVSS
seq14394,VQLQESGGGLVQAGGSLRLSCAVSGRLFSANTMGWYRQAPGKRRELVATILSSGSTNYADSVKGRFTISRDDGKNTVYLQMNSLKPDDTAVYYCNFAPPPEGYWGQGTQVTVSS
seq14395,QVQLQESGGGLVQAGESLFFSCAAAGGTDDVAVLGWYRQAPGKQRELVAEITAYGTTNYAESVKGRFTISRDNARKTVFLQMNSLKPDDTAVYFCNVRRFGTTGYWGQGTQVTVSS
seq14396,VQLQESGGGLVQAGDSLGLSCTASGRTFSTYAVGWFRQAPGKGREFVGRLTWSGSRTYYADSVKGRFTISRDNAKNTVYLQMNSLRPEDTAVYYCAADYRSNSTWSLQSPARYENWGQGTQVTVS
seq14397,QVQLQESGGGLVQAGGSLRLSCQASGNIFRINDMGWYRQAPGTRRELVAAITSEGSTKYADSVKGRFTISRDNAENTVYLQMNSLKPEDTAVYYCAAEDRHRIGTVGYWGQGTQVTVSS
seq14398,QVQLQEFGGGLVQAGGFLRFSCAASGRTSNIYAMGWFRQAPGQEREAVAAINVDGTSTYYASSVRGRFTISRDDAKNTLYLIMNSLKPEDTGLYYCATRADAEGWWDYWGQGTQVTVSS
seq14399,EVQLVESGGGLVQPGGSLRLSCAASGFTFSNYWMYWLRQAPGKGLESVSSINTGGARTFYADSVKGRFTISRDNAKNTLYLQMNSLKSEDTAVYYCAKDAAGRTRGQGTQVTVSS
seq14400,QVQLQESGGGLVQAGGSLRLSCAASGSNISTNVMAWYRRAPGNQRDMVASISTSGTTNYLASVKGRFTISRDNAKNTVSLQMNSLKPEDTAVYTCYAAWPLNTWGQGTQVTVSS
seq14401,LQESGGGSVPVGGSLRLSCVASGIVFSSHAMNWYRQVPGKERGLVAHITTTGSTMYSNPVKGRASISRDNAKNTVYLQMDSLKPEDTAVYYCNAVKLGDSTVDEYWGQGTQVT
seq14402,LQLVESGGGLVQPGGSLRLSCAASGFTFSGYGMSWVRQAPGKGLEWVSDINSGGGSTSYADSVKGRFTISRDNAKNTLYLQMNSLKPEDTAVYYCAKDMRLYLARYNDYEAWDYWGQGTQVTVSS
seq14403,EVQLVESGGGLVQPGGSLRLSCEASGFTFDDYGMSWVRQAPGKGLEWVSSLTPNGGSTYYADSVKGRFTISRDNAKNTLYLQMNSLKPEDTALYYCAKNSYYGAMDYRGQGTQVTVSS
seq14404,QVQLQESGGGLVQAGGSLRLSCGASGSTFSISTMGWHRQAPGKEREYVANIGSLGTTDYADSVKGRFTISRDNAKNTVYLQMNSLKPEDTAVYYCNQDGLYGFTGKNYWGQGTQVTVSS
seq14405,QVQLQASGGALVQPGGSLRLSCSASESIDTFDIIDWYRQAPGKQRDQRELVAQMLPVGATTYADSVKGRFTFSRDNANNMVYLQMDNLQPDDTAVYYCHSINRDHNIWCQGTQVTVSS
seq14406,QVQLVQSGGGLVQPGGSLRLICAASGSVFSIDSMSWFRQRPGNERELVALITGGRTTTYSDSVKGRFTISRASALNTVHLQMNSLKPEDTAVYYCNAALSTGWGRDASAYWGQGTQVTVS
seq14407,SGGGLVQPGGSLRLSCTASGIIFDYYSVDWYRQAPGKERELVATITGDGSPNYADSVKGRFTISRDNAKKTVYLQMNGLKPEETAVYYCHAKRTIGTKSEYWGQGTQVTVSS
seq14408,EVQLVESGGGLVQAGGSLRLSCTASGRAFSSSVVGWFRQAPGKEREFVTGINWSGARTYYADSVKGRFTISRDNAKNTAYLQMNSLKPEDTAVYYCASGRDSRARALFEYEYVWWGQGTQVTVSS
seq14409,EVQLVESGGGLVQPGGSLRLSCAASGRIFSIGAMGMYRQAPGKGRELVATITSGGSTNYADPVKGRFTISRDGPKNTVYLQMNSLRAEDTAVYYCYANLKQGSYGYRFNDYWGQGTQVTVSS
seq14410,QVKLQQSGGGLVQPGGSLRLSCAASESTPSINTMGWYRQAPGKERELVATITSGGMTNYADSVKGRFTISRDNGKNTVYLQMNSLEPGDTAVYYCNLKRRDLQARFGGYWGQGTQVTVSS
seq14411,QVQLQESGGGLVQPGGSLRLSCAASGRIGSINSMGWYRQAPGKQREMVAAITNGGATVYADSVKGRFTISRDNAGNTVDLHMNSLRPEDSAVYYCKAFTRGDDYWGQGTQVTVSS
seq14412,VQLQESGGGLVQAGDSLRLSCAASGRDFSTYSMGWFRQAPGKERESVATISWSGQRTRYADSVKGRFTISRDNAKNTVYLQMNSLKPEDTAVYYCAAPRTWGEFPPTQYDSWGQGTQVTVSS
seq14413,EVQLVESGGGLVQPGGSLTLSCAASGSSVRFLSMAWYRQAPGKKRELVAGISVDGSTDYIDSVKGRFTISRDNAKNSVYLQMNSLRAEDTAVYYCYAYRWRTRYTYWGQGTLVTVSS
seq14414,QVQLVESGGGLVQPGGSLRLSCAASGYSLSFYAMGWYRQSPGKQREVVARIAGPGVTNYADSVMGRFTISRDNAKNMVYLQMNSLEPEDTAVYYCNAGGTRWSVGDYWGKGTLVTVSS
seq14415,EVQLVESGGGLVQPGGSLRLSCAASGFILDYYAIGWFRQAPGKEREGVLSIDASDDITYYADSVKGRFTISRDNAKNTVYLQMNSLKPEDTGVYYCATPIGLSSSGLLEYDYDYWGQGTLVTVSS
seq14416,QVQLQESGGGLVQAGGSLRLSCAASGKIFSGNDMGWYRQAPGKQRELVGIITSGGITDYADAVKGRFTISRDNAKNMMYLQMNSLKPEDTAVYYCNMRDRTIWWGQGTQVTVSS
seq14417,QVQLQESGGGLVQAGGSLRLSCAASGSISAPDDMGWYRQAPGKERELVAGIDLGGNTYYADSVKGRFTISRDNAKNTVYLQMNSLKPEDTAVYYCAAHSTEPPAYGYWGQGTQVTSS
seq14418,EVQLQASGGGLVQAGGSLRLSCAASGLTFGDYAMGWLRQAPGKEREIVATISRIGSTTYYADSVKGRFTVSRDNAKNTVSLQMNSLKPEDTAVYYCAASRYVLKYDKDAYWGQGTQVTVSS
seq14419,QVQLQESGGGLVQPGGSLRLSCALVSGGTFSWYAMGWFRQAPGKEREFVATVSRGGGSSYYADSVKGRFTISRDNAKNTVYLQMNSLKPEDTAVYYCAAGRGAPSDTGRPDEYDYWGQGTQVTVSS
seq14420,VQLVESGGGLVQAGGSLRLSCAASGRTFSSYAMGWFRQAPGMEREFVASIRWSDNTTYVPNSVKGRFTISRDNAKNTVYLQMNTLKPEDTAVYYCATGPTRLSFYSGNYRTYDSWGQGTLVTVSS
seq14421,QVQLQESGGGLVQAGGSLRLSCAVSGNTLSRYAMGWFRQTPGKEREFVAAIRWNNGATYYADAVEGRFTISRDSGKNTVYLQMNNLKPEDTAVYYCAGRFLGYASSNAYHEALYNYDYWGQGTQVTVSS
seq14422,QVQLQESGGGLVQAGGSLRLSCAASGSTFSRYAVGWFRQAPGLGRDFVAAITWSGGYTYYADSVKGRFTISRDNAKNTVYLQMNSLKPEDTAVYYCAVDTRNVIGPRAGDYWGQGTQVTVSS
seq14423,VQAGGSLTLSCEVSGYSVNSNSMGWFRQAPGKEREGVAGINEGGVSTYYANFVQGRFTISQDNAKNMVYLQMNSLKPEDTAIYYCAAGAPDPPPLIESIVKYWGQGTQVTV
seq14424,QVQLVESGGGLVQAGESLTLSCAASGNTSGINVMGWYRQTSGKQRELVANKARGGLPKYADFAKGRFTISRDNAKNTIYLQMNSLKPEDTAVYYCNAVWDWRLGEYWGQGTQVTVSS
seq14425,QVQLQESGGGLVQAGGSLRLSCAASGRTFSSYPMGWFRQAPGKEREQIAGISRSGDPGKYAASVSGRFTISRDNAKNTLYLQMNSLKPEDTAVYYCAAREIYSNNYSYWGQGTQVTVSS
seq14426,EVQLQASGGVFVQSGGSLRLSCAASGATSTFDGMGWFRQAPGKEREFVSAISYEQGSYTYYADSVKGRFTISRDNSKNMVYLQMNSLRAEDTATYYCASAYEGDLYAFDSYGEQGTQVTVSS
seq14427,QVQLVESGGGLVQPGGSLRLSCAASGRTISLYAVGWFRRAPGKEREFVAAISWTDSSTYYADSVKGRFTISRDNAKNTVYLQMNSLRAEDTAVYYCAADVSIRGLQKYEYDYWGQGTLVTVS
seq14428,VQLQESGGGLVQPGGSLRLSCAAYGSIFSINAMGWYRQAPGKERELVAGITTQGRITYGNSVRGRFTISGDNAKNTVYLQMKSLKPEDTAVYYCSAWGVKTGPESGSGTLEGQGTQVTVSS
seq14429,EVQLVESGGGLVQAGGSLRLSCVASGFILREYNMGWFRQAPGKEREIVAAIAWTGTNSYYVDSVKGRFTISRDDTKNTVYLQMNSLNPEDTGVYHCAAEGYVSNFPRSSADEYDYWGQGTQVTVSS
seq14430,EVQLVESGGGLVQAGDSLRLSCAASGRTISRFTMGWFRQAPGKERDFVAAISWGGGRTNYEDSVKGRFTISRDNAQNTVYLQMNSLKPEDTAVYYCAADTRGPYNSNWAQSSVSYDGWGQGTQVTVSS
seq14431,EVQLVESGGGLVQPGGSLTLSCVASGVSPSKNAIGWYRRAPGKQRELVAGISSDGSAVYVGSVKGRFTISRDNAKNSVYLQMNSLRAEDTAVYYCYYFSTFSGSSISYWGQGTLVTVSS
seq14432,QVQLVQSGGGLAQAGGSLRLSCVASGRTFTNYAMGWFRQAPGKEREFVAAINWSGDSTYHADSVKGRFTISRDNAKDSVYLQMTKLKPEDTADYYCASAESFSRGGLPYGMNYWGQGTQVTVSS
seq14433,QVQLQESGGGLVQPGGSLRLSCAASETIRASNIMGWYRQAPGKQRDLVATITSDGSTNYTDSVKGRFTISRDGAKDTVYLQMTSLKPEDTAVYYCTFYRPWSTTKYWGRGTQVTVSS
seq14434,VQLQESGGGVVQAGDSLRLSCVASGRTFSSLDMGWFRQAPGKEREFVAGISRSGISQYYADSMRGRFTISRDNAKNLVYLQMNSLKPEDTAVYYCAAALTFRGSDLPRDSNYWGQGTQVTVSS
seq14435,EVQLVESGGGLVQAGGSLRLSCAASGRTFSGILSPYAVGWFRQAPGKGREFVSTITSGGSAIYTDSVKGRFTLSRDNAKDTVYLQMNSLKPEDTAVYYCAVRTRRHGSNLGEVPQENEYGYWGQGTQVTVSS
seq14436,IQLVESGGGSVQAGGSLRLSCAASGFTDSSYCGAWFRQVPGKEREGVAIIDRYGGTMYKDSVKGRFTISKDTAKNILYLQMNSLKLEDTAMYYCAAAEYRGSSCDAESGYWGQGTQVTVSS
seq14437,QVQLVESGGGLVQAGGSLRLSCTASGSTFSRNAMAWFRQAPGKEREFVSGISRTGTNSYDADSVKGRFTISKDNAKNTVTLQMNSLKPEDTAIYYCALSQTASVATTERLYPYWGQGTQVTVSS
seq14438,EVQLVESGGGLVQPGGSLRLSCAASGRTFDIYAMGWFRQAPGKERELVAAINRDDSSTYYADSVKGRFTISADNSKNTAYLQMNSLKPEDTAVYYCAAVAGLGNYNYWGQGTLVTVSS
seq14439,EVQLVESGGGLVQPGGSLRLSCAASGFTFDDYALGWFRQAAGKEREGVSCIRCSGGSTYYADSVKGRFTISSDNSKNTVYLQMNSLRPEDTAVYYCAASIVPRSKLEPYEYDAWGQGTLVTVSS
seq14440,QVQLQESGGGLVQAGGSLRLSCAASGSIDSINAMGWYRPALGEQRELVAAITTGGRTAYVDSVKGRFTISRDAAKNTVYLQMNSLKPEDTAVYSCKAFTRDTDYWGQGTQVTVSS
seq14441,EVQLVESGGGSAQAGGSLRLSCAASGRTSSTYAMGWFRQAPGKEHEFVSAIGRGTGATSYGDSVKGRFTISRDNAKNTVYLQMNSLQLEDTGDYYCVAGRGFYHDYSSYEYRGQGTQVTVSS
seq14442,EVQLVESGGGLVQAGGSLRLSCVASGRTLSTYNMGWFRQAPGKERDIVARISGSSVSTYYAESVRGRFTISRDNAKNTMYLQMNNLRPEDTAVYYCVADGPGGRSYEYWGQGTQVTVSS
seq14443,DVQLVESGGGLVQPGGSLRLSCAASGLTFSTNPMYWYRQAPGKQRELVASISSRGITNYADSVKGRFTISRDNSKNTVYLQMNSLRPEDTAVYYCRLASLSSGTVYWGQGTLVTVSS
seq14444,EVQLVESGGGLVQAGGSLRLSCAASERIFSTYFMGWFRQAPGKEREFVAFISGNGGSTDYADSVKGRFAISRDNVKNTLYLQMSSLKPDDTAVYYCAVAGRQIKSTWGYWGQGTQVTVSS
seq14445,EVQLVESGGGLVQPGGSLRLSCAASGSFSIAAMGWFRQAPGKEREFVATINYSGGGTYYADSVKGRFTISADNSKNTAYLQMNSLKPEDTAVYYCAAVNTFDESAYAAFACYDVVWGQGTLVTVSS
seq14446,QVQLVESGGGLVQAGGSLRLSCAASGRTFITYAIGWFRQAPGKEREFVSAISWSGSMTSYADSVKGRFTISRDNAKNTVYLQMNGLKPEDTAVYYCAAHRGAIAPIAQSVYTNWGQGTQVTVSS
seq14447,EVQLVESGGGLVQPGGSLRLSCAASGFTFGSSDMSWVRQAPGKGPEWVSGINSGGGRTLYADSVKGRFTISRDNAKNTLYLQMNSLKSEDTAVYYCATDLYGSSWYTDYWSQGTQVTVSS
seq14448,EVQLVESGGGLVQPGGSLTLSCATSTSIFSITAMGWYRQAPGKQRELIAGIKRGGSTNYADSVKGRFTISRDNARNTVFLQMNSLTTEDTAVYYCNAQILSYVGEITNYWGQGTQVTVSS
seq14449,QVKLQESGGGLVQAGESLRLSCAASGSNFSINGVGWYRQAPGKQRELVAGITNGGYTSYADSVKGRFTISTDNAKNTVYLQMNSLRPEDTAVYYCNANFQIHRSGADYVRNYWGQGTQVTVSA
seq14450,EVQLVESGGGLVQPGGSLTLSCAASGSSVKFLSMAWYRQAPGKKRELVAGISPDGSTDYIDSVKGRFTISRDNAKNSVYLQMNSLRAEDTAVYYCYAYRWTTRYRYWGQGTLVTVSS
seq14451,VQLVESGGGLVQAGGSLRLSCAASEFRAEHFAVGWFRQAPGKEREGVSCVDASGDSTAYADSVKGRFTISRDNNKNVVYLQMDSLEPEDTGDYYCGASYFTVCAKSMRKIEYRYWGQGTQVTVSS
seq14452,QVQLQESGGGLVQAGGSLRLSCAVSGNTLSRYAMGWFRQTPGNEREFVAAIRWNEGATYYAESVEGRFTISRDTGKNTVYLQMNNLKPEDTAVYYCAGRFLGYASSNAYHEALYNYDYWGQGTQVTVSS
seq14453,LQESGGGLVHTGESLRLSCAASGFTFGEYAIGWFRQVPGKEREGLLCIRGRNGVTYFEESLKGRFTISSDNAKNTVYLHMNTLTPEDTATYYCGAARGCYSAYDAENYGIDYWGQGTLVTVSS
seq14454,EVQLVESGGGLVQAGGSLRLSCESSISTFSSDAMGWVRQAPGKEREFLAAIGWSGAVTHYSDSVQGRFTISRDNAKNTVYLQMNSLKSEDTGRYYCAEDYDTDVWQYWGQGTQVTVSS
seq14455,QVKLVESGGGSVQAGGYLRLSCAASGDTNNLNFRGWFRQAPGKEREGVAVITHSGSTYYAESVKGRFTISQDLAKNTMYLQMNSLKPEDTAMYYCAAADVWRISWSFVPELFSYWGQGTQVTVSS
seq14456,QLQLVESGGGLVQPGGSLTLSCAASGFPASHYYAIRWFRQAPGKERDGIACISSYDGSTNYADSVKGRFTISNDGAKKTVYLHMSDVQPEDAAVYFCAATIHFSAYEECQAYEYHYWGQGTQVTVSS
seq14457,EVQLVESGGGLVQAGGSLRLSCAASGRTFNDYGMGWFRQAPGREREFVATITWSGSMTYYADSVKGRFTISRDNAKNTMYLQMNSLKPEDTAVYYCASAIGDYYYTTADYYDYWGQGTQVTVSS
seq14458,EVQLVESGGGLVQPGGSLTLSCVASGSTSSINAMGWYRRAPGKQRELVAGISSDGSKVYADSVKGRFTISRDNAKNSVYLQMNSLRAEDTAVYYCYYFRTVSKSSMRYWGQGTLVTVSS
seq14459,EVQLVESGGGLVKAEGSLRLSCVASTSIASINVMGWYRQAPGKERELVARISGGGITHYAESVEGRFTISRDNAKNTVHLQMNGLKPEDTAAYYCKADVFASSGHVTTYWGQGTLVTVSS
seq14460,QVQLQDSGGGLVQVGDRLSLSCAASGATFSSYDMAWFRQAPGKEREFVAAITTSEGTWYGDAGKGRFTIARVNAKNTVYLHMNRLKPEDTAVYYCAASNQGGSLQISTNYNYWGQGTQVTVSS
seq14461,EVQLVESGGGLVQPGGSLRLSCVASASGVKVNDMGWYRQAPGKERELVATITDDGRTNYEDFAKGRFTISRDNAKNTVYLQMNSLLPEDTAVYYCNARTYWAHLPTYWGQGTQVTVSS
seq14462,DVQLVESGGGLVQPGGSLRLSCTTSGLDFGIHWMYWFRQAPGKELEWVAEINTNALITKYADSVKGRFTISRDNAKNTLFLQMNDLKSEDTAVYYCSNTQNGAAKGQGVQVTVSS
seq14463,EVQLVESGGGLVQPGGSLRLSCAVSGFTVDDYAMSWVRQAPGKGLEWVSTISWNDEYTYYAESMKGRFTISRDNAKNTLYLQMNSLKSEDTAVYYCAKGGSRLYDYHYWGQGTQVTVSS
seq14464,EVQLVESGGGLVQAGGSLRLSCAASGRTFSVYGMGWFRQAPGQERAFVAAISWSDGSTYYADSVKGRFTISRDNAKNTMYLQMNSLKPEDTAVYFCAADLTGWGLDADVSEYDYWGQGTQVTVSS
seq14465,EVQLQASGGGLVQVGGSLRLSCTASGSTFSIKHHGWYRRAPGNQREWVAGISSENITNVAEAVEGRFTISRDNAKNTVYLQMNSLKVEDTAVYYCYAQDNDYRFLHRFWGQGTQVTVSI
seq14466,DVQLVESGGGLVQPGGSLRLSCAYSGSLFSILRMDWYRQAPGKERELVAGITRDAAGYADSTNYADSVKGRFTISRDSAKNTVYLQMNSLKPEDTAVYYCNADARTITGRADYWGQGTQVTVSS
seq14467,EVQLVESGGGLVQPGGSLTLSCAASGSSVSRLSMAWYRQAPGKKRELVAGISANGSTTYIDSVKGRFTISRDNAKNSVYLQMNSLRAEDTAVYYCYAYRWTTRYRYWGQGTLVTVSS
seq14468,VQLQESGGGSVQTGGSLRLSCAVSRYSASNNVIKWMGWFRQAPGKEREGVAALYTSGGNTYYADSVKGRFTISRDYSENTVSLQMNNLKPEDTGMYYCAATVGTVLAGPLSARKYNYWGQGTQVTVSS
seq14469,QVQLVESGGGLVQHGGSLRLSCVTSGFTFDIHDMGWFRQAPGKERDIVARISKSGDITYYADSVKGRFIISRDNTKNTVYLQMNSLKPEDTAVYYCAATLRATITSFDEYVYRGQGTQVTVS
seq14470,DVQLQESGGGSAQAGGSLRLSCEVSGYTYSGYFMGWFRQAPGEEREGVAAIDTNGGRTWYADSVKGRFTISHDNAESTVYLQMNSLQPEDTAIYFCAARRPPGGSWYPPPLRKYSYNFWGQGTQVTVSS
seq14471,QVQLQESGGGLVQAGGSLRLSCAASGYISDAYYMGWYRQAPGKERGFVATITHGTNTYYADSVKGRFTISRDNAKNTVYLQMNSLKPEDTAVYYCAVLETRSYSFRYWGQGTQVTVSS
seq14472,EVQLVESGGGLVQPGGSLRLSCAASGRTFSIYGMGWFRQAPGKEREGVAGISWSDGSTSYADSVKGRFTISADNSKNTAYLQMNSLKPEDTAVYYCAAASDASFDYWGQGTLVTVSS
seq14473,QVQLVESGGGLVQAGGSLRLSCAASGITFPVNAYGWYRQAPGKGLELVAIISAGGTTNYADSVKGRFAISKDNVNNTVYLQMNSLTSEDTGVYYCYLQRRIGMLRDYWGQGTQVTVSS
seq14474,EVQLVESGGGLVQAGGSLGLSCSASGLLFSRNSAGWYRQAPGKQREFVARIRGGGSINYADTVKGRFTISRDNAKNTVYLQMNSLKPEDTAVYYCSSWRTGFYEYWGQGTLVTVSS
seq14475,QLQLVESGGGLVQAGGSLRLSCAASGSISSINVMGWYRQAPGKQRELVAFITTPGYTNYAHSVKGRFTISRDNAKNTVYLQMNSLKPQDTAVYYCAAAEAYAEKYDYWGQGTQVTVSS
seq14476,QVQLQESGGGSVQPGGSLSLSCSASGIIFSDYALTWYRQAPGKQREWVAQITRSQNINYTGSVKGRFTVSRDNAKNTVHLQMNSLKPEDTAVYYCHAYDGRRPPYWGQGTQVTVSS
seq14477,EVQVQESGGGLVQPGGSLRLSCAASGFTFSSYAMSWVRQAPGKGLEWVSDINSGGGSTVYTDSVKGRFTISRDNAKNTLYLQMNSLKPDDTAVYYCATGGSYYSYRLFDYWGQGTQVTVSS
seq14478,EVQLVESGGGLVQPGGSLRLSCAASGRTFSDDAMGWFRQAPGKEREFVAAINWSGSSTYYADSVKGRFTISADNSKNTAYLQMNSLKPEDTAVYYCATDPPLFWGQGTLVTVSS
seq14479,EVQLVESGGGLVQAGGSLRLSCAASGNIFANNIMGWYRQPPGKEREFVAHVSDDGDSMYAVSVKGRFTISRKNATNLYLQMNSLKPEDTAIYFCRLLNIPTQGRMEGFWGQGTQVTVSS
seq14480,DVQLVESGGGLVQAGDSLRLSCAASGPTGAMAWFHQGLGKEREFVGGISPSGDDIYYADSVKGRFTIDRDNAKNTVSLQMNSLKPEDMGVYYCAARRRVTLFTSRTDYEFWGRGTQVTVS
seq14481,QVQLVESGGGSVQAGGSLRLSCTPSGFTFDNFDMGWYYQSPGKGCELVSRISSDGRTYYKDSVKGRFTISLDNAKNTVYLQMNSLKSEDAAMYYCAADRGPLRSEYARCDYGKPYGVDYWGDGTLVTISS
seq14482,EVQLVESGGGLVQPGGSLRLSCAASETIFSIDSMAWYRQAPGRQRELVAAITGGGSPNYADSVKGRFTISSDVAKRTVYLQMNSLKPEDTAVYYCNAEGQAGWGTALMDYWGKGTLVTVSS
seq14483,EVQLVESGGGLVQAGGSLGLACSASGLLISRNSAGWYRHAPGKQRAFVARVRMGGSINYGDAVKGRFTASRDIAKNTMYLQMNDLKPEDTAIYFCSSWREGFYEYWGQGTQVTVSS
seq14484,EVQLLESGGGLVQPGGSLRLSCAASGRYIDETAVAWFRQAPGKEREFVAGIGGGVDITYYADSVKGRFTISRDNSKNTLYLQMNSLRPEDTAVYYCAARPGRPGITSKVADLYPYWGQGTLVTVSS
seq14485,EVQLVESGGGLVQPGGSLRLSCAASGSTFSIYAMGWFRQAPGKEREWVATISWSGGSTNYADSVKGRFTISADNSKNTAYLQMNSLKPEDTAVYYCAVGRSGRDYWGQGTLVTVSS
seq14486,DVQLVESGGGVVQPGGSLRLSCAASGFILDYYAIGWFRQAPGKEREGVLCIDASDDITYYADSVKGRFTISRDNSKNTVYLQMNSLRPEDTALYYCATPIGLSSSCLLEYDYDYWGQGTLVTVSS
seq14487,EVQLVESGGGLVQAGGSLRLSCVVSGSIFSQHAMGWFRQAPGKGREFVSGISGTTHYGDLVKGRFTISRDNAKNTIYLQMNSLKPEDTAIYFCARSKNTYISYSSNGYDIWGRGTQVTVSS
seq14488,QVQLVESGGGSVQAGGSLRLACEVSGTFDINACVSWFRQPPGKDREGVAGINYSDDGTYYADSVKDRFTISQDNTKKTVYLQMDNLKPEDTAIYYCAVGSLRGQCLGRRLPYNFWGQGTQVTVSS
seq14489,QVQLQESGGGLVQPGGSLRLSCAASGFTFRNYAMSWVRQAPGKGLEWVSTINGGGGITSYADSVKGRFTISRDNAKNTMYLQMNSLKPEDTAVYYCAQTARDSRDSRGQGTQVTVSS
seq14490,VQLVESGGGSVQPGGSLRLSCAASGFTLDYYYIGWFRQAPGKEREGVSCISSSHGSTYYADSVKGRFTISRDNAKNTVYLQMNSLKPEDTAVYYCATIRSSSWGG
seq14491,EVQLVESGGGVVQAGESLRLSCAASGRIFSDYEMGWFRQAPGTEREFVAAISWRGSSTYYADSVKGRFTISRDNAKNTVYLQMSSLKPEDTAVYYCAAGRLFPSSRSRDYDYWGQGTQVTVSS
seq14492,EVQLVESGGGEVQPGGSLRLSCAASGSIFSISIMGWYRQAPGKERELVASTTSSGTTNYVESVKGRFTISRDNAKNTLYLQMSSLRAEDTAVYYCHAYIATTTDRGYRGYWGQGTLVTVKP
seq14493,VQLVESGGLVQAGGSLRLSCAASGRADIIYAMGWFRQAPGKEREFVAAVDWSGGSTYYADSVKGRFTISRDNAKNSVYLQMNSLKPEDTAVYYCAARRSWYRDALSPSRVYEYDYWGQGTQVTVSS
seq14494,EVQLVESGGGLVQPGGSLRLSCAASGEIGRINFYRWYRQAPGNQREVVATITIADKTDYADSAKGRFTISRDESRNMVYLQMSSLKPEDTAVYFCHAGSRLYPYDYWGQGTQVTVSS
seq14495,AVQLVDSGGGLVQAGGSLRLSCAVSGGTFSSIGMGWFRQAPGKEREFVGAISRSGDSTYYADSVKGRFTISRDGAKNTVYLQMNSLKDEDTAVYYCAGRPAGTAINIRRSYNYWGQGTQVTVSS
seq14496,QVQLVESGGGLMQAGGSLRLSCAVSGRTFSTAAMGWFRQAPGKEREFVAAIRWSGGSAYYADSVKGRFTISRDKAKNTVYLQMNSLKYEDTAVYYCARTENVRSLLSDYATWPYDYWGQGTQVTVS
seq14497,QVQLVESGGGSVQAGGSLRLSCAASGANGGRSCMGWFRQVPGKEREGVSGISTGGLITYYADSVKGRFTISQDNTKNTLYLQMNSLKPEDTAMYYCATSRFDCYRGSWFNRYMYNSWGQGTQVTVSS
seq14498,EVQLVESGGGLVQPGGSLRLSCAASGFTIGSYDMSWVRRSPGKGPEWVSAINSGGGSTYYTDFVKGRFTISRDNAKNTLYLQMNSLKPEDTAVYYCAADRYIWARQGEYWGAYAYDYWGQGTQVTVSS
seq14499,EVQLQESGPGLVKPSQTLSLTCTVSGGSITSRYYAWSWIRQPPGKGLEWIGVIDYDGDTYYSPSLKSRTSISWDTSKNQFSLQLSSVTPEDTAVYYCARDPDVVTGFHYDYWGQGTQVTVSS
seq14500,EVQLVESGGGEVQPGGSLRLSCAASGRTFEYDDMVWFRQAPGKEREEVAGISWSGGSIYYAESVKGRFSISRDNAKNTVYLEMNRLKPEDTAVYYCNVGSYWGQGTLVTV
seq14501,EVQVQESGGGLVQPGGSLRLSCAASGFTFSSYWMYWVRQAPGKGLEWVSAINTGGGSTYYADSVKGRFTISRDNAKNTLYLQMNSLKPEDTALYYCARGPGYSGKYIEGWAYWGQGTQVTVSS
seq14502,EVQLVESGGGLVQPGGSLRLSCAASGFTIGSYDMSWVRRSPGKGPEWVSAINSGGDSTFYADYVKGRFTISRDNAKNTLYLQMNSLKPEDTAVYYCAADRYIWARQGEYWGAYAYDYWGQGTQVTVSS
seq14503,EVQLVESGGGLVQPGGSLTLSCAASGSSVQFLSMAWYRQAPGKKRELVAGISYDGSTDYIDSVKGRFTISRDNAKNSVYLQMNSLRAEDTAVYYCYAYRWRTRYTYWGQGTLVTVSS
seq14504,EVQLVESGGGVVQPGGSLRLSCAASGRTVSSYAMGWFRQAPGKEREFVAGISRSAERTYYVDSLKGRFTISRDNSKNTVYLQMNSLRPEDTALYYCAADLDPNRIFSREEYAYWGQGTLVTVSS
seq14505,EVQLVESGGGLVQAGGSLRLSCAASGRTFSSHTIGWFRQAPGKDREFVAAIRWISSNTYYADSVKGRFTISRDNAKNTVYLQMNSLKPEDTAVYYCAVGGSTVSWYYAHYDYWGQGTQVTVSS
seq14506,QVQLQESGGGLVQPGGSLRLSCAASGFTFSIYAMSWVRQAPGKGLEWISGSMPGGATTYADAVKGRFTISRDNAKNTLYLQLNSVKPEDTAIYYCAKGVYTKYVGGARGQGTQVTVSS
seq14507,QVQLVESGGGLVQPGGSLRLSCAASGFTLDDYAIGWFRQAPGKEREGVSCISSSDGSTYYADSVKGRFTISRDNAKNTVYLQMNSLKPEDTAVYYCAADFGSWGQGTQVTVSS
seq14508,QVQLVESGGGLVQPGGSLRLACAASGRILADTPMAWYRQAPGKQRELVAAITSGGTTNYAGSVKGRFTISRDNAKNTVYLQMNSLKPEDTAVYYCKVMYHAGSWGQGTQVTVSS
seq14509,QVQLLESGGGLVQPGGSLRLSCLASGRTVGRTAMGWFRQPPGKEREFVATISWAGGTTYYADFVKGRFTISRDNSKNTLYLQMNSLRAEDTAVYYCAASEPYSDYDPSGMVYWGKGTLVTVSS
seq14510,VQLQESGGGLAQVGGSLRLSCTASGFTFDDYTIGWFRQAPGKEREGISCISSDGSTGYADSVKGRFTISSDNAKNTVYLQMNSLKPEDTAVYYCAADFNVWSPPICGSNWYGPPPGGMDYWGKGTQVTVSS
seq14511,EVQLVESGGGWMQAGGSLRLSCAASGRTFTMAWFRQASGKEREFVAAITGSGRSTYYTDSVKGRFTISRDNAKNTAYLQMKSLKPEDTAVYYCAGLRGLGLEYDSAKSYSYWGQGTQVTVSS
seq14512,QVQLQESGPGLVKPSQTLSLTCTVSGGSITTGTYSWSWIRQPPGKGLEWMGVIAYDGSTYYSPSLKSRTSISRDTSKNQFSLQLSSVTPEDTAVYYCARNNVAAPGYWGQGTR
seq14513,EVQLVESGGGLVQPGGSLTLSCVASGTSVSFLSMAWYRQAPGKKRELVAGISADGSTTYIDSVKGRFTISRDNAKNSVYLQMNSLRAEDTAVYYCYAYRWTTRRTYWGQGTLVTVSS
seq14514,QVQLQESGGGLVQAGGSLRLSCAVSGRRFTLYHMGWFRQRPGKEREFVAVISWSGGSTVYADSVKGRFTISRDNEKNAGYLQMNSLKPEDTAVYYCAVDRLIESFSDPTAWPRMDYWGKGALVTVSS
seq14515,EVQLVESGGGVVQPGGSLRLSCAASISIFDIYAMDWYRQAPGKQRELVAVSFRDGSTYYADSVKGRFTISRDNSKNTLYLQMNSLRPEDTAVYYCHVSLYRDPLGVAGGLGVYWGQGTLVTVSS
seq14516,DVQLQESGGGLVQAGDSLRLSCEFSGRTFSGFAMGWFRQFPGKEREFVAAINWSGSDTDYSDSVKGRFTISRDNVKQMMYLAMNSLKPEDTAVYFCAEARSAGLGSSRRIEGYDKWGRGTQVTVSS
seq14517,QVQLQESGGGLVQAGDSLNLSCAASGRTFSSYAVGWFRQAPGKEREFVAGITWATGSTTYADSVKGRFTVSRDNAKNTAYLHMNSLKPEDTAVYYCAASRAAYSVNWYQYHDYNTWGQGTQVTVSA
seq14518,QVQLQESGGGLVQAGGSLRLSCAASGRTFSSYPMGWFRQAPGSEREQIAGISRSGVPGKYADSVSGRFTISRDNAKNTLYLQMNSLKPEDTAVYYCAARSIYSNNYSYWGQGTQVTVSS
seq14519,EVQLVESGGGLVQAGGSLRLSCVASRRTFSSYAMGWFRQVPGKERDFVAAISTGSITIYGDSVKGRFTISRDNAKNTVYLQMNSLKPEDTAVYYCAAGKREPYLRQYTASNPYDYWGQGTQVTVSS
seq14520,EVQLVESGGGLVQAGDSLRLSCAASGRTYTPYVMGWFRRAPGKEREFVGAVSWSGTNTWYTDSVKGRFTISRDNAKNTVYLQMNSLKPEDTAVYYCAAGDGVGIYRYEHQYDYWGQGTQVTVSS
seq14521,EVQLEESGGGLVQPGGSLRLSCTASGVTISALNAMAMGWYRQAPGERRVMVAAVSERGNAMYRESVQGRFTVTRDFTNKMVSLQMDNLKPEDTAVYYCHVLEDRVDSFHDYWGQGTQVTVSS
seq14522,QVQLVESGGGLVQAGGSLRLSCAASGSSFSSYTMTVISSSGSTNYADSVKGGIRWSGESPYYADSVKGRFTISRDNAKNTLYLQMNSLKPEDTAVYYCAARLVPPGIPIERTLESMRYWGKGTLVTVSS
seq14523,QVQLQESGGGLVQPGGSLQLSCVASGSVLSRYVMGWYRQAPGKQRELVATITSGGITRYADSMKGRFTISRDNAKNTVHLQMSSLKPEDTAVYYCNARALWNTYWGQGTQVTVSS
seq14524,EVQLVESGGGLVQPGGSLTLSCVASGSTSPVNAMAWYRRAPGKQRELVAGISSDGSKVYVDSVKGRFTISRDNAKNSVYLQMNSLRAEDTAVYYCYYFRTVDGSAISYWGQGTLVTVSS
seq14525,EVQLVESGGGLVQPGGSLRLSCAASGHTFSSYGMGWFRQAPGKERELVAAISWSGISTIYADSVKGRFTISADNSKNTAYLQMNSLKPEDTAVYYCASSPYGPLYRSTHYYDWGQGTLVTVSS
seq14526,QVQLVESGGGLVQRGGSLRLSCAASGRSLGFDTYAMGWFRQAPGKEREFVASIDWNGGNTYYADSVKGRFTISRDNAKNTVNLRMNSLKPDDTAAYYCAAARYYTSGTYFPANYWGRGTLVTVSS
seq14527,QVQLQESGGGSVKAGGSLRLSCAASGSIFSIDGMGWYRQAPGKQRERKQRELVAAITSGGSTKYADSVKGRFTISRDNANDTVYLQMNTLKPEDTAVYYCNAVLLRRGIVYDYWGQGKQVTVSS
seq14528,EVQLVESGGGLVQPGGSLRLSCAASGFALDYYNIGWFRQAPGKEREWVSCISGSDGSTGYADSVKGRFTISRDNAKNTVYLQMNSLKPEDTAVYYCAAPFAYYSDLCGVNEYDYWGQGTQVTVSS
seq14529,QVKLEESGGGLVQPGGSLTLSCAASGFDFSSVGMTWVRQAPGKGLERVSTISALGGHTWYSDSVKGQFTISRDNAKNTLYLQLNSLETKDTAMYYCSKTGLTVRTSPKAPRGQGTQVTVSS
seq14530,QVQLVESGGGSVQAGGSLRLSCAASGYTYSSYCMGWFRQAPGKEREGVAAIDSDGRTSYADFVKGRFTISRDNSKNTLYLQMNSLRAEDTAVYYCATEQRIGGSWYDLCGGADFGYWGQGTLVTVSS
seq14531,QVQLVESGGGLVQAGGSLRLSCTDSGRTFGAYNMGWFRQAPGKEREFVAAINWSGISTYYTDSVKGRFTISRDNAKNTVCLQMNNLSPEDTAVYYCAANRGGNYEKVYLYNNWGQGTQVTVSS
seq14532,GGGSVQTGGSLRLSCAVSGFSFSTSCMAWFRQASGKQREGVAAINSGTYNTYVAESVKGRFAISQDNAKTTVYLDMNNLTPEDTATYYCAAVPAHLGPGAILDLKKYKYWGQGTQVTVSS
seq14533,DVQLVESGGGLVQAGDSLRLSCAASGRTFSSYAMAWFRQAPGKEREIVSSISTSGGITDYADSVKGRFTISKDSAKMNTVYLQMNSLEPEDTAVYYCAARTWYLRTSLQYDYWGQGTQVTVSS
seq14534,QVQLQESGGGLVQAGGSLRLSCAASGFSSDDYTIGWFRQAPGKEREGIGCIKSSDGTTGYADSVKGRFTISSDNAKNTVYLQMNSLKPEDTAVYYCAADFNVWSPPICGSIWYGPPPGGMDYWGKGTQVTVSS
seq14535,EVQLVESGGGLVQAGGSLRLSCAASGNFFRVNTMAWYRQAPGKQRELVADITRGDRTNYADTVNGRFTISRDNVRNTVYLQMNGLRPEDTAAYYCYAVIELGVLEPRDYWGQGTQVTVSS
seq14536,QVQLQESGGGLVQAGGSLRLSCAFSGRAFNTYTMGWFRQAPGKEREFVAAIRWNGVNILYSDSVKGRFTISRDNAKSTVYLQMNSLKPEDTAVYYCVGRSASAAYTGTTSPTNYAYWGQGTQVTVSS
seq14537,DVQLVESGGGLVQPGGSLRLSCVASGRTFSSYAMGWFRQAPGKEREFVAAITWSSATTYYADSVKGRFTISRDNSKNTVYLQMNSLRPEDTAVYYCAAARIPVGRRSENWDYWGQGTLVTVSS
seq14538,EVQLQESGPGLVKPSQTLSLTCTVSGGSITTRYYAWSWIRQPPGKGLEWIGVIDYDGDTYYSPSLKSRVSISWDTSKNQFSLQLSSVTAEDTAVYYCARDPDVVTGFHYDYWGQGTLVTVSS
seq14539,EVQLVESGGGLVQPGGSLRLSCIASGFTLDYYAMGWFRQAPGKEREGVACISSTDRSTYYPDSVKGRFTISRDNAENTVYLQMNSLKPEDTAVYSCAVGWNPDCENGMDYWGKGTLVTVSS
seq14540,QVQLVESGGGLAQAGGSLRLSCAASGRTFSMDPMAWFRQPPGKEREFVAAGSSTGRTTYYADSVKGRFTISRDNAKNTVYLQMNSLKPEDTAVYYCAAAPYGANWYRDEYAYWGQGTQVTVSS
seq14541,EVQLVESGGGLVQAGSSLRLSCVASGRSVSTYGMAWFRQAPGKEREFVAINRSTGTIYYADSVKGRFTISRDNAKNTLYLQMNSLKPGDTALYYCAADVFFSGAHRYEASQWHYWGQGTQVTVSS
seq14542,QVQLQQSGGGLVQAGGSLRLACAVSETTLATNAMAWYRQAQGKRREWVATISSVSSGGITNYSGSVKGRFTISRDNAKNTVFLQMNSLQPEDTAVYYCNGVRRGRSYWGQGTQVTVSS
seq14543,EVQMVESGGGSVQAGGSLRLSCAASGVSNTDMIMIWFRQAPGKEREGVLAAIYKNSTYYADSVKGRFTISQDNAKNTVYLQMNSLKPEDTAIYYCAAIRAVIGRHIRPHIYWGQGTQVTVGG
seq14544,EVQLVESGGGVVQPGGSLRLSCAASISIFDIYAMDWYRQAPGKQRELVAVSFRDGSTYYADSVKGRFTISRDNSKNTLYLQMNSLRAEDTAVYYCHVSLYRDPLGVAGGLGVYWGQGTLVTVSS
seq14545,QVQLVESGGGLVQAGGSLRLSCAASGRTFSGSMGWFRQAPGEERKLVSTFNWDGSSYYADSVKGRFTISKDNAKNTMYLQMNSLKPEDTAVYYCAAAGYYHTGGPLLRDNEYRYWGQGTQVTVSS
seq14546,QVQLQESGGGLVHTGGSLRLSCAFSGDTFLRYAMGWFRQAPGKEREFVAAITWNGGNTDYADSLKGRFTISRDNTKNTVYLQMNSLRPEDTAVYYCAADLTFGLASSHYQYDYWGQGTQVTVSS
seq14547,GGGSVQAGGSLRLSCAASGFAMSTYCMAWFRQAPGKEREGVATLSPLGILSHYADSVKGRFTVSRDNAKNTLSLQMNSLIPEDTAMYYCAAMPRPDGGAHGCVSWLAYNFWGQGTQVTVSS
seq14548,QVQLVESGGGLVQAGGSLTLSCAASGNTSGINIMAWYRQVPGKQRELVANKARGGLPKYADFAKGRFTISRDNAKNTIYLQMNSLKPEDTAVYYCNAVWDWRLGEYWGQGTQVTVSS
seq14549,QLQESGGGLVQPGGSLRLSCAASGRIFSVNAMGWYRQAPGKQRELVAAITNQGAPTYADSVKGRFTISRDNAGNTVYLQMNSLRPEDTAVYYCKAFTRGDDYWGQGTQVTVSS
seq14550,QVQLVESGGGLVQAGGSLRLSCAATGGTFSHYIMGWFRQAPGKEREFVGTIGWSGGGTYYADSVKGRFAISRDNANNTVYLQMNSLKPEDTAVYYCAARSYSAAYYVRDRDYEYWGQGTQVTVSS
seq14551,EVQLVESGGGLVQAGGSLTLSCALSGGSSSIANSAWYRQAPGNQRELVARITSNDNTYYADSVKGRLTISKDNAKNTASLQMNSLKPEDTAVYYCFVRTVGTGSLFDYWGQGTQVTVSS
seq14552,EVQLVESGGGLVQAGGSLRLSCAASGFTFDDYTIGWFRQAPGKEREGVSCISSSDGSTSYADSVKGRFTISSDNAKNTVYLQMNSLKPEDTAVYYCTAVPATRRTPQMVVLNMCWLAEYEYDYWGQGTQVTVSS
seq14553,QVQLVESGGGVVQPGGSLRLSCAASGYIFCMGWFRQAPGKGREGIATIYTGGDSTYYDDSVKGRFTISRDNAKNTLYLQMNSLRPEDTAVYYCAAGGQECYLTNWVSYWGQGTLVTVSS
seq14554,QVKLEESGGGLVQAGESLRLSCVNSGSTFSIYAMGWYRQAPGKQRELVAAISSVGRTNYADSVKGRFTISRAGAKNTVYLHMNNLKPEDTAVYSCITYYQNAMYFGQGTQVTVSS
seq14555,VQLVESGGGLVQAGGSLRLSCAASGSIFAINEINLMGWYRQAPGKQRELVAACASDGNTYYADSVKGRFTISRDNAEKTVYLQMNNLKPDDTAVYYCDANSRGNYYSGQGTLVTVSS
seq14556,EVQLVESGGGLAQPGGSLRLSCVASGFSLADYAISWFRQAPGKVREGVSCISSSDGSTYYADSVKGRFTISRDNAKNAVYLQMSTLKPEDTAVYYCAAERSCLSSDYDSYDAWGQGTQVTVSS
seq14557,EVQLVESGGGLVQAGGSLRLSCAASGRAFGGPYMAWFRQTPGKGREFVAAISPSSVYTFYQDSVKGRFTISRDNTKNTAYLQMNSLKPEDTAVYYCAAEAAGEVRLETSYKYWGQGTQVTVSS
seq14558,EVQLVESGGGLVQAGGSLRLSCAASESIFSLYVTGWYRQAPGKQRELVASITSGGSLTYADSVKGRFTISRDNAKNTVHLQMHSLKPEDTAVYFCNGRSIGVDDMPYVYWGQGTQVTVSS
seq14559,QVQLQESGGGLVQAGGSLRLSCAASGRPFSSAAMGWFRQAPGKEREFVSAISYTGDVTRYADSVKGRFTISRDNTRNTLTLEMNSLKPEDTAVYYCAARTYAGVRAHTYDYDYWGQGTQVTVSS
seq14560,EVQLVESGGGLVQAGGSLRLSCAASGRTFSSGIMGWFRQAPGKEREFVAAIEWSGGNTYKYYAESVKGRFAISRDNAKTTAYLQMGSLNPEDTALYYCAADESPSRYIDLRRPAPYHYWGQGTLVTVSS
seq14561,EVQLVESGGGLVQPGGSLRLSCAASGFALDYYAIGWFRQAPGKEREGVSCISSSGGITYYADSVKGRFTISRDNSKNTVYLQMNSLRPEDTAVYYCATDSGGYIDYDCMGLGYDYWGQGTLVTVSS
seq14562,QVQLQESGGGLVQTGGSLRLSCAASGRTSSDYSVGWFRQAPGKEREFLAVMMLSGTGTYYADSVKGRAAISRDLAKNTVYLEMNSLKPEDTAVYYCALDRAGWLRTEENVYDYWGQGTQVTVSS
seq14563,DVQLVESGGGVVQPGGSLRLSCTASGFTFSTADMGWFRQAPGKGREFVARISGIDGTTYYDEPVKGRFTISRDNSKNTVYLQMNSLRPEDTALYYCRSPRYADQWSAHDYWGQGTLVTVSS
seq14564,EVQLVESGGGLVQPGRSLTLSCAASTNISSISPMGWYRQAPGKQRELVAAIHGFSTLYADSVKGRFTISRDNAKNSIYLQMNSLRPEDTALYYCNKVPWGYYHPRNVYWGQGTQVTVSS
seq14565,EVQLVESGGGLVQAGGSLRLSCAASGSIFRINAMGWFRQAPGKEREGVAAINNFGTTKYADSAKGRFTISADNAKNTVYLQMNSLKPEDTAVYYCAAVRWGPHNDDRYDWGQGTQVTVSS
seq14566,QVQLVESGGGLVQAGGSLRLSCAASGRTFSSYAMGWFRQAPGKEREFVAAISWSGGSTYYADSVKGRFTISRDNAKNTVYLQMNSLKPEDTAVYYCVADTGGISWIRTQGYNYWGQGTQVTVSS
seq14567,QVQLVESGGGLVQAGGSLRLSCVRSARTFGSVAMGWFRQAPGKEREFVTAIDWSGSNTLYADSVKGRFTISRDNAKNTVYLQMNSLKPDDTAVYYCAASRRVVVTTSDFDSWGQGTQVTVSS
seq14568,QVQLVESGGGLVQAGGSLRLSCAASERTFNTYGMGWFRQAPGKEREFVATISWSGDSTYYADSVKGRFTISRDNAKNTMYLQMNSLKPEDTAVYYCNANSEYGDSYWGQGTQVTVSS
seq14569,EVQLVESGGGLVQAGGSLRLSCAASDRTFSSNNMGWFRQAPGKEREFVAAIGWGGLETHYSDSVKGRFTISRDNAKNTVYLQMNSLKPEDTARYYCAVSSTRTVIYTLPRMYNYWGQGTQVTVSS
seq14570,EVQLVESGGGEVQPGGSLRLSCGPSEIIFSDKSVGWWRQAPGKQRNLVAGISNVGSTNYAQSVKGRFTISRDNAKNTLYLQMSSLRAEDTAVYYCYARDFENEYWGQGTLVTVKP
seq14571,RGPLQASGGGLVQPGGSLTLSCIASGFTLDYYSVGWFRQAPGKKRERVSCTGPNGESTNYADSVKGRFTISRDNAKNTAYLQMNSLKPDDTAVYYCAAVALPQCTWARMDEYDYSGQGTQVTVS
seq14572,EVQLVESGGGLVQPGGSLRLSCAASGFCFDDYGMSWVRQAPGKALEWVSAISWNGNNTYYTESMKGRFTISRDNAKNTLYLQMNSLRPEDTAVYYCVKGSTAIVGVPPTYPDEYDYWGQGTLVTVSS
seq14573,EVQLVESGGGLVQAGGSLRLSCAASGSIFSINYMAWYRQAPGKEREVVASMSWRRDSTYLADSVQGRFTISRNNAKNTMYLQMNSLKPEDTALYYCKANDYWGQGTQVTVSS
seq14574,EVQLVESGGGLVQAGGSLRLSCTASGSAFSSHVVGWFRQAPGKERDFVTAINWSGARTAYADSVKGRFTISRDNAKNTAYLQMNSLKPEDTAVYYCAAGRDRYARDLTEYEYLWWGQGTQVTVSS
seq14575,EVQLVESGGGLVQAGGSLRLSCAASGGTFSFYGMGWFRQAPGKEQEFVADIRTSAGRTYYADSVKGRFTISRDNAKNTVYLQMNSLKPEDTALYYCAAEMSGISGWDYWGQGTQVTVKS
seq14576,EVQLVESGGGLVQAGGSLRLSCTTSERAVSRYTMGWLRQAPGKEREAVATISWSGDSTYYADSVKGRFTISRDNTKNTLYLQMNSLKPEDTADYYCAAKPNLKYGSYWPPRGYDYWGQGTQVTVSS
seq14577,QVQLVESGGGLVQAGGSLRLSCVASGSAFSADVMAWYRQAPGKQRTWVAVIGSAGGTNYADSVKGRFTISRENAKNTVYLQMNSLKAEDTAVYYCNKFPDLRGRNWGQGTQVTVSS
seq14578,EVQLVESGGGLVQAGGSLRLSCAAFGRTPYGMGWFRQAPGKEREFVAAITSDGSTNYADSVKGRFTISRDNAKNAVSLQMNSLKPEDTAVYYCTAPYYSDFEGTTTEYDYWGQGTQVTVSS
seq14579,QVQLQESGGGLVQAGGSLRLSCAVSGNTLSRYAMGWFRQTPGKEREFVAAIRWNNGATYYADAVEGRFTISRDNAKNTVYLQMNNLKPEDTAVYYCAGRFLGYASSNAYHEALYNYDYWGQGTQVTVSS
seq14580,EVQLVESGGGLVQAGGSLRLSCAASGMPDNIFSIKTMGWYRQAPGKERELVAAITSGGSTNYGDSVKDRFTISRDRIENTVNLEMNNLKPEDTAVYTCHADLTYIRFQDMEYWGKGTQVTVSS
seq14581,VQLQESGGGLVQAGDSLRLSCAASGRTFSSYVMGWFRQVPGKQRELVAAITSGLSTYYADSLKGRFTISRDNAKNTMYLQMNSLKLEDTAVYYCAAREGGGIWTSSTQYDYWGQGTQVTVSS
seq14582,GSVEAGGSLRLSCTRSGASNPKYYIAWFRQAPGKERERLLAINDAGVVTYGSDNLKDRAAISQDAAKDTVYLEMNNLKPEDTAIYTCAAGPRHGCNVWVFNYWGPGTQVTVSS
seq14583,EVQLVESGGGLVQAGGSLRLSCAASGFTFDDYAIGWFRQAPGKEREGVSCMDSSDGSTYYADSVKGRFTISSDNAKNMVYLQMNSLKVEDTAVYYCAILDCAVVTTLGGEYDYWGQGTQVTVSS
seq14584,EVQLVESGGGLVQVGGSLRLSCAASEGTFNSYTMGWFRQAPGKEREFVAAISWIASVTEHSDSVKGRFAISRDDAKNTVYLEINTLKPEDTATYYCARRRAPYYHISRRTDEYDFWGRGTQVTVSS
seq14585,EVQLVESGGGLVQPGGSLRLSCAASGFTFSSYYMSWVRQAPGKGLEWVSAINMGGGSTYYADSVKGRFTISRDNAKNTLYLQMSGLKPEDTALYYCVRGGSAYSVRYEYAYWGQGTQVTVSS
seq14586,QVQLQESGPGLVKPSQTLSLTCTVSGESITTNYYYWNWIRQPPGKGLEWMGAIANSGSTYYSPSLKSRTSISRDTSKNQFTLQLSSVTPEDTAVYYCARGRPDDYDYWGQGTQVTVSS
seq14587,EVQLVESGGGLVQAGGSLTLSCAASERTFSYYVMAWFRQAPGKEREFVAGISMSGDSTKYADSVKGRFTISRDNAENTGYLQMNGLKPEDTAVYYCAADRDIRGNFRSWGRGTQVTVSS
seq14588,EVQLVESGGGLVQTGGSLRLSCAASGRTFSNYAMDYAMGWFRQAPGEEREFVAAISWSGHSTYSADSVKGRFTISRDNAKNTVYLQMNSLKPEDTAVYYCAAGEVGAFYSDYDLYDYWGQGIQVTVSS
seq14589,QVQLQESGGGLVQAGGSLRFSCAAAGSTSVTYTMGWFRQAPGKEREFVFVVSRSAGITRYADFVKGRFTISRDNAKNTIHLQMNSLKPEDTGVYYCAVIKTSDPLRGDYWGQGTQVTVSS
seq14590,VQLQESGGGLVQAGGSLRLSCAASGSNISTNVMAWYRRAPGNQRDMVASISTSGTTNYLASVKGRFTISRDNAKNTVSLQMNSLKPEDTAVYTCYAAWPLNTWGQGTLVTVSS
seq14591,QVQLQESGGGSVQTGGSLRLSCAASTSIYSINYMAWFSQAPGKGREGVAAVYIGDGRPYYADSVKGRFTISLDSAKNTVYLQMNSLKPEDTAMYYCAAAPGPLSQHYWYTSANYDYWGQGTQVTVSS
seq14592,QVQLQESGGGLVQAGGSLRLSCAVSGNTLSRYAMGWFRQTPGNEREFVAAIRWNNGATYYAESVKGRFTISRDSGKNTVYLQMNNLKPEDTAVYYCAGRFLGYASSNAYHEALYNYDYWGQGTQVTVSS
seq14593,EVQLVESGGGLVQSGGSLRLSCAASEGTFTIYPLGWFRQAPGKDRKFVAALPWSAGIPQYSDSVKGRFTISRDNAKNTVYLQMNNLKPEDTAVYYCAAKGRDDSYQPWNYWGQGTQVTVSS
seq14594,EMQLVESGGGLVQAGGSLRLSCAASGRTFRHYAMGWFRQAPGKEREFVAAISSYGSTDYGDSVKGRFTISRDDAKNTVPLQMNSLKPEDTAVYYCAAADETLGAVPNFRLHEKYEYEYWGQGTQVTVSS
seq14595,EVQLVESGGGLVQAGGSLRLSCTVSITTYSFKRVAWHRQAPGNERELVAAIWNTDNTDYADSVKGRFTISRDNAKKTVYLQMNRLKPEDTAVYYCSANRGSYGTYWGQGTQVTVSS
seq14596,QVQLVESGGGSVQPGGSLRLSCAASGFTFSSSVMSWVRQAPGKGLEWVSSIYSYSYNTYYADSVKGRFTISTDNAKNTLYLQMNSLKSEDTAVYYCAYGEDFSSWGQGTQVTVSS
seq14597,DVQLVESGGGLVQPGGSLRLSCAASRSIGRLDRMGWYRHRPGKPRELVATITGGSSINYGDSVKGRFTISIDNSKNTVYLQMNSLRPEDTAVYYCNFNKYVTSRDTWGQGTLVTVSS
seq14598,QVQLQQFGGGLVQPGGFLRLSCAASGRIFRLNAMGWYRQAPGKQRDLVARIAIGGVTNYADSVKGRFTISRDNAKNTVYLQMNSLKPEDTAAYYCNAKYYSGFNYWGQGTQVTVSS
seq14599,EVQLVESGGGLVQAGGSLRLSCAASGLTFSTTAMAWFRQAPGKEREFVAATNWSGGSTPYGDSVIGRFTISRNNAKNTVYLQMNSLKPEDTAVYICAADVSGWAHKGAKEYEYWGQGTQVTVSS
seq14600,QVQLVESGGGLVQPGGSLRLSCAASGFTFSWYAMSWVRQGPGKGLEWVSAINGGGGSTSYEDSVKGRFTISRDNAKNTLYLEMNSLKPEDTAVYYCARYSDGYSGSYTYTDMDYWGKGTLVTVSS
seq14601,QVQLQESGGGLVQPGGSLRLSCAASGSTFSIEAVAWYRQAPGKRRELVAGISGGGVTNYPDSVKGRFTISRDNAKNTVYLQMSSLKPEDTAVYYCNLWPPRASPGGRVYWGQGTQVTVSS
seq14602,QVQLQESGGGLVQAGGSLRLSCAASARTFIYKMGWFRQAPGKERDFVASIMWSVGNNYYYTDSAKGRFTISRDIAKNTMYLQMDSLEPEDTGEYYCAAATTSTQWRYWGQGTQVTVSS
seq14603,EVQLVESGGGAVQPGGSLRLSCVASGIRISNHMMGWFRQAPGEQRDMVARISPGGDTYVVDSVKGRFSISKDNAKNTVYLQMNNLKLEDTAVYYCNSYRTLGSWGQGTQVTVSS
seq14604,QVQLQQSGGGKVQPGGSLRLSCVASRPVFSMAWYRQAPGKQRVMVASTTNGKEPNYEDSVQGRFTISRDNAKNAVYLQMNSLKPEDTAIYSCKARHWEFDGVKEYWGQGTQVTVSS
seq14605,QVQLQESGGGRVQAGGSLRLSCSASARTLRLYAVGWFRQAPGKEREFVAGIGRSERTYYTDSVKGRFTLSRDNAKNTVFLEMNDLEPEDTAVYFCALTFQTTDMVDVPTTQHEYDYWGRGTQVTVSS
seq14606,EVQLVESGGGLVQAGDSLRLSCAASGRTFTMGWFRRAPGTEREFVASISGSGKITNYADSVKGRFTISRDHAKNAVFLQMDGLKPEDTAVYYCAAYLRSPYYSSYYDSAKYEYWGQGTQVTVSS
seq14607,EVQLVESGGGLVQAGGSLRLSCAASGRTFDSYAMGWFRQAPGKEREGVATISGSGGRTYYADSVKGRFTISADNAKNTVYLQMNSLKPEDTAVYYCAAAAWTIYEFDSWGQGTQVTVTS
seq14608,EVQLVESGGGEVQPGGSLRLSCGPSEIITSDKSVGWVRQAPGKQRNLVAGISNVGSTNYAQSVKGRFTISRDNAKNTLYLQMSSLRAEDTAVYYCYARDFENEYWGQGTLVTVKP
seq14609,EVQLVESRGGSVQAGESLRLSCAASGSIFSSNAMAWYRQAPGKQRDLVAVINSVGITKYADSVKGRFTISGDNAKNTVYLQMNSLKPEDTAVYYCTSDARRGWDTRYWGQGTQVTVSS
seq14610,MAESGGGSVQTGGSLRLSCAYTASSVCMAWFRQAPGKEREGVAVTREGLTKTGYADSVKGRFAISQDYAKKTLYLQMSSLKPEDTARYYCAARPTSPCTVDGELLASTYDYWGQGTQVTV
seq14611,QVQLVESGGGLAQAGGSLRLSCAASGRTFSMDPMAWFRQPPGKEREFVCAGSSTGRTTYYADSVKGRFTCSRDNAKNTVYLQMNSLKPEDTAVYYCAAAPYGANWYRDEYAYWGQGTQVTVSS
seq14612,QVQLQESGGGSVQAGGSLRLSCTASGFSLDDSDMGWYRQARGNVCQLVSTIASDRSTYYTPSVKGRFTISHDNAENTIYLQMNSLKPEDTAVYYCAAAPRLAYTTAMTCEGDFAYWGQGTQVTVSS
seq14613,EVQLVESGGGLVQAGGSLRLSCAASGFTFDDYAIGWFRQAPGKEREGVSCITTSDGSTYYADSVKGRFTISSDNAKNTVYLQMNSLKPEDTAVYYCAAALSGSSWCLDVGSWGQGTQVTVSS
seq14614,EVQLVESGGGLVQAGGSLRLSCAASGFTFDDYAIGWFRQAPGKEHEGVSCISSSDGSTYYADSVKGRFTISSDNAKNTVYLQMNSLKPEDTAVYYCAAERDVPARSLCGSYYWYDYRGQGTQVTVSS
seq14615,DVQLVESGGGLVQPGGSLRLSCAASGRTFSSYVVGWFRQAPGKEREFVGAISGSGDTIYYAVSEKGRFTISRDNSKNTLYLQMNSLRPEDTAVYYCTADQEFGYLRFGRSEYWGQGTLVTVSS
seq14616,QVQLQESGGGLVQAGGSLRLSCVASGRTFNTYSMGWFRQAPGKEREFVASISWSGQRSRYADSVKGRFTISRDNAKNTVYLQMNSLKPEDTAVYYCASPRTWGEFPPTQYDSWGQGTQVTVSS
seq14617,EVQLVESGGGLVQAGGSLRLSCAASASIISSAALGWYRQAPGKRREFVAGILSDGRELYVDSVKGRFTVSRDNAKNTVYLQMNSLKPEDTAVYYCNLDIDYRDYWGQGTQVTVSS
seq14618,DVQLQESGGGLVQAGGSLRLSCAASGATSDVYAIGWFRQVPGKEREFVATINRSGSDSYYADSVKGRFTISRDNAKNTVYLQMNSLKPEETAVYYCAASRSDCIGYGCRRVSQDYWGQGTQVTVSS
seq14619,QVQLQQSGGGLVRAGGSLRLSCSASGRTFGNEVMGWFRQAPGKEREFVAAINWSSGNTYYRDSVKGRFTISRDNAKNTVYLQMNSLEPEDTAVYYCAARSRPAISTRRPDYFAWGQGTQVTVSS
seq14620,EVQLLESGGGLVLPGGSLRLSCVASGPTFRTDTMGWFRQAPGKGREFVAAVTWNSGRINYADSVKGRFTVSRDNTRNAAYLQMSGLKDEDTAVYYCTAHRFVVGGNRVEDWRYWGQGTLVTVSS
seq14621,EVQLVESGGGLVQAGGSLRLSCAASGSFFSINAMGWFRQAPGKEREFVAGISQSGGSTAYADSVKGRFTISADNAKNTVYLQMNSLKPEDTAVYYCAAHRIVVGGTSVGDWRWGQGTQVTVSS
seq14622,DVQLVESGGGLVQPGGSLRLSCAASGFTFDDYAIGWFRQAPGEERLGVSSISSTYGLTYYADSVKGRFTISSDNSKNTVYLQMNSLRPEDTAVYYCAATPIGLIGLDAYEYDYWGQGTLVTVSS
seq14623,VQLVESGGGVVQPGGSLRLSCAASGSIASIHAMGWFRQAPGKEREFVAVITWSGGITYYADSVKGRFTISRDNSKNTVYLQMNSLRPEDTALYYCAGDKHQSSWYDYWGQGTLVTV
seq14624,EVQLVESGGGLVQAGGSLRLSCAASGFTFDDYAIGWFRQAPGKEREGVSCMDSSDGSTYYAGSVKGRFTISSDNAKNMVYLQMNSLKVEDTAVYYCAILDCAVVTTLGGEYDYWGQGTQVTVSS
seq14625,DVQLQESGGGLVQAGGSLRLSCAASGRTGSTYDMGWFRQAPGKERESVAAINWDSARTYYASSVRGRFTISRDNAKKTVYLQMNSLKPEDTAVYTCGAGEGGTWDSWGQGTQVTVSS
seq14626,QVQLVESGGGSVEAGGSLRLSCAASGFRYAAYCMGWFRQADGKEREGVATIDIDGLTTHADSVKGRFTISRDNAKNTLSLQMNDLKPEDTAMYYCAADRDRCGSIWTYAYKYRGQGTQVTVSS
seq14627,EVQLVESGGGLVQAGGSLRLSCAASGRTFSGILSHYAVGWFRQAPGKEREFVSTITSGGSTLSADSVKGRFTLSRDNAKDTVYLQMNSLKPEDTAVYYCAVRTWPYGSNRGEVPTENEYGHWGQGTQVTVSS
seq14628,DVQLQASGGGLVQIGDSVRLSCIASGGTFRTYAIGWFRQAPGAEREFVAAISRRGNKTDYAESVKGRFTVSRDNAENTVYLQMNSLKPDDMGVYYCAASARNFIGTQPLDYDYWGQGTQVTVSS
seq14629,EVQLLESGGGLVQPGGSLRLSCAASGSILTINAMGWYRQAPGKQRELVVRRTRGGSTTYQDSVKGRFTISADISKNTMYLQMNSLRPEDTAVYYCLLDDRGGVYWGQGTLVTVSS
seq14630,QVQLQDSGGGLVQAGGSLRLSCAAAGISGSVFSRTPMGWYRQAPGKQRELVAGILSSGATVYAESVKGRFTISRDNAKNTVYLQMNSLSPEDTAEYYCNTYPTWVLSWGQGTQVTVSS
seq14631,EVQLVESGGGLVQPGGSLRLSCAASGRSFSTYIMGWFRQAPGKEREFVATISRSGITTRSADSVKGRFTISRDNSKNTVYLQMNSLRPEDTAVYYCAAGPYVEQTLGLYQTLGPWDYWGQGTLVTVSS
seq14632,QVQLQESGGGLVQAGDSLRLSCVASGNDFSIYDIGWYRQAPGNPREFVAAIGRGGYTNIDASVKGRFTISRDNAKNTVYLQMNTLKPEDTAVYSCAAAQRYGPGRLNDISRYNYWGQGTQVTVSS
seq14633,EVQLVESGGGSVQPGESLRLSCAASGSIFSSNAMAWYRQAPGKRRDLVAAINSVGVTKYADSVKGRFTISRDNSKNTVYLQMNSLRPEDTAVYYCTSDPRRGWDTRYWGQGTLVTVSS
seq14634,EVQLVESGGGLVQAGGSLRLSCVASGHTFGNWAMGWFRQAPGKEREFVGAIRWSVGTTNYRDSVKGRFAISRDNARNTVYLQMNRLKPEDTAVYYCAAGTPFVLARINGYDYWGQGTQVTVSS
seq14635,QVQLQESGGGLVQAGGSLRLSCAASGRTFSSYTMGWFRQAPGKEREFVAFIDWSGGGTYYDDSVKGRFTISRDNAENTVYLQMNNLEPEDTAVYYCAAAQRLGSVTDYTKYDYWGQGTQVTVSS
seq14636,MQLVESGGGSVQAGGSLRLSCAVSGYIYNRNFMGWFRQAPGKEREGVAAIYTGGPYTYYTDSVQGRFTISQDNTKNTVYLQMNSLKPEDTAMYYCVSDLSDGTWDQGRWNYWGQGTQVTVSS
seq14637,ASGGGSVQAGGSLTLSCAASESIFMINAMGWYRQAPGKEREALASITSGGITDYADSVKGRFTITRDNAKNMVFLQMNSLKPEDTAVYYCNAIQLTEWGLAVPEYDYWGQGTQVT
seq14638,EVQLVESGGGSAQAGGSLRLSCAASGGTFSSYTMAWFRQAPEKEHEFVAVISGTGDSAYYADSAKGRFTISRDNAKHTVYLQMNVLKPEDTALYYCAGPCMVLGERCILMPHNYWGQGTQVTVSS
seq14639,EVQLVESGGGSVQAGESLRLSCAASGSIFSSNAKAWYRQAPGKQRDLVAGINSVGITKYADSVKGRFTISRDNAKNTVYLQMNSLKPEDTAVYYCTSDPRRGWDTRYWGQGTLVTVSS
seq14640,EVQLVESGGDLVQPGGSLRLSCAASGDVHKINFLGWYRQAPGKEREMVAHITIADATDYAEFAKGRFTISRDEPKNMVYLQMNSLKPEDTAVYLCRAGSRIYPYSYWGQGTQVTVSS
seq14641,EVQLVESGGGLVQAGGSLSLSCTASGGNFRNFGMGWFRQAQGTEREFVAAISRTGGRTYFSDSVKGRFTISRDNAKNMVSLQMNSLKPEDTAVYYCAARFRFDDGTYYYQRNFYDFWGQGAQVTVSS
seq14642,EVQLVESGGGLVQPGGSLTLSCVASGSTSRINAMGWYRRAPGKQRELVAGISSDGSKVYADSVKGRFTISRDNAKNSVYLQMNSLRAEDTAVYYCYYFRTVYGSSMRYWGQGTLVTVSS
seq14643,QVQLQESGGGLVQAGGFLRFSCAASGGTFSMYTMGWFRQAPGKVRDVVAGVSWSGGRTYYADSVKGRFTISRDNAKNTVYLQMNSLKPEDTAVYYCAASPTSTSFYYTEYPYWGQGTQVTVSS
seq14644,QVQLQESGGGLVQAGGSLRLSCAASGTIFSPGTMGWYRQAPGKERELVASIGDGSTTNYADSVKGRFTISRDNAKNTVYLQMNSLKPEDTAVYYCAVPVSYYLRYYPYYKTYFWYWGQGTQVTVSS
seq14645,EVQLVESGGGSVQTGGSLRLSCAASGLTPSFSLYNMAWFRQAPGKEREFVASITWSGTSTSYLDSVKGRFIISRDNAKNTVYLQMNILKPEDTAVYYCAARARFAGTSMTPGGYVYWGQGTQVTVSS
seq14646,EVQLVESGGGLVQPGGSLRLSCAASGFTFGSYGMTWVRQAPGKGPEWVAPINTGGGTKFSADSVKGRFTISGDNAKNTLYLLMNSLKPDDAAVYYCAIPLLSVPIPWYDYWGQGTQVTVSS
seq14647,VQLVESGGGLVQPGGSLRLSCAASGSIFLINAMGWYRQAPGKQRELVAVITRGGSANYTDSVKGRFTISRDNAKNTVYLQMNSLKPEDTAVYYCNADLNLRSDPFKWYTFWGQGTLVTV
seq14648,QVQLQESGGGLVQAGGSLRLSCAASGSTSGIIAMGWYRQAPGKQRELVARISSGSSTNYADSVKGRFTVSRDNAKNTVYLQMNSLKPEDTAVYYCNAVRRGYRNDYNSWGQGTQVTVSS
seq14649,EVQLVESGGGLVQAGGSLRLSCVASGFIFSIYGMAWYRQAPGKQRELVASITGGYGPNYVDSVKGRFTISRDDAKNTLYLQMNSLKPEDTAVYYCNQLYSDYWGKGTQVTVSS
seq14650,QVQLQQSGGDLAQRGGSLRLSCAASGRTFRNYVMGWFRQAPGKDPEFIAGINRSGAITYYGDSVKGRFTISRDNAKNTVSLQMNSLEPEDTAVYYCAAGETTWSIRRDDYDYWGQGTQVTVSS
seq14651,EVQLVESGGGLVQPGGSLRLSCAASGFTFDDYGMSWVRQAPGKALEWVSAISWNGNNTYYTESMKGRFTISRDNAKNTLYLQMNSLRPEDTAVYYCVKGSTAIVGVPPTYPDEYDYWGQGTLCTVSS
seq14652,EVQLVESGGGLVQPGGSLRISCAASGFTLDDYTIAWFRQAPGKEREGVSCISSSALITFYADSVKGRFTISRDNAKNTVYLQMNSLKPEDTAVYYCAADRYYYCSGWPDESAYWGQGTQVTVSS
seq14653,EVQLVESGGGLVQTGGSLRLSCAASGGTFNNYAMGWFRRAPGKEREFVAAISRSGVRTGVSALYGDSVKDRFTISRDNAKNTLYLQMNKMKPEDTAVYTCAASAIGSGALRRFEYDSSGQGTQVTVSS
seq14654,EVQLVESGGGEVQPGGSLRLSCAPSERTFSTYTMGWFRQAPGKEREFVAVVNWSGGSKYYAESVKGRFTISRDNAKNTVYLQMSSLRAEDTAVYYCAAGGAYSGPYYDTRQYTYWGQGTLVTVKP
seq14655,EVQLVESGGGSVQAGETLRLSCTASGFTFAEADMGWYRQAPGHECELVSTITTEGITSEASSYYADSVRGRFTISRDNAKNMVYLQMNSLKPEDTAVYYCAPDPYAYSTYSDYCTWAQGTQGTLVTVSS
seq14656,EVQLVESGGGLVQPGGSLTLSCVAAGSIFTFAMSWYRQAPRKERELVARIGTDDETMYKDSVKGRFTISRDNVKRTAGLQMNNLKPEDTAVYYCNARTDYRDWTVREYWGQGTQVTVSS
seq14657,EVQLVESGGGLVQAGGSLRLSCAASGSIFSINYMGWYRQAPGKQREAVAIIDRVGASTNYVDSVRGRFTISRSNAKNENMLYLQMNSLKPEDTAVYYCNTVPTTSAYWGPGTQVTVSS
seq14658,QVQLVESGGGLVQAGDSLRLSCAASGRTFPTYAMGWFRQAPGKEREFVATIRWSGSTQYKYYADFVKGRFTISRDNAKNTVYLQMDSLKPEDTAVYYCAATTLLGDPRALNEYAYWGQGTQVTVSS
seq14659,QVQLVESGGGLVQPGGSLTLSCAASGFTFSSYYMSWVRQAPGKGPEWVSIISTGGASTVYTDSVKGRFTASRDNAKNTLYLQMNSLKPEDTALYYCVRGNSRSGLIPRAYWGQGTQVTVSS
seq14660,EVQLVESGGGLAQTGGSLTLSCAASGRTPSIVAMGWFRQIPGKDREPVGEIILSKGFTYYADSVKGRFTISRANAKNTITMSLQMHSLKSEDTAVYYCAARQNWSGNPTRPNEYEYWGQGTQVTVSS
seq14661,EVQLVESGGGLVQVGDSMRLSCAVFGNIFTRDPVMWFRQPPGKQREWVATITPSGFANYADSVKGRFTISRYAANNTVHLQMNSLKPEDTGVYFCNFGTYWGQGTQVTVSS
seq14662,VQLQESGGGLVQAGDSLRLSCTASGVSIGDYNIGWFRQAPGKEREGVSCISSGDGTTYYTDSVKGRFTISTDNAKNTVYLQMNSLKPEDTAVYYCAADGNVWSPPICGSAGPPPGGMDYWGKGTQVTVSS
seq14663,QVQLQESGGGLVQAGGSLRLSCAASGSMFSINAMGWYRQAPGNEREWVATISRGGITYYDDSVKGRFTISRDNAKNTVYLQMNSLKPEDTAVYFCNAENRRLGDDFWGQGTQVTVSS
seq14664,VQLQESGGDSVQAGRSLRLSCAVSRYSASNNVIKWMGWFRQAPGKEREGVAALYTSGGNTYYADSVKGRFTISRDYSENTVSLQMNNLKPEDTGMYYCAATVGTVLAGPLSARKYNYWGQGTQVTVSS
seq14665,QVKLEESGGGLVQAGGSLRLSCAASERTFSRYPVAWFRQAPGAEREFVAVISSTGISTYYADSVKGRFTISRDNAKVTVYLQMNNLKREDTAVYFCAVNSQRTRLQDPNEYDYWGQGTQVTVSS
seq14666,QVQLQESGGGLVQPGGSLRLSCAVTDFTFSFYWMYWVRQAPGKNLEWISSLHSDGYTYYPDSVKGRFTISRDTAKNMLYLQMNSLKPEDTAVYYCATAIRNMWGQAAPGSAGYWGQGTQVTVSS
seq14667,EVQLQASGGVFVQSGGSLRLSCAASGATSIFDGMGWFRQAPGKEREFVSAISYGQGSYTYYADSVKGRFTISRDNSKNMVYLQMNSLRAEDTATYYCAPAYEGDLYAFDSYGEQGTQVTVSS
seq14668,EVQLVESGGGLVQPGGSLRLSCAASGNIFSRYIMGWFRQAPGKEREWVAGISNGGTTKYADSVKGRFTISADNSKNTAYLQMNSLKPEDTAVYYCAQGWKIVPTNWGQGTLVTVSS
seq14669,VKLEESGGGSVQTGGSLRLTCAASGFTFSSYAMGWFRQAPGKEREFVSGISGSGGSTGYADSVKGRFTISRDNAKNTVDLQMNSLKPEDTAIYYCAAAAGSGGSGGSGSFDYWGQGTQVTVSS
seq14670,EVQLVESGGGFVQAGGSLRLSCETSGRPLLGYTIAWFRQVPGKEREFVAYHRWSDGANLYADSVKGRFTISGHNAKNTVSLQMNSLKPEDTAVYYCAAAWMTTSNDKEYLYWGQGTQVTVSS
seq14671,AVQLVDSGGGLVQAGGSLRLSCAASGGTFSAFPMGWFRQAPGKEREFVAGISQSGGSTHYSDSVKGRFTISKENAKNTVYLQMNSLKPEDTAVYYCAARGRTLALRNYAYTTEVGYDDWGQGTQVTVSS
seq14672,EVQLVESGGGLVLAGGSLRLSCVHSGPTFRTDTMGWFRQAPGKEREFVAAVTWNSGRNNYADSVKGRFTVSRDNTRNAAYLQMSGLKDEDTAVYYCTAHRLVVGGGGVRDWRYWGQGTQVTVSS
seq14673,QVQLQESGGGLVQPEGSLRLSCAASGSISSINAMAWYRQAPGKRRELVAGIDGGGVTNYPDSVKGRFTISRDNAKNTVYLQMSSLKPEDTAVYYCNLWPPRASPGGRVYWGQGTQVTVSS
seq14674,QVQLQESGGGLVQAGGSLRLSCAASGSIRSISIMTWYRQAPGKERELVARMSSDGTTSYTDSMKGRFTISRDNAKNTVYLHMNNLKPEDTAVYYCKALISSYDGSWNDYGGQGTQVTVSS
seq14675,VQLQESGGGLVQAGGSLRLSCAVSGTIFDITPMGWYRQTPGKQREVVADLTSRGTTNYADSVKGRFTISRDNAKKMLYLQMNSLKSDDTGVYYCNVKRWGGIGWNDYWGQGTQVTVSS
seq14676,EVQLVESGGGLVQPGGSLRLSCAASGFTFSRYWMYWVRQAPGKGLEWVSAINSGGGDTYYRDSVRGRFTISRDNFKNTLYLQMNSLKSEDTAVYYCAKAEGPPTFSLIRTMTVDPGAQGTQVTVSS
seq14677,LQESGGGLVQPGGSLRLSCAASGSDISIYEMGWYRQAPGKQRELVAAITSGGTTNYADSVKGRFTISRDNAKNTVYLQMNSLKPEDTAVYYCNAADFDLWEYDYWGQGTQVTVSS
seq14678,QLQLVETGGGLAQPGGSLRLSCAASGSISRPYAMGWYRQIPGKQREWVAHINRAGSRTNYTDSVKGRFTISRDNTKNTVYLEMNSLKPEDTAVYYCNAVPRYGRDYWGQGTQVTVSS
seq14679,EVQLVESGGGLVQAGGSLSLSCTVSGGNFRNFGMGWFRQAHGKEREFVAAISRSGGRTYYADSVKGRFTISRDNAKNMVSLQMNSLKPEDTAVYSCAARFRSDDGTYYYQRAFYDFWGQGTQVTVSS
seq14680,QVQLVESGGGLVQAGGSLRLSCAASARIFSSYHKAWFRQAPGKEREIVAAVNGGSSSTYVADSVKGRFTISGDNALNTVSLQMNSLKPEDTAVYYCAAAGRAGPLAASYRYDYWGQGTQVTVSS
seq14681,VQLQESGGGSVQAGGSLRLSCVASGYSVSKNSMGWFRQAPGKEREGVAGINYGGTATYYANSVKGRFTISQDNAKNTVYLQMNTLKPEDTAIYYCAAGSPDPPPLIEGVVKYWGQGTQVTV
seq14682,QVQLQESGGGSVQAGQSLRLSCTASGYTDSRYCMGWFRQAPGKERERVTTIHTGTGITYYADSVKGRFSISQDNAQNTMYLQMNSLEPEDTAMYYCATTDYVYSASASWCNGYGVFNNWGQGTQVTVSS
seq14683,EVQLLESGGGEVQPGGSLRLSCAASGSVFSIDAMGWYRQAPGKQRELVAVLSGISSAKYAASAPGRFTISRDAVENTVYLQMSSLRAEDTAVYYCYADVSTGWGRDAHGYWGQGTLVTV
seq14684,DVQLVESGGGVVQPGGSLRLSCAASGSTISSYVMGWFRRAPGKEREFVAAISRSGGYTYYADSVKGRFTISRDNSKNTVYLQMNSLRPEDTALYYCAAGRYSAWYSQSYEYDYWGQGTLVTVSS
seq14685,VQLVETGGLVQPGGSLRLSCAASRSTTATIYSMNWYRQAPGKQRELVAGMTSDGQTNYATSVKGRFTISRDNAKNTVYLLMNSLKLEDTAVYYCYVKPWRLQGWDYWGQGTQVTVSS
seq14686,EVQLVESGGGLVQAGGSLRLSCAASGSIFNFNYMGWFRQAPGKEREFVATIRWSGSSTDYADSVKGRFTISRDDAKNTVYLQMNSLKPEDAAIYYCALRKGIPYSTSNRYIKGVNDYDYWGQGTQVTVSS
seq14687,EVQLVESGGGLVQPGGSLRLSCAASGRTFGDDTMGWFRQAPGKERELVAAINWNGGNTHYADSVKGRFTISADNSKNTAYLQMNSLKPEDTAVYYCATDPPLFWGQGTLVTVSS
seq14688,VQLVESGGDSVQAGGSLTLACTGRKYSSLYCMAWFRQAPGKAREGVAVISSGGFTNYADSVKGRFTISRDNSKNTLYLAMNGLKPEDTAMYYCAAGLSYCHSSTATATYRGQGTQVTVSS
seq14689,EVQLVESGGGLVQPGGSLRLSCAASGRTFSSYAMGWFRQAPGKERELVAGITGGGSSTYYADSVKGRFTISADNSKNTAYLQMNSLKPEDTAVYYCAAVTRYGYDYWGQGTLVTVSS
seq14690,LQESGGGLVQAGGSLRLSCAASGFRFGDYPIGWIRQAPKAREAVSCISANGTGAYYADSVKGRFTISRDNANNMLFLQMNSLKPEDTAVYYCVADDQLKPEMAHNYCLHGYYDFGSWGQGTQVT
seq14691,AVQLVDSGGGLVQAGGSLRLSCAASGSISSLNAMAWYRQGPGKERELVASITRGGSTAYTDSVKGRFTISRDNAKNTVYLQMNSLKPEDTAVYYCRAVWGFGDYGSWGQGTQVTVSS
seq14692,VQLVESGGGVVQPGGSLRLSCAASGRTFSSYAMGWFRQAPGKEREFVASIRWSDQTTYVPNSVKGRFTISRDNSKNTLYLQMNSLRPEDTAVYYCATGPTRLSFYSGNYRTYDSWGQGTLVTV
seq14693,QVQLQESGGGLVQPGGFLRFSCAASGSLFIIKDMGWYRQALGEQRELVAKITPEGSPNYADSVKGGFTISRDNAKNAVYLQMNSLKPEDTAVYYCHAQTYSGTFSLGGAWGQGTQVTVSS
seq14694,QVQLVESGGGSVQAGGSLRLSCAVSGAGYSSRFMAWFRQTPGKEREGIACISPNGLDTFYRDSVKGRFTISRDNDKITGSLQMNSLKPEDTAVYYCAVSSLRNDPNARTWASTSPYDSWGQGTQVTVSS
seq14695,QVQLQESGGGLVQPGGSLRLSCAASGSIFRVNAMGWYRQVPGNQREFVAIITNDTTNYADAVKGRFTISTDNVKKTVYLQMNVLKPEDTAVYYCNTVLQTSRWNIPTNYWGQGTQVTVSS
seq14696,EVQLVESGGGLVQPGGSLTLSCVASGSVSSINAMGWYRRAPGKQRELVAGISSDGSKVYASSAKGRFTISRDNAKNSVYLQMNSLRAEDTAVYYCYYFRTLSGSSMRYWGQGTLVTVSS
seq14697,QVQLQASGGGSVEAGGSLRLSCAASGDTAKLNCMAWFRQAPGKERERVALLSTRLTTTSYTDSVKGRFTISQDTATNTVYLEMNSLQPEDTAIYYCAARWAGRSCLVSVYDYYGQGTLVTVSS
seq14698,VQLVESGGGLVHPGGSLRLSCAPSASLPSTPFNPFNNMVGWYRQAPGKQREMVASIGLRINYADSVKGRFTISRDNAKNTVDLQMDSLRPEDSATYYCHIEYTHYWGKGTLVTVSS
seq14699,EVQLVESGGGLVQPGGSLRLSCAASGEIGRINFYRWYRQAPGNQRGVVATITIADKIDYADSAKGRFTISRDESRNMVYLQMGSLKPEDTAVYFCHAGSRLYPYDYWGQGTQVTVSS
seq14700,QVQLQESGGGLVQPGGSLKLACAASGITFRNKAIGWYRQAPGKGRELVARIDSFDTTDYADSVKGRFSISRDNAKNTVYLQMNSLKSEDTAVYYCNLRGSNYWGQGTQVTVSS
seq14701,EVQLQASGGGLVQAGGSLRLSCTASGRTGTIYSMAWFRQAPGKEREFLATVGWSSGITYYMDSVKGRFTISRDNAKNSAYLQMNLKPEDTAVYYCTATRAYSVGYDYWGQGTQVTVSH
seq14702,QVQLVESGGGSVQAGGSLRLSCAASGRTISNYDMAWSRQAPGKEREFVARISGSGDRTDYADSVKGRFTISRDNAKNTVYLQMNSLKPEDTAIYYCQIQDFGSPSFSGQGTQVTVSS
seq14703,EVQLAESGGGSVQAGGSLRLSCAGSFSGYGVSTMAWFRQAPGKEREGVAAITVGSGNTYYADSVTGRFTISRDNAKRTVYLQMNSLKPEDTAMYYCAAGWLSGGSWHVPGRYNYWGQGTQVTVSS
seq14704,EVQLVESGGGLVQPGGSLRLSCAASGFTFDDYAMGWFRQAPGKERELVATIMWSGNTTYYADSVRRRFIIRDNNNKNTAHLQMNSLKPEDTAVYYCATNDDDVWGQGTLVTVSS
seq14705,EVQLVESGGGLVQPGGSLRLSCAASGFTFDHYTMGWFRQAPGKEREFVAAISGSENVTSYADSVKGRFTISADNSKNTAYLQMNSLKPEDTAVYYCAAEPYIPVRTMRHMTFLTWGQGTLVTVSS
seq14706,EVQLQESGGGLVQPGGSLRLSCTASGVTISALNAMAMGWYRQAPGERRVMVAAVSNRGNAMYRESVQGRFTVTRDFTNKMVSLQMDNLKPEDTAVYYCHVLEDRVDSFHDYWGQGTQVTVSS
seq14707,QVQLQESGGGLVQAGGSLRLSCAASGSGRRVGYMAWYRQTPGKQRESVATISRAGATKYADSVKDRFTISRDNAKDTVYLQMNSLKPDDTAVYYCFASLIDAGTYWGQGTQVTVSS
seq14708,VQLQESGGGLVQAGGSLRLSCAASGFSSDDYTIGWFRQAPGKEREGISCFSSSDGSTGFADSVKGRFTISSDNATNTVYLEMNSLKPEDTAVYYCAADFNVWSPPICGSRWYGPPPGGMEYWGKGTQVTVSS
seq14709,EVQLVESGGGLVQAGGSLRLSCVASGTSIMVGAMGWYRQAPGKQRDLVAEIYPSGSTIYEDSVKGRFTISRDNAKNTVYLQMNSLKPEDTAVYYCNVLRWGVDYWGQGTQVTVSS
seq14710,KVQLVESGGGSVQAGESLRLSCAASGTIFSSNAMAWYRQAPGKQRDLVAGINSVDITKYADSVKGRFTISRDNAKNTVYLQMNSLKPEDTAVYYCTSDPRRGWNTRYWGQGTQVTVSS
seq14711,QVQLQESGGGLVQAGGSLRLSCAASERTFSTYAMGWFRQAPGKEREFVAGISGSGGRTYYEDSVKGRFTISRDNAKSMVYLQMNSLKLEDTAVYYCAAKPRGYNSGTYYRASDFDFPGGQGTQVTVSS
seq14712,EVQLVESGGGLVQPGGSLRLSCAASGSVYRINAMGWYRQAPGKGRELVAGLISAGSTNYADSVKGRFTISRDNAKNTLYLQMNSLRPEDTAVYYCAFVTTNSDYDLGRDYWGQGTLVTVSS
seq14713,QVQLQESGPGLVKPSQTLSLTCTVSGGSITTYRYYWSWIRQPPGKGLEWMGAIAYSGSTYYSPSLKSRTSMSRDTTKNQFTLQLSSVTPEDTAVYYCARGRLGSWYYELNEYDYWGQGTQVTVSS
seq14714,VQLVESGGGLVQPGGSLRLSCAASGRTISSFTMGWFRQAPGAEREFVAAISRSGSSTVYAGSVKGRFTISRDNAKNTVYLQMNSLKPEDTAVYYCNAVITEPLYKTDDSYWGQGTQVTVSS
seq14715,EVQLVESGGGLVQPGGSLRLSCAASGSVFKINVMAWYRQAPGKGRELVAGIISGGSTSYADSVKGRFTISRDNAKNTLYLQMNSLRPEDTAVYYCAFITTESDYDLGRRYWGQGTLVTVSG
seq14716,EVQLVESGGGLVQAGGSLRLSCAVSGDTFSVYGMGWFRQAPGMEREFVAGISWNAGITAYTDTLKGRFTISRDRAKNTMYLQMNSLQPEDTAVYYCAADVTRHYIATRSKVDASMYDYWGQGTQVTVSS
seq14717,QVQLVESGGGLVQPGGSLSVSCAASGSIARPGAMAWYRQAPGKERELVASITPGGLTNYADSVTGRFTISRDNAKRTVYLQMNSLQPEDTAVYYCHARIIPLGLGSEYRDHWGQGTQVTVSS
seq14718,QVQLQESGGGLAQAGASLRLSCAGSGNNFEHYAVAWFRQDAPGKERDFVAAIRDYGDRTRYDDSVKGRFTISRDNAKSMVYLEMNNLKPKDAAVYYCAAGPLNDYLEVTPLVYTYWGQGTQVTVSS
seq14719,QVQLQESGGGLVQAGGSLRLSCAASGSIFSINAMGWYRQAPGKQRELVAGITSGGSTNYADSVKGRFTISRDNAKNTVYLQMNSLKPEDTAVYYCAADYVGLGDDAFYVPYWGQGTQVTVSA
seq14720,QVHLVESGGGSVQAGGSLRLSCAASGDMNGYKCMGWFRQAPGKEREAVAGIYTGRNTTYYADSVKDRFTISQDNAKNTVFLQMNSLKPEDTAMYYCASKYCAVVAEFGGPRLVRYWGQGTQVTVSS
seq14721,DVQLVESGGGLVQAGGSLRLSCAASGRTFSSYALGWFRQAPGKEREIAAAISWTGGRTYYSDSVRGRFTISRDNAKNTVYLQMNNLKPEDTGVYYCKASVRRGKVRYEYWGQGTQVTVST
seq14722,QVQLQESGGGSVQAGESLRLSCVVSGYTVSSICMGWFRQAPGKEREGVAAVASDGVTSYTDSVKGRFTISKDNAKNTLYLQMNSLTPEDTSMYYCAARKRGYCSLDRTFFTWWGQGTQVTVSS
seq14723,QVQLVESGGGLVQAGGSLRLSCAASGSIFRINDMGWYRQAPGKQRELVAVITSGGSANYADSVKGRFSISRDNAKKAVYLRMNSLKPEDTAVYYCNADFGTLGRYDYWGQGTQVTVSS
seq14724,EVQLVESGRGSVQAGGSLRLSCAASGSTFSRRSMNWYRQAPGKQREFVAGISTGRITNYAVSVKGRFTISRDNAEGTGYLQMNSLKPEDTAVYYCNAGGLQGYWGLGTQVTVSS
seq14725,QVQLQESGGGVVQAGDSLRLSCVASGRTFSSLDMGWFRQAPGKEREFVAGISRSGISQYYADSMKGRFTISRDNAKSLVYLQMNSLKPEDTAVYYCAAALTFRGSDLPRDSNYWGQGTQVTVSS
seq14726,QVQLQESGGGLVQAGGSLRLSCAASGRTSSTYTMGWFRQAQGKEREFVTGISRSGGRTYYADSVKGRFTISRDNAKNTVYLQMNSLEPEDTAVYYCVVKLDYCSDYGCYASPREYHYWGQGTQVTVSS
seq14727,VKLQQSGGGLVQAGGSLRLSCAASGNFFTLNGVAWYRQAPGKQRELVAGITSGGWTNYADSVKGRFTISADNAKNTVYLQMNSLRPEDTAVYYCNANLQIHRDSSGDVRNVWGQGTQVTVSS
seq14728,EVQLVESGGGLVQPGGSLRLSCAASGTTFKLNIMAWYRQAPGKGRELVAAVINGGTTTYADSVKGRFTISRDNAKNTLYLQMNSLRPEDTAVYYCAFVTTNSDYDLGRDYWGQGTLVTVSS
seq14729,EVQLVESGGGLVQPGESLRLSCTASRFDLDYYDIAWFRQAPGKEREGVSCSFTNDGSTYYADSVKGRFTMSRNNDHRTVYLQMTSLQPEDTAVYTCAVGPLTRRRQCVPGDFSMDFWGEGTLVTVSS
seq14730,QVQLQQSGGGLVQAGGSLRLSCAASGGTFATSPMGWLRQAPGKGREWVAAISPSGGDRIYADSVKGRFTISRDNAGYFIYLQMNSLKPEDTARYYCAVRRRFDGTSYYTGDYDSWGQGTLVTVSS
seq14731,EVQLVESGGGLVQPGGSLRLSCAASGFTLDYYHIGWFRQAPGKEREGVSCIDSSDGSTYYADSVKGRFTISRDNAKNTVYLQMNSLKPEDTAVYYCAAGPTWTQRNDRSWIFYEYDYWGQGTQVTVSS
seq14732,QVQLQESGGGLVQAGGSLRLNCAASGSISTTYLMGWYRQAPGKERKFVATINRGGSTYYAVSVKGRFTISRDNAKNTVYLQMNSLKPEDTAVYYCAVGWPDPGYGLAYHRYWGQGTQVTVNS
seq14733,EVQLVESGGGLVQPGGSLRLSCAASGFTFDDYAIGWFRQAPGKEPEEISCISSSGGITYYADSVKGRFTISRDNAKNTVYLQMNSLKPEDTAVYYCATPGIAACRGIHYTGQGTQVTVSS
seq14734,VQLVESGGGLVQAGDSLRLSCTASGATLTNDHMAWFRQAPGKGREFVAAIDWSGRTTNYADPVEGRFTISRNNAKNTVYLEMNSLKLEDTAVYYCAVLRAWISYDNDYWGQGTQVTVSS
seq14735,EVQLVESGGGLVQPGGSLRLSCAASGFTFSINAMGWFRQAPGKERELVSGISWGGGSTYYADSVKGRFTISADNSKNTAYLQMNSLKPEDTAVYYCAAVNEDGFDYWGQGTLVTVSS
seq14736,EVQLVESGGQLVQAGGSLRLSCAATGRMYNSYSLGWSRQAPGKEREFVAAISASGTLRAYADSVKGRFTISRDNAKNTVYLQMNNLKPEDTAVYYCGRHRSVGWRASHHLSDYDNWGQGTQVTVSS
seq14737,EVQLVESGGGLVQPGGSLTLSCAASRSSVSFLSMAWYRQAPGKKRELVAGISTDGSTDYIDSVKGRFTISRDNAKNSVYLQMNSLRAEDTAVYYCYAYRWLTRYTYWGQGTLVTVSS
seq14738,QVQLVQSGGGLVQAGDSLRLSCAASGLTFPNYGMGWFRQAPGEEREFLAVIYWSGGTVFYADSVKGRFTISRDAAKNMVYLQMNSLKSDDTAVYYCAVTIRGAATQTWKYDYWGRGTQVTVSS
seq14739,EVQLVESGGGLVQPGGSLRLSCVASGLTFSIHDMGWYRQAPGKQQRESVAIITTRGTTSYSDSVEGRFTISRDNSKNTVHLQMDSLKPEDTGVYYCRALSLNSWGQGAQVTVSS
seq14740,EVQLVESGGGLVQAGGSLRLSCAASGRTFSRDVMGWFRQAPGKVREVVGSITWSGGSTYYADSVKGRFTISRDNAKNTMYLQMNSLKPEDTGVYYCAVAELGSTYNDWGQGTQVTVSS
seq14741,CELQASGGGLVQPGGSLRLSCAASGSIFSNHAMGWYRQPPGKQREFVANIFSGGRINYADFVKGRFTISRDNAKNTVYLQMNKLKPEDTAVYLCNAWRLGYDYWGQGTQVTVSS
seq14742,QVQLVESGGGSVQAGGSLRLSCAASGYTYSSYCMGWFRQAPGKEREGVAAINSDGGSTYYADSVKGRFTISQDNAKNTVYLQMNSLKPEDTAMYYCAADPGGGGGGWCLRSPLGPSGYNYWGQGTQVTVSS
seq14743,AVQLVESGGGLVQAGGSLRLSCAASGRTFSRYAVGWFRQAPGKQRELVAVITSGGSTKYADSVKGRFTISRDYAKNTVYLQMNSLKPEDTAVYYCASKHGRVVATDGSYDYWGQGT
seq14744,DVQLVASGGGSVQAGGSLRLSCTASGDSFSRFAMSWFRQAPGKECELVSSIQSNGRTTEADSVQGRFTISRDNSRNTVYLQMNSLKPEDTAVYYCGAVSLMDRISQHGCRGQGTQVTVS
seq14745,QVQLQEFGGGLVQPGGFLNFFCVASGNIPRTYFMSWYRRPPGKERELVASMPLAGNFIYADSVKGRFTISRDDAKNTVYLQMNDLKLEDTAVYYCAKDATCGGWNHPTYTGFDYWGKGTLVNVST
seq14746,LQESGGGLVQAGGSLRLSCAASESYFSINRMGWYRQAPGNQRELVASISSGGSTNYADSVKGRFTISRDNAKNTVYLQMNSLKPEDTAVYLCNVNAYHSGNLYTYWGQGTQVT
seq14747,VQLVESGGGLMQAGGSLRLSCAVSGRTFSTAAMGWFRQAPGKEREFVAAIRWSGGSAYYADSVKGRFTISRDKAKNTVYLQMNSLKYEDTAVYYCADWGVTRSLLSDYATWPYDYWGQGTQVTVSS
seq14748,QVQLVESGGGLVQAGGSLRLSCIASGSTSDINVMAWYRQASGKQRELVANKARGGLPKYGDFAKGRFTISRDNAKNTIYLQMNDLKPEDTAVYYCNAVLDWRLGDYWGQGTQVTVSS
seq14749,QVQLQESGGGLVQAGGSLRLSCAASGTMSSINAMGWYRQAPGKQRELVAGILSDGTTKYVESVKGRFTISRDNAKNTVHLQMNSLKVEDTAVYYCNFFPPPVPASWGQGTQVTVSS
seq14750,EVQLVESGGGLVQAGGSPRLSCVASGRTFSRCAMGWFRQAPGKEREFVATISANGELIYYANFVEGRFTISRDNAKNTVYLQMNSLKPEDTAVYFCAARRTFTRSSNRNEYADWGQGTQVTVSS
seq14751,LQESGGGLVQPGGSLRLSCAASGSIFSRNAMAWYRQAPGKQRELVAAIAVGGGTTYSGSVKGRFTISRDNAKNTVYLQMNSLKPEDTAVYYCNADAPAGYYPKAYWGQGTQVT
seq14752,QVQLVESGGGLVQAGGSLRLSCAASRTIFNPNVMGWYRQAPGKQRELVADISLSGSTNYADSVKGRFTISRDNAKNTMYLQMNSLKPEDTAVYYCNTNAISGAPGRYWGQGTQVTVSS
seq14753,QVQLQESGGGLVQAGGSLRLSCAVSGNTLSRYAMGWFRQTPGKEREFVAAIRWNNGATYYADAVKGRFTISRDSGKNTVYLQMNNLKPEDTAVYYCAGRFLGYASSNAYHEALYNYDYWGQGTQVTVSS
seq14754,QVQLQDSGGGLVQAGGSLRLSCAASGRIFSTHTMAWFRQAPGQEREFVSSISWNGAVTNYLDSVKGRFTISKDNAKNTVYLQMNSLKPEDTAVYYCAAGRNWGQGTQVTVSS
seq14755,QVQLVESGGGLVQPGGSLRLSCAASGTIFNIPVMGWYRQAPGKQRELVAGISTGGTTNYGDSVKGRFTISRDNAKNTVYLQMNSLKPEDTAVYYCNVLVISGIGSHLEVWGQGTLVTVS
seq14756,KVQLVESGGGLVQAGGSLRLSCAASERTFSNYAMDWFRQAPGKEREFVAAITRSGGGTYYADSVKGRFTISRDNAKNTVYLQMNSLKPEDTAVYYCAATRSSTIVVGVGGMEYWGKGTLVTVSS
seq14757,EVQLVESGGGLVQAGGSLRLSCAASGRTFSSYAMGWFRQAPGKEREFVAAISWSGGSTYYADSVKGRFTISADNAKNTVYLQMNSLKPEDTAVYYCAAVPRAPSERDYWGQGTQVTVSS
seq14758,VQLQESGGGLVQTGGSLRLSCAASGSIFSINSMGWYRQAPGKQRELVAAITSQGRSTYADSAKGRFTISLGNARNTVNLQMSSLKTEDTAVYYCTIWARDRQQYWGQGTQVTVSS
seq14759,EVQLVESGGGLVQPGGSLRLSCATSKPIFRSNAMGWYRQAPGKKRDLVASISNSGSTNYADSVKGRFTVSRDNDKNTGYLQMNSLKPEDTGVYYCTVDARRGWNTGYWGQGTQVTVSS
seq14760,EVQLVESGGGLVQAGGSLRLSCTASGRAFSSSVVGWFRQAPGKEREFVTGINWSGARTLYADSVKGRFTISRDNAKSTAFLQMNSLKPEDTAVYYCASGRDRYARVLSEYEYEWWGQGTQVTVSS
seq14761,EVQLVESGGGLVQAGDSLRLSCAASGRTFSSYIMGWFRQAPGKEREFVAAISSSGALTSYADSVKGRFTISRDNAEKMVYLQMSSLKPEDTDVYYCAAARVPWSPRPSLSTYDYWGQGTQVTVSS
seq14762,EVQLVESGGGLVQPGGSLRLSCAASGRIFSLPASGNIFNLLTIAWYRQAPGMQRELVATINSGSRTNYADSVKGRFTISRDNAQKTLYLQMNNLRPEDTAVYYCQTSGSGSPNFWGQGTLVTVSS
seq14763,QVQLVESGGGLVQAGGSLRLSCAASGNVFRFNIMGWYRQAPGNQRELVASIDDGGDRSYADSVEGRFTISRENGKKIMYLQMNSLKPEDTAVYYCAAGLGTYLNGRVSMATNYWGQGTQVTVSS
seq14764,QLQLVESGGGLVQPGGSLSVSCAVRGRDLDYYVIGWFRQAPGKEREGVSCINNSDDTTYYSDSVKGRFTISRDHAKNTVYLQMNNLKPEDTALYYCAADFDRLDFTVKAMCVMKFFYYWGQGTQVTVSS
seq14765,EVQLVESGGGLVQAGGSLRLSCAASGGTFSFYAMGWFRQAPGKERECVAAISWSGSVTHYADSVKGRFTISRDNAKNTVYLQMNSLKPEDTAVYYCAAENISDGSIWYFYDVDKYDYWGQGTQVTVSS
seq14766,QVQLVESGGGLVQAGGSLRLSCAASGAVSSINAMGWYRQTPEKVRKLVATMGSGGNTYYADSVKGRFTISRDYAKNTVALQMNNLIPEDTAVYYCAADKFGADIHEVDYWGKGTLVTVSS
seq14767,EVQLVESGGGLVQAGGSLRLSCAASGRTFSSYAMGWFRQAPGKEQEFVAAISWSGGSTYYADSVKGRFTISRDNAKNTVYLQMNSLKPEDTAVYYCAAHDVDDDESPYYSGGYYRALYDYWGQGTQVTVSS
seq14768,QVQLQESGGGLVQAGGSLRLSCVASGSGSRIGFMAWHRQTPGRQRELVAVINRTGATRYADSVKDRFTISRDNAKNTVYLQMNDLKPDDTALYYCFASVVDAGTYWGQGTQVTVSS
seq14769,QVQLVESGGGSVQAGGSLRLSCAASGYTISGICMGWFRQAPGKEREGVAGISPGGTGTYYADSVKGRFTISRDNAKNTVDLQMNGLNPEDTAIYYCAAACATSCVGGYCRGNGYRYWGQGTQVTVSS
seq14770,EVQLVESGGGLVQAGGSLRLTCAASGRTFSSFVIGWFRQAPGKQREVVASITSGGSTYYEDSGKGRFTISRDNAKNRVYLQMNSLRPEDTAVYYCAAAEPAGVYDVWGQGTQVTVSS
seq14771,EVQLMESGGGLVQAGGSLRLSCAASGRTLTNYDMGWFRQAPGKEREFVATIRWSTSETYYADSVKGRFTISKDNTKNTVALQMNSLTPEDTALYYCAARSVYSYEYNYWGQGTQVTVSS
seq14772,KVQLVESGGGLVQAGGSLRLSCAASGRTFSRYYMGWFRQAPGKEREFVAFISGTGGSIDYADSVKGRFTISRDSAKNTVYLQMNSLKPEDTAVYYCAAASGNSGRSTWDYWGQGTQVTVSS
seq14773,VHLVESGGGSVQAGGSLRLSCAASGYTYFMGWFRQAPQKEREWVATIGTGDIFNGAAYYVDSVKGRFAISQDNAKNTVYLQMNSLKPEDTAVYVCAAVQSKSSNYVLRDASTYNYWGQGTQVTVSS
seq14774,EVQLVESGGGLVQAGGSLGLSCSAPGLLFSRNSAGWCRQAPGKRREFVARTRMGGSINYADSVKGRFTVSRDNAKNMMYLQMNGLKPEDTAVCLCSGWREGFYEYWRQGTQVTVSS
seq14775,EVQLVESGGGVVQPGGSLRLSCAASGRTYYLNAMGWFRQAPGKEREFVAAIDWSEGNKDYADSVKGRFTISRDNSKNTVYLQMNSLRPEDTAVYYCAADTPPWGPLIYIESYDSWGQGTLVTVKS
seq14776,QVQLQESGGGSVQAGETLRLSCTASGFTFDDSDSDMGWYRQAPGNECELVSSISSDGSTYYADSVKGRFTISQDNAKNTVYLQMNSPKPEDTAVYYCAAINSGYELGTCESLDYWGRGTQVTVSS
seq14777,EVQLVESGGGLVQPGGSLRLSCAASGFTFGNYDMSWVRRPPGKGPEWVSAINSGGGSTYYADSVKGRFTISRDNAKNTLYLQMNSLKPEDTAVYYCATPRGWGPTGPHEYGYWGQGTQVTVSS
seq14778,QVQLAESGGGSVQAGGSLRLSCAASGNLYNNMCMGWFRQAPGKEREGVGSIYIGGGYTNYSESVRGRFTISLDNAKKTLNLQMNSLKPEDTAMYYCAAIPIALTRAFCAPIVSRYTYWGQGTQVTVSS
seq14779,EVQVQESGPGLVKPSQTLSLTCTVSGGSMTGNYYAWSWIRQPPGKGLEWMGVIAYDGSTYYSPSLKSRTSISRDTSKNQFSLQLSSVSPEDTAVYYCARGPGWYSGSRNDYWGQGTQVTVSS
seq14780,EVQLVESGGGLVQAGGSLRLSCAASGLTNPPFDNFPMGWFRQAPGKEREFVAVISWTGGSTYYADSVKGRFTISADNAKNTVYLQMNSLKPEDTAVYYCPAVYPRYYGDDDRPPVDWGQGTQVTVSS
seq14781,QVKLEESGGGLVQVGDSLRLSCAASGRTFSNYTMAWFRQFPGKEREFVAVVSRGGGATDYADSVKGRFTISRDNAKNTMYLQMNSLKTEDTAVYYCAAGTDLSYYYSTKKWAYWGQGTQVTVSS
seq14782,QVQLQESGGGSVQPGGSLTLSCLASGFSLSNYGMGWFRQAPGKEREGVSCTSSPSGHTYYADSVKGRFTIVRDNAGNSVYLQMNSLKPEDAAVYFCATTDCEAAHWGTWVNYYGQGTQVTVSS
seq14783,QLQLVESGGGLVQPGGSLRLSCAASGFTLDVYAIGWFRQAPGKEREGVSYITSGDGIFYADSVKGRFTISRDNAKNTVYLQMNSLKPEDTAVYFCATLKRTTAGGWPIPGRIGGQGTQVTVSS
seq14784,QVQLQESGGGSVQAGGSLRLSCTAPGFTSNTCAMAWFRQAPGKEREFVSSLSTVGTTGYADSVKGRFTISKDEAKDTVYLLMNSLKPEDTAMYFCKTFACRDCSGRYCRTAPDAWGQGTQVTVSS
seq14785,QVKLQESGGGLVQSGGSLRLSCIASGSTVSDNTMGWYRQAPGKQRELVAVISSVGVTNVAQSVKGRFTISRDNAKNTVTVYLQMSSLKPEDTAVYYCNALGTGRGNWGQGTRVTVSS
seq14786,PSLRLSCAASGRTFSTAAMGWFRQAPGKERDFVAGIYWTVGSTYYADSAKGRFTISRDNAKNTVYLQMDSLKPEDTAVYYCAARRRGFTLAPTRANEYDYWGQGTQVTVSS
seq14787,QVQLQESGGGLVQAGGSLRLSCAASGSISDWYDMGWYRQAPGKEREFVATIANGSNTYYADSVKGRFTISRDNAKNTVYLQMNSLKPEDTAVYYCAALVGPDDNGWYWLDYWGQGTQVTVSS
seq14788,VQLQESGGGLVQAGGSLRLSCAASGRTFSSYVMGWFRQALGKEREFVAAIGWNGGITYYADSVKGRFAISRDNAKNTVYLQMNSLKPEDTAVYYCAAATLQVTGSYYLDLSTVDIYDNWGQGTQVTVSS
seq14789,EVQVVESGGGLVQAGGSLKLACAAPGLTFSSYRMGWFRQAPGQEREFVAAIDWNGRGTYYRYYADSVKGRSTISRDNAKNTVYLQMNSLKPEDTAVYYCAATTVLTDPRVLNEYATWGQG
seq14790,QVKLEESGGGLVQAGGSLSLSCEDSGRSFSVKPMAWFRQAPGLEREFVAAASFTGVSTFYADSVKDRYTIFREKDNNTVYLQMNSLQPEDTGAYYCAGTLRTLWGSKWRDRREYEYWGQGTQVTVSS
seq14791,EVQLVESGGGLVQPGGSLRLSCAASGFAFDDYAIGWFRQAPGEEREGVSSISSTYGLTYYADSVKGRFTISSDNSKNTVYLQMNSLRPEDTAVYYCAATPIGLIGLDAYEYDYWGQGTLVTVSS
seq14792,VKLEESGGGLVQAGRSLRLSCAASEHTFSSHVMGWFRQAPGKERESVAVIGWRDISTSYADSVKGRFTISRDNAKKTLYLQMNSLKPEDTAVYYCAARRIDAADFDSWGQGTQVTVSS
seq14793,EVQLVESGGGSVQAGGSLRLSCAAPGNTYSTNLMGWFRQAPGKEREGVAAICCGRGTTFYADSVKGRFTISQDNAKKMVYLQMELLRPEDTGIYYCASGSVRGIWSGTSQYKYWGQGTQVTVSS
seq14794,QVQLQESGGGLVQAGDSLTLSCVASERAFMYNMAWFRQAPGKERDFVAVRNWNVERTNYADFAKGRFTISRDAAKKVMYLKMNNLKPEDTAVYYCATTRVWPTQHQMGQIEYWGQGTQVTVSS
seq14795,EVQLVESGGGLVQPGRSLTLSCAASTNIVSISPMGWYRQAPGKQRELVAAIHGDSTLYADSVKGRFTISRDNAKNSIYLQMNSLRPEDTALYYCNKVPWGDYHPRRVYWGQGTQVTVSS
seq14796,EVQLVESGGGLVQPGGSLTLSCVASGFTLDGYAIGWFRQAPGKEVEPVSCITGRHGTIYYADSVMGRFTISRDNAKNTVYLQMNSLKPEDTAVYYCAADGFDTPCVAGTDWQYDYWGQGTQVTVSS
seq14797,QVQLVQSGGGSVQAGGSLRLSCAASGYTSSRYYMGWFRQAPGKEREGVATIFSGGGITYCTDSVKGRFTISQDNAKNTVYLQMSSLKPEDTAIYYCAARALLPGVFLPCGDSGYQYWGQGTQVTVSS
seq14798,QVQLVESGGGLVQPGGSLRLSCEASGTTFSRDVMGWYRQAPGKQRELVAIISRGGSTNYADSVKGRFTISRDNSKNTLYLQMNSLRAEDTAVYYCNANTATWGRVFWGQGTLVTVSS
seq14799,EVQLVESGGGLVQPGGSLRLSCAASGRTFNNYAMGWFRQAPGKEREFVAAITRSGVRSGVSAIYGDSVKDRFTISRDNAKNTLYLQMNSLRPEDTAVYYCAASAIGSGALRRFEYDYSGQGTLVQVSS
seq14800,QVQLQQFGGGLVQAGGSLRLSCAASGRTFSSYAWGWFRQAPGKEREFVARISFSGGHTYYSDSVKGRFTISRDNAKNTVYLQMNSLKPEDTAVYYCAADPTPYGLRNERNYPYWGQGTQVTVSS
seq14801,EVQLVESGGDLVQAGGALGLSCPASGLLFSRNSAGWYRQAPGKQRELVACIRMGGSINYGDSVKGRFTVSRDIAKNTMYLQVDDLKPEDTAIYFCSSWREGFYEYWGQGTQVTVSS
seq14802,EVQLVESGGGLVQPGGSLRLSCIASGLPFSTKSMGWFRQAPGKGREFVARISPGGTSRYYGDFVKGRFAISRDNAKNTTYLQMNSLKAEDTAVYYCASGERSTYIGSNYYRTNEYDYWGTGTLVTVSS
seq14803,QVQLVESGGGLVQAGGSLRLSCAASGSTSEINVMAWYRQVSGKQRELVANKARGGLPKYGDFVKGRFAISRDNAKNTITLQMNSLKPEDTAVYYCNAVTDWALGDYWGQGTQVTVSS
seq14804,VQLVESGGGLVQPGGSLRLSCEASGFTLDYYAIGWFRQAPGKEREGVICISRSDGSTYYADSVKGRFTISRDNAKKTVYLQMISLKPEDTAAYYCAAGADCSGYLRDYEFRGQGTQVTV
seq14805,VQLQESGGGLVQPRGSLRLSCTASGFTFDDSDSDMGWYRQAPGNECELVSSISSDGSTYYADSVKGRFTISQDNAKNTVYLQMNSLKPEDTAVYYCAAINSGYELGTCESLDYWGRGTQVTVSS
seq14806,QVQLQESGGGLVQAGGSLRLSCAVSGNTLSRYAMGWFRQTPGKEREFVAAIRWNEGATYYADSVEGRFTISRDSGKNTVYLQMNNLKPEDTAVYYCAGRFLGYASSNAYHEALYNYDYWGQGTQVTVSS
seq14807,EVQLVESGGGLVQAGGSLRLSCAASGRTFSSHTIGWFRQAPGKDREFVAAIRWSSSNTYYADSVKGRFTISRDNAKNTVYLQMNSLKPEDTAVYYCAAGGSTVSWYYAHYDYWGQGTQVTVSS
seq14808,DVQLQESGGGLVQPGGSLRLSCTASGTIFSINRMDWFRQAPGKQRELVALITSGGTPAYADSAKGRFTISRDNSKNTVYLQMNSLRPEDTAVYYCHVSSGVYNYWGQGTLVTVSS
seq14809,EVQLVESGGGLVQPGGSLTLSCAASGSSVSFLSMAWYRQAPGKKRELVAGISRDGSTDYIDSVKGRFTISRDNAKNSVYLQMNSLRAEDTAVYYCYAYRWVTRYTYWGQGTLVTVSS
seq14810,VQLQESGGGSVQAGGSLRLSCAASGYTSRPNFMVWFRQAPGKEREAVAGIYTVTGGTLYSDPVKGRFTISQDKAKNTVYLQMNSLNPEDTAMYYCAVKWYGGSWSDAATFRTWGRGTQVTVSS
seq14811,EVQLVESGGGLVQTGRSLRLSCAASGRTSRSYGMGWFRQAPGKEREFVSGISWRGDSTGYADSVKGRFTISRDNAKNSVYLQMNSLRAEDTALYYCAAAAGSAWYGTLYEYDYWGQGTLVTVSS
seq14812,EVQLVESGGGVVQPGGSLRLSCSASGLLFSRNSAGWYRQAPGKQREFVARIRQGGSINYADSVKGRFTISRDNSKNTVYLQMNSLRPEDTALYYCSSWREGFYEYWGQGTLVTVSS
seq14813,VQLQESGGGLVQAGGSLRLSCAASGFTFDDYVIGWFRQAPGKECEGVSSISNNNSTYYADSVKGRFTIASDNAKNTVYLQMNSLKPEDTAVYYCAADVTLNPFTGWNTRSGPMYRYEYDYWGQGTQVTVSS
seq14814,QVQLQESGGGLVQAGGNLSLSCAASGRTYGGYGMGWFRQVPGKERELVAAIRWSGTSTYYADSVKGRFTISRDNVKNMVYLQMNSLKPEDTAVYHCAARTVRVVDISSPVGFAYWGQGTQVTVSS
seq14815,EVQLQASGGGSVQAGGSLRLSCVSSQNLLEYYTMGWYRQVPGSQRERVALINNGGSNVAGSVEGRFTISRDNAKNSIYLQMNNLKPEDSAVYYCRAFGPADYWGQGTQVTVSS
seq14816,EVQLVESGGGLVQPGGSLRLSCAASGFSLDYYAIGWFRQAPGKEREGVSCMDSSAGTTSTYYSDSVKGRFTISRDDAKNTVYLQMNSLKPEDTAVYYCAADGHLNWGQRYVPCSQISWRGWNDYWGQGTQVTVSS
seq14817,EVQLVESGGGLVQAGGSLRLSCAVSGRTFSTDAFGWFRQAPGKEREFVSAMRWNGSSSYYADLVKGRFTISRDNAKNTVYLLMNSLKPEDTAVYYCTAGKRYGYYDYWGQGTQVTVSS
seq14818,EVQLVESGGGLVQAGGSLRLSCAASGFTSDDYAIGWFRRAPGKEREGVSYISIEDGSTYTADSVKGRFTISSDNAKNTVYLQMNSLKPEDTAVYYCAAAILGDYVRWLQEYDYDYWGQGTQVTVSS
seq14819,MQLVESGGGSVQAGGSLRLSCTAPGFTSSDCDMDWYRQAAGNQREWVSSLLSTDGSTSYADSVRGRFTISKDPAKDTVYLQMNSLKPEDTAMYFCRCVVAEWGGMDYWGKGTLVTVSS
seq14820,EVQLVESGGGVVQPGGSLRLSCAASISIFDIYAMDWYRQAPGKQRELVAVSFRDGSTYYADSVKGRFTISRDNSKNTLYLQMNSLRAEDTAVYLCHVSLYRDPLGVAGGMGVYWGKGALVTVSS
seq14821,EVQLVESGGGLVQPGGSLRLSCAASGSTFSSSSVGWYRQAPGKQRELVSAITSGGSTNTADSVKGRFTISRDNSKNTLYLQMNSLRAEDTAVYYCNVAGRNWVPISRYSPGPYWGQGTLVTVSS
seq14822,EVQLVESGGGLVQAGGSLKLACAASGLTFSSYRMGWFRQAPGKEREFVAAIDWNGRGTYYRYYADSVKGRFTISRDNAKNTMCLQMNSLKPEDTAVYYSAIDSRTSIDPRTSGHYRYWGQGTLVTVSS
seq14823,DVQLQASGGGLVQAEGSLRLSCAASGSTFGIKHHGWYRRAPGNQREWVAGISSENITNVAEAVKGRFTISRDNAKNTVYLQMNSLKVEDTAVYYCYAQDNNYRFLHRFWGQGTQVTVSL
seq14824,EVQLVESGGGLVQAGGSLRLSCVVSGRPFRSDYMGWFRQAPGKEREFVSGISWSGSSTTYADSVKGRFTISRDNVKNTVYLQMRSLKPEDTGVYHCAVVDPRNWSRPYDYWGQGTQVTVSS
seq14825,EVQLVESGGGLVQPGGSLRLSCAASGSIYDFDVMGWFRQAPGKGRELVAAINSFGDITYYPDSVEGRFTISRDNAKRMVYLQMNSLRAEDTAVYYCAADWHVLIQQVLGYWGQGTQVTVSS
seq14826,EVQLVESGGGLVQAGGSLRLSCVASGFTLGTYAIGWFRQAPGKEREAVSCMSAGDSIPWYTASVKGRFTTSTDNARNTVYLQMNSLKPEDTAHYYCAAARYHGDYCYYEGYYPFWGQGTQVTVSS
seq14827,VQLVESGGGSVQAGGSLRLSCAASGANGGRSCMGWFRQVPGKEREGVSGISTGGLITYYADSVKGRFTISQDNTKNTLYLQMNSLKPEDTAMYYCATSRFDCYRGSWFNRYMYNSWGQGTLVTVSS
seq14828,EVQLVESGGGLVQAGGSLRLSCAASGRTFTMGGFRRVPRDEREFVASITLIPTFPYYAYSVKGRFALFRDNPNNTVILLMISLKPEDPDLYYCASYRKYLMSILPDYWGQGTQGTVSS
seq14829,QVQLQESGGGLVQAGGSLRLSCAASGSIAYIYTMDWYRQAPGKQRELVATSTHDGNTDYADSLKGRFTISRDNAKNTVYLQMNSLKPEDTAVYYCNADLRTAVDLIRANYWGQGTQVTVSS
seq14830,EVQLVESGGGLVQAGDSLRLSCAASGRTISSYAMGWFRQAPGKEREFVAAVSMSGGRTLYADSVKGRFTISKDNTKNTVYLQMNSLKPEDTAVYYCAAKWGYFDVALYAQERDYNYWGQGTQVTVSS
seq14831,RCQLQASGGGLVQPGGSLRLSCAASGFTLEYYALAWFRQAPGKERVGISCISSTNGRADYVDSVKGRFTISRDNAKNAFYLQMNSLKPEDTAVYYCAAAMWKCQLMMSSSNYTKIWGQGTQVTVSS
seq14832,VQLQESGGGVVQAGDSLRLSCVASGRTFSSLDMGWFRQAPGKEREFVAGISRSGISQYYANSMKGRFTISRDNAKNLVYLQMNSLKPEDTAVYYCAAALTFRGSDLPRDSNYWGQGTQVTVSS
seq14833,QVQLQESGGGLVQAGGPLRLSCAASVRTFSSYAMGWFRQAPGKEREFVAAISWSGGSTYYADSVKGRFTISRDNAKNTVYLQMNSLKPEDTAVYYCAVLHEDLYEYDYWGQGTQVTVSS
seq14834,EVQLLESGGGLVQPGGSLRLSCAASGRIFSLPASGNIFNLLTIAWYRQAPGKGRELVATINSGSRTYYADSVKGRFTISRDNSKKTVYLQMNNLRPEDTAVYYCQTSGSGSPNFWGQGTLVTVSS
seq14835,EVQLVESGGGLVQPGGSLRLSCVASGDVHKINFLGWYRQAPGKEREKVAHITIGDQADYADSAKGRFTISRDEAKNMVYLQMNSLKPEDTAVYFCRAGSRIYPYDYWGQGTQVTVSS
seq14836,QVQLVESGGGSVQAGGSLRLSCAASGNTYSSSYCMGWFRQAPGKDREGVARIFTRSGTTYYADSVKGRFTISRDNAKNTVYLQMNSLKPEDAAMYYCAAAQGGACISFTSFAKNFVYRGQGTLVTVSS
seq14837,DVQLQASGGGLVQAGGSLRLSCAASGFTFDEGAIGWFRQAPGKEREVVSCIASSHGSTFYADSVKGRFTISSDNAKNTVYLQMSGLNPEDTAVYYCAALGSGYGCSAFTTTYDMDYWGKGTLVTVSS
seq14838,EVQLVESGGGLVQPGGSLRLSCAASGFTLSSITMTWVRQAPGKGLEWVSTINSGGDSTTYADSVKGRFTISRDNAKNTLYLQMNSLKPEDTAVYYCAKGTYYSRAYYRLRGGTQVTVSS
seq14839,QVQLQQFGGGLVQAGGFLRFSCAASGDTFMNYYMGWFRQAPGKEREFVAAISWRGDGTSYADSVKGRFTISRDNAKHTVYLQMSSLKFEDTAVYYCAARKGGVTTTLEWGYWGQGTQVTVSS
seq14840,EVQLVESGGGLVQAGGSLRLSCAASGRALISFAMRWFRQAPGKEREFVAAINWSGTHTDYADSVKGRFTISRDNAENTVYLLMNSLIPEDTAVYYCATGWGATQAQHGFWGQGTQVTVSS
seq14841,EVQLVESGGGLVQPGGSLTLSCAASSSIFSISSMSWYRQAPGKQRELVAAITTFDYTNYADSVKGRFTISRDNAKNSMYLQMNSLRAEDTAVYYCNARAFGRDYWGQGTLVTVSS
seq14842,QVQLQESGGGLVQAGGSLRLSCAASGRTFSSGAMGWFRQTPGKEREFVAAINWSVGSTYYADAVKDRFTISRDNAKNTVYLQMNSLKPEDTAVYYCAADEADGPMAPYGFRGDYWGKGTLVTVSS
seq14843,EVQLVESGGSLVQPGGSLRLSCAASGFTFDDYAMTWVRQAPGKGLEWVSSINWSGTHTDCTDSVKGRFTISRNNANNTLYLQMNSLKSEDTAVYYCAKNWGDAGTTWFEKSGSAGQGTQVTVSS
seq14844,DVQLQASGGGLVQSGGSLRLICEASGESIASFNLGWFRRAPGKAREFVGAVSRTGETTDYADAVKGRFTISRDNIKNMGYLQMDNLKPGDTATYYCAADYNLGTFVTRKDSMYDFWGQGTQVTVSS
seq14845,EVQLVESGGGLVQAGGSLRLSCVLSGSSVSIGAMGWYRQAPGKQRDLVAEIYPSGSTIYADSVKGRFTISRDNAKNTVYLQMKSLKPEDTAVYYCNVVRWGADFWGQGTQVTVSS
seq14846,EVQLVESGGGLVQAGGSLRLSCAASGRTFNGYAMGWFRQAPGKERDFVAAITWSYGYTHYAESVKGRFSISRDSANNMVYLEMNSLKPEDTAVYYCAADPKASRFRTLRRYDYWGQGTQVTVSS
seq14847,EVQLVESGGGLVQPGGSLRLSCTASGFDFGIHWMYWVRQAPGKELEWVAEINTNGLITLYSDSVRGRFTASRDNANNALFLQMNDLKFEDTAVYYCAKSRNGAAKGQGTQVTVSS
seq14848,DVQLQASGGGLVQPGGSLRLSCAASGSIFSNHAMGWYRQPPGKQREFVANIFSGGRINYADFVKGRFTISRDNAKNTVYLQMNKLKPEDTAVYPCNAWRLGYDYWGQGTQVTVSS
seq14849,QVQLQESGGGLVEAEGSPRLSCAASGRTFGSYAMGWFRQAPGKERELVAAISSGGITYYADSVKGRFTISRDNAKNTVYLQMNSLKPEDTAVYYCAARSGSAYYTTRVDWPYWGQGTQVTVSS
seq14850,QVQLQESGGGLVQAGGSLRLSCAASGRATSGYGMGWFRQVPGKEREFVAAIRWSGKETWYVDSVKGRFTISRDNAKTTVYLQMNSLKPEDTAVYYCAVRPVRVDDISTPDGFVYWGQGTQVTVSS
seq14851,EVQLVESGGGLVQPGGSLRLSCAASGFTFGSYDMSWVRQAPGKGPEWVSAINSGGGSTYYADSVKGRFTISRDNAKNTLYLQMNSLTPEDTAVYYCAIPRGWGPTGPHEYAYWGQGTQVTVSS
seq14852,QVQLQESGGGLVQAGGSLRLSCAASRIVFTISTMAWFRQAPGKEREFVASINRSGALTSHANSVKGRFTISRDAAKNTVYLQMNSLKDEDTAIYYCAASKANMPALPANYDYWGQGTQVTVSS
seq14853,EVQLVESGGGLVQTGGSLRLSCAVSGRTDSTASVGWFRQAPGKQREWVVGISSGGSTHYADSVKGRFISSQDDAKNTVYLQMNSLKPEDTAIYYCAIAHGSSTYNYWGQGTQVTVSS
seq14854,EVQLVESGGGLVQPGGSLRLSCAASEFTFSKHWMYWVRQAPGKGLEWVSGINLGGDSTYYADSVKGRFTISRDNAKNTLYLQMDSLKSEDTAVYYCAKGASSWFGDFGSWGQGTQVTVSS
seq14855,DVQLVESGGGLVQPGGSLRLSCAASGFAFDDYAIGWFRQAPGEEREGVSSISSTYGLTYYADSVKGRFTISSDNSKNTVYLQMNSLRPEDTAVYYCAATPIGLIGLDAYEYDYWGQGTLVTVSS
seq14856,QVQLVESGGGLVQPGGSLRLSCAASGFSFNIYAMSWVRQAPGKQFEWVSGIHPDGRTYYTDSVKGRFTISRDNAKNTLYLQLDSLKTEDTAMYYCAKGVLTKYVGGARGQGTQVTVSS
seq14857,QVQLQESGGGSVQAGGSLRLSCAVSGFISSRRCMGWFRQAPGKERVGVANITGTGNTYLADSVKGRFTISQNNAKSTVYLQMNSLKPEDTAMYYCAADSFPTCTVVASSGAFQYWGQGTQVTVSS
seq14858,QVQLQESGGGSVQAGGSLRLSCTASGFSLDDSDMGWYRQARGNVCQLVSTIASDRSTYYTPSVKGRFTISRDNSENTIYLQMNSLKPEDTAVYYCAAAPRLAYTTAMTCEGDFAYWGQGTQVTVSS
seq14859,EVQLVESGGGLVQPGGSLRLSCAASGSIFTFNAMGWYRQAPGKQRELVAVIISGGSTHYVDSVKGRFTISRDNAKKMVYLQMNSLKPEDTAVYYCNVKKFGDYWGQGTQVTVSS
seq14860,DVQLVESGGGLVQPGGSLRLSCAASGSIFTINAMGWYRQAPGKQREEVAASTSGGSPNYDDSVKGPFNLSKDNAKNTVYLQINRLKPEDTAVYFFKAGGGSSTPDSDYWGQGTLVTV
seq14861,DVQLVESGGGLVQPGGSLRLSCAASGFAFDDYAIGWFRQAPGKEREGVSSISSTYGLTYYADSVKGRFTISSDNSKNTVYLQMNSLRPEDTAVYYCAATPIGLIGLDAYEYDYWGQGTLVTVSS
seq14862,EVQLVESGGGLVQPGGSLRLSCVISGMDFSHKPAGWFRQAPGKEREFVASITTRASTHYADSVKGRFTISRDNAKNTVYLEMNSLKPEDTAVYSCNSEYYWGQGTQVTVSS
seq14863,VQLVESGGGLVQPGGSLRLSCAASGFTFSSSYMSWVRQAPGKGLEWVSGINTDGSFTRYADSVKGRFTISRDNAKNTLYLQMNSLKSEDTALYYCAVGGGLGYGPWGQGTLVTVSS
seq14864,QVQLVESGGGLVQAGGSLRLSCAASGSISSISTMGWYRQAPGNERELVAAITSGGSTNYADSVKGRFTISRDNAKNTVYLQMNSLKPEDTAVYYCNFKYYSGSYFYKSEYDYWGQGTQVTVSS
seq14865,VKLEESGGGLVQAGGSATLSCSAPGDTLSRYAVGWFRQGPGQERDFVASITWSGDYTYYKDSVKGRFTISRDSVNNMVYLRMNSLKPEDTALYYCAADKSSFRLRGPGLYDYRGQGTQVTVSS
seq14866,QVQLQESGGGLVQAGGSLRLSCAASGRASSGHGGYGMGWFRQVPGKEREFVAAIRWSGKETWYVDSVKGRFTISRDNAKSTVYLQMNSLKPEDTAVYYCAVRPVRVDDISSPVGFDYWGQGTQVTVSS
seq14867,EVQLQASGGGLVQAGGSLRLSCVASGRTFSTYTMGWFRQAPGKEREFVAAISRNSVGTYYRDSVKGRFTISRDNAKNTVYLQMNSLEPEDTAVYYCAADPMYGRSVMSTRYNYWGQGTQVTVSS
seq14868,EVQLVESGGGLVQPGGSLRLSCATSGVIFSTAAMGWYRQAPGKSRVLVARMFSDGRTIYAESVKRRFTISRDNAKNTVYLQMNSLEPEDTAVYYCNALQFGAVYWGQGTQVTVSS
seq14869,QVQLVESGGGSVQAGGSLRLSCTASGFAFSSYALGWFRQAPGQERWAVAAIGTGGDTYYADSVKGRFTISRDNAKNTVTLQMNNLKPEDTAIYYCSLRMNGWRAHQWGQGTQVTVSS
seq14870,DVQLVESGGGLVQAGGSLRLACAGSGRIFAIYDIAWYRHPPGNQRELVAMIRPVVTEIDYADSVKGRFTISRNNAMKTVYLQMNNLKPEDTAVYYCNAKRPWGSRDEYWGQGTQVTVSS
seq14871,EVQLVESGGGLVQAGGSLRLSCVASGSAFYVGPMAWYRQAPGKERESVASITKGGITNYADSVKGRFTISRDNAKNTVYLQMNSLKPEDTDVYVCNARVKLQEDRLFRDYWGQGTQVTVSS
seq14872,QVQLQESGGGLVQPGGSLRLSCTASGTIFSINRMDWFRQAPGKQRELVALITSDGTPTYADSAKGRFTISRDNTKKTVSLQMNSLKPEDTAVYYCHVSSGVYNYWGQGTQVTVSS
seq14873,EVQLVESGGGLVQAGGSLRLSCVISGRTSPTYPMGWFRQSPGNEREFVASINWSGGWRNYADSVKDRFTISRDDAKNTVYLQMNSLKPEDTAVYYCARGQYSSGTPVYAHEYAYWGQGTQVTVSS
seq14874,QVQLQESGGGVVQSGGSLRLSCVASGNIFRINVMGWYRQAPGKQRELVAVVKSGGSTNYVDSAKGRFTISRDNAKNTAYLHMDSLKPEDTAVYYCNAQTRLWSYWGQGTQVTVSS
seq14875,QVQLQESGGGLVQAGGSLRLSCAVSGNTLSRYAMGWFRQTPGNEREFVAAIRWNNGATYYAESVKGRFTISRDSGRNTVYLQMNNLKPEDTAVYYCAGRFLGYASSNAYHEALYNYDYWGQGTQVTVSS
seq14876,EVQLVESGGGLVQAGGSLRLSCAASGGTFSSYAMGWFRQAPGKERDFVSAITWSGGSTYYADSVKGRFTISRDNAKNTVYLQMNSLKPEDTAVYYCAADDQKYDYIAYAEYEYDYWGQGTQVTVSS
seq14877,VQLQESGGGLVQPGGSLRLSCAASGRTFSDHSGYTYTIGWFRQAPGKEREFVARIYWSSGNTYYADSVKGRFAISRDIAKNTVDLTMNNLEPEDTAVYYCAARDGIPTSRSVESYNYWGQGTQVTV
seq14878,QVQLQESGPGLVKPSQTLSLTCTVSGGSITTYNYAWSWIRQPPGKGLEWMGVIAYDGSTYYSPSLKSRTSISRDTSKNQISLRLSSVTPEDTAVYYCARGTVGSWYDEFPPRYDYWGQGTQVTVSS
seq14879,EVQLVESGGGVVQPGGSLRLSCAASGGTFSFYGMGWFRQAPGKEREFVADIRTSAGRTYYADSVKGRFTISRDDSKNTVYLQMNSLRPEDTALYYCAAEPSGISGWDYWGQGTLVTVSS
seq14880,QVQLQESGGGLVQPGGSLRLSCAASGIIFRSKSVGWYRQAPGTQREWVAYISGDDSTNYEDFVKGRFTISRDNAKNTVYLQMNSVKPEDTAIYYCAADYRDYDELLLPVPPPYDYWGQGTQVTVSS
seq14881,EVQLVESGGGLVQPGGSLTLSCAASGSRVSFLSMAWYRQAPGKKRELVAGISADGSTVYIDSVKGRFTISRDNAKNSVYLQMNSLRAEDTAVYYCYAYRWTRRYTYWGQGTLVTVSS
seq14882,EVQLVESGGGLVQPGGSLRLSCAASERTYSMGWFRQAPGKEREFVAGSGWDGIPTRYADSVKGRFTISRDNAKNTVSLQMSGLKPEDTAIYYCATGTSVYHYQYWGQGTQVTVSS
seq14883,QVQLQESGGGLVQPGESLRLSCAVSGSTSSQNAMAWYRQAPGKRRELVAGISGGGATNYPDSVKGRFTISRDNAKNTVYLQMSSLKPEDTAVYYCNLWPPRASPGGGVYWGQGTQVTVSS
seq14884,EVQLVESGGGLVQAGGSLGLSCSASGLLFSRNSAGWYRQAPGKQREFVARIRQGGSINYADTVKGRFTISRDNAKNTVYLQMNSLKPEDTAVYYCSSWRTGFYEYWGQGTLVTVSS
seq14885,EVQLVESGGGSVQIGGSLRLSCVGSGYTDSNYCVAWFQQAPGKVREGVAVINFGRGTTQYSDSVKGRFTISQANAEKTVYLQMNNLKPEDTANYTCAAVLCDRRLSLVPGGYNWWGQGTQVTVSS
seq14886,EVQLVESGGGLVQAGGSLRLSCAASGRTFGDYIMGWFRQAPGKERELVASVSGGGNSDYADSVKGRFTISADNAKNTVYLQMNSLKPEDTAVYYCAAVFSRGPLTWGQGTQVTVSS
seq14887,LQQSGGGLVQAGGSLNLSCATSGRASSNYALGWFRQAQGKEREFVAAISWSGGYTYYADSVKGRFTISRDNSKNTVYLQMNSLKPEETAVYYCVARDYRLWSPYQYEYDYWGQGTQVT
seq14888,LQESGGGLVQAGGSLRLSCDFEGRTASTYNKAWFRRVPGNESEFVAFILWSGGSTDYADSVKGRFTISRDNAKNTVYLQMDSLKPEDTAVYYCNTPGEAYNWGQGTQVT
seq14889,KVQLVESGGGLVQPGGSLSLSCTASAGTFRNFGMGWFRQAQGTEREFVAAISRSGGRTYFSDSVKGRFTISKDNAKNMLSLQMNSLKPEDTAVYYCAARFRSDDGTYYYQRAFYDFWGQGAQVTVSS
seq14890,EVKLQQSGGGLVQAGGSLRLSCAVTGRTSSNYVMGWYRQPPGQEREFVSAITWSGGSTYSADSVKGRFTITPSNAKNTVYLQMNNLKPEDTAVYYCAAAKDGQDPRDFGSWGQGTQVTVSS
seq14891,VQLVESGGGLVQAGGSLRLSCAASGRTFSTAAMGWFRQAPGKERDFVAGIYWTVGSTYYADSAKGRFTISRDNAKNTVYLQMDSLKPEDTAVYYCAARRRGFTLAPTRANEYDYWGQGTQVTVS
seq14892,EVQLVESGGGLVQAGGSLRLSCAASGSTFDIYAMGWFRQAPGKEREFVASISSGDTNTNYADSVKGRFTISADNAKNTVYLQMNSLKHEDTAVYYCAAGRYSGYNSWGQGTQVTVSS
seq14893,EVQLVESGGGLVQPGGSLTLSCVASGSSVKFLSMAWYRQAPGKKRELVAGISADGSTTYIDSVKGRFTISRDNAKNSVYLQMNSLRAEDTAVYYCYAYRWTTRRTYWGQGTLVTVSS
seq14894,QVQLQESGGGLVQPGGSLRLSCAASGSSVSFLSMAWYRQAPGKKRELVAGISTDGSTNYVDSVKGRFTISRDNAKNTVYLQMNSLQPEDTAVYYCYAYRWVGRYTYWGQGTQVTVSS
seq14895,QVQLVESGGGSVQAGGFLRLSCALSGYSYYINLMAWFRQAPGKEREAVAAHGPVSGTAYYTDSVKGRFTISRDPGKNTMYLQMFSLQPEDTALYYCAAETTMGWAHERGYRYWGQGTQVTVSS
seq14896,EVQLVESGGGLVQPGGSLRLSCAASGFTLSGNWMYWLRQAPGKGLEWISTITPRGLTAYADSVKGRFTISRDIAENTLYLQMNSLKSGDTAVYYCARDKTGERRGQGTQVTVSS
seq14897,QVQLQESGGGLVQAGGSLRLSCAASGGPVSDNVMAWFRQAPGSQRELVAQITSGGATSYADSVKGRFTISRDNARSTVDLQMNSLKPEDTAVYYCNVALRYWGRGTQVTVSS
seq14898,VQVQESGPGLVTPSQTLSLTCTVSGGSIKNNYYYWNWIRQPPGKGLEWMGAIAYSGSTYYSPSLQSRTSISRDTSKNQFTLQLSSVTPEDTAVYYCARVPSVFGLPYGGMNYWGKGTLVTVSS
seq14899,EVQLVESGGGLVQPGGSLRLSCAASGRTFITYAIGWFRQAPGKGREFVSAISWSGSLTSYADSVKGRFTISRDNAKNTLYLQMNSLRPEDTAVYYCAAHRGAIAPIAQSVYTNWGQGTLVTVSS
seq14900,VQLQESGGGLVQAGGSLRLSCAASGSIFSINTMGWYRQAPGKQRELVAAIHSGGSTNYANSVKGRFTISRDNAANTVYLQMNSLKPEDTAVYYCNVKDYGAVLYEYDYWGQGTQVTVSS
seq14901,EVQLVESGGGLVQAGGSLRLSCAASGSTFDNYAMGWFRQAPGKEREFVSAISGDGGTTYYADSVKGRFTISADNAKNTVYLQMNSLKPEDTAVYYCAAVPRLYRNRDYWGQGTQVTVSS
seq14902,VQLQESGGGLVQPGGSLRLSCTASGFTFSMHAMTWYRQAPGKQRELVAVITSHGDRANYTDSVRGRFTISRDNTKNMVYLQMNSLKPEDTAVYYCNVPRYDSWGQGTQVTVSS
seq14903,QVQLVESGGGLVQAGDSLRVACAASGRTFSIDAMAWFRQAPGKEREFVSTMNWSTGATYYADSVKGRFTSSRDNAKSTSYLQMNSLKPEDTAVYYCAAARGLLIATDARGYDYWGQGTQVTVSS
seq14904,QVQLVESGGGLVQAGDSLRLSCAASGRTFSDYAMGWFRQAPGKEREFVARINWSGTLTYYADSVKGRFTASRDNAKNTVYLQMNSLKPEDTAVYYCAQRGDSGSNYDPSGYRYWGQGTQVTVSS
seq14905,QVQLQESGGGLVQAGDSLRLSCSASGRSLSSYVMGWFRQAPGKEREFVAAISWSGARTYYADSVKGRFTISRDNAKNTVYLQMNSLKPEDTAVYRCAAGRGWGTEAILDYWGQGTQVTVSS
seq14906,EVQLVESGGGLVQAGGSLRLSCAASGFTFDDYAIGWFRQAPGKEREGVSCISSSDDSTYYADSVKGRFTISSDTAKNTVYLQMDSLKPEDTAVYYCAKDCIIPPIGSWGQGTQVTVSS
seq14907,QVQLQESGGGLVQAGGSLRLSCAASGSIFSLNDMGWYRQAPGKQRDLVAAITSGGSTKYADSVKGRFTVSRDNAKNTVYLQMNSLKPEDTAVYYCNAKVAGTFSIYDYWGQGTQVTVSS
seq14908,QVQLQESGGGSVQAGGSLRLSCAASGRTFSSYDMGWFRQAPGKEREWVASISYNIYYADFVKGRFTISKDNAKNTVSLQMNSLKPEDTAVYYCAAVQRRGSYSYDRAQSYDYWGQGTQVTVSS
seq14909,QVKLEESGGGSVQTGGSLRLTCAASGRTSRSYGMGWFRQAPGKEREFVSGISWRGDSTGYADSVKGRFTISRDNAKNTVDLQMNSLKPEDTARYYCAAAAGSAWYGTLYEYDYWGQGTQVTVSS
seq14910,QVQLQESGGGLVQAGGSLRLSCAASGRDFATYSMAWFRQAPGKERESVATISWSGQRTRYADSVKGRFTISRDNAKNTVYLQMNSLKPEDTAVYYCAMPRTWGEFPPTQYDSWGQGTQVTVSS
seq14911,QVQLVESGGGLVQAGASMRLSCAASGITFSLYHWVWFRQAAGREHEFVAGIIRSGGETLSADSVKDRFIISRDDAKNTLYLQMNMLQPEDTATYYCAATHRADWYSSAFREYIFRGQGTQVTVS
seq14912,LQQSGGGSVQAGGSLRLSCAASGRAFSAYTMGWFRQPPGKEREFVAHIGRDDGMTHYADSVKGRFTISRDNAKNTVYLQMNSLKPEDTAVYYCAATILARRPSPGAYDYWGQGTQVT
seq14913,QVQLVESGGGLVQAGGSLRLSCLFSGTFGIYGMGWFRQAPGKAREFVAGVSRHGLTTQYADSVKGRFTISRDNAKNTMYLQMNSLKPEDTADYYCARSRLSASLLVTASDYDYWGQGTQVTVSS
seq14914,EVQLVESGGGVVQPGGSLRLSCAASGSTISSYVMGWFRRAPGKEREFVAAISRSGGYTYYADSVKGRFTISRDNSKNTAYLQMNSLRPEDTALYYCAAGRYSAWYSQSYEYDYWGQGTLVTVSS
seq14915,LQESGGGLVQAGGSLKLSCTASRRTFSRYNMGWFRQAPGKEREFVAAIRWNDGGADYADSVKGRFTISRDADGTLYLQMNSLKPEDTAVYYCALDDIFATPGKYDYWGQGTQVTVST
seq14916,EVQLVESGGGLVQPGGSLRLSCAASGFTLDDYAIGWFRQAPGKEREGVSSIRDNDGSTYYADSVKGRFTISSDNAKNTVYLQMNSLRPEDTAVYYCAAVPAGRLRFGEQWYPLYEYDAWGQGTLVTVSS
seq14917,QVQLVESGGGLVQAGGSLRLSCAASGRTFSIYDMGWFRQAPGKEREFVAATNLRGVSTRYADSVKGRFTISGDNAKNTVSLQMNSLIPEDTAVYYCAAAVSNWLAKDPSAYSYWGQGTQVTVSS
seq14918,EVQLVESGGGLVQAGGSLRLSCAASGRAFSYYNMGWFRQAPGKEREGVSWISSSDGSTYYADSVKGRFTISADNAKNTVYLQMNSLKPEDTAVYYCAAVLDGYSGSWGQGTQVTVSS
seq14919,QVQLVESGGGLVQPGGSLRLSCVVSGRTLESYVMAWFRQAPGKGLEAVASINWSSGRLIYADFVKGRFTISRDNSKNTLYLQMNSLRPEDTAVYYCAAGRYWGQGTQVTVSS
seq14920,QVQLQESGGGLVQAGGSLRLSCAVSGNTLSRYAMGWFRQTPGNEREFVAAIRWNNGATYYADAVKGRFTISRDSGKNTVYLQMNNLKPEDTAVYYCAGRFLGYASSNAYHEALYNYDYWGQGTQVTVSS
seq14921,EVQLQASGGGLVQAGGSLRLSCAASGSTFRINRMGWYRQAPGKQRELVASINSGGSTNYADSVKGRFTISRDNAKGTVNLTMNSLKPEDTAVYYCNRVTPWPYWGQGTQVTVSS
seq14922,QVQLVESGGGLVQPGGSLRLSCAASGGTFSTYYMGWFRQAPGKEREFVAAISRNFNQYYADAVKGRFTISRDNAKNTVYLQMNSLKPEDTAVYYCNVIPYYYGNYWGQGTQVTVST
seq14923,DVQLVESGGGSVQAGGSLRLSCAATGNTYISRCMGWFRQPPGKEREVVARIYTDSGNTYYPDAVEGRFTISQDNAKNTIYLQMNSLKPDDTAVYYCVLSEAVCTKEPGDFRYWGQGTQVTVSS
seq14924,VQLVESGGGSVQAGGSLRLSCAASGVSNTDMIMIWFRQAPGKEREGVLAAIYKNSTYYADSVKGRFTISQDNAKNTVYLQMNSLKPEDTAIYYCAAIRAVIGRHIRPHIYWGQGTQVTV
seq14925,EVQLVESGGGLVQPGGSLRLSCVASGFSLDDYGMTWVRQAPGKGLEWVSSINWSGTHTDYADSVKGRFTISRDNAKNTLFLQMNSLRSEDTAVYYCNQGWKIVPTDRGSHGTQVTVSS
seq14926,DVQLVESGGGVVQPGGSLRLSCSASGLLFSRNSAGWYRQAPGKQREFVARIRQGGSINYADSVKGRFTISRDNSKNTVYLQMNSLRPEDTALYYCSGWREGFYEYWGQGTLVTVSS
seq14927,EVQLVESGGGEVQPGGSLRLSCAASGSTFSSYHMSWFRQAPGKQREWVATSHHGGTTNYAGSVKGRFTISRDNAKNTVYLQMNTLRAEDTAVYYCKADHGYQGRGYWGQGTLVTVKP
seq14928,QVQLQESGGGLVQAGGSLRLSCAASELTFNKYIMGWFRQAPGKERESLASIGGSGTYTYYADSVKGRFTVSRDNAKNTVYLQMNSLKAEDTAIYFCAAGGRDTYGYRLPTTRVEFWGKGTLVTVSS
seq14929,AVQLVESGGGLVQPGGSLRLSCVAPSTYTIGWFRQAPGKEREFVAAIRRGDSSTYYTDSVKGRFTISRDNANNTVYLQMNSLKPEDTALYYCNAWVRSAGSTHYSNYWGQGTRVTVSS
seq14930,AVQLVESGGGSVQAGGSLRLSCAASGDTARNYYWAWFRQVPGQEREWVAWIDTGAGSSNYADSVKDRFTISRDDTKNAIYLQMSTLKPEDTAMYYCGADARTGGDLRRASTYQSWGRGTQVTVSS
seq14931,EVQLVESGGGLVQAGGSLRLSCAASGRTISSYAMGWYRQAPGKQRELVAGITRGGSTNYAASVKGRFTISRDNAKNTVYLQMNSLKPEDTAVYYCAAKEGRLYVDSSRYNYWGQGIQVTVSS
seq14932,QVQLQESGGGLVRTGGSLRLSCAASGRTLSSTTVAWFRQAPGKDRELVTAVKWTGISTYYADSVKGRFTISRDNVKNTVYLQMNSLKPEDTAVYYCAASRERKYGGDWLPSQYDYRGQGTQVTVSS
seq14933,QVQLQESGGGSVQPGGSLRVSCVVSRTIISINAMTWYHQAPGKRRELVAIITSGGETNYADSVKGRFTISRDNAKNTAYLQMNNLKPEDTGVYYCNVVPPLGSWGQGTQVTVSS
seq14934,EVQLVESGGGLVQAGGSLRLSCAASGFTLDDYAIGWFRQAPGKEREGVSCISSIDGDTVYADSVKGRFTASSDNAKNTAYLQMNSLKPEDTAVYYCAAGQGLLTAQALRWESYDYWGQGTQVTVSS
seq14935,QVQLQEFGGGLVQAGGSLRFSCAASGSIFRFDVMNWFRQAPGKQPELVAQITRGSSAYYVESVRGRFTISRDNAKNTVYLQMNSLKPEDTAVYYCNVPDPPLDYWGQGTQVTVSS
seq14936,EVQLVESGGGLVQAGGSLRLSCAASDRTFGSSTMGWFRQPPGKNREFVATIAWSATTTHYADAVKGRFTVSRDNALNTVYLQMNSLKPEDTAVYYCAATLTWLGIHEYEYNTWGQGTQVTVSS
seq14937,EVQLVESGGALVQAGGSLRLSCVASGSSFSINDMDWYRQAPGKTREWVAGINEYGGRNYANSVKDRFTISTDNAKNTVYLQMNSLKPEDTGVYYCAATLAKGGGRYWGQGTPVTVSS
seq14938,EVQLVESGGGLVQPGGSLRLSCAASGTIFKLNVMAWYRQAPGKGRELVAAIITGGTTTYADSVKGRFTISRDNAKNTLYLQMNSLRPEDTAVYYCAFVTTNSDYDLGRDYWGQGTLVTVSS
seq14939,EVQLQASGGGLVQAGGPLRLSCAASGRTDSTQHMAWFRQAPGKEREFVTAIQWRGGGTSYADSVKGRFTISRDNAKNTVYLEMNSLEPEDTAVYYCATNTRWTYFSPTVPDRYDYWGQGTQVTVSS
seq14940,EVQLVESGGGLVQPGGSLRLSCAASGLTLDYYALGWFRQAPGKEREGVSCISSSDHSTTYADSVKGRFTISWDNAKNTLYLQMNSLKPEDTAVYYCAADPALGCYSGSYYPRYDYWGQGTQVTVSS
seq14941,QVQLQESGGGLVQAGGSLRLSCAASGRTFSRQSMGWFRQAPGKEREFVAVITWSGGSPYYADSVRGRFTISRDNAKNTVYLQMNSLKPEDTAVYYCAAPVSYGSQWLADYWGQGTQVTVSS
seq14942,QVQLVESGGGLVQAGGSLRLSCAASGRTFSGYVMGWFRQAPGKQRKFVAAISRGGLSTSYADSVKGRFTISRDNAKNTVFLQMNTLKPEDTAVYYCAADRSDLYEITAASNIDSWGQGTLVTVSS
seq14943,EVQLVESGGGEVQPGGSLRLSCAASGFTLDDYTIGWFRQAPGKEREGVSCISSSGGSTYYAESVKGRFTISRDNAKNTVWLQMSSLRAEDTAVYYCATYCPVVVGPELGYDYWGQGTLVTVKP
seq14944,VQLVESGGGVVQPGGSLRLSCAASGLTLSQYTMGWFRQAPGKERELVAAIHWTSSVTDYADSVDGRFTISRDDSKNTGYLQMNSLRAEDTAVYYCAATWYYTHRGSFDYWGQG
seq14945,VQLVESGGGLAQTGGSLNLSCAASGPTFSGYGMGWFRQAPGKEREFLAVIRWSVGNTLYAESVKGRFTISRDKVKNTGYLQIDNLKPEDTAVYYCAAGAYVTTRSRDYAYWGQGTQVTVSS
seq14946,EVQLVESGGGLVQPGGSLRLSCAASGRTFSFYGMGWFRQAPGKERELVAIKFSGGTTDYADSVKGRFTISADNSKNTAYLQMNSLKPEDTAVYYCAAIAHEEGVYRWDWGQGTLVTVSS
seq14947,VQLQESGGGLVQAGGSLRLSCEASGSVSAIETMGWYRQAPDEQRTFVAVISTGGTTKYAPSVKGRFTISIDNAKSTVTLQMNSLKPEDTAVYYCAADWRTILGWKTREPNYFGQGTLVTVSS
seq14948,QVQLVESGGGLVQPGGSLRLSCAASGSIFSINAMGWYRQAPGKGLELVAAITFGGGSTNYADSVKGRFTISRDNSKNTLYLQMNSLRAEDTAVYYCNADLLVGGFPRRNVYWGQGTLVTVSS
seq14949,QVQLQESGGGLVQAGGSLRLSCAASGTIFGGPWMGWYRQAPGKEREFVAAIARGGNTNYADSVKGRFTISRDNAKNTVYLQMNSLKPEDTAVYYCAARDAVYPYLKYWGQGTQVTVSS
seq14950,QVQLQESGGGLVQPGGSLKLSCAATGLPVDYYAIGWFRQAPGKEREWVSFISNNDGRTDYADSVKGRFTISRDNAKNTVYLQLNSLKPEDTAVYYCALGRVPHTMMVLTTTAYYDYWGQGTQVTVSS
seq14951,QVQLVESGGGLVQAGGSLRLSCAASGRTSSDHITAWFRQAPGKEREFVASINWSGSRAYYADSDKRRFTISRDNAKNTVSLQTNSLKPEDTAVYYCAVKFADISDAYYHHQTDYDYWGQGTQVTVSS
seq14952,QVQLQESGGGLVQAGGSLRLSCAVSGNTLSRYAMGWFRQTPGKEREFVAAIRWNNGATYYADSVEGRFTISRDNAKNTVYLQMNNLKPEDTAVYYCAGRFLGYASSNAYHEALYNYDYWGQGTQVTVSS
seq14953,LQESGGGLVPPGGSLRLSCAASERTFSDYSMAWFRQAPGKDSEFVGVISWGGGPYYGDSVKGRFTISRDNAKNRMYLQMNSLKPEDTATYYCAATLDWGTIARMSRAGMYDYWGQGTQVT
seq14954,QVQLQESGGGLVQAGGSLTLSCVASGSRFSINTMGWYRQAPGKQRELVAGITSLGFTNYADSVKGRFTISRDNAKNTVYLQMNNLKVEDTAVYYCNRRGFRSYWGQGTLVTVSS
seq14955,QVQLVESGGGLVQAGGSLRLSCAPSRLTLDFFAIAWFRQAPGKEREGVSCISSHDGSTYYTDSVKGRFTISKDNAKNTVYLQMNSLKPEDTAVYYCALDHNVGTCQLTQAEYDYWGQGTQVTVSS
seq14956,QVQLQESGGGSVQAGGSLRLSCAASLNIFSSYCMGWFRQAPGKQRVGVATIDSDGTTRYVDSVKGRFTISKDNAKNTLDLQMNSLKPEDTAMYYCAARLNCPGPVDWVPMFPYRGQGTQVTVSS
seq14957,RVKLEESGGGLVQAGGSLRLSCAVSGSTFDDYAIGWYRQAPGKQREVVAVITNGNSPNYADSVKGRFTISRDNAKNTVYLQMNSLKPEDTAVYYCNVEGVRYGDSWYDGDYWGQGTQVTVSS
seq14958,DVQLVESGGGSVQPGGSLRLSCAASGYTVENSCMAWFRQAPGKEREVVATIVTNNATGTFYADSVKGRFTVSQDNAKNTLNLQMNSLEPEDTAMYYCAADTKWIVCSRGYRYTPNWANQFKYWGQGTQVTVSS
seq14959,EVQLVESGGGLVQPGGSLRLSCAASGRTFTMDGMGWFRQAPGKEREGVAAIGSDGSTSYADSVKGRFTISADNSKNTAYLQMNSLKPEDTAVYYCAAGSNIGGSRWRYDWGQGTLVTVSS
seq14960,QVQLQESGGGLVQTGGSLRLSCRASGRAFANYHFGWFRQAPGKDREFVASISWKGGSTYYANFALGRFTSSVDRAESSVYLQMSGLTPEDTATYYCAAHDGGDWNYHTGMDYWGQGTQVTVSS
seq14961,EVQLVESGGGLVQAGGSLRLSCAASGRTFSNYIMGWFRQAPGKEREFVAGISRYGDYTAYADSVKGRFTISRDNVKNTVYLRMNSLKPDDTAVYYCAANEGYCSGYGCYEDSGQYDYWGQGTQVTVSS
seq14962,QVQLQESGGGLVQAGGSLRLSCVVSGATSNVNAMGWYRQAPGKERELVAAISSGGSTSYRDSVKGRFTISRDNAKNTLYLQMNSLKPEDTAMYYCAAQDWATEGYEYDYWGQGTLVTVSS
seq14963,QVQLQESGGGLVQPGGSLRLSCTASGLTFDDYAMGWFRQAPGKGREGVSLITWSGSSTYYADSVKGRFTVSRDTATNTLVLQMNSLKPEDTAMYYCAADPRSGGYYSSPPPPAVYRYLRFWGQGTQVTVSS
seq14964,EVQLVESGGGLVQPGGSLRLSCAASGTFGHYAMGWFRQAPGKEREFVAAINWSSRSTVYADSVKGRFTITADNSKNTAYLQMNSLKPEDTAVYYCAKSDGLMGELRSASAFDIWGQGTLVTVSS
seq14965,EVQLQASGGGLVQAGGSLRVSCAASGRIFSNAAMGWFRQAPGKEREFVAAIRWSDGNTYYADSVKGRFATSRDNAKNTVYLQMNSLKPEDTAVYYCAAGIGTFGSSWTRADRYRYWGQGTQVTVSS
seq14966,QVQLVESGGGLVQPGGSLRLSCVASGYSYSIGYMAWFRQAPGKERAWVASRYTGDGGAVFDDAVKGRFTTSQESAGNTFDLQMDSLKPEDTAMYYCAAKGPGFGRWEYWGRGTQVTVSS
seq14967,VQLQESGGGLVQAGASLRLSCKASGFTFGDYTIGWFRQAPGKEREGISCYSSSDGNTGYADSVKGRFTISSDNAKNTVYLQMNSLRPEDTAVYYCAADFNVWSPPICGSSWYGPPPGGMAYWGKGTQVTVSS
seq14968,EVQLAESGGGLVQAGGSLRLSCTASGFTIAVYTMGWFRQAPGKEREGISCTSWAGGRTYTADSVKGRFTISRDNAKNTLYLQMNSLKPEDTAMYYCAAKAHPDCSGDWSPSGYEYWGQGTQVTVSS
seq14969,VQLVESGGGVVQPGGSLRLSCAASDSIDSLVNMGWYRQAPGKQRELVALIAWYITHYADFVKGRFTISRDNSKNTLYLQMNSLRAEDTAVYYCYARNIIVDYWGQGTLVTV
seq14970,QVQLVESGGGLVQAGGSLRLSCAASGRAFSSYAMGWFRQAPGKERELVAAISWSDDSTYYANSVKGRFTISRDNAKSAVYLQMNSLKPEDTAVYYCAAHKSLQRPDEYTYWGQGTQVTVSS
seq14971,QVQLAESGGGSVQAGGSLRLSCAASGYTISSYCMGWFRQAPGKEREGVAAIDSDGSTSYADSVKGRFTISKDNAKNTLYLQMNSLKPEDTAMYYCAADFCWVDDFYEYNYWGQGTQVTVSS
seq14972,QVQLVESGGGLVQAGGTLRLSCTASGSTFRGNGMAWHRQAPGKEREFVAYMGMTDRITYAESVKGRFTLSRDDAKNRVYLHMNNLEVEDTAVYYCTAFGSWGQGTQVTVSS
seq14973,EVQLVESGGGLVQAGDSLSLSCTASAGTLRNFGMGWFRQARGEEREFVATISRSARHTYYSDSVKGRFTISRDNAKNMVSLQMNSLKPEDTAVYYCAARFRSDDGTYYYQRRFYDFWGQGTQVTVSS
seq14974,QVQLVESGGGLVQAGGSLRLSCAVSGRTFSSYTMGWFRQAPGKEREFVAAISWSGGSTVYADSVKGRFTISRDNAKNTVYLQMNSLKPEDTAVYYCATDESRLYGGKRPKMLYDYWGQGTQVTVSS
seq14975,EVQLVESGGGLVQPGGSLRLSCAASGFLFDSYAMGWFRQAPGKEREPVAAISPAALTTYYADSVKGRFTISADNSKNTAYLQMNSLKPEDTAVYYCAAYYTDYDEALEETRGSYDWGQGTLVTVSS
seq14976,DVQMQESGGGSVQAGGSLRLSCAASGDTLSTYCMGWFRQVPGKDREGVAAIYRLRDMTFYADSVKGRFTISRDNANDTVDLQMETNSLKPEDTAVYYCAARCVRLFGTCQLVEDFELWGQGTQVTVSS
seq14977,QVQLQESGGGLVQAGGSLRLSCAASGIPFSIIYMAWFRQAPEKQRELVAEMSSRGSKFYADSVKGRFTISRDNAKNTLYLQMNSLEPEDTAVYYCSVGARRDDNDYVYWGQGTLVTVSS
seq14978,QVQLQQFGGGLVQPGGSLRLSCQASTSVFGNTAMAWYRQAPGKQRELVARITTLGFTYYADSAKGRFTISRDSAMNTVYLQMNSLKPEDTAVYYCNRRGFRSYWGQGTLVTVSS
seq14979,QVQLVESGGGLVQPGGSLRLSCEASGFIFSAYPMTWYRLAPGKGLESVSRITSDGRNTWYSDSVKGRFTISRDNAKNILYLQMNSLKSEDTALYYCGTGVGRGQGTQVTVSS
seq14980,QVQLQESGGGLVQAGASLRLSCAASGRTFSNYNVGWFRQAPGKEREFVSFISWISDITYYSDSVKGRFIISRDNAKNMVYLQMNSLKPEDTAVYYCAAHPPDPSRGGEWRLQTPSEYDYWGQGTQVTVSS
seq14981,EVQLVESGGGLVQPGGSLRLSCAASGGTFSSYAMGWFRQAPGKEREFVATISSNGNTTYYADSVKGRFTISADNSKNTAYLQMNSLKPEDTAVYYCAADLRVLRLRRYEYNYWGQGTLVTVSS
seq14982,VQLQESGGGVVQAGDSLRLSCVASGRTFSSLDMGWFRQAPGKEREFVAGISRSGISQYYADSMKGRFTISRDNAKNLVYLQMNSLKPEDTAVYYCAAALTFRGSDLPRDSNYWGQGTQVTVSS
seq14983,EVQLVESGGGLVQPGGSLRLSCAASGFTLDYYALGWFRQAPGKEREGVSCISSTESSDGSTYYADSVKGRFTISRDSAKNTVYLQMNSLKPEDTAVYYCATDQTLFGVCRGIATPDPGFWGQGTLVTVSS
seq14984,QVQLVESGGGLVQAGGSLRLSCAASGSIFSFYDVGWFRQAPGKEREFVAASITKGGGTYYVDSVKGRFTISRDNAKNTVYLQMNSLKPEDTAVYYCALATPHGYDFWGQGTQVTVSS
seq14985,EVPLVESGGGLVQSGGSLRLSCAASGSFDSDTVMAWYRQAPGKQRDFVAAVTGTGGTNYADSVKGRFSISRDNAKNTVYLQMNSLKPEDMGVYYCYMRILGGGRYWGQGTQVTVSS
seq14986,EVKLQESGGGLVQSGGSLRLSCIASGSTVSGNTMGWYRQAPGKQRELVAVISSVGVSNVAQSVKGRFAISRDNAKNTVYLQMSSLKPEDTAVYYCNALGTGRANWGQGTQVTVSS
seq14987,EVQLVESGGGLVQPGGSLRLSCAASGFTFRGYWMSWVRQAPGKGLEWVSAINNVGDEVYYADSVKGRFTISRDNAKNTLYLQMNSLKSEDTAVYYCTRDWFDDPNKNEYKGQGTQVTVSS
seq14988,EVQLVESGGGLVQPGGSLRLSCAASGTLFKINAMGWYRQAPGKRRELVALITSSDTTDYAESVEGRFTISRDNTWNAVYLQMNSLKPEDTAVYYCHSDHYSGGVPEKRVIMYGQGTLVTVSS
seq14989,EVQLVESGGGLVQAGGSLRLSCTAAGRTHSIYPIGWFRQAPGKEREFVAAIDWSGSRSYYLDSMKGRFTISGDNAKNTVYLQMNSLKPEDTGVYYCAARPVGDFADPRYRFWGQGTQVTVSS
seq14990,QVQLQESGGGLVQAGGSLRLSCAASGSIFRIDAMGWARAAPGKQREFVVRVDSGGVAKYADSVKDRFTASGDIAKNTVYLEISSLKPEDTGVYYCNRKSYANSWGQGTQVTVSS
seq14991,QVKLQQSGGGLVQAGGPLRLSCAASGRTFSNYAVGWFRQAPGKEREFVAAISRDGGRTYYADSVKGRFAVSRDYAENTVYLQMNSLKPEDTAVYYCNTRAYWGQGTQVTVSS
seq14992,EVQLVESGGGLVQAGGSLRLSCAASGRTNSTTLMGWSRRAPGKEREFVAAISGSGTLTSYADSVKGRFAISRDNAKNTVYLQMNSLKPEDTAIYYCAAGLTSWALIPSRTLTTWGQGTQVTVSS
seq14993,VKLEESGGGLVQAGGSLRLSCGASGIIFSATTMAWYRQAPGKQRELVALITSDWHTKYADSVKDRFSISRDNAKSTVHLQMNSLRSEDTAVYFCYARQAFSEPRWGQGTQVTVSS
seq14994,QVQLVESGGGSVQASGSLRLSCDASEYTFSSNIMAWFRQAPGKECELVARMTSDGDTFYGNSVKGRAAISRDDADNTVHLQMNSLKPEDTAVYYCVARVFVPPINCPADFGYWGQGTQVTVSS
seq14995,VQLVESGGGLVQAGDSLRLSCAASGRTFGIGTMGWFRQPPGKEREFVAAIRWSTGGTRYADSVKGRFTISRDNAKLTVDLQMDSLKPEDTAVYYCAADRLSLDLSGRYHYNPAVYDYWGQGTQVTVSS
seq14996,EVQLVESGGGLVQPGGSLTLSCAASGSSVSFLSMAWYRQAPGKKRELVAGISADGSADYIDSVKGRFTISRDNAKNSVYLQMNSLRAEDTAVYYCYAYRWVTRYTYWGQGTLVTVSS
seq14997,QVQLQESGGGLVQPGGSLRLSCATSGRTFSLNSMGWYRKDPGKQRQLVAAISTGGSTYYTDSVKGRFTISRDYAKNTVYLQMDSLKPEDTAVYYCNLVWEYRGNYYPQNDYDYWGQGTQVTVSS
seq14998,MAESGGGSVQTGGSLRLSCAYTASSLCMAWFRQAPGKEREGVAVTREGLTKTGYADSVKGRFAISQDYAKKTLYLQMSSLKPEDTARYYCAARPTSPCTVDGELLASTYDYWGQGTQVTV
seq14999,EVQLVESGGGLVQPGGSLTLSCAASGRTSMFNSMGWHRQAPGKQRELVAIIRSGGSSNYADTVKGRFTISRDNAKNSVYLQMNSLRAEDTAVYYCFYYFQSSYWGQGTLVTVSS
seq15000,DVQLVESGGGLVQPGGSLRLSCAASRSIGRLDRMGWYRHATGKPRELVATITGGSSINYGDFVKGRFTISRDNSKNTVYLQMNSLRPEDTAVYYCNFNKYVTSRDTWGQGTLVTVSS
seq15001,EVQLVESGGGEVQPGGSLRLSCAASGRTVSNYPMAWFRQAPGKEREFVAHISWSGITSILNSVNDRFTISRDNAKNTIYLQMSSLRAEDTAVYYCAAAQRPTAGPKGPFGYWGQGTLVTVKP
seq15002,QVQLVESGGGLVQPGGSLRLSCAASGFTFSSYAMTWVRQAPGKGLEWVSTITSNGDSTSYADSVKGRFTISRDNAKNTLYLQMDSLKPEDTAVYYCAKLGDGSYWFYYYGMDYWGQGTQVTVTS
seq15003,DVQLQASGGGSVQAGGSLRLSCAASGYTIGPYCMGWFRQAPGKEREGVAAINMGGGITYYADSVKGRFTISQDNAKNTVYLLMNSLEPEDTAIYYCAADSAYLAGVEVWRRRVGLCGPWGQGTQVTVSS
seq15004,QVQLQESGGGLVQPGDSLRLSCVVSGRTLSYSSLAWFRQAPGKERDFVAALSLTTYYADSVKGRFTISRDNAKNTVYLQMNSLKPDDTADYFCATARTRTDYAPLLSAASTYDAWGQGTQVTVSL
seq15005,EVQLQESGGGLVQAGGSLRLSCVTSGSAFSSDTMGWFRQAPGKQRELVASISSRGVREYADSVKGRFTISRDNAKNTVYLQMNSLQPEDTAVYYCNRGALGLPGYRPYNNWGQGTQVTVSS
seq15006,LQQSGGGSVQAGGSLRLSCAASGRTASNWPIHWFRQAPGKEREFVAAISWSGGYTYYADSVKGRFTISRDNTKSTVYLQMNSLKPEDTAVYYCAADSVNRAILLGTSLDYWGQGTQVT
seq15007,HVQLVESGGGLVQAGGSLRLSCAASGLDFSSYAMGWFRQAPGEEREYVAGISRFGGRLYYADSVKGRFTISRDNAKNTVYLQMNSLKPEDTAIYHCAADRRSGLGTSKEYDYWGQGTQVTVSS
seq15008,QVQLQESGGGLVQAGGSLRLSCAASGRTFSSYAMGWFRQAPGKEREFVATIRWNGDYADSVRDRFTISRDDAKNTVFLQMNSLKPEDTAIYYCAARLGPRTSQAALYRYWGQGTQVTVSS
seq15009,QVQLVESGGGLVQAGGSLRLSCVASGRFPSIYRMAWFRQAPGKERDFVAAINWGGTATYYEDSVKGRFTISRDNTKNTVWLQMNSLKPEDTAVYYCAAGTGTTYTPQRGDAYGYWGQGTQVTVSS
seq15010,QVQLVESGGGLVQPGGSLRLSCAASGFTFSDYVMTWVRQAPGKGPEWIATINTDGSTMRDDSTKGRFTISRDNAKNTLYLQMTSLKPEDTALYYCARGRVISASAIRGAVRGPGTQVTVSS
seq15011,QVQLQESGGGLVQAGGSLRISCAASGRTFSNYAMGWFRQAPGKEREFVAGITWTTGSTTYADSVKGRFTVSRDNAENTAYLQMNSLKPEDTAVYYCAASRGTNSVNWYQYHDYNSWGQGTQVTVSS
seq15012,QVQLQQSGGGLVQAGGSLRLSCAASGRATSGYGMGWFRQVPGKEREFVAAIRWSGVTTYYVDSVKGRFTISRDNAKTTVYLQMNSLKPEDTAVYYCAVRPVRVDDISLPVGFDYWGQGTQVTVSS
seq15013,DVQLVESGGGSVQAGGSLKLSCAASGYFYSSNYCLGWFRQAPGKEREGVAQINIAPGRIYYADSVKGRFTISRDNAKNTVYLQMDSLKPEDTAIYYCASTAGNMYYGLRGPADFDYWGQGTQVTVSS
seq15014,EVQLVQSGGGLVQPGGSLRLSCAASGFNFDDYPMTWIRQAPGKGLEWVASIYSGISTTYYPDSVKGRFTISTNDAKNTVYLQMNDLKSDDTAVYYCANPRRNYWGQGTHVTVSS
seq15015,VQLQESGGGLVQPGGSLRLSCATSGRDFATYSMAWFRQAPGKERESVATISWSGQRTRYADSVKGRFTISRDNAKNTVYLQMNSLKPEDTAVYYCAAPRTWGEFPPTQYDSWGQGTQVTVSS
seq15016,EVQLVESGGGSALPGGSLRLSCAASGITFSSRYMRWYRQAPGRQRELVAAISSGGRTDYVDSVRGRFTLSINNAKNTVYLQMNDLKPEDTAVYYCYRPRMYVDGTYEKELWGQGTLVTVSS
seq15017,LQQSGGGLVQAGGSLSLSCATSGRASSSYAMGWFRQAPGEEREFVAAISWSGGYTYYADSVKGRFTISRDNAKNTVYLQMNSLKPEDTAVYYCVARDYRLWSPYQYDYDYWGQGTQVT
seq15018,DVHLQDSGGGWVHPGGSLTLSCLMSGSEYYGSPVGWFPQPPGKGREEIAEIVPIGGSVIYIGGVEGRFTISRDNSKNTIALIMNDLLPEDTATYYCAADSGGLCSHRERDYDIWGQGTQVTVCN
seq15019,QVQLVESGGGLVQAGGSLRLSCLASDRTVNNYIVGYFRQAPGKEREFVAAIRGSGAIRGREGSTYYADSVKGRFSISKDNAKNTIYLQMNSLKPEDSAVYYCALDRFPTPEFTTQVGHYDVWGRGTQVTVSS
seq15020,QVQLVESGGGLVQPGGSLRLSCAASGFPFDNYVMSWVRQAPGKGLEWISAISWNGGSTYYAESMKGRFTISRDNAKSTLYLQMNSLKSEDTAVYYCAKEPRVYYSGSPDYWGQGTQVTVSG
seq15021,EVQLVESGGGLVQPGGSLRLSCAASGRTFGNYAMGWFRQAPGKEREFVASISSSGVSKHYADSVKGRFTISADNSKNTAYLQMNSLKPEDTAVYYCVRFGSSWARDLDQWGQGTLVTVSS
seq15022,EVQLVESGGGSVRPGGSLTLSCATSGPTTSTFAMGWFRQSPGNEREIVAAISWTGWATYYPDSVKGRFTISRNAAKNAVDLHMTNLKSEDTAVYYCAFHPDSDPIGLSGYDYWGQGTLVTVSS
seq15023,EVQLVESGGGLVQPGGSLRLSCTASGGIFSLNAMGWYRQAPGKQRELVALITSGGGTNYADSVKGRFTISRDNAKNMVYLQMNGLKPEDTAVYFCNVDVRRAYRGGYFPFGSWGQGTQVTVSS
seq15024,EVQLVESGGGSVQAGESLRLSCAASGSIFSSNAMAWYRQAPGKRRDLVAAINSVGVTKYADSVKGRFTISRDNAKNTVYLQMNSLKPEDTAVYYCTSDPRRGWDTRYWGQGTLVTVSS
seq15025,EVQLVESGGGLVQPGGSLRLSCAASGRTFSDDTMGWFRQAPGKEREFVAGMTWSGSSTFYADSVKGRFTISADNSKNTAYLQMNSLKPEDTAVYYCATDPPLFWGQGTLVTVSS
seq15026,QVQLQDSGGGLVQPGGSLRLSCAASGFTFSTHWMYWVRQAPGKGLEWVSTINTNGLITDYIHSVKGRFTISRDNAKNTLYLQMNSLKSEDTAVYYCALNQAGLSRGQGTQVTVSS
seq15027,EVQLVESGGGLVQPGGSLRLSCAASGFTFDDYDIGWFRQAPGKGREGVSGISSSDGNTYYADSVKGRFTISRDNAKNTVYLQMNSLRPEDTAVYYCAAEPPDSSWYLDGSPEFFKYWGQGTLVTVSS
seq15028,QVQLQESGGGLVQPGGSLRLSCAVSGSRIFIHDMGWHRQAPGEPRELVATITPFGRRNYSEYVKGRFTVSRDIARNTMSLQMSNLKAEDTGMYYCNVRVNGVDYWGQGTQVTVSS
seq15029,QVQLQQSGGRLVQAGGSLRLSCAVSGRTWSRYAMGWFRQAPGKEREFVGAITWSGDLTYYADSVKGRFTISRDKVRNLVYLQMNSLKAEDTAVYYCAARPRGSLYSSEDSYEYWGQGTQVTVSS
seq15030,VQLVESGGGLVQPGGSLRLSCAASGTIFNIPVMGWYRQAPGKQRELVAGISTGGTTNYGDSVKGRFTISRDNAKNTVYLQMNSLKPEDTAVYYCNVLVISGIGSHLEVWGQGTLVTVS
seq15031,EVHLVESGGGVVQAGGSLRLSCVASGLPFSEYALVWFRQAPGKEKEREFVAGFAANGINTDYTDSVKGRFTISRDNAKNTVYLQMNSLKPEDTAVYYCAASWTPAYNDIPRHMSSMDQWGKGTLVTVSS
seq15032,QVQLQESGGGLVQAGGSLRLSCAASGRTWRAYYMGWFRQAPGKEREFVAVMSRSGGTTSYADSVKGRFTISRDNAKNTVYLQMNNLAPEDTATYYCKAGGGMYGPDLYGMTYWGKGTQVTVSS
seq15033,EVQLVESGGGLVQAGGSLRLSCAASGGTFSFYGMGWFRQAPGKEQEFVADIRTSAGRTYYADSVKGRFTISRDNAKNTVYLQMNSLKPEDTALYYCAAEMSGISGWDYWGQGTQVKVSS
seq15034,EVQLVKSGGGLVQTGGSLRLSCAASGGTFSTYAMGWFRQAPGKEREFVAGITRSGVSTSYADSVKGRFTISRDNAKDMVYLQMNSLKPEDTALYYCAATRRLHFGNGADYWGKGTPVTVSS
seq15035,VQLVESGGGFVQAGGSLRLSCAASGSIFSINYGNWYRQAPGKQRELVAGISRGGRTKYADSVKGRFTISRDSAKTLTLQMTSLKPEDTAVYYCNVRSFVRTYWGQGTQVTVSS
seq15036,QVQLQQSGGGLVQPGGFLRLSCAASRKIFRVYSMAWYRQGPTEQRELVASINNEGNLDYADSVKGRFTISGDAAKNTVYLLMNNLKPEDTAVYFCNAKVRPPWGQESYWGQGTQVTVSS
seq15037,AVQLVDSGGGLVQPGGSLRLSCEASGNVLSITTMGWYRQAPGQEREFVADITSGGTTDYANSVKGRFTISRDNAKNTVSLQMNNLKPQDTAVYFCTAETGWGPSYGDESFWGQGTQVTVSS
seq15038,SGGGLVQPGGSLRLSCAASGFTFSDYVMTWVRQAPGKGPEWIATINTDGSTMRDDSTKGRFTISRDNAKNTLYLQMTSLKPEDTALYYCARGRVISASAIRGAVRGPGTQVTVSS
seq15039,EVQLQESGGGLVQSGGSLRLSCIASGSTVSGNTMGWYRQAPGKQRELVAVISSVGVSNVAQSVKGRFAISRDNAKNTVYLQMSSLKPEDTAVYYCNALGTGRANWGQGTQVTVSS
seq15040,EVQLVESGGGLVQAGGSLRLSCAASERTFIPYPMGWFRQAPGKEREFVGAISGGGFPTFYADSVKGRFTISRDNAENTVYLQMNSLKPEDTAVYFCARNRQGEVFRTTRLDYDSWGRGTQVTVSS
seq15041,QLQLVESGGGLVQPGGSLRLSCAASGRAFSVYAVGWYRQPPGKQRELVASITDGGSTNYADSVKGRFTVSRDNARNTAYLDMNSLKVEDTAVYYCNANYGGSVLYNYWGPGTQVTVST
seq15042,QVQLQESGGGLVQAGGSLRLSCAVSGNTLSRYAMGWFRQTPGKEREFVAAIRWNNGATYYADAVEGRFTISRDTGKNTVYLQMNNLQPEDTAVYYCAGRFLGYASSNAYHEALYNYDYWGQGTQVTVSS
seq15043,EVQLVESGGGLLQAGGSLRLSCAASERAFIIYGKAWFRQAPGKEREFVAGINWNGGDLHYADSVKGRFTISRDNTNNVVYLQMNSLKSEDTAVYYCAVRRGTAYETDVSSYEWGTQVTVSS
seq15044,GSLRLSCAASGRTFTTYIMAWFRQAPGKEREFLAAMDQGRIQYYGDSVRGRFTISRDYAKNSVDLQLDGLRPEDTAVYYCAAGAGFWGLRTASSYHYWGQGTQVTVSS
seq15045,EVQLVESGGGLVQPGGSLRLSCAVSGGTFSSVGMGWFRQAPGKEREFVGAISRSGDSTYYAGSVKGRFTISRDGAKNTVYLQMNSLKDEDTAVYYCAARPAGTPINIRRAYNYWGQGTQVTVSS
seq15046,EVQLVESGGGLVQAGDSLKLSCAASGRTSSSYAMGWFRQAPGKEREFVAAIIWSRGNTYYADSVKGRFTISRDNAKNTMYLQMNNLKPEDTAVYYCAAHRGDSIYYYTVWGKYDAWGQGTQVTVSS
seq15047,QVQIVESGGGLVQAGGSLRLSCVASGLTYSIVAVGWYRQAPGKEREMVADISPVGNTNYADSVKGRFTISKENAKNTVYLQMNSLKPEDTAVYYCHIVRGWLDERPGPGPIVYWGQGTQVTVSS
seq15048,QVKLEESGGGLVQPGGSLRLSCAASGNVFTIDAMGWYRQAPGKEREVVVGMTNGGKTNYADSVKGRFTISRDNAKNTVSLQMNSLKPEDTAVYYCYARSKLIATINNPYDYWGQGTQVTVSS
seq15049,EVQLVESGGGLVQAGGSLRLSCAASERTVSTYTSGWFRQAPGKERDLVAAIRWSDDFTYYADSVKGRFTISRDNAKNTVYLQMNSLKVEDTAVYYCAGHSFSALIPPVSFWPSWGQGTQVTVSS
seq15050,EVQLVESGGGLVQAGGSLRLSCEASGNIFKINVMGWYRQAPGKQREWVAAIISGGSTNYADSVKGRFTISRDNAKNTVYLQMNSLKPEDTAVYYCNAILTYNDYDLGSDYWGQGTQVTVSS
seq15051,EVQLVESGGGSVQAGGSLRLSCAAPRYAANRYTVGWFRQAPGKAHEGVASINPAGTVTEYADSVKGRFTISQDDAKNTVYLQMNNLKPEDTGIYYCVAGRALVGPGFKGFTIWGQGTQVTVSS
seq15052,VQLVESGGGLVQAGDSLRLSCAASGRTFSGYAMGWFRQAPGKEREFVARINWSGTLTYYADSVKGRFTGSRDNAKNTVYLQMNSLKPEDTAVYYCAQRGDSGSNYDPSGYSYWGQGTQVTVSS
seq15053,QVQLVESGGGLVQAGDSLRLSCAASGRTFSRGVMGWFRRAPGKEREFVAIFSGSSWSGRSTYYSDSVKGRFTISRDNAKNTVYLQMNGLKPEDTAVYYCAAGYPEAYSAYGRESTYDYWGQGTQVTVSS
seq15054,EVQLVESGGGLVQAGGSLRLSCTGSRSIFSTYAMAWHRQAPGKQRELVGFIYWGGTTTYSDSVKGRFTISRDNAKSTMYLQMNSLKPEDAGVYYCNIYGSYALPWGQGTLVTVSS
seq15055,QVQLQESGGGLVQAGGSLRLSCAASGFSSDDYTIAWFRRAPGKEREGISCISSSDGSTGYADSVKGRFTISSDNAKNTVYLQMTSLKPEDTAVYYCAADSNVWSPPICGKTWYGPPPGGMDYWGKGTQVTVSS
seq15056,QVQLQESGGGLVQAGGSLRLSCAASGRTVGSYSMGWFRQAPGKEREFVAAVIWSGASPYYADSVKGRFTISRDNAKNTVYLQMNSLKPEDTAVYYCAANPTYSGGWHAEYWGQGTQVTVSS
seq15057,QVQLVESGGGSVQAGGSLRLSCVASGCTYCRCMGWFRQAPGKEREIVARINRESGTTYSADSVKGRFTISQDNGKNTVYLHMNTLKPEDTAIYYCAAVPTSQWAACPPEYRYWGQGTQVTVSS
seq15058,QVQLQESGGGLVQPGGSLRLSCAASGFTFSDAFMYWVRQAPGKELEWVSSISNRGLKTAYAESVKGRFTISRDNTKNTLYLEMNSLKPEDTGMYYCSRDVGGDLRGQGTQVTVKP
seq15059,VQLQESGGGLVQAGGSLRLSCVASGRTFNTYSMGWFRQAPGKEREFVASISWSGQRSRYADSVKGRFTISRDNAKNTVYLQMNSLKPEDTAVYYCASPRTWGEFPPTQYDSWGQGTQVTVSS
seq15060,QVQLQESGGGLVQPGGFLRFSCAASGFTLAYYAIGWFRQAPGKEREGVSCISPVDGNTYYADSVKGRFTMSRDNAKNTVYLQMNNLKPEDTAVYYCATDPLYGSGCSMGLTSFGSWGQGTQVTVSS
seq15061,QVQLQESGGGLVQAGGSLRLSCAASGGTFSRLTMGWFRQAPGEEREFVAAVSWVAETTDYADSVKGRFSISRDNSKNTVYLQMNSLKPVDTAVYYCAAGPRDMIRSRNIRSYDSWGQGTQVTVSS
seq15062,QVHLMESGGGSVQAGGSLRLSCAASGYTYSRYCLGWFRQTPGKEREAVATIDIDGSTSYADSVKGRFTISNDNAKNTLYLQMNILKPEDTAMYYCAAGPNPRYCSGAVYTRGAEHYFGYWGQGTQVTVSS
seq15063,QVKLEESGGGLVQAGGSLRLSCAASGRTYSTYAMGWFRQTPGKERELVAAINWSGGNTHYADSVKGRFTISRDNAKSTVYLQMNSLKPEDTAVYYCAAPKGHTGDHYWGPGTQVTVSS
seq15064,EVQLVESGGGLVQPGGSLRLSCAASGLTAGTYAMCWFRQAPGKEREGVACASSTDGSTAYADSVKGRFTISADNSKNTAYLQMNSLKPEDTAVYYCAAVRTYGSATYDWGQGTLVTVSS
seq15065,QVQVVESGGGLRQTGGSLRLSCTASGRIFEVNMMAWYRQAPGKQRELVAEISRVGTTVYADSVKGRFTISRDSAKNTVTLQMNSLKSEDTAVYYCNALQYDRYGGAEYWGQGTQVTVSS
seq15066,QVKLEESGGGLVQAGGSLRLSCSPSDRTFSAYAMGWFRQVPGREREFVATIRDSDASIYYTDSVKGRFTISRDNAKNTVYLQMNSLIPDDTAVYYCAARQYYSGRVYSTFREEYDYWGQGTQVTVSS
seq15067,QVQLQESGGGLVQPGGSLRLSCAASGKMSSRRCMAWFRQAPGKERERVADVNPNSGGSIYNQRFKGRFTISQNNAKSTVYLQMNSLKPEDTAMYYCAADSFEDPTCTLVTSSGAFQYWGQGTQVTVSS
seq15068,QVQLQESGGGLVQAGGSLRLSCAASGITFRFNAMGWYRQAPGKERELVARVSSGGSTTYADSVKARFTTFRDNVKNIGYLQMTSLKPEDTAVYYCNVGNFWGQGTQVTVSS
seq15069,QVQLVESGGGLVQPGGSLRLSCAASTSIFSIGTMRWYRQAPGKQREYIAGMTSDGTTYYADSVKGRFTISRDNSKNTLYLQMNSLRAEDTAVYYCNTVAHFQNYWGQGTQVTVSS
seq15070,EVQLVESGGGLVQPGGSLRLSCAASGFTFDDYAIGWFRQAPGKEPEGISCISSSGGITYYADSVKGRFTTSRDNAKNTVYLQMNSLKPEDTAVYYCATPGIAACRGIHYTGQGTQVTVSS
seq15071,EVQLVESGGGLVQPGGSLRLSCAASGFTWDYYVIGWFRQAPGKEREGVSCISSSDGSTTYADFVKGRFTISRDNARNTVYLQMNNLTPEDTAVYYCATDPALGCYSGNYYPRYDYWGQGTQVTVSS
seq15072,QVQLVESGGGLVQAGGSLRLSCAASGFTFSSAWMTWVRQAPGKGLEWVTSIATDGSTDYADSVKGRFTISRDNAKNTLYLQLNSLNTEDTAVYYCAKDRWGYVVRGQGTQVTVSS
seq15073,QVQLQESGGGLVQPGGSLRLSCAASGFTFSDAFMYWVRQAPGKELEWVSSISNRGLKTAYAESVKGRFTISRDNTKNTLYLQMSSLKPEDTAVYYCATESIGGNGSPYFDLWGQGTQVTVKP
seq15074,QVQLVESGGGSVQAGGSLRLSCKHIGYLFSRHAMGWFRHRPGKECELVSMVLSDGTTDYADSVKGRFTISRDNAKNTVDLQMDSLKPEDTAVYYCAADNPGPPVCRGGNCRVCDTQAGYFGQGTQVTVSS
seq15075,DVQLQESGGGLVQAGGSLRLSCAASRSLRSIAVMGWFRQAPGKQREYVARITSGGYTDYADSVKGRFTIFDDSANNTVYLQMTSLKPEDTAVYHCAAGGFTEAYSGTYYPDSWGQGTQVTVSS
seq15076,EVQLVESGGGLVQPGGSLRLSCAASGFTFDDYGMSWVRQCPGKALEWVSAISWNGNNTYYTESMKGRFTISRDNAKNTLYLQMNSLRPEDTAVYYCVKGSTAIVGVPPTYPDEYDYWGQGTLVTVSS
seq15077,EVQLVESGGGLVQAGGSLRLSCAASGRTFSNYAMGWFRQAPGKEREFVGAINWSGGSTIYADSVKGRFTISRDNAENTVYLQMNSLKPEDTAVYYCAAGNGGRNYGHSRARYEYWGQGIQVTVSS
seq15078,QVKLEESGGGLVQPGGSLRLSCAASGSISRFNIMGWYRQAPGKQRELVADITNGGTTMYADSVKGRFTISRDNTKNTVYLQMNSLKPEDTAVYYCHTYYPTTGFDDWGQGAQVTVSS
seq15079,LQQSGGGLVQTGGSLRLSCTTSGRASSNYALGWFRQAPGKEREFVAAISWSGGYTYYADSVKGRFTISRDNAKNTVYLQMSSLKPEETAIYYCVARDYRLWSPYQYEYDYWGQGTQVT
seq15080,EVQLVESGGGVVQPGGSLRLSCAASGRTYYLNAMGWFRQAPGKEREFVAAIDWSEGNKDYADSVKGRFTISRDNSKNTVYLQMNSLRPEDTAVYYCAADTPPWGPLIYIESYDSWGQGTLVQVSS
seq15081,EVQLVESGGGLVQPGGSLRVSCAASGFTFNSYIMGWFRQAPGKERMFIAAISGTGTIKYYGDLVGGRFTISRDNAKNTVYLRIDSLNPEDTAVYYCAARQDYGLGYRESHEYDYWGQGTQVTVSS
seq15082,EVQLVESGGGLVQAGGSLRLSCAASGRTLSVDRMGWFRQVPGKEREFIAARTWSGSSTYIYYADSVKGRFAISRDRAKNTIDLQMNSLKLEDTGAYYCAADVRGGSYDVRRDEGYAYWGQGTLVTVSS
seq15083,QVQLQDSGGGLVQPGGSLRLSCVASGNIFRGNTMAWYRQAPGKQREVVATITSGGSTNYADSVKGRFTISRDNAKNTVYLQMDSLKPEDTAVYYCNLLYSYYRSSDYWGQGTQVTVSS
seq15084,EVQLQASGGGLVQAGGSLRLSCAASGRATGNYPMGWFRQAPGKEREFVAAISRDGDSTYYRDSVKGRFTISRDNTKNTAYLQMNSLKPEDTAVYYCAADRLTAYRYNPGQIDYWGQGTQVTVSS
seq15085,QVQLQESGGGLVQPGGSLRLSCAASGRTFSSYAWGWFRQAPGKEREFVARISFSGGHTYYSDSVKGRFTISRDNAKNTVYLQMNSLKPEDTAVYYCAADPTPYGLRNERNYPYWGQGTQVTVSS
seq15086,QVKLEESGGGSVQTGGSLRLTCAASGRTSRSYGMGWFRQAPGKEREFVSGISWRGDSTGYADSVKGRFTISRDNAKNTVDLQMNSLKPEDTAAYYCAAAAGSAWYGTLYEYDYWGQGTQVTVSS
seq15087,QVQLQESGGGLVQAGGSLRLSCAASGRTFSNADMAWFRQSPGKERESVAAISWSGGRTYYADSVKGRATISRDIAKDTVYLQMNSLKPEDTAVYYCAAGGYSNLPTSYGYWGQGTQVTVSS
seq15088,EVQLVESGGGLVQAGGSLRLSCAASGRSFSDYAMGWFRQTPGKEREFVAAISWSDGSTYYANSVKGRFTTSRDNAKNTVYLQMNNLKPEDTAVYYCAARRLVYYSDPKYDYWGQGTQVTVSS
seq15089,EVQLLESGGGLVLPGGSLRLSCVHSGPTFRTDTMGWFRQAPGKGREFVAAVTWNSGRINYADSVKGRFTVSRDNTRNAAYLQMSGLKDEDTAVYYCTAHRFVVGGNRVEDWRYWGQGTLVTVSS
seq15090,EVQLVESGGGLVQPGGSLRLSCAASGFRFSSYGMGWFRQAPGKEREGVAAIGSDGSTSYADSVKGRFTISADNSKNTAYLQMNSLKPEDTAVYYCASWDGRQVWGQGTLVTVSS
seq15091,QVQLQESGGGLVQPGGSLRLSCAASGRTFSDHSGYTYTIGWFRQAPGKGREFVARIYWSSGNTYYADSVKGRFAISRDIAKNTVDLTMNNLEPEDTAVYYCAARDGIPTSRSVESYNYWGQGTQVTVSS
seq15092,LQESGGGLVQPGGSLRLSCAASGSIFSPNDMGWYRQAPGLLRELVARIDYSGHTTYADSVKGRFTISRDTTKKTMYLEMNSLKPEDSGVYYCGLFSKWSSDYWGQGTQVT
seq15093,DVQLVESGGGSVQTGGSLRLSCKPSFFILDDFDMMWYRQAPGNECELVSSISGDGSTYYTDAVKGRFTISHDNAKNSVDLQMNSLKPDDTAVYYCAATGQMLSVAGCRTQGTQVTVS
seq15094,EVQLVESGGGLVQPGGSLRLSCAASGTTFKVNVMAWYRQAPGKGRELVAGIINGGSTTYADSVKGRFTISRDNAKNTLYLQMNSLRPEDTAVYYCAFVTTNSDYDLGRDYWGQGTLVTVSS
seq15095,EVQLVESGGGLVQAGDSLRLSCAASGRTFSFDARGWFRQAPGKEREFVAAINWSGSDAHYADSVKGRFTISRDNAKNTAYLQMNSLKPEDTAVYFCAAAFDYSGSYNSVGLWDYWGQGTQVTVSS
seq15096,EVQLVESGGGLVQAGGSLRLSCAASGRTFSGVDVAWFRQAPGKEREFVAALAWSGIRTYYAVSVKGRFTISRGDPNDTVYLQMTSLKPEDTAVYYCATGRASSTSDYYTDRIYDSWGQGAQVTVSS
seq15097,QVQLQQSGGGLVQTGGSLRLSCAASGRTASTYSMGWFRQAPGKERQFVARIIWSTGSTYYTNSVEGRFTISRDIAKNTLYLQMNSLEPEDTAVYYCTARDPTGYDYWGQGTQVTVKP
seq15098,EVQLVESGGGVVQPGGSLRLSCAASGGTFSFYGMGWFRQAPGKEREFVADIRTSAGRTYYADSVKGRFTISRDHSKNTVYLQMNSLRPEDTALYYCAAEPSGISGWDYWGQGTLVTVSS
seq15099,EVQLVESGGGLLQAGGSLRLSCAASGRTYAMAWFSQAPGKEREFVAGIRGGGGYTYSADSVKGRFTISRDNAKNTVHLQMNMLKPEDTAVYYCAAGDSSLTLGTRAYTAEAYEHWGQGTLVTVSS
seq15100,EVQLVESGGGLMQTGGSLRLSCAASERTSRNYGMGWFRQAPGKEREFVAAITSAGGTTYYGDFVKGRFTISRDSAKYTVYLQMNSLKPEDTAVYWCAAKLQIGGRWHNLNDYGYRGQGTQVTVSS
seq15101,QVQLQEFGGGLAQPGGSLRLSCVASGFTLDYYAITWFRQVPGKEREGISCISPSNGNTIYADSVKGRFTSSRDNAENTVYLKMDSLKVEDTDMYYCHGIIRNTAGVLYDYWGRGTQVTVSS
seq15102,QVQLVESGGGSVQAGGSLTLSCAVSGNTYSTKYMGYFRQAPGKEREGVAAILAGGRNTNYADSVKGRFTISQDNAKNTVYLQMNSLKPEDTAMYYCAADTRAAFWYIGPLNSDQYNIWGQGTQVTVSS
seq15103,EVQLVESGGGLVQPGGSLRLSCAASGRSRMGWFRQAPGKEREFVATISWSGSAVYADSVKGRFTISADNSKNTAYLQMNSLKPEDTAVYYCAAGGRYSARVWGQGTLVTVSS
seq15104,QVQLQESGGGLVQAGGSLRLSCAVSGNTLSRYAMGWFRQTPGKEREFVAAIRWNNGATYYAESVEGRFTISRDNAKNTVYLQMNNLQPEDTAVYYCAGRFLGYASSNAYHEALYNYDYWGQGTQVTVSS
seq15105,EVQLVESGGGLVQPGRSLTLSCAASTNIRSISPMGWYRQAPGKQRELVAAIHGSSTLYADSVKGRFTISRDNAKNSIYLQMNSLRPEDTALYYCNKVPWGDYHPRNVVWGQGTQVTVSS
seq15106,EVQLVESGGGLVQAGGSLRLSCAASGFTLDDYAIGWFRQAPGKEREGVSCISSSIGSTYYADSVKGRFTISSDNAKNTVYLEMNSLKPEDTAVYYCAYLRWGCSLYLTDYDYWGQGTQVTVSS
seq15107,EVQLVESGGGSVQAGGSLRLSCAASGLTDSFYCMAWFRQAPGKEREGVGIINTSGGTTYYADSVKGRFTISQDNAKKTNVLLMNNLKPEDTAIYYCAAVPRFLRCDYYFSRGTFDYWGQGTQVTVSS
seq15108,EVQLVESGGGLVQAGGSLRLSCAASGRTFSSKAMGWFRQAPGKERDFVAAITWSGGSTYYADHVKGRFTISRDNAKNTVYLQMNSLKPEDTAVYYCATNPYGLGQVGYDYWGQGTQVTVSS
seq15109,EVQLVKSGGGSVQAGGSLRLSCTASGRPFDNYAMAWFRQAPGKEREFVAAISWSLSRTHYADSVKGRFTISRDNAKNTAFMQMSSLKPEDTAVYYCAAAPRPKRISVQYFTTSSNYDYWGQGTQVTVSS
seq15110,QVQLQESGGGLVQAGGSLRLSCAASGRTFSNYAMGWFRQAPGKEREFVAGISRSGTMTYYADFVKGRFSISRENVKNTVYLQMNSLKPEDTAVYFCNADSTKGWDLRDHDFWGRGTQVTVSS
seq15111,VQLVESGGGLVQPGGSLRLSCAVSGIYYSINLMGWYRQAPGKPRELAASITDSGITNYADSVKGRFTISRDNAKNTVHLQMNNLKPEDTAVYYCKPMGVNWGQGIQVTVSS
seq15112,EVQLVESGGGLVQPGGSLRLSCAASGRAFESYAMGWFRQAPGKEREFVAAIRWSGGSTYYADSVKGRFTISADNSKNTAYLQMNSLKPEDTAVYYCATGGWGTGRYNWGQGTLVTVSS
seq15113,QVQLQESGGGLVQPGGSLRLSCEASGIAFQGYAIGWFRQAPGKERECVSYIENGEGNKYYEDSVKGRFTISRDNTKKTVYLEMNSLKPEDTAVYYCAAALSEVWRGSENLREGYDYWGQGTEVTVSS
seq15114,QVQLQESGGGSVQPGGSLRLSCAASGFTFDDYAMSWVRQVPGKGLEWVSTINWNGGSAEYAEPVKGRFTISRDNAKNTVYLQMNSLKLEDTAVYYCAKDADLVWYNLSTGQGTQVTVSS
seq15115,EVQLVESGGGLVQPGGSARLSCVASGDVHKINFLGWYRQAPGKEREKVAHITIGDQTDYADSAKGRFTISRDEAKNMVYLQMNSLKPEDTAVYFCRAGSRIWPYDYWGQGTQVTVSS
seq15116,EVQLVESGGGLVQAGGSLRLSCAASGFTFDDYAIGWFRQAPGKEREGVSCISSSDGSTYYADSVKGRFTISSDNAKNTVYLQMNSLKPEDTAVYYCAADFIISSKRLCLDLFGSRGQGTQVTVSS
seq15117,QVQLQESGGGSVQTGGSLRLSCAASVLQTSRWSIPYWFRQVPRKLREGVAGSIFRVNAMGKYKDSVRFTISQVNAEKSSEKSVYLQMTSLKPEDTGIYYCAATITNSWTTNYADSVKGWGQGTQVTVSS
seq15118,QLQESGGGLVQPGGSLRLSCAASGFTFNNYWMYWVRRAPGKGLEWVSMINPGGIITKYAESVKGRFTISRDNAKNTLYLQMNSLTSEDTAVYYCAKDWATGLAKKGQGTQVTVSS
seq15119,EVQLVESGGGLVQAGGSLRLSCAASGFTLDDYAIGWFRQAPGKEREGVSAIRDSGGSTYYADSVKGRFTISSDNDKNTVYLQMNSLKPEDTAVYYCAAVPAGRLRFGEQWYPLYEYDAWGQGTLVTVSS
seq15120,QVQLQESGPGLVKPSQTLSLTCTVSGGSITTSAYAWSWIRQPPGKGLEWMGVIAYDGSTYYSPSLKSRTSISRDTSKNQFSLQLSSVTPEDTAVYYCAREVAGIGEYDYWGQGTQVTVSS
seq15121,EVQLVESGGGLVQAGESLTLSCAASGRTLSAYIMGWFRQAPGKEREFVAGIWSGGYTHLADSAKGRFSISRDNAKNTVYLQMNGLKPEDTAVYYCAAGLRGRQYSNWGQGTLVKVSS
seq15122,QVQLQESGGGLVQAGGSLRLSCAASGITLRNKSVGWYRQAPGRQRELVGYISGDDITNYVDSVKARFSISRDNAKNTVYLQMNSLKSEDTAVYYCNLRGANYWGQGTQVTVSS
seq15123,VQLQDSGGGLVQVGDRLSLSCAASGRTFSSYDMAWFRQAPGKEREFVAAITTSEGTWYGDAGKGRFTIARVNAKNTVYLHMNRLKPEDTAVYYCAASNQGGSLQISTNYNYWGQGTQVTVS
seq15124,QAQLQESGGGLVQAGGSLRLSCAASGNISDFRFMGWYRQAPGKERELVAAIGRGSNTRYADSVKGRFTISRDNAKNTVYLQMNSLKPEDTAVYYCAARNATYPYYVYWGQGTQVTVSS
seq15125,EVQLVESGGGVVQPGGSLRLSCAASGLTFSSYAMGWFRQAPGKERERVVSISRGGGYTYYADSVKGRFTISRDNSENTVYLQMNSLRPEDTALYYCAAARYWATGSEYEFDYWGQGTLVTVSS
seq15126,VQLQESGGGSVQAGGSLRLSCAASRFTASMGWFRQAPGKEREGIATVSGAASTNYADSVRGRFTISKDNAKNTLYLQINSLKPEDTAVYYCAADDDYYAFLSRGARDFRYWGQGTQVTVSS
seq15127,EVQLVESGGGLVQAGGSLRLSCAASGRTYDAMGWLRQAPGKEREFVAAISGSGDDTYYADSVKGRFTISKDNAGITVYLQMNSLKPEDTAVYYCATRRGLYYVWDSNDYENWGQGTQVTVSS
seq15128,EVQLVESGGGLVQPGGSLTLSCAASGSGVRFLSMAWYRQAPGKKRELVAGISPDGSTDYIDSVKGRFTISRDNAKNSVYLQMNSLRAEDTAVYYCYAYRWTRRYTYWGQGTLVTVSS
seq15129,QLQLVESGGGLVQAGGSLRLSCAASGNIFSINVMGWYRQAAGEQRELVAVITDGGYSEYSDSVKGRFTISRDIAKNTVYLQMNSLKPEDTAAYYCYARAVSTRSQWYSEVWGQGTLVTVSS
seq15130,EVQLVESGGGLVQPGGSLRLSCAASGTTFKINVMAWYRQAPGKGRKLVAAIINNGNTTYADSVKGRFTISRDNAKNTLYLQMNSLRPEDTAVYYCAFVTTNSDYDLGRDYWGQGTLVTVSS
seq15131,QVQLVESGGGLVQAGGSLRLSCAASGDTSGINIMAWYRQAPGKQRELVANKARGGLPKYADSAKGRFTISRDNAKNTIYLQMNNLKPDDTAVYYCNAVWDWALAEYWGQGTQVTVSS
seq15132,QVQLQESGGGLVQPGGSLRLSCAASGFTLDDYAIGWFRQAPGKEREGFSCISSSAGNTYYEDSVKGRFTISRDKAKNTAYLQMNSLKPEDTAVYYCATRLFGICTVDAGYFGSWGQGTQVTVSS
seq15133,QVQLVESGGGLVQPGGSLRLSCAASGSTFSSSSVGWYRQAPGQQRELVAAITSGGSTNTADSVKGRFTISRDNSKNTLYLQMNSLRAEDTAVYYCNVAGRNWVPISRYSPGPYWGQGTLVTVSS
seq15134,VDQLQESGGGLVQPGGSLRLSCAASGRTFSSYAMGWFRQAPGKQREFVAAIRWSGGYSYYTDSVKGRFTISRDNAKTTVYLQMNSLKPEDTAVYYCAATYLSSDYSRYALPQRPLDYDYWGQGTQVTVSS
seq15135,EVQLVESGGGLVQPGGSLTLSCVASGRTFSTDVMGWFRQAPGKEREFVAAHRTSGISTVYAASVKGRFTISRDNAKNTVYLGMKSLKPEDTAVYVCAAGSDASGGYDYWGQGTQVTVSS
seq15136,EVQLVESGGGLVQPGGSLTLSCAASGSSVSFLSMAWYRQAPGKKRELVAGISADGRTDYIDSVKGRFTISRDNAKNSVYLQMNSLRAEDTAVYYCYAYRWRTRYTYWGQGTLVTVSS
seq15137,QVQLQESGGGLVQAGGFLRFSCAASGSAFSDNAMAWYRQAPGKQRELVATISVGGLANYADSVKGRFTISRDNAKNTMYLQMNSLKPEDTAVYYCNAVLGRISGDYVPIGSWGQGTQVTVSS
seq15138,QVQLNESGGGMVQAGGSLRLSCAASGRTVSNYAAGWFRQAPGKEREFVAAINWNKTTTYADSVKGRFIISREYAKNTVALQMNSLKPEDTAVYYCAAVFRIVAPKTQYEYDYWGQGTQVTVSS
seq15139,EVQLVESGGGLVQPGGSLTLSCAASGSRVSFLSMAWYRQAPGKKRELVAGISADGSTDYIESVKGRFTISRDNAKNSVYLQMNSLRAEDTAVYYCYAYRWTTRYTYWGQGTLVTVSS
seq15140,DVQLQASGGGSVQDGGSLRLSCAASGFTLDEHAIGWFRQAPGKGFESVSTIDIGGGRTYYADSVKGRFTISGDNAKNTLYLQMNSLKPEDTAFYYPARAHGGYGAFGSWGQGTQVTVSS
seq15141,EVQLVESGGQLVQAGGSLRLSCAATGRTYNSYSLGWSRQAPGKEREFVAAISASGTLRAYADSVKGRFTISRDNAKNTVYLQMNNLKPEDTAVYYCGRHRSVGWRASHHLSDYDNWGQGTQVTVSS
seq15142,QVQLVESGGGLVQAGDSLRLSCAASGSIASALNAMGWGRQAPGKQRELVASITSGGTTTYAKSVKGRFTISRDNAKNMVYLEMNNLKPEDTAVYHCAASHFDYRDYAFTSEYDYWGQGTLVTVSS
seq15143,QVQLVESGGGLVQAGGSLRLSCAASGSIFAINGMGWYRQAPGKQRELVAVITRGGSTNYADSVKGRFTISRDNAKNTVSLQMNSLKPEDTAVYYCAATGVLAGWAAGDGMDYWGKGTLVTVSS
seq15144,EVQLVESGGGLVQPGGSLRLSCAASGFTFSVYYMNWVRQAPGKGLEWVSDINNEGGTTYYADSVKGRFTISRDNAKNTLTLQMNSLKPEDTALYYCVRDAGYSNHVPIFDSWGQGTQVIVAS
seq15145,EVQLVESGGGSVQAGESLRLSCAASGSIFSSNAMAWYRQAPGKQRDLVAAINSVGITKYADSVKGRFTISRDNAKNTVYLQMNSLKPEDTAVYYCTSDPRRGWDTRYWGQGTQVTVSS
seq15146,EVQLVESGGGLVQPGGSLRLSCAASGYTFRAYAMGWFRQAPGKEREMVAAMRWSGGITWYADSVKGRFTISADNSKNTAYLQMNSLKPEDTAVYYCAAQGSLYDDYDGLPIKYDWGQGTLVTVSS
seq15147,EVQLVESGGGLVQPGGSLRLSCAASGRSLYDRAYVMGWFRQAPGKEREFVAAINRSGSALYADSVKGRFTISADNSKNTAYLQMNSLKPEDTAVYYCAAKAVTSRDHEWGQGTLVTVSS
seq15148,EVQLVESGGGLVQPGGSLRLSCIASGLPFSTKSMGWFRQAPGKEREFVARISPGGTSRYYGDFVKGRFAISRDNAKNTTWLQMNSLKAEDTAVYYCASGERSTYIGSNYYRTNEYDYWGTGTQVTVSS
seq15149,EVQLLESGGGEVQPGGSLRLSCAASGLTFPNYGMGWFRQAPGKEREFVSAIYWSGGTVFYAESVKGRFTISRDNAKNTVYLQMSSLRAEDTAVYYCAVTIRGAATQTWKYDYWGQGTLVTVKP
seq15150,EMQLVESGGGLVQAGGSLRLSCAASPGTFSSFNMGWFRQTPGKEREFVAATSWSDISTYYADSVKGRFTISRDNAKNTVTLEMNSLKPEDTAVYYCAAGYYRGGYLGYRLTLEGSYDVWGQGTQVTVSS
seq15151,EVQLVESGGGLVQAGGSLRLSCAASGFTFDDYAIGWFRQAPGKEREGVSCISSSDDSTYYADSVKGRFTISSNNAKNTAYLQMNSLKPEDTAVYYCAVRLFSGGCAVVARTSWADFGSSGQGTQVTVSS
seq15152,EVQLVESGGGLVQPGESLRLSCAFSGIVFEFYDMGWYRQAPGMQRELVANIASGGSTNLADAVKGRFTISRDNAQKKIDLQMNSLRREDTAVYYCNARYGSREYWGQGTQVTVSS
seq15153,VQLVESGGGLVQPGGSLRLSCAASGSIFSIPVMTWYRQALGKEREFVAGISKGGTSNYADSVKGRFTVSRDNAKNTVYLQMNSLKSEDTAVYYCNAQASSFGWMPLSDYWGQGTLVTV
seq15154,QVQLQQSGGGLVQPGGSLRLSCEASGFIFSSRAMSWYRQGPGKQREPVAFISTGGDTNYANSVKGRFTISRDNAKNTVDLQMNNLKPEDTAVYYCKTIVEKDYWGQGNQVTVSS
seq15155,QVQLVESGGGLVQTGGSLRLSCAASGRTFSVYRVGWFRQAPGKEREFVAAVIWSGASTYKYAADSVKGRFTISRDNAENTVYLQMNSLKPEDTAVYYCAADPLGLPGPDVRVEGGYRHWGQGTLVTVSS
seq15156,EVQLVESGGDLVQAGGSLRLSCVASGSTYSINAMGWYRQAPGKLRELVAAFRTGGSTDYADSVKGRFTISRDTAKNTVYLQMNSLKPEDTAVYYCNAEVIYYPYDYWGQGTQVTVSS
seq15157,QVQLQQSGGGLVQPGGSLRLSCAASRSDISFNPMGWYRQAPGKQRELVATISNGGTTNYADSVKGRFTISQDNAKTTVYLQMNSLKPEDTAVYYCNGRGPRYATTGWYTDDYWGQGTQVTVSS
seq15158,QVQLQQSGGGLVQAGGSVRLSCTANGLTFGNYAMAWFRRTPGKERAFVGGMSASGAGTYYLDSVKGRFTISRDTAKNTVYLEMNSLKAEDTAVYYCAANSIYPGRRWASYDYWGQGTQVTVSS
seq15159,EVQLVESGGGLVQAGGSLRLSCGSSGRTFSRYAMGWFRQAPGKEREFVAAISWSGGSTYYADSVKGRFTISRDNAKNTVYLQMNSLKPEDTAVYYCAADISSGNSGSYIYTWAYDYWGQGTQVTVSS
seq15160,QVKLEESGGGLVQAGDSLRLSCVASGRTFSRYAVGWFRQAPGKPREFVAAISRSGGSTYHEDSVRGRFTISRDNTGNTVYLQMNSLKPEDTAVYYCNVATYWGLGTQVTVSS
seq15161,EVQLVESGGGSVQAGGSLKLSCSVTGFTFSKWALGWYRLTPENKCEFISTIHSDGNRWSSDSVKARFTMSSDNAKNTVYLEMNSLKPEDSAMYFCAAVLFDVGVVPNAPSPNCTGYFDYWGQGTQVTVSS
seq15162,QVQLQESGGGLVQPGGSLRLSCAASGSTFSINAVAWYRQAPGKRRELVAGISGGGVTNYPDSVKGRFTISRDNAKNTVYLQMSSLIPEDTAVYYCNLWPPRASPGGRVYWGQGTQVTVSS
seq15163,EVQLVESGGGSVQAGGSLRLSCAASGQITFSDDAMGWFRQAPGKEREFVSAINWSGGSTSYTDSVRGRFTISRHNAKNTVYLQMNSLKPEDTAVYYCASRPGGGLWTQTHEYAYWGQGTQVTVSS
seq15164,QVQLQESGGGLVQAGGSLRLSCVASGSIFSVDIMYWYRQAPGKQRERVGSMYSDGTTTYVDSVKGRFTISRGDSTDNAKRITYLQMNNLQPEDTAVYYCAAWAGSFYWGSGTQVTVSS
seq15165,DVQLQASGGGLVQAGGSLNLSCAASGRSFSGYALGWFRQAPGKEREFVGAISWIGGRTYYAVSVKGRFTITRDNAKNTLNLQMNSLKPEDTAVYYCAAKGSDGDYFSIQKYDSWGQGTQVTVSS
seq15166,EVQLVESGGGLVQAGGSLRLSCAASGNIDRLYAMGWFRQAPGKEREGISLITSDDGSTYYADSVKGRFTISADNAKNTVYLQMNSLKPEDTAVYYCASSGPADARNGERWAWGQGTQVTVSS
seq15167,EVQLVESGGDLVQPGGSLRLSCAPSGSIFSINAMRWYRQAPGKQREWVASIATGGNTNYANSVEGRFTVSRDNAKNTVYLQVNSLKPEDTAVYYCNALIKPSSTDRIFEEYWGQGTQVTVSS
seq15168,DVQLVESGGGLVQPGGSLRLSCAASRSIGRLDRMGWYRHAPGKPRELVATITGGSSINYGDFVKGRFTISRDNSKNTVYLQMNSLRPEDTAVYYCNFNKYVTSRDTWGQGTLVTVSS
seq15169,QVQLVETGGGLVQPGGSLRLSCAASGFTFSTYWMYWVRQAPGKGLEWVSAIGTLGNTHYADSVKGRFTISRDNAKNTLYLQMNSLKPEDTALYYCARDLDGSSWYLKPPAVLDSRGQGTQVTVSS
seq15170,LVPLGRRGSKTIVLSGSLRLSCAASGRTFSTAAMGWFRQAPGKERDFVAGIYWTVGSTYYADSAKGRFTISRDNAKNTVYLQMDSLKPEDTAVYYCAARRRGFTLAPTRANEYDYWGQGTQVTVSS
seq15171,EVQLVESEGGLVQAGGSLRLSCAASGSIFRINAMGWYRQAPGKQRELVAAAISGGSTNYADFVKGRFTISRDNAKNTVYLQMNSLKPEDTAVYYCNALVVSHNYSDYVPFPDDYWGQGTQVTVSS
seq15172,VQLQESGGGLVQAGGSLRLSCAASGRTFSNSNMGWFRQAPGKEREFVAVIDWSGGSPYYTDSVRGRFTISRDNAKNTVYLQMNRLKPEDTAVYYCAGGVSFGSRWLSDYWGQGTQVTVSS
seq15173,QVQMVESGGGLVQAGGSLRLSCAASGLTNRIRIMGWYRQAPGKLRELVATITNDGSTHYADSVKGRFTISTDNAKNTVFLQMNSLKPEDTAVYICNVGENWGPAYWGQGTQVTVSG
seq15174,QVQLQESGGGLVQAGGSLRLSCAASGFTFSSSSMGWYRQAPGKQRELVASIMRYGTTTYTDSVKGRFTISRDNGQRTVYLQMNSLKPEDTAVYYCNVRSFVRTYWGQGTLVTVSS
seq15175,QVKLQESGGELVQPGGSLKLSCAASGLTFTNYSMGWFRQAPGVDREAVAAISWSGDNTYYVSSVKGRFTISRDNAKNTVYLQMNSLKPQDTAVYYCAVKPDDGWWDYWGQGTQVTVSS
seq15176,EVQLVESGGGLVQAGGSLRLSCAASGFTFDNYAMGWFRQAPGKEREFVATITWSGTRTNYADSVKGRFTISADNAKNTVYLQMNSLKPEDTAVYYCAAAAWTIYDYDYWGQGTQVTVSS
seq15177,EVQLVESGGGLVQPGGSLRLSCAASGFTFGSYDMSWVRQAPGKGPEWVSAINSRGGSTYYADSVKGRFTISRDNAKNTLYLQMNSLKPEDTAVYYCATDPYSLSYYGYPLYDYWGQGTQVTVSS
seq15178,QVQLQESGGGLVQAGGSLRLSCAASGSIRSINYMAWYRQAPEEQRELVATITSGDSTDYGDSVKGRFTISRDNAKNTVYLQMNSLKPEDTAVYYCRINYRDYNTQYFASWGQGTQVTVSS
seq15179,QVQLVESGGGLVQPGGSLRLSCAASGSISRIVTMGWYRQGPGKERELVAVIGNYGNTNYADSVKGRFTVSRDNAKDTAYLQMNNLNVEDTAMYYCKCSTTTPPHEFWGQGTQVTVSS
seq15180,EVQLVESGGGLVQAGGSLRLSCTASGRTFSSYAMGWFRQAPGKEREFVAAISWSGGTTYYADSVKGRFTISRDNAKNTVSLQMNSLKPEDTAVYFCAASLDCSGPGCHTAEYDYWGQGTQVTVSS
seq15181,QVKLEESGGGLVQAGGSLRLSCAASERTFSRYPVAWFRQAPGAEREFVAVISSTGRSTYYADSVKGRFTISRDNAKVTVYLQMNNLKREDTAVYFCAVNSQRMRLQDPNEYDYWGQGTQVTVSS
seq15182,QVQLQESGGGLVQVGGSLRLSCAASGSTFSINNAMGWYRQAPGKRREWVAGISSGGVTHYPDSVKGRFAISRDNAKNIVYLQMDSLKPEDTAVYYCNLWPPRASPSGSIYWGQGTQVTVSS
seq15183,QVQLQESGGGSVQAGGSLKLTCAASGYIFNSCGMGWYRQSPGRERELVSRISGDGDTWHKESVKGRFTISQDNVKKTLYLQMNSLKPEDTAVYFCAVCYNLETYWGQGTQVTVSS
seq15184,EVQLVESGGGKVQAGMSQRLSCAASGGIGTFSSVAWYRQAPGKQRELVAQITHEGTRNYADSVKGRFTISREFTLSRDGPKEMVHLQMVSLKPEDTAVYYCNAVQFGRNYWGQGTQVTVSS
seq15185,EVQLVESGGGVVQPGGSLRLSCAASRSIGRLDRMGWYRHRPGEPRELVATITGGSSINYGDSVKGRFTISIDNSKNTVYLQMNSLRPEDTALYYCNFNKYVTSRDTWGQGTLVTVSS
seq15186,EVQLVESGGGLVQAGGSLRLSCAVSGSSVSSDAMGWYRQAPGNQRAWVAFISGGGTTTYADSVKGRFTISRDNTKNTVYLHMNSLKPEDTAVYYCNHPLTSRWGQGTQVTV
seq15187,EVQLVESGGGLVQAGGSLRLSCAASGRTTFSSYAMGWFRQAPGKERAFVATIWSGGLTVYADSAKGRFTISRDNAKNTVYLQMNSLRPEDTAVYYCAAEAVGTYYTPDGWTYWGQGTLVTVSS
seq15188,QLQLVESGGGLVQSGGSMSLSCTARSSFSVMGYYRQAPGKERELVALIARNRDTKYAESVKGRFTISRDNTKNTVYLQMNNLGPEDTAVYYCNAGTSRLSISTGTPGTTWGPGTQVTVSS
seq15189,QLQLVESGGGLVQPGGSLRLSCAASGRTFSTHSMHWFRQAPEKERVFVAAINWNGDSTYYADSVKGRFTISRDNSKNTVDLQMNNLKPEDTAVYVCAARPGAPSTIVAMLDYWGQGTQVTVSS
seq15190,EVQLVESAGGLVPAGGSLRLPCSAPGLLFSVDSAGWYRQAPGKQRDFVARIRSGGSTNDADSVKGRFTVSRDNAKNTVYLQMNSLKPEDTAVYYCSSWRTGAYEYWGQGTQVTVSS
seq15191,VQLVESGGGSVQAGGSLRLSCAASGVSNTDMIMIWFRQAPGKEREGVLAAIYKNSTYYADSVKGRFTISQDNAKNTVYLQMNSLKPEDTAVYYCAAISAVIGRHIRPHIYWGQGTQVTV
seq15192,EVQLVESGGGLVQPGGSLRLSCAASGRTFSDLALGWFRRAPGKEREHVAAISSSGVTTIYADSVRGRFTISRDEAKNTVYLEMNSLKTDDTAVYYCAARLTMATPNQSQYYYWGQGTQVTVSS
seq15193,EVQLLESGGGEVQPGGSLRLSCAASGRSISNYAMGWFRQAPGKEREFVSASVWNQGGNYYAESVKGRFTISRDDAKSTLYLQMSSLRAEDTAVYYCVVARTPETPITSARGANYWGQGTLVTVKP
seq15194,QVQLQESGGGLVQAGGSLRLSCAASGNVFRAATMAWYRQVPEKQREMVATIASGGTTNYADFVKGRFTISRDNAKNTVYLQMNTLKPEDTAVYYCNALYLTSLGPKSYWGQGTQVTVSS
seq15195,QVQLQESGGGLVQPGGSLRLSCAASGFAFSSYELRWYRQAPGKQHELVAGITTGGNTYYADSVKGRFTISRDNAKNTVYLQMSNLRPEDTAVYACNANWDLLSDYWGQGTQVTVSS
seq15196,LQQSGGGLVQAGGSLRLSCAASGSSFSIRTMGWFRQAPGKEREFVAAISWSGGNTYYTDFVKGRFTISRDNAKNTVYLQMNSLKPEDTAIYYCAAGFAYRSVTYSSRPSFYEYWGQGTQVT
seq15197,EVQLVESGGGLVQPGGSLTLSCVASGSTSVINAMAWYRRAPGKQRELAAGISSDGSKVYAKSAKGRFTISRDNAKNSVYLQMNSLRAEDTAVYYCYYFNTVSGSSMRYWGQGTLVTVSS
seq15198,EVQLVESGGDLVQPGGSLRLSCAASGTVFSNNDMGWSRQAPGKERELVASFTSGGNTVYADAAKGRFTISRDNSKNTVYLEMNSLKPDDTAVYYCRVVDLLRGKLYWGQGTQVTVSS
seq15199,QVQLQESGGGLVQPGGSLRLSCAASGSIFSGNVMGWYRQVPGKQRDLVATITGGGITRYADSVKGRFTISRDNAKNTVYLQMNSLKPEDTAVYYCHYRRIMQQYWGQGTQVTVSS
seq15200,QVQLQESGPSLVRPSQTLTLTCTLSGGSITDDHYYFTWIRQLPGKELEWLGTIAAAGNIFPSPSFESRTSISRDTSSNQFTLRLNSATPEDTAVYYCARYLKLGLSGMDYWGKGILVTVSS
seq15201,EVQLVESGGGLVQPGGSLRLSCAASRRTFSSYVMAWFRQAPGKEREFVAAISRSGDSTYYYDSLEGRFTISRDNAKNTVHLQMNSLKPEDTAVYICAASRAPSFRTIDAINYYDYWGQGTLVTVSS
seq15202,EVQLVESGGGLVQPGGSLTLSCAASGSHVSFLSMAWYRQAPGKKRELVAGISANGSTDYIDSVKGRFTISRDNAKNSVYLQMNSLRAEDTAVYYCYAYRWTTRYAYWGQGTLVTVSS
seq15203,LQESGGGLVQPGGSLRLSCAASGIIFRFNAMGWYRQEPGKQREFVAGISSGGTTINYADSVKGRFTISRDNTQKTVYLQMNSLKYDDTAVYFCAAYPGFQLTTPKWWGQGTQVT
seq15204,EVQLVESGGGLVQAGDSLRLSCAASGRPFMSYVMGWFRRAPGKEREFVGGINWGSGNTWYTDSVLGRFTISRDNAKNTVYLQMNSLKPEDTAVYYCATAAGVGYYRYERQYDYWGQGTQVTVSS
seq15205,VQLQESGGGLVQAGGYLRLSCAASGFSSDDYTIGWFRQAPGKEREGISCYSSSDGSTGFADSVKGRFTISSDNAKNTVYLQMNNLRPEDTAVYYCAADSNVWSPPICGSRWYGPPPGGMAYWGKGTQVTVSS
seq15206,QSGGALVQPGGSLRLSCEASGFTLDYYAVAWYRQAPGKEREGVACINSSGGKLYYADSVKGRFTISGDNALRTVYLQMNSLKPEDTAVYYCATVSLIAGGYGCYENYDYWGQGTQVT
seq15207,QVQLVESGGGLVQAGGSLRLSCAASGRTLSSNTMAWFRQAPGKEREFVASTTWNGRSTYYADSVKGRFTISRDNAKNTMYLQMNSLKPEDTAVYVCADLGKWPAGPADYWGQGTQVTVSS
seq15208,QVKLEESGGGLVQAGGSLRLSCAASGLTYTVGWFRQAPGKEREFVAAISWSGGSALYADSVKGRFTISRDNAKNTVYLQMGSLEPEDTAYYSCAAPGTRYYGSNQVNYNYWGQGTQVTVSS
seq15209,EVQLQASGGGLVQAGGSLRLSCAASGRATGNYPMGWFRQAPGKEREFVAAISRDGDSTYYADSVKGRFTISRDNAKNTVYLQMNSLKPEDTAVYYCAADRLTAYRYNPGQIDYWGQGTQVTVSS
seq15210,VQLQESGGGSVQAGGSLRLSCTASGFTFDDSVMGWFRKAPGNECELVSTISSDGSTYYADSVKGRFTISQDNAKNTVYLQMNNLKPEDTAVYYCAAINSGYELGTCESLDYWGRGTQVTVSS
seq15211,EVQLVESGGGLVQAGGSLRLSCIASGRAFSSSVVGWFRQAPGKEREFVTGINWSGARTYYADSVKGRFTVSRDNAKLTAYLQMNSLKPEDTAVYYCASGSDSRARELSRYEYVWWGQGTQVTVSS
seq15212,EVQLVESGGGLVQAGGSLRLSCAASGLTFSTTVMGWFRQAPGKEREGDGYISITDGSTYYADSVKGRFTISADNAKNTVYLQMNSLKPEDTAVYYCSAALDGYSGSWGQGTQVTVSS
seq15213,QVQLVESGGGLVQAGGSLRLSCAASGFTFDDYTVGWFRQAPGKEREGVSCINNGDDSTYYADSVKGRFTISSDNAKNTVYLQMNSLRPEDTAVYYCAVYIWCTVAAGIGSLGDLGSWGQGTQVTVSS
seq15214,EVQVVESGGGLVQAGGSLRLSCAVSGRTFSSYVMGWFRQAPGKERDFVAAISRSGGRTWYADSVKGRFTISFDNAKNTVYLQMNSLKPEDTASYYCNTDYTFAKLTAPDRRNDDWGQGTQVTVSS
seq15215,VQLQESGGGLVQPGGSLRLSCTAPRIIFFMYDVGWYRQAPEKQRELVAQINSDVSTKYADSVKGRFTISRDNAKRTVYLQMNDLKPEDAAVYYCNVRRASADYWGQGT
seq15216,EVQLVESGGGLVQPGDSLKLSCAFSGRTFSSYSMGWFRQAQGKEREFVVAISSSGGYIYDSVSLEGRFTISRDNTRNTVYLQTPSLKPEDTADYYCAASRAYGSSRLRLADTYDYWGQGTQVTVSS
seq15217,VQLVDSGGGLVQAGGSLRLSCVASGRTFSNYAMGWYRRRPGLEREFVAAIVGSGDSTRYADSVKGRFTISRDNAKNTVYLQMNTLKPEDTAVYYCASSSDPRVYIASTLDYWGQGTQVTVSS
seq15218,EVQLVESGGGLVQPGGSLRLSCAASGNIFTRNVMGWYRQAPGKQRDLVASITPGGNINYADSVKGRFTISRDGAKNTVYLQMNSLKPEDTAVYYCNAHGSILLDRIEYWGQGTQVTVSS
seq15219,EVQLQASGGGLVQAGGSLRLSCAASGRTSSMYSMVWFRQAPGKEREFVAGIIWTSSLTYYADSLKGRFTISRDNAKNTVYLQMNSLKPEDTAIYYCAADTKTGGGGYEYWGQVTVTVSS
seq15220,EVQLVESGGGLVQAGDSLSLSCTASAGTLRNFGMGWFRQARGEEREFVATISRSARHTYYSDSVKGRFTISRDNAKNMVSLQMNSLKPEDTAVYYCAARFRSGDGTYYYQRAFYDFWGQGTQVTVSS
seq15221,VQLVESGGGLVQAGGSLRLSCAASGRTFTMGWFRQAPGKEREFVAAISLSPTLAYYAESVKGRFTISRDNAKNTVVLQMNSLKPEDTAVYYCAARRIDAADFDSWGQGTQVTVSS
seq15222,EVQLVESGGGLVQAGGSLRLSCEASGRTFSSYAMVGWFRQAPGKEREFVAAVTRWSGARTVYADSVKGRFTISRDNAENTVYLQMNSLKPEDTAVYTCAADSTNRNSGAVYYSWAYDYWGQGTQVTVSS
seq15223,GLVRPGGSLRLSCAASGITLDYYAIAWFRQAPGKEREQISCIRTRGEDTYHLPSGKDRFTISRDNYNNTVYLHMNNLRPEDTAVYSCAAERNWYCLGHGPYSYRSQGTQVTVSS
seq15224,QVQLQESGGGMVQSGRSLRLSCLASVNIVNLNSVGWYRQAPGQQRELVASITSAGSTNYAESVKGRFTISRDNSKNTVYLQMNSLKPSDTAVYYCNLWPPRVSPSGRGYWGQGTQVTVSS
seq15225,EVQLVESGGGLVQAGGSLRLSCAASGRSFSSYVMGWFRQAPGKEREFVAAIIGRDIGTYYADSVKGRFTISRDNAKTTVYLQMNALKPEDTAVYYCAADSRSRLSGIRSAYDYWGQGTVTVSS
seq15226,KVQLVESGGGLVQAGDSLTLSCTASGRTFDNYAMGWFPQAPGKEREFVAAISWSLSRTHYADYVKGRFAISRDNAKNTVLLQMSSLKPEDTAVYYCAAAPRPKRISVSYFSTTSNYDYWGQGTQVTVSS
seq15227,EVQLQASGGGFVQPGGSLRLSCAASGGFFTSSTMGWFRQAPGKEREFVSAISRQHDNAPYYADSVKGRFTISRDNSKNMVYLQMNSLRAEDTATYYCAARNATHKGIYWGQGT
seq15228,QLQLVESGGGLVQPGGSLRLSCAASGFTFSSHAMSWVRQAPGKGLEWVSAINSGGGSTSYADSVKGRFTISRDNAKNTLYLQMNSLKPEDTAVYYCAKELRFDLARYTDYEAWDYWGQGTQVTVSS
seq15229,QVQLQESGGGLVQAGGSLRLSCAASGRDFATYSMAWFRQAPGKERESVATISWSGQRTRYADSVKGRFTISRDNAKNTVYLQMNSLKPEDTAVYYCAAPRTWGEFPPTQYDSWGQGTQVTVSS
seq15230,EVQLVESGGGLVQPGGSLRLSCAASGRTYYLNAMGWFRQAPGKEREFVAAIDWSEGNKDYADSVKGRFTISRDNSKNTVYLQMNSLRPEDTAVYYCAADTPPWGPLIYIESYDSWGQGTLVQVSS
seq15231,QVQLQESGGGLVQAGGSLRLSCAASGSISARARMGWYRQAGKERELVAAISYGATTYYADSVKGRFTISRDNAKNTVYLQMNSLKPEDTAVYYCAVQVFSWPQSSRLDYWGQGTQVTVSS
seq15232,VQLAESGGGLVQPGGSLILSCAASGSICTSNAMGWYRPALWKQREEVADITSGGSTNYADSVKGRFTISRDNAKNTVYLQMNSLKPKVTAVYYCKAVVVTTTPYSDYWGQGTLVTV
seq15233,DVQLVESGGGLVQPGGSLRLSCAASGSIFSLNAMGWYRQAPGKERELVAHITSDGRIVYADPVKGRFTISRVDGKNMVTLQMNSLKPEDTAVYYCNAKHYASNYWGQGTQVTVSS
seq15234,VQLVESGGGLVQPGGSLRLSCAASGFTFSGYLMSWVRQAPGKGLEWVATIGSGGGITSYADSVKGRFTISRDNAKNTLYLQMNNLKHEDTAVYYCETVIKRGQGTQVTVS
seq15235,VQLAESGGGSVQTGGSLRLSCAASGNTGSRRYVAWFRQAPGKEREGVARLITDSGSTYYADSVKGRFIISQDNAKNTVYLQMNTLKPEDTAMYYCAEELAPARSGGIWFGGRYFSYWGQGTQVTVSS
seq15236,EVQLVESGGGLVQAGASLRLSCAASGLAFSRYAMGWFRQAPGKERESVAAISSSGDNIYYPDSVKGQFTMSRDNAKSSVYLQMINLKPEDTAVYYCAAASPLFVASDYFEASRYGYWGQGTQVTVSS
seq15237,QVQLVESGGGLVQPGGSLRLSCAASGFTFSGYVMSWVRQAPGKGLEWVASIGSGGGYPSYTDSVEGRFTISRDNAKNTLYLLMDNLKPDDTAVYYCEMLGRRGQGTQVTVS
seq15238,EVQLVESGGGLVQAGGSLRLSCAASGRTFTTYPMGWFRQAPGKEREFVAAISMSGDDTAYATFVKGRFTISRDSARNTVYLHMTRLKPEDTAVYSCAARTSYDGRYDYIDDYSDWGQGTQVTVSS
seq15239,QVKLEESGGGLVQPGGSLRLSCAASGSIFSINDMGWYRQAPGKQRELVARITRDGSAAYEDSVKGRFTISRDNAPNTVFLQMNGLKPEDTAVYYCNAEIITTQTLGRMLGEYWGQGTQVTVSS
seq15240,EVQLQESGPGLVKPSQTLSLTCTVSGGSISTSGTGWSWIRQPPGKGLEWMGIIGYDGGTYYNPSLKSRTSISRDTSKNQFSLQLTSVTPEDTAVYYCARGLGPWGQGIQVTVSS
seq15241,EVQLVESGGGLVQTGGSLRLSCAASGVTYSYYTASWFRQAPGKGREFVAAISPSGNTYYADSVKGRFTISRDNGKHTLYLQMNSLRPEDTAVYFCAIRATDSIYYASSYRHWGQGTLVTVSS
seq15242,DVQLVESGGGSVQAGGSLRLSCTAPGFTSNSCGMDWYRQAAGKQREWVSSISTDGSTSYADSVKGRFTISKDKAKDTVYLQMNSLKPEDTAIYYCAAARSPVACASWRRAGKDYAYWGQGTQVTVSS
seq15243,EVQLVESGGGLVQPGGSLRLSCAASGRAHSDYAMAWFRQAPGQEREFVAGIGWSGGDTHYADSVRGRFTISRDNSKNTLYLQMNSLRAEDTAVYYCAARQGQHIYSSMRSDSYDYWGQGTLVTVSS
seq15244,EVQLVESGGGLVQAGGSLRLSCIVSESIFSRYAMGWFRQAPGKEREFVAGIGAVTHYGEFVKGRFTISRDSAKNTIYLQMNSLKPEDTAIYFCARSKNTYISYASNQYDVWGRGTQVTVSS
seq15245,QVQLQESGGGLVQPGGSLRLSCAASGRFFRVNAMGWYRQAPGKQRELVAAITNGGQIVYADSVKGRFTISRDSAKNTVYLQMNSLKSEDTAVYYCNAKAAASYVSTVADYWGQGTQVTVSS
seq15246,EVQLVESGGGEVQPGGSLRLSCGPSGSTFSSYHMSWFRQAPGKQREPVATSHHGGTTNYAGSVKGRFTISRDNAKNTVYLQMNTLRAEDTAVYYCKADHGYQGRGYWGQGTLVTVKP
seq15247,EVQLVESGGGLVQAGGSLRLSCGASGSIGTFNIMGWYRQAPGKQREMVATMTSGGNTRYADSVKGRSTISRENAKKTITLQMNNLKPEDTGVYYCNLKTLTAWSTSTGDYWGQGTQVTVSS
seq15248,QVQLQESGGGSVQAGGSLRLSCTASGFTFDDPDVGWFRQAPGNECELVSTISKDGSTYYTDSVKGRFTISQDYAKNTVYLQMNSLKPEDTAVYYCAADSNPIAPIRTCLGWYNYWGQGTQVTVSS
seq15249,EVQLVESGGDLVQPGGSLRVSCAASGLTFSNIYMSWVRQAPGKGLEWVSAINTAGTVTYYADSVKGRFTISRDNAKNTLYLQMNSLKPEDTAHYYCTTGEVDWGKGTLVTVSS
seq15250,EVQLVESGGGLVQPGGSLRLSCAASRSIGRLDRMGWYRHRPGEPRELVATITGGSSINYGDSVKGRFTISIDNSKNTVYLQMNSLRPEDTAVYYCNFNKYVTSRDTWGQGTLVKVSS
seq15251,EVQLVESGGGLVQAGGSLRLSCAASGDTLSRYAMGWFRQAPGKEREFVASINTSGKRTSYADSMKGRFAVSRDNAKNTGYLQMNSLKLEDTATYYCAADRFFGSDSNEPRAYRYWGQGTQVTVSS
seq15252,EVQLVQSGGGLVQPGGSLRLSCAASGFTFSSYWMYWVRQAPGKGLDWISGISVGGASTYYARSVQDRFTISRDNTKNTLYLQMSSLRSEDTAVYWCTRGGNTPYDYWGQGTQVTVSS
seq15253,EVQLVESGGGSVQSGGSLTLSCTATGYSYLNTCMAWFRQAPGKEREGVASVYTGGGNEYYADSVKGRFAISIDKTKNSATRHMNSLEPGDTAMYYCAAVATGNCETGWRSGSYKYWGQGMQVTVSS
seq15254,EVQLVESGGGLVQAGGSLRLSCAASGRTFSSYIMGWFRQAPGKAREFVADITWGQRPYYADSVKGRFTISRDNAKNTVYLEMNSLKPEDTAVYYCAADLGVVIREEHAYWGQGTLVTVSS
seq15255,EVQLVESGGGLVQAGGSLRLSCAASGRTFSSYAMGWFRQAPGKEREFVAAISWSGGSTYYADSVKGRFTISADNAKNTVYLQMNSLKPEDTAVYYCAAVPRAPSDRDYWGQGTQVTVSS
seq15256,EVQLVESGGGLVQAGGSLRLSCAASGSIFSINAMGWYRQAPGNQRDLVAAITSGDSTKYADFVKGRFTISRDNAKNTVYLQMNSLKPEDTAVYYCAAELLGKWYWGQGTQVTVSS
seq15257,QVQLQQSGGGLVQAGDSLRLSCEASGGTFSSYAMGWFRQAPRQEREFVAAISSEGGSTYYADNLEGRFTTSRDNAKNTVYLQMNSLKPEDTAVYYCAVKGVGWPQEQASYDYWGQGTQVTVKP
seq15258,EVQLQESGPGLVKPSQTLSLTCTVSGGSITTRYYAWSWIRQPPGKGLEWIGVIDYDGDTYYSPSLKSRVTISVDTSKNQFSLKLSSVTPADTAVYYCARDPDVVTGFHYDYWGQGTTVTVSS
seq15259,QVQLVESGGGLVQAGGSLRLSCAASGLTFSDFAMGWFRQAPGKEREFVAAISWSGGQTYNVESAKGRFTISRDNAKNTVYLQMNKLKPDDTAVYYCAASTMVVTTVAADYKYWGQGTQVTVSS
seq15260,EVQLVESGGGLVQAGGSLRLSCAASGGAFGVYHMGWFRQAPGKEREFVAAIRSGGTTLYEDSVKGRFTISRDNAKNTVYLRMNSLKPEDTAVYYCATQIYYRTNYYSQNAYDYWGQGTQVTVSS
seq15261,QVKLEESGGGLVQPGGSLRLSCAASGRTASGYGMGWFRQAPGKEREFVCAISRSGAGTLNADFVKGRFTCSRDNAKNTVYLQMNSLKPEDTAVYYCVARPTKVDRDYATRREMYNYWGQGTQVTVSS
seq15262,QVRLVESGGGSVQVGGSLRLSCAASRSPYSSSRCMGWFRQAPGKEREGVAALYTGGGSTSYADSVKGRFTISQDNAKNTVYLQMNSLKPEDTAMYYCAAVVPRGGSCRLDERGYYHWGQGTQVTVSS
seq15263,EVQLVESGGGLAQPGGPLRLTCEASGVIYSVNDMGWYRQAPGKQRELVAVITSGGGTNYVDSVKGRFTISGDNRKKTVYLQMNSLKPEDTAVYYCSIYYSSGISTLRSWGQGTQVTVSS
seq15264,QVQLQDSGGGLVQAGGSLRLSCAVSGRTDSNYVMGWSRQAPGKGREFIAAIHWSEGGTHYADSVKDRFTIFRDSAKNIMYLQMNGLKPEDTAVYHCAHNSGTGAFPETGLYGYDYWGQGTQVTVSS
seq15265,EVQLVESGGGSVQAGGSLRLSCAASGYIISSYCMGWFRQAPGKEREGVAAIDSSGGTSYADSVKGRFTISKDNAKNTLYLQMDSLKPEDTAMYYCAADFCWVDEDRHLYEYQSWGQGTQVTVSS
seq15266,QVQLQQSGGGLVQAGGFLRFSCAASGRTIGTYAMGWFRQAPGKERELVAVITSGGRTNYADSVKGRFTISRDNAKNTMYLQMNSLKPEDTAVYYCNVGTIPRATFGRREYWGQGTQVTVSP
seq15267,QVQLVESGGGLVQAGGSLRLSCAVSGFTLDDYAIGWFRQAPGKEREGVSSIRDNDGSTYYADSVKGRFTISSDNDQNTVYLQMNSLKSEDTAVYYCAAVPAGRLRFGEQWYPIYEYDAWGQGTLVTVSS
seq15268,EVQLVESGGGLVQPGGSLRLSCAASGFTLDDYAVSWFRRAPGKEREGVSCISSSSSSDTYYADSVRGRFSISRDSAKNTVYLQMNSLKPEDTAVYYCAADRHCLGSDWDEYDYWGQGTQVTVSS
seq15269,EMQLVESGGGWVQAGGSLRLSCASSGSIFSAGAMGWYRQPAGKQRELVADITLGGSTNYADSVKGRFTISRDNAKNAVFLQMNSLKPEDTAVYYCNGLINTFARKIPRYAWGQGTQVTVSS
seq15270,DVELEASGGGSVEAGDSLRLSCAASGRPFSSFAMGWFREAPGKEREFVAAISASGGETYYYGSLKGRFTISRDNAKNTVKLEMDSLKPEDTGVYYCAATINGAARRGEGTEVTVSS
seq15271,VQLVETGGGLVQPGGSLRLSCAASEFTLNYRPIGWFRQAPGKEREGVSCINSSGDSTNYADSVKGRFTISRDNAKNTVYLQMNSLKPEDTAVYFCAADRSLFGVCGLSRSQYDFWGQGTQVTVSS
seq15272,QVQLVESGGGLVQTGGSLRLSCAASGSTFSKHHATGWFRQAPGKEREFVAALNWSGGNTYYTDSVKGRFTISRDNAQNTVYLQMNSLKPEDTAVYYCAAGSYVFYFTVRDQYDYWGQGTQVTVSS
seq15273,EVQLVESGGGLVQPGGSLRLSCAASRSIGRLDRMGWYRHRPGEPRELVATITGGSSINYGDSVKGRFTISIDNSKNTVYLQMNSLRPEDTAVYYCNFNKYVTSRDTWGQGTLVQVSS
seq15274,QVQLVESGGGVVQAGDSLSLSCAASGRTFSSYAMGWFRQAPGKEREFVAAISWSGGSTVYADSVKGRFTISRDNAKNTVYLQMNSLKPEDTAVYYCAAGNGGRTYGHSRARYDYWGQGTQVTVSS
seq15275,QVQLQESGGGLVQAGGSLRLSCAASGYISPYRYMGWYRQAPGKERELVAIGRGGNTYYADSVKGRFTISRDNAKNTVYLQMNSLKPEDTAVYYCAVRGGIESIYSFRYWGQGTQVTVSS
seq15276,EMQLVESGGGLVQAGGSLRLSCAASGRTFSSYRMGWFRQAPEKEREFVALINRSGGSQFYSNSVKGRFTISRDNAKNTVYLQMNSLKPEDTAVYYCAAGAQMGWAEASTYDYWGQGTQVTVSS
seq15277,QVQLQESGGGLVQAGGSLKLSCAASEHTFSSAAMGWFRQAPGKEREFVAAIRWSGGGTYYAPSLAGRFAISGNHAKNLVYLEMNNLKPEDTAAYYCAAMLRRFFTASYYPTTTSYDYWGQGTQVTVSL
seq15278,QVKLEESGGGLVQAGGSLRLSCAASERTFSRYPVAWFRQAPGAEREFVAVISSTGTSTYYADSVKGRFTISRDNAKVTVYLQMNNLKREDTAVYFCAVNSQRTRLQDPREYDYWGQGTQVTVSS
seq15279,EVQLVESGGGLVQPGGSLRLSCAASGIPASIRVMGWFRQAPGKEREFVAAIHWSGSSTRYADSVKGRFTISADNSKNTAYLQMNSLKPEDTAVYYCALSRAIVPGDSEYDYRWGQGTLVTVSS
seq15280,DVQLVESGGGSVQAGGSLRISCLASGYTYHTDCIGWFRQAPEKEREGVAVLYFRSGERYYADAVKGRFTIYQDNAKNTVSLQMTMLKPEDSGMYYCAVSSTERCSRFEKDDFPYWGQGTQVTVSS
seq15281,DVHLQDSGGGWVHPGGSLTLSCLMSGSEYYGSPVGWFPQPPGKGREEIAEIVPIGGSVIYIGGVEGRFTISRDNSKNTIALIMNDLLPEDTATYYCAADSGGLCSHRERDYDIWGQGTQVTV
seq15282,EVQLVESGGGLVQAGGSLRLSCAASGRTYDAMGWLRQAPGKEREFVAAISGSGDDTYYADSVKGRFTISKDNAGITMYLQMNSLKPEDTAVYYCATRRGLYYVWDANDYENWGQGTQVTVSS
seq15283,EVQLVESGGGLVQPGGSLRLSCAASGRTFSDDAMGWFRQAPGKEREFVGRINWSGGNTYYADSVKGRFTISADNSKNTAYLQMNSLKPEDTAVYYCATDPPLFWGQGTLVTVSS
seq15284,QVQLQESGGGLVQAGGSLRLSCAASGRTVGSYSMGWFRQAPGKEREFVAAVTWSGASPYYADSVKGRFTISRDNAKNTVYLQMNSLKPEDTAVYYCAANPTYSGGWHAEYWGQGTQVTVSS
seq15285,EVQLVESGGGLVQPGGSLRLSCATSGLTLDYYVIGWFRQVPGKEREGVSCMSSSGDSTTYADSVKGRFTISRDNAKNMVYLQMTSLMPEDTAVYYCAADFALGCYSGSYYPRYDYWGQGTQVTVSS
seq15286,EVQLVESGGGLVQTGGSLRLSCAASGRTFSSYTMGWFRQAPGKDREFVAAISRSGSLTSYADSVKGRFTISRDNAKKMAYLQMNSLKPEDTAVYYCAAAPVPWGTRPSLLTYDSWGQGTQVTVSS
seq15287,EVQLVESGGGLVQPGGSLRLSCAASGFTFSEPSGYTYTIGWFRQAPGKGREFVARIYWSSGLTYYADSVKGRFTISRDIAKNTVDLQMNSLKPEDTAVYYCAARDGIPTSRSVGSYNYWGQGTQVTVSS
seq15288,EVQLVESGGGLVQAGGSLRLSCAASGSSFRFRAMAWYRQAPEKQRDFVATINSLGETTYATAVEGRFTISRDNAKNTVYLQMDSLKPEDTAVYYCNEPRGNYWGQGT
seq15289,VQLQESGGGLVQPGGSLRLSCAASGRVFSINTMGWYRQAPGKQRELVASMTRGGSANYADSVKGRFTTSRDNAKNMVYLQMNRLKAEDTAVYYCNAARGWRIYWGKGTLVTVSS
seq15290,EVQLVESGGGLVPPGGSMRLSCTAPGVTVSALNAMAMGWYRQRPGERRVMVAAVSERGNAMYRESVQGRFTVTRDFTNKMVSLQMDNLQPEDMAVYYCHVLEDRVDSFHDYWGQGIQVTVSS
seq15291,EVQLVESGGGLVQPGGSLRLSCAASGDTYGSYWMGWFRQAPGKEREFVATISQSGAATAYADSVKGRFTISADNSKNTAYLQMNSLKPEDTAVYYCAGLLRYSGTYYDAFDVWGQGTLVTVSS
seq15292,QVQLQESGGGSVQAGGSLRLSCVASEYSECIGWFRQAPGKEREGVAAIEKVLGQRWRADSIHDRITISQDKAKNTVYLQMTSLKIDDTAMYYCAAKGRGCMSQPTTGYLSWGQGTQVTVSS
seq15293,AVQLVESGGGSVPAGGSLRLSCAASGRTYSMAWFRQVPDKEREGVATAYTEASITYYAASVEGRFTISLDRTKSTVYLQMNSLKPEDSGIYYCASRIVYNPGHWAQVSTYNTWGQGIQVTVSS
seq15294,QVQLQESGGGSVQTGGSLRLSCAASTSIYSNNYMAWFSQAPRKGREGVAAVYIGDGRPYYADSVKGRFTISLDSAKNTVYLQMNSLKPEDTAMYYCAAAPGPLSHNYWYTSANYDYWGQGTQVTVSS
seq15295,QVQLVESGGGLVQPGGSLRLSCAASEGIFSVDAMGWYRQVPGKQRELVARITRGGSIIYADSVKGRFTISRDSAKNTVYLQMNSLKPEDTAVYYCNRLYRGTLTFGQGTQVTVSS
seq15296,EVQLVESGGGLVQAGGSLRLSCAASGRTFSSYAMGWFRQAPGKEREFVAAISWSGGSTVYTDSVKGRFTISKDNAKNTVYLQMNSLKPEDTAVYYCAAGNGGRYYGHSRARYDYWGQGTQVTVSS
seq15297,EVQLVESGGGLVQAGGSLRLSCAASGFTFGTTTIGWFRQAPGKEREGVSCISTGDGSTNYAESVKGRFTISSDNAKNTVYLQMNSLKPEDTAVYYCALDQAPMWSSWSAPYEYDYWGQGTQVTVSS
seq15298,QVQLQESGPGLVKPADVSFTCTVSGGSITTSYYAWSWIRQPPGKGLEWMGVIAYDGSTYYSPSLKSRTSISRDTSKNQFSLQLSSVTPEDTAVYYCARGGNSWYASFGSWGQGTQVTVSS
seq15299,QVQLVESGGGLVQSGGSLTLTCAASGFTFSAASMRWVRQVPGKGLEWVATIDGTGANSYYSESAKGRFTISRDNARNTLRLQMNNLKPDDTAVYYCANFGRNYWGKGTQVTVMA
seq15300,EVQLVESGGGLVQPGGSLTLSCAASGSSVKFLSMAWYRQAPGKKRELVAGISADGSTDYVDSVKGRFTISRDNAKNSVYLQMNSLRAEDTAVYYCYAYRWSTRYTYWGQGTLVTVSS
seq15301,EVQLVESGGGLVQPGGSLRLSCAASGFTFGSYDMSWVRQAPGKGPEWVSAINSGGGSTYYADSVKGRFTISRDNAKNTLYLQMNSLKPEDTAVYYCAIPRGWGPTGPIEYAYWGQGTQVTVSS
seq15302,EVQLVESGGGSEQAGGSLRLSCATSGRAFSVYAWFRQAPGKERTFVAAVAWVGGSTFYSDSVKGRFTISRDNAKNTVFLHMNSLKPEDTAAYYCAARLYGGRWYNSPRVDDFEYWGQGTQVTVSS
seq15303,QVQLVESGGGLVQPGGSLRLSCAASGFTFSSYTMRWYRQAPGKERELVAFIGVAGGSTKYADSVKGRFTISRDNTKNTVYLQMNTLKPEDTAVYYCYAPLTPYWGQGTQVTVSS
seq15304,QVQLQESGGGVVQAGGSLRLSCAAPGLSFSNYIMGWFRQAPGKAREFVAAISWNGGETNYVDSAKGRFTISRDNAKNTVYLQMSSLKSEDTAVYYCAADYRSFSNPDSDPSRYAYWGQGTQVTVSS
seq15305,EVQLVESGGGEVQPGGSLRLSCAASGSDFSINAIGWYRQAPGKQRDMVAGFTGDGVTTYAESVKGRFTISRDNAKNTVYLQMSSLRAEDTAVYYCAADVKIGGDYEWFWGQGTLVTVKP
seq15306,EVQLVESGGSLVQPGGSLRLSCAASGFTFDDYAMTWVRQAPGKGLEWVSSINWSGTHTDYTGSVKGRFTISRNNANNTLYLQMNSLKSDDTAVYYCAKNWGDAGTTWFEKSGSAGQGTQVTVSS
seq15307,EVQLVESGGGLVQPGGSLRLSCAVSGFTSDYYVIAWFRQTPGHEREGLSSIRIGDSATFYADSVKGRFSISRDNAKNMVYLQMNSLKPEDTAVYTCAGRYDTLLGGGRPREFPYWGQGTQVTVSS
seq15308,EVQLVESGGGLVQPGGSLRLSCAASGYIISSYCMGWFRQAPGKEREGVAAIDSDGGTSYADSVKGRFTISRDNSKNTLYLQMNSLRAEDTAMYYCAADFCWVDEDRHLYEYNSWGQGTLVTVSS
seq15309,QVQLVESGGGLVQAGGSLRLSCAASGRTINGYVMGWFRQAPGKEREFVARIDWSGSSTDYADSVKGRFTISRDNAKTTVYLQTNSLKPEDTAVYYCAGSAYYSGYVTHRDFGSWGQGTQVTVSS
seq15310,QVQLQESGGGLVHAGGSLRLSCAASGRIFRIDSMAWYRQTPGKQRELVATITDGGMTNYADSVRGRFTISRDGAKNTVYLQMNILKPEDTAVYYCNARGPYSRGSGPWGQGTQVTVSS
seq15311,EVQLVESGGGLVQAGGSLRLSCVISEDGVRNYDMGWFRQAPGKEREFVATINWSGGSTNYADSVKGRFTVSRDNAKNTMYLQMDSLKPEDTAVYYCVAAGFYNNYLRTAPNDWNDWGQGTQVTVSS
seq15312,VQLQESGGGVVQAGDPLRLSCVASGRTFSSLDMGWFRQAPGKEREFVAGISRSGISQYYADSMKGRFTISRDNAKNLVYLQMNSLKPEDTAVYYCAAALTFRGSDLPRDSNYWGQGTQVTVSS
seq15313,QVQLQESGGGLVQAGDSLRLSCAASGRTFSSYAMGWFRQAPGKEREFVAAVSSSNSPWYGDSIKGRSTIHRDNAKNTVYLYMNNLKPEDTAVYYCAADLEGERLGESSEYDYWGQGTQVTVSS
seq15314,EVQLVESGGGLVQPGGSLRLSCAASGNIVSIDAAGWFRQAPGKQREPVATILTGGATNYADSVKGRFTISRDNAKNTVYLQMNSLKPEDTAVYYCYAPMIYYGGRASDYWGQGTQVTVSS
seq15315,EVQLVESGGGLVQAGGSLRLSCAVSGSSVSSDAMGWYRQAPGNQRAWVAFISGGGTTTYADSVKGRFTISRDNTKNTVYLHMNSLKPEDTAVYYCNHPLTSRWGQGTQVTVSS
seq15316,QVQLVESGGGLVQPGGSLRLSCAASGSISSIRHMRWYRQAPGKQRELVATVSNDGSAYYAGSVKGRFTISRDNSKNTLLYLQMNSLRAEDTAVYICNADTWGWPGADYWGQGTQVTVSS
seq15317,EVQLVESGGGQVQPGGSLRLSCESSVSIWSFKVMGWFRQAPGKQRELVATITTGGSPDYSDSVKGRFTISRDYDKRTLYLQMNSLKPEDTARYYCAGRLWAHITSSGHDVWGQGTQVTVSS
seq15318,QVQLLESGGGLVQPGGSLRLSCAASGRTFGRAAMGWFRQPPGKEREFAATISWSGSNTYYADFVKGRFTISRDNSKNTVYLQMNSLRAEDTAVYYCAASEPYSDYDPSGMVYWGKGTLVTVSS
seq15319,EVQLQESGGGVVQPGGSLRLSCAASGFTFDDYAMSWVRQAPGKGLEWVSSIYMYDSSTYYADSVKGRFTISTDNAKNTVYLQMNSLKSEDTAVYYCAKDINRSYGSSWSHFGPIFSSWGQGTQVTVSS
seq15320,EVQLVESGGGLVQPGRSLTLSCAASTNIFSDSPMGWYRQAPGKQRELVAAIHGFSTLYADSVKGRFTISRDNAKNSIYLQMNSLRPEDTALYYCNKVPWGDYHPRNVAWGQGTQVTVSS
seq15321,EVQLVESGGGLVQAGGSLTLSCAASGRLPRDYILGWFRQAPGKEREFVASIPWTGSMTSYVDSVKGRFTITRDHAENTVYLQMNALKPEDTAVYYCAARTTFGRIDWDRASWGQGTQVTVSS
seq15322,QVQLVESGGGLVQAGGSLRLSCAASGRAFSSYPMGWFRQAPGKEREFVAAISVRGITAYSSDSVKGRFTISRDNAKNTVYLQMNGLKPEDTAVYYCAADGSLEVLRTERYIRWWGQGTQVTVSS
seq15323,DVQLVESGGGSVQAGGSLRLSCAASGYTASRRRMGWFRQAPGKEREAVAVIYTSNGATAYADSVKARFTISQDNANNTVYLQMNSLKPEDTATYFCALQSAETYGYRGFWYEETGYADWGQGTQVTVSS
seq15324,EVQLVESGGGLVQAGDSVRLSCTVSGRSITMYTMDWWRQAPGKGREFVATITSSGKPNYANSVKGRATVDRDNSKNTLYLQMNSLRAEDTAVYSCHALLSTHSELGPFYDYWGQGTLVTVSS
seq15325,QLVESGGGLVQVGGSLRLSCVVSGSDISGIAMGWYRQAPGKRREMVADIFSGGSTDYAGSVKGRFTISRDNAKKTSYLQMNNVKPEDTGVYYCRLYGSGDYWGQGTQVTVSS
seq15326,VHLVESGGGSVQAGGSLRLSCAASGYTDSSVYIGWFRQAPGKEREEVAIIYTGGESTHYRSSVKGRFTVSQDNAKNTLYLQMNSLKPEDTAMYYCAARFPAVTYWGQGTQVTVSS
seq15327,EVQLVESGGGLVQAGGSLRLSCAASGRAFNTNPMGWFRQFAGKEREFVAAHRWSDGNTYYVDSVKGRFTISRDNAKNTVYLQMNSLKSEDTAVYYCAAGRPWSSYRSPDEYVYWGQGTQVTVSS
seq15328,QLQLVESGGGLVQPGGSLRLSCAASGFTFSSYVMSWVRQAPGKGLEWVSSIYHDGSHTYYADFVKGRFTISRDNAKNTLYLQMNSLKSEDTAVYYCASGTSYSGSYYYTDPFFGSWGQGTQVTVSS
seq15329,QVQLQQSGGGLVQSGGSLSLSCAASGITLNNRVVGWFRQAPGKEREFVGRIMWSVGDTFYARSVKGRFTISRDNAKNTMYLQMNALKPEDTAVYYCAAARDPDLYTGQYEYWGQGTQVTVSS
seq15330,VQLVESGGGLVQAGGSLRLSCAASGRTFRTRGMGWYRQAPGKQRELVAYIGSGGNTNYADSVKGRFTISRDNAKNTVYLQMDSLKPEDTAVYYCNAQASTWRAPWSRADYWGQGTQVTIS
seq15331,QVQLQESGGGVVQAGGSLRLSCVAPGSITRIGGMGWYRQPPGKQRELVALINTVGNTNYGDSVKGRFTISRDNAKKTVYLEMNSLKPEDTAVYYCWIPPLPWGQGTQVTVSS
seq15332,AVQLVESGGGSVQAGGSLSLSCADVGRSNSNAGICWFRQAPGKERECVGTIYLGGRVTYYSDSVKDRFTISPDNAGKTVYLRMNSLKLEDTATYYCAADPSGMDCRTGNKYWGQGTQVTVTS
seq15333,GLAQAGGSLRLSCAASGRTFSSYAMAWFRQAPGKEREIVATISWNGGSTDYADSVKGRFTISRDNAKNTVYLQMNSLKPEDTAVYYCAADSTNWVFYDYWGQGT
seq15334,EVQLVESGGGLVQAGDSLRLSCTASGRTFNSYAMGWFRQAPGKERESVAHINRSGSSTYYADSVKGRFTISRDNAKNTVYLQLNSLKPEDTAVYYCAAGRYYSSDGVPSASFNYWGQGTQVTVSS
seq15335,QVQLVESGGGSVQAGGSLRLSCIASGSVYSMAWFRQTPGKEREGVATVYRDSTITYYADSVKDRVTASQDRAKRTMYLQMNSLKSEDTGMYYCAVRIQYNPGHWAVESTYINWGQGIQVTVSS
seq15336,EVQLVESGGGLVQAGGSLRLSCAASGRTINTYVMGWFRQAPGKEREFVARIDWSGSSTDYADSVKGRFTISRDNAKNTVYLQMNSLKPEDTAVYYCAGSAYYSGYVTHRDFGSWGQGTQVTVSS
seq15337,QVQLVESVGGVVHPGGSLRLSCVDPADSRTVAPLAWYRQAPGKQRERVARISGVGTTYYADSVKGRFTVSRDNAKNTVYLQMNSLKPEDTATYYCNRGVIWGRGTQVTVSS
seq15338,VQLVESGGGLMQAGGSLRLSCAVSGRTFSTAAMGWFRQAPGKEREFVAAIRWSGGSAYYADSVKGRFTISRDKAKNTVYLQMNSLKYEDTAVYYCASYQATRSLLSDYATWPYDYWGQGTQVTVSS
seq15339,EVQLVESGGGLVQAGDSLRLSCAASGFTFSNHIMGWFRQAPGKERELIAHITWNGGSTYYADSVKGRFAISRDNALNTVYLQMNSLKPEDTAVYYCAARPSYSTNNVKSYRYWGQGTQVTVSS
seq15340,EVQLVESGGGLVQAGGSLRLSCAASGRTFSRAAMGWFRQAPGKEREFVGCALSSAGSALTADSVKGRFTISRDNAKNMVYLQMNNLKPEDTAVYSCVAGGYCTRAGVYPYWGQGTQVTVSS
seq15341,QLQLAESGGGLVQAGGSLRLSCAASGRTFSSYAMGWFRQAPGKEREFVAAISWTGGYTYYASSVKGRFTISRDNAKNTMYLQMNSLKPEDTAVYYCNADLESYSEYPESYYWGQGTQVTVSS
seq15342,EVQLQASGGGLVQAGGSLRLSCVASGITFSEKHMAWFRQAPGKQRELVAVITRGGTTNYGDSVKGRFTISRQKLNNTIILQMNNLKPEDTAVYYCAADFYGLGFDYWGQGTQVTVSS
seq15343,EVQLVESGGGLVQPGGSLRLSCAASGRTFSRSAMGWFRQAPGKGREFVSFITGSGGTTYYGESVKGRFTISRDNAQNPVYLQMNSLRPEDTAVYYCGVYRRTYISSTYSESSEYDYWGQGTLVTVSS
seq15344,EVQLVESGGGLVQPGGSLRLSCAASGFTFRSYPMGWFRQAPGKGREFVASITGSGGSTYYADSVKGRFTISRDNAKNTLYLQMNSLRPEDTAVYSCAAYIRPDTYLSRDYRKYDYWGQGTLVTVSS
seq15345,EVQLVESGGGLVQAGGSLRLSCAASGRTFSSYAMGWFRQAPGKEREFVAAISWSGRTTYYADFVKGRFTISRDNAKNTVYLQMNSLKPEDTAVYYCAADLSPGNEYGEMMEYEYDYWGEGTQVTVSS
seq15346,EVQLVESGGGLVQPGGSLRLSCATSGFTFSPSWMYWLRQAPGKGLEWVSTITPRGLTEYANSVKGRFTISKDNAKNTLYLQMNSLKSEDTAVYYCTRDKNGPPMGQGTQVTVSS
seq15347,QVQLVESGGGLVQAGGSLRVSCAASGRTYSDYAMGWFRQAPGKERDFVAGISGSGGDTYYADSVKGRFTISRDNAKNTMYLQMNSLKPEDTAVYFCAARTGTVLFTSRVDYRYWGQGTQVTV
seq15348,EVQLVESGGGLVQAGDSLTLSCAASGGTFSTYVMGWFRQASGKEREFVAAISPSGTLTSYADSVKGRFGISRDNAKKMVYLQVSSLKPEDTDVYYCAAARGPWTPRPSLLTYDYWGQGTQVTVSS
seq15349,QVQLVESGGGLVQAGGSLRLSCAASGSIFSMNAMGWYRQAPGKQRELVAGISSGGRTTYADSAKGRFTISRDNAKTTVHLQMNSLKPEDTAVYYCALWSGNQGYWGQGTQVTISS
seq15350,QVQLQESGGGLVQAGDSLRLSCAASGNTFSMYAMGWFRQAPGKEREFVAAISRSGGSTNYRDSVKGRFTISRDNDLNAGYLQMNNLKPEDTAVYYCALRLTFSTTDAYTGKLQYPYWGQGTQVTVSS
seq15351,EVQLVESGGGLVQAGGSLSLSCVASGRFFSTRVMAWYRQTPGKQREFVASMRGSGSTNYADSVRGRFAISRDNAKNTVYLQMNTLKPEDTAVYYCRDINEDQWGQGTQVTVSS
seq15352,EVQLVESGGGLVQAGGSLRLSCVASGRTFSNYGMGWFRQAPGKDREFVAAISRSGGTTYYEDDVKGRFTISRDNAKNSVYLQMNSLKPEDTAVYYCAARPSYVAVNIAASYNNWGQGTQVTVSS
seq15353,EVQLLESGGGEVQPGGSLRLSCAASGGIFAIKPISWYRQAPGKQREWVTTTTSSGATNYAESVKGRFTISRDNAKNTVYLQMSSLRAEDTAVYYCNVFEYWGQGTLVTVKP
seq15354,QVQLQESGGGLVQPGGSLSLSCAASGSIFIISTMGWYRQAPGKQRELVATITSGGSTNYADPVKGRFTISRDNAKNMVYLQMNSLKPEDTAVYYCNAEVHVWGVPGPRDYWGQGTQVTVSS
seq15355,EVQLQESGGGLVQAGDSLRLSCLVSGRSFNSYTMGWFRQAPGKEREFVAAILWSGPTTYYADSVKGRFTISRDNAKNTVYLQMNSLKPEDTAVYYCAAALGVLVLAPGNVYSYWGQGTQVT
seq15356,QVQLQESGGGSVQAGGSLRLSCAASGYTYSRYCMGWFRQAPGKEREGVAAINTGDSSTHYADSVKGRFTISQDNAKNMMYLQMNNLKPEDTAIYYCAADWGYCSGGLGMSDFGYWGQGTQVTVSS
seq15357,QVQLQESGGGLVRPGGSLRLSCVGSGSTFRHHAMAWFRQTTGKEREFVSAINDHGTKTRYSDSVRGRFTISRDNDENMVYLQMDNLRPEDTAVYSCAAGPLVDYLETVPVVYTYWGQGTQVTVSS
seq15358,QVQLVESGGGLVQAGGSLRLSCAASGRTFITYAIGWFRQAPGKEREFVSAINWSGSMTSYADSVKGRFTISRDNAKNTVYLQMNGLKPEDTAVYYCAAHRGAIAPIAQSVYTNWGQGTQVTVSS
seq15359,QVQLQESGGGLVQPGGSLRLSCAASGFTFSDAFMYWVRQAPGKELEWVSSISNRGLKTAYAESVKGRFTISRDNTKNTLYLQMSSLKPEDTAVYYCATESIGSNGSPYFDLWGQGTQVTVKP
seq15360,VKLEESGGGLVQAGESLRLSCVNSGSTFSIYAMGWYRQAPGKQRELVAAISSVGRTNYADSVKGRFTISRAGAKNTVYLHMNNLKPEDTAVYSCITYYQNAMYFGQGTQVTVSS
seq15361,QVQLQESGGGLVQTGGSLRLSCAASGSIFNINSMGWYRQAPGKQRELVAAITVGGRLAYADSAKGRFTISKESARNTVHLQMSSLKPEDTAVYYCTIWAADYQQYWGQGTQVTVSS
seq15362,EVQLQASGGGSVQAGGTLRLSCVSSQNLFEYYTMSWYRQVPGSQRERVALINNGGSDVAGSVEGRFTISRDNAKNSIYLQMNNLKPEDSAVYYCRAFGPADYWGQGTQVTVSS
seq15363,EVQLVESGGGLVQPGGSLRLSCAASGRHFSDYAMAWFRQAPGQEREFVAGIGWSGGDTLYADSVRGRFTISRDNSKNTLYLQMNSLRAEDTAVYYCAARQGQHIYSSMRSDSYDYWGQGTLVTVSS
seq15364,DVQLVESGGGLVQPGGSLRLSCVASGYVHKINFYGWYRQAPGKEREKVAHISIGDQTDYADSAKGRFTISRDESKNTVYLQMNSLRPEDTALYYCRALSRIWPYDYWGQGTLVTVSS
seq15365,EVQLVESGGGPVQTGGSLRLSCVASGRTYRGYSMAWFRQPPGKEREFVAAITWSEGNTYYEDFVKGRFTISRDNAKNTLYLQMASLKPEDTALYYCAAKIRPYIFKIPGQYDYWGQGTLVTVSS
seq15366,EVQLLESGGGLVQPGGSLRLSCAASGGSLSNYVLGWFRQAPGKGREFVAAINWRDDITIGPPNVEGRFTISRDNAKNTLYLQMNSLRPEDTAVYYCGAGTPLNPGAYIYDWSYDYWGQGTLVTVSS
seq15367,EVQLVESGGGLVQPGGSLRLSCAASGIRFMSMAWYRQAPGKQRELVARISSGGTTAYADSVKGRFTISRDNSKNTVYLQMNSLRAEDTAVYYCNTFSSRPNPWGQGTLVTVSS
seq15368,QVQLQESGGGLVQAGGSLRLSCAVSGSIFSLNTLAWYRQAPGRQRDLIARITGGGTTVYADSVKGRFTISRDNAKNTVYLQMNSLKPEDTAVYYCNLMVRHPSGSTYEYWGQGTQVTVSS
seq15369,QVQLQQSGGGLVQAGGSLRLSCAASGRTFSRNAMGWFRQAPGKAREFVATISWSGNRAYSDSVKGRFTISRDNEKNLVSLHMNSLKPEDTAVYYCAAARERITSTYYTPHVLTDYDAWGQGAQVTVSS
seq15370,EVQLVESGGGVVQTGGSLRLSCAASEPIFSNYAMAWFRQAPGKEREFVAGISWSGSSTNYADSVKGRFTISRDIAKNTVYLQMNSMKPEDTAAYYCAVDLHMRSPNPDPGEYDYWGQGTQVTVSS
seq15371,EVQLVESGGGFVQPGGSLRLSCETSRHTLDHYAIGWFRQAPGKEYEGISCISTSTYYADSVKGRFTISRDNAKNTVYLQMNSLKPEDTAVYYCATTGSGLCTLRAFGSWGQGTQVTVSS
seq15372,QVQLQESGGGLVQAGGSLKLTCAASEHTFSSAAMGWFRQAPGKEREFVAAIRWSGGGTYYAPSLAGRFAISGNHAKNTVYLEMNNLKPEDTAAYYCAAMLRRFFTASYYSTTTSYDYWGQGTQVTVSS
seq15373,EVQLVESGGGLVQPGGSLRLSCAASRIIFSRNVMAWYRQAPGKEREPVAIITTAHSTNYVDSVKGRFTISRDNAKNTLYLEMNSLKPEDTGVYYCNKLPHYPTDSWGQGTQVTVSS
seq15374,KVQLVESGGGLVQAGGSLRLSCVLSGRTLSRSNMGWFRQAPGKEREFVASIDWITINTYYADSVKGRFTISRDNPKNTFYLQMNSLKPEDTAVYRCASSGPADARNGERWHLWGQGTQVTVSS
seq15375,QVQLQQSGGGLVQAGGSLRLSCAASGSTLSTYAMGWYRQAPGKQRELVATITTGRVTQYADFVKGRFTISRDNAKNTVYLQMNSLKPEDTAVYYCVRSPRTPWSSWGQGTQVTVSS
seq15376,QVQLQESGGGLVAGGSLRLSCAASGFTFDDYAIGWFRQAPGKEREGVSCISSSDGHTYSVDSVKGRFTISRDNAKNTVYLQMNSLQPEDTAVYYCAARRWGLCTVDVPYFHSWGQGTQVTVSS
seq15377,EVQLVDSGGGLVQPGGSLRLSCATSGTIFSNNAMGWYRQAPGKKRDLVASISNSGSTNYADSVKGRFTVSRDNDKNTGYLQMNSLKPEDTGVYYCTVDARRGWNTAYWGQGTQVTVSS
seq15378,EVQLVESGGGVVQPGGSLRLSCAASRSIGRLDRMGWYRHRPGEPRELVATITGGSSINYGDSVKGRFTISIDNSKNTVYLQMNSLRPEDTALYYCNFNKYVTSRDTWGQGTLVQVSS
seq15379,GGSVQAGGSLRLSCSASTIDYRPTYVGWFRQAPGKEREWVAGVYIGAESGSYSKDVKDRFTVSQDTAKRTVYLQMTSLNPEDTAAYYCGSTPSYSRNWRNYSHWGQGTQVTVSS
seq15380,EVQLVESGGGLVQPGGSLTLSCVASGSPSSINAYGWYRRAPGKQRELVAGISSDGSKVYSDSVKGRFTISRDNAKNSVYLQMNSLRAEDTAVYYCYYFRTVSGSSQSYWGQGTLVTVSS
seq15381,QVQLVESGGGLVQPGGSLRLSCAASGRTFIAYAMGWFRQAPGKEREFVAAITNFAGGTTYYADSVKGRFTISRDNAKTTLYLQMNSLRAEDTAVYYCAADRSAQTMRQVRPVLPYWGQGTLVTVSS
seq15382,QVQLVESGGGLVQPGGSLRLSCAASGSISTYTMAWYRQAPGEQRESVAAISSGGRTDYIDSVKGRFTISRDNAKNMVYLQMNSLKPEDTAVYYCNSADGLKIGTYYFKGLGWGQGTQVTVS
seq15383,QVKLEESGGGLVQAGGSLRLSCAASERTFSRYPVAWFRQAPGAEREFVAVISSTGRSTYYADSVKGRFTISRDNAKVTVYLQMNNLKREDTAVYFCAVNSKRTRLQDPNEYDYWGQGTQVTVSS
seq15384,QVQLQDSGGGLVQPGGSLRLACAASGSIFSINSMGWYRQAPGKQRELVAHALADGSASYRDSVKGRFTISRDNAKNTVYLQMNSLKPEDTAVYYCNTVPSSVTKGYWGQGTQVTVSS
seq15385,EVQLVESGGGLVQAGGSLRLSCAASGRTFSSYAMAWYRQAPGKEREYVAAIRWSGGTAYYADSVQGRFTISRDNAKNTVYLQMNSLKPEDTAVYYCANRAPDTRLEPYEYDYWGQGTQVTVSS
seq15386,LQESGGGLVQAGGSLKLSCAAPERIGSISGMSWYRQVPGAQREFVATITEGGARNYADFVEGRFTISKDNAKSTLYLQMNNLKSDDTGVYYCKLRRRFGGQELWGQGTQVT
seq15387,DVQLVESGGGLVQPGGSLRLSCAASGFTLDYYGVGWFRQAPGKEREGVSCISSSDGDTYYADSVKGRFTISRDNAKNTVYLQMNSLKPEDTAVYYCATDLSDYGVCSRWPSPYDYWGQGTQVTVSS
seq15388,VQLVETGGGLVQAGGSLRLSCAASGRTFSNYAMGWFRQAPGKEREFVAAISWSGAHTYYADSVKGRFTISRDNAKSTMYLQMNSLKPEDTAVYYCNADLERYSDFGREVDDYWGQGTQVTVSS
seq15389,QVQLQQFGGGLVQPGGSLRFSCATSRITFHNYTMSWYPQVPGKQRELVASITTGYTTNYGDFVKDRFTISRDNAKQTVFLQMNSLKPEDTGDYYCNAYWRAAELNFWGQGTQVTVSS
seq15390,VQLVESGGGSVQAGGSLRLSCAASGRTISNYDMAWSRQAPGKEREFVARISGSGDRTDYADSVKGRFTISRDNAKNTVYLQMNSLKPEDTAIYYCQIQDFGSPSFSGQGTQVTVS
seq15391,EVQLVESGGGLVQAGASLRLSCAASGRMFSSYGMGWFRQAPGKEREFVAAITWSGGYTYYLDSVKGRFTVSRDNAKNMVYLQMNSLKPEDTAVYYCAAGFQYYSTITNYARERDYDYWGQGTQVTVSS
seq15392,QVQLQESGGGLVQAGGSLRLSCAASGYISGAYYMGWYRQAPGKEREFVAGIGGGSTNYADSVKGRFTISRDNAKNTVYLQMNSLKPEDTAVYYCAVYQSVAYYCRGYFSYWGQGTQVTVSS
seq15393,QVQLVESGGGLVQAGGSLRLSCESSGRAASWFGMAWFRQAPGKEREFVAGIAWSTGGVRYADSVKGRFTISGDNTRNMLFLQMTSLKPEDTAVYYCAARSGPRPTLDMDLWGKGTLVTVSS
seq15394,EVQLVESGGGLVQPGGSLRLSCAASGEIASIIAMGWFRQAPGKEREWVSAINSGGDTYYADSVKGRFTISADNSKNTAYLQMNSLKPEDTAVYYCAADRSRTIWPDWGQGTLVTVSS
seq15395,QVQLQESGGGLVQPGGSLRLSCAASGSTFSIKAVAWYRQAPGKRRELVAGISGGGVTNYPDSVKGRFTISRDNAKNTVYLQMSSLKPEDTAVYYCNLWPPRASPGGRVYWGQGTQVTVSS
seq15396,DVQLQASGGGLVQAGGSLRLSCAASGRTFSRFAMGWFRRAPGKEREFVAAISWSGGTTYGADSAKGRFTISREYAKNIMYLQMNSLKPEDTAVYYCAAGRAVSDYDYWGQGTQVTVSS
seq15397,VQLQESGGGSVQAGGSLRLSCTAPGFTSNTCAMAWFRQAPGKEREFVSSMSTGGTTGYGDSVKGRFTSSKDAAKDTVYLQMNSLKPEDTAIYFCKTYACRDCIGRYCRTAPDAWGQGTQVTVSS
seq15398,EVQLVESGGGLVQPGGSLRLSCAASGRTFITYAIGWFRQAPGKGREFVSAISWSGSITSYADSVKGRFTISRDNAKNTLYLQMNSLRPEDTAVYYCAAHRGAIAPIAQSVYTNWGQGTLVTVSS
seq15399,VQLVESGGDLVRPGGSLRLSCAASGFTFSIYDMNWVRQAPGKGLEWVAGISGNGYSTSYAESVKGRFTISRDNAKNTVYLQLSSLKFEDTAMYYCVRDAERWDENDLRRKGQGTQVTVSS
seq15400,EVQLVESGGGLVQPGGSLRLSCAASGTTFKVNVMAWYRQAPGKGRELVAAIINDGSTTYADSVKGRFTISRDNAKNTLYLQMNSLRPEDTAVYYCAFVTTNSDYDLGRDYWGQGTLVTVSS
seq15401,EVQLVESGGGLVQPGGSLRLSCAASGGTFSVFAMGWFRQAPGKEREFVSAINWSGGSLLYADSVKGRFTISADNSKNTAYLQMNSLKPEDTAVYYCALFGDFDYWGQGTLVTVSS
seq15402,VQLQESGGGLVQAGGSLRLSCLASMTTLGFKTMGWYRQAPGKQRELVAAITSGGTANYADSVKGRFAISRENAKNTLYLQMNSLKPEDTALYYCASTTGWTEVGGRNDYWGQGTLVTVSS
seq15403,QVQLQESGGGSVQPGGSLRLSCAASGYTYSSYCMGWFRQAPGKEREGVAAIDSDGRTSYADFVKGRFTISKDNAKNTLYLQMNSLKPEDTAKYYCATEQRIGGSWYDLCGGADFGYWGQGTQVTVSS
seq15404,VQLQESGGGLVQAGDSLRLSCVASGRTFSSLDMGWFRQAPGKEREFVAGISRSGISQYYADSMKGRFTISRDNAKNLVYLQMNSLKPEDTAVYYCAAALTFRGSDLPRDSNYWGQGTQVTVSS
seq15405,QVQLQESGGGSVQAGGSLRLSCTASGFSLDDSDMGWYRQARGNVCQLVSTIASDRSTYYTPSVQGRFTISRDNSENTIYLQMNSLKPEDTAVYYCAAAPRLAYTTAMTCEGDFAYWGQGTQVTVSS
seq15406,EVQLQESGGGLVQPGGSLRLSCAASGFTFSSYWMYWLRQAPGKGLEWVSSINSSSSSTYYRDSVKGRFTISRDNAKNTLYLQMNSLKSEDTAVYYCAKDPGGYAKGQGTQVTVSS
seq15407,EVQLVESGGSLVQAGGSLRLSCAASGLTLDDYAIGWFRQAPGKEREGVSSIRDNDGSTYYADSVKGRFTISSDNDKNTVYLQMNSLKPEDTAVYYCAAVPAGRLRFGEQWYPIYEYDAWGQGTLVTVSS
seq15408,EVQLVESGGGLVQAGGSVRLSCAASGVIFRFVLMGWYRQAPGKQRELVAQITSSDATNYADSVKGRFTISRDNAKKTVDLQMNSLKPEDTAVYYCLLARGPDVYWGQGTQVTVSS
seq15409,EVQLVESGGALVQPGGSLRLSCAASGFTLGDYVIGWFRQAPGKEREWVSGISSRDDTTYYANSVKGRFTISRDNAKNTMYLQMNSLKPEDSAVYYCALRSGIAVARAPTNYDYWGQGTQVTVSS
seq15410,EVQLVESGGGLMQAGDSLRLSCAASGRAFSSYALGWFRRAPGKEREFVAATDRLGDNTYFPDSVKGRFTISRDNAKNTLYLQMNNLKPEDTAVYYCAAGAVRYGVSTSPMNYNYWGQGTLVTVSS
seq15411,QVQLQESGGGLVQAGGSLRLSCAASGTLFSINGMAWYRQAPGKRRELVGGITSDGSTGYADSVKGRFTISRDNAKNTAYLQMNSLKPEDTAVYYCGTSTPRGDSYWGQGTQVTVSS
seq15412,EVQLVESGGGLVQPGGSLTLSCAASGSSVSFLSMAWYRQAPGKKRELVAGISADGSTIYIDSVKGRFTISRDNAKNSVYLQMNSLRAEDTAVYYCYAYRWRTRYTYWGQGTLVTVSS
seq15413,VQLQESGGGSVQAGGSLRLSCVASGYTDSTYCVGWFRQAPGKEREGVARINTISGRPWYADSVKGRFTISQDNSKNTVYLQMNSLKPEDTAIYYCTLTTANSRGFCSGGYNYKGQGTQVTV
seq15414,QVQLQESGGGLVQAGDSLRLSCAASGSTFSRYTNIGWFRQAPGKEREFVAAFRWGFANTYYGDSVKGRSTISRDNAKKQVYLQMNSLKPEDTAVYYCAASSEWTTEAVKYDYWGQGTQVTVSS
seq15415,DVQLVESGGGSVQAGGSLRLSCAASGATYCTYDMSWYRQAPEKDYEFVSVIDSDGSARYADSVKGRFTISRDNAKNTVYLQMNSLKPEDTGMYYCKTVFKSWCSDGLGTTLPNYWGQGTQVTVSS
seq15416,GLVQAGDSLSPSCRPSMDISAFTTMGYYRQFPGQLRELVATITRAGFETYADAVKGRFTVFRDTSKNTVDLQMNDLKVEDTAVYYCNAPYIGRAYWGRGTQVTVSS
seq15417,DVQLVESGGGLVQAGGSLRLSCESSISTFSSDAMGWFRQAPGKELEWLAAIGWSGAVTHYSDSVKGRFTISRDNAKNTVYLQMNSLRAEDTGRYYCAEDYDTDVWQYWGQGTQVTVSS
seq15418,QVQLVESGGGLVQAGGSLRLSCAASGRTFGSYTMGWFRQAPGQEREFVASISRSGGSTYYTDSVKGRFTISRDNAKNTVYLQMNSLKPEDTAVYYCAASNTGGRASASYKYWGQGTQVTVSS
seq15419,EVQLVESGGGLVQPGGSLRLSCAASGSIFIISMGWFRQAPGKEHEFVTGINWSGGSTTYADSVKGRFTINADNSKNTAYLQMNSLKPEDTAVYYCAASAIGSGALRRFEYDWGQGTLVTVSS
seq15420,ELQLVESGGGLVQPGGSLRLSCAASGFTFRDYSMSWVRQAPGKGLEWVSAISWNGDSTYYAESLKGRFTISRDNAKNTLYLQMNSLRAEDTAVYYCAKSWATPIESLYYYGSDYWGQGTLVTVSS
seq15421,QVQLVESGGGSVQAGGSLKLSCAASGYTGTTCRMAWYRQAPGKERVLVSSITSHGDTYYAESVKGRFTISQDNDKKTVYFQMNSLKPEDTAMYLCNTIACPAGVSCTRCYSEPEFWHWGQGTQVTVSS
seq15422,EVRLVESGGGLVQPGGSLRLSCAASGSISIINFMNWYRQAPGKQRELVAQVTSGVTSGGTTYYDDSVKGRFTISRDNAKNMVSLQMNSLKPEDTAVYYCNVQGYFGSTWINYWGQGTQVTVSS
seq15423,QLQLVESGGDLVQPGGSLRLSCAGSGFTLDAYAIGWFRQAPGKEREGVSCISSSGGTTSYADSVKGRFTISRDYAKNTVYLQMNAVKPEDTAVYYCAIERTCERIGASQFRGQGTQVTVSV
seq15424,EVQLVESGGGLVQPGGSLRLSCAASGRTFSGILSAYAVGWFRQAPGQEREFVATITSGGSTLSADSVKGRFTISRDNSKNTLYLQMNSLRAEDTAVYYCAVRTWPYGSNRGEVPTENEYGHWGQGTLVTVSS
seq15425,VQLVESGGGLVQAGGSLRLSCVGSGRNPGINAMGWYRQAPGSQRELVAVWQTGGSTNYADSVKGRFTISRDNLKNTVYLQMNSLKPEDTAVYYCYLKKWRDEYWGQGTQVTVSS
seq15426,QVQLQESGGRLVQAGGSLRLSCAASEHTFRGYAIGWFRQAPGKEREFVSSITYDGTLTNYADSVTGRFTISRDNAKNTVYLQMNSLKPEDTAVYVCAAGYSYRYTTLNQYDSWGQGTQVTVSS
seq15427,EVQLVESGGGLVQAGGSLRLSCESSISTFSSDAMGWFRQAPGKGREFLAAIGWSGAVTHYSDSVKGRFTISRDNAKNTVYLQMNSLRSEDTGRYYCAEDYDTDVWQYWGQGTQVTVSS
seq15428,EVQLVESGGGLVQPGGSLTLRCAASGSKVSFLSMAWYRQAPGKKRELVAGISADGSTDYVDSVKGRFTISRDNAKNSVYLQMNSLRAEDTAVYYCYAYRWTRRYTYWGQGTLVTVSS
seq15429,EVQLVESGGELVQAGGSLRLSCAASGSVSSINVMGWYRQAPGKQRELVATISSSGYTDYSDSAKGRFTISRDNKNTVHLQMNSLKPEDTAVYYCRASTLRTGWFTGWGQGTQVTVSS
seq15430,EVQLVESGGGLVQPGGSLRLSCAASGFTFDDYGMSWVRQAPGKALEWVSAISWNGNNTYYTESMKGRFTISRDNAKNTCYLQMNSLRPEDTAVYYCVKGSTAIVGVPPTYPDEYDYWGQGTLVTVSS
seq15431,QVQLQESGGGSVQAGGSLRLSCAASEYIYSRNCMGWFRQAPGKEREGVAAIYTGSGNTNYADSVKGRFTIAQDNAKNAVYLQMNSLKPEDTAVYYCAARNSGSWWRPSCNFDSDFGYWGQGTQVTVSS
seq15432,EVQLVESGGGLVQPGGSLRLSCAASGFTLDDYAIGWFRQAPGKEREGVSAIRDNGGSTYYADSVKGRFTISSDNSKNTVYLQMNSLRPEDTAVYYCAAVPAGRLRFGEQWYPLYEYDAWGQGTLVTVSS
seq15433,QVQLVQSGGGLVQAGGSLRLSCAASGRTFSSDTLAWFRQAPGKEREFVASISPSGGVTYYEDSVKGRFTISRDNSKNTVLLQMNSLTPEDTAVYYCNRDPKYGNTRYWGQGTQVTVSS
seq15434,QVQLVQSGGGLVQAGGSLRLSCAFSGRTFSMYTMGWFRQAPGKEREFVAANRGRGLSPDIADSVNGRFTISRDNAKNTLYLQMDSLKPEDTAVYYCAADLQYGSSWPQRSSAEYDYWGQGTTVTVSS
seq15435,EVQLVESGGGEVQPGGSLRLSCAASGSIFSINAMGWYRQAPGKQRELVAGFTGDGMTKYAESVKGRFTFSRDNAKNTVYLQMSSLRAEDTAVYYCAADVFTDRDHVDWYWGQGTLVTVKP
seq15436,QVQLQESGGGLMQAGDSLRLSCVVSGVTWNSYTMAWFRQAPGKEREFVAAIRWTVDTTYYADFVKGRFTISRDYAKKTMYLQMNNLKPEDAAVYYCAVGRKWPKADDYWGQGTLVTVKP
seq15437,QVQLQESGGGLVQAGGSLRLSCVASGSIFSRDTMAWYRQVPGEQRELVAYITNFGGTNHADSVKGRFTISRDNAKNTVYLQMNSLKPEDTAVYYCAAGLLSLRSHTWELWGQGTQVTVSS
seq15438,QVQLQESGGGLVQAGDSLRLSCAALGRTFSDYHMGWFRQAPGKERTFVAAITWNGGDTVFEDSVKGRFTISRDNGKKTVSLQMSSLQPEDTAVYYCAASLAVLTRPTAPVISSSYDYWGQGTQVTVSS
seq15439,QVQLQESGGGLVQAGGSLRLSCVASGRTVSNYAMGWFRQAPGKEREFVARITGSGSSTFYADSVKGRFTISRDNAKNAVYLQMNSLKPEDTAVYYCAADRWRSMVTRSYPREYENWGQGTQVTVSS
seq15440,QVQLVESGGGLVHPGGSLRLSCAASGSISSINVMGWYRQAPGKERELVARITNLGLPNYADWLKDRFTISRDNAKNTVYLQMNSLKPEDTAVYYCYLVALSAEYWGQGTQVTVSS
seq15441,QVQLQESGGGSVQTGGSLRLSCVASTSIYSNNYMAWFSQAPGKGREGVAAVYIDDGRPYYADSVKGRFTISLDSAKNTVYLQMNSLKPEDTAMYYCAAAPGPLSRSYWYTSANYDYWGQGTQVTVSS
seq15442,QVHLVESGGGSVQAGGSLRLSCAASGHTYSANCMAWFRRAPGKEREWVASVYTDDDSTMYTDSVKGRFTIFQDNAKNTVYLQMNSLKPEDTGMYICAADLSGGPAGCGYTHWGQGTQVTVSS
seq15443,EVQLVESGGGEVQPGGSLKLSCVASGTDFSINFVRWYRQRPGKQREWVAGFTANGDTNYPDSMKGRFTISRDNAKNTVYLQINSLKSEDTAVYYCYMLDNWGQGTQVTVSS
seq15444,EVQLVESGGGLVQPGGSLRLSCAASGFSFDDYVMGWFRQAPGKEREFVAAISRSGNLKSYADSVKGRFTISADNSKNTAYLQMNSLKPEDTAVYYCAAKEYGGTRRYDRAYNWGQGTLVTVSS
seq15445,VQLQESGGGLVQPGDSMRLSCAAEGDSLDGYVVGWFRQAPGKERQGVSSISGDGSMRYVADSVKGRFTISRDNAKNTVYLQMIDLKPEDTGVYYCAADPPTWDYWGQGTQVTVSS
seq15446,EVQLVESGGGLVQPGGSLRLSCAASGRTLVNYDMGWFRQAPGKEREFVAAIRWSGGITWYADSVKGRFTISADNSKNTAYLQMNSLKPEDTAVYYCAAFRGIMLPPWGQGTLVTVSS
seq15447,EVQLVESGGGLVQPGGSLRLSCAASGFTFSSYAMSWVRQAPGKGPEWVSHINSGGGNTKYADSVKGRFTISRDNAKNTLYLQMNTLKPEDTAVYYCAKDVSGGYYGTYALDAWGQGTQVVVSS
seq15448,DVQLVESGGGLVQPGGSLRLSCAASGRTFSYNPMGWFRQAPGKGRELVAAISRTGGSTYYPESVEGRFTISRDNAKRAVYLQMNSLRAEDTAVYYCAAAGVRAEQGRVRTLPSEYTFWGQGTQVTVSS
seq15449,EVQLVESGGGLVQPGGSLRISCAASGSIYLINYMGWYRQAPGKQRELVATLTSGGSTNYAGSVKGRFAISRDNAKNTVYLQMNSLKPEDTAVYYCNIGGTLYDRRRFESWGQGTLVTVQS
seq15450,QVQLQESGGGLVQTGDSLRLSCAVSGRTVNSYAMAWFRQAPGKEREFVAATTWRGTSTNYADPVKGRFTMSRDNAKNTVDLQMNSLKPEDTAVYYCAANTYYRGGGYLTEYNLWGQGTQVTVSS
seq15451,EVQLVESGGGLVQAGGSLRLSCAASGGTFGVYHMGWFRQAPGKEREFVAVIRSGGTTLYADSVKGRFTISRDDAKNTVYLQMNSLKPEDTAVYLCAAQIYYRTNYYSQNNYDYWGQGTQVTVSS
seq15452,EVQLMESGGGMVQVGGSLRLSCTASGLIFSNNAMGWYRQGPGKKRDLVASISSTYSTNYADSVKGRFTVSRDNDKNTGYLQMNSLKPEDTGVYYCTIDARRGWNTAYWGQGTPVTVSS
seq15453,EVQLVESGGGLVQAGGSLSLSCAASGRTFSNYRMAWFRQAPRKEREFVAAISRSGESTYFADSMKGRFTISRDNTESTGYLQMNNLKPEDTAVYYCAASWDHGDYVDGGFFYDYWGQGTQVTVSS
seq15454,EVQLVESGGGLVQPGGSLRLSCAASGTTFRINAMGWFRQAPGKEREFVAAMNWSGGSTKYADSVKGRFTISADNSKNTAYLQMNSLKPEDTAVYYCAAQDRRRGDYYTFDYHWGQGTLVTVSS
seq15455,EVQLVESGGGLVQAGGSLRLSCAASGRTFSSYAMGWFRQAPGKEREFVVAINWSSGSTYYADSVKGRFTISRDNAKNTMYLQMNSLKPEDTAVYYCAAGYQINSGNYNFKDYEYDYWGQGTQVT
seq15456,EVQLVESVGGLVQTGGSLRLSCVASGRTFVSGGMGWFRQAPGKEREFVAAIVWIGGRTYYADSVKGRFTISGDNAKSTVTLQMNSLKPEDTALYYCADGDLATGTYDYWGQGTQVTVSS
seq15457,EVQLVESGGGLVQPGGSLRLSCAASGFTLDHYTIGWFRQAPGNEREGVSCISSLDGSTYYADSVKGRFTISRDNAKDTVYLQMNSLKPEDTAVYYCAVAGCGAYGLIPYDYWGQGTQVTVSS
seq15458,QVQLQESGGGLVQPGGSLRLSCAASGRIFSINDMAWYRQAPGKQRELVAIITNDDSTTYADSVKGRFTISRDNAKNTVYLQMNSLKPEDTAVYYCNADINTAIWRRKYWGQGTQVTVSS
seq15459,EVQLVESGGGLVQPGGSLRLSCAASGFTFGNYDMSWVRHAPGKGPEWVSAINSGGGSTYYTDSVKGRFTISRDNAKNTLYLQMNSLKPEDTAVYYCAIPRGWGPTGPHEYAYWGQGTQVTVSS
seq15460,KVQLVESGGGLVQAGGSLRLSCTASGSAFSSTVVGWFRQAPGKERDFVTAINWSGARTAYADSVKGRFTISRDNAKNTAYLQMNSLKPEDTAVYYCAAGRDRYARDLTEYEYLWWGQGTQVTVSS
seq15461,EVQLVESGGGLVQPGGSLRLSCAASGSIFSVYVMGWFRQAPGKGRELVAAITPFDDNTYYPDSVEGRFTISRDNAKRMVYLQMNSLRAEDTAVYYCAADWEWPEYNYWGQGTQVTVSS
seq15462,EVQLVESGGGLVQAGGSLRLSCAASGRTFSDNAMGWFRQAPGKEREFVATISRGGSRTSYADSVKGRFTISADNAKNTVYLQMNSLKPEDTAVYYCAAGPRSGRDYWGQGTQVTVSS
seq15463,EVQLVESGGGLVQPGGSLRLSCAASGRTFSDDTMGWFRQAPGKERELVGTINWSGGSTYYADSVKGRFTISADNSKNTAYLQMNSLKPEDTAVYYCATDPPLFWGQGTLVTVSS
seq15464,QVQLVESGGGLVQPGGSLRLSCAASGFTLDYYAIGWFRQAPGKEREGVLCISSSGDSTYYADSVKGRFTISRDVAKNTVYLQMNSLKPEDTAVYYCGTDAPYYSDNSHRCLADFGSWGQGTQVTVSS
seq15465,QVQLQESGGGLVQAGGSLRLSCAASGFTDDDYDIGWFRQAPGKEREGVSCISSSDGSTYYADSVKGRFTISSDNAKNTVYLQMNSLKPEDTAVYYCAADFFRWDSGSYYVRGCRHATYDYWGQGTQVTVSS
seq15466,QVQLQQSGGGLVQAGGSLRLACAASGRTLSSYVMGWFRQAPGKEREFVAAISWSGGSTYYADSVKGRFTISRDNAKNTVYLQMNSLKPEDTAVYYCAATLRGSNRYYSGRVYDYWGQGTQVTVSS
seq15467,EVQLVESGGGEVQPGGSLRLSCAASGSIFSINAMGWYRQAPGKQRELVAGFTGDTNTIYAESVKGRFTISRDNAKNTVYLQMSSLRAEDTAVYYCAADVQLFSRDYEFYWGQGTLVTVKP
seq15468,EVQLVESGGGLVQPGGSLRLSCATSGFTEDYYVIGWFRQAPGKEREGVSCMSSSGDSTTYADSVKGRFTISRDNAKNMVYLQMTSLKPEDTAVYYCAADFALGCYSGSYYPRYDYWGQGTQVTVSS
seq15469,QVQLQESGGGSVQAGDSLRLSCAVSARTFSSYTMGWFRQAPGKEREFVTAITWSAGWTYYADSVKGRFTISRDNTQNTVYLQMDSLKVEDTAVYYCAAGPLPVTSPSSYDYWGQGTQVTVSS
seq15470,EVQLVESGGGLVQAGESLRLSCVASGITFSNYNMGWFRQAPGKEREFVATIRHHGYDTYYAESVKGRFTISRDNAKNTVYLQMNSLKPEDTALYSCAKKLFWDMDPKTGFSSWGQGTQVTVSS
seq15471,EVQLVESGGGLVQTGGSLRLSCAASGRTFSNYTMGWFRQAPGKDREFVAAISRSGALKAYADSVKGRFTPSRDNAKKMAYLQMNSLKPEDTAVYYCAAAPVPWGTRPSFFPYDSWGQGTQVTVSS
seq15472,EVQLQASGGGLVQAGGSLRLSCAASGRTFSRFAMGWFRRAPGKEREFVAAISWSGGTAYGADSAKGRFTISREYAKNIMYLQMNSLKPEDTAVYYCAAGRAVSDYDYWGQGTQVTVSS
seq15473,QVQLQESGGSLVQPGGSLRLSCAASGSIFRLNDMRWYRQAPGKQREVVATITSGGTTNYADSVKARFTISRDNAKNTVYLQMNSLKPEDTAVYYCNADISLYSAFGLFSPPKNYWGQGTQVTVSS
seq15474,EVQLVESGGGSVQAGGSLRLSCTASGRPFDDYAMAWFRQAPGKEREFVAAISWSLSRTHYADSVKGRFTISRDGAKNTAFMQMSSLKPEDTAVYYCAAAPRPKWVSVQYFSTSANYEYWGQGTQVTVSS
seq15475,GGSLRLSCAASRSLFSGNTMGWYRQAPGNEREVVARITPDGRRNYADSVKGRFTISRDNAKNTMYLEMNNLKVDDTATYYCNSVAAVLRRTASWGQGTQVTVSS
seq15476,VQLQESGGGLVQPGGSLRLSCAASGNIFSINAIGWYRQAPGKQRELVATITLSGSTNYADSVKGRFSISRDNAKNTVYLQMNSLKPEDTAVYYCNANTYSDSDVYGYWGQGTQVTVS
seq15477,EVQLVESGGGLVQAGDSLRLSCAASGRTFSTYAMAWFRQAPGKDREFVAAISWSSDMTYYLDSVKGRFTISRDNAKNTVFLQMNSLKPEDTAVYYCASGAYYAGSSTSPYNYWGQGTQVTVSS
seq15478,EVQLVESGGGLVQAGGSLRLSCTGSRSIFSTYAMAWHRQAPGKQRELVGFIYWGGTTTYSDSVKGRFTISRDNAKNTMYLQMNSLKPEDAGVYYCNIYGSYALPWGQGTLVTVSS
seq15479,QLQLVESGGGLVQPGGSLRLSCAASGFTLDSYAIGWFRQAPGKEREGVACISASGSGTDYVDSVKGRFTVSRDQAKSMVFLQMNNMKPEDAAVYYCAADYRPRPLPIQAPCTMTGGNYWGQGTQVTVSS
seq15480,DVQLQASGGGLAQAGGSLRLSCAASGGTDSINVMAWYRPAPGKQRELVAAIARDARTNYADSLKGRFTVTRDNAKNTVYLQMNRMKPEDTAVYYCNAEALMHTQFPRHYWGPGTQVTVSS
seq15481,EVQLVESGGGLVQPGGSLTLSCAASGSSVGFLSMAWYRQAPGKKRELVAGISADGSTDYIRSVKGRFTISRDNAKNSVYLQMNSLRAEDTAVYYCYAYRWRTRYTYWGQGTLVTVSS
seq15482,EVQLQESGPGLVKPSQTLSLTCTVSGGSITSRYYAWSWIRQPPGKGLEWMGVIDYDGDTYYSPSLKSRVTISVDTSKNQFSLQLSSVTAEDTAVYYCARDPDVVTGFHYDYWGQGTQVTVSS
seq15483,QVQLQESGGGLVQSGGSLRLSCAASGFSLDDYTIGWFRQAPGKEREGVSCISSSGGSTYYADSVKGRFTISRDNAENTVYLQMNSLKPEDTAVYYCATYCPVTIADELGFDYWGQGTLVTVKP
seq15484,VQLVESGGGSVQTGGSLRLSCAASGYTSSTVYMAWFRQTPGKQREGVAAIYTGGGPTYYADSVKGRFTISQDNAKNTVYLQMNTLKPEDTAMYYCAADRYVYRLVTNWYRPSFYTYWGQGTQVTVSS
seq15485,QVQLVESGGGSVQAGGSLTLSCAISGNTYSTKYMGWFRQAPGKEREGVAAILAGGRNTYYADSVKGRFTISQDNAKNTVYLQMHSLKPEDTAMYYCAADTRAAFWYIGPLNSDQYNLWGQGTQVTVSS
seq15486,QVQLVESGGGLVQAGDSLRLSCAASGGTLGNFAMGWFRQTPGKERECVAAINWTGSSTYYSDSVRDRFTISRDNARNTMYLQMNRLKPEDTAVYYCARHQNVFGFGIRTYDYDPWGQGTQVTVSS
seq15487,EVQLVESGGGLVQPGGSLTLSCVASGSTSSINAMGWYRRAPGKQRELAAGISSDGSKLYADSVKGRFTISRDNAKNSVYLQMNSLRAEDTAVYYCYYFRTVSGSSMRYWGQGTLVTVSS
seq15488,AVQLVESGGGSVQAGGSLRLSCTASEYTSRSYCMAWFRQAPGKEREGVATLYPDRGNTWHADSVKGRFAISQDSAKDTVFLQMNSLIPDDTATYYCAAGQCTHYACYVCIARGGYNNWGEGTQVTVSS
seq15489,VQLQESGGGLVQAGGSLRLACAASGETVDDLAIGWFRQAPGKEREEISCISGSDGSTYYADSLSGRFTISRDNVKNTVYLQMNSLKLEDTAVYYCYAEIYDRRWYRNDYWGQGTQVTVS
seq15490,QVQLQESGGGVQPGGSLRLSAASGVFMIKIGWYRQAPGKRELIAAITDGTTNYADSVKGGFTISRDNAKNVFLQLNSLKPDTAVYYCHADWRIGAKDYWWGGTQVTVSS
seq15491,VQLQESGGGLVQAGGSLRLSCAASGRTVSSLFMGWFRQAPGKERELVAAISRYSLYTYYADSVKGRFTISADNAKNAVYLQMNSLKPEDTAVYYCASKLEYTSNDYDSWGQGTQVTVSS
seq15492,AVQLVDSGGGLVQAGGSLRLSCAASGRTFSSYPMGWFRQGPGKERKFVAGISQSGVGTAYSDSVKGRFTISRENAKNTVYLQMNSLKPEDTAVYYCAARDKTLALRDYAYTTDVGYDDWGQGTQVTVSS
seq15493,QVQLVESGGGLVQPGGSLRLSCAASGNIFRIDTMGWYRQAPGKQRELVAGISRGGTTTYAHSVKERFTISRDNAKNTMYLQMNSLKSEDTAGYYCNAQAWDPGTFRYLEVWGQGTLVTVSA
seq15494,VQLVESGGGLVRAGGSLKLTCAVSGDIFSIKAMGWYRRAPGKKRESVAAISAAGNTLYADSVKGRFTISRDNDANTLFLQMNSLKPEDTAMYYCAAEINNSDSLNQGGQGTQVTVSS
seq15495,EVQLVESGGGLVQPGGSLRLSCAASGFTFSSYAGRWVRQVPGKGLEWVSSINAGGGSTSYADSVKGRFTISRDNAKNTLYLQMNSLKPEDTAKYYCTQNSYRYWGQGTRVAVSS
seq15496,EVQLVESGGGLVQAGGSLRLDCAASGRTSYAMGWFRQGTGKEREFVAAISPSGYYTYYEDSVKGRFFIHRDNAKNMVYLQMNSLTPEDTAVYYCAAGRHKTVSGILPDYWGQGIQVTVSS
seq15497,EVQLVESGGGLVQAGGSLRLSCAASGFTFDDYAIGWFRQAPGKEREGVSYIGCNDGSTYIADSVKGRFTISCDYAENTVYLQMDSLKSEDTAVYYCAAAAQWATIRWIQEYDYDYWGQGTQVTVSS
seq15498,LQQSGGGWVQAGGSLRLSCAASGSIFGLGAMGWYRQAPGKQREMVAVIRSSGYTHYAEFVEGRFTIASDNAKNTVSLQMNSLKPEDTAVYYCHAGGWEYGKDYWGKGTLVT
seq15499,EVQLVESGGGLVQPGGSLRLSCAASGRTHSIYPMGWFRQAPGKERELVAAIHSGGATVYADSVKGRFTISADNSKNTAYLQMNSLKPEDTAVYYCAARRWIPPGPIWGQGTLVTVSS
seq15500,EVQLVESGGGLVQPGGSLRLSCAASGPTFDTYVMGWFRQAPGKEREFVAAISWTGDSSSDGDTYYADSVKGRFTISADNSKNTAYLQMNSLKPEDTAVYYCAAAIFDVTDYERADWGQGTLVTVSS
seq15501,VQLAESGGGSVQPGGSLRLSCAASGFTFSSYTMSWVRQAPGKGIEWVSDINGGGDRTDYADSVKGRFTISRDNARNTLYLQMNSLQPEDTAVYYCAKDLSYVSGTYFANDWGQGTQVTVSS
seq15502,EVQLVESGGGLVQPGGSLTLSCAASGSRVSFLSMAWYRQAPGKKRELVAGISADGSTLYIDSVKGRFTISRDNAKNSVYLQMNSLRAEDTAVYYCYAYRWHTRYTYWGQGTLVTVSS
seq15503,QVQLVESGGGLVQPGGSLRLSCAASGFAFSRYSMYWVRQAPGKGLEWVSEIYPDGNGWYTSSVKGRFTISRDNDKNMLYLQMNSLKPDDTAVYYCALSRSGQGRGQGTRVTVSS
seq15504,EVQLVESGGGSVQAGGSLRLSCTTSGRALNMYVMGWFRQAPGNEREFVAATSSSGGSTSYPDSVKGRFTISRDNAKNTVYLQMNSLKPEDTAAYRCAASPYVSTPTMNILEEYRYWGLGTQVTVSS
seq15505,EVQLVESGGGLVQPGDSLKLSCVASGRTSSSYSMGWFRQAQGQEREFVVAISSGGYIYDSVSLQGRFTISRDNTKNTVYLQTPSLKPEDTAVYYCAASRAYGSSRLRLADTYDYWGQGTQVTVSS
seq15506,DVQLQESGGGLVQAGGSLRLSCAASGHIFSRNAAGWFRQAPGKQREAVATLSSGGNTTYRDSVKGRFTISRDDTTNTVHLQMNSLKPEDTAVYYCNAMWYWGQGTQVTVSS
seq15507,EVQLQASGGGLVQPGGSLRLSCAASGSFFTIDTMAWYRQAPGKQRELVARQSSGRSPDYDDSVVGRFTISRDIAKSSVCLQMDSLQPEDTALYYCYQSIRPWPGSSYEAHWGQGIQVIVSS
seq15508,QVQLQESGGGLVQAGGSLRLSCAASGRTFSRYAWGWFRQAPGKEREFVARISWSGGHTYFADSVKGRFTISRDNAKNTVYLQMNSLKPEDTAVYYCAADPTPYGLKNERNYHYWGQGTQVTVSS
seq15509,EVQLVESGGGLVQAGDSLRLSCAATGRTSSIYNMDWFRQGSGKGRELIARIWWRSGETYYADSVKGRFTISRDNAKNTVYLQMNSLKPEDTNVYHCAAGDTGGASYGYWGQGTQVTVSS
seq15510,DVQLVESGGGSVPAGGSLRLSCAVSGYTYENRYMAWFRQAPGKEREGVAAIWRGGNNPYYADSVKGRFTISQDKAKNIVSLLMNSLKPEDTAIYYCAAQAGRFSGPFTNQTYDYWGQGTQVTVSS
seq15511,VQLVESGGGLVQPGGSLRLSCAASGFTFDDYAIGWFRQAPGEEREGVSSISSTYGLTYYADSVKGRFTISRSNSKNTVYLQMNSLKPEDTAVYYCAATPIERLGLDAYEYDYWGQGTLVTVSS
seq15512,QVQLQQSGGGLVQAGGSLRLSCAASGRRFSLYHMGWFRQAPGKEREFVAVISWSGGTTVYADSVKGRFTISRDNEKNAGYLQMNSLKPEDTAVYYCAVDRLIESFSDPTAWPRMDYWGKGALVTVSS
seq15513,QVQLQESGGGLVQAGGSLRLSCLASGRTFSSYAMGWFRQAPGKEREFLATINWSGGTTYYADSVKGRFTVSRDNAKNTVYLQMNSLKPEDTAVYYCAAVRYGGGGFFTDSKSFDYWGQGTQVTVSS
seq15514,QVQLVQSGGGLVQAGGSLRLSCAASGLTFDEHHMGWFRQAPGKEREFVAAITWHTGTTWYADSVKGRFTISRDDAKNTVALQMNALKTDDTALYYCVDGRRPFFIREVGVEPDYWGQGTQVTVKP
seq15515,EVQLVESGGGLVRAGGSLRLSCAASGTISSYDVVGWYRQAPGKQRELVALIGTDRWLNLGDFAKGRFTMSTDDAANTVDLEMNSLKPEDTAVYYCYTFQHTVGPRWGQGTQVTVSS
seq15516,EVQLVESGGGLVQAGGSLRLSCAASGVIFRLNAMGWYRAAPGKQRELVAIIVNGGSTNYADSVKGRFTISRDSAKNAVYLQMNSLKPEDTAVYYCYYNIPGDVYWGQGTQVTVSS
seq15517,DVQLVESGGGLVQPGGSLKLSCAASGFDFSSHWMYWVRQAPGKELEWLSEINTNGLITHYGDSVKGRFTVSRNNAANKMYLELTRLEPEDTALYYCARNQHGLNKGQGTQVTV
seq15518,DVQLVESGGGLVQPGGSLRLSCAASGSIFSIYAMGWYRQAPGKQRELVASISSGGGTNYADSVKGRFTISGDNAKNTVYLQMNSLKPEDTAVYYCKREDYSAYAPPSGSRGRGTQVTVSS
seq15519,QVKLEESGGGPVQAGGSLRLSCLASGRFVNSPTMAWFRQAPGEERKFVAAIRSRDDSTYYSNSVKGRFTISLDNAKNTAYLRMDSLQPEDTAVYYCAGDPRTIDLSSRLLWGSWGQGTQVTVSS
seq15520,EVQLVESGGGVVQPGGSLRLSCAASGLTFSSYAMGWFRQAPGKEREFVVSISRGGGYTYYADSVKGRFTISRDNSENTVYLQMNSLRPEDTATYYCAAARYWATGSEYEFDYWGQGTLVTVSS
seq15521,DVQLVESGGGLVQPGGSLRLSCASSGSIFTINAMVWYRQAPGKQREEVAALTSGGSTNSADSVKGRFTISRNNAKNTVYRLRNSLKPVDTAVYYAKAVVVTTTPYADYWAQATPVSVSS
seq15522,QVQLQESGGGLVQAGDSLSLSCVDSKRTADRYVMHWFRQVPGKDREFVAAISGNGLVRNYADSVKGRFTISRDNAKNMVYLQMKSLKPEDTAVYYCAADFVLDSRWRYVPYWGQGTQVTVSS
seq15523,QVQLVESGGGLVQPGGSLRLSCAASGFAFSSYDMSWVRQAPGKGLEWVSTINSGGGSTNYADSMKGRFTISRDNAKNTVYLQMNSLKPEDTAVYYCAARSPYYTRVPLYDYWGQGTQVTVSS
seq15524,VQLQESGGGLVQPGGSLRLSCAASGNIFSINTMGWYRQAPGKQRELVASITTGGTTNYEDSVKGRFTISRDNAKKTVYLQMNRLKPEDTAVYYCNHRRSYSGRDYPVYGMDYWGKGTLVTV
seq15525,LQLVESGGGLVQAGGSLRLSCAASGSAFSLYAMGWHRQAPGKQRELVAYITNGDITNYADSVQGRVIISRDNAKNTVYLHMNSLKPEDTAVYYCYAVGGRTFWGQGTQVTVSS
seq15526,EVQLVESGGGLVQAGGSLRLSCAASGSTFIINVVRWYRRTPGKQRELVATISSGGNANYVDSVRGRFSISRDGAKNAVDLQMNGLKPEDTAVYYCNVPTTHYGGVYYGPYWGQGTQVTVSS
seq15527,QVQLQESGGGLVQPGGSLRLSCRASESLFSLYAMGWYRQAPGKQPELIATISGGGEGTGNYADPVKGRFTISRNNANNMVFLQMNSLKPEDTAVYYCNVYGTNLAPWGQGTQVTVSS
seq15528,QVQLVESGGGLVQSGGSLTLSCTASGFTISNYPMTWVRQAPGKGLEWVSRINSGGDRTLYADSVKGRFTVSRDNARNTMYLQMNNLKPEDTGLYFCADSGAGWRYWGQGTQVTVSS
seq15529,EVQLVESGGGLVQPGGSLRLSCAASGFTLDYYAIGWFRRAPGKEREGVSCTSSSDGSTYYADSVKGRFTISRDNAKNTVYLQMNSLKPEDTAVYYCATTFGDACTVVAGIPDQYDFGSWGQGTQVTVSS
seq15530,QVQLQESGGGLVQAGGSLRLSCAVSGNTLSRYAMGWFRQTPGNEREFVAAIRWNNGATYYAESVKGRFTISRDNGKNTVYLQMNNLKPEDTAVYYCAGRFLGYASSNAYHEALYNYDYWGQGTQVTVSS
seq15531,EVQLVESGGGLVQPGRSLTLSCAASTNIFSTSPYGWYRQAPGKQRELVAAIHGFSTIYADSVKGRFTISRDNAKNSIYLQMNSLRPEDTALYYCNKVPWGDYHPGNVYWGQGTQVTVSS
seq15532,EVQLVESGGGLVQAGGSLRLSCAASGRTYYLNAMGWFRQGPGKDREFVAAIDWSDGNKDYADSVKGRFTISRDNAKNTVYLQMNSLKPEDTAVYYCAADTPPWGPMIYIESYDSWGQGTLVTVSS
seq15533,ELQLVESGGGLVQPGGSLRLSCVASGFTFDDYAMNWVRQAPGKGLEWVSSISWDGGSTDVAESMKGRFTIVRDNAKNTLYLQMNSLKSEDTAVYYCAKSLYSDPSYDYWGQGTQVTVSS
seq15534,EVQLQESGGGLVQPGGSLRLSCAASGFTFDDYAMSWVRQAPGKGLEWVSAISWNGGSTYYAESMKGRFTISRDNAKNTLYLQMNSLKSKDTAVYYCARRRYGLGSEYDYWGQGTQVTVSS
seq15535,QVQLVESGGGLVQAGGSLRLSCAASARIFSSYHKAWFRQAPGKEREIVAAVNGGSSSTYVADSVKGRFTISGDNALNTVSLQMNSLKPEDTAVYYCKAVVVTTTPYSDYWGQGTLVTV
seq15536,EVQLVESGGGLVQPGGSLTLSCVASGKTSSINAMGWYRRAPGKQRELVAGISSDGSKVIADSVKGRFTISRDNAKNSVYLQMNSLRAEDTAVYYCYYFRTVLGSSMRYWGQGTLVTVSS
seq15537,QVQLQESGGGLVQAGGSLRLSCAASASALRMGWYRQAPGEQRELVATIDSAGNTNYAGSVKGRFTISRDSAKNTVYLQMNSLKPGDTAVYYCQARRWTFDGWQDYWGQGTQVTVSS
seq15538,EVQLVESGGGLVQAGGSLNLSCAASGIIFSVNTMAWFRQAPGKQRELVASITPGGNTNYDYSVKGRFTISRDNAKNTVYLQMNSLKPQDTAVYNCNHYLGNYPWGQGTQVTVSS
seq15539,QVQLQEFGGGLVQPGGSLRLSCAASGRVIGAYAMGWFRQAPGKEREFVAAIRWGEGTTTYTDSVKGRFTISRDNAKNTMYLQMNSLKPEDTAVYCCAVNRLVIESTWDYDYEYWGQGTQVTVSS
seq15540,QVQLAESGGGSVQAGGSLRLSCAASGYKYGVYSMGWFRLAPGKEREGVAAICSGGRTTYSDSVKGRFTISKDSANQILYLQMNSLKPEDTAMYYCAARPLWTGDCDLSSSWYKTWGQGTQVTVSS
seq15541,QVQLQESGGGLVQPGESLRLSCAASGSIFSINAMGWYRQAPGKQRELVAAITDGGAKTYADSVKGRFTISTDNAGNTVYLQMDSLRPEDTAVYYCKAFTRGNDYWGQGTQVTVSS
seq15542,EVQLVESGGGLVQAGGSLRLSCAVSGLTFSFYKMGWFRQAPGKEREAVAGITSADEFRYSANFAKGRFRISRDNNKSTLYLQMNSLTPEDTAVYYCAGARSWGSGWQTAFDYWGQGTQVTVSS
seq15543,QVQLVESGGGLVQPGGSLRLSCAASGFTFSNFAIAWVRQAPGKGLEWVSDINSGGTDTSYAAAVKGRFTISRDNAKNTLYLQMNNLKPEDTAVYYCAKSAQSYFHSTFDHRGQGTQVTVSS
seq15544,DVQLVESGGGVVQPGGSLRLSCAASGLTFSSYAMGWFRQAPGKERERVASISRGGGYTYYADSVKGRFTISRDNSENTVYLQMNSLRPEDTATYYCAAARYWATGSEYEFDYWGQGTLVTVSS
seq15545,QVQLQESGGGLVQPGGSLRLSCAASGFTFSNSAMSWMRQAPGKGVEWVSSIETGGTKRYAESVAGRFTISRDNAKNTLNLQMNSLKPEDTAVYYCAKGLASTIRGQGTQVTVSS
seq15546,QVQLQESGGGSVQAGGSLRLSCVASGRTFSSLDMGWFRQAPGKEREFVAGISRSGISQYYADSMKGRFTISRDNAKNLVYLQMNSLKPEDTAVYYCAAALTFRGSDLPRDSNYWGQGTQVTVSS
seq15547,EVQLVESGGGLVQPGGSLRLSCAASGRIFSINNMGWYHQAPGKQRELVATITMNGITTYADSVKGRFTISRDNAKNTVYLQMNSLKPEDTAVYYCSCWVRSSGGDPYRDYWGQGTQVTVSS
seq15548,GGGLVQPGGSLRLSCAASGRTFNVDAMAWFRQTRGKEREFVAAISRSGGSTYYADSVKGRFSISKDNAKNTMYLQMNSLKPEDTAIYYCAAAIYWRGSYYTEGNYDYWGQRTQVTVSS
seq15549,EVQLVESGGGLVQPGGSLRLSCAASGFTFRNYVMGWFRQAPGKEREFVASITWSGGTTYYADSVKGRFTISADNSKNTAYLQMNSLKPEDTAVYYCAAGRGSGRDYWGQGTLVTVSS
seq15550,QVQLQESGGGLVQPGGSLRLSCSASGFSVDYYAIAWFRQAPGKEREEISCITGSDFMVDTYYVASVKGRFTISRDNAKNTAYLQMNSLKPEDTGVYFCAVRSTANTLCPSHYSIMDYWGKGTQVTVSS
seq15551,QVQLVESGGGLVQAGESLRLTCSASSVGFKINAMAWYRQAPGKQLELVASITAGGHTNYADSVEGRFTISRDDAKNTVYLQMNALEPEDTAVYRCFADVYGSDRPSWGRGTQVTVSS
seq15552,EVQLVESGGGLVQPGGSLRLSCAASRSIGRLDRMGWYRHRPGEPRELVATITGGSSINYGDSVKGRFTISIDNSKNTVYLQMNSLRPEDTAVYYCNFNKYVTSRDTWGQGTLVTVSG
seq15553,EVQLVESGGGLVQPGGSLRLSCAASGRTISSYIMGWFRQAPGKERELVARIYTGGDTIYADSVKGRFTISADNSKNTAYLQMNSLKPEDTAVYYCAARTSYNGRYDYIDDYSWGQGTLVTVSS
seq15554,QVQLQESGPGLVKPSQTLSLTCTVSGGSITTYNYAWSWIRQPPGKGLEWMGVIAYDGSTYYSPSLKSRTSISRDTSKNQFSLQLSSVTPEDTAVYYCARGTVGSWYDEFPPRYDYWGQGTQVTVSS
seq15555,VQLQESGGGSVQDGGTLQLSCEDSKWSYTYYCMGWFRQAPGKEREPVAHIDSEGTVAYADTVKGRFTISRGDAKHRVYLQMNNLKADDTAIYYCAANGGYCLRPRQLAADYEYWGQGAQVTVS
seq15556,EVQLVESGGGLVQAGDSLTLSCTASGRTFDNYAMGWFRQAPGKEREFVAAISWSLSRTHYADYAKGRFTISRDNAKNTVLLQMSSLKPEDTAVYYCAAAPRPKRISVSYFSTTSNYDYWGQGTQVTVSS
seq15557,AVQLVESGGGLVQAGGSLRLSCTASGSILRTYEMGWYRQAPGSQRELVASITSDGDTNYVDSVKGRFTISRDNGKNMVYLQMNSLKPDDTAVYYCNAVILSPSYSMRTSHWGQGTQVTVSS
seq15558,VQLQESGGGLVEAEGSLRLSCAASGRTFGTYALAWFRQAPGKSRELVAAISSGGSTYYADSVKGRFTISRDNARNTVYLQTNSLKPEDTAVYYCAAKTGSAYYTNRIDWPYWGQGTQVTVSS
seq15559,EVQLVESGGGLVQPGGSLTLSCVASGTTSSINAMGWYRRAPGKQRELVAGISSDGSKVYVDSVKGRFTISRDNAKNSVYLQMNSLRAEDTAVYYCYYFRFLSGSSMRYWGQGTLVTVSS
seq15560,QLQLVESGGGLVQPGGSLRLSCSASGRTFNNYVMAWFRQAAGKEREFVANINTSGGRTTYTDSVKDRFTISRDNAKNTMYIQMNNLKAEDTAVYYCAARILYNSDNSDYRKYYYWGQGTQVTVSS
seq15561,EVQLVESGGGLVQPGRSLTLSCAASTNIDSISPMGWYRQAPGKQRELVAAIHGSSTLYADSVKGRFTISRDNAKNSIYLQMNSLRPEDTALYYCNKVPWGDYHPRNVTWGQGTQVTVSS
seq15562,EVQLVESGGGLVQPGGSLRLSCAASGRTFGDYIMGWFRQAPGKEREFVAAINWSGDNTHYADSVKGRFTISADNSKNTAYLQMNSLKPEDTAVYYCATDPPLFWGQGTLVTVSS
seq15563,QVQLQESGGGLVQAGGSLRLSCVASGNDFSIYDIGWYRQAPGKPREFVAAIGRGGYTNIDASVKGRFTISRDNAKNTVYLQMDTLKPEDTAVYSCAAAKRYGSGRLDDITRYNYWGQGTQVTVSS
seq15564,EVQLVESGGGLVQPGGSLRLSCAASGFTFSGYWMSWVRQAPGKGLEWVSAINNVGGDTYYADSVKGRFTISRDNAKNTLYLQMNSLKSEDTAVYYCARDWYNDPNKNEYKGQGTQVTVSS
seq15565,EVQLVESGGGLVQPGGSLRLSCAASGFTFSTSWMGWFRQAPGKERELVASITSGGSTNYADSVKGRFTISADNSKNTAYLQMNSLKPEDTAVYYCAADVWYGSTWRNWGQGTLVTVSS
seq15566,QVQLQESGGGLVEAEGSLRLSCAASGRTFGSYAMGWFRQAPGKSRELVAAISSGGTTYYADSVKGRFTISRDNARNTVYLQTNSPKPEDTAVYYCAARTGSAYYTNRIDWPYWGQGTQVTVSS
seq15567,EVQLVESGGGLVQPGGSLRLSCAASGFTLDYYDMGWFRQAPGKEREFVAAVTWSGGSTYYADSVKGRFTISADNSKNTAYLQMNSLKPEDTAVYYCAADRRGLASTRAADYDWGQGTLVTVSS
seq15568,EVQLVESGGGLVQPGGSLRLSCAASGRTFGDYIMGWFRQAPGKERESVAAINWSAGYTAYADSVKGRFTISADNSKNTAYLQMNSLKPEDTAVYYCATASPNTGWHFDHWGQGTLVTVSS
seq15569,QVKLEESGGGLVQAGGSLRLSCAASERTFSRYPVAWFRQAPGAEREFVAVISSTGTSTYYADSVKGRFTISRDNAKVTVYLQMNNLKREDTAVYFCAVNSQRKRLQDPNEYDYWGQGTQVTVSS
seq15570,QVQLVESGGGLVQAGGSLRLSCAASGRTFSRYGMSWFRQAPGKEREFVATISRGGSSTNYADSTKGRFTVSRDNAKNTVVLQMNSLKPEDTAVYYCAADTNWPVGAYEYWGQGTQVTVSS
seq15571,QVQLQESGGGLVQAGGSLRLSCSASGRTFSVRAMGWFRQAPGKERESVAAIHQNTRTTLYADSVKGRFAISRDGTKNTVYLQMNSLKPEDTAVYYCAASDDYGLQIKEVAYKYWGQGTQVTVAS
seq15572,QVQLVESGGGSVQAGGSLRLSCAASGLSRYAMAWFRQGTGKEREFVASTNWSSGNTPYADSVKGRFIISRDNAKNTVYLQMNSLKPGDTAIYYCAARKLDVPSRYSQHYDYWGQGTQVTVSS
seq15573,QVQLVESGGGLVQPGGSLTLSCATSGFSLDYYSIGWFRQAPGKEREGVSCISSTGGSTNYVDSVKGRFTISRDNAKNTVYLQMNSLKPEDTGVYYCAAYRRSGAYCTSGGQDYWGKGTLVTVSS
seq15574,EVQLVESGGGLVQPGGSLTLSCVASGSTSSINAMAWYRRAPGKQRELVAGISSDNSKVYADSVKGRFTISRDNAKNSVYLQMNSLRAEDTAVYYCYYFRTVGGSSMRYWGQGTLVTVSS
seq15575,VQLQESGGGLVQAGDSLRLSCAASGLTFSNYIMGWFRQAPGKEREFVAAITWGGGSTVYADSVEGRFTISRDGTKNTVSLQMNSLLPEDTAVYYCAAAGGSGRLRDLKVGQNYDYWGQGTQVTVSS
seq15576,QVQLQESGGGLVQAGGSLSCAASGTIFDWWDMGWYRQAPGKERELVATISYGGNTYYADSVKGRFTISRDNAKNTVYLQMNSLKPEDTAVYYCAVFIPGQWRDYYALTYWGQGTQVTVSS
seq15577,EVQVQESGGGLVQPGGSLRLSCAASGFTFDDYDMSWVRQAPGKGLEWVSIISWNGGSTDYAESMKGRFTISRDNAKNTLYLQMNSLKSEDTAVYFCAKHSVGRNGYDYWGQGTQVTVSS
seq15578,EVQLVESGGGLVQAGGSLRLSCAASGFTFDDYGIAWFRQAPGKEREGLACITRSGYTTYYLDSVRGRFTISSDNAKNTVYLQMNSLNPEDTAVYYCAADEPLVVWNCNGDFGSWGQGTQVTVSS
seq15579,EVQLVESGGSLVQVGDSLTLSCAASGRTFKYYTVGWFRQAPGKEREFVASIGRDSVVFYVDSVKGRFIISRDNAKNTAYLQMNSLKSEDTAAYYCAIDVALPTGQYMDVPGIDYWGQGTQVTVSS
seq15580,EVQVQESGPGLVKPSQTLSLTCTVSGASITNRRYAWTWIRQPPGKGLEWMGVIVYDGNTHVSPSLRSRTSISRDTSKNQFSLQLSSLTPEDTAVYYCARVLLLRDPLSLDYWGQGTQVTVSS
seq15581,EVQLVESGGGLVQPGGSLTLSCVASGRTFSTDVMGWFRQAPGKEREFVAAHRRNGISTVYAASVKGRFTISRDNAKNTVYLGMKSLKPEDTAVYVCAAGSDASGGYDYWGQGTQVTVSS
seq15582,EVQLVESGGGLVQPGGSLRLSCAASGFTFDGAAISWFRQAPGQEREVVSCVSPGDGTTIYADSVKGRFTISSDNAKNTVYLQMNSLKPEDTAVYYCAADTYYSGGAHCGLLSPDYWGQGTQVTVSS
seq15583,EVQLVESGGGLVQPGGSLRLSCAASGFTFDDYAIGWFRQAPGKEREGVSSISSTYGLTYYADSVKGRFTISSDNSKNTVYLQMNNLKPEDTAVYYCAATPIERLGLDAYEYDYWGQGTLVTVSS
seq15584,EVQLVESGGGLVQPGGSLRISCAASGSIYLINYMGWYRQAPGKQRELVATLTSGGSTNYAGSVKGRFAISRDNAKNTVYLQMNSLKPEDTAVYYCNIGGTLYDRRRFESWGQGTQVTVSS
seq15585,QVQLVESGGGSVQAGGSLRLSCAASGYTYRSICMGWFRQAPGKEREGVAVINSDRDYPYYADSVKGRFTISQDNAKNAVYLLMNSLKPEDTAIYTCAADIDGCYFVTWQKELKYNYWGQGTQVTVSS
seq15586,EVQLVESRGGLVQPGGSLRLSCAVSGFTSDYYVIAWFRQTPGHEREGVSSIRKGDGATYYADSVKGRFSISRDNAKNMVYLQMNSLKPEDTAVYTCAARYDTLLGGGRPREFPYWGQGTQVTVSS
seq15587,QVQLQESGGGLVQAGGSLRLSCAASGSISDYFMGWYRQAPGKEREFVAGITAGGITNYADSVKGRFTISRDNAKNTVYLQMNSLKPEDTAVYYCAANRQLRGLYLERYRYRTYLYWGQGTQVTVSS
seq15588,EVQLVESGGGVVQPGGSLRLSCAASGGTFSFYGMGWFRQAPGKEREFVADIRTSAGRTYYADSVKGRFTISRDRSKNTVYLQMNSLRPEDTALYYCAAEPSGISGWDYWGQGTLVTVSS
seq15589,EVQLVESGGGLVQPGGSLTLSCAASGSTFTSNVMGWHRQAPGKQRELVANMHSGGSTNYADSVKGRFTISRDNAKNSVYLQMNSLRAEDTAVYYCRWYGIQRAEGYWGQGTLVTVSS
seq15590,QVQLVESGGGSVQAGGSLRLSCAASGVNHCINVMSWYRQVPGKGREFVSSIANDGTTRYAGDVKGRFTISQDNAKNTVYLEMNSLKPEDTAMYYCLREPLSGGRRYGSCGLNYWGQGTQVTVSS
seq15591,QVQLVESGGGLVQPGGSLRLSCAASTRTFSSYIMGWFRQAPGKERELVAAISWSGRMTHYADSVKGRFTISRDNSKNTLYLQMNSLRAEDTAVYYCAADRTTAWGAPRSQYDSWGQGTLVTVSS
seq15592,KVQLVESGGGSVQAGESLRLSCAASGSIFSSNAMAWYRQAPGKQRDLVAGINSVGITKYADSVKGRFTISRDNAKNTVYLQMNSLKPEDTAVYYCTSDPRRGWDTRYWGQGTLVTVSS
seq15593,QVKLQQSGGGLVQSGGSLRLSCIASGSTVSGNTMGWYRQAPGKQRELVAVISSVGVSNVAQSVKGRFAISRDNAKNTVYLQMSSLKPEDTAVYYCNALGTGRANWGQGTQVTVSS
seq15594,EVQLVESGGGLVQTGGSLSLSCTASGGTFRNYGMGWFRQAQGKEREFVAAISRSAGRTYYSDSVKGRFTISKNNAKNIMSLQMNSLKPEDTAVYYCAARFRFDDGTYYYQRAFYDFWGQGTQVTVSS
seq15595,DVQLVESGGGLVQPGGSLRLSCAASGRTFSSIVMGWFRQAPGKEREFVGAIMWNDGITYLQDSVKGRFTIFRDNAKNTVYLQMNSLKLEDTAVYYCAASKGRYSEYEYWGQGTQVTVSS
seq15596,EVQLVESGGGLVQPGRSLTLSCAASTNIFSITPMGWYRQAPGKQRELVAAIHGRSTLYADSVKGRFTISRDNAKNSIYLQMNSLRPEDTALYYCNKVPWGSYHPRNVYWGQGTQVTVSS
seq15597,ESGGGSVQGGGSLRLSCAISGYTYGSFCMGWFREGPGKEREGIATILNGGTNTYYADSVKGRFTISQDSTLKTMYLLMNNLKPEDTGTYYCAAELSGGSCELPLLFDYWGQGTQVTVSS
seq15598,VQLVESGGGLMQAGGSLRLSCAVSGRTFSTAAMGWFRQAPGKEREFVAAIRWSGGSAYYADSVKGRFTISRDKAKNTVYLQMNSLKYEDTAVYYCARTENVRSLLSDYATWPYDYWGQGTQVTV
seq15599,EVQLVESGGGLVQAGGSTRLTCLASGSISSINVIGWYRQAPGKQRELVAMIGRGEGANYGDFAKGRFTISRDNSKNTVYLQMNSLKPEDTAVYYCYADYEDRDSPHNGSWGQGTQVTVSS
seq15600,QVHLVESGGGSVQVGGSLRLSCAASGYNASICRMSWYRQAPGTEREFVSSSYRDGSQSYADSVKGRFTTSRDSAKNTVFLQMNSLKPSDTAMYYCNAACPWRAYWGQGTQVTVSS
seq15601,LQESGGRLVEAGGSLRLSCLVSGGTFSWYAMGWFRQAPGKEREFVATVSRGGGSSYYADSVKGRFTISRDNAKNTVYLQMNSLKPEDTAVYYCAAGRGSPSDTGRPDDYDYWGQGTQVT
seq15602,EVQLVESGGGLVQAGGSLRLSCTASGRTFTDYDMGWFRQAPGKEREVVAIIDTNGDNTLTVGSVKGRFAISSDNAKNTVYLQMNSLLPEDTAVYTCAAGAWSALRRSVANYWGQGTQVTVSS
seq15603,EVQLVESGGGLVQPGGSLRLSCAASGFTFDDYGMSWVRQAPGKALEWVSAISWNGNNTYYTESMKGRFTISRDNAKNTLYLQMNSLRPEDTAVYYCVKGSTAIVGVPPTYPDEYDYWGQGTCVTVSS
seq15604,QVQLVESGGGLVQPGGSLRLSCAASGSIFSINAMGWYRQAPGKQRELVAAITFGGGSTNYADSVKGRFTISRDNSKNTLYLQMNSLRAEDTAVYYCNADLLVGGFPRRNVYWGQGTLVTVSS
seq15605,EVQLVESGGGLVQAGGSLRLSCAASGGTFSSGVMAWFRQSPGEEREFLALITRNGETKKTADSVKGRFTISRDNAKNGVSLQMDSLKAEDTAVYYCASDPTYGSGRWTYWGQGTQVTVSS
seq15606,EVQLVESGGGLVQPGGSLRLSCAASGFPFSIWPMGWFRQAPGKEREFVAAVRWSSTYYADSVKGRFTISADNSKNTAYLQMNSLKPEDTAVYYCATGECDGGSCSLAYWGQGTLVTVSS
seq15607,EVQLVESGGGLVQPGGSLRLSCAASGIDVNRNAMGWFRQAPGKEREFVAAITWSGGWRYYADSVKGRFTISADNSKNTAYLQMNSLKPEDTAVYYCATTFGDAGIPDQYDFGWGQGTLVTVSS
seq15608,EVQLVESGGGLVQAGGSLRLSCASSGRTFSIYARGWFRQAPGKEREFVAAIRSGLTTYSDSVKGRFTISRDIAKNTVFLQMNSLKSEDTAVYYCAAAVNYFTDFTDYSKRDSYDYWGQGTQVTVSS
seq15609,QLQLVESGGGLVQPGGSLRLSCTASKFHLDSYAVAWFRQTPGKEREAVSFINTSDDVTYFADSVKGRFTISRDNSKNTVYLQMNVLKPEDTSVYVCAAVRSPGPTGPSMQPMWSVPDLYDYWGQGTQVTVSS
seq15610,QVQLVETGGGQVQTGGSLRLSCAASEPTFTPKVVGWFRQAPVKERDFVATITIRTGRTLYADSVKGRFTISGDGANNTVYLQMNGLKPEDTAVYYCAASLPLAIPPTQASAYEYWGLGTQVTVSS
seq15611,QVQLQESGGGLVQPGGSLRLSCAASGITFRNKAIGWYRQAPGKQRELVARIDSGDITDYADSVKGRFSISRDNAKNTVYLQMNSLKSEDTAVYYCNLRGSNYWGQGTQVTVSS
seq15612,DVQLVESGGGLVQPGGSLRLSCAASGFTFSNYVMSWVRQAPGKGLEWVSGINHGGGIQDYADSVKGRFTISRDNAKNTLYLQLNSLKIEDTAMYYCVRASHYRDYGPTIYSWGQGTQVTVSS
seq15613,QVQLQESGGGVVQAGDSLRLSCVASERTFSSLDMGWFRQAPGKEREFVAGISRSGISQYYADSMKGRFTISRDNAKNLVYLQMNSLKPEDTAVYYCAAALTFRGSDLPRDSNYWGQGTQVTVSS
seq15614,VQLQESGGGLVQAGGSLRLSCAASGRTGSTYDMGWFRQAPGKERESVAAINWDSARTYYASSVRGRFTISRDNAKKTVYLQMNSLKPEDTAVYTCGAGEGGTWDSWGQGTQVTVSS
seq15615,DVQLLESGGGLVQPGGSLRISCAASGGSLSNYVLGWFRQAPGKGREFVAAINWRGDITIGPPNVEGRFTISRDNSKNTLYLQMNSLRPEDTAVYYCGAGTPLNPGAYIYDWSYDYWGQGTLVTVSS
seq15616,EVQLVESGGGVVQAGGSLRLSCAASGGTFSFYGMGWFRQAPGKEQEFVADIRTSAGRTYYADSVKGRFTISRDNAKNTVYLQMNSLKPEDTALYYCAAEMSGISGWDYWGQGTQVTVQS
seq15617,QVQLQESGPGLVKPSQTLSLTCTVSGGSITTYNYAWTWIRQPPGKGLEWMGVMAYDGSTYYSPSLKSRTSISRDTSKNQFSLQLRSATPEDTAVYYCARGTVGSWYDEFPPRYDYWGQGTQVTVSS
seq15618,QLQLVESGGGSVQAGDSLRLSCAASGRTFSRYAMAWFRRAPGKEREFVASISRSASNIDYADSVKGRFTISRDNAKNTVYLQMDSLKPEDTAVYYCAADLYGSGTYSHATVYEYWGQGTQVTVSS
seq15619,QLQLVESGGGLVQPGGSLRLSCAASGFTLDYYAIGWERQAPGKEREGVSGISFVDGSTYYADSVKGRFAISRGNAKNTVYLQMNSLKPEDTAVYYCAADQSSIPMHYSSTYSGPSGMDYWGKGTLVTVSS
seq15620,QVQLQESGGGLVQAGGSLRLSCAASGFTFDDYAIGWFRQAPGKEREGVSCIRVSDGSTYYADPVKGRFTISSDNAKNTVYLQMNSLKPEDAAVYYCAAGSLYTCVQSIVVVPARPYYDMDYWGKGTQVTVSS
seq15621,EVQLVESGGGLVQAGGSLRLSCAASGFTSDDYAIGWFRQAPGKEREGVSYISNEDGSTYVADSVKGRFTISSDNAKNTVYLQMNSLKPEDTAAYYCAAAILGNSVRWLSEYDYDYWGQGTQVTVSS
seq15622,VRLVESGGGSVQAGGSLRLSCAASGSTYSTNFMGWFRQAPGKEREGVATLVTWAERTAYADSVKGRFTISQDRAKNTVYLQMNGLKPEDTAMYYCAAAASTAVRLLDPGDFAYWGQGTQVTVSS
seq15623,EVQLVESGGGLVQPGGSLRLSCAASGFLLNYFEIVWFRQAPGKEREGIICISNSDDKTYYVDSVKGRFTFSRDVAKNTVYLQMNSLKREDTADYYCATNLYGTCHTTLKADDMAYWGKGTLVTVSS
seq15624,EVQLVESGGGLVQPGGSLRLSCAASGDTYGSYWMGWFRQAPGKEREFVAAINWSGGSTNYADSVKGRFTITADNNKNTAYLQMNSLKPEDTAVYYCAGLGWNYMDYWGQGTLVTVSS
seq15625,EVQLVESGGGLVQPGGSLRLSCAASGMTFHRYVMGWFRQAPGKERELVASITTGGTPNYADSVKGRFTIITDNNKNTAYLLMINLQPEDTAVYYCCKVPYIWGQGTLGTVGT
seq15626,QVQLQQSGGGLVQPGGSLRLSCAASRSDFAFNPMGWYRQAPGKQRELVAVLTTGGTTNYADSVKGRFTISRDNARNTVYLQMNSLKPEDTAVYYCYARGPRKAPTGWITDDYWGQGTQVTVSS
seq15627,EVQLVESGGGLVQAGGFLRLSCELRGSIFNQYAMAWFRQTPGKEREFVAGMGAVPHYGEFVKGRFTISRDNAKNTVYLQMNSLKPEDTAIYFCARSKSTYISYNSNRYDYWGRGTQVTVSS
seq15628,QVQLQESGGGSVQPGKSLRLSCAASGRTFSSLGMGWFRQAPGKEREFVSAIAWNGASTYYTESVKGRFTISRDDAKNTVYLQMNSLKPTDTAVYFCAASGLGSVVVTANEYDYWGQGTQVTVSS
seq15629,DVQLVESGGGLVQAGGSLRLSCAISGLTFSRYHMGWYRQAPGREREFVAQITWSDGTTYYPGSVKGRFTISRDNARNTVYLQIDNLKPEDTAIYYCDARKVGGPDYWGQGTQVTVS
seq15630,QVQLQESGGELVQAGGSLRLSCAASGRTLSSYTIGWFRQAPGNVREFVAHHFASGGVTDYADFVKGRFTISRDNAKNTVYLEMNSLKPEDTAVYYCAASTFTIPGYRNLKAAYEYDYWGQGTQVTVSS
seq15631,EVKLQESGGGLVQSGGSLRLSCIASGSTVSDNTMGWYRQAPGKQRELVAVISSVGVTNVAQSVKGRFTISRDNAKNTVTVYLQMSSLKPEDTAVYYCNALGTGRANWGQGTQVTVSS
seq15632,EVQLVESGGGLVQPGGSLRLSCAASGDVHKINILGWYRQAPAKEREMVAHITIGDATDYADSAKGRFTISRDEAKNMVYLQMNSLKPEDTAVYLCRAYSRIYPYNYWGQGTLVTVSS
seq15633,QVQLQESGGGLVQTGGSLRLSCTASGFTFDDYAICWFRQAPGKGREGVSCISKEYAKTYYTDAVEGRFTISSDDAKNTVYLQMNNLIPEDTAFYYCARKRGWYFPLDLSEYDLWGQGTPVTVSS
seq15634,VQLQESGGGLVQPGGSLRLSCLASGRTFSSYAMGWFRQAPGKEREFVAAISWSGGPTVYADHVKGRFTISRDNAKNTVYLQVNSLKPEDTADYYCAAKRLDYSATDKGVDLSDEYDYWGQGTQVTVSS
seq15635,EVQVVESGGGLVQAGGSLRLSCAASGGISGDDHMGWYRQAPGKAGQERDLVAAFSNVGKAYYADSVKGRFTISRDNHNNTLYLQMNSLKPDDTAMYYCAAWSPRHPTYYGQGTQVTVSS
seq15636,LQESGGGLVQVGDSLRLSCASSGRTFSTYDMGWFRQAPGKEREPVAAITWDGDGTSYAPSVRGRFTISRDNAKNTVSLHMSSLKPEDTAVYICAADSVRWGQLMGDHWGQGTQVT
seq15637,EVQLVESGGGLVQAGGSLRLSCAASGRTFSSLAMGWLRQAPGKEREFVSGISRGGTSTYYADSVKGRFTISRDNAKNTMYLQMNSLKPEDTAVYYCAGSPVLSIVLDTRGLEYWGQGTQVTVSS
seq15638,QVQLVESGGGLVQAGGSLRLSCAASGSIPSIEQMGWYRQAPGKQRELVAALTSGGRANYADSVKGRFTISGDNVRNMVYLQMNSLKPEDTAIYYCSAGRFKGDYAQRSGMDYWGKGTLVTVSS
seq15639,QVQLVETGGLVQPGGSLRLSCAASRSTTATIYSMNWYRQAPGKQRELVAGMTSDGQTNYATSVKGRFTISRDNAKNTVYLLMNSLKLEDTAVYYCYVKPWRLQGWDYWGQGTQVTVSS
seq15640,QVQLQESGGGLVQAGGSLRLSCVVSGGTFRLYGIGWFRQAPGKDREFVGFITWSSGRTYYSDSLKGRLTISRDNAKNSVDLQMNRLQPEDTAIYYCAANPTDTLRLSTPSYNHWGQGTQVTVSS
seq15641,QVQLQESGGGLVQAGGSLRLSCAVSGNTLSRYAMGWFRQTPGNEREFVAAIRWNNAATYYADSVEGRFTISRDNAKNTVYLQMNNLKPEDTAVYYCAGRFLGYASSNAYHEALYNYDYWGQGTQVTVSS
seq15642,EVQLVESGGGLMQAGDSLRLSCAASGRAFSSYALGWFRRAPGKERECVAATDRLGDNTYFPDSVKGRFTISRDNAKNTLYLQMNNLKPEDTAVYYCAAGAVRYGVSTSPMNYNYWGQGTQVTVSS
seq15643,EVQLVESGGGLVQAGGSLRLSCAASGRALDTYTVTWFRQTPGKGREFLASIRWNAKPYTTDSVKGRFTMSRDNAKNTVYLQMNSLRPEDTAVYYCAADPTTWADGPYRYWGQGTQVTVSS
seq15644,EVQLVESGGGLVQPGGSLTLSCVASGSTSSTNAIGWYRRAPGKQRELVAGISSDGSKVYDDSVKGRFTISRDNAKNSVYLQMNSLRAEDTAVYYCYYFRTLYGSSRSYWGQGTLVTVSS
seq15645,LQESGGRLVEAGGSLRLSCAVSGGTFSWYAMGWFRQAPGKEREFVATVSRGGGSTYYADSVKGRFTISRDNAKNTVYLQMNSLKPEDTAVYYCAAGRGSPSDTGRPDEYDYWGQGTQVT
seq15646,QVQLQDSGGGLVQAGGSLRLSCAASGRPLSDYVIGWFRQAPGKERDFVAAITWSGGVTYYADSVKGRFTISNDNAKNAVLLQMNSLKPEDTAVYYCAAGYNPFRIGVIDKRAYDTWGQGTQVTVSS
seq15647,QVKLEESGGGSVQTGGDLRLTCAASGRTSRSYGMGWFRQAPGKEREFVSGISWRGDSTGYADSVKGRFTISRDNAKNTVDLQMNSLKPEDTAIYYCAAAAGSAWYGTLYEYDYWGQGTQVTVSS
seq15648,EVQLLESGGGLVLPGGSLRLSCAHSGPTFRTDTMGWFRQAPGKGREFVAAVTWNSGRINYADSVKGRFTVSRDNTRNAAYLQMSGLKDEDTAVYYCTAHRFVVGGNRVEDWRYWGQGTLVTVSS
seq15649,QVQLQESGGGLVQAGGSLRLSCAVSGSTARLDAMGWYRQAPGKQREWVAGIDSADITDYARFVKGRFTISRDNAKNTVYLQMNSLKPEDTAVYYCNKWPPSVPPNWGHGTQVTVSS
seq15650,QVQLQESGGGLVEAEGSLRLSCAASGRTFGSYAMGWFRQAPGKSRELVAAISSGGTTYYADSVKGRFTISRDNARNTVYLQTNSLKPEDTAVYYCAARTGSAYYTNRIDWPYWGQGTQVTVSS
seq15651,QVQLQESGGGLVQPGGSLRLSCAASGFTLDNYAIGWFRQAPGKEREGVSCISSSDGSTYYADSVKGRFTISRDNAKNTAYLQLNSLKPEDTAVYYCATHEQVWKTLFSSCTVERDDYDYWGQGTQVTVSS
seq15652,EVQLVESGGGLVQPGGSLRLSCAASGRTFSNNVMGWFRQAPGKERELVAAAISGGSTYYADSVKGRFTISADNSKNTAYLQMNSLKPEDTAVYYCARGDWRYGWGQGTLVTVSS
seq15653,QRQVAESGGGSVQPGGSLRLSCAASGFTFDNKQVAWFREVPGKEREQISCISISDGATRYTDSVKGRFAVSRDYATNTVVLQMNNLRPEDTAIYYCATNPTQIMIGTMRCDLESKWYGTWGPGTQVTVSG
seq15654,VQLVESGGGLVQAGGSLRLSCAASGGTLSKNTVAWFRQAPGKERGFVASITWDGRTTYYADSVKGRFTISRDNAKNTVYLQMNSLKPEDTAVYVCADLGKWPAGPADYWGQGTQVTVSS
seq15655,QVKLVESGGGSVQAGGSLRLSCAASGYTYSSNFMGWFRQAPGKEREGVATIVSGGGTTYYADSVRGRFTISQDNAKNTVYLQMNSLKPEDTAMYYCAAGGPVTNAPRWYPLRPPGYNYWGQGTQVTVSS
seq15656,QVQVQESGGGLVQPGEFLRLSCAASGFTFSSNAMTWVRQAPGKGLEWVSAISSTGNSITEADSVKGRFTISRDNAKNMLYLQMNSLKPEDTAVYYCAKLGGDTWYMEYWGQGTQVTVSS
seq15657,LQESGGGLVQAGGSLRLSCTASGRTFSDYIMGWFRQAPGKERERVATINWTGAITYVVDAVKGRFSISRDNAKNTVYLQMNGVKPEDTAVYYCAAGRSGVTVRNSESWGQGTQVT
seq15658,VQLVESGGGSVQAGGSLRLSCAASVYTSSSYCMGWFRQAPGKEREGVAAMCFGGLVTHYADSVKGRFTISQDNAKNTVYLQMNSLKPEDTAMYYCAADFGRDKNYLRPLLPHAYNYWGQGTQVTVSS
seq15659,EVQLVESGGGSVQAGGSLRLSCVASGYYRPNCLGWFRQAPGKEREGVAYTSPYGGRLVYADSVKGRFTISISQDIAKSTVYLQMNSLKPEDTAMYYCAVSPQLCGRIGPATEFDLWGQGTLVTVSS
seq15660,DVQLVESGGGVVQPGGSLRLSCAASGRTFRHYAMGWFRQAPGKEREFVAAISSYGSTDYGDSVKGRFTISRDDAKNTVPLQMNSLKPEDTALYYCAAADETLGAVPNFRLHEKYEYEYWGQGTLVTVSS
seq15661,EVQRVESGGGLVQAGGSLRLSCTASGSAFSSSVVGWFRQAPGKEREFVTGINWSGARTYYADSVKGRFTISRDNAKNTAYLQMNSLKPEDTAVYYCASGRDRYARELSEYEYVWWGQGTQVTVSS
seq15662,QVQLQQSGGGLVQAGGSLRLSCVASESSFSNNHMGWYRRAPGNQRELVATISPGGSTHYVDSVKGRFTISRDNAKNTVYLQMDSLKPEDTAVYYCAAKGRGLQAMQYWGQGTLVTVSS
seq15663,AVQLVESGGGPVQAGGSLTLSCAASGYIYSNMGWFRQAPGKEREGVAATNTGAGTTYYADSVKGRFTISRDNAKNMLYLHMNSLKPEDTAIYYCATRPYWSRSDYLDPRDYNYWGQGTQVTVSS
seq15664,QVQLQQFGGGLVQPGGFLRFSCAASGSIFSINAMGWYRQAPGKQRELVASITTGGSTNYADSVKGRFTISRDNAKNTVFLQMNSLNPDDTAVYYCAATPSGVMWTRGGYDYWGQGTQVTVSS
seq15665,QVQLQESGGGLVQAGGSLRLSCAASGSIFGINAMGWYRQAPGKQRESVAFITIGGNTNYLDSVKGRFTISRDNAKNTVYLQMNGLKPEDTAVYYCNTNPPLILTAGGLYWGQGTQVTVSS
seq15666,EVQLVESGGGLVQAGGSLNLSCVLSGRTLWRSNMGWFRQAPGKEREFVGSIDWITTNIYYADSVKGRFTISRDNPKNTFYLQMNSLKPEDTAVYRCASSGPADARNGDRWALWGQGTQVTVSS
seq15667,MAESGGGSVQTGGSLRLSCAYTASSLCMAWFRQAPGKEREGVAVTREGLTKTGYADSVKGRFAISQDYAKKTLYLQMSSLKPEDTARYYCAARPTSPCTVDGELLASTYNYWGQGTQVTV
seq15668,QVKLQESGGGLVQAGGSLRLSCAASGFTFDKYAIGWFRQAPGKQRELVAGISTGGSTNYADSVKGRFTISRDNAKDTVYLQMNSLKPEDTAVYYCAAGRRISSSYYSRGLYAYWGQGTQVTVSS
seq15669,EVQLVESGGGLVQPGGSLTLSCVASGSTSSINAIGWYRRAPGKQRELVAGISSDGSKVYNDSVKGRFTISRDNAKNSVYLQMNSLRAEDTAVYYCYYFRTQSGSSMRYWGQGTLVTVSS
seq15670,EVQLVESGGGLVQAGGSLRLSCAASGRTVSSYAMGWFRLAPGKEREFVAGISRSAERTYYVDSLKGRFTISRDSAKNTVYLHMNRLKPEDTAVYYCAADLDPNRIFSREEYAYWGQGTLVTVSS
seq15671,EVQLVESGGGLVQPGGSLRLSCAASGFTFGSYDMSWLRRSPGKGPEWVSAINSGGGSTYYADYVKGRFTISRDNAKNTLYLQMNSLKPEDTAVYYCAADRYIWARQGDYWGAYVYDYWGQGTQVTVSS
seq15672,QVQLQESGGGLVQAGGSLRLSCAVSGNTLSRYAMGWFRQTPGNEREFVAAIRWNNAATYYADAVEGRFTISRDTGKNTVYLQMNNLKPEDTAVYYCAGRFLGYASSNAYHEALYNYDYWGQGTQVTVSS
seq15673,QVQLQESGGGLVQAGGSLRLSCAVSGNTLSRYAMGWFRQTPGKEREFVAAIRWNEGATYYAESVEGRFTISRDNAKNTVYLQMNNLQPEDTAVYYCAGRFLGYASSNAYHEALYNYDYWGQGTQVTVSS
seq15674,VQLVESGGGLVHPGGSLRLSCAASGSISSINVMGWYRQAPGKERELVARITNLGLPNYADWLKDRFTISRDNAKNTVYLQMNSLKPEDTAVYYCYLVALSAEYWGQGTQVTVS
seq15675,EMQLVESGGGLVQAGGSLRLSCEASGRSFSSYAMGWFRQAPGKEREFVAAVSRWSGPRTVYADSVKGRFTISRDNAENTVYLQMNSLKPEDTAVYTCAADSTNRNSGAVYYTWAWDYWGQGTQVTVSS
seq15676,VQLQESGGGLVQPGGSLRLSCAASGRIGSINSMGWYRQAPGKQREMVAAITNGGATVYADSVKGRFTISRDNAGNTVDLHMNSLRPEDSAVYYCTIWAADYQQYWGQGTQVTVSS
seq15677,QVQLQESGGGLVQPGGSLRLSCAASGFNLDPYAIAWFRQAPGKEREEVSCISSSDVGTYYADSVKGRFTISRDNAKKTVYLQMNSLKPEDTAVYYCATDGYYYCSDYPHPLYWGQGTQVTVSS
seq15678,QVQLQQSGGGLVQAGGSLRLSCAASGRTFSTTGMGWFRQAPGKEREFVAAFWWTGGQTFYADSVKGRFTISGDNAGNTVDLQMNSLKPEDTAVYACAAMSKPRNLWRTDSYDYWGQGTQVTVSS
seq15679,EVQLVESGGGLVQAGGSLRLSCAASGNIFKINVMGWYRQAPGKQREWVAAIISGGSTNYADSVKGRFTISRDNAKNTVYLQMNSLKPEDTAVYYCAFILTYNDYDLGSDYWGQGTLVTVSS
seq15680,QVQLQESGGGLVQARGSLTLSCAASGRTFSNYVIGWFRQAPGEEREFVAVVTWSGDSTYSSDSLKGRFTISRDNAKNTVYLQMNNLNPEDTAVYYCAAMPPRAYTGRSVSLKDQSKYEYWGQGTQVTVSS
seq15681,VQLQESGGGLVQAGGSLRLSCAASGRATSGHGHYGMGWFRQVPGKEREFVAAIRWSGKETWYKDSVKGRFTISRDNAKTTVYLQMNSLKPEDTAVYYCAARPVRVDDISLPVGFDYWGQGTQVTVSS
seq15682,EVQLVESGGLVQPGGSLRLSCATSGTIFSNNAMGWYRQAPGKKRDLVASISNSGSTNYADSVKGRFTVSRDNDKNTGYLQMNSLKPEDTGVYYCTVDARRGWNTAYWGQGTQVTVSS
seq15683,EVQLVESGGGLVQAGGSLRLSCAASGRTSSTYVMGWFRQAPGKEREFVAGISWSAGNTRYADSVKGRFTISRDIAKNTFDLQMNSLKPEDTAVYYCAADRRYGGSLDPSAWDFWGQGTQVTVSS
seq15684,EVQLVESGGGEVQPGGSLRLSCAASGRAINMYAMGWFRQAPGKEREFVAAINWNGAYTQYAESVKGRFTISRDNAKNTLYLQMSSLRAEDTAVYYCSADADYNTYVSPNKRVSYWGQGTLVTVKP
seq15685,QVQLQESGGGSVQAGGSLRLSCAASGATLNNYCLGWFRQAPGKEREGVAAFKSGGSFTYYADSVKGRFTISKDNAKNTMYLQMNSLNSEDTAMYYCAVTRHSCLGLAKFRPSSYNYWGQGTQVTVSS
seq15686,EVQLVESGGGLVQPGGSLRLSCAASGITFSNDAMGWFRQAPGKEREFVAIITSSDTNDTTNYADSVKGRFTISADNSKNTAYLQMNSLKPEDTAVYYCARLHYYDSSGYFDYWGQGTLVTVSS
seq15687,EVQLVESGGGLVQAGGSLKLSCAASGSTFRGAAMAWYRQAPGKQRDFVATIDSLGNTNYADSVKGRFTISRDNTENTMYLQMNSLKPEDTAVYYCNVPRFISRAWGQGTQVTVSS
seq15688,QVQLQESGGGLVQAGGSLTLSCAASGSIFSINAMGWYRQGDLVAGFTSEGSAKYADSVKGRFTISRDDAKNMVTLQMNSLKPEDTAVYYCAADIFSDRDHVDWYWGQGTLVTVK
seq15689,QVQLVESGGGLVQPGGSLRLSCTASGLTLAKWTINWFRQAPGKEREGISCISSSSGSTYYADSVKGRFTISRDNAENTVYLQMSSLKPEDTAVYYCAADSFKGCTFLSSTTHYNNMDYWGKGTLVTVSS
seq15690,QVQLQESGGGLVQAGGSLRLSCAVSGNTLSRYAMGWFRQTPGNEREFVAAIRWNNGATYYADAVKGRFTISRDTGKNTVYLQMNNLQPEDTAVYYCAGRFLGYASSNAYHEALYNYDYWGQGTQVTVSS
seq15691,EVQLVESGGGLVQPGGSLRLSCAASGFTFSDYDIGWFRQAPGKEREWVSGISSSDGNTYYADSVKGRFTISRDNAKNTLYLQMNSLRPEDTAVYYCAAEPPDSSWYLDGSPEFFKYWGQGTQVTVSS
seq15692,EVQLVESGGGLVQPGGSLRLSCAASGSIFRINAMGWYRQAPGKQRELVAAVSSGGSTYYVDSVKGRFTISRDNSKNTVYLQMNSLRPEDTAVYYCNRETGPYGPPKRDYWGQGTLVTVSS
seq15693,EVQLVESGGGLVQPGGSLRLSCAASGSIFSNYAMAWFRQAPEKERDFLAAVSWSGGRTYYADSVKGRFTISRDNAKNTVNLQMNSLKPEDTAVYYCAASLSCSGPGCSLEEYDYWGQGTQVTVSS
seq15694,EMQLVESGGGVVQPGGSLRLSCVTSGIIFSNNAMGWYRQGPGKKRDLVASIGSTYSTNYADSVKGRFTVSRDNDKNTGYLQMNSLKPEDTGVYYCTIDARRGWNTAYWGQGTPVTVSS
seq15695,QVQLQESGGGLVQAGDSLRLSCEASGRSFSNFAMAWFRQTPGKEREFVAGISWRGGRTYYAASVKGRFTISRDNGKNTVYLQMNSLKPEDTAVYYCATAYGQGPITVPKFYTYRGQGTQVTVSS
seq15696,EVQLVESGGGLVQPGGSLRLSCAASGFTCGNYTMGWFRQAPGKERESVASITSGGRTNYADSVKGRFTISADNSKNTAYLQMNSLKPEDTAVYYCAATLDGYTGSWGQGTLVTVSS
seq15697,QVQLQESGGGLVQAGDSLRLSCAASARTSSSRAMGWFRQTPVREREFVAAISWSGGRTAYADSVKGRFTLSKYDKDTVSLTMNSLKPEDTAVYYCAARRSDFTGDYAYSGRSAYDYWGQGTQVTVSS
seq15698,VQLQESGGGLVQAGGSLRLSCAASGRDFATYSMTWFRQAPGKERESVATISWSGQRTRYADSVKGRFTISRDNAKNTVYLQMNSLRPEDTAVYYCAAPRTWGEFPPTQYDSWGQGTQVTVSS
seq15699,QVQLMESGGGLVQPGGSLRLSCAASGFTLDYYAIGWFRQAPGKEREGVSCISSSDGSTYYADSVKGRFTISRDNAKNTVYLQMNSLKPEDTAVYYCAADRPPCYYCSGYGCYRGSWGQGTQVTVSS
seq15700,QVQLQQFGGGLVQPGGFLKFSCAASSSSISFDAMGWYRPAPGKQRDLVATISSDGTTDYSDSVKGRFTISREYAKNTVHLQMNSLKPEDTAVYYCNALHLPTSTTDTGYSFWGEGTQVTVSS
seq15701,EVQLVESGGGLVQPGGSLRLSCAASGSIGGLNAMAWYRQAPGKERELVAGIFGVGSTRYADSVKGRFTISRDNSKNTVFLQMNSLRSEDTAVYYCRMSSVTRGSSDYWGQGTLVTVSS
seq15702,VQLVESGGLVQPGGSLRLSCAASGFTLDYYGIGWVRQAPGKEREEVSCITSGGLTNYPDSVKGRFTISRDNAKNTVYLQMNSLKPEDTAVYYCAIDRVGVCAMEDFGSWGQGTQVTVSS
seq15703,EVQLVESGGGVVQPGGSLRLSCAASETIFSIDSMAWYRQAPGKQRELVAAITGGGSPNYADSVKGRFTISSDVSKRTVYLQMNSLRPEDTALYYCNAEGQAGWGTALQDYWGQGTLVTVSS
seq15704,QVQLVESGGGLVQAGGSLRLSCAASGRTFTMGWFRQAPGKEREFVAAISLSPTLAYYAESVKGRFTISRDNAKKTLYLRMNSLKPEDTAVYYCAARRIDAADFDSWGQGTQVTVSS
seq15705,QVQLQESGGGLVQPGGSLRLSCAASGSTFSINAMAWYRQAPGKRRELVAGISGGDVTHYPDSVKGRFTISRDNAKNTVYLQMSSLKPEDTAVYYCNLWPPRASPGGRVYWGQGTQVTVSS
seq15706,EVQLVESGGGLVQPGGSLRLSCAASGHFSNLAVNWFRQAPGKERELVAGILWSGGSTFYADSVKGRFTISRGNAENMLYLQMNSLRAEDTAVYYCNTGTNWGQGTLVTVSS
seq15707,VQLQQSGGGLVQAGGSLRLSCVASESSFSNNHMGWYRRAPGNQRELVATISPGGSTHYVDSVKGRFTISRDNAKNTVYLQMDSLKPEDTAVYYCAAKGRGLQAMQYWGQGTLVTVSS
seq15708,EVQLVESGGGLVQAGGSLRLSCATSGFTFSPYYMGWFRQAPGKERDFVAAITRSRGTTYYLDSTEGRFTISRDNAKNTMYLQMNSLNPEDTAVYYCAAGRSPGDPSRTYLYEYWGQGTLVTVSS
seq15709,DVQLVESGGGSVQAGGSLRLSCAVSGSTYSPCTTGWYRQAPGKEREWVSSISSPGTIYYQDSVKGRFTISRDNAKNTVYLQMNSLQREDTGMYYCQIQCGVRSIREYWGQGTQVTVSS
seq15710,QVQLVESGGGLVQPGGSLRLSCAASGGTFITYAMGWFRQAPGKGLEFVAGISWSGSSTYYADSVKGRFTISRDNSKNTLYLQMNSLRAEDTAVYYCAAKISGATREHLRTSYDYWGQGTLVTVSS
seq15711,QVQLQESGPGLVKPSQTLSLTCTVSGGSITSRYYAWSWIRQPPGKGLEWIGVIDYDGDTYYSPSLKSRVSISWDTSKNQFSLQLSSVTAADTAVYYCARDPDVVTGFHYDYWGQGTMVTVSS
seq15712,QVQLQESGGGLVQPGGSLRLSCAASGYSRTSRWMAWFRQAPGKGLEGVAAIYTGGSSTLYADSVKGRFTISRDNAKNSVYLQMNSLRAEDTAVYYCAADKLAGDFWLVDRWRAWGQGTLVTVSS
seq15713,QVKLEESGGGSVQTDGSLRLTCAASGRTSRSYGMGWFRQAPGKEREFVSGISWRGDSTGYADSVKGRFTISRDNAKNTVDLQMNSLDPEDTARYYCAAAAGSAWYGTLYEYDYWGQGTQVTVSS
seq15714,EVQLVESGGGFVQAGGSLRLSCAASRRTISSGTMGWFRQAPGKEREFVAAIRWSSGITFYPDSVEGRFTISGDNAKNTVSLQMNSLKPEDTAVYYCAADRSALRDPSFEVNYEYWGRGTLVTVSS
seq15715,QVQLQEFGGGLVQPGGFLKFSCAAFSSSISFDAMGWYRPAPGKQRELVATISSDGTTDYSDSVKGRFTISREYPKNTVHLQMNSLKPEDTAVYYCNALHLPTSTTDTGYSFWGEGTQVTVSS
seq15716,QVQLQESGGGSVQAGGSLRLSCAASGYTYSNDGMGWFRQIPGKEREGVAAISPTGRRTEYADSVQGRFTISRDNAKNMLSLQMNSLKPEDTGMYYCAREGSGSFSLQNSAVRSWGQGTQVTVSS
seq15717,EVQLVESGGGLVQPGGSLRLSCAASRSGLSINAMGWFRQAPGKQRELVASITRGGPTIYADSVKGRFTISGDNAKNTVYLQMNSLKPEDTAVYYCNALIDYGLGFPIEYWGQGTQVTVSS
seq15718,EVQLVESGGGLVQPGGSLTLSCAASGSRVSFLSMAWYRQAPGKKRELVAGISYDGSTDYIDSVKGRFTISRDNAKNSVYLQMNSLRAEDTAVYYCYAYRWTTRRTYWGQGTLVTVSS
seq15719,EVQLVESGGGLVQPGGSLTLSCAASGSRVSFLSMAWYRQAPGKKRELVAGISADGHTDYIDSVKGRFTISRDNAKNSVYLQMNSLRAEDTAVYYCYAYRWTTRYTHWGQGTLVTVSS
seq15720,QVQLVESGGKLVQAGGSLRLSCAASGRTFSNYAMGWFRQAPGKEREFVAGSGRSNSYNYYSDSVKGRFTISRDNAKNTVYLQMNSLKPEDTAVYYCAASTNLWPRDRNLYAYWGQGTQVTVSS
seq15721,QVKLEESGGGSVQTGGDLRLTCAASGRTSRSYGMGWFRQAPGKEREFVSGISWRGDSTGYADSVKGRFTISRDNAKNTVDLQMNSLDPEDTARYYCAAAAGSAWYGTLYEYDYWGQGTQVTVSS
seq15722,EVQLVESGGGLVQAGGSLRLSCAASGHTFSRYAMGWFRRVPGEEREFVTHITWNRGSTYYADSVKGRFTISRDKASNTLYLQMNSLKPEDTAVYYCAAQIKYGEITHPEEYSYWGQGTQVTVSS
seq15723,EVQLLESGGGLVQPGGSLRLSCAASGRIFSLPASGNIFNLLTIAWYRQAPGKGRELVATINSGSRTYYADSVKGRFTISRDNSKKTVYLQMNSLRPEDTALYYCQTSGSGSPNFWGQGTLVQVSS
seq15724,LQESGGGLVEAGGSLRLSCVASGNIFGVNPVSWYHQTPGKQRELVATITSDGSTTYSDSVKGRFTISRDNAKKTVDLQMNSLKPEDTGVYDCRWTTNRGMDYWSQGTQVT
seq15725,EVQLVESGGDLVQPGGSLRLSCAASGRTFSNYTVGWFRQAPGKDREFVTAISRSGSLKAYADSVKDRFTISRDNAKKMAYLQMNSLKPEDTAVYYCAGAPVPWGARPSLFTYDSWGQGTQVTVSS
seq15726,AVQLVDSGGGLVQAGGSLRLSCAASGRTFSAHSVYTMGWFRQAPGKEREFVARIYWSSANTYYADSVKGRFTISRDNAKNTVDLLMNCLKPEDTAVYYCAARDGIPTSRSVEAYNYWGQGTQVTVSS
seq15727,EVQLVESGGGLVQPGGSLRLSCAASGRHHSDYAMAWFRQAPGQEREFVAGIGWSGGDTLYADSVRGRFTISRDNSKNTLYLQMNSLRAEDTAVYYCAARQGQYIYSSMRSDSYDYWGQGTLVTVSS
seq15728,KVQLVESGGGLVQAGGSLRLSCAASGSPISSYAMGWYRQAPGKPRELVARIYTGGTAWYEDSVKGRFTISRDNAQNTVYLQMNSLKSEDTAVYYCHGRVRYDYWGQGTQVTVSS
seq15729,QVQLQESGGGLVQAGGSLRLSCAASGSIFRIDAMGWYRQAPGKQRELVAHSTSGGSTDYADSVKGRFTISRDNAKNTVYLQMNSLKPEDTAVYYCNADVRTRWYFSNNYWGQGTQVTVSS
seq15730,EVQLVESGGGLVQAGGSLRLSCAASGFIFQLYVMGWFRQAPGKEREGVTYINNIDGSTYYAYSVRGRFTISADNAKNTVYLQMNSLKPEDTAVYYCAAVRDGYSGSWGQGTQVTVSS
seq15731,VQLVESGGGLVQAGGSTRLTCKASGSIFNINSINVMAWYRQAPGKQRELVAIIGKGGGTNYADFVKGRFTISRDAAKNTVNLQMNSLKPEDTAVYYCYADYEDRDSPFNASWGQGTQVTVSS
seq15732,QVQLQESGGGLVQPGGSLRLSCAASGFSFNIYAMSWVRQAPGKQFEWVSGIHPDGRSTYYTDSVKGRFTISRDNAKNTLYLQLDSLKTEDTAMYYCAKGVLTKYVGSARGQGTQVTVSS
seq15733,QVQLQESGGGLVQAGGSLRLSCAASGSIFSINTMGWYRQAPGKQRELVAAIHSGGSTNYADSVRGRFTISRDNAKNTVYLQMNSLKPEDTAVYYCNVKDYGAVLYEYDYWGQGTQVTVSS
seq15734,LQESGGGLVQAGGSLRLSCAASASTFVINPMRWYRQAPGKQRELVAGITFNGATSYADSVKGRFTISNNNAKNTVFLQMNSLKPEDTAVYYCNVVVWVGSESYDYWGQGTQVT
seq15735,EVQLVESGGGLVQAGGSLRLSCTTSGTIFSNNAMGWYRQAPGKKRDLVASISNSGSTNYADSVKGRFTVSRDNDKNTGYLQMNNLKPEDTGVYYCTLDARRGWNTAYWGQGTQVTVSS
seq15736,KVQLVESGGGLVQAGGSLRLSCAASASIISSAALGWYRQAPGKRREFVAGILSDGRELYVDSVKGRFTVSRDNAKNTVYLQMNSLKPEDTAVYYCNLDIDYRDYWGQGTQVTVSS
seq15737,EVQLVESGGGLVQPGGSLRLSCAASGLTLTYYNIGWFRQAPGKEREGVSCIDWTDGTTFYADSVKGRFTISTDNAKNTVYLHLNSLEPEDTAVYYCAAGWGRVMTVQHMCADRSLFTSWGQGTQVTVSS
seq15738,VQLVESGGGLVQAGGSLRLSCVASGSFFMSNVMAWYRQAPGKARELIAAIRGGDMSTVYVDSVKGRFTIRRDDDKNILYLQMNDLKPEDTAMYYYKASGSSWGHGTQVTVS
seq15739,EVQLVESGGGLVQAGDSLRLSCAASGRTFSSYIMGWFRRAPGKEREFVAAISSSGALTSYADSWGRFTISRDNAKKMVYLQMRSLKPEDTDVYYCAAARVPWSPRPSLSTYDYWGQGTQVTVSS
seq15740,EVQLVESGGGLVQPGGSLRLSCAGSGRTFSRLAMGWFRQAPGKEREFVAAISWLAETTYYEDSVKGRFTISRDNAKNTVYLQMNSLKPEDTAVYYCASDRFATAQHMGAMGSLDYWGQGTQVTVSS
seq15741,QVKLEESGGGLVQAGGSLRLSCAASGRTFTMGWFRQAPGKEREFVAAISLSPTLAYYAESVKGRFTISRDNAKNTVDLQMNSLKPEDTAVYFCAANRNSQRVIAALSWIGMNYWGEWTQVTVSS
seq15742,EVQLVESGGGLVQPGGSLRLSCAVSGGTFSSVGMGWFRQAPGKGLEFVGAISRSGDSTYYAGSVKGRFTISRDGAKNTLYLQMNSLKTEDTAVYYCAARPAGTPINIRRAYNYWGQGTQVTVSS
seq15743,EVQLVESGGGLAQAGGSLRLSCAVFGRSRYGMAWFRRAPGKEREFVAGIAWNGASIGSADSVRGRFTISRDNSENTVYFEMGSLKPEDTAVYYCAICRISWCAGAESDYGYWGQGTQVTVSS
seq15744,ELQLVESGGGLVQPGGSLRLSCAASGFTFSSYAMSWVRQAPGKGLEWVSSINSGGDRLHYADSVKGRFTISRDNAKNTLYLQMNSLKPEDTAVYYCAKYGSPNMALMDWRVDFDSWGQGTQVTVSS
seq15745,EVQLVESGGGLVQPGGSLTLSCVASGSTSSINAMGWYRRAPGKQRELVAGISSDNSKVYADSVKGRFTISRDNAKNSVYLQMNSLRAEDTAVYYCYYFRTVHGSSMRYWGQGTLVTVSS
seq15746,EVQLVESGGGLVQAGGSLRLSCAASGFTFDDYAIGWFRQAPGKEREGVSCISSSDDSTYYADSVKGRFTISSNNAKNTVYLQMNSLKPEDTAVYYCAVRLFSGGCAVVAGTSWADFGSSGQGTQVTVSS
seq15747,QVQLVESGGGVVQAGGSLRLSCVASGFTIDDYPVAWFRQAPGKEREAVSCIGNRGGTTYYADSVKGRFSISRDDAKDTVYLQMNNLKSEDTAVYYCVKDLGSVGPGAEYDYWGQGTLVTVSS
seq15748,GVVQPGVSLGLSCAASGFTFSTDWMYWVRQAPGKGLEWVSTINDAGDRTNYQDSVKGRFTISRDNAKNIVYLQMNSLKPQDTAVYYCARRWGHRDVIKGQGTQVTVSS
seq15749,EVQLVESGGGLVQAGGSLRLSCAASGFTLDDYAIAWFRQAPGKEREGVSRIKISNGRTTYAGSVKGRFTISSDNAKNTVYLQMNSLNAEDTAVYYCAADRSSLLFGSNWDRKARYDYWGQGTQVTVSS
seq15750,EVQLAESGGGLVQAGGSLRLSCTASGFTFDDYVMGWFRQAPGKEREGVSCISWSGDTTYYADSVKGRFTASRDNAKNTLYLQMNSLKPEDTAMYYCAADQGKCSLASAEPDDMDYWGRGTLVTVSS
seq15751,QVQLVESGGGLVQAGGSLRLSCAASGRTFSPYTMGWFRQPPGKVREFVGRINWSGIRNYADSVKGRFTISRDNNNNTVYLQMNRLKPEDTAVYYCAAASQSGSGYDSWGQGTQVTVSS
seq15752,QVQLQDSGGGLVQPGGSLRLSCVASGTIFSPDALGWYRQAPGKLREWVATINMGGDTNYVDSVKGRFTISRDNAKKTVYLQMDNLKPEDTAVYYCNLQSHYTSRIYWGQGTQVTVSS
seq15753,LQESGGGSVQPGGSLRLSCAASGFAFSINAMDWYRQVPGKEREVVARISSGGSTNYADAVKGRFTISRDNAKQLVFLQMNNLKPEDTAVYYCNSAYKHNRDSWGQGTQVT
seq15754,QLQLVESGGGLVQPGGSLRLSCTASGDIFVMYMIDWYRQAPGKQRELVASIDGRGTPMYADSVKGRFTISRDNAKNTVYLQMNSLKPEDTAVYSCHAKSPLVDNEYWGQGTQVTVSS
seq15755,EVQLMESGGGSVQAGESLRLSCAASGSIFSSNAMAWYRQAPGKQRDLVAGINSVGITKYADSVKGRFTISRDNAKNTVYLQMNSLKPEDTAVYYCTSDPRRGWDTRYWGQGTQVTVSS
seq15756,EVQLVESGGGEVQPGGSLRLSCAASGFTFSSYHMSWFRQAPGKQRELVATSHHGGTTNYAGSVKGRFTISRDNAKNTVYLQMNTLRAEDTAVYYCKADHGYQGRGYWGQGTLVTVKP
seq15757,EVQLVESGGGLVQPGGSLRLSCAASGRAHSDYAMAWFRQAPGQEREFVAGIGWSGGDTLYADSVRGRFTNSRDNSKNTLYLQMNSLRAEDTAVYYCAARQGQYIYSSMRSDSYDYWGQGTLVTVSS
seq15758,QVQLVESGGGLVQAGGSLRLSCAASGRTFSNYVMGWFRQAPGKERDFVVGIGRSGGDNTYYADSVKGRFTISWDNAKNTMYLQMNSLKPEDTAVYYCAASTYSRDTIFTKWANYNYWGQGTQVTVSS
seq15759,QVQLQESGGGLVRTGGSLRLSCVASGFALANYGIGWFRQAPGKEREGVSCSNVRDGSTYYRDSVKGRFTISRNNIENTVYLQMSTLRPEDTALYYCATTDCEASSWGTWINYRGQGTQVTVSS
seq15760,QVKLEESGGGLVQPGGSLRLSCAASGSIASINTMAWYRQSPGKQRELVAGITRGGSTNYADSVKGRFTISRDNAKNTVYLQMNSLKPEDTAVYYCTDYSLGYYQDYWGQGTQVTVSS
seq15761,QVQLVESGGGLVQPGGSLRLSCAASGFTFSTHAMSWYRQAPGKERELVAHISSTGGSTNYADSVKGRFTISRDNAKNTVYLQMNSLKPEDTAVYRCNARDWYEYWGRGTQVTVSS
seq15762,QVQLQESGGGLVQVGGFLRFSCAASGTTFSRYGLGWFRQAPGKEREFVAAIMWSTDSTYYADSVKGRFTISRDNAKNTAYLEMKGLQPEDTAVYYCAATTSIYSSTYYYSRAYGYWGQGTQVTVSS
seq15763,EVQLVESGGGLVQAGGSLRLSCAASGSIFHINPMGWFRQAPGKEREFVAAINIFGTTNYADSVKGRFTISADNAKNTVYLQMNSLKPEDTAVYYCAAVDGGPLWDDGYDWGQGTQVTVSS
seq15764,DVQLVESGGGLVQPGGSLRLSCAASGRTFNNYAMGWFRQAPGKEREFVAAITRSGVRSGVSAIYGDSVKDRFTISRDNAKNTLYLQMNSLRPEDTAVYYCAASAIGSGALRRFEYDYSGQGTLVTVSS
seq15765,QVQLQESGGGLVQPGGSLRLSCAASGFTFSSYGMSWVRQTPGKGPEWVSAIDSGGGSTSYADSVKGRFTTSRDNAKNTLYLQMNSLKPEDTAVYYCAQGYYCSGYGCSDYWGQGTQVTVSS
seq15766,EVQLVESGGGLVQPGGSLRLSCETSRHTLDHYAIGWFRQAPGKEGEGVACISTSTYYADSVKGRFSISRDNAKNTVYLQMNDLKPEDTAVYHCATTGSGYCTLREFASWGQGTQVTVSS
seq15767,GVQLVESGGGLAQAGGSLRLSCAASGRRFGGHAMGWFRQAPGKDREFVATIYWTTGMTRYADSVKGRFTISRDNAENTVFLQMNSLKPEDTAVYYCALIRDFNIRLDVTSASAYGYWGQGTQVTVSS
seq15768,EVQLVESGGGLVQAGGSLRLSCAASGRTFSSYAMAWYRQAPGKEREYVAAIRWSGGTAYYADSVQGRFTISRDNAKNTVYLQMNSLKPEDTAVYYCANRAPDTRLAPYEYDHWGQGTQVTVSS
seq15769,QVQLVQSGGGSVQAGGSLRLSCAASGYSISSYCMGWFRQAPGKEREGVATIFSGGLIAYYAEFVKGRFTISQDNAKNTVYLQMNSLKSEDTAIYYCAARFGRCLSVRRTDFDSWGQGTQVTVSS
seq15770,VQLVESGGGLVQAGDSLRLSCTASERNLRSYDMAWWRQAPGKEREYVAVITSSGDSTHYSDFVKGRFTISRDNAKNTVSLQMDSLKPEDTASYYCNVNAIRQWPWGQGTQVTVS
seq15771,VQLVESGGGLVQAGGSLRLSCAASGRAFSSYAMGWFRQAPGKERELVAAISWSDDSTYYANSVKGRFTISRDNAKSAVYLQMNSLKPEDTAVYYCAAHKSLQRPDEYTYWGQGTQVTVSS
seq15772,QVQLQESGGGLVQAGRSLRISCTISGITFDEYSIGWFRQAPGKEREGLACISSGGSTFYADSVKGRFTISSDNARNVVYLEMNNLKPEDTAVYRCAADPISRIYHSAAYCTSGVAFDYWGQGTQVTVSS
seq15773,EVQLVESGGGLVQPGGSLRLSCAASGFTLDDYAIGWFRQAPGKEREGVSCISSSDGSTYYADSVKGRFTISRDNATNTVYLQMNSLKPEDTAVYRCAAVVDYYCPGYESGVFRYGMDYWGKGTLVTVSS
seq15774,DVQLQASGGGLVQAGGSLRLSCVASGLTFSLHRMGWFRQGSGKAREFVATITSSGDMTHYADSVKGRFTIFRDNAKNTVYLQMNSLNAEDTAIYSCAAGPTTTSGYQYWGQGTQVTVSS
seq15775,EVQLVESGGGLVQAGGSLRLSCAASGRTLRNYDMGWFRQAPGKEREFVATIRWSTSETYYADSVKGRFTISSDNAKNTVDLQMNSLTPGDTGVYYCAARSVYSYDYNYWGQGTQVTVSS
seq15776,EVQLVESGGGLVQPGGSLTLSCAASGSSVGFLSMAWYRQAPGKKRELVAGISADGSTVYIDSVKGRFTISRDNAKNSVYLQMNSLRAEDTAVYYCYAYRWTTRYTYWGQGTLVTVSS
seq15777,EVQLVESGGGLVQPGGSLRLSCAASGFTFSSYAMSWVRQAPGKGLEWVSAINPGGGSTSYADSVKGRFTISRDNAKNTLYLQMNSLKPEDTAVYYCAKLGGSYYEYDYWGQGTQVTVSS
seq15778,EVQLVESGGGLVQAGGSLRLSCAASGSTSSINTMYWYRQAPGKERELVAFISSGGSTNVRDSVKGRFTISRDNSKNTLYLQMNSLRAEDTAVYYCNTYIPYGGTLHDFWGQGTLVTVSS
seq15779,VQLVESGGGLVQAGGSLRLSCIASGSIFSPNVMGWYRQAPGKPRELVAAITLGESTNYADSVKGRFTISRSNAENTVYLQMDSLKPEDTAVYYCNAGPILERVGPYWGQGTQVTVSS
seq15780,EVQLVESGGGLVQPGGSLRLSCAASGFTLDSYNIGWFRQAPGEEREGVSCVSSSGGSTYYADSVKGRFTISRDNAKNTVYLQMNSLKPEDTAVYYCATLNLFTTCDGPWGYEYDYYGQGTQVTVSS
seq15781,VQLVESGGGSVQAGGSLRLSCTTSGRTYSSCSMGWYRQAPGKERELVSHIFSDGSRYYADSVKGRFTISQDNAKNTVYLQMNSLKPEDTAMYYCNRRTGWAPRCAVPGYWGQGTQVTVSS
seq15782,QVQLQESGGGSVQAGGSLKLSCAASGRGFSRYAMGWFRQAPGQDREFVATISWTNSTDYADSVKGRFAISRDNAKNTAYLQMNSLKPEDTAVYYCAADKWASSTRSIDYDYWGQGIQVTVSS
seq15783,QVQLVESGGGFVQAGGSLRLSCAASGSIFSINYGNWYRQAPGKQRELVAGISRGGRTKYADSVKGRFTISRDSAKTLTLQMTSLKPEDTAVYYCNVRSFVRTYWGQGTQVTVSS
seq15784,KVQLVESGGGLVQAGGSLRLSCTASGNIARITAFGWYRQAPGRQRDFVAGIFSGALTNYADSVKGRFTISRDNAKNTVFLQMNSLKTEDTGTYYCRSDNNWGQGTQVTVSS
seq15785,QVQLQESGGGLVQAGGSLRLSCAASGSISDGDDMGWYRQAPGKEREFVATIDVGGNTYYADSVKGRFTISRDNAKNTVYLQMNSLKPEDTAVYYCAAAAVDDRDGYYYLLYWGQGTQVTVSS
seq15786,EVQLVESGGGLVQPGGSLTLSCTASGGRFSYATMGWSRQAPGKQREMVARITSSGFSTNYADSVKGRFTISRDNAKNSVYLQMNSLRAEDTAVYYCNAQHFGTDSWGQGTLVTVSS
seq15787,QVQLQESGGGLVQTGGSLKLSCAASGRTSSDYSLGWFRQAPGKERQFVAVVNWNGDSTYYGDSVKGRFTISRIMANNTVNLQMNSLKPDDTAVYYCAARRFWDDVWTRMDYWGKGTLVTVSS
seq15788,EVQLVESGGGLVQPGGSLRLSCAASRSIGRLDRMGWYRHRPGEPRELVATITGGSSINYGDSVKGRFTISIDNSKNTVYLQMNSLKPEDTAVYYCNFNKYVTSRDTWGQGTLVTVSS
seq15789,QVQLQESGGGLVQPGGSLRLSCAASGNIDRLYAMAWYRQAAGKQRELVAIAHLSGLLTYADSVKGRFTVSRDNAKNTVYLQMHSLKPEDTAVYYCNRAYGNPTYWGKGTLVTVSS
seq15790,QVQLQESGGGLVQAGGSLRLSCAVSGNTLSRYAMGWFRQTPGKEREFVAAIRWNNGATYYAESVEGRFTISRDTGKNTVYLQMNNLKPEDTAVYYCAGRFLGYASSNAYHEALYNYDYWGQGTQVTVSS
seq15791,QVQLQESGGGLVQPGGSLRLSCAVSGLAFGRVAMAWYRQAPGKERELVARISSGGYTNYADSAKGRFTISRDNVKNLVYLQMNSLKFDDTAVYYCNSGWSGDYWGKGTLVTVSS
seq15792,EVQVVESGGGVVHPGGSVRMRCAASGVTVDYSGMGWFGQAPGKEREFVAVVSQSARTTYYADSVKGRFTISADNSKNTEYLQMNSMKPEDTAVYYCATATRPGEWDWGQGTLVTVSS
seq15793,QLQLVESGGGLVQPGGSLRLSCTASEFTLDYHSIGWFRQAPGKEREGVSCISYGDGTTFYTDSVKGRFTISRDNAKNTVTLQMNSLKPEDTAVYYCAASPGRLLLFRLCMSEDEYDFWGQGTQVTVSS
seq15794,QVQLQESGGGLVQPGGSLRLSCAASGSTFSINAVAWYRQAPGKRRELVAGISGGGVTNYPDSVKGRFTISRDNAKNTVYLQMSSLKPEDTAVYYCNLWPPRASPGGRVYWGQGTQVTVSS
seq15795,AVQLVESGGGLVQAGGSLRLSCAASGLNFRTYTIGWFRQAPGKEREFIVGITWGGGIIDSIDSMKGRATISRDNAENTVYLQMNSLKPEDTAVYSCAAGRNTGGYTRLWRSYDYWGQGTQVTVSS
seq15796,LQESGGGLVQAGGSLRLSCAASGITFSNDASGWSRQAPGKQLDFIARIRSGGTTVIADSVKGRFTISRDDAKNTVYLHMNSLKPEDTAVYFCNADSNGRTYWGQGTQVT
seq15797,QVQLVESGGGVVQPGGSLRLSCAASDSIDSMVNMGWYRQAPGKQRELVALIANYITHYADFVKGRFTISRDNSKNTLYLQMNSLRAEDTAVYYCYARNIIVDYWGQGTLVTVSS
seq15798,EVQLVESGGGLVQAGGSLKLSCARSGRTFTTYPMGWFRQAPGKEREFVAAISMSGDDTAYATFVKGRFTIVRDDDKNTVYLHMTSLKPEDTAVYYCAARTSYSGTYDYIDDYSYWGQGTQVTVSS
seq15799,QVQLQESGGGLVQPGGSLRLSCAASGVIASISVLRWYRQTPGKTRDWVAIITSGGNTRYADSVKGRFTTSRDNARNTVYLQMNSLKPEDTAVYYCNTLVGAKDYWGQGTQVTVSS
seq15800,EVQLVESGGGEVQPGGSLRLSCGPSEIITSDKSVGWVRQAPGKQRNLVAGISNVGSTNYAQSVKGRFTISRDNAKNTVYLQMSSLRAEDTAVYYCYARDFENEYWGQGTLVTVKP
seq15801,EVQLVESGGGLVQPGGSLRLSCAASGFTLDYYNIGWFRQAPGKEREWVSCINSSDGSTYYTDSVKGRFTISRDNAKNTVYLQMNSLKPEDTAIYYCAAPFSYYSHLCGVNGYDYWGQGTQVTVSS
seq15802,EVQLVESGGGLVQPGGSLRLSCTAYGFIFDQSRMFWARQAPGKGFEWLSSILTAGDTWYSDSVKGRFTISRDNAKNTLYLQMNDLKSEDTAVYYCSKDGIYSSKGQGTQVTVSS
seq15803,QVQLVESGGGLAQPGGSLSLSCAASGDIFSIYAMGWYRQAPGKKRELVADITNYGSTNYADSVKGRFTISRDNAKTTIYLQMNSLKPEDTAVYYCNADSYSKLRGWVVYWGQGTQVTVST
seq15804,QVQLQESGGGLVQAGDSLRLSCAASGRTFSRYAMGWFRQAPGKEREFVAAVDWSGGSTAYADSVKGRFTISRDNAKNTVYLQMNSLKPDDTAVYYCAARARDVYGRAWYVEDSSTYDYWGQGTQVTVSS
seq15805,EVQLVESGGGLVQAGGSLRLSCAASGRTSSSYSMGWFRQAPGKEREFVAYISGGGLTIYYAHSVKGRFTISRDNAKNTVYLQMNSLNSADTAVYSCAAPKRDLYLGSRYPVPESYDYWGQGTQVTVSS
seq15806,QVQLQESGGGLVQAGGSLRLSCAVPGRTSNIFAMGWFRQALGKEREFVAAVTWSLGNTYYADSVKGRFTISRDNAKNTVYLQMNSLKPEDTAVYYCAAGEVGPLRQPDTYLHWGQGTQVTVSS
seq15807,EVQLVESGGGLVQPGGSLRVSCAASGFTFSSYYMSWVRQAPGKGLEWVSTINTGGGSTYYADSVKGRFTISRDNAKNTLYLQMDSLKSEDTAVYYCAKDGPYGGYDYWGQGTQVTVS
seq15808,EVQLVESGGGLVQAGGSLRLSCAASGSTFSIYAMGWFRQAPGKERELVASISWSGDTTNYADSVKGRFTISADNAKNTVYLQMNSLKPEDTAVYYCAAGSVYGRNSWGQGTQVTVTS
seq15809,EVQLVESGGGLVQDGGSLSCAASGRTFSSYVMGWFRQAPGKEREFVATISRSGESTYYTGSVKGRFTISRDNAENTVYLQMNSLKPEDTAVYYCAADYNPYQSGSYYSSRSSTYDYWGQGTQVTVSS
seq15810,EVQLVESGGGLVQAGGSLRLSCAASGIIGTIRTMGWFRQAPGKEREGISLITSDDGSTYYADSVKGRFTISADNAKNTVYLQMNSLKPEDTAVYYCAWTTNRGMDWGQGTQVTVSS
seq15811,EVQLVESGGGLVQPGGSLRLSCAASGGTFNNYAMGWFRRAPGKEREFVAAITRSGVRSGVSAIYGDSVKDRFTISRDNVKNTLYLQMNTLKPEDTAVYTCAASAIGSGALRRFEYDYSGQGTQVTVSS
seq15812,QVQLVESGGGLVQPGRSLRLSCAASGRTLDNYDMGWFRQGPGKEREFVAAISWSGGSTDYAYSVTGRFTISRDNAKNSLYLQMNSLRAEDTALYYCAADLRFTGGDTMTPETYDYWGQGTLVTVSS
seq15813,QVQLQESGGGLVQAGGSLRLSCAASGSIFSSNGMYWYRQAPGKQRELVASLFRSGSTNYADSVKGRFTISRDNAQNTVYLRMNSLKPEDTAVYYCNVNWALHDSWGPGTQVTVSS
seq15814,QLVESGGGSVQAGGSLRLSCAASGIDSSSYCMGWFRQRPGKEREGVARINGLGGVKTAYADSVKDRFTISRDNAENTVYLQMNSLKPEDTAIYYCAAKFSPGYCGGSWSNFGYWGQGTQV
seq15815,EVQLVESGGGLVQAGGSLRLSCAASGSIFRINAMGWYRQAPGKQRELVAAAISGGSTNYADFVKGRFTISRDNAKNTVYLQMNSLKPEDTAVYYCNALVVSHNYSDYVPFPDDYWGQGTQVTVSS
seq15816,QVQLVQSGGGLVQPGGSLRLSCAADGFTFSNYAMSWVRQAPGKGLEWVSRIEGGIGSSTYAVDSVKDRFTISRDDAKNTLYLQMSSLKTEDTAVYYCAVNYYGMYYWGQGTLVTVSS
seq15817,EVQLVESGGGLVQPGGSLTLSCVASGSTSSINAMGWYRRAPGKQRELVAGISSDTSKVYADSVKGRFTISRDNAKNSVYLQMNSLRAEDTAVYYCYYFRTVSGSYMRYWGQGTLVTVSS
seq15818,QVQLQESGGGLVQPGGSLRLSCAASGFDFSSRAMSWVRQAPGKGLEWVSTINSGGGSRYYADSVKGRFTTSRDNAKNTLALQLNSLKTEDTAMYYCARCSDIYCDNGAWYRGQGTQVTVSS
seq15819,EVQLVESGGGLVQAGGSLRLSCAASERTFSNYAMDWFRQAPGKEREFVAAITRSGGGTYYADSVKGRFTISRDNAKNTVYLQMNSLKPEDTAVYYCAATRSSTIVVGVGGMEYWGKGTQVTVSS
seq15820,QVKLEESGGGLVQAGGSLRLSCAASGLTFSNYAMGWFRQAPGTEREFVGQISQVDGFTYYEDSVKGRFTISRDNAKNTVYLQMNSLKPDDTAVYYCAAALAFPTTSSNTYAYSGQGTQVTVSS
seq15821,QVQLQESGGGLVQAGGSLRLSCEASGSIFSGNVLGWYRQVPGKQRDLVATITGGGITRYADSVKGRFTISRDNAKNTVYLQMNALKPEDTAVYYCHYRRIMQQYWGQGTQVTVSS
seq15822,QVQLQESGGGLVQAGGSLRLSCASSGSRFSFITMGWLRQAPGKQRELVATLSGDNTNYSDAVKGRFTISRDNARNTVYLQMNGLKPEDTGTYYCRGTSVLYDVWGQGTQVTVSS
seq15823,EVQLVESGGGLVQPGGSLRLSCAASGGIYRVNTMGWFRQAPGKERELVAIKFSGGTTDYADSVKGRFTISADNSKNTAYLQMNSLKPEDTAVYYCAAIAHEEGVYRWDWGQGTLVTVSS
seq15824,QVQLVESGGGLVQAGGSLRLSCAASGRTFTMGWFRQAPGKEREFVAAISLSPTLAYYAESVKGRFTISRDNAKNTVVLQMNSLKPEDTAVYYCAARRIDAADFDSWGQGTQVTVSS
seq15825,QVQLQESGGGVVQPGGSLRLSCSVSGTSISNRVMAWFRQAPGKQRDFVAYITSAVNTDYADFVKGRFTISRDNAQNMVHLQMNSLKPEDTAVYYCNVLKDTWFRTPYDYYWGQGTQVTVSS
seq15826,EVQLVESGGGLVQPGGSLRLSCVASGFSLDDYGMTWVRQAPGKGLEWVSSINWSGTHTDYADSVKGRFTISRDNAKNTLFLQMNSLRSEDTAVYYCNQGWKIVPTDRGGHGTQVTVSS
seq15827,QVKLQESGGGLVQPGGSLRLSCASSVPIFAITVMGWYRQAPGKQRELVAGIKRSGDTNYADSVKGRFTISRDDAKNTVFLQMNSLTTEDTAVYYCNAQILSWMGGTDYWGQGTQVTVSS
seq15828,QVHLMESGGGSVQAGETLRLSCTASGFTFANSDMGWYRQAPGNACELVSIISSHGGTTYYVDSVKGRFTISRHNAENTVYLRMTSLKPEDTALYYCVADPRSNCRGGYCCGYWGPGTQVTVSS
seq15829,EVQLVESGGGMVQAGGSLRLSCTASGLTDNSYAMGWFRRAPGKEREFLTGLTLSGGSTYYADSVKGRFTTSRDSQKNTVSLQMNSLKPEDTAVYYCAANRFGYGSAAYTPDNYNYWAQGTQVTVSS
seq15830,EVQLVESGGGLVQAGGSLRLSCAASGRTLSRSAMGWFRQAPGKEREFVAAINWSGGSTYYGDFVKGRFTISRDSAKNTVYLQMNSLKPEDTAVYYCAAGNGGSYYGHSRARYDYWGQGTQVTVSS
seq15831,QVQLQESGGGLVQAGGSLRLSCVVSGSIMSIRVMGWYRQAPGKQRELVATMSRGGTINYADSVRGRFTISRDNAKNTVYLQMTSLKPEDTAVYYCTALLDSYYWGQGTQVTVSS
seq15832,VQLQESGGGLVQAGESLRLSCAASVSIFRSYFMGWYRQAPGKQRELVAAITDGGRLAYADSAKGRFTISREDTRNTVHLQMSSLKAEDTAVYYCTIWTTDRQQYWGQGTQVTVSS
seq15833,QVQLQESGGGSVQTGGSLALSCAASGTISLFDSMGWYRQAPGKQRELVASITEGSTNYANSVKGRFTISRDNAKKTVSLQMNSLEPADTAVYYCRLSRYYNSNIYWGQGTQVTVSS
seq15834,EVQLVESGGGLVQAGGSLRLSCAASGRTISRFTMGWFRQAPGKERDFVAAISWGGGRTNYEDSVKGRFTISRDNAQNTVYLQMNSLKPEDTAVYYCAADTRGPYNSNWAQSSVSYDTWGQGTQVTVSS
seq15835,QVQLQESGGGLVQAGGSLRLSCAASGLTFSSYAMGWFHQAPGKEREFVAAINWSGRDTYYADSVKGRFTISRDNRKNTVYLQMNSLKPEDTAVYYCAAAEFFSSGDPLPGMDYWGKGTLVTVSS
seq15836,EVQLVESGGGLVQPGGSLRLSCAASGSTFGNYAMGWFRQAPGKEREFVAAISRSGSITYYADSVKGRFTISADNSKNTAYLQMNSLKPEDTAVYYCATDEDYALGPNEYDWGQGTLVTVSS
seq15837,QLQASGGGFVQPGGSLRLSCAASGATYEGEAMGWFRQAPGKEREFVSAISSYPSVISYYADSVKGRFTISRDNSKNTVYLQMNSLRAEDTATYYCAYWVNHEGTIREIYWGQGTQVTVSS
seq15838,QVQLQESGGGLVQAGGSLRLSCAVSGNTLSRYAMGWFRQTPGKEREFVAAIRWNEGATYYADSVEGRFTISRDSGKNTVYLQMNNLQPEDTAVYYCAGRFLGYASSNAYHEALYNYDYWGQGTQVTVSS
seq15839,EVQLVESGGGLVQAGGSLRLSCELRGSIFSQYAMGWFRQAPGKEREFVAGMGAVAHYGEFVKGRFTISRDDAKNTINLQMNSLKPEDTAIYFCARSKSTYISYNSNGYDVWGQGTQVTVSS
seq15840,QLQLVETGGGLVQPGGSLRLSCAASGFTFSDYVMTWVRQAPGKGPEWIATINTDGSTMRDDSTKGRFTISRDNAKNTLYLQMTSLKPEDTALYYCARGRVISASAIRGAVRGPGTQVTVSS
seq15841,EVQLVESGGGLVQPGGSLRLTCAASGRTFRSYAMGWFRQAPGKGREFVAAINYSGGSTNYADSVKGRFTISRDNAKNTLYLQMNSLRPEDTAVYYCAAGSGYASLSYYSTERAYTYWGQGTLVTVSS
seq15842,EVQLVESGGGLVQAGDSLRLSCAASGRAFSTYTMGWFRQAPGKEREFVAVRTGKTGGTRYADSVKGRFTISGDNAKNTVYLQMNRLEPEDTAVYHCAASAIPVVVTTPEEYDYWGQGTQVTVSS
seq15843,VQLQESGGGSVQAGGSLRLSCTASGFTFDDSDMGWYRQAPGNECELVSTISSDGSTYYADSVKGRFTISQDNAKNTVYLQMNSLKPEDTAVYYCADVQIPYGLGTCESLDYWGRGTQVTVSS
seq15844,EVQLVESGGGLVQAGGSLRLSCAASGRTFSNYAMGWFRQASGKEREFVAAISWSGGSTVYADSVKGRFTISRDNAKNMVYLQMNSLRPEDTAVYYCAAGNGGRTYGHSRARYEYWGQGTQVTVSS
seq15845,EVQLVESGGGPVQAGGSLRLSCASSGRTYRGYSMAWFRQSPGKEREFVAAITWSEGNAYYEDFVKGRFTISRDNAKNTLYLQMTNLKPEDTALYYCAAKIRPYIFKIAGQYDYWGQGTLVTVSS
seq15846,LQESGGGLVQPGGSLRLRCFAAGFSFDRWAIGWFRQAPGKEREGVSCISGSDSKTTYTDSVKGRFTISRDGAKMVVELQMNSLEPEDTAVYYCAAHPSRCPLRLEDFPGDWGQGTQVIVSS
seq15847,QVQLQESGGGSVQAGGSLRLSCAPSGRSFSFRGMGWFRQAPGKEREFVAAASWIYATTDYSDSVKGRFTISKDNAKDTLNLQMNSLKPEDTAVYYCAAVRGTSDTVLPPRSDYEYDVWGRGTQVTVSS
seq15848,QVQLQESGGGLVQAGGSLRLSCAASGFSMDYYAIAWFRQAPGKEREEISCITGSDFMVDTYYVASVKGRFTISRDNAENTAYLQMNNLKPEDTGVYFCAVRSTANTLCPSHYSVMDYWGKGTQVTVSS
seq15849,EVQLVESGGGLVQAGGSLSLSCTASGGTFRNYGMGWFRQAQGKEREFVAAISRSAGRTYYSDSVKGRFTISKNNAKNVMSLQMNSLKPEDTAVYYCAARFRFDDGTYYYQRAFYDFWGQGTLVTVSS
seq15850,EVQLVESGGGLVQAGGSLSLSCTASGGTFRNYAMGWFRQAQGKEREFVATISRSGGYTYYSDSVKGRFTISRDNAKNMVSLQMNSLKPEDTAVYYCAARFRFGDGTYYYQRAFYDFWGQGTQVTVSS
seq15851,QVQLQESGGGFMQAGGSLRLSCAASGRPFSINAMGWYRQAPGKQRELVASINRGGTTNYADSVKGRFTISRDNAKNTVYLQMNSLKPEDTAVYYCNVRTIWYRNYWGQGTQVTVSS
seq15852,EVQLQESGPGLVKPSQTLSLTCTVSGGSITTRYYAWSWIRQPPGKGLEWIGVIDYDGDTYYSPSLKSRVTISVDTSKNQFSLQLSSVTAEDTAVYYCARDPDVVTGFHYDYWGQGTQVTVSS
seq15853,EVQLVESGGGLVQAGGSLRLSCAASGRTFSNYFMGWFRQAPGKERESVAAINWDSARTYYADSVKGRFTISADNAKNTVYLQMNSLKPEDTAVYYCASAGRWGQGTQVTVSS
seq15854,ELQLVESGGGLVQPGGSLRLSCAASGFTFSGYGMSWVRQAPGKGLEWVSDINSGGGSTSYADSVKGRFTISRDNAKNTLYLQMNSLKPEDTAVYYCAKDMRLYLARYNDYEAWDYWGQGTQVTVSS
seq15855,QVQLVESGGGLVQAGGSLRLSCAASGRTASSYVIAWFRQAPGKAREYVASVSRSGVSTYYADSVKGRFTISRDKPKNTVFLQMNSLKLEDTAVYYCAADGKNFSNRWWSRDEYKYWGQGTQVTVSG
seq15856,EVQLVESGGGLVQAGGSLRLSCAASGRSLSFDTYAMGWFRQAPGKEREFVASIDWNGGSTYYADSVKGRFTISRDNARNTVNLRMNSLKPDDTAVYYCAAARYYTSGTYFPANYWGQGTQVTVSS
seq15857,EVQLVESGGGLVQAGGSLSLSCTVSGGNFRNFGVGWFRQAHGKEREFVAAISRAGGRTYYADSVKGRFAISRDNAKNMVSLQMNSLKPEDTAVYTCAARFRSGDGTSYYERAFYDFWGQGTQVTVSS
seq15858,EVQLVESGGGQVQPGGSLSLSCESSVSIWSFKVMGWFRQAPGKQLEFVATITTGGSPHYSDSVKGRFTISRDYDKRTLYLQMNSLKPEDTAVYYCAGRLWAHITSSGHDVWGQGTQVTVSS
seq15859,QVQLQESGGGLVQAGGSLGLSCAASRSIFNFKVMGWYRQAPGKQRELVASITNSDNTYYADSVKGRFTISREDAKTTMYLEMNSLKPEDTTVYRCYGQNWGLRATTYWGQGTQVTVSS
seq15860,GSLRLSCAAPERTFSSHHMAWFRQAPGMEREFVAGISWSFGTTSYADSVKGRFTISRDNAKGTVYLQMNSLKPEDTAVYYCAAMPTYRGRKYYLADDYNYWGQGTQVTVSS
seq15861,QVQLQESGGGLVQAGGSLRLSCAASGRTFSSYSMAWFRQAPGKERESVAAITYSGITTAYTDSVKGRFTIWRDNAKNTVYLQMNSLKPEDTAVYYCAASYSASRSYPFGEYDYWGQGTQVTVSS
seq15862,VDQLQESGGGLVQPGGSLRLSCAASGRTFSSYAMGWFRQAPGKQREFVAAIRWSGGYTYYTDSVKGRFTITRDNAKTTVYLQMNSLKPEDTAVYYCAATYLSSDYSRYALPQRPLDYDYWGQGTQVTVSS
seq15863,LQESGGRLVEAGGSLRLSCLVSGGTFSWYAMGWFRQAPGKEREFVATVSRGGGSTYYADSVKGRFTISRDNAKNTVYLQMNSLKPEDTAVYYCAAGRGAPSDTGRPDDYDYWGQGTQVT
seq15864,EVQLVESGGGLVQPGGSLRLSCAASGFTFSDYGMSWVRQAPGKGTEWVSAISWNGNNTYYTESMKGRFTISRDNAKNTLYLQMNSLRPEDTAVYYCAKGSTAIVGVPPTYPDEYDYWGQGTLVTVSS
seq15865,QVQLQESGGGSVQAGGSLRLSCAASGKMSSRRCMGWFRQAPGKERVGVAAIDSDGTTKYADSMKGRFTISKDNAKNTLDLQMNSLKPEDTAMYYCVADSFEDPTCTLVTSSGAFQYRGQGTQVTVSS
seq15866,QVKLLESGGGLVQPGGSLRLSCTASGRTSTVNGMGWYRQAPGKLRERVAVVMPRGTTQYHDSVKGRFTISRDNTRTTAYLQMNDLQPDDTANYYCFADIGPTVKVGQGTQVTVSS
seq15867,EVQLVESGGGLVQPGGSLRLSCAASGRTFSDYGMGWFRQAPGKEREFVAAISWSGGRTYYADSVKGRFTISRDNSKNTVYLQMNSLRPEDTAVYYCAAKRRGRGSVSPNSSSRYNYWGQGTLVTVSS
seq15868,IRLLVESGGGLVRAGGSLRLSCAASGRIFSNYTLGWFRQAPGKEPEFVADISGSITFYADSVKGRFTISRDNAQNTVYLQMNLLKFADTAVYYCAASEDRRTELKKERANSWFPARKFMQYEYWGQGTQVAVSS
seq15869,EVQLVESGGGLVLSGRSDNHQPGGSLRLSCAASGFTFDDYGMSWVRQAPGKALEWVSAISWNGNNTYYTESMKGRFTISRDNAKNTLYLQMNSLRPEDTAVYYCVKGSTAIVGVPPTYPDEYDYWGQGTLVTVSS
seq15870,QVQLVESGGGSVQAGGSLRLSCAASGYTYGSYCMAWFRQAPGKEREGVAGVDSDGTTRYADSVKGRFTISRDNSENTLYLQMNSLRAEDTAVYYCAAGVCGTGGSWYEGDAGLFMYEFAYWGQGTLVTVSS
seq15871,EVQLVESGGGLVQAGGSLRLSCAASGRTLSSYAMGWFRQAPGKEREFVARISQGGTAIYYADSVKGRFTISRDNAKNTVYLQMNSLKPEDTAVYYCAKDPSPYYRGSAYLLSGSYDSWGQGTQVTVSS
seq15872,EVILQESGPGLVKPSQTLSLTCTVSGGSVTGYNINWIRQRPDRGLEWMGMIWGYGDTDYNSALKSRISITADGTKNHLSLQLTSTTTEDTAVYYCTRDHYGGNDWYFDVWGQGTLVTVSS
seq15873,EVQLVESGGGLVQPGGSLRLSCITSGETFKINIWGWYRQAPGKQRELVASLTIGGATDYADSVKGRFTISEDSAKNTVYLQMNSLKAEDTAVYFCNAKSRLYPYDYWGQGTLVTVSS
seq15874,EVQLVESGGGVVQPGGSLRLSCAASGRTFRHYAMGWFRQAPGKEREFVAAISSYGSTDYGDSVKGRFTISRDDAKNTVPLQMNSLKPEDTAVYYCAAADETLGAVPNFRLHEKYEYEYWGQGTLVQVSS
seq15875,EVQLVESGGGLVQAGGSLRLSCVASKRTFASYAMGWFRQVPGKERDFVAAITTGSITIYADSVKGRFAISRDNAKNTVYLQMNSLKPEDTAVYYCAAGNREPYLRQYTASNPYDYWGQGTQVTVSS
seq15876,QVQLQESGGGNVTAGDSLRLSCAASGRTYGGYGMGWFRQIPGKERELVAAIRWSGRNTYYADSVKGRFTISRDNVKDMLYLQMNSLKPEDTAVYTCAVRTVRVVDISSPVGFAYWGQGTQVTVSS
seq15877,QVQLVESGGGLVQAGGSLRLSCAASGRTFSPYTMGWFRQPPGKVREFVGRINWSGIRNYADSVKGRFTISRDNNNNTVYLQMNRLKPEDTAVYYCAAASRSGSGYDSWGQGTQVTVSS
seq15878,EVQLVESGGGLVQPGGSLRLSCAAPGIIFSIHTLGWYRQTPGNERELVARIISSGSTDYADSVKDRFTISRDNAKKTVYLQMDSLKAEDTAVYYCNAYSSFSSTNYWGRGTQVTVSS
seq15879,DVQLVESGGGLVQPGGSLRLSCAASGSIGGLNAMAWYRQAPGKERELVAGIFGVGSTRYADSVKGRFTISRDNSKNTVYLQMNSLRAEDTAVYYCRMSSVTRGSSDYWGQGTLVTVSS
seq15880,EVQLVESGGGVVQPGGSLRLSCSASGLLFSRNSAGWYRQAPGKQREFVARIRAGGSINYADSVKGRFTISRDNSKNTVYLQMNSLRPEDTALYYCSGWRTGFYEYWGQGTLVTVSS
seq15881,QVKLEESGGGLVQPGGSLRLSCVGSGSISSFNGMGWYRQVPGKQRELVAFISSGGRSKYTDSVKGRFTISGDNAKSTVYLQMINLKPEDTAVYYCNVGSVLSYVTGNYYEPSDYWGQGTQVTVSS
seq15882,VQLQESGGGLVQAGGSLTLSCVASGSRFSINTMGWYRQAPGKQRELVAGITSLGFTNYADSVKGRFTISRDNAKNTVYLQMNNLKVEDTAVYYCNRRGFRSYWGQGTLVTVSS
seq15883,EVQLVESGGGQVQPGGSLSLSCESSVSIWSFKVMGWFRQAPGKELELVATITTGGSPDYSDSVKGRFTLSRDYDKRTVYLQMNSLKPEDTAVYYCAGRLWAHITSSGHDVWGQGTQVTVSS
seq15884,GLVQAGGSLRLSCAASGRTLSNYAMGWFRQGPGKEREFVAGINWINDNTYYEDSVKGRFTISRDNAKNTVFLHMNSLKPEDTAVYFCAAGMEIVTRGHYGMDHWGKGT
seq15885,EVQLVESGGGLVQPGGSLRLSCAASGFSFDDDYVMGWFRQAPGKEREFVAAISWSEDNTYYADSVKGRFTISADNSKNTAYLQMNSLKPEDTAVYYCAADRRGLASTRAADYDWGQGTLVTVSS
seq15886,QVQLVESGGGLVQAGGSLRLSCAASISIRRINAMGWYRQAPGKERELVAVISSPNKTLYADSVKGRFTISKDNYTNTLYLQMNSLKPEDTAMYYCSAWRIGVDTTDYYGQGTQVTVSS
seq15887,EVQLVESGGGLVQPGGSLRLSCAASRSIGRLDRMGWYRHRPGEPRELVATITGGSSINYGDSVKGRFTISIDNSKNTVYLQMNSLRPEDTAVYYCNFNKYVTSRDTWGQGTLVTVSS
seq15888,QVQLQESGGGLVQAGGSLRLSCAVSAFSFSNRAVSWYRQAPGKSREWVASISGIRITTYTNSVKGRFIISRDNAKKTVYLQMNDLRPEDTGVYRCYMNRYSGQGTQVTVSS
seq15889,EVQLVESGGGLVQAGGSLRLSCAAPGRTNSTTLMGWSRRAPGKEREFVAAISGSGTLTSYADSVKGRFAISRDNAKNTVYLQMNSLKPEDTAIYYCAAGLTSWALIPSRTLTTWGQGTQVTVSS
seq15890,LQESGGGLVQAGDSLRLSCVASGLTFSSYTMGWFRQAPGKEREFVVHITGSGGLTYYVDSVKGRFTISRDNAKNTVYLQMNNLKPEDTAVYYCAATILARRPSPGAYDYWGQGTQVT
seq15891,VQLVESGGGLVQPGGSLRLSCAASEFTLEHAAVGWFRQAPGKEREGVSCISSRDSNTYYADSVKGRFTISRDNAENTVYLQMNSLKPEDTAVYYCATDVPCWDGSNWSLGHEYDYWGQGTQVTVSS
seq15892,QVQLVQSGGGSVQAGGSLRLSCTASGFTFDDSDMGWFHQAPGNECELVSSISSNGNTYYVDSVQGRFTISRDNAKNTVYLQMNSLKPEDTAMFYCATRNDLVSSNTPPSNCHPYGYNYWGQGTRVTVSS
seq15893,SGGGLVQPGGSLRLSCAASGFTLDSYAIGWFRQAPGKEREGVACISASGSGTDYVDSVKGRFTVSRDQAKSMVFLQMNNMKPEDAAVYYCAADYRPRPLPIQAPCTMTGGNYWGQGTQVTVSS
seq15894,QVQLQESGGGLVQAGGSLRLSCAASGLRFSDYVMGWFRQAPGKEREFVAVITWDGGMTNYADSVKGRFTMSKDNAKNTVYLQMNSLRPETAVYYCAATRGRSTRLVLPSLVESWGQGTQVTVSS
seq15895,EVQLVESGGGLVQPGESLRLSCAASGSIFSSNAMAWYRQAPGKRRDLVAAINSVGVTKYADSVKGRFTISRDNSKNTVYLQMNSLRPEDTAVYYCTSDPRRGWDTRYWGQGTLVTVSS
seq15896,EVQLVESGGGLVQPGGSLRLSCAASGFNFSNYRMYWVRQAPGKGLEWVSSIGAIGNVPAYADFVKGRFTISRDNAKNTLYLEMSSLKVEDTALYYCARDYQGVVRGKGTLVTVSS
seq15897,QVQLVESGGGLVQAGGSLRLSCAVSGRPVSSAVMGWFRQAPGKEREFVGRLTSSATSTFYAESVKGRFTISRDNAKNTVYLQMNNLKPEDTAVYYCAADVPGTKIWSIQTPDRYNYWGQGTQVTVSS
seq15898,QLVETGGSLRLTCVTSGSTFNNPAITWYRQPPGKQREWVASLRSGDGPVYRESVKGRFTIFRDNATDALYLRMNSLKPEDTAVYHCNTASPASWLDWGQGTQVTVSS
seq15899,EVQLVESGGGLVQPGGSLRLSCAASGTTFNFNVMGWFRQAPGKERELVAVISWTGESTLYADSVKGRFTISADNSKNTAYLQMNSLKPEDTAVYYCAAFDGYTGRDWGQGTLVTVSS
seq15900,QVQLQESGGGMVQPGGSLRLSCAASGFDFGVSWMYWVRQAPGKGLEWVSEINTNGLITKYPDSVKGRFTISRDNAKTTLYLQMNSLKPEDTALYYCARSPSGSFRGQGTQVTVSS
seq15901,EVQLVESGGGLVQAGGSLRLSCAASGRTFTTYPMGWFRQAPGKEREFVAAISMSGDDTAYATFVKGRFTISRDNARNTVYLHMTRLKPEDTAVYSCAARTSYDGRYDYIDDYSDWGQGTQVTVSS
seq15902,EVQLVESGGGLVQPGGSLTLSCVASGSTSRINAMGWYRRAPGKQRELVAGISSDGSKVYADSVKGRFTISRDNAKNSVYLQMNSLRAEDTAVYYCYYFRTASGSSMRYWGQGTLVTVSS
seq15903,EVQLVESGGGLVQAGGSLRLSCAASGRTLSSYGLGWFRQAPGKEREFVAAIGWSGSSTYYADSVKGRFTVSVDNAKNTVYLKMNSLEPEDTAVYYCAAKVRNFNSDWDLLTSYNYWGQGTQVTVSS
seq15904,VQLQESGGGLVQAGDSLKLSCATSGRSFSSYTIAWFRQAPGKEREGISCISSDGSTGYADSVRGRFTISSDNAKNTVYLQMNSLKPEDTAVYYCAADFNVWSPPICGSIWYGPPPRGMDYWGKGTQVTVSS
seq15905,EVQLVESGGGLVQPGGSLTLSCAASESIFSINVMAWHRQAPGKQRELVARITSGGSTNYADSVKGRFTISRDNAKNSVYLQMNSLRAEDTAVYYCGAYQGLYAYWGQGTLVTVSS
seq15906,QVQLVESGGGLVQAGGSLRLSCAASGRNFSHYAMGWFRQAPGKAREFVATINRDGDSTYYTNSVKGRFTISRENAKNTGYLQMNSLKPEDTAVYYCGVQYSWSGTSIYWREYEYAYWGQGAQVTVSS
seq15907,QVKLEESGGGLVQPGGSLRLSCAASGRTRTIRAMAWFRQALGKQREFIARITVGGTNYADSVKDRFTISRDDAKNTVYLQMNSLKPEDTAVYYCYSKTWGDRNYWGQGTQVTVPS
seq15908,QVQLVESGGGLVQPGGSLRLSCAASGSIFRIDGMHWYRQAPGKQRELVASITPSGITHYADSVKGRFTISRDNSKNTLYLQMNSLRAEDTAVYYCNAHLVKVGGVWSDEYWGQGTLVTVSS
seq15909,QVQLQESGGGLVQPGGFLRFSCAVSGSIFSINTMAWYRQAPGKQRELVAVIIGGGSTNYADSVKGRFTISRGNAKNTVYLQMNSLKPEDTPVYYCNANTAAYYYTITGGMDYWGKGTLVTVSS
seq15910,DVQLVESGGGLVQTGGSLRLSCVASGRTFRAYAMGWFRQAPGKEREFVSAISWSGGSTYYAGSVKGRFTISRDSAKNTVHLQMDSLIPEDTAVYYCAAGPIARWYRGDMDYWGKGTLVTVSS
seq15911,QVQLQESGGGVVQSGGSLRLSCVASGNIFRINVMGWYRQAPGKQRELVAVVKSGGSTNYVDSAKGRFTISRDNAKNTAYLHMDSLKPEDTAVYYCNAQTRLWSYWGQGTLVTVSS
seq15912,QVKLEESGGGSVQTGGSLRLTCAASGRTSRSYGMGWFRQAPGKEREFVSGISWRGDSTGYADSVKGRFTISRDNAKNTVDLQMNSLTPEDTAIYYCAAAAGSAWYGTLYEYDYWGQGTQVTVSS
seq15913,EVQLVESGGGLVQAGGSLRLSCAASEPTFSSVAMGWFRQGPGKEREFAATITWSGDSTYVTDSVKGRFTISRDNARNTAYLQMDSLRPEDTAVYSCAARRWSGTLSLFDNEYYYWGQGTQVTVSS
seq15914,EVQLVESGGGLVQPGGSLRLSCAASGFTVDDYAMSWVRQAPGKGLEWVSTISWNDEYTYYAESMKGRFTISRDNAKNTLYLQMNSLKSEDTAVYYCAKGGSRLYDYHYWGQGTQVTVSS
seq15915,EVQLVESGGGEVQPGGSLRLSCAASEIIFSDKTVGWYRQAPGKQRVLVAVISNVDSTNYAQSVKGRFTISRDNAKNTVYLQMSSLRAEDTAVYYCYARDFESEYWGQGTLVTVKP
seq15916,EVQLVESGGGLVQPGGSLRLSCAASGFTFDDYAMGWFRQAPGKERELVAGISWNGGITYYADSVKGRFTISADNSKNTAYLQMNSLKPEDTAVYYCAVVRAGYDYWGQGTLVTVSS
seq15917,EVQLVESGGGLVQAGGSLRLSCAASGIIFSDNVMGWFRQAPGKEREFVAAIAGRGSRLDYADSVKGRFTISRDNAKNTVYLQMNSLKPEDTATYYCAAKPYGRVFYTEGSNYDFWGQGTQVTVSS
seq15918,QVQLVESGGGFVQAGGSLRLSCAASGRTFDNYVMAWFRQAPGKEREFVASISGSGSITNYANSVKDRFTISRDSAKNAIYLQMNSLKPEDTALYYCAAGSRRTYYREPKFYPSWGQGTQVTVSS
seq15919,EVQLVESGGRLVQAGGSLRLSCAASGRTFTSYPMGWFRQAPGKEREFVAAISMSGDDAAYADFVRGRFTISRDDARNTVYLHMTSLKPEDTAVYYCAARTSYDGTYDYIDDYSYWGQGTQVTVSS
seq15920,DVQLVESGGGLVQPGGSLRLSCAASGFKITHYCTGWFRQAPGKEREFVSRITWGGDNTFYSNSVKGRFTISRDNSKNTVYLQMNSLRAEDTAVYYCAAGSTSCATPLRVDYWGQGTLVTVSS
seq15921,EVQLVESGGGLVQPGGSLKLSCAASGFTFSSYRMYWVRQAPGKGLEWVSAIKPDGSITYYADSVKGRFTISRDNAKNTVYLQMNSLKPEDTAVYYCATDCGVPGFGWTFSSWGQGTQVTVSS
seq15922,EVQLVESGGGEVQPGGSLRLSCAASGFLFSIYDMNWYRQAPGKEREWVAGITNNGYSTAYAESVKGRFTISRDNAKNTIYLQMSSLRAEDTAVYYCHADLTKAYDVEYAWGQGTLVTV
seq15923,VQLVETGGGLVQAGGSLRLSCAASGFTFSSYAMGWFRQAPGKERDFVAGISLSGAGTYYVKGRFTISRDNAKNTVYLQMNSLKPEDTAVYYCKATGERGYGDQGYLEVWGRGTLVTV
seq15924,GLVQPGRSLRVSYAASGFTFSSHYMSWVRQDPEKGLEWVSEIATGGTITSYADSVKGRFTISRDNANNMLFLQMNNLKPEDTALYYCVRRGRAIAFDVWGQGTQVTVSS
seq15925,VQLQESGGGLVEAEGSLRLSCAASGRTFGSYAMGWFRQAPGKSRELVAAISSGGTTYYADSVKGRFTISRDNARNTVYLQTNSLKPEDTAVYYCAARTGSAYYTNRIDWPYWGQGTQVTVSS
seq15926,QVQLVESGGGSVQAGGSLRLSCAASGFTDSSYCGAWFRQVPGKEREGVAIIDRYGGTMYKDSVKGRFTISKDTAKNILYLQMNSLKLEDTAMYYCAAAEYRGSSCDAESGYWGQGTQVTVSS
seq15927,QVQLVESGGGLVQPGGSLRLSCAASVSIFSINAMGWYRQAPGKERELVAAITSGGRTAYADSVKGRFTISRDNSKNTVYLQMDSLKPEDTDVYYCKAYIRGEDYWGKGTQVTVSS
seq15928,EVQLVESGGGLVQPGGSLTLSCVASGSISSIIVMGWSRQAPGKQRESVATITRDGTRNYADSLKGRFTISRDNAKNSSYLQMNSLRAEDTAVYYCYARYGDINYWGQGTLVTVSS
seq15929,VQLVESGGGLVQTGGSLRLSCASSGSIAGFETVTWSRQAPGKSLQWVASMTKTNNEIYSDSVKGRFIISRDNAKNTVYLQMNSLKPEDTGVYFCKGPELRGQGIQVTVS
seq15930,VQLVESGGGSVQAGGSLRLSCAASGYTYSNYCMGWFRQAPGKEREGVAVIDSDGSTSYADSVKGRFTISQDNAKNTVFLQMNSLKPEDTAMYYCAADEGPRRDYSGSWCYDTDIYWGQGTQVTVSS
seq15931,QVQLQESGGGLVQPGGSLRLSCSASGFAFDDYAMSWVRQAPGKGLEWVSSINWNGGSTYYAESMKGRFTISRDSAKNTLYLQMNSLKSEDTAVYYCAKGEGSANWGLDFGSWGQGTQVTVSS
seq15932,VQLQESGGGVVQAGDSLRLSCVASGRTFSSLDMGWFRQAPGKEREFVAGVSRSGISQYYADSMKGRFTISRDNAKNLVYLQMNSLKPEDTAVYYCAAALTFRGSDLPRDSNYWGQGTQVTVSS
seq15933,EVQLVESGGGLVQAGGSLSLSCAASGLTFSTYGMGWFRQAPGKEREFVAFISVSGIRTYYADSVKGRFTISRDNAKNTVYLQMNSLKPEDTAVYYCAAALTGWIEARAEKYNYWGQGTQVTVSS
seq15934,QVHPVESGGGLVQTGGSLRLSCAASAGIFSINVMGWYRQAPGKQRELVASITSRGDTTYANSVKGRFTISRDNAKNTVYLQMNALKPEDTAVYYCNLKGTDYSGTSTQTFDRQGQGTQVTVSS
seq15935,QVQLVQSGGGLVQAGGSLRLSCAASRRPFSSKTMAWFRQTPGKEREFVAAVRWIGGATRYTDSVKGRFSISKDNAINTVYLQMNSLKSEDTAVYYCAAGQAWGTKFTDYSDWGQGTQVTVKP
seq15936,VQLQESGGGLVQPGGSLGLSCAASGSLLNIYAMGWYRQAPGRQRELVATVTSSGTAEYADSVKGRFTISRDNAKNTVYLQMNSLRPEDTGVYYCNAHLRYGDYVRGPPEYNYWGQGTQVTVS
seq15937,DVHLQDSGGGSVHAGGSLTLSCLMSGHTYYGPCGGGFPRPPGKGREGIAQIIPIGGSVIYIGGVKGRFTISRYNSKNTIALIMNDLVPEDTATYCATDSGGLCSHRERDYDIWGQGTQVTVCS
seq15938,EVQLVESGGGLVQPGGSLRLSCAASGDVHKINILGWYRQAPAKEREMVAHITIGDATSYAGSAKGRFTISRDEAKNMVYLQLNNLKPEDTAVYFCRAYSRIYPYNYWGQGTLVTVSS
seq15939,EVQLVESGGGPAQAGGSLRLSCAASGRTYRGYSMGWFRQAPGREREFVAAIVWSDGNTYYEDSVKGRFTISRDNAKNTMYLQMTSLKPEDSATYYCAAKIRPYIFKIAGQYDYWGQGTLVTVSS
seq15940,EVQLVESGGGLVQAGGSLRLSCAASGTISSINTMGWFRQAPGKEREFVAALVKGFSWGSGSNIVADSVKGRFTISRDNAKNTMSLQMNSLELEDTAIYYCAAGRRSSGRSGYEYWGQGTQVTVSS
seq15941,QVQLQESGGGLVQPGGSLILSCTISGASLRDRRVTWSRQGPGKSLEIIAVMAPDYGVHYFGSLEGRVAVRGDVVKNTVYLQVNALKPEDTAIYWCSMGNIRGLGTQVTVSS
seq15942,EVQLVESGGGLVQAGESLRLSCVASERAFGMNYMGWFRQSAGKQREQVAAISQSGDTNYADSVKGRFTISRDNAKNTLYLEMNSLRPEDTAVYYCYAGPSIGLVISGLGYWGQGTQVTVSS
seq15943,VQLQESGGGLVQPGGSLRLSCAASGSSISINNWGWYRQAPGKQRERVAAISGGGKTVYADSVKGRFTISRDNAKNTVYLQMNSLKPEDTAVYYCRAVRKSTGWLRGLDVWGQGTQVTVSA
seq15944,EVQLVESGGGQVQPGGSLSLSCESSVSIWSFKVMGWFRQAPGKQRELVATITTGGSPDYSDSVKGRFTLSRDYDKRTVYLQMNSLKPEDTAVYYCAGRLWAHITSSGHDVWGQGTQVTVSS
seq15945,VQLVESGGGLVQAGGSLSLSCEDSGRSFSVKPMAWFRQAPGLEREFVAAASFTGVSTFYADSVKDRYTIFREKDNNTVYLQMNSLQPEDTGAYYCAGTLRTLWGSKWRDRREYEYWGQGTQVTVSS
seq15946,QVQLQESGGGLVQPGGSLRLSCAASGRYQMAWFRQAPEKEREFVGTISSGDSTWYTNSVKGRFAISRDSARTTVYLQMNDLKPEDTAVYYCAAALYYRDSWRAADYPYWGQGTQVTVSS
seq15947,QVQLQEFGGGLVQAGGFLRFSCTASGFTFDDYAIGWFRQAPGKEREGLACISCFDGTTYHSPSLKGRFTISTVNAKSTVYLQMNSLKPEDTAEYICAADVHCSIYSVGYDADYWGQGTQVTVSS
seq15948,QVKLEESGGGLVQVGDSLRLSCAASGRTFSNYTMAWFRQFPGKEREFVAVVSRGGGATDYADSVKGRFTISRDNAKNTMYLQMNSLKTDTAVYYCAAGTDLSYYYSTKKWAYWGQGTQVTVSS
seq15949,EVQLVESGGGLVQPGGSLRLSCAASGRTFSGDFMGWFRQAPGKEREFVGRINWSGGNTYYADSVRGLFTITADNNKNTAYLMMNLLKPEDTAVYYCPTDPPLFWGLGTLVTWSS
seq15950,EVQLVESGGGLVQAGGSLRLSCTASGQTSSTADMGWFRQPPGKGREFVARISGIDGTTYYDEPVKGRFTISRDKAQNTVYLQMDSLKPEDTAVYYCRSPRYADQWSAYDYWGQGTQVTVSS
seq15951,AVQLVESGGGSVQAGGSLRLSCYVGGFQYNTYCTGWFRQAPGKEREAVATINRDGRTQYPDSVKGRFTISQINLENPVYLQMNNLEPEDTAIYYCAAGFGRSCDFNYWGQGTQVTVSS
seq15952,EVQLVESGGGLVQAGGSLRLSCAASERTYSVGWFRQAPGKEREFVAGSGWDGTPTRYADSVKGRFTISRDNAKNTVSLQMSGLKPEDTAIYYCATGTSVYHYQYWGQGTQVTVSS
seq15953,VQLQESGGGLVQAGGSLRLSCAASGLTFDTYAMGWFRQAPGKKREYVAAISWTGISTYYADIAKGRFTISRDNAKNTLYLQMDSLKPEDTAVYYCAAQKSLNVPAPWDYWGQGTQVTVSS
seq15954,EVQLVESGGGLVQPGGSLTLSCVASEGTFSSYGMGWFRQAPGKERAFVATINWSGVNAYADSVKGRFTISRDNAKKTAYLQMNSLKPEDTAVYYCAAETYGSGSSLMNEYDYWGQGTQVTVSS
seq15955,QVQLQESGGGLVQAGGSLRLSCAASQSITSTYGMAWYRQAPGKQREWVATINHTGNTNYVASVKGRFAISRDNSDYTVYLQMSDLKPEDTAVYYCSPAVWTGLRPWGQGTQVTVSS
seq15956,EVQLVESGGGLVQPGGSLRLSCAASVRTFSNYFMGWFRQAPGKEREFVATIGWSGTDYADSVKGRFTISRDNAKNTVYLQMNSLKPEDTAVYYCAAGYFKRLGPTSPRDYTYWGQGTQVTVSS
seq15957,EVQLVESGGGPVQAGDSLRLSCAASGRAYRGYSMGWFRQVPGKEREFVAAIAWTDGNTYYEDSVKGRFTISRDITKNTMYLQMTSLKPEDSATYYCAAKIRPYIFKIAGQYDYWGQGTLVTVSS
seq15958,EVQLLESGGGLVQAGGSLRLSCAASGFTLDDYAIGWFRQAPGKEREGVSSIRDNDGSTYYADSVKGRFTISSDNDKNTVYLQMNSLKPEDTAVYYCAAVPAGRLRIGEQWYPIYEYDAWGQGTLVTVSS
seq15959,VQLQESGGGLVQAGGSLRLSCAASGRTFSVYAVGWFRQAPGKEREFVGYFGTRGGRTYYADSVKGRFTIAIDNAKNTVYLQMNSLKLDDTAVYYCAVRMPYSGDYRSSGTYDYWGQGTQVTVSS
seq15960,QLQLVESGGGLVQPGGSLRLSCAASGFTFSSYVMHWVRQAPGKGLEWVSSIYHDGSHTYYADFVKGRFTISRDNAKNTLYLQMNSLKSEDTAVYYCASGTSYSGSYYYTDPFFGSWGQGTQVTVSS
seq15961,QVQLVESGGGLVQAGDSLRLSCAASGRTFSDYAMGWFRQAPGKELEFVARINWSGTLTYYADSVKGRFTASRDNAKNTVYLQMNSLKPEDTAVYYCAQRGDSGSNYDPSGYRYWGQGTQVTVSS
seq15962,AVQLVESGGGLVQAGGSLRLSCAASGRTFSSYAVGWFRQAPGKDREFVAGINWTGANTYHADSVAGRVTISRDNAKNVVYLQMNSLKPEDTAVYYCNAGTQGGWYWGQGIQVTVSS
seq15963,QVQLVESGGGLVQPGGSLRLSCVVSGSDFNTYIMGWYRQVPGKPRELVADITTEGKTNYGGSVKGRFTISRDNAKNTVYLQMFGLKPEDAGNYVCNADWKMGAWTAGDYGIDYWGKGTLVTVSS
seq15964,QVQLQESGGGLVQAGGSLRLSCVASGITFNTYAMGWYRQAPGKQRERVAVISNFGVTVYENSVKGRFTISRDNAKNAVYLQMNNLRSEDTAVYFCSAIRGVNYWGQGTLVTVSS
seq15965,VQLVESGGGLVQAGGSLRLSCAASGRAPETYAMGWFRQAPGKEREFVAHIIVTGDRTYYADSVKGRFTISRNNAKNTVYLQMNSLKPEDTAVYYCAADRSARWEPGTHYWGQGTQVTVSS
seq15966,EVQLLESGGGLVQPGGSLSISCAASGGSLSNYVLGWFRQAPGKGREFVAAINWRGDITIGPPNVEGRFTISRDNSKNTLYLQMNSLAPEDTAVYYCGAGTPLNPGAYIYDWSYDYWGQGTLVTVSS
seq15967,QVQLQQSGGRSVQAGGSLRLACTASGRALNTLHMGWFREAPGKGREFVGSISRSGETTWYADFVEGRFTVFRDNAKNAVYLEMTSLKPEDTASYYCAASMSLRPLDPASYSPDIQPYDYWGQGTQVTVSS
seq15968,LQESGGGLVQAGGSLSISCATSGLTFSNYVTGWLRQAPGKDREFVASISRSGISTDYADSVKGRFTISRDNAKNTVYLQMNSLKPEDTAVYYCAAGGGGTYYRRNYKYDYWGQGTQVT
seq15969,EVQLVESGGGLVQAGESLRLSCAASGSIFSIDAMGWYRQAPGKQRELVAEISDHTTYGDSVKGRFTISRGNAENTVALQMNSLKPEDTGVYYCNVHHQRGWGTSITVTWGQGTLVTVSS
seq15970,QVQLQESGGGSVQAGGSLRLSCAASGYQQTGYCMGWFRQAPGKEREGVAVIKTFYAGTVYADSVKGRFTISQDIAKNTVYLQMNSLQPEDTAMYYCAITGGPWNGRCPLTSQAFRYWGQGTQVTVSS
seq15971,QLQASGGGFVQPGGSLRLSCAASGRTSKNYAMGWFRQAPGKEREFVSAISWTTNQDTYYADSVKGRFTISRDNSKNTVYLQMNSLRAEDTATYYCAIWDKREISIYWGQGTQVTVSS
seq15972,EVQLVESGGGLVQPGGSLRLSCAASGSIFSINTMGWYRQVPGKQRELVATVRSGSITNYADSVQDRFTITRDIDENTVYLQMNSLKPEDTAVYYCLTRASVPGRGYQDYWGQGTQVTVSS
seq15973,QVQLQESGGGLVQAGGSLRLSCADSGSTFGLSAMGWYRQSPGKQRELVASIISDGRTNYADSVKGRFTISRVNAKRTVYLQMNSLKPEDTAVYVCNARFGIRDFWGQGTQVTVSS
seq15974,EVQLVESGGGLVQPGGSLRLSCAASGRTFSTYTMGWFRQAPGKEREFVARIWRSGGNTYYADSVKGRFTISADNSKNTAYLQMNSLKPEDTAVYYCARGVRGVFRAYFDHWGQGTLVTVSS
seq15975,EVQLVESGGGVVQPGGSLRLSCAASISIFDIYAMHWYRQAPGKQRELVAVSFRDGSTYYADSVKGRFTISRDNSKNTLYLQMNSLRAEDTAVYLCHVSLYRDPLGVAGGMGVYWGKGALVTVSS
seq15976,EVQLVESGGGLVQAGDSLRLSCAASGRTFTMGWFRQAPGTEREFVAAISGSGKITNYADSVKGRFTISRDHAKNTVFLQMDSLKPEDTAVYYCAGYLRSPYYSSFYDSAKYEYWGQGTQVTVSS
seq15977,EVQLVESGGGEVQPGGSLRLSCAASGLLFSIYDMNWYRQAPGKEREWVAGITNNGYSTAYAESVKGRFTISRDNAKNTVYLQMSSLRAEDTAVYYCHTDEWGREYWGQGTLVTV
seq15978,ELTLQESGPGLVKPSQTLSLTCVVSRGSVTSDYYWNWIRQRPGRGLEWMGHWIGSTAYNPAFQGRISITADTAKNQLSLQLRSMTTEDTAVYFCARGSSWTPSGDSWGQGTLVTVSS
seq15979,EVQLVESGGGLVQPGGSLRLSCSASGRTFSFSTSTMGWFRQAPGKELEFVAAIDWSDFNTYYADSVKGRFTISRHNPRNSVYLQMNSLRPEDTAVYYCAAHSETRGGTRYFDRPSLYNYWGQGTQVTVSS
seq15980,EVQLVESGGGLVQPGGSLRLSCAASGNIFKINVMGWYRQAPGKGREWVAAIISGGSTNYADSVKGRFTISRDNAKNTLYLQMNSLRPEDTAVYYCAFILTYNDYDLGSDYWGQGTLVTVSS
seq15981,DVQLQESGGGLVQAGGSLRLSCAASGFTFDDYVIGWFRQAPGKEREGVSSISNNNSTYYADSVKGRFTIASDNAKNTVYLQMNSLKPEDTAVYYCAADVTLNPFTGWNTRSGPMYRYEYDYWGQGTQVTVSS
seq15982,EVQLVESGGGLVQAGGSLRLSCESSGSTFSSDAMGWFRQAPGKEREFLAAIGWSGAVTHYSDSVQGRFTISRDNAKNTVYLQMNSLKSEDTGRYYCAEDYDTDVWQYWGQGTQVTVSS
seq15983,EVQLVESGGGLVQAGDSLRLSCAASGLTFSNYDMGWFRQAPGKEREFVGASWWSGGAPYYSDSVKGRFTISRDNAKNTVYLQANSLRPEDTAVYYCAAKRLRSFASGGSYDYWGQGTQVTVSS
seq15984,QVQLVESGGGSVQAGGSLGLSCAASGYTTNRRRMTWFRQAPGKEREGVAVIYPSNGGTAYADSVKGRFTISQDNAKNTVYLQMNSLKPEDTATYYCALQSSESYGYRGFWYEQYGYADWGQGTQVTVSS
seq15985,EVQLQESGPGLVKPSQTLSLTCTVSGGSITSRYYAWSWIRQPPGKGLEWIGVIDYDGDTYYSPSLKSRVSISWDTSKNQFSLKLSSVTPADTAVYYCARDPDVVTGFHYDYWGQGTMVTVSS
seq15986,QVQLQESGGGSVQAGGSLRLSCAASGRTFSDYAMGWFRQVPGLEREFVARISRSGDSTGYADSVKGRFTVSRDNAKNTVYLQMNSLKTEDTAVYYCAATTSWLPGHNANVYDYWGQGTQVTVSS
seq15987,EVQLQASGGGLVQAGDSLRLSCAAVSGRTTSTFAMGWFRQAPGKEREFVATINWSGSSARYADPVKGRFTISRDDAKNTVYLEMSSLKPEDTAVYYCASGRYLGGITSYSQGDFAPWGQGTQVTVSS
seq15988,EVQLVESGGGLVQPGGSLRLSCAASGFTFDDYGMSWVRQAPGKALEWVSAISWNGNNTYYTESMKGRFTISRDNAKNCLYLQMNSLRPEDTAVYYCVKGSTAIVGVPPTYPDEYDYWGQGTLVTVSS
seq15989,QVQLTESGGGLVQAGASLRLSCVASPDTPSTYTIAWFRRAPGKERDFVANIARAGTTITYADSVKGRFTISKDNARNTVYLQMNNLTPADTAIYYCAAYSPGSIIARDSTQYRYWGQGTRVTVSE
seq15990,QVQLQQSGGGLVQAGGSLRLSCQASGRSGSTSFMGWFRQAPGKEREFVAAIRWSSGMTYYADSVKGRFTISRDNAKNTVDLQMNSLKPEDTAVYYCAADNYPLHIGHQDHEVDYWGQGTQVTVSS
seq15991,EVQLVESGGGLVQVGDSLRLSCAASGRTFSTYLMVGWFRQAPGKEREFAAVIWSSGDTAYADSVKGRFTISRDSAKNTVYLQMNSLKAEDTAVYYCAGSYDGNYYIPGFYKDWGQGTQVTVSS
seq15992,AVQLVESGGGLVQAGDSLRLSCTASGRTFLSYAVGWFRQAPGTEREFVAGIRWSGEHTDYAASVKGRFTISRDNAKNTVYLQMNSLKPEDTAVYYCAAHTTIATIPKKYEYEYWGQGTQVTVSS
seq15993,QVQLVQSGGGLVQPGGSLRLSCAASGFTFDDYAMSWVRQAPGKGLEWVSAINSGGGSTSYADSVKGRFTISRDNDKKTVYLQMNSLKPEDTAVYYCAVKIWTQFGYWGQGTQVTVSS
seq15994,ESGGGSVQAGGSLRLSCAASGYTVSRGCMAWFRQVPGKEREGVAAINSGDGTTYYADSVKGRFTISQDNAKNTVYLQMNSLEPEDTSIYYCAASRLRCPWNLVSASWYDFWGQGTQVTVSS
seq15995,AVQLVDSGGGSVQAGGSLRLSCAASGYTSCPGNMAWYRQAPGKEREFVSIIEGDGSAKYAESVKGRFTISQDNDKNAVYLQMNSLKPEDTATYYCKVERPSSYRLGCIHSYAYWGQGTRVTASS
seq15996,DVQLVESGGGLVQPGGSLRLSCAASGSFSSINVMGWYRQAPGKERELVARITNLGLPNYADSVTGRFTISRDNSKNTVYLQMNSLRPEDTAVYYCYLVALKAEYWGQGTLVTVSS
seq15997,EVQLVESGGGLVQAGGSLRLSCAASGFTFDDYAIGWFRQAPGKEREGVSCISSSDGSTYYADSVKGRFTISSDNAKNTVYLQMNSLKPEDTAVYYCAADFGSWGQGTQVTVSS
seq15998,QVQLVESGGGLVQAGGSLRLSCAASGSIFSSNAMAWYRQTPEKQRELICDITRGGITKCADSVKGRFTISRDNTKNTVYLQMNSLKSEDTAVYYCAAKSEGYFGFPRVENEYPYWGQGTQVTV
seq15999,EVQLVESGGGLVQAGGSLRLSCAASGRTFSNYPMGWFRQAPEKEREFVAAISWSGGSTAYADSVKGRFTISRDNAENTVYLQMNSLKPEDTAVYYCAAGNGGRNYGHSRARYDYWGQGTQVTVSS
seq16000,EVQLVESEGGLVQAGDSLRLSCAASGRTFSSYSMGWFRQAQGKEREFVVAISSSGNYKYDSVSLEGRFTISRDNTKNTVYLQINSLKPEDTAVYYCAASRAYGSSRLRLGDTYDYWGQGTQVTVSS
seq16001,EVQLVESGGGLVQAGGSLRLSCAASVSAFSEYAMGWYRQAPGKQREFVATINSLGGTSYADSVKGRFTISRDNAKNTVYLQMNSLKPEDTAVYYCTLYRANLWGQGTQVTVSS
seq16002,EVQLVESGGGLVQPGGSLRLSCAASGGTFSSIGMGWFRQAPGKEREGVAAIGSDGSTSYADSVKGRFTISADNSKNTAYLQMNSLKPEDTAVYYCAAASDRYARVLTEYEYVWGQGTLVTVSS
seq16003,VQLVESGGGVVQPGGSLRLSCAASDSIDSLVNMGWYRQAPGKQRELVALIANYITHYADFVKGRFTISRDNSKNTLYLQMNSLRAEDTAVYYCYARNIIEDYWGQGTLVTV
seq16004,QVRLVESGGGSVQAGGSLRLSCVASGYTVSAYCMGWFRQVLGKGRERIAFIDAGGATIYADPVKGRFTISKDNAKNTLYLQMNSLKPEDTAMYYCVADRRGRVRRCEYNAWGQGTQVTVSS
seq16005,EVQLVESGGGSVQAGGSLRLSCAASGISNRRFCMAWFQPAPGKEREGVAFIERGGSTTLYADSVKGRFTISTDNAKNTMALQMNSLKPEDTAIYYCAANGRIWGLGSWWNKHDAYNFWGQGTQVTVSS
seq16006,QVQLQESGGGLVQTGGSLTLSCAASEIAFSNFNMGWYRQGSGKQRTLVAQISSHGDTNYLDSMKGRFTISRDNNKKTVYLQMNALKPEDTAVYYCNANDPFLSVSDFWGQGTQVTVSS
seq16007,EVQLVESGGGLVQAGGSLRLSCAASGFTFDNYAMGWFRQAPGKEREFVSSITWSGGRTSYADSVKGRFTISADNAKNTVYLQMNSLKPEDTAVYYCAANAWTIYRYDYWGQGTQVTVSS
seq16008,EVQLQESGPGLVKPSQTLSLTCTVSGGSITSRYYAWSWIRQPPGKGLEWIGVIDYDGDTYYSPSLKSRTTISWDTSKNQFSLQLSSVTAEDTAVYYCARDPDVVTGFHYDYWGQGTQVTVSS
seq16009,EVQLVESGGGSVQAGGSLRLSCAASGSTFSRYSMNWYRQAPGKQREFVAGISVGRITNYAVSVKGRFTISRDNAEGTGFLQMNGLKPEDTAVYYCNAGGLQGYWGLGTQVTVSS
seq16010,GGGLVQAGGTLRLSCAASGRTFTSYYIGWFRQEPGKEREFVASIGWTDDNTYYADSVKGRFTISRDNAETTAYLQMSGLKPEDTAVYYCAADYGSGIRAWYNWIYWGQGTQVTVSS
seq16011,EVQLVESGGGLVQAGGSLRLSCAASGRTLSNHDVGWFRQAPGKEREFVATMRWSTGSTYYADSVKGRFTISSDNTKNTVDLQMNSLTPEDTAVYYCAARSVYSYEYNYWGQGTQVTVSS
seq16012,QVQLQESGGGSVQVGGSLRLSCADSGSTFTINAMGWYRQAPGKRRDWVAGITSSGVTQYPDSVKGRFTISRDNAKNTVYLQMNSLKPEDTAVYYCNLWPPRASPSGRIYWGQGTQVTVSS
seq16013,EVQLVESGGGLVQAGGSLGLSCAASGNFFRVNTMAWYRQAPGKQRELVADITRGDRTNYADTVNGRFTISRDNVRNTVYLQMNGLKPEDTAAYYCYARIELGVLEPRDYWGQGTQVTVSS
seq16014,EVQLVESGGGLVQPGGSLRLSCAASGSIGGLNAMAWYRQAPGKERELVAGIFGVGSTRYADSVKGRFTISRDNSKNTVFLQMNSLRSEDTAVYYCAMSSVTRGSSDYWGQGTLVTVSS
seq16015,VQLVESGGGLVQPGGSLRLSCAASGIIFSIYTMGWYRQAPGKQRELVAAIPSGPSANATDSVGGRFTITRDNAENTVYLQMNDLKPEDTAVYYCNARRGPGIKNYWGQGTQVTVSS
seq16016,EVQLVESGGGLVQPGGSLRLSCAASGFTFDDYGMSWVRQAPGKATEWVSAISWNGNNTYYTESMKGRFTISRDNAKNTLYLQMNSLRPEDTAVYYCVKGSTAIVGVPPTYPDEYDYWGQGTLVTVSS
seq16017,EVQLVESGGGLVQAGGSLRLSCAASGSTFSIYTMGWFRQAPGKEREFVAAISGSSDSTYYADSVKGRFTISADNAKNTVYLQMNSLKPEDTAVYYCATVPKTRYTRDYWGQGTQVTVSS
seq16018,QVQLQESGGGLVQAGGSLRLSCAASGSIFCRSMGWYRQAPGKEREFVAGIGLGANTYYADSVKGRFTISRDNAKNTVYLQMNSLKPEDTAVYYCAARSFSVLGHYYWGQGTQVTSS
seq16019,EVQLVESGGGLVQAGGSLRLSCAVSGRTFNSRPMGWFRQAPGNDREFVAAMRWSSSSTDYADSVKGRFTMSRDNAKNTVFLQMNSLKPEDTAVYYCAAGPSGGIYYKSPGDYDYWGRGTQVTVSS
seq16020,EVQLVESGGGLVQAGGSLRLSCAASGFAFSSYWMGWFRQAPGKERELVAARNSGGNTNYADSVKGRFTISADNAKNTVYLQMNSLKPEDTAVYYCAADVWYGSTWRNWGQGTQVTVSS
seq16021,ASGGGLVQAGGSLRLSCAASGRMFSTSAMGWFRQVPGKEREIVASITWSGDSTYYRDSVKGRFTISRDNPKKAAYLQMNSLKPEDTAVYYCAVNPRGGSNWNIWLIGSWGQGTQVT
seq16022,VQLQESGGGLVQAGGSLRLSCAASGFSSDDYTIGWFRQAPGKEREGFSCFSSRDGSTGYADSVKGRFTISSDNAKNTVYLQMNSLKPEDTAVYYCAADFNVWSPPICGSRWYGPPPGGMDYWGKGTQVTVSS
seq16023,QVKLEESGGGLVQPGGSLRLSCAASGSISINAMGWYRQAPGKQREFVAAITTSGSTRYANSAKGRFTISRDNAKNTVYLQMDSLIPEDTAVYYCMSRAFDRTEPWRDYWGQGTQVTVSS
seq16024,EVQLLESGGGLVQPGGSLRLSCAASGRYIDETAVAWFRQAPGKEREFVAGIGGGVDITYYADSVKGRFTISRDNSKNTLYLQMNSLRPEDTAVYYCAARPGRPQITSKVADLYPYWGQGTLVTVSS
seq16025,EVQLVESGGGLVQAGGSLRLSCAVSGGTFSSIGMGWFRQAPGKEREFVGAISRSGDSTYYADSVKGRFTISRDGAKNTVYLQMNSLKDEDTAVYYCAGRPAGTAINIRRSYNYWGQGTQVTVSS
seq16026,EVQLVESGGGLVQPGGSLRLSCTSRIGTISNIDLMNWYRQAPGKQREFVASLQSTGTTDYADSVKGRFTISRDNAKNTLFLQMNSLNPEDTAVYYCHALIPRSPYNVWGQGTQVTVSS
seq16027,DVQLVESGGGLVQPGVSLRLSCAASGRTFYTAAMAWFRQAPGKDRDFVAGITWTGGSTYYADPVKGRFTISRDNAKNTVSLQMDSLKPEDTAVYYCAARRRGFTLAPTRANEYDYWGQGTQVTVSS
seq16028,DVQLVESGGGLVQPGGSLRLSCAASGSIGGLNAMAWYRQAPGKERELVAGIFGVGSTRYADSVKGRFTISRDNSKNTVYLQMNSLRPEDTALYYCRMSSVTRGSSDYWGQGTLVKVSS
seq16029,QVQLVESGGGLVQAGGSLRLSCAASGRTFSVYAMGWFRQAPGKEREFVAAITSPGDSIPYAHSVKGRFTISRDNAKNTLYLQMNSLKPEDTAAYYCAATKSGNYNYMGPDPKKYHYWGQGTQVTVSS
seq16030,EVQLVESGGGLVQAGGSLRLSCTASGRAFSSSAVGWFRQAPGKERELATAINWSGARTYYADSVKGRFTISRDNAKNTVYLQMNSLKLEDTAVYYCAAASDRYARVLTEYEYVWWGQGTQVTVSS
seq16031,QVQLQESGGGLVQPGGSLRLSCAASGFTVSNYAMSWVRQPPGKGIEWVSSINNRNDHITYADSVKGRFTIARDNANNILYLQMNSLKPEDTAVYYCASRVDDRVSRGQGTQVTVSS
seq16032,VQLQESGGGSVQAGGSLRLSCTASGYNLSPSCMGWFRQAPGKEREGVAFTDADGSTRYADSVKARFTISRDNAENTLYLQMNSLKPEDTAMYYCAADFFSYCSVVFRASARDKYRGQGTQVTVSS
seq16033,QVQLQESGGGLVQTGGSLRLSCAVSRSIVSIKSMTWYRQAPGKRRELVALITSGGETNYSDSVKGRFTISRDNAKNTVYLQMNSLKPEDTGVYYCNVVPPLGSWGQGTQVTVSS
seq16034,EVQLVESGGELVQAGGSLRLSCAASGSVSSINVMGWYRQAPGKQRELVATISSSGCTDYSDSAKGRFTISRDNKNTVHLQMNSLKPEDTAVYYCRASTLRTGWFTGWGQGTQVTVSS
seq16035,EVQLVESGGGLVQAGGSLRLSCAASGFALDYYAVGWFRQAPGKEREGVSCISSRGGSTYYVDSVKGRFTTSRDNAKNTVYLQMNSLKPEDTAVYYCAADPIHNCYSGNYYASPEAVYDYWGQGTQVTVSS
seq16036,VQLQESGGGLVQAGGSLRLSCAASVNIDTLNSMAWYRQAPGKQRELVAGITGSGQITYANSVRGRFTVSRDNAKSTVYLQMNTLQPEDTAVYYCAAYDRSSTPYWGQGTQVTVSS
seq16037,QVQLQESGGGLVQPGGSLRLSCAASGFNLDPYAIGWFRQAPGKEREEVSCISSGDGSKYYADSVKGRFTMSRDNAKKTVYLQMNSLKPEDTAVYYCATDGYYYCSDYPHPLYWGQGTQVTVSS
seq16038,QVQLQESGGGLVQAGGSLRLSCVVSGMLFSIRNMRWYRQAPGKQRELVAQIGTSGATDYVGSVEGRFTISRDNPKNTVYLQMNSLKPEDTAVYFCNALNYWGEGTLVTVSS
seq16039,EVQLVESGGGLVQAGGSLRLSCAASGGTFSGRGMGWFRQAPGKEREFVAAVSWSGGNTYYADSVKGRFTISRDNAKSTVYLQMDSLKPEDTAVYYCAASRRFYSGLYYYTDDAYEYWGQGTQVTVSS
seq16040,VQLQESGGGLVQAGGSLRLSCAGSGFTLDYYGIGWFRQAPGKEREGVSCISSSDRNTYYADSVKGRFTISGDNAKNTVYLQMNNLKPEDTAVYYCAADGNVWSPPICGSAGPPPGGMDYWGKGTQVTVSS
seq16041,EVQLVESGGGLVQAGGSLTLSCAASGFTHSSYCIGWFRQTPGQERENVANINSGGGSTYYADSVKGRFTISQDKAKNTVSLQMNNLQPEDTATYYCAADIASYDTSPCTVIAGLEYFDYGQGTQVTVSS
seq16042,QVKLQESGGGLVQAGGSLRLSCAASGFTFATYAMAWYRQAPGKQRELVASISNFGSTAYGDSVKGRFTISRDNAKNTVYLEMNSLKSEDTAVYYCKRVRDVIGRPELWGQGTQVTVSS
seq16043,EVQLVESGGKVVQPGGSLRLSCSASGRTFSFSTSTMGWFRQAPGKELEFVAAIDWSDFNTYYADSVKGRFTISRHNPRNSVYLQLNSLKPEDTALYYCAAHSETRGGTRYFDRPSLYNYWGQGTLVKVSS
seq16044,EVQLVESGGGLVQAGGSLRLSCAASGFTFSDYDIGWFRQAPGKGREGVSGISSSDGNTYYADSVKGRFTISRDNAKNTVYLQMNSLKAEDTAVYYCAREPPDSSWYLDGSPEFFKYWGQGTQVTVSS
seq16045,EVQLVESGGGLVQPGGSLRLSCAASGSIFSPNVMGWFRQAPGKEREFVAAITNGGSTKYADSVKGRFTISADNSKNTAYLQMNSLKPEDTAVYYCAAQRWRGGSYEWGQGTLVTVSS
seq16046,DVQLVESGGGLVQPGGSLRLSCAASRSIGRLDRMGWYRHRPGKPRELVATITGGSSINYADSVKGRFTISRDNSKNTVYLQMNSLRPEDTAVYYCNFNKYVTSRDTWGQGTLVTVSS
seq16047,EVQLVESGGGLVQAGGSLRLSCAASGFTFDDYAIGWFRQAPGKEREAVSCISSSDGSTYYADSVKGRFTISSDNAKNMVYLQMNSLKPEDTAVYYCAADLLRTAVGCLDYRGTYYPRTTMDYRGKGTLVTVSS
seq16048,QVQLQESGGGLVQAGGSLRLSCAASGNIFRINDMGWYRQAPGNQRELVATITSANITNYADSVKGRFTISRDNAKNTVYLQMNSLNPEDTAVYYCTAQAKKWRIGPWSDYWGQGTQVTVSS
seq16049,EMQLVESGGGLVQAGGSLRLSCAASGGTFSFYGMGWFRQAPGKEQEFVADIRTSAGRTYYADSVKGRFTISRDNAKNTVYLQMNSLKPEDTAVYYCAAEMSGISGWDYWGQGTQVTVSS
seq16050,QVQLVESGGGLVQPGGSLRLSCAASGRTSSISTMGWFRQAPGKEREFVTAIRWSGSSSYKYYADSVKGRFTISRDNARNTVYLQMNSLKPEDTAVYYCAAQMSLWRDPREIDYDYWGQGTLVTVSS
seq16051,EVQLVESGGGLVQPGGSLTLSCVASSGIFSDMSMVWYRQAPGKQRELVASITTFGSTNYADPVKGRFTISRDNAKNSVYLQMNSLRAEDTAVYYCSGRSYSSDYWGQGTLVTVSS
seq16052,DVQLVESGGGVVQAGGSLRLSCAASGLTFSSYAMGWFRQAPGKERERVVSISRGGGYTYYADSVKGRFTISRDNAENTVYLQMNSLKPEDTALYYCAAARYWATGSEYEFDYWGQGTLVQVSS
seq16053,EVQLVESGGGSVVAGGNLRLSCVASGYVYSTAWFRQTPGQEREGVATIYRDVGITYYADSMKGRFAISQDNPKNTVYLELHNLQPQDTAMYYCAAKPTYQGGPWWKPDGYNSWGQGTQVTVSS
seq16054,ELQLVESGGGLVQAGGSLRLSCAASGRTFSSDTMAWFRQAPGKERTFVSAISWSGGVTTYADSVQGRFTISRDNAKNTMYLQMNSLKPEDTAVYYCARVRSTNWQIADYWGQGTQVTVSS
seq16055,QVQLQQSGGGLVQPGGSLRLSCAASGSTFSINAMGWYRQAPGKQRELVAAISSGGSTNYADSVKGRFTISRDNAKNTVYLQMNSLKPEDTAVYYCNAGSRFNPFGSAYDYWGQGTQVTVSS
seq16056,EVQLVESGGGSVQTGGSLRLSCAASGYTISKNRMAWFRQAPGKEREGVATISSGGSSTLYADSVKGRFTISRDNARNAVYLQMNSLKPEDTGTYYCAGVLRGIGYPNLRSDAYKYWGQGTQVTVSS
seq16057,VQLAESGGGSVQAGGSLRLSCVASGYPSSTYYMLSMAWFRQAPGKEREGVAAITSGTGSTSYADSVKDRFTISKDYANNTLYLHINNLKPEDTAMYYCAAASGWIVPSRSLTANLYRYWGQGTQVTVSS
seq16058,QVQLQESGGGLVQAGGSLRLSCAFSGDTFSFYTLGWFRQAPGKEREFVAATSNIGGYIYYGDSVKGRFTISGDNAKNTVYLQMSSLKPEDTAVYYCAATLRSGSMWYQNVRVNDNPYWGQGTQVTVSS
seq16059,QVQLQESGGGLVQPGGSLRLSCAASRFTLDYYAVGWFRQAPGKEREAVSCSSSSDGRTYYADSVKGRFTISRDNAKDTVYLQMNSLKPEDTAVYYCATGFFVRSCSSPDSYDYWGQGTQVIVSS
seq16060,EVQLVESGGGLVQAGGSLRLSCAASGTISSINAMGWFRQAPGKEREFVAAIVKGFSWGSGSIMYADSVKGRFTISRVNAKNTMSLQMNSLELEDTAIYYCAAGRRSSGRSGSGYEYWGQGTQVTVSS
seq16061,EVQLVESGGGLVQPGGSLRLSCAASGRTFNVMGWFRQAPGKERELVALMGNDGSTYADSVKGRFTISADNSKNTAYLQMNSLKPEDTAVYYCAAVRWGVDWGQGTLVTVSS
seq16062,DVQLQVSGGGSVQPGGSLRLSCAAPGFTFSNYAMYWLRQAPGKGIEWVSRIGPGGSHTEYADSVKGRFAISRDNAKNTLSLQMNSLKPEDTAAYYCAITQQGSGRGRGTQVTVSS
seq16063,QVQLQASGGGLVQAGGSLRLSCAASGRTFSSYAWGWFRQAPGKEREFVARISFSGGHTYYSDSVKGRFTISRDNAKNTVYLQMNSLKPEDTAVYYCAADPTPYGLRNERNYPYWGQGTQVTVSS
seq16064,QVQLQESGGGLVQAGGSLRLSCAVSGNTLSRYAMGWFRQTPGKEREFVAAIRWNNGATYYADSVKGRFTISRDSGKNTVYLQMNNLKPEDTAVYYCAGRFLGYASSNAYHEALYNYDYWGQGTQVTVSS
seq16065,VQLQESGGGLVQAGGSLRLSCAASGRTFSRYAVGWFRQAPGLGRDFVAAITWSGGYTYYADSVKGRFTISRDNAKNTVYLQMNSLKPEDTAVYYCAVDTRNVIGPRAGDYWGQGTQVTVS
seq16066,RVQLVESGGGLVQAGGALRLSCVGSGFTFRDTAMAWFRQSPGKEREFVAGFSILSRYADSVKGRFTISRDNDKNTVYLQMNSLKPEDTAVYYCAAGDGTIASVLTTSGVNFWGQGTQVTVSS
seq16067,QVQLQDSGGGSVQTGGSLRLSCAASTSIYSINYMAWFSQAPGKGREGVAAVYTGDGRPYYADSVKGRFTISLDSAKNTVYLQMNSLKPEDTAMYYCAAAPGPLSRNYWYTSANYDYWGQGTQVTVSS
seq16068,EVQLVESGGGVVQPGGSLRLSCAASGSTISSYVMGWFRQAPGKEREFVAAISRSGGYTYYADSVKGRFTISRDNSKNTAYLQMNSLRPEDTALYYCAAGRYSAWYSQSYEYDYWGQGTLVTVSS
seq16069,EVQLVESGGGLVQPGGSLRLSCAASGFTFSAHWMYWVRQAPGKGLEWISSIDTENDRSYYADSVKGRFTISRDNSKNTVYLEMNSLQPEDTALYYCARVGDLWSVDYWGQGTQVTVSS
seq16070,EVQLVESGGGLVQPGGSLRLSCAASGRIFSLPASGNIFNLLTIAWYRQAPGMQRELVATINSGSRTNYADSVKGRFTISRDNAQKTLYLQMNNLRPEDTAVYYCATSGSGSPNFWGQGTLVTVSS
seq16071,QVQLQESGGGLVQAGGSLRLSCAVSGSIFSILSMAWYRQTPGKQRELVANITSVGSTNYADSVKGRFTISRDIAKKTLYLQMNNLKPEDTAIYYCNTRMPFLGDSWGQGTQVTVSS
seq16072,GLAQAGGSLRLSCAASGRTFSSFAMAWFRQAPGKEREIVASISWNGDITDYADSVKGRFTISRDNAKNTVFLQMNSLKPEDTAVYYCAADSTKWVFYDYWGQGT
seq16073,QVQLQESGGGLVQAGGSLRLSCADSGSTFGLGAMGWYRQSPGKQRELVASITSGGRTNYSDSVKGRFTISRVNPKRIVYLQMNSLKPEDTAVYVCNARFGIRDFWGQGTQVTVSS
seq16074,VQLQESGGGLVQAGGSLRLSCATSGFTFDDYAIAWFRQAPGKEREGVSCISNTDSSTYYADSVKGRFTISSDNAKNTVYLQMSSLKPEDTAVYYCAADGNVWSPPICGSAGPPPGGMDYWGKGTQVTVSS
seq16075,VQLVESGGGLMQAGGSLRLSCAVSGRTFSTAAMGWFRQAPGKEREFVAAIRWSGGSAYYADSVKGRFTISRDKAKNTVYLQMNSLKYEDTAVYYCARTENVRSLLSDYATWPYDYWGQGTQVTVSS
seq16076,QVQLQESGGGLVQPGGSLRLSCAASGRISSINSMGWYRQAPGNQRELVAAITNGGAKTYADSVKGRFTISTDNAGNTVYLQMDSLRPEDTAVYYCKAFTRRDDYWGQGTQITVSS
seq16077,EVQLVESGGGLVQAGGSLRLSCAASGFTFDDYAIGWFRQAPGKEREGVSWISSSDKDTYYADSVKGRFTISSDNAKNTVYLQMNSLKPEDTAVYYCAAGAGLLIATIWTTQMYDYWGQGTQVTVSS
seq16078,EVQLVESGGGSVQAGGSLRLSCAVSGRTFSSYSMGWFRQAPGKEREFVAAISWSGGSTYYADSVKGRFTISRDNAKNTVYLQMNSLKPADTAVYYCATDESRLYGGKRPKMLYDYWGQGTQVTVSS
seq16079,QVQLVESGGGVVQAGGSLRLSCAFSRGAFDTYEIGWFRQAPGKEREFVAAVTRNGDSVVYADSLKARFTASRNNAVNTAYLHMNILQPEDTATYYCAANWRPLRTSSGADDYADWGQGTQVTVSS
seq16080,EVQLVESGGGLVQAGGSLRLSCAASGRTLSIYSMSWFRQAPGKEREFVSTIGWNSGRTYYADSVKGRFTISRDNARNTLYLQMNSLRAEDTAVYYCAAAKGPLRLSSQADYWGQGTQVTVSS
seq16081,EVQLVESGGGLVQPGGSLRLSCAASGFTFSDHAMSWVRQAPGKGLEWVSAINTAGIITNYADSVKGRFTMSRDNAKNTLYLQMNSLKPEDTAKYYCARNRDINNSRPPESQGTQVTVSS
seq16082,EVQLVESGGGLVQPGGSLRLSCAASGGTSNSYRMGWFRQAPGKEREFVAVISWTGGSTYYADSVKGRFTISADNSKNTAYLQMNSLKPEDTAVYYCAVALDGYSGSWGQGTLVTVSS
seq16083,EVQLVESGGGLVQAGGSLRLSCAASGGTFSSYAMGWFRQAPGKEREFVARVTWGANTYYAESVKGRFTISRDNAKNTVWLQMNSLKPEDTAAYYCAADRKYAGHINYTPLTSYDYWGQGTQVTVSS
seq16084,QVQLQESGGGLVQPGGSLRLSCAASGIISSAYVMGWYRQAPGKQRELVATITSGGTTRYADSVKGRITISRDNAKNTVLLQMNSLKPEDTAVYYCNARILLTNYWGQGTQVTVSS
seq16085,QVQLVESGGGLVQAGGSLRLSCVASGSGFGINGVIWYRQAPGKQRELVALIKSDGYTNYRESVKGRFTISRDDAKNTVWLQMNALEPEDTGVYYCKTPGVPFGQGTQVTVSS
seq16086,DVQLVESGGRSVRAGDSLRLSCLASGGTFSLYAMGWFRQAPGKEREFVAAVTWSGGSTYYTDSVKGRFSISRDNAKNTVYLQMNSLKPEDTAVYYCAVRTSGFFGSIPVTERAFDYWGQGTQVTVS
seq16087,GGSVQAGGSLRLSCSASGFASSPGCMAWFRQAPGKEREGVAEIATRSGSAYYADSVKGRFTISQDNAKNTLYLQMNSLKPEDTAIYYCAASRLRCTPAADFSRIPAYAMDYWGKGTQVTVSS
seq16088,GLAQAGGSLRLSCAASGRTFSSFAMAWFRQAPGKEREIVASINWNGDITDYADSVKGRFTISRDNAKNTVYLQMNSLKPEDTAVYYCAADSTNWVFYDYWGQGT
seq16089,QVQLVESGGGSVQAGGSLRLSCVASGYTYRSTCLGWFREAPEKEREVVAAIYRGTGDTYYGDAVRGRFTISQDNAKKTVYLQMNSLKPEDTAMYYCNTYSRFGYSGLCNDWGQGTQVTVSS
seq16090,EVQLVESGGGLVQPGGSLRLSCAASGFTFDDYAIGWFRQAPGKEREGVSSISSTYGLTYYADSVKGRFTISSSNSKNTVYLQMNSLKPEDTAVYYCAATPIERLGLDAYEYDYWGQGTLVTVSS
seq16091,EVQLVESGGGLVQAGGSLRLSCAASGRPVNNYIMGWFRQALGQGREFVAAINRNGATAAYADSVKGRFTISRDNAEDLLYLQMNLLKPEDTAVYYCAANSDSGFDSYSVWAAYEYWGQGTQVTVSS
seq16092,VKLEESGGGLVQPGGSLRLSCAASGNVFTIDAMGWYRQAPGKEREVVVGMTNGGKTNYADSVKGRFTISRDNAKNTVSLQMNSLKPEDTAVYYCYARSKLIATINNPYDYWGQGTQVTVSS
seq16093,QVQLQESGGGLVQAGGSLRLSCAASGSIFSIRVMGWYRQAPGKQRELVATMSRGGTINYADSVRGRFTISRDNAKITVYLQMTSLKPEDTAVYYCAALLDSYYWGQGTQVTVSS
seq16094,QVQLQESGGGLVQAGDSLRLSCVVSGRTDSWYVMGWFRQAPGKDREFVAGVSWSYGNTYYADSVKGRFTASRDNAKNTAYLQMNSLNAEDTAVYYCAARVSREVIPTRWDLYNYWGQGTQVTVSS
seq16095,EVQLVESGGGLVQAGGSLRLSCAASGSFFSINAMGWFRQAPGKEREFVAGITRSGVSTSYADSVKGRFTISADNAKNTVYLQMNSLKPEDTAVYYCAAHRIVVGGTSVGDWRWGQGTQVTVSS
seq16096,QVQLVESGGGSVQTGGSLRLSCAGSEYAYSSFCWAWFRQAPGKEREGVAAIHHGRTYFGEFVKGRFTISQDNAKNNVYLQMDNLKPEDTAIYYCAAGCGAIQPLGAGYNRWGRGTQVTVSS
seq16097,EVQLVESGGGLVQPGGSLRLSCAASGRTFSSIAMGWFRQAPGKEREFVAAINWSGARTAYADSVKGRFTISADNSKNTAYLQMNSLKPEDTAVYYCAAKGIWDYLGRRDFGDWGQGTLVTVSS
seq16098,EVQLVESGGGLVQAGGSLRLSCAASGFTLDDYAIGWFRQAPGKEREGVSSIRDNDGSTYYADSVKGRSTISSDNDKNTVYLQMDSLKPEDTAVYYCAAVPAGRLRYGEQWYPIYEYDAWGQGTLVTVSS
seq16099,LQESGGGLVQPGGSLRLSCVASGTIFSINDMGWYRQAPGKERELVAAITADGTSAYEDSVKGRFTISRDDAKKMVYLQMNSLKPEDTAVYYCNGLRASNAGWEPRFGTWGQGTQVT
seq16100,QVKLEESGGGSVQTGGSLRLTCAASGRTSRSYGMGWFRQAPGKEREFVSGISWRGDSTGYADSVKGRFTISRDNAKNTVDLQMNSLRPEDTAIYYCAAAAGSAWYGTLYEYDYWGQGTQVTVSS
seq16101,QVQLVETGGGLVQPGGSLRLSCTASGFRVEGSAIGWFRQAPGKQRDLVAAITRRGTTTYVDSVQGRFTVSRDNAENTVYLQMNSLKPEDTAVYYCYAKPTVARAYWGQGTQVTVSS
seq16102,MGQLVESGGGSVQAGGSLRLSCAASGIDSSSYCMGWFRQRPGKEREGVARINGLGGVKTAYADSVKDRFTISRDNAENTVYLQMNSLKPEDTAIYYCAAKFSPGYCGGSWSNFGYWGQGTQVTVSS
seq16103,QVQLQESGGGSVPPGGSLRLSCAASGSIFSGNVMAWYRQVPGKQRDLVASMTGGGVTRYADSVIARFTISRDNVKNTVYLQMNSLKPEDTAVYYCHYRRIMQQYWGQGTQVTVSS
seq16104,ESGGGSVQAGGSLRLSCTGSGFPYSTFCLGWFRQAPGKEREGVAGINSAGGNTYYADAVKGRFTISQGNAKNTVFLQMDNLKPEDTAIYYCAADSPCYMPTMPAPPIRDSFGWDDFGQGTQVTVSS
seq16105,KVQLQQSGGGSVTPGGSLRLSCAASGSISDFAAMAWYRQAPGKERDWVFGTIFSAGALLYAEPVKGRFTISRDNAKNTVYLQMNSLKPEDTAVYYCRLYAKAIYWGQGTQVTVSS
seq16106,DVQLQASGGGSVRAGGSLRLSCVTSGSISSFDAMAWSRQAPGRQRDVVAIITSGGATNYADSVKGRFTISRDNGNNTLYLQMNGLKPEDTAIYYCAALVASTVTSSVSWGQGTQVTVSS
seq16107,EVQLVESGGGLVQAGGSLRLSCAASGFTFDDYCIAWFRQAPGKEREPVSCITTSDGSTYYADSVKGRFTISSDNAKNTVYLQMNRLKPEDTAVYYCAAYFGYGCYGGAQDYRAMDYWGKGTLVTVSS
seq16108,QVQLVESGGGLQQAGGSLRLSCAASGRTVTVMTVGWFRQAPGKEREFVAAITMYGERTYYADSVKGRFTISRDNAKNTVDLQMNSLKPEDAAVYYCAARTYVSGIYDRFDDYNYWGQGTQVTVSS
seq16109,QSGGGLVQPGGSLRLSCAASAMTFSIRAWAWYRQAPGKQRELVASIGTGDITNYADSVKGRFTISRDNAKNTFYLQMNSLKPEDTAVYYCNGYRSTYAWGQGTQVTVSS
seq16110,EVQLVESGGGLVQPGGSLTLSCAASGSRVSFLSMAWYRQAPGKKRELVAGISADGSTTYIDSVKGRFTISRDNAKNSVYLQMNSLRAEDTAVYYCYAYRWTTRFTYWGQGTLVTVSS
seq16111,DVQLQASGGGLVQPGGSLRLSCAASGTSSGINAMVWYRQSPGKKRELVATITNSGKTDYAASAKGRFTISRDAAKNTVYLQMDDLKPEDTGVYYCAATINGAARRGQGTQVTVSS
seq16112,EVQLVESGGGLVQAGGSTRLTCLASGSISSINVIGWYRQAPGKQRELVAMIGRGEGANYGDFAKGRFTISRDNSKNTVYLQMNSLKPEDTAVYYCYADYEDRDSPVNGSWGQGTQVTVSS
seq16113,EVQLVESGGGLVQPGGSLRLSCAASGSTFSINAMGWFRQAPGKEREFVGGISRSGATTNYADSVKGRFTISADNSKNTAYLQMNSLKPEDTAVYYCAADGVPEYSDYASGPVWGQGTLVTVSS
seq16114,QVQLQESGGGLVQPGGSLRLSCAASGSIFRVNAMGWYRQVPGNQREFVAIITSGDNLNYADAVKGRFTISTDNVKKTVYLQMNVLKPEDTAVYYCNAILQTSRWSIPSNYWGQGTQVTVSS
seq16115,EVQLVESGGGLVQAGGSLSLSCAASGRTFSSYAMAWYRQAPGKEREYVAAIRWSGGTAYYADSVQGRFTISRDNAKNTVYLQMNSLKPEDTAVYYCANRAPDTRLEPYEYDHWGQGTQVTVSS
seq16116,EVQLVESGGGLVQPGGSLRLSCAASGNIFRIDTMVWYRQAPGKQRELVAGISRGGTTNYAHSVKGRFTISRDNAKNTMYLQMNSLKSEDTATYYCNAQAWDVGTIRYLEVWGQGTLVTVSA
seq16117,EVQLVESGGGEVQPGGSLRLSCAASGSIFSINAMGWYRQAPGKQRELVAGFTGDGMTKYAESVKGRFTISRDNAKNTVYLQMSSLRAEDTAVYYCAADVFTDRDHVDWYWGQGTLVTVKP
seq16118,QVQLQESGGGLVQAGGSLRLSCAVSGRTFSRYAMGWFRQAPGKEREFVAAISWSGSSTYYADSVKGRFTISRDHAKNVMYLQMNGLKPEDTGVYVCARPAYGLRPPYNYRGQGTQVTVSS
seq16119,QVQLQESGGGLVQTGGSLRLSCAASGRTFRVNAMGWYRQAPGKQREFVAAVTNGGSTTYADSVKGRFTISRDNAKNTIYLQMNRLEPEDTALYYCNAERRFGMRQVWGQGTLVTVSS
seq16120,QLQLVESGGGLVQAGGSLRLSCAASGDTSDINVMAWYRQASGKQRELVANKARGGLPKYADFAKGRFTISRDNAKNTITLQMNSLKPEDTAVYYCNALLDWRAGDYWGQGTQVTVSP
seq16121,EVQLVESGGGVVQAGESLTLSCAASGRTLSAYIMGWFRQAPGKEREFVAGIWSGGYTHLADSAKGRFSISRDNAKNTVYLQMNGLKPEDTAVYYCAAGLRGRQYSNWGQGTLVTVKS
seq16122,LQQSGGGLVQPGGSLRLSCVASGRTFSNYAMGWFRQAPGKEREFVAAISWSGGYTYYADSVKGRFTISRDNAKNTVYLQMNSLKPEDTAVYYCVARDYRLWSPYQYEYDYWGQGTQVT
seq16123,VRLVESGGGSVQAGGSLRLSCAGSFSGYGVSTMAWFRQAPGKEREGVAAITVGSGNTYYADSVKGRFTISRDNAKRTVFLQMNSLKPEDTAMYYCAVGYLSGGSWDVPGRYNYWGQGTQVTVSS
seq16124,EVQLVESGGGLVQPGGSLRLSCAASGFTFGSYDMSWVRQAPGKGPEWVSSIDTGGDITHYADSVKGRFTISRDNANNMLYLQMNSLKPGDTAVYWCATDEDYALGPNEYDYYGQGTQVTVSS
seq16125,AVQLVESGGGLVQAGGSLRLSCAASGRTFSRYAVGWFRQAPGKQRELVAVITSGGSTKYADSVKGRFTISRDYAKNTVYLQMNSLKPEDTAVYYCASKHGRVVATDGSYDYWGQGTQVTVST
seq16126,QVQLQQSGGGLVQAGGSLRLSCAASGIFKTNYMAWYRQAPGKQRELVAAFTNDGSTLYGDSVKGRFTISRDDAKYTVSLQMNSLKPEDTAVYYCYGLGHWGQGTQVIVSS
seq16127,QVQVQKSEGGLVQPGGSLRLSCAVSGRTDSISAMGWFRQAPGKEREFVVAIRWIEGGTWYGDPAAGRFTIARDIAKNTGYLQMNRLNPDDTAVYFCAAAKFGPSKLQFSQGYDYWGQGTQVTVSS
seq16128,EVQLVESGGGLVQPGGSLRLSCAASGRTFSYNPMGWFRQAPGKGRDVVAAISRTGGSTYYARSVEGRFTISRDNAKNMVYLQMNSLRAEDTAVYYCAAAGVRAEDGRVRTLPSEYNFWGQGTQVTVSS
seq16129,QVQLQESGGGLVQPGGSLRLSCSASGFSLDIYAIGWFRQAPGKEREGVSCINSSGSSTYYADSVKGRFTISRDNAKNTIYLQMNSLKPEDTAVYYCATGGCSPFGGVAGVKDYWGQGTQVTVSS
seq16130,EVQLVESGGGLVQAGGSLRLSCAASGFTLDDYAIGWFRQAPGKEREKVSFMFTSDGSGWYADSVKGRFTISSNNAKNTVYLEMNRLKPEDTAVYYCAAAYAGELVLWLPDYDYNYWGQGTQVTVSS
seq16131,SVQAGGSLRLACAASGDTYSDCNMAWYRQVTGKERELVSVILVDGTIHFEDNVKGRFTISQDDAKKMLYLQMSNLSPEDTAMYYCNTECRVQVGYGPIQDYNYWGQGTQVTVSS
seq16132,QVQLVESGGGLVQAGGSLRLSCAASGRTFSSYAMGWFRQAPGKEREFVAAISWSGGSTYYADSVKGRFTISRDNAKNTVYLQMNSLKPEDTAVYYCAANAEYDYWGQCTQVTVSS
seq16133,EVQLVESGGGLVQPGGSLRLSCAASGSGFSPNVMGWFRQAPGKEREVVAAISWNGGSTYYADSVKGRFTISADNSKNTAYLQMNSLKPEDTAVYYCAASAIGSGALRRFEYDWGQGTLVTVSS
seq16134,EVQLVESGGGVVQPGGSLRLSCAASGTDFSINFIRWVRQAPGKQREFVAGFTATGNTNYADSVKGRFTISRDNAKNTLYLQMNSLRPEDTAVYYCYMLDKWGQGTQVTVSS
seq16135,EVQLVESGGGLVQPGGSLRLSCAASGRTFGDYIMGWFRQAPGKERESVAAINWSAGYTAYADSVKGRFTISADNSKNTAYLQMNSLKPEDTAVYYCARASPNTGWHFDHWGQGTLVTVSS
seq16136,VQLVESGGGSVQAGGSLRLSCAASGYTAGSLCMGWFRQAPGKEREGVAAIYTGGGSTYYADSVKGRFTISQDNAKNTVYLQMNSLKPEDTAQYYCGAGSREDYCDRGYIYDHWGQGTQVTVSS
seq16137,KVQLVESGGGLVQPGGSLRLSCATSGIIFSNNAMGWYRQAPGKKRDLVASISNSGSTNYADSVKGRFTVSRDNDKNTGYLQMNSLKPEDTGVYYCTVDARRGWNTAYWGQGTQVTVSS
seq16138,QVQLQESGGGLVQAGGSLRLSCAVSGNTLSRYAMGWFRQTPGKEREFVAAIRWNNAATYYAESVEGRFTISRDNAKNTVYLQMNNLKPEDTAVYYCAGRFLGYASSNAYHEALYNYDYWGQGTQVTVSS
seq16139,EVQLVESGGGLVQAGGSLRLSCAASGQTYHMGWFRQTPGNERESVAAVTWSGAVTRYADSVKGRFTISRDNAKNTVYLQMNSLVPEDTAIYYCAATRSMAPIIQLSPGSYDYWGPGTQVTVSS
seq16140,EVQLVESGGGLVQPGGSLRLSCAASGRTFSYNPMGWFRQAPGKGRELVAAISRTGGSTYYPDSVEGRFTISRDNAKRMVYLQMNSLRAEDTAVYYCAAAGVRAEDARVRTLPSEYTFWGQGTQVTVSS
seq16141,QVQLQESGGGLVQAGGSLRLSCAASTPTFSSYNMGWFRQAPGKEREFVAAIIWSGSMTYYADSMKGRFTVSIDNAKNTVYLQMNSLKPEDTAVYYCAAQRIFGAQPMDLSGDYEYWGQGTQVTVSS
seq16142,EVQLVESGGGLVQAGGSLRLSCAASGGTFRKLAMGWFRQAPGKERELVAAIRWSGGITWYADSVKGRFTISADNAKNTVYLQMNSLKPEDTAVYYCAATLAKGGGRWGQGTQVTVSS
seq16143,EVQLVESGGGLVQSGGSLRLSCAVSGTTFSVATMGWYRQAPGQQRELVADISSGGSTNYADSVKGRFTISRDNAKKLTYLQMNSLKPEDTAVYYCNARTSGWRTRTNYWGQGTQVTVSS
seq16144,EVQLVESGGGLVQAGGSLRLSCAASGASGTIYSISSMGWYRQAPGKQREVVAVVTNGGSTEYADFVKGRFTVSREYAKNAVYLQMNSLKPEDTAVYYCYARGIIARWGSAPGNYWGQGTQVTVSS
seq16145,EVQLVESGGGLVQAGDSLRLSATASGRTFSRAVMGWFRQAPGKEREFVAAISAAPGTAYYAFYADSVRGRFSISADSAKNTVYLQMNSLKPEDTAVYYVAADLKMQVAAYMNQRSVDYWGQGTQVTVSS
seq16146,QVQLQESGGGLVQAGGFLRLSCAASGRSFNTYAMGWFRQAPGKEREFVAGITRSGTATDYIDSVKGRFTISRDNARDTVYLQMNRLNPEDSAVYYCAAHANYDRMINSEYKYWGQGTQVTVSS
seq16147,VQLQESGGGLVQSGGSLRLSCAASRNINSMHVVGWYRQAPGNQRELVASITDDGSTDYVDSVKGRFTISRDIAENTVYLQMNSLNPEDTAVYYCKGTIVVFTTPMHYWGKGTQVTVSS
seq16148,EVQLVESGGGLVQTGGSLRLSCAASGRTFSNYTMGWFRQAPGKDREFVAAISRSGSLKAYADSVKGRFTISRDNAKKMAYLQMNSLKPEDTAVYYCAAAPVPWGTRPSFFTYDSWGQGTQVTVSS
seq16149,EVQLVESGGGLVQAGDSLRLSCAASGRTFSSYPIAWFRQAPGKEREFVAAITSSGLTTYYANVVKGRFAISRDNAKDTVYLQMNSLKPEDTAVHYCATSNGFLSGRDIYQHNKYIYWGQGTQVTVSS
seq16150,DVQLQASGGGLVQAGASLRLSCAASGRTFSMYAMAWFRQAPGKEREFVAAINWSGNTTRYADSLKGRFIISRDNAAKTVDLQMDKLKPEDTAAYICADRSRYSSDFDQWGQGTQVTVSS
seq16151,VQLQASGGGLVQAGGSLRLSCAASGFKITHYTMGWFRQAPGKEREFVSRITWGGDNTFYSNSVKGRFTISRDNAKNTVYLQMNSLKPEDTADYYCAAGSASTADPLRVDYWGKGTQVTV
seq16152,EVQLVESGGGLVQPGGSLRLSCAASGRPYSYDAMGWFRQAPGKEREIVAAISRTGSSIYYADSVKGRFTISADNSKNTAYLQMNSLKPEDTAVYYCAAQGSLYDDYDGLPIKYDWGQGTLVTVSS
seq16153,DVQLVESGGGLVQAGGSLRLSCAASGRTFSSSPMGWFRQAPGKEREFVAAISGRSGNTYYADSVKGRFTISRDNAKNTVYLQMNSLKPEDTAVYYCAGERVGLLLTVVAEGYDYWGQGTQVTVSS
seq16154,EVQLVESGGGLVQPGGSLRLSCVASGFSLDDYGMTWVRQAPGKGLEWVSSINWSGTHTDYADSVKGRFTISRDNAKNTLFLQMNSLSPEDTAVYYCNQGWKILPTNRGSHGTQVTVSS
seq16155,EVQLVESGGGLVQAGGSLRLSCAASGRTFSSYAMAWYRQAPGKEREYVAAIRWSGETAYYADSVQGRFTISRDNAKNTVYLQMNSLKPEDTAVYYCANRAPDTRLEPYLYDHWGQGTQVTVSS
seq16156,EVQLVESGGGLVQPGGSLRLSCAASGFTFDDYGMSWVRQAPGKALEWVSAISWNGNNTYYTESMKGRFTCSRDNAKNTLYLQMNSLRPEDTAVYYCVKGSTAIVGVPPTYPDEYDYWGQGTLVTVSS
seq16157,EVQLVESGGGLVQPGRSLTLSCAASTNIFSRSPMGWYRQAPGKQRELVAAIHGSSTLYADSVKGRFTISRDNAKNSIYLQMNSLRPEDTALYYCNKVPWGDYHPGNVYWGQGTQVTVSS
seq16158,DVQLVESGGGSVQPGESLRLSCVASGYTVSSSCMAWFRQAPGKEREVVATIVVTSDTTSTFYADSVKGRFTISPDNAKNTLNLQMNSLEPSDTAMYYCAADRKWNVCSRGYRYTPNWANQFTFWGQGTLVTVSS
seq16159,VHLMESGGGSVQAGGSLRLSCAASGYTYSRYCLGWFRQTPGKEREAVATIDIDGSTSYADSVKGRFTISNDNAKNTLYLQMNILKPEDTAMYYCAAGPNPRYCSGAVYTRGAEHYFGYWGQGTQVTVSS
seq16160,LQQSGGGLVQAGGSLRLSCAASGRISSNAMAWFRQNPGKERDFVATISWNGGSTDYADSLKGRFTISRDNAKNTVYLQMNSLKPEDTAVYYCAAALGKPRGAKEDARGYDYWGQGTQVT
seq16161,VQLVESGGGLVQPGGSLRLSCAASGSTFGDSDMGWYRQAPGKGCELVSIISSDGRTYYVDSVKGRFTISQDNAKNTVYLQMNSLRPEDTAVYYCAADLRQYCRDGRCCGYWGQGTLV
seq16162,EVQLQASGGGFVQPGGSLRLSCAASGDTSRFDVMGWFRQAPGKEREFVSAISWWSSDHIYYADSVKGRFTISRDNSKNTVYLQMNSLRAEDTATYYCAYGEYPPRMNRRPYWGQGTQVTVSS
seq16163,VQLQESGGGLVQPGGSLRLSCAASGRIFDINAMGWYRQAPGKQRELVAAITNGGQTTYADSVKGRFTISRDNAGNTVYLQMNSLRPEDTAVYYCKAFTRSDDYWGQGTQVTVSS
seq16164,EVQLVESGGGLVQPGGSLRLSCAASGRTFSSGVMGWFRQAPGKEREFVAAINRSGSTFYADSVKGRFTISADNSKNTAYLQMNSLKPEDTAVYYCAKTKRTGIFTTWGQGTLVTVSS
seq16165,QVQLQESGGGLVQAGGSLRLSCAVSGNTLSRYAMGWFRQTPGNEREFVAAIRWNEGATYYADAVEGRFTISRDNAKNTVYLQMNNLKPEDTAVYYCAGRFLGYASSNAYHEALYNYDYWGQGTQVTVSS
seq16166,QVQLQESGGGLVQAGGSLRISCAASGITFRRRAIGWYRQAPGKQRELVARIDSDDITNYADSVKGRFSISRDNAKNTVFLQMNSLKSEDTAIYYCNLRGSNYWGQGTQVTVSS
seq16167,QVQLQESGGGLVQPGGSLRLSCAASGRTYGMGWFRQAPGKEREFVAVGVWSSGNTYYADFARGRFTISRDNAKNTVYLQMDSLKPEDTAVYYCAAPRYSSYTTYHAAYDYWGPGTQVTVSS
seq16168,QVQLQESGGGVVQAGDSLRLSCVASGRAFSSLDMGWFRQAPGKEREFVAGISRSGISQYYADSMKGRFTISRDNAKNLVYLQMNSLKPEDTAVYYCAAALTFRGSDLPRDSNYWGQGTQVTVSS
seq16169,EVQLVESGGGPVQAGGSLRLSCAASGRTYRGYSMAWFRQAPGKEREFVAAIVWSDGNTYYEDFVKGRFTISRDSAKNTLSLHMANLKPEDTAVYYCAAKIRPYIFKIAGQYDYWGQGTLVTVSS
seq16170,EVQLVESGGGLVQPGGSLRLSCAASGDVHKINILGWYRQAPAKEREMVAHITIGDTTDYADSAKGRFTISRDEAKNMVYLQMNSLKPEDTAVYFCRAYSRIYPYNYWGQGTQVTVSS
seq16171,VQLQESGGGLVEAEGSLRLSCAASGRTFGSYAMGWFRQAPGKERELVAAISSGGSTLYADSVKGRFTISRDNAKNTVYLQMNSLKPEDTAVYYCAARSGGAYYTARVDWPYWGQGTQVTVSS
seq16172,EVQLVESGGGLVQAGGSLSLSCAASATLHRFDNNWYRQAPGKQRELVATIAHDGSTNYANSVKGRFTISRDNARDTLFLQMHALQPEDTAVYMCNLHRWGLNYWGQGTQVTVSS
seq16173,EVQLVESGGGLVQPGGSLRLSCAASGNIFTRHIMGWYRQAPGKQRELVASITPGDNINYADSVKGRFTISRDGAKNTVYLQMNSLKPEDTAVYYCNAHGSILLDRTNYWGQGTQVTVSS
seq16174,EVQLVESGGGLVQPGGSLRLSCAGSGSIFRINVMAWYRQAPGKQRELVAAITSGGTTNYADSVKGRFTISRDNSKNTVYLQMNSLRPEDTAVYYCYADIGWPYVLDYDFWGQGTLVTVSS
seq16175,EVPLVESGGGLVQPGGSLRLSCAASGSISIINFMNWYRQAPGKQRELVAQVTSGVTSGGTTYYDDSVKGRFTISRDNAKNMVSLQMNSLKPEDTAVYYCNVQGYFGSTWINYWGQGTQVTVSS
seq16176,VQLQESGGGLVQAGGSLTLSCRGSGFTSNTCAMAWFRQAPGKEREFVSSMSTVGSTRFADSVKGRFTISKDEAKDTVYLQMNSLKPEDTAMYFCKTYACRECTGRYCRTAPDAWGQGTQVTVSS
seq16177,QVQLQESGGGLVQPGGSLRLSCAASESTFSINAVAWYRQAPGKRRELVAGISGGGVTNYPDSVKGRFTISRDNAKNIVYLQMSSLKPEDTAVYYCNLWPPRAPPGGRVYWGQGTQVTVSS
seq16178,EVQLVESRGGLVQAGGSLRLSCAASGRTFNSYAMGWFRQAPGKEREFVATINWSGGSTYYADSVKGRFTISRDNAKNTAYLQMNSLKPEDTAVYYCAAPAPGSSGYEYDYWGQGTQVTVSS
seq16179,EVQLVESGGGEVQPGGSLRLSCAASGSIFSINAMGWYRQAPGKQRELVAVVSSEGRTTVAPSVKGRFTISRDNAKNTVYLQMSSLRAEDTAVYYCGVREWYSDSDWRDYEGQGTLVTVKP
seq16180,EVQLVESGGGLVQPGGSLRLSCAASGRTYDALGWLRQAPGKEREFVAAISGSGDDTYYADSVKGRFTISRDNSKNTLYLQMNSLRPEDTAVYYCATRRGLYYVWDANDYENWGQGTLVTVSS
seq16181,EVQLVESGGGLVQAGGSLELSCSASGGTLRTYAMGWFRQAPGKEREFVSTISRGGGSTDYADAVKGRFTISRDNAKNTVYLQMNSLKPEDTAEYICTAADVSYGVTTDDPKRYDYWGQGTQVTVSS
seq16182,EVQLVESGGGLVQPGRSLTLSCAASTNIFSITPYGWYRQAPGKQRELVAAIHGASTLYADSVKGRFTISRDNAKNSIYLQMNSLRPEDTALYYCNKVPWGDYHPGNVYWGQGTQVTVSS
seq16183,EVQLVESGGGLVRAGGSLRLSCTASGNILNIASMGWYRQALGKQRTWVARIRSDGTTSYQDAVKGRFTIAKDNAKNAGYLQMDNLKPEDTAVYYCNAAGSTIDGGFSSWGPGTQVTVSS
seq16184,QVQLQESGGGLVQAGGSLRLSCTASGRSINTYAMAWFRQAPGKEREFVASINYNSRYTHYVDSVKGRFTISRDNTKNTLFLQMDSLNREDTAVYYCAATSYYPTDYDVASRVATWPSWGQGTQVTVSS
seq16185,EVQLVESGGGLVQAGGSLRLSCVASVNIFGSIAMAWYRQAPGKQRNLVASISSGGRINYADSRKGRFTISRDNTKNTVHLQMNSLEPEDTAVYYCAAGRIGQRTLTFTPDYWGQGTQVTVSS
seq16186,QVQLQESGGGLVQSGGSLRLSCAASGLTFTNYSMGWFRQAPGVDREAVAAISWSGDNTYYVSSVKGRFTISRDNAKNTVYLQMNSLKPQDTAVYYCAVKPDDGWWDYWGQGTQVTVSS
seq16187,DVQLVESGGGLVQAGGSLRLSCATSGLTLSSYHMGWYRQAPGREREFVAQISWSDDSTYYADSVKGRFTISRDNARNTVYLQMNNLKPEDTAIYYCDARKVGGPDYWGQGTQVTVS
seq16188,VKLEESGGGLVQAGGSLRLSCVVSGSLLSIKAMAWFRQPPGKQRELVAAVTSGGSTHYLDSVKGRFTISRDNANTVHLQMNSLKPEDTAVYYCNADFGTDYVDLGPWGQGTQVTVSS
seq16189,QVQLQESGGGLVQAGGSLRLSCAASGRDFATYSMAWFRQAPGEERESVATISWSGQRTRYADSVKGRFTISRDNAKNTVYLQMNSLKPEDTAVYYCAAPRTWGEFPPTQYDSWGQGTQVTVSS
seq16190,EVQLVESGGGLVQAGGSLRLSCAASGITFSSYAMGWYRQAPGKQRELVAEISDGGGTYSADSVKGRFTISRDNAKNTVYLQMTSLRPEDTAVYYCNALFTSDWFGWGQGTQVTVSS
seq16191,VQLQESGGGLVQAGGSLRLSCAASRSIFSIGTMGWYRQAPGKRRELVAFITVDHNTYYTDSVKGRFTISTENDKNTVYLQMNSLKPEDTAVYYCNRAPPSTDGDRWGQGTQVTVSS
seq16192,DVQLQESGGGSVQTGGSLRLSCAASGDSITTYHMAWFRQTPGKEREEVAVINDDANSRIYVDSVKGRFTISQDKAKNTVYLQMNYLTPEDTAIYYCAADLRCVPGTDSGHPYSYNYWGQGTQVTASS
seq16193,EVQLVESGGGLVQPGGSLRLSCAASGRTFNNYVMGWFRQAPGKERELVAGITSGRDITYYADSVKGRFTISADNSKNTAYLQMNSLKPEDTAVYYCAADGVLATTLNWDWGQGTLVTVSS
seq16194,EVQLVESGGGLVQAGGSLRLSCAASGFIFSNYAMGWFRQAPGKEREFVAAITWSGGRTYYADSVKGRFTISADNAKNTVYLQMNSLKPEDTAVYYCAAAAWTIYEYDYWGQGTQVTVSS
seq16195,QVQLVESGGGSVQAGGSLRLSCAASGFIDSFGVMAWFRQAPGKEREGVAAVYRRAGDTYYADSVKGRFTISRDNAKNTVYLQMNSLKPEDSAMYYCAARTYGSVSSWTGYKYWGQGTQVTVSS
seq16196,QLQLVESGGGLVQAGGSLRLSCAASRDIFSFNVMGWYRQAPGKQRELVAFITSAGYTNYVHSVKGRFTISRDNTKNTVYLQMSSLKPEDTAVYYCAAAEAYAEKYDYWGQGTQVTVSS
seq16197,EVQLVESGGGLVQPGGSLRLSCAASGRNFRRNSMGWFRQAPGKEREFVAVITRSGGGEVTTYADSVKGRFTISADNSKNTAYLQMNSLKPEDTAVYYCAMSSVTRGSSDWGQGTLVTVSS
seq16198,LQESGGGLVQAGGSLRLSCVASGSTIENYAMAWYRRVPGKDREMVARITSGGSTGYEASVEGRFTISRDNAKQSVYLQMDSLKPEDTAVYSCNTYPPLIAGGQGTQVT
seq16199,VQLVESGGGSVQAGGSLRLSCAASGDSPSVNYMGWFRRAPEKQREQREEVASIYPTGGTFYTDSVKGRFTISRDNAKNTLYLQMTALKPEDTAMYYCAAGKWGTDYWGQGTQVIVSS
seq16200,LQESGGGLVQAGGSLRLSCAASGRTSNIYAMGWFRQAPGQEREAVAAINVDGTSTYYASSVRGRFTISRDDAKNTLYLIMNSLKPEDTGLYYCATRADAEGWWDYWGQGTQVTVSS
seq16201,DVQLVESGGGLVQAGGSLRLSCATSGRSLSSYAMAWFRQAPGKEREFVAGINFSGRRTYYTDSVKGRFNITRDNAKNTVYLQMNSLKPEDTAVYYCNVGGRKVLAGTFFNDWGQGTQVTVST
seq16202,SGGGLVQPGGSLRLSCATSGFTLEYYAIGWFRQAPGKGREGVACMNSSGGGTNYADSVKGRFTISRDNAKKMVYLQMNSLKSEDTAVYYCVVDDFRCGSRWAAYLRSSWGQGTQVTVSS
seq16203,EVQLVESGGGLVQPGGSLRLSCAASGLTFSSFVMGWFRQAPGKEREFVAAISSNGGSTRYADSVKGRFTISADNSKNTAYLQMNSLKPEDTAVYYCAAKEYGGTRRYDRAYNWGQGTLVTVSS
seq16204,QVQLQESGGGLVQPGGSLRLSCAASGFPLGLYGIGWFRQAPGKEREAVSCDSVDDGSTNYLDSVKGRFTISRDNAKNMVYLQMNSLKPEDTAVYYCATTDCDAKAWGTWTNYRGQGTQVTVSS
seq16205,AVQLVESGGGSVQAGGSLRLTCAASGRTSRSYGMGWFRQAPGKEREFVSGISWRGDSTGYADSVKGRFTISRDNAKNTVDLQMNSLKPEDTAIYYCAAAAGSTWYGTLYSYDYWGQGTLVTVSS
seq16206,QVQLQQSGGGLVQPGGFLRVSCAASGFTFSTYYMSWVRQAPGKGLEWVSVINPGGSSTYYAESLQGRFTISRDNAKNTLYLQMNTLKPEDTAVYYCAIVQPNCGHGSRAFGFWAQGTQVTVSS
seq16207,EVQLVESGGGLVQPGGSLRLSCAASGSVHKINFLGWYRQAPGKEREMVATITIGDATDYADSAKGRFTISRDEAKNMVYLQMNSLKPEDTAVYFCRAGSRLYPYNYWGQGTLVTVSS
seq16208,QVRLVESGGGSVQAGGSLRLSCAASGSTYSTNFMGWFRQAPGKEREGVATLVTWAERTAYADSVKGRFTISQDRAKNTVYLQMNGLKPEDTAMYYCAAAASTAVRLLDPGDFAYWGQGTQVTVSS
seq16209,EVQLVKSGGGLVQPGGSLRLSCAASGSIVSANLIGWYRQAPGKQREGVAFITSGGAINYADSVKGRFTISRDDAKNTVYLQMNSLKPEDTAIYYCNLRQLGNVYWAQGTQVTVSS
seq16210,DVQLVESGGGVVQPGGSLRLSCAASGSIASIHAMGWFRQAPGKEREFVAIITWSGGITYYADSVKGRFTISRDNSKNTVYLQMNSLRPEDTALYYCAGDKHQSSWYDYWGQGTLVTVSS
seq16211,QVQLVESGGGLVQPGGSLRLSCAALEFTLEDYAIAWFRQAPGKEREGVSCISKSGVTKYTDSVKGRFTVARDNAKSTVILQMNNLRPEDTAVYNCAAVRPVFVDSVCTLATRYTYWGEGTQVTVSS
seq16212,DVQLVESGGGLVQAGGSLGLSCSASGLLFSRNSAGWYRQAPGKRREFVARIRMGGSINYADSVKGRFTVSRDNAKNMMYLQMNDLKPEDTAVYFCSGWREGFYEYWGQGTLVTVSS
seq16213,ESGEMLFTVKKDSLRLSCAASGHTFNYPIMGWFRQAPGKEREFVGAISWSGGSTSYADSVKDRFTISRDNAKNTVYLEMNNLKPEDTAVYYCAAKGRYSGGLYYPTNYDYWGQGTQVTVSS
seq16214,LQLVESGGGLVPAGGSLRLSCAASGSIFNGNVMAWYRRTPGNQRNMVAAITSSGSTTYPHSVKGRFTISRDNAENTLYLQMNSLKPEDTAVYYCNTLQPLNYWGQGTQVTVSS
seq16215,QVQLVESGGGLVQAGGSLRLSCATSGRTVSRYAMGWFRQAPGKEREFVAAISRSGGGTKYADSVKGRFTISRDDVKNAVYLQMNALRPEDTAVYYCARRRSTAVPDSYDSWGQGTQVTISS
seq16216,EVQLVESGGGLVQPGGSLRLSCAASGSSFSAYAMGWFRQAPGKEREFVSAIDSEGTTTYADSVKGRFTISADNSKNTAYLQMNSLKPEDTAVYYCAGDYNFWSGFDHWGQGTLVTVSS
seq16217,VQMVESGGGSVQAGGSLRLSCAASGVSNTDMIMIWFRQAPGKEREGVLAAIYKNSTYYADSVKGRFTISQDNAKNTVYLQMNSLKPEDTAIYYCAAIRAVIGRHIRPHIYWGQGTQVTV
seq16218,EVQLQESGPGLVKPSQTLSLTCTVSGGSITTRYYAWSWIRQPPGKGLEWIGVIDYDGDTYYSPSLKSRTSISWDTSKNQFSLKLSSVTAADTAVYYCARDPDVVTGFHYDYWGQGTTVTVSS
seq16219,EVQLVESGGGLVQAGGSLRLSCAASSIIPNIYAMGWYRQAPGKQRELVASIENGLPANYADSVKGRFTISRDNAKNTVFLQMHSLKSEDTAVYYCYAFRPGVPTTWGQGTQVTVSS
seq16220,EVQLVESGGELVQAGGSLRLSCAASGLTFSSYNMGWFRRAPGKEREFVASITWSGRDTFYADSVKGRFTISRDNAKNTVYLQMSSLKPEDTAVYYCAANPWPVAAPRSGTYWGQGTQVTVSS
seq16221,QVKLEESGGGLVQAGGSLRLSCSASGRTFSSGVMGWFRQAPGKQRELVAAITTGGSTSYTDSVKGRFTISRDNAKNTVYLQMNSLKPEDTAVYYCNSVAVVGGVIKSPDYWGQGTQVTVSS
seq16222,QVQLQESGGGLVQAGGSLRLSCAASGSIFSRDTMAWYRQVPGEQRELVAYITNFGGTNHADSVKGRFTISRDNAKNTVYLQMNSLKPEDTAVYYCAAGLVSLHTHTWEYWGQGTQVTVSS
seq16223,DVQLQASGGGLVQAGGSLRLSCTASGRTFSNYHMGWFRQAPGTEREFVSSIKWSGGNTYYADSVKGRFTISRDNAKNAVYLQMNSLKPEDTAVYYCATGSKYGGSWSRSQDAYNYWGQGTQVTVSS
seq16224,VKLEESGGGLVQAGGSLTLSCVASGSHFSFNDMGWYRQDPWKGRDLVAAITSSRNTLYVDSVKGRFTISRDDAKNTVYLQMNNLKPEDTAVYYCNPYPSPNNYWGQGTQVTVSS
seq16225,EVQLVESGGGLVQAGGSLRLSCVASGMFFGIAAMGWYRQAPGKQRELVANITSDFSTNYADSVKDRFTISRDNAENTVYLQMNSLKPEDTAVYYCAADSLGTGWRHYYYWGQGTQVTVSS
seq16226,EVQLVESGGGLIQPGGSLRLSCAASGSISSYNVMGWYRQAPGQGRELVAHIASNGEIMYADSAKGRFTISRDNAKKTLYLQMNSLRPEDTAVYYCKLWVLGNDYWGQGTLVTVSS
seq16227,DVQLVESGGGLVQPGGSLRLSCAASGFKITHYTMGWFRQAPGKEREFVSRITWGGDNTFYSNSVKGRFTISRDNSKNTVYLQMNSLRAEDTAVYYCAAGSTSTATPLRVDYWGQGTLVTVSS
seq16228,QVQLVQSGGGLVQAGDSLRLSCAASGRTFSSLAVGWFRQAPWKEREFVGAISWSGGNTYYVDAVEGRITISRDNAENTVYLQMNDLKPEDTAVYYCAAGLPIRVGVPGGYDYWGQGTQVTVKP
seq16229,QVQLQESGGGLVQPGGSLRLSCSASGIIFSDYALTWYRQAPGKQREWVAQITRSQNINYTGSVKGRFTVSRDNAKNTVHLQMNSLKPEDAAVYYCHAYDGRRPPYWGQGTQVTVS
seq16230,EVQLVESGGGVVQPGGSLKLSCVASGTDFSINFIRWYRQAPGKQREFVAGFSATGNTNYADSMKGRFTISRDNTKNAVYLQIDSLKPEDTAVYYCYMLDKWGQGTQVTVSS
seq16231,EVQLVESGGGSVQAGESLRLSCAASGSIFSSNAMAWYRQAPGKQRDLVAVINSVGITKYADSVKGRFTTSGDNAKNTVYLQMNSLKPEDTAVYYCTSDARRGWDTRYWGQGTQVTVSS
seq16232,VQLVESGGGLMQAGGSLRLSCAVSGRTFSTAAMGWFRQAPGKEREFVAAIRWSGGSAYYADSVKGRFTISRDKAKNTVYLQMNSLKYEDTAVYYCAQTRVTRSLLSDYATWPYDYWGQGTQVTVSS
seq16233,EVQLVESGGGLVQPGGSLRLSCAASGFTFDDYGMSWVRQAPGKALEWVSAISWNGNNTYYTESMKGRFTISRDNAKNTLYLQMNSCRPEDTAVYYCVKGSTAIVGVPPTYPDEYDYWGQGTLVTVSS
seq16234,EVQLVESGGGLVQPGGSLRLSCAASGRTFGDYIMGWFRQAPGKERECVAAINWSGDYTDYADSVKGRFTISADNSKNTAYLQMNSLKPEDTAVYYCATDPPLFWGQGTLVTVSS
seq16235,QVQLQESGGGSVQPGGSLRLSCSASGRTSSMYAMGWFRQAPGKEREFVAGIRWSVGTTSYADSVKGRFTISRDNAENTVYLQMNSLKPEDTAVYYVAAGTPIVLSSSRYAYWGQGTQVTVSS
seq16236,VQLVESGGGLVQPGGSLRLSCAASGRTFITYAIGWFRQAPGKGREFVSAISWSGSMTSYADSVKGRFTISRDNAKNTLYLQMNSLRPEDTAVYYCAAHRGAIAPIAQSVYTNWGQGTLVTVS
seq16237,VQLQESGGGLVQAGGSLRLSCAASGITFRFNAMGWYRQAPGKERELVARVSSGGSTTYADSVKARFTTFRDNVKNIGYLQMTSLKPEDTAVYYCNVGNFWGQGTQVTVSS
seq16238,QVQLQQSGGGLVQPGGSLRLSCAASGFTFSNSAMSWMRQAPGKGVEWVSSINIGGGTRYADSVAGRFTIYRDNAKNTLYLQMNSLKSEDTAVYYCAKGLASTIRGQGTQVTVSS
seq16239,EVQLVESGGGVVQTGGSLRLSCAASEPVFSNYAMAWFRQAPGKEREFVAGISWSGSSTNYADSVKGRFTISRDIAKNTVYLQMNSMKPEDTAAYYCAVDLHMRSPNPDPGEYDYWGQGTQVTVSS
seq16240,QLQLVESGGGSGQPGGSLKLSCAASGFDLDYFAVGWFRQAPGKEREGVSCISVSGANISYADSVKGRFTIFRDSAKRTVDLSLDALKPEDTAVYYCATTWGIHWCPLSASEYRRWGRGTQVTVSL
seq16241,QVQLQESGGGLVQPGGSLRLSCSASGNRFSSSYVMGWYRQGPGKQRELVATVTSGGMTHYGDSVKGRFTISRDNAKNTVYLHMNSLKPEDTGVYYCFARRLWDIHWGQGTQVTVSS
seq16242,EVQLVESGGGLVQTGGSLRLSCAASGFTWGDYTIGWFRQAPGKEQEGVSCISSRDNLTYYADSVKGRFTIFNDGAENTVYLQMNSLKPEDTAVYYCAAVEVPFTTVLSPGIMRQYQFDSWGQGTQVTVSS
seq16243,QVQLQQFGGGLVQPGGFLRFSCAASGFTFSSFTMRWVRQPPGKGLEWVLDISAGGDSTTYANSVKGRFTIFRDNVKNTLYLQMNSLKPEDTGVYYCISPVNVVGPGGTQVTVSS
seq16244,EVQLVESGGGLVQAGGSLGLSCAASGRTISSYTMAWFRQAPGKEREFVAYVFGGGEITDYADFVKGRFTISKDNAKNTGYLQMNSLKPEDTAVYYCAMECVGDVYRSRDYTYWGQGTQVTVSS
seq16245,EVQLVESGGGLVQPGGSLRLSCAASGFILDYYAIGWFRQAPGKEREGVSCIDASDDITYYADSVKGRFTISRDNAKNTVYLQMNSLKPEDTGVYYCATPIGLSSSCLLEYDYDYWGQGTLVTVSS
seq16246,EVQLVESGGGSVQAGGSLRLVCAFSGGTFRNFAMGWFRQAQGKEREFVATISRSGGHTYYSDSVKGRFTISKDNAKNMVYLQMYSLKPEDTAVYYCAGRFRFGDGAYYYQRTFYDFWGQGTLVTVSS
seq16247,EVQLVESGGGLVQPGGSLRLSCAASGHSFGNFPMGWFRQAPGKEREVIAAIDWSGGSTFYADSVKGRFTISADNSKNTAYLQMNSLKPEDTAVYYCAAAKGIGVYGWGQGTLVTVSS
seq16248,QVQLVESGGGLVQPGGSLRLSCAASESIRSIYAMGWYRQAPGKQRELVALVTDDGSTDYVDSVKGRFTVSRDSAKNTVYLQMNSLKPEDTAVYHCYVEGSTHYDPVREYWGKGTLVTVSS
seq16249,EVQLVESGGGLVQAGGSLRLSCAASGRPFSNYGMGWFRQAPGKKREFVAGISWSGGSTDYADSVKGRLTISRDNAKNTVYLQMNSLKPEDTAVYYCAAVFSGAETAYYPSDDYDYWGQGTQVTVSS
seq16250,EVQLLESGGGEVQPGGSLRLSCAASGRSISNYAMGWFRQAPGKEREFVSASVWNQGGNYYAESVKGRFTISRDNAKNTLYLQMSSLRAEDTAVYYCVVARTPETPITSARGANYWGQGTLVTVKP
seq16251,QVQLVESGGGLVQAGDSLRLSCAAAGRTFGAPYMAWFRQAPGKEREFVAGISWSGDSTYYADSMKNRFTISRDNAKNTVYLQMNSLNPEDTAVYYCAADKWPFTGDVRSAGGYDYWGQGTQVTVSS
seq16252,EVQLVESGGGLVQAGGSLRLSCAASGRGAWAWFRQAPGKEREFVGGLSWSADSTYYADSVKGRFTISRDNAKNTVFLQMTNLKADDTAVYYCAAHRRPFASVFTTTRMYDYWGPGTQVTVSS
seq16253,EVQLVESGGGLVQPGGSLRLSCAASGFTFDYYAMGWFRQAPGKEREFVSAIDSEGRTSYADSVKGRFTISADNSKNTAYLQMNSLKPEDTAVYYCARWGPFDIWGQGTLVTVSS
seq16254,QVQLQESGGGLVQPGGSLRLSCAASGFTFSSYWMYWLRQAPGKGLEWVSSINTSSSSTYYRDSVKGRFTISRDNAKNTLYLQMNSLKSEDTAVYYCAKDPGGYAKGQGTQVTVSS
seq16255,DVQLVESGGGVVQPGGSLRLSCVASGYVHKINFYGWYRQAPGKEREKVAHISIGDQTDYADSAKGRFTISRDESKNTVYLQMNSLRPEDTALYYCRALSRIWPYDYWGQGTLVTVSS
seq16256,QVQLQESGGGLVQPGGSLRLSCAASGFTFSSYYMSWVRQAPGKGLEWVSGINVDGSNTYYADSVKGRFTISRDNAKNTLYLQMNSLKSEDTALYYCATGSGRDSYDCYSGSWCPKGQGTQVTVSS
seq16257,EVQLVESGGGLVQVGDSLRLSCEASGRSRFSTYVMGWFRQAPGKEREFVAAVSWSSGNAYYIDSAKGRFATSRDTAKNIMYLQMNSLKPEDTAVYTCAAGRGYGLLSEYTQAPRYDYWGQGTQVTVSS
seq16258,EVQLVESGGGEVQPGGSLRLSCAASGSTFSSYHMSWFRQAPGKQREPVATSHHGGTTNYAGSVKGRFTISRDNAKNTVYLQMNSLRPEDTAVYYCKADHGNYGRGYWGQGTLVTVKP
seq16259,EVQLVESGGGLVQVGDSLRLSCAASERTFSTYLMVGWFRQAPGKEREFAATMWVSGDTAYADSVKGRFTISRDNPKNTVYLQMNSLKAEDTAVYYCAGSYGGNYYIPGFYKDWGQGTQVTVSS
seq16260,EVQLVESGGGLVQAGGSLRLSCAASGSFFRVNNMAWYRQGPGKQRELVADITRGDRTNYADSVNGRFTISRDNVRNTVYLQMNGLKPEDTAVYYCYATIELGVLEPRDYWGQGTQVTVSS
seq16261,QVQLQQSGGGLVQAGESLRLSCVASGLSFSEFVMTWFRQAPGKEREFVAAINWMDDRTYYGSSVKGRFFISKDNAKNTVYLQMNGLKPEDTAVYYCAASRDYYGHNANQYRYWGQGTQVTVSS
seq16262,QVQLQESGGGLVQPGESLRLSCKLSGFTLDYYDIGWFRQAPGKEREGVSCISSIGGSANYADSVKGRFTISRDNVKNTVYLQMNSLKPEDTAIYYCAAEAQTPYNDGDCTRASYDYWGQGIQVTVSS
seq16263,GGGSVQAGGSLRLSCTGSGFPYSTFCLGWFRQAPGKEREGVAGINSAGGNTYYADAVKGRFTISQGNAKNTVFLQMDNLKPEDTAIYYCAADSPCYMPTMPAPPIRWDDFGQGTQVTVSS
seq16264,QVQLVESGGGSVQAGGSLRLSCAASGYTDNRRRMGWFRQAPGKEREAVAVIYTSNGATAYADSVKARFTISQDNANNTVYLQMNSLKPEDTATYYCALQSAESYGYRGFWYEETGYADWGQGTQVTVSS
seq16265,EVQLVESGGGLVQPGGSLTLSCVASGSTSSINAVGWYRRAPGKQRELVAGISSDGSSVYADSVKGRFTISRDNAKNSVYLQMNSLRAEDTAVYYCYYFRTVSTSSMRYWGQGTLVTVSS
seq16266,EVQLVESGGGEVQPGGSLRLSCAASGSTFSFYHMSWFRQAPGKQREPVATSHHGGTTNYAGSVKGRFTISRDNAKNTVYLQMNSLRAEDTAVYYCKADHGYQGRGYWGQGTLVTVKP
seq16267,QVQLQESGGGLVQAGGSLRLSCAASGSIFGINAVGWYRQAPGKQRELVATFTRGGDINYADSVKGRFTIFRDNAANTVYLQMNSLKAEDTAVYYCNTPPRIGRGYWGQGTQVTVSS
seq16268,EVQLVESGGGLVQPGGSLRLSCAASGLTFSRYTMGWFRQAPGKEREFVAAINRSGGSTYYSDSVKGRFTISRDNSKNTVYLQMNSLRPEDTAVYYCAADRRGRGENYSLLYSSNRYEYWGQGTLVTVSS
seq16269,EVQLVESGGGVVQPGGSLRLSCAASGSGFGVNILYWYRQAAGIERELIASITSGGITNYVDSVKGRFTISRDNSENTMYLQMNSLRAEDTGLYYCASRNIFDGTTEWGQGTLVTVSS
seq16270,EVQLVESGGGLVQPGGSLRLSCAVSGITLDDYAIGWFRQAPGKEREGVSAIRSSGGSTYYADSVKGRFTISSDNSKNTVYLQMNSLRPEDTAVYYCAAVPAGRLRYGEQWYPIYEYDAWGQGTLVTVSS
seq16271,VQLQELGEALVQPGGSMRLSCAASGNIFSINSMAWYRQPSGKRRELVAAFTRGGNINYADSVKERFTISRDNAKNTMYLQMNNLKPEDTAVYYCFVDWSDSDDSEYEDWGQGTQVTVSS
seq16272,QVQLVESGGGLVQPGGRLRLSCAASGSIFSIRDMAWYRQAPGKQREWVAIAARGGSTHYADSVKGRFTISRDNAKNTVYLQMNTLEPEDTAAYYCNAEVATMIQPGFRDYWGQGTQVTVSS
seq16273,EVQLVESGGGSVQAGGSLRLSCAASGRTFSSYAMGWFRQAPGKEREFVAAVYWSGGSTYYADSVRGRFTISRDNAKNTVYLQMNSLKPEDTAVYYCAAPSPGSSGYEYDYWGQGTQVTVSS
seq16274,QVQLQESGGGLVQAGGSLRLSCAAAGISGSVFSRTPMGWYRQAPGKQRELVAGILTSGATSYAESVKGRFTISRDNAKNTVYLQMNSLSPEDTAEYYCNTYPTWVLSWGQGTQVTVSS
seq16275,QVQLQESGGGLVQAGGSLRLSCAVSGNTLSRYAMGWFRQTPGNEREFVAAIRWNNGATYYADAVKGRFTISRDSGRNTVYLQMNNLKPEDTAVYYCAGRFLGYASSNAYHEALYNYDYWGQGTQVTVSS
seq16276,QLQASGGGFVQPGGSLRLSCAASGRTSGWYAMGWFRQAPGKEREFVSAISSRASSQEYYADSVKGRFTISRDNSKNTVYLQMNSLRAEDTATYYCAVWMKMGIEIYWGQGTQVTVSS
seq16277,EVQLVESGGGLVQPGGSLRLSCAASGRTYDAMGWFRQAPGKEREFVAAISGSGDDTYYADSVKGRFTISRDNSKITMYLQMNSLRPEDTAVYYCATRRGLYYVWDSNDYENWGQGTLVTVSS
seq16278,EVQLVESGGGSVQPGGSLRLSCAASRSIGRLDRMGWYRHRPGEPRELVATITGGSSINYGDSVKGRFTISIDNSKNTVYLQMNSLRPEDTAVYYCNFNKYVTSRDTWGQGTLVQVGG
seq16279,EVQLVESGGGLVQAGGSLRLSCTPSITTAGTTIMAWFRQAPGNEREFVAAIWGSKTAYGDSMKGRLTISRDNVRDNGQKTVFLQMNNLQLQDTATYYCAASSGGYVHSSTSYEIWGRGTQVTVSS
seq16280,QVQLQESGGGLVQAGGFLRFSCAASGRTFSSYAMGWFRQAPGKEREFVAAISWSCSSTLYADSVKGRFTISRDNAKNTVYLQMNSLKPEDTAVYYCAAGVRLRVATKEYDYWGQGTQVTVSS
seq16281,QVQLQQSGGGLVQPGGSLRLSCAASGFTFSMNGMHWVRQAPGKGLEWVSFISSDGGTTYYADSVKGRFTISRDNARNTLYLQMNSLKPEDTAVYYCATTSRGWYLGLPYRYLEVWGQGTLVTVSS
seq16282,QVQLVESGGGSVQAGGSLRLSCAGSGFTFNNYAMGWFRQAPGKEREGIAGIWTGGGSTYYADSVKGRFTISEDVAKNTVYLQMDSLKPEDTAMYYCAAERWDYSDWRRLKRGDYNYWGQGTQVTVSS
seq16283,EVQLVESGGGEVQPGGSLRLSCAASERTFSTYTMGWFRQAPGKEREFVAVVNWSGGSKYYAESVKGRFTISRDNAKNTVYLHMNSLRAEDTAVYYCAAGGAYSGPYYDTRQYTYWGQGTLVTVKP
seq16284,QVQLVESGGGLVQAGGSLRLSCTASGRALSSYAVGWFRQAPGKEREFVAAITWNGGRTYYADSEKGRSIISMDVAKSTVYLQMNSLKLEDTAVYYCAADPRGDVYHRDKYNIWGQGTQVTVSS
seq16285,EVQLVESGGGLVQPGGSLRLSCAASGFAFSGYAMGWFRQAPGKEREFVAAISWSGGITWYADSVKGRFTISADNSKNTAYLQMNSLKPEDTAVYYCAFVTTNSDYDLGRDWGQGTLVTVSS
seq16286,EVQLVESGGGLVQPGGSLRLSCAASGSRFSGRFNILNMGWFRQAPGKEREFVAAISRSGDTTYYADSVKGRFTISADNSKNTAYLQMNSLKPEDTAVYYCAASLRNSGSNVEGRWGQGTLVTVSS
seq16287,LQESGGRLVEAGGSLRLSCAASGGTFSWYAMGWFRQAPGKEREFVATVSRGGGSIYYADSVKGRFTISRDNAKNTVYLQMNSLKPEDTAVYYCAAGRGAPSDTGRADEYDFWGQGTQVT
seq16288,EVQLVESGGGSVQAGGSLRLSCVASDYPYIDNCMGWFRQGPGKEREGVAAACTGGGSTYYADSVKGRFTISRDNAKNTVYLQMNSLKPEDTDVYYCATGYYSGSGPGYLLPWRYNYWGQGTQVTVSS
seq16289,EVQLVESGGGEVQPGGSLRLSCAASGSTFSTYHMSWFRQAPGKQREPVATSHHGGTTNYAGSVKGRFTISRDNAKNTVYLQMNSLRAEDTAVYYCKADHGYQGRGYWGQGTLVTVKP
seq16290,EVQLVESGGGLVQPGGSLGLSCVASGSIFRINAMAWYRQAPGKQRELVAEITAGGSTNYADSVKGRFTISVDNAWNTLYLQMNSLKVEDTAVYYCNLDHYTTWDRRSAYWGQGTQVTVSS
seq16291,MAESGGGSVQTGGSLRLSCAYTASSLCMAWFRQAPGKEREGVAVTREGLTQTGYADSVKGRFAISQDYAKKTLYLQMSSLKPEDTARYYCAARPTSPCTVDGELLASTYNYWGQGTQVTV
seq16292,QVQLQESGGGLVQAGGSLRLSCAASGFTSDDYAVGWFRQAPGKEREGVSCISSGDGSTYYADSVKGRFTISTDNASNTVYLQMNSLKPEDTAVYYCAADDKKIDYGLGYYSRPPCMDYWGKGTQVTVSS
seq16293,EVQLVESGGGLVQPGGSLRLSCAASGSIFSIGMGWFRQAPGKEREFVARIWWRSGATYYADSVKGRFTISADNSKNTAYLQMNSLKPEDTAVYYCAAISIFGRLKWGQGTLVTVSS
seq16294,EVQLVESGGGLVHAGGSLRLFCAASGFTFGTSNMAWLRQAPGKRREWVALITISGYTDYAHSVKDRFTISRDNAKNTVSLQMNSLKPEDTAIYFCARRVGSEYDLWGQGTQVTVSS
seq16295,EVQLVESGGGLVQPGRSLTLSCAASTNIFSKSPMGWYRQAPGKQRELVAAIHGNSTLYADSVKGRFTISRDNAKNSIYLQMNSLRPEDTALYYCNKVPWGDYHPREVYWGQGTQVTVSS
seq16296,QVQLQQSGGGLVQAGGSLRLSCTTSGIIFSFSLLNVGWYRQAPGKERELVARMSTAGNTYYSTSVKDRFTISRDNGKNTVDLQMNSLNADDTAVYYCNLRRSWAPSDSGFWGQGTQVFVSS
seq16297,EVQLVESGGGVVQAGGSLRLSCAASGGTFSFYGMGWFRQAPGKEQEFVADIRTSAGRTYYADSVKGRFTISRDNAKNTVYLQMNSLKPEDTALYYCAAEMSGISGWDYWGQGTQVKVSS
seq16298,EVQLVESGGGLVQAGGSLRLSCAASGRTFNNYLVGWFRQAPGKEREFVAAVRWEYGITEYADSVKGRFTISRDNAKNTVYLQMSSLRPEETAVYYCAAGTVRRSKFSNPIDYDYWGQGTQVTVSS
seq16299,QVQLQESGGGSVQAGGSLRLSCAASGLPYRTVFMGWFRQGPGKEREGVAVINADGVSTYYADSVKGRFTISRDNAKDTVYLQMNSLKPEDTAIYHCAANHFFDYSRDPLATAEYNYWGQGTQVTVSS
seq16300,QVQLVESGGGSVQSGGSLRLSCAASGFTYETYAMSWFRQAPGKEREGVACIDIYGRTSYTDPVKGRFTISQDNAKNTLYLQMNSLKPEDTAMYYCAARDFGYCTASWVHEGFSRYWGQGTQVTVSS
seq16301,QVQLQESGGGLVQVGESLRLSCVVSGDTRSINLMGWYRQAPGKQRELVAACASDGNTYYADSVKGRFTISRDNAEKTVYLQMNNLKPDDTAVYYCDANSRGNYYSGQGTLVTVSS
seq16302,VQLQESGGGLVQPGGSLRLSCAASGRTFDNYAMGAMGWFRQAPGKEREFVATITWSSGSSFYANSVKGRFTISRDNAKNTVYLQMNSLKPDDTAVYYCASRKLGGVVTVVTSYDFWGQGTQVTVS
seq16303,QVQLQDSGGGLVQPGGSLRLSCAASGRTFSSYGMAWFRQAPGKERELVVAINRSGGATSYATSVRGRFTISRDNAKNTMYLQMNSLNPEDTAVYYCAARDPTRTYSSYFEYTYWGQGTQVTVSS
seq16304,EVQLVESGGGLVQAGGSLKLSCAASGRSFSRYAMGWFRQAPGKEREFVAATRWNGGSTYYVDYADSVKGRFTVSRDNVKNTMYLQMNSLKPEDTAGYYCAGKGTVYSGSRPISDEYDYDYWGQGTQVTVSS
seq16305,QVQLVESGGGLVQAGGSLRLSCAASGPTGAMAWFRQAPGKEREFVGGISRSGTDTYYVDSVKGRFTIDRDNAKNTVYLQMNSLKPEDTAVYYCAARRSQILFTSRTDYEFWGQGTQVTVS
seq16306,QVQLQQSGGGLAQAGGFLRFSCAASGSIAIIDSMGWYRQAPGKQRELVAAITFGGTTTYADSVKGRFTISRDNAKNTVHLQMNSLKPEDTGVYYCAADGYSSGFGTDGGSWGQGTQVTVFL
seq16307,QVQLQESGGGLVQAGGSLRLSCAASGRLFNINAMGWYRQAPGKQREWVATISSGGITYYDDSVKGRFTISRDNAKNTVYLQMDSLKPGDTAVYFCNAENRGLGDDYWGQGTQVTVSS
seq16308,EVQLLESGGGLVQPGGSLTLSCAASGSIAYIYTMDWYRQAPGKQRELVATSTRDGNVDYADSVKGRFTISRDNSKNTLYLQMNSLRAEDTAVYYCNADLRTAVDLIRANYWGLGTQVTVSS
seq16309,QVQLVESGGGLVQAGGSLRLSCAASGRTFSSYAMGWFRQAPGKEREFVAAISWSGGSTYYADSVKGRFTISRDNAKNTVYLQMNSLKPEDTAVYYCAAEYDYWGQGTQVTVSS
seq16310,VQLVETGGGLVQAGGSLRLSCAASGSISEIYRMGWYRQAPGKQRELVAAITSPGNTNYPDSLKGRFAISRDYAKNTGYLQMDRLEPEDTAVYYCKANLLQRAPRKYLEIWGQGTLVTVSS
seq16311,QVQLQQSGGGLVQPGGFLRFSCAASGFRLDNYGIGWFRQAPGQEHEAVACISSRKGVTYYSDPVKGRFTISRDATNNAVNLQMNSLKPEDTAVYYCTTEPWVCPSAASDYADTYREVRGQGTLVTVSS
seq16312,EVQLVESGGGLVQPGGSLRLSCVASGRTFSSYAMGWFRQAPGKEREFVAGISGSGSRKYYADSVKGRFTISRDNARNTVYLQMNSLKPEDRAVYYCAASNSYPKVQFDYYGQGTQVTVSS
seq16313,EVQLVESGGGLVQAGGSLRLSCTASGQTFNMGWFRQAPGKEREFVAAISWSQYNTKYADSVKGRFTISRDNAINSLYLQMDTLKPEDTAVYYCAATNRWFSAVYDLPSRYTYWGQGTQVTVSS
seq16314,VQLVESGGGLVQPGESLRLSCGASGMSLDYYAIAWYRQAPGKEREGVSCISVSGSSAQYLDSVRGRFIISKDNTKSTAYLQMNSLKPEDTAVYYCAALADCAGYASLTFDFDSWGQGTQVAVSS
seq16315,EVQLVESGGGLVQPGGSLRLSCAASGFTFSNYWMYWVRQAPGKGLERVAPLNPGGTITLYADFVKSRFTISRDNAKNTVYLQMNSLKPEDTAVYVCAAPSGTLYTRNKSGYIYWGQGTQVTVSS
seq16316,EVQLQESGGGLVQPGGSLRLSCTASGVTISALNAMAMGWYRQAPGEERVMVAAVSERGNAMYRESVQGRFTVTRDFTNKMVSLQMDNLKPEDTAVYYCHVLEDRVDSFHDYWGQGTQVTVSS
seq16317,QVQLQESGGGLVQAGGSLRLSCAASGTIFSPNTMAWYRQAPGKQRELVALITSGGSRNYADYVKGRFTISRDNAKNTLYLQMNNLKPEDTAVYYCNYQTVFFGNAEAWGQGTQVTVSS
seq16318,EVQLVESGGGLVQPGGSLRLSCAASGRIFYPMGWFRQAPGKEREFVAAIGSGDIITYYADSVKGRFTISRDNAKNTVYLQMNSLKPEDTAVYYCASSRDYSRSRDPTSYDRWGQGTQVTVSS
seq16319,QVQLQESGGGLVQAGGSLRLSCAASGNISDFRFMGWYRQAPGKERELVAAIGRGSNTYYADSVKGRFTISRDNAKNTVYLQMNSLKPEDTAVYYCAARNATYPYYVYWGQGTQVTVSS
seq16320,QVQLQESGGGLVQPGGSLRLSCAASGSISSINAMGWYRQAPGNQRELVAAITNQGRVTYADSVKGRFTISRDGAKNTVYLQMNSLKPEDTAVYYCKVFAASGMEYWGKGTQVTVSS
seq16321,EVQLVESGGGLVQPGGSLRLSCAASGFALDYYAIGWFRQAPGKEREGVSCISSSGGITYYADSVKGRFTISRDNSKNTVYLQMNSLRPEDTAVYYCATESGGYIDYDCRGLGYDYWGQGTLVTVSS
seq16322,QVQLQESGGGLVQPGGSLRLSCAASGRIFSINAMGWYRQGPGKERELVVDMTSGGSINYADSVSGRFTISRDNAKNTVYLQMNSLKPEDTAVYYCHANLRTAFWRNGNDYWGQGTQVTVSS
seq16323,QVQLVESGGGLVQAGGSLSLSCEDSGRSFSVKPMAWFRQAPGLEREFVAAASFTGVSTFYADSVKDRYTIFREKDNNTVYLQMNSLQPEDTGAYYCAGTLRTLWGSKWRDRREYEYWGQGTQVTVSS
seq16324,EVQLVESGGGLVQPGGSLRLSCETSRHTLDHYAIGWFRQAPGKEYEGISCISSSTYYADSVKGRFTISRDNAKNTVYLQMNSLKPEDTAVYYCATTGSGYCTLRAFESWGQGTQVTVSS
seq16325,VQLQESGGGSVQAGGSLRLSCAASLNIFSSYCMGWFRQAPGKQRVGVATIDSDGTTRYVDSVKGRFTISKDNAKNTLDLQMNSLKPEDTAMYYCAARLNCPGPVDWVPMFPYRGQGTQVTVSS
seq16326,EVQLVESGGGLVQPGGSLRLSCAASGRAFNTRAMGWFRQAPGKERELVALMGNDGSTYADSVKGRFTISADNSKNTAYLQMNSLKPEDTAVYYCAAIGWRWGQGTLVTVSS
seq16327,QVQLQESGGGLVQAGDSLRLSCATSGRSFSSYTMGWFRQTPGKEREFVAAISWSGTYYTDSVKGRFTISRDNAKNTVYLQMNSLKPEDTAVYYCAVGSRRLYYSSDINYWGQGTQVTVSS
seq16328,EVQLVESGGGLVQPGGSLRLSCAASGRTSSTATVGWFRQAPGKEREFVAVINWRSGFTYYADSVKGRFTISREYAKNTVYLQMDSLKPEDTAVYSCAADLGGRTLFGGIHYSPEEYAYWGQGTQVTVSS
seq16329,QVQLVESGGGLVQPGGSLRLSCAASGSIFLINAMGWYRQAPGKQRELVAVITRGGSANYTDSVKGRFTISRDNAKNTVYLQMNSLKPEDTAVYYCNADLNLRSDPFKWYTFWGQGTQVTVSS
seq16330,QVQLVESGGGLVQAGGSLRLSCAASGFSFTFDDFTIGWFRQAPGKEREGVSCLSSSDGSTYYEDSVKGRFTISSDNAKNTVYLQMNSLKPEDTAVYYCEAALGRNWSPEDLCRADFGSRGQGTQVTVSS
seq16331,EVQLVESGGGEVQPGGSLRLSCAASGSILSINAMGWYRQAPGKQREMVAGFTGEGNTIYAESVKGRFTISRDNAKNTVYLQMSSLRAEDTAVYYCAADVQLFSRDYEFYWGQGTLVTVKP
seq16332,VKLEESGGGLVQAGGSLRLSCVASGSGFGINGVIWYRQAPGKQRELVALIKSDGYTNYRESVRGRFTISRDDAKNTVWLQMNALEPEDTGVYYCKTPGVPFGQGTQVTVSS
seq16333,EVQLVESGGGLVQPGGSLRLSCAASGTLFKINAMGWYRQAPGKRRELVALITSSDTTDYAESVEGRFTISRDNTWNAVYLQMNSLKPEDTAVYYCHSDHYSMGVPEKRVIDYGQGTLVTVSS
seq16334,VHLVESGGGSVQAGGSLRLSCAASGYTYNSNYMGWFRQAPGKEREGVALIYTGGGSTYYADSVKGRFTISRDNAKNTVYLQMNSLKPEDTAMYYCSVRTQTRNYWGQGTQVTVSS
seq16335,EVQLVESGGGLVQAGGSLRLSCAASGRTFSTDDVGWFRQAPGKEREFVAVIRWSTGGTYTSDSVKGRFTLSRDNAKNTMYLQMNSLKPEDTAVYYCAARSRPLGAGAWYSGEKHYNYWGQGTQVTVSS
seq16336,QVQLQESGGGLVQPGPFLNVSCVVSGGIFSDYTLGWFRQAPGKERKFVAAVSSGGSTHYTGSVKGRFTISRDNAANTMYLQMSSLKPDDTAVYYCNAIVPPTRTFCGRTYWGQGTQVTVSS
seq16337,EVQLVESGGGLVHAGGSLRLSCAASGFTFSSYAMSWVRQAPGKGPEWVSHINSGGGSTSYADSVKGRFTISRDNAKNTLYLQMNSLKPEDTAVYYCAKLREGADYSGSYYYLYEYDYWGQGTQVTVSS
seq16338,EVQLVESGGGLVLAGGSLRLSCVHSGPTFRTDTMGWFRQAPGKEREFVAAVTWNSGRINYADSVKGRFTVSRDNTRNAAYLQMSGLKDEDTAVYYCTAHRFVVGGNMVQDWRYWGQGTQVTVSS
seq16339,EVQLAESGGGSVQAGGSLRLSCDASGYTYSRNCMGWFRQAPGKEREGVAAFYTDYIRFGRTYYADSVKGRFTIFQDNAKNTVYLQMNSLKPEDTAMYYCAADPGSRTDDSCGTSYNKGNFGYWGQGTQVTVSS
seq16340,EVQLVESGGGLVQAGGSLRLSCAASGLSFSSYALGWFRQAPGKERDFVAAINWSGDNTHYADSVKGRFTISRDNAKNTVSLQMNSLKPEDTAVYYCAAQLGYESGYSLTYDYDYWGQGTQVTVSS
seq16341,VHLMESGGGLVQTGGSLRLSCTASGFTFDRNAMRWYRQAPGKEREGVSCIDWTGANIAYADSVKGRFTISRDNAKNTLYLQMNSLKPEDTGMYYCAADTTSGYCSGFWSTSRYSWGQGTQVTVSS
seq16342,QVQLQESGGGLVQAGGSLRLSCAVSGNTLSRYAMGWFRQTPGKEREFVAAIRWNEGATYYADSVEGRFTISRDTGKNTVYLQMNNLQPEDTAVYYCAGRFLGYASSNAYHEALYNYDYWGQGTQVTVSS
seq16343,QVQLVESGGGLVQDGGSLRLSCAASGRTFSVYAMGWFRQAPGKEREFVAAISWIGGSTYSADSVKGRFTISREYAKNTLYLQMNSLRPEDTAVYYCAAIFHREITTVPRKYDYWGQGTQVTVSS
seq16344,QVQLVESGGGLVQPGGSLRLSCVASGFTFSSYAMSWVRQAPGKGPEWVSRISSGGGSTSYADSVKGRFTISRDNAKNTLYLQMNSLKPEDTAVYYCANRAGWGMGDYWGQGTQVTVSS
seq16345,EVQLVESGGGLVQPGGSLRLSCAASGNIFTRNVMGWFRQAPGKEREFVAAITSSGSTNYADSVKGRFTISADNSKNTAYLQMNSLKPEDTAVYYCARPSSDLQGGVDYWGQGTLVTVSS
seq16346,EVQLVESGGGLVQPGGSLRLSCAASGFTFDDYAMSWVRQAPGKGLEWVSGISWKGGIIYYAESMEGRFTISRDNAKNTLYLQMNSLKSEDTAVYYCAKALGTVASGQYDYWGQGTQVTVSS
seq16347,QVQLVESGGGLVQPGGSLRLSCAASGFTFSRKWMYWVRQAPGKGLEWVSVINTGGGSTYYSDSVKGRFTISRDNAKNTLYLQMNSLKSEDTAVYYCANGGAELQPARFGGIWSPDRSLDAWGQGTLVTVSS
seq16348,EVQLVESGGGLVQAGGSLRLSCAASGRTFSSYAMAWFRQAPGKDREYVAAIRWSGGTAYYADSVQGRFTISRDNAKNTVYLQMNSLKPEDTAVYYCANRAPDTRLAPYLYDYWGQGTQVTVSS
seq16349,EVQLVESGGGLVQAGDSLRLSCAASGRTFSFDARGWFRQAPGKEREFVAAINWSGSDTHYADSVKGRFTISRDNAKNTLYLQMNSLKPEDTAVYYCAAAFDYSGSYNSVGLWDYWGQGTQVTVSS
seq16350,QVQLVESGGGSVQAGGSLRLSCEASGWTHSSYCMGWFRQAPGKEREGVATIATGTGSTYYYDSVKGRFTIFQDNAKNTVYLQMDSLKPEDTAMYYCAAEFTYGASWCYRTQDFGYWGQGTQVTVSS
seq16351,EVQLVESGGGLVQPGGSLRLSCVASGDVHKINILGWYRQAPGKEREKVAHIAISDQTDYAESAKGRFTISRDESKNMVYLQMNSLKPEDTAVYLCRAFSRIYPYDYWGQGTLVTVSS
seq16352,EVQLVESGGGLVQPGGSLRLSCAASGFTFDDYGMSWVRQAPGKALEWVSAISWNGNNTYYTESMKGRFTISRDNAKNTLYLQMNSLRPEDTAVYYCVKGSTAIVGVPPTYPDEYDYWGQGCLVTVSS
seq16353,EVQLVESGGGLVQAGGRRGLSCSASGFLFRRPSAGWYRQDPGKQREFVARIRMGGSINYGDSVKGRFTVSRDIAKNTMYLQMNDVKPEDTAKYFCSSWREGFYEYWGQGTQVTVSS
seq16354,QVQLQQSGGGLVQAGGSLRLSCAASGGTFSSYVMGWFRQAPGKDREFVGAISWSGGVTHYADSVKGRFTISRDNAKNTVYLQMNSLKPEDTAVYYCAADSRISAGGSYYEADFGSWGQGTQVTVSS
seq16355,EVQLVESGGGLVQAGGSLRLSCAASGFSFDDDYVMGWFRQAPGKERELVSAIGWSGASTYYADSVKGRFTISADNAKNTVYLQMNSLKPEDTAVYYCAAYYTDYDEALEETRGSYDWGQGTQVTVSS
seq16356,QVQLVESGGGLVQPGGSLRLSCAASGNIFRIDTMGWYRQAPGKQREFVAGISRGGSTNYAHSVKERFTISRDNAKNTMYLQMNSLKSEDTAGYYCNAQAWDPGTIRYLEVWGQGTLVTVSS
seq16357,EVQLVESGGGLVQAGGSLRLSCAASGRTFSSGTMGWFRRAPGKEREFVASIPWSGGRTYYADSVKDRFTISRDNAQNTVFLQMNSLKPEDTAVYYCAFKERSTGWDFASWGQGIQVTVSS
seq16358,DVQLVESGGGSVQAGDSLRLSCVASTYTGCMGWFRQAPGKEREGVAALSSRGFAGHYTDSVKGRFSISRDYVKNAVYLQMNTVKPEDAAMYYCAAREGWECGETWLDRTAGGHTYWGQGTLVTVSS
seq16359,EVQLVESGGGLVQAGESLKLSCVASGNILRVTSMGWGRQIPGKQRKLVAWITNEGRTEYADSVKGRFTISRDNAQNTLYLLMNSLKPEDTAVYYCYGFSPRESSGNTYWGQGTQVTVSS
seq16360,EVQLVESGGGLVQAGGSLRLSCAASGSNISSYVMGWFRRAPGKEREFVAAISRSGGYTYYADSVKGRFTISRDNAKKTAYLQMNSLEPEDTAVYYCAAGRYSAWYSQSYEYDYWGQGTLVTVSS
seq16361,VQLQESGGGSVQAGGSLRLSCAASGNIVSSYCMGWFRQAPGKERVGVAAIDSDGTTKYADSMKGRFTISKDNAKNTLDLQMNSLKPEDTAMYYCVARLNCPGPVDWVPMFPYRGQGTQVTVSS
seq16362,EVQLLESGGGLVQPGGSLRLSCAASGSIVRINTMGWYRQAPGKQRELVADITSGGNINYADSVKGRFTISRDNSKNTVYLQMNSLRPEDTAVYYCNAEIVVLVGVWTQRARTGNYWGQGTLVTVSS
seq16363,QVQLQQSGGGLVQAGGSLRLSCAASGRTFSSYAMGWFRQAPGKEREYVAGINRFGGTYYADFVKGRFTISRDNAKNTVYLQMNSLKPEDTAVYYCAASRILGLSTAREDYNYWGQGTQVTVSS
seq16364,VQLQESGGGSVQTGGSLRLSCAASTSIDSNNYMAWFRQAPGKGREGVAAVYIDDGRPYYADSVKGRFTISLDSAKNTVYLQMNSLKPEDTAMYYCAAAPGPLSRHYWYTSANYDYWGPGTQVTVSS
seq16365,QVQLVESGGGLVQAGGSLALSCAASGIAFSIFDMAWFRQTPGKEREAVARISHGGGKDYLDSVKGRFTISRDNAKNTVTLQMTSLKPEDTAVYYCNAKNSFRNLWGQGTQVTVSS
seq16366,EVQLVESGGGLVQPGGSLRLSCAASGFTDGIDAMGWFRQAPGKEREFVAAIRWSGGITWYADSVKGRFTISADNSKNTAYLQMNSLKPEDTAVYYCAAAIFDVTDYERADWGQGTLVTVSS
seq16367,ITVGGSLRLSCAASGRTFSTAAMGWFRQAPGKERDFVAGIYWTVGSTYYADSAKGRFTISRDNAKNTVYLQMDSLKPEDTAVYYCAARRRGFTLAPTRANEYDYWGQGTQVTVSS
seq16368,QVQLQESGGGAVQAGGSLRLSCAGPRSIFSGNAMAWYRQVPGKQRETVATVNTGGLTWYGDFVKGRFTISRDDAKNTLLLQMDSLKPEDTAVYYCNAVLVRARGMWGQGTQVTVSS
seq16369,QVQLQESGGGLVQAGDSLKLSCAASGLTFSNYIMAWFRQAPGKEREGVSCISSPDGSTYYADSVKGRFTISSDNAKNTVYLQMNSLKPEDTAVYYCAADFNVWSPPICGSVGPPPGGMDYWGKGTQVTVSS
seq16370,QVQLQESGGGLVQAGGSLRLSCAASGSISSINVMGWFRQAPGKQRELVASITSGGSTNYADSLKGRFTISRDNAKNAVYLQMNNLKPEDTAVYYCNAHITPAGSSNYVYGYWGHGTKVTVSS
seq16371,QVQLQESGGGLVQAGGSLRLSCAASGRTSHGYGGYGMGWFRQVPGKERELVAAIRWSGTSTYYADSVKGRFTISRDNVKNMVYLQMNSLKPEDTAVYHCAARTVRVVDISSPVGFAYWGQGTQVTVSS
seq16372,VHLMESGGGLVQPGESLRLSCAASGFIFANYEMSWVRQAPGKVLEWVSGINSRGNATYYADSVKGRFTISRDNAEHTLYLQMNSLKPEDTAMYHCVVGGMTTDQGSPDFYWGQGTQVTVSS
seq16373,EVQLVESGGGEVQPGGSLRLSCAASGSTFSRYHMSWFRQAPGKQREPVATSHHGGTTNYAGSVKGRFTISRDNAKNTVYLQMNSLRAEDTAVYYCKADHGYQGRGYWGQGTLVTVKP
seq16374,QVQLQESGGGLVQPGGSLRLSCAASGSIAYIYTMDWYRQAPGKQRELVATSTWDGNTDYADSVKGRFTISRDNAKNTVYLQMNSLKPEDTAVYYCNADLRTAVDLIRANYWGQGTQVTVSS
seq16375,EVQLVESGGGEVQPGGSLRLSCAASGSTFSSYHMSWFRQAPGKEREFVATSHHGGTTNYAGSVKGRFTISRDNAKNTVYLQMNTLRAEDTAVYYCKADHGYQGRGYWGQGTLVTVKP
seq16376,VQLQESGGGLVQAGGSLRLSCAASGSIFRINGMGWIRQAPGKEREVVAAVNWSGERTYYVDSVKGRFTISREKGNRIYLQMNDLEPDDTAVYYCAADTDYRLDGSTWITNLYSGSLGQGTQVTVSS
seq16377,EVQLVESGGGLVQAGGSLRLSCAASGRISSYAMGWFRQAPGKGREFVAGIRQSTSTYYADSVKGRFTISRDNAKNTVYLRMNSLKPEDTAVYYCAAGSDYVDSYDYWGQGTQVTVSS
seq16378,EVQLVESGGGLVQAGDSLRLSCAASGRTLSSYNMGWFRQAPGKEQEFVAADMWSGTTTYYTDSVKGRFTISRDNAKNMVYLQMNSLKPEDTAVYYCAAELHSSDYTSPGAYAYWGQGTQVTVSS
seq16379,QVQLQESGPGLVKPSQTLSLTCTVSGGSITTRYYAWSWIRQPPGKGLEWIGVIDYDGDTYYSPSLKSRTTISWDTSKNQFSLQLSSVTPEDTAVYYCARDPDVVTGFHYDYWGQGTLVTVSS
seq16380,VQLQESGGGLVQAGGSLRLSCVASGRTVSNYAMGWFRQAPGKEREFVARITGSGSSTFYADSVKGRFTISRNNLSNTVYLQMNSLKREDTAVYYCAADRWRSMVTRSDPREYENWGQGTQVTVS
seq16381,QVQLQESGGGLVQPGGSLRLSCAAFGFTFGSYWMKWVRQAPGKDLEWVPIIDNGGRSTWYADSVKGRFTISRDNAKNSLYLQLNSLKIEDTAMYYCADRNGNRGQGTQVTVSS
seq16382,EVQLVESGGGVVQAGESLRLSCAASGYNVKDYEMGWFRQAPGTEREFAAAINWRGSSTYYADSVKGRFTISRDNAKNTVYLQMSSLKPEDTAVYYCAAGRLYPSSRSRDYDYWGQGTQVTVSS
seq16383,EVQLVESGGGEVQPGGSLRLSCAASEITFSDKTVGWYRQAPGKQRVLVAVISNVDSTNYAESVKGRFTISRDNAKNTLYLQMSSLRAEDTAVYYCHARDFENEYWGQGTLVTVKP
seq16384,QVQLQESGGGLVQAGGSLRLSCAASGRTSSAYAMGWFRQAPGKEREFVAGISSKGGSTYYGASMKGRFTISRDNAKNTVYLQMNGLAPEDTAVYYCAASDKYNFDTSHAGYGYWGQGTQVTVSS
seq16385,EVQLVESGGGLVQPGRSLTLSCAASTNIFSISPGGWYRQAPGKQRELVAAIHGSSTLYADSVKGRFTISRDNAKNSIYLQMNSLRPEDTALYYCNKVPWGDYHPRNVYWGQGTQVTVSS
seq16386,VQLVETGGGWVQAGGSLRLSCAASGRAASGNAMAWFRQAPGKEREFVALISWSGGRPYYANSVKGRFAISRDNATNTVYLQMNRLKPEDTAVYYCAASPTIAILPTPYDYWGQGTQVTVSS
seq16387,DVQLQASGGGLVQAGGSLRISCTADGYTFSTSTMGWFRQAPGKEREFVAAIKSDGSIMYYADSVAGRFIISRDNAKKMVFLQMDRLKPEDTAVYYCAKGVYGSRRSADFGWWGQGTQVTVSS
seq16388,QVQLVESGGGLVQPGGSLRLSCVASGSGFGINGVIWYRQAPGKRRELVALIKSDGYTNYRESVKGRFTISRDDAKNTVWLQMNALEPEDTGVYYCKTPGVPFGQGTQVTVSS
seq16389,EVQLVESGGGQVQPGGSLRLSCESSVSIWSFKVMGWFRQVPGKEREFVATITTGGSPHYSDSVKGRFTISRDYDKRTLYLQMNSLKPEDTAVYYCAGRLWAHITSSGHDVWGQGTQVTV
seq16390,EVQLVESGGGLVQAGGSLRLSCAAGGSIFSINAMGWYRQAPGKQRELVASITSGGSTTYADSVKGRFTISRDNAKDTVYLQMNSLKPEDTAVYYCNAHIRFPFPNDYWGQGTQVTVSS
seq16391,EVQLVESGGGLVQPGGSLTLSCAASGFTLDYYAIGWYRQAPGKKRELVAGISSDGSTHYVDSVKGRFTISRDNAKNSVYLQMNSLRAEDTAVYYCYAYRWVGGYTYWGQGTLVTVSS
seq16392,QVQLQESGGGLVQAGGSLRLSCAASGITFRGKSVGWYRQAPGKQRELVGYMSGGEITDYADSVKGRFSISRDNAKNTVYLQMNSLKSEDTAVYYCNLRGSNYWGQGTQVTVSS
seq16393,QVQLVESGGGSVQAGGSLRLSCTVSGWISSRYCLIWFRQAPGKEQEGVASINTGGGVTYYSDSVKGRFTISQGNTKNTWYLQMNNLKPEDTSIYTCGTFLVGFDDLVCRPDVSIYPSNFWGQGLQVTVSS
seq16394,QVQLVESGGGLVQPGGSLRLSCTVSGSIFDLPGMNWYRQAPGAQRELVADISSDGRRTNYADSVKGRFTMSRDNAKKTVYLQMDSLKPDDTAVYYCNVKFTHHWGQGIQVTVSS
seq16395,DVQLQESGGGLVQPGGSLRLSCAASGFTFDDFGMSWVRQAPGKGLEWVSSITWGGGSTYYADSVKGRFTISRDNAKNTVYLQMNSLKPEDTAIYYCNADHPQGYWGQGTQVTVSS
seq16396,EVQLVESGGGLVQAGGSLRLSCAASGRTDSMWSMGWFRQAPGQEREFVAAISWSVGTYYEDSVKGRFTLSRDDDKDTAYLEMSDLKLEDTADYYCAASTRHGTNLVLPRDYDYWGQGTQVTVSS
seq16397,DVQLQASGGGLVQPGGSLRLSCAASGSLSRITVMGWYRQAPGKQRELVAIITSSGGTNYADSVKGRFTISRDNAKNTVYLQMNSLKPEDTAVYYCLAARGYDRYWGRGTQVTVSS
seq16398,EVQLVESGGGLVKPGGSLRLSCAASGRPVSNYAAAWFRQAPGKEREFVSAINWQKTATYADSVKGRFTISRDNAKNSLYLQMNSLRAEDTAVYYCAAVFRVVAPKTQYDYDYWGQGTLVTV
seq16399,QVQLVESGGGVVQPGGSLRLSCAASDSIDSLVNMGWYRQAPGKQRELVALIAWYITHYADFVKGRFTISRDNSKNTLYLQMNSLRAEDTAVYYCYARNIIVDYWGQGTLVTVSS
seq16400,EVQLVESGGGLVQAGGSLRLSCAASGNIFRIETMAWHRQAPGKQRELVAAIRSDDMTNYPDSVKGRFTISRDNFKNTVYLQMNSLTPEDTAVYYCNLIQRRAPYSRLETYWGQGTQVTVSS
seq16401,LQESGGGLVQPGGSLRLSCVASGTIFSINDMGWYRQAPGKERELVAAITSDGTSAYEDSVKGRFTISRDDAKNMVYLQMNRLKPEDTAVYYCNGLRASTAGWEPRFGSWGQGTQVT
seq16402,QVQLQESGGGLVQAGGSLRLSCAVSGNTLSRYAMGWFRQTPGNEREFVAAIRWNNGATYYADSVKGRFTISRDNGKNTVYLQMNNLKPEDTAVYYCAGRFLGYASSNAYHEALYNYDYWGQGTQVTVSS
seq16403,VHLVESGGDSVQAGGSLRLSCAASGYTYNTNYMGWFRQAPGKEREGVAAIYRHSGNTAYADSVKGRFTISQDYAKNTVYLQMNSLKPEDTAMYYCAAGRAGPWALMRPTEFGYWGQGTQVTVSS
seq16404,QVKLEESGGGLVQPGGSLRLSCAASGSILSIEAMGWYRQTLGKQRELVAAITSGDSTNYADFVKGRFTISRDKAKNMVYLQMNSLKPEDTAVYFCNALMVVRAGSNPEIGPWGQGTQVTVSS
seq16405,EVQLVESGGGLVQAGGSLGLSCSASGLLFSRNSAGWYRQAPGKQREFVARIRSGGSINYADTVKGRFTISRDNAKNTVYLQMNSLKPEDTAVYYCSSWRTGFYEYWGQGTLVTVSS
seq16406,QVQLVESGGGSVQAGGSLRLSCTASAYTYSNICLGWLRQAPGGGLEAVATIYIADQTSYYADSVKGRFRISKDAAKNAVYLQMSSLRPEDTAMYYCASRYGSTCGEYLADYTSRAQGTQVTVSS
seq16407,EVQLVESGGGLVQPGGSLRLSCAASGLTLDYYALGWFRQAPGKEREGVSCISSSDHSTTYTDSVKGRFTISWDNAKNTLYLQMNSLKPEDTAVYYCAADPALGCYSGSYYPRYDYWGQGTQVTVSS
seq16408,VQLQESGGGFVQPGGSLKLSCAASGFTFNWYTMAWYRQVPGEERKMVATITGASGDTKYADSVKGRFTISRDNAKNTVTLQMNSLKPGDTAVYYCHAYLTYDSGSVKGVNYWGQGTQVTVS
seq16409,EVQLVESGGGLVQAGGALGLPCSASGLLFIRNSASWYRQAPGKRREFVARIRMGGSINYADSVKGRFTVSRDNAKNMMYLQMIDLKPEDTTVYCCSGWREGFYEYWGQGTQVTVSS
seq16410,DVQLVESGGGVVQPGDSLRLSCAASGGTFSTYVMGWFRQAPGKEREFVSAISQNSIHTYYANSVKGRFTISRDNSKNTVYLQLNSLRPEDTALYYCAASRFTSWYTADYEYDYWGQGTLVTVSS
seq16411,QVQLVESGGGLVQAGGSLRLSCAASGRTKDMAWFRQPPGKEREFVAVIYSSDGSTLVAASVKGRFTISRDNAKNTVYLQMTSLKPADTAVYYCATSRGYSGTYYSTSRYDYWGQGTQVTVSS
seq16412,QVQLQESGGGLVQPGGSLRLSCRASETLFSLYAMGWYRQAPGKQPELIATISGGGEGTGNYADPVKGRFTISRNNANNMVFLQMNNLKPEDTAVYYCNVYGTNLAPWGQGTQVTVSS
seq16413,QVQLQESGGGLVQPGGSLRLSCAASGFTLDNYTVAWFRQAPGKEREGVSCISSSGGSTNYADSVKGRFTISRDNSKKSVYLQMNSLKPEDTAIYTCAAERAPPYYSGYYFFDSTCVAASYDYWGQGTQVTVSS
seq16414,EVQLVESGGGLVQAGGSLRLSCVASGRTSSYYHMAWFRQAPGKEREFIAAINLSSGSTYYPDSVKGRFTISRGNAKNTVNLQMNSLKPEDTAVYYCAADNYRDSYLEYDYWGQGTQVTVSS
seq16415,QVKLEESGGGSVQAGGSLRLSCKRSGNTLTVNCMGWFRQTPGKEREGVAAIAADGAFSYYMDSVKGRFTISQDSSNTVYLEMDSLKPEDTAMYYCAATTYALCRTWYTAAAAYGYTYWGQGTQVTVSS
seq16416,EVQLVESGGGLVQAGGSLRLSCVASGFSFDDYAIGWFRQAPGQDREPLACITSGGTRNYNPSVMARFRIDRDNSVKTVYLQINTLKPEDTAVYYCSTELDRQGGSAHECREYDTWGQGTQVTVSS
seq16417,EVQLVESGGGLVQAGGSLRLSCAASGFTLDDYAIGWFRQAPGKEREGVSCISSSDGSTDYADSVKGRFTISSDNAKNTVYLQMNSLKPEDTAVYYCAAYYKPWKYYCSDYGSYEHDAWGQGTQVTVSS
seq16418,QVQLVESGGGLVQPGGSLRLSCAAASESRFHYNTMAWFRQAPGKQLELVASITAGGHTNYADSVEGRFTISRDNAKNTVYLQMNALEPEDTAVYRCFADVYGSDRPSWGRGTLVTVSS
seq16419,QVQLQESGGGLVQPGGSLRLSCAASGRFFRVNAMGWYRQVPGKQRELVAAITNGGQIAYADSVKGRFTISRDSAKNTVYLQMNSLKSEDTDVYYCNAKAAATHLSTVADYWGQGTQVTVSS
seq16420,QVKLEESGGGSVQTGGSLRLTCAASGRTSRSYGMGWFRQAPGKEREFVSGISWRGDSTGYADSVKGRFTISRDNAKNTVDLQMNSLKPEDTAIYYCAAAAGSAWYGTLYEYDYWGQGTQVTVSS
seq16421,EVQLVESGGGLVQAGGSLRLSCAASGIIFGSKGMGWYRQAPGKQRELVATVTSGGDIKYADSVKGRFSISRDNAKNTVYLQMNSLKPEDTAVYYCAALFPLYGTGELTPLDDYWGQGTQVTVSS
seq16422,EVQLVESGGGKVQPGGSLRLSCAASGFTFDDYAIGWFRQAPGKEREGVSCIDSSDGSTYYADSVKGRFTISKDNAKNTVYLQMNSLKPEDTAVYYCAADLLRTVVGCLYYGGSYSPRTTMDYWGKGTLVTVSS
seq16423,VKLEESGGGLVQAGGSLRLSCVASGSGFGINGVIWYRQAPGKQRELVALIKSDGYTNYRESVKGRFTISRDDAKNTVWLQMNALEPEDTGVYYCKTPGVPFGQGTPVTVSS
seq16424,EVQLVESGGGLVQPGGSLTLSCAASGGTFSIRAMGWLRQAPGNEREFVAAISRDGDRTYYTDVVKGRFTISRDNAKSTVYLQINSLKTEDTAVYYCAATRPFKVLTATIENDFTYWGQGTQVTVSS
seq16425,EVQLVESGGGLVQAGGSLRLSCAASGITFRRYTMGWYRQAPGKQRELVASINSSDTTNYADSVKGRFTISRDNAKNTVYLQMNSLKPEDTAVYYCNARWCISQFVDNTYWGQGTQVTVSS
seq16426,LQESGGGLVQAGGSLRLSCAASGRASSSYAMGWFRQAPGKEREFVAAISWSGGFTYYADSVKGRFTISRDNAKNTVYLQMNSLKPEETAVYYCVARDYRLWSPYQYEYDYWGQGTQVT
seq16427,EVQLVESGGGLVQAGGSLRLSCAASGQTLSNYVMGWFRQAPGKEREFVAVISRVGGSTSYADSAKGRFTISRDNAKNTVYLQMNSLKPEDTAVYYCAAAYTIAVVTAMREYDFWGQGTQVTVSS
seq16428,QVQLVESGGGLMQPGGSLRLSCAASGFTFSSYWMYWVRQAPGKGLEWVSVINRAGDSAWYADSVTGRFTISRDNAKNTVYLQMDSLKPEDTAMYYCAADSRGYGGDWYKLLSDFNYCGQGTQVTVSS
seq16429,DVQLVESGGGLVQPGGSLRLSCAASGFTSDYYIIGWFRQAPGKEREGVSCISSKYANTNYADSVKGRFTQSRGAAKNTVYLQMNALKPEDTAVYYCAADTRRYTCPDIATMHRNFDSWGQGTQVTVSS
seq16430,QVQLQESGGGLVQPGGSLRLSCAASGSTFSIRAVAWYRQAPGKRRELVAGISGGGVTNYPDSVKGRFTISRDNAKNTVYLQMSSLKPEDTAVYYCNLWPPRASPGGRVYWGQGTQVTVSS
seq16431,DVQLLESGGGLVQPGGSLRLSCAASGRIFSLPASGNIFNLLTIAWYRQAPGKGRELVATINSGSRTYYADSVKGRFTISRDNSKKTVYLQMNSLRPEDTAVYYCQTSGSGSPNFWGQGTLVTVSS
seq16432,LQESGGGLVQAGGSLRLSCTASGLTFGTHVVGWFRQAPGNEREFVAAISYNVGSLLYADSVSGRFTISRDNTKNTVYLQMVSLRPEDTAVYYCGAERAERVADANFVEYWGQGTQVT
seq16433,VQLVESGGGLVQAGGSLRLSCAASGSSFSSYTMGWFRQAPGKEREIVAAIRWSGESPYYADSVKGRFTISRDNAKNTLYLQMNSLKPEDTAVYFCAARLVPPGIPIERSLENMNYWGKGTLVTVSS
seq16434,VQLQESGGGLVQAGGSLRLSCAASGSIFAINEINLMGWYRQAPGKQRELVAACASDGNTYYADSVKGRFTISRDNAEKTVYLQMNNLKPDDTAVYYCDANSRGNYYSGQGTQVTVSS
seq16435,MVQLVESGGALVQPGGSLRLSCAASGFPVNRYSMRWYRQAPGKEREWVAGMSSAGDRSSYEDSVKGRFTISRDDARNTVYLQMNSLKPEDTAVYYCNVNVGFEYWGQGTQVTVSS
seq16436,DVQLVESGGGVVQPGGSLRLSCAASETIFSIDSMAWYRQAPGKQRELVAAITGGGSPNYADSVKGRFTISSDVSKRTVYLQMNSLRPEDTALYYCNAEGQAGWGTALLDYWGQGTLVTVSS
seq16437,EVQLVESGGGLVQAGGSLRLSCVLSGGTLSDAAMGWFRQPPGKEREFVAAISWSAGPTTHYADSVKGRFTISRDDAKNTVYLQMNSLKPEDTGVYYCAAQFRVGWVHLSNEYDYWGQGTQVTVSS
seq16438,QVQLQESGGGLVQAGGSLRLSCAASTSDGSINVMDWYRQTPGKQRDLVATITSLGSQVYADSVKGRFTISRDNAKDTVYLQMNSLKPEDTAVYYCRARRGWAIYWGQGTQVTVSS
seq16439,QVQLQDSGGGLVQAGGSLRLSCAASGGTFSSIIMAWFRQAPGKEREFVGAVSWSGGTTVYADSVLGRFEISRDSARKSVYLQMNSLKPEDTAVYYCAARPYQKYNWASASYNVWGQGTQVTVSS
seq16440,EVQLVESGGGLVQEGGSLRLACAASERIWDINLLGWYRQGPGNERELVATITVGDSTSYADSVKGRFTISRDYDKNTLYLQMNSLRPEDTGLYYCKIRRTWHSELWGQGTQVTVSS
seq16441,EVQLVESGGGLVQVGDSLRLSCAASGRSFENYAIGWFRQAPGKEREFVATISWIPRTAYSTTYYADSVKGRFTISGDNSKNTVYLQMTSLKPEDTAVYYCAAGGATGPLALDSHYGYWGQGTQVTVSS
seq16442,GLVQAGDSLRLSCTASGRNLSSYGMGWFRQVPGKEREFVAAISWSGGATKYVDSVKGRFNISRDNAKNTVYLQMNRLKPEDTAVYYCATKDSGRRDGMDYWGKGTL
seq16443,VQLQESGGGLVQPGGSLRLSCAASGFDFSSRAMSWVRQAPGKGLEWVSTINSGGGSRYYADSVKGRFTTSRDNAKNTLALQLNSLKTEDTAMYYCARCSDIYCDNGAWYRGQGTQVTVSS
seq16444,HVQLQQSGGGLVQPGGSLRLSCAASGSIFSIYAMGWYRQAPGKQRELVAAISSYGSTNYADSVKGRFTISRDNAKNTVYLQMNSLKPEDTAVYYCNADIATMTAVGGFDYWGQGTQVTVSS
seq16445,EVQLVESGGGSVEAGGSLRLSCAAATYTSSYPCMAWFRQAPGKEREGVAVADADGGTAYADSVKGRFTISRDGDKNTIDLLINSLKLEDTAIYYCAAKPRRGCVFYRSAYDWWGQGTPVTVSS
seq16446,QVQLQESGGGSVQPGGSLRLSCAASGFSLAYVAIGWFRQAPGKEREVFSCISSSGGSTNYADSVKGRFTISRDSAKNTVYLQMNSLKPEDTAVYYCAAIPGLRGSSCVSDPAYGHWGQGTQVTVSS
seq16447,EVQLQESGPGLVKPSQTLSLTCTVSGGSITSRYYAWSWIRQPPGKGLEWIGVIDYDGDTYYSPSLKSRTTISWDTSKNQFSLQLSSVTPEDTAVYYCARDPDVVTGFHYDYWGKGTLVTVSS
seq16448,EVQLVESRGGLVQAGGSLRLSCTASERTFSRNVMAWFRQAPGKEREFVAAIRWSGGTTSYADFVKGRFTMSRDNAKNTIYLEMNSLKPEDTAVYYCAADARLYSPLPRRSSAYDYWGQGTQVTVSS
seq16449,QVQLQESGGGLVQAGGSLRLSCAASGIIFSLNHMGWYRQAPGKQRELVALIHTGGGTYYADSVKGRFSISRDNAKNTVYLQMNSLKPEDTAVYYCNSRAVDELLTMNWGQGTQVTVSS
seq16450,EVQLVESGGGLVQPGGSLRLSCAASGRTFSSYPMGWFRQAPGKGREFVASITGSGGSTYYADSVKGRFTISRDNAKNTLYLQMNSLRPEDTAVYSCAAYIRPDTYLSRDYRKYDYWGQGTLVTVSS
seq16451,EVQLVESGGGLVQAGGSLKLSCVASGITFFRYTMGWYRQAPGKERELVAEISSADEPSFADAVKGRFTISRDNAKNTVVLQMNGLKPEDTAVYYCKGSWSYPGLTYWGKGTLVTVSS
seq16452,EVQLVESGGGLVQPGGSLRLSCAASGIPFRSRTMGWFRQAPGKEREFVAGITGSGRSQYYADSVKGRFTISADNSKNTAYLQMNSLKPEDTAVYYCARGARIFGSVAPWRGGNYYGMDVWGQGTLVTVSS
seq16453,EVQLVESGGGLVQPGGSLRLSCAASGSVFKINVMGWFRQAPGKEREFLGSILWSDDSTNYADSVKGRFTISADNSKNTAYLQMNSLKPEDTAVYYCAANLKQGSYGYRFNDWGQGTLVTVSS
seq16454,EVQLVESGGGLVQPGGSLRLSCAASGLTFNDYAMGWFRQAPGKEREFVAHIPRSTYSPYYADSVKGRFTISADNSKNTAYLQMNSLKPEDTAVYYCAFLVGPQGVDHGAFDVWGQGTLVTVSS
seq16455,QVQLVQSGGGLVQPGESLRLSCAASGSVFSIDSMSWFRQGPGNERELVALITGGRTTTYADSVKGRFTISRANAPNTVHLQMNSLEPEDTAVYYCNAAVSTGWGRNADDYWGQGTQVTVS
seq16456,EVQLVESGGGLVQAGGSLRLSCAASGFTFENYAMGWFRQAPGKEPEGVSCISSSDGSTYYADSVKGRFTISSDNTKNTVYLQMNNLKPEDTAVYYCAAEVPSSCGYYSGNYDYTDDEYDFWGQGTQVTVSS
seq16457,AVQLVESGGGSVQAGGSLRLSCTVSGYTYMDYCAGWFRQVPGEAREAVAFINSGGGKTKYADSVKGRFTISQINANNTVSLQMNSLNLEDTAVYYCASVNSRDGADCPTGRYDYHAWGQGSQVTVSS
seq16458,QVQLQESGGGLVQAGGSLRLSCAASGMSFSLGTIYWYRQAPGKQREFVAFITNADTTMYANSVKGRFTISRDNGKNTVFLLMNNLKPEDSAVYYCNTATSWGQGTQVTVSS
seq16459,EVQLVESGGGLVQPGGSLRLSCAASGLPLDLYAMGWFPPAPGKELEFVAGIRWSDAYTEYADSVKGRFTINADNSKNPANLQMNSLKPEDTAVYYCALDIDYRHWGQGTLVTVSS
seq16460,QVKLEESGGGLVQAGGSLRLSCAASGGTLSKNTVAWVRQAPGKERGFVTSITCDGRTTYYANSVNGRFPINRNNAENLVVLQMNSLKPDDTALYYCAAYRKSIMSIQPDYWGQGTQVTVSS
seq16461,EVQLVESGGGLVQAGGSLRLSCAASGRTFNNYAMGWFRRAPGKEREFVAAITRSGVRSGVSAIYGDSVKDRFTISRDNAKNTLYLQMNSLKPEDTAVYTCAASAIGSGALRRFEYDYSGQGTLVTVSS
seq16462,QVQLQESGGGLVQAGGSLRFSCAALGSRFSGKAMAWYRQAPGKPRDLVARIENDGSTNYAVSVKGRFTISKDDAKNTVNLQMNSLKPEDTAVYYCKANELIAPGNILYLEVWGQGTLVTVSS
seq16463,SGGGLVQPGGSLRLSCAASGQSLDNYIIGWFRQAPGKEREGVSCIDRTGTVTHYADSVKGRFTISTDNVKNTVYLEMNDLKPEDTATYFCAAERRWGVVSVCVISDYYFDSWGQGTQVTVSS
seq16464,VQLVESGGGLMQAGGSLRLSCAVSGRTFSTAAMGWFRQAPGKEREFVAAIRWSGGSAYYADSVKGRFTISRDKAKNTVYLQMNSLKYEDTAVYYCAVYHATRSLLSDYATWPYDYWGQGTQVTVSS
seq16465,EVQLVESGGGLVQPGGSLRLSCAASGIITSRYVMGWFRQAPGKEREGVAAISTGGSTIYADSVKGRFTISADNSKNTAYLQMNSLKPEDTAVYYCARQDSSSPYFDYWGQGTLVTVSS
seq16466,QVQLQESGGGSVQAGGSLRLSCAASGYPYSRNCMAWFRQAPEKQREGVATIYNGDGTPYYADSVKGRFTISQDNAKNTVYLQMNSLKPDDTAIYYCAAARGCSLRTWSDQNLYAYWGQGTQVTVSS
seq16467,QVQLVESGGGLVQPGGSLRLSCAASGFTFSSYPMSWVRQAPGKGLEWVSDINSSGTTYYADSVKGRFTISRDNAKNTLYLQMNSLKPEDTAVYYCATEGKYGRTWYGQLEYHYWGQGTQVTVSS
seq16468,QVQLVESGGGSVQAGGSLTLSCAVSGNTYSTNIMGWFRQAPGKEREGVAAILAGGRNTYYADSVKGRFTISQDNAKNTVYLQMNSLKPEDTAMYYCAADTRAAFWNIGPLNSDQYNIWGQGTQVTVSS
seq16469,EVQLVESGGGLVQAGGALRLSCAVSGRTFESYRMGWFRQAPGKEREFVSLINWSSGKTIYADSVKGRFTISGDNAKDTVYLEMNSLKPEDTAVYYCAVGRAWSGSYYSALAYQYWGQGTQVTVSS
seq16470,EVQLVESGGGLVQPGGSLRLSCAASGRTFSSIYAKGWFRQAPGKEREFVAAISRSGRSTSYADSVKGRFTISRDNAKNTVYLQMNSLRPEDTAVYYCAAVGGATTVTASEWDYWGQGTLVTVSS
seq16471,EVQLVESGGGLVQPGGSLRLSCAASGFTFSRYWMGWFRQAPGKEREAVASITSGGSTYYADSVKGRFTISADNSKNTAYLQMNSLKPEDTAVYYCAADVWYGSTWRNWGQGTLVTVSS
seq16472,LQESGGGLVQAGGSLRLSCVASGRTFSLYTMGWYRQAPGKQRELVASISSQGRTNYADSVKGRFTMSRVKNILYLQMDSLKPEDAAVYYCHAKLFVGADSWGKGTLVT
seq16473,KVQLVESGGGLVQAGGSLRLSCAASGFTFDDYAIGWFRQAPGKEREGVSCISSHDGTTYYADSVKGRFTISSDNAKNTVYLQMNSLKPEDTAVYYCAADPLVCGYNDPRLADYWGQGTQVTVSS
seq16474,EVQLVESGGGLVQAGGSLRLSCAASGSRLRFELMGWYRQAPGKPRDLVALITSSGSANYADSVKGRFTISRDNAKNTLYLQMNSLEPEDTGVYYCNAHTYTDNLWGQGTQVTVSS
seq16475,EVQLVESGGGLVQTGGSLRLSCVASGRTYRGYSMAWFRQPPGKEREFVAAITWSEGNTYYEDFVKGRFTISRDNAKNTLYLQMTSLKPEDTALYYCAAKIRPYIFKIPGQYDYWGQGTQVTVSS
seq16476,EVQLLESGGGLVQPGGSLRLSCAASGRTFGSIRVGWFRQAPGKGREFVSAINRNDGTTYYADSVKGRFTISRDNSKNTVYLQMNSLRPEDTAVYYCAAGLQYNRAADRVPVGAVYWGQGTLVTVSS
seq16477,QVQLQESGGGLVQPGGSLRLSCAASGFSSDDYTIGWFRQAPGKEREGISCYSSRDGTTGYADSVKGRFTISSDNAKNTVYLQMNSLKPEDTAVYYCAADFNVWSPPICGSIWYGPPPGGMAYWGQGTQVTVSS
seq16478,QVQLVESGGGSVQAGGSLRLSCTASGGSEYSYSTFSLGWFRQAPGQEREAVAAIASMGGLTYYADSVKGRFTISRDNAKNTVTLQMNNLKPEDTAIYYCAAVEAHVMHKVAPRPFRYWGQGTQVTVS
seq16479,EVQLVESGGGSVQPGGSLRLSCAASGRANSINWFGWFRQTPGKEREFVAGIRWSDAYTEYANSVKGRFTISRDNSKNTVDLQMDSLRPEDTAVYYCVLDLSTVRYWGQGTLVTVSS
seq16480,EVQLVESGGGEVQPGGSLRLSCAASGRPFSSSAMGWFRQAPGKERETVAAVSRNGGSSYYAESVKGRFTISRDNAKNTLYLQMSSLRAEDTAVYYCAARSAAYSRSSETYTEKHDYTYWGQGTLVTVKP
seq16481,QVQLVESGGGSVQAGGSLSLSCTASRDSFDVSDIGWYRQVEGNGCELVSIAKSDGTTYYSETVKGRFTISRDNAKNTVVLQMTSLKPEDTAIYYCAADSGGGFVPWFQGSR
seq16482,QVQLQDSGGRLVKAGASLRLSCAASGRTFSSLPMAWFRQAPGKEREFVAFIGSDSSTLYTSSVRGRFTISRDNGKNTVYLQMMNLKPEDTAVYYCAARSSAFSSGIYYREGSYAYWGQGTQVTVSS
seq16483,QVQLQESGGGLVQAGGSLLLSCAASGRTFSSYAMGWFRQAPGKEREFVAAINWSGGSTSYADSVKGRFTISRDNTKNTVYLQMNSLKPEDTAAFYCAATYNPYSRDHYFPRMTTEYDYWGQGTQVTVSS
seq16484,EVQLVESGGGLVQSGGSLSLSCAASGSVLRINDMGWYRQAPGKTREMVATITRSGVLNYTDSVKGRFTVSRDDAKNTVYLQMSSLKPEDTAVYSCFANIVIRSSGYFNRYWGQGTLVTVSS
seq16485,QVQLQESGGGTVQAGGSLRLSCSISGDTSNSYCMGWFRQAPGKEREVVAHISTGVISPGYNKFSEGRFTISPDNAKNSVYLQMNNLKPDDTAMYYCAARTGYCSGSWGVADSFNGWGQGTQVTVSS
seq16486,QVQLQESGGGLVQAGGSLRLSCAASASIISIRVMGWYRQAPGKQRELVATMSRGGTINYADSVRGRFTISRDNAKSTVYLQMTSLKPEDTAVYYCAALLDSYYWGQGTQVTVSS
seq16487,QVQLQQSGGGLVQAGGSLRLSCAASGRTFSTYNIAWFRQAPGKEREFVTAITWGSGNTYYADSVKGRFTISRDNAKNTVFLQMNSLKPDDTAVYYCAARRSLGPTMAFAYEYWGQGTQVTVSS
seq16488,QVQLQESGGGSVQTGGSLRLSCAASRDGIPTSRSVESYWFRQVPRKLREGVAIITSGDNLNYADAVKGRFTISQVNAEKSSEKSVYLQMTSLKPEDTGIYYCAAGFTFSDYWMYTTNYADSWGQGTQVTVSS
seq16489,EVQLVESGGGFVQAGESLTLSCTSSTLTFTPYRMAWYRQAPGKQRDLVADISSGDGRTTNYADFAKGRFTISRDNIKNTVFLRMTNLKPEDTAVYYCNTFVSFVGIARSWGQGTQVTVSS
seq16490,EVQLVESGGGLVQPGGSLRLSCAASGFTFSSYRMGWFRQAPGKEREAVAAIASMGGLTYYADSVKGRFTISADNSKNTAYLQMNSLKPEDTAVYYCAAALDGYIGSWGQGTLVTVSS
seq16491,VQLQESGGGLVQAGGSLRLSCAASVNIGTLNSMAWYREAPGKQRELVAGITGGGQITYANSVRGRFTVSRDIAKSTAYLQMNTLKPEDTAVYYCAAYDRSATPYWGQGTQVTVSS
seq16492,EVQLVESGGGLVQPGGSLRLSCAASGFTFNNHNMGWFRQAPGKEREFVAAISSYSHTAYADSVKGRFTISADNSKNTAYLQMNSLKPEDTAVYYCALQPFGASNYRWGQGTLVTVSS
seq16493,EVQLLESGGGEVQPGGSLRLSCAASGFSFSINAMGWYRQAPGKRREFVAAIESGRSTVYAESVKGRFTISRDNAKNTVYLQMSSLRAEDTAVYYCGLLKGNRVVSPSVAYWGQGTLVTVKP
seq16494,EVQLVESGGGLVQPGGSLRLSCAASGSIFSTRTMGWFRQAPGKEREFVASITKFGSTNYADSVKGRFTISADNSKNTAYLQMNSLKPEDTAVYYCTRGGGRFFDWLYLRWGQGTLVTVSS
seq16495,VQLQESGGGLVQAGGSLRVSCAASGRTLSNYAVGWWRQAPGKQREFVAAINWSSGGISYSNSAKGRFALSRDNAKNTVYLQMDSLKPEDTAVYYCAAASSVLSGTVDYWGQGTQVTVSS
seq16496,EVQLVESGGGLVQPGGSLRLSCAASGRALSRYGMVWFRQAPGKEREFVAAINRGGKISHYADSVKGRFTISADNSKNTAYLQMNSLKPEDTAVYYCAAGNGGRNYGHSRARYEWGQGTLVTVSS
seq16497,EVQLMESGGGLVQAGGSLTLSCTASGRTFDNYAMGWFRQAPGKEREFVAAISWSLSRTHYADSVLGRFTISRDNAKNTVLLQMSSLKPEDTAVYYCAAAPRPKRISVSYFSTSSNYDYWGQGTQVTVSS
seq16498,EVQLVESGGGLVHAGGSLRLSCAASGRTFSSYFMGWFRQAPGKAREFVANINFSGGTTVYASSVKGRFTISRDNSKNTVYLQMNSVKPEDTAVYYCVARGLTQDYDYWGQGTQVTVSS
seq16499,DVQLVESGGDSVQAGGSLRLSCAASGDTYNKRLTWFRQSPGREREGIATIFYDRTNYADSVKGRFTISQAKSTVYLQMNSLNPEDTAMYYCALRRSSNKPYFDLRSYNYWGQGTQVTVSS
seq16500,EVQLVESGGGLVQPGGSLRLSCAASGGTFSNYAMGWFRQAPGKERELVSGINSDGGSTYYADSVKGRFTISADNSKNTAYLQMNSLKPEDTAVYYCAAVSTNDGYDYWGQGTLVTVSS
seq16501,EVQLVESGGGLVQAGESLRLSCAASGSIFSIDAMGWYRQAPGKQRELVAEISDHTTYGDSVKGRFTISRGNAENTVALQMNSLKPEDTGVYYCNVHHQRGWGTSITVAWGQGTQVTVSS
seq16502,EVQLVESGGGSVQAGGSLRLSCAVSGYTSSMYCMGWFRQAPGKEREGVAAINSGSGKTYYADFVKGRFTISQDNAKNTVLLQMNSLKPEDTAIYYCAADLRYCGLGTQIMDYRGEGTLVTISS
seq16503,VQLVESGGGLVQAGGSLRLSCTASGSTFSRNAMAWFRQAPGKEREFVSGISRTGTNSYDADSVKGRFTISKDNAKNTVTLQMNSLKPEDTAIYYCALSQTASVATTERLYPYWGQG
seq16504,EMQLVESGGGLVQAGGSLRLSCAASGDTFSNYAMGWFRQAPGKEREFVAAINWSSRSTVYADSVKGRFTISRDNAKNTVYLQMNSLKPEDTAVYYCAAGTAYVAGVRRRKAEYDYWGQGTQVTVSS
seq16505,EVQLVESGGGLVQPGGSLRLSCAASGFEFENHWMGWFRQAPGKEREYVAHITAGGLSNYADSVKGRFTISADNSKNTAYLQMNSLKPEDTAVYYCGRHWGIYDSSGFSSFDYWGQGTLVTVSS
seq16506,EVQLVESGGGLVQAGGSLRLSCAASRLTFNHYNMGWFRQAPGKERERVAEVTWSGDKIYYVDSVKGRFTISRDNTPNPVYLYLQMNSLKPEDTAVYYCATAPRGLPYANGYWGQGTLVTVSS
seq16507,EVQLVESGGGLVQAGESLRLSCAASERNNNINAMGWFRQPPGKQREFVARVAVGGSTAYADSVKGRFTISRDNAKNMVYLQMDSLKVEDTAVYYCYAALKYEVGGVYDYWGQGTQVTVSS
seq16508,EVQLVESGGDSVQPGGSLRLSCAASGFAYGTLDDYTIGWFRQVPGKEREGVACIGHNDDTTYYADSVQGRFTISRDNAKNTVYLQMSSLKPEDTAVYLCASTSRARCARYSYNDRWFFDTWGQGTQVTVSS
seq16509,QVQLQESGGGLVQAGGSLRLSCAASGNIFWYAPMGWYRQAPGKERELVASIADGTSTNYADSVKGRFTISRDNAKNTVYLQMNSLKPEDTAVYYCAAYSEDARDLSYWGQGTQVTVSS
seq16510,EVQLVESGGGAVQAGGSQRLSCTVSGRPFTKYAMGWFRQPPEKEREFVATSTWEGSTYYADSVKGRFTISRDNANNIIDLQMNTLKPEDTAVYFCAASNTYNADTTYYAKSTAFNFWGQGTQVTVSS
seq16511,EVQLVESGGGEVQPGGSLRLSCAASGSIFSINAMGWYRQAPGKQRELVAVVSSDGRTTVAESVKGRFTISRDNAKNTVYLQMSSLRAEDTAVYYCGVREWYSDSDWRDYEGQGTLVTVKP
seq16512,VKLQESGGGWVQAGGSLRLSCAASALTASITTMGWFRQTPEKEREFLAAINWTGDYKYYADSVKGRFTISRDNAKNTVDLQMNQLKPEDTAVYYCAASKIRNDIYLNDYTWYQYWGQGTQVTVSS
seq16513,EVQLVESGGGLVQAGGALRLSCAASGRTFETYRMGWFRQAPGKEREFVALINWSSGTTIYADSVKGRFTISGDNAKDTVYLEMNSLKPEDTAVYYCAVGRRWSGSYYSALAYQYWGQGTQVTVSS
seq16514,VQLQESGGGLVQSGDSLRLSCVASGRTFSSLDMGWFRQAPGKEREFVAGISRSGISQYYADSMKGRFTISRDNAKNLVYLQMNSLKPEDTAVYYCAAALTFRGSDLPRDSNYWGQGTQVTVSS
seq16515,VQLVESGGGLMQAGGSLRLSCAVSGRTFSTAAMGWFRQAPGKEREFVAAIRWSGGSAYYADSVKGRFTISRDKAKNTVYLQMNSLKYEDTAVYYCARSDNVRSLLSDYATWPYDYWGQGTQVTVSS
seq16516,QVKLEESGGGSVQAGGSLRLSCATSGYIFSNKNMAWFRQAPGKEREGLAAIYTGSGSAYYADSVKGRFTISRDNAKNTVYLQMNSLKPEDTAMFFCAGDLSGRMRVSRVLVATSYTYWGQGTQVTVSA
seq16517,QVQLVQSGGGLAQPGGSLRLSCTASGFTFRINDMGWYRQAPGKECEMVAGISNNGFSTAYADSVKGRFTISRDNAKNTVSLQMDSLKSEDTAVYYCHRTDDGAAHACSRGQGTQVTVK
seq16518,EVQLVESGGGLVQPGGSLRLSCAASQFTLESYAIGWFRQAPGKDSEGVACISSSTYYADSVKGRFTISRDNAKNTVYLQMESLKPEDTAVYHCATSGAGSYCTLRAFGSWGQGTQVTVSS
seq16519,EVQLVESGGGLVQPGGSLRLSCAASGIILSDNAMGWFRQAPGKEREFVAAISWLGESTYYADSVKGRFTISADNSKNTAYLQMNSLKPEDTAVYYCAADRRGLASTRAADYDWGQGTLVTVSS
seq16520,EVQLQESGGGLVQAGGSLRLSCAASGSTFSTYTIGWFRQAPGKEREFVAAIHWDGGQTYYADSVKGRFTISRDNAKNTVYLQMNSLKPEDTAVYYCAARGRRYFDFTYSDVYDYWGQGTQVTV
seq16521,QVQLQESGGGLVQAGGSLRLSCAASGRTSSRLSMGWFRQAPGKEREFVAAISWSGASTYYADSVKGRFTISRENAKNTMYLQMNSLKPEDTAVYYCATPPNPQPGYGTTWEDSRRYTNWGQGTQVTVSS
seq16522,QVKLEESGGGLVQAGGSLRLSCVVSGRTFSPYTIAWFRQAPGKEREFVTTIIGSDRSTDLDGDTYYADSVRGRFTISRNDAKNTVFLQMSSLKPEDTAVYYCALTGKGYVFTPNEYDYWGQGTQVTVSS
seq16523,VKLQESGGGLVQAGESLRLSCAASGSNFSINGVGWYRQAPGKQRELVAGITNGGYTSYADSVKGRFTISTDNAKNTVYLQMNSLRPEDTAVYYCNANFQIHRSGADYVRNYWGQGTQVTVSA
seq16524,QVQLQESGGGLVQAGESLKLSCAASGNTFSGGFMGWYRQAPGKQRELVATINSRGITNYADFVKGRFTISRDNAKKTVYLEMNSLEPEDTAVYYCYTHYFRSYWGQGTQVTVSS
seq16525,QVQLVESGGGLVQPGGSLRLSCAASASISSLTLIGWYRQAPGKEREFCALITKSGEVKVADSVKGRFTISGDHAKNTVYLQMNSLNTEDTAVYYCYAYIAPTQYRGQGTQVTVSS
seq16526,QLQLVESGGGLVQPGGSLRLSCAASEFTLDYYEIGWFRQAPGKDREGLSCIGYSDRIAYYSESVKGRFTTVRDDATSTVSLYMDMMIPEDTGTYYCAGSVVEPYELLPAAEYDYWGQGTRVTVSS
seq16527,EVQLVESGGGLVQPGGSLRLSCAASGEVYKINFLGWYRQAPGKEREKVAHITIADAADYADFAKGRFTISRDGAKNMVYLQMNSLKPEDTAVYFCRAGSRIWPYDYWGQGTQVTVSS
seq16528,EVQLVESGGGLVQPGGSLRLSCAASGFTLSNYAMGWFRQAPGKEREGVAAISWNSGSTYYADSVKGRFTISADNSKNTAYLQMNSLKPEDTAVYYCATDARRYGYWGQGTLVTVSS
seq16529,EVQLVESGGGLVQPGGSLRLSCAASGQTFNMGWFRQAPGKEREFVAAIGSGGSTSYADSVKGRFTISADNSKNTAYLQMNSLKPEDTAVYYCWRLGNDYFDYWGQGTLVTVSS
seq16530,EVQLVESGGGLVQPGGSLRLSCAASGSTLRDYVMGWFRQAPGKERELVSSISRSGTTMFADSVKGRFTIIADNSKNTAYLLMNSLKPQDTAVYYCAAVFSRGLLTCGQGTLVTVSS
seq16531,EVQLVESGGGLVQAGGSLRLSCAASGFPVNRYSMGWFRQAPGKERELVSAIGWSGASTYYADSVKGRFTISADNAKNTVYLQMNSLKPEDTAVYYCAADFWLARLRVADDYDWGQGTQVTVSS
seq16532,ESGGGSAQAGGSLRLSCAAHGIPLNGYYIAWFRQAPGKGREGVATINGGRDVTYYADSVTGRFTISRDSPKNTVYLQMNSLKPEDTAIYFCAAGSRFSSPVGSTSRLESSDYNYWGQGIQVTVTS
seq16533,EVQLVESGGGLVQAGGSLRLSCAASGRTFSSYGMGWFRQAPGKEREFVAGISWTLGRTYCADSVKGRFTISRDNAKNTVYLQMNSLKPEDTAVYYCASDGPDAYNSWGQGTQVTVSS
seq16534,QVQLQESGGGLVQAGGSLRLSCAASGYISAVRTMGWYRQAPGKEREFVAAISYGSITNYADSVKGRFTISRDNAKNTVYLQMNSLKPEDTAVYYCAADKKRRRSLLNYLHFRYWGQGTQVTVSS
seq16535,QVQLQESGGGLVQAGGSLRLSCAFSGRTFSNYGMGWFRQGPGKEREFVASISWSGTMTQYADSVKGRFTISRDNAKNTVYLQMNNLKPEDTAVYYCAKYFVSWYPEGALGSWGQGTQVTVSS
seq16536,EVQLVEAGGGLVQAGDSLRLSCAASGRTIRGTMAWFRQAPGKDREFVATVTSSGSTTFYADSVKGRFTISRDNAENTVNLQMDSLKPEDTAVYYCAARIRGKVTPSNYDYAYWGQGTQVTVSS
seq16537,QLQLVESGGGLVQPGGSLRLSCAASGFTFGTYSMRWVRQVPRKALEWVSSIHTDGGGTAYRDSVKGRFTISRDNAKNTLYLQMNNLKPEDTAIYYCVIAGYSDWGQGTQVTVSS
seq16538,QVKLVDSGGGLVQAGGSLRLSCTDSGRTFSKKPMGWFRQAPGMEREFVAAASYTGVSTFYADSVKDRFTIFRDKDKNTMDLQINSLKPEDTGAYYCAGTTRTLWGSKWRDVLEYEYWGQGTQVTVSS
seq16539,DVQLVESGGGLVQPGGSLRLSCAASGSIFTINAMGWYRQAPGKQREEVAAITSGGSTNYADSVKGRFTISRDNAKNTVYLQMNSLKPEDTAVYYCKAVVVTTPYSDYWGQGTLVTVSS
seq16540,QVKLVESGGGSVQAGGSLRLSCAASGYTFAGNCLGWFRQAPGKGREGVVTYNNFGVANYADSVKGRFTVSQDNAKNTLLLQMNSLEPEDTAMYYCAADRRDGRRWSQPCEWNTWGQGTQVTVSS
seq16541,EVQLVESGGGLVQAGDSLSLSCTASRGTFRNFGMGWFRQAQGKEREFVAAISRSGGHKYYSDSVKGRSTISKDNAKNMVSLQMNSLKPEDTAVYYCAARFRFDDGTSYYQRAFYDFWGQGTQVTVSS
seq16542,EVQLVESGGGLVQAGGSLRLSCAASGITFSSRTMGWFRQAPGKEREFVAAITPSSRTTYYADSVKGRFTISRDNAKNTVLLQMNSLKPEDTAVYYCAAERTYGSNYTRPTAWNYWGQGTQVTVSS
seq16543,QVQLQESGGGLVQPGGSLRLSCAASGSIFSTYAMGWYRQAIGKQRELVATITSSGKTNYAASVKGRFTISRDITKNTMYLQMNSLKPEDTAVYYCGADRWVLTRWSNYWGQGTQVTVSS
seq16544,QVQLQQSGGGLVQAGGSLRLSCAASGSTFISIKTMGWYRQAPGKQRELVAGITKNNYINYADSVKGRFTISRDNGKNTVYLQMNGLKPEDTAVYYCTVQRRLGRVYWGQGTLVTVSS
seq16545,QVQLVESGGGLVQAGGSLRLSCAASGRNFSNSAMGWFRQAPGTEREFVAGISWSGGSTYYADSVKGRFTVSRDNAKNTVYLQMKSLKPEDTAVYYCAADTGLYTWYDYWGQGTQVTVSS
seq16546,HVQLVESGGGSVQPGESLRLSCVASGYTVSSSCMAWFRQAPGKEREVVATIVVTSDTTSTFYADSVKGRFTISPDNAKNTLNLQMNSLEPSDTAMYYCAADRKWNVCSRGYRYTPNWANQFTFWGQGTQVTVSS
seq16547,QVQLVESGGGLVQAGGSLRLSCAASGRTFSTAAMGWFRQAPGKERDFVAGIYWTVGSTYYADSAKGRFTISRDNAKNTVYLQMDSLKPEDTAVYYCAARRRGFTLAPTRANEYDYWGQGTQVTVSS
seq16548,QVQLQESGGGLVQAGDSLRLSCAASGRTSWIYGMAWFRQAPGKEREFVAFISSSGSPFYADSLKGRVTVSRDNAKNTAYLVINSLKPEDTAVYSCATGPKTTAYYTADYHYWAQGTQVTVSS
seq16549,QVQLVESGGGLVQPGGSLRLSCAASGRTFDNYVMAWFRQAPGKEREFVASISGSGSITNYANSVKDRFTISRDNSKNTLYLQMNSLRAEDTAVYYCAAGSRRTYYREPKFYPSWGQGTLVTVSS
seq16550,EVQLVESGGGLVQPGGSLRLSCAASGRTFRHYAMGWFRQAPGKEREFVAAISSYGSTDYGDSVKGRFTISRDDSKNTVPLQMNSLRPEDTAVYYCAAADETLGAVPNFRLHEKYEYEYWGQGTLVTVSS
seq16551,EVQLVESGGGLVQTGASLRLSCAASGRTFSNYAMGWFRQAPGKERERVAAITPRAFTTYYADSVKGRFTISRDNAKNTAYLQMVSLKPEDTAVYYCAAQLVGSGSNLGRQESYAYWGQGTLVTVKS
seq16552,GSLRLSCAASGRTFSISLMGWFRQAPGKEREFVAGIGWSTGNTYYSDSVKGRFTISRDNAKNTVYLQMNSLKPEDTAIYYCAARRRGWGPIPTMENEYDYWGQGTQVTVSS
seq16553,QVQLQESGGGLVQAGGSLRLSCAASGRTFSSYAMAWFRQAPGKEREFVSGITWTTGSTTYADSVKGRFTVSRDNAENTAYLQMSSLKPEDTAVYYCAASRAANSVNWYQDHDYNVWGQGTQVTVSS
seq16554,QVQLQESGGGLVQAGDSLRLSCTASGRSFSSYGMGWFRQAPGKDHEFVAGIWRSGVSLYYADSVKGRFTISRDDAKMTVSLQMNGLKPEDTAVYYCAAEATFPTWNRGTFADYDYRGQGTQVTVSS
seq16555,EVQLVESGGGLVQPGGSLRLSCAASGFTLDGYAIGWFRQAPGKEREAISCITTRGTIYYADSVKGRVTISRDNAKNTVYLQMNSLKPEDTAVYLCAADGFDTPCVAGTDWGYDYEGQGTQVTVSS
seq16556,QVQLVQSGGGLVQAGDSLRLSCAASGGTFSNYAMGWFRQTPGKEREFVARISRSGHRTDYADSAKGRFTISRDNAKNTVYLQMNSLKPEDTAVYYCAARSDWSIATTATSYDYWGQGTQVTVSS
seq16557,EVQLVESGGDLVQPGGSLRLSCAASRTVFSISDMGWSRQAPGKERELVASISSDNYTVYADAAKGRFTISRDNSKNTVYLEMNSLKPDDTAVYYCRVVDPLRGKLYWGQGTQVTVSS
seq16558,EVQLVESGGGSVQAGESLRLSCAASGSIFSSNAMAWYRQAPGKRRDLVAAINPVGVTKYADSVKGRFTISRDNAKNTVYLQMNSLKPEDTAVYYCTSDPRRGWDTRYWGQGTLVTVSS
seq16559,EVQLVESGGGLVQPGGSLRLSCAASGRTFSDDTMGWFRQAPGKEREFVAAINWSGDSTYYADSVKGRFTISADNSKNTAYLQMNSLKPEDTAVYYCATDPPLFWGQGTLVTVSS
seq16560,QVQLVESGGGLVQPGGSLRLSCTASGIIFSVYDMGWYRQTPGKQREFVARITAGGGTYLTDSVKGRFTISRDNSKNTLYLQMNSLRAEDTGVYYCNAAWIGDDYWGQGTLVTVSS
seq16561,QVQLVESGGGSVQSGGSLRLSCAASGFTYGTYAMSWFRQAPGKEREGVACIDIYGRTSYTDPVKGRFTISQDNAKNTLYLQMNSLKPGDTAMYYCAARDFGYCTASWVHEGFSRYWGQGTQVTVSS
seq16562,EVQLVESGGGLVQPGGSLRLSCAASGISINTNVMGWFRQAPGKEREFVAAISTGSVTIYADSVKGRFTISADNSKNTAYLQMNSLKPEDTAVYYCARVDDFGYFDLWGQGTLVTVSS
seq16563,EVQLVESGGGLVQAGGSLRLSCAASERTFTNYAMGWFRQAPGKEREFVAAISWSGESTLYADSVKGRFTISRDNAKNTVYLQMNSLKPEDTAVYFCAAGNGGRNYGHSRARYDYWGQGTQVTVSS
seq16564,EVQLVESGGGLVQAGGSLRLSCAASGFTFDDNAMGWFRQAPGKEREFVSGISTSGSTTYYADSVKGRFTISADNAKNTVYLQMNSLKPEDTAVYYCAAAAGGYDYWGQGTQVTVSS
seq16565,QVQLQESGGGLVQPGGSLRLSCAASGFTFSSYAMSWVRQAPGKGLEWVSTINMGGGTTSYADSVKGRFTISRHNAKNTLYLQMNSLKPEDTAVYYCAKTAGNWSAQRGQGTQVTVSS
seq16566,EVQLVESGGGLVQPGGSLTLSCAASGSSVSKLSMAWYRQAPGKKRELVAGISADGSTDYRDSVKGRFTISRDNAKNSVYLQMNSLRAEDTAVYYCYAYRWTYRYTYWGQGTLVTVSS
seq16567,QVQLVESGGGLVQPGGSLRLSCAASGFAFGDSWMYWVRQAPGKGLEWVSEINTNGLITKYKDSVTGRFTISRDNAKNTLHLEMNRLKPEDTALYYCARDPSGKLRGPGTQVTVSS
seq16568,SGGGLVQPGGSLRLSCAASGSSFSRYAMRWYRQAPGKQRELVANINSRGTSNYADSVKGRFTISRDNAKNTVYLQMNSLKPEDTAVYYCNAEWLGRSEPSWGQGTQVTVSS
seq16569,QVKLEESGGGLVQAGASLRLSCVASESIFGFNTMGWYRQAPGNERELVASISNSKRTMYADSVKGRFTISRDNAKNTVNLQMNNLKPEDTAVYYCRAWGIITSATVYWGQGTQVTVSS
seq16570,EVQLVESGGGLVQPGGSLTLSCAASGSSVKFLSLAWYRQAPGKKRELVAGISADGSTDYILSVKGRFTISRDNAKNSVYLQMNSLRAEDTAVYYCYAYEWTTRYTYWGQGTLVTVSS
seq16571,EVQLQASGGGLVQAGGSLKLSCTASGSTFSGNDIGWYRQAPGKQRELVAVISDGGYTSYATSVKGRFTISRDNRKNTAYLQMNSLKPEDTAVYYCFAGGSSGTFWGQGTQVTVSS
seq16572,QVQLVESGGGLVQPGGSLRLSCAASGSIFLINAMGWYRQAPGKGLELVAVITRGGSANYADSVKGRFTISRDNSKNTLYLQMNSLRAEDTAVYYCNADLNLRSDPFKWYTFWGQGTLVTVSS
seq16573,QVQLQQSGGGLVQAGGSLRLSCVASGRTFSGYGMGWFRQVPEKEREFVAAIRWSGVTTYYVDSVKGRFTISRDNAKSTVYLQMNSLKPEDTAVYYCAVRPVRVDDISSPVGFDYWGQGTQVTVSS
seq16574,LQESGGGLVQPGGSLRLSCVASGTIFSINDLGWYRQAPGKERELVAAITADGTSAYEDSVKGRFIISRDDAKKMVYLQMNSLKPEDTAVYYCNGLRASNAGWEPRFGTWGQGTQVT
seq16575,EVQLVESGGGLVQPGGSLRLSCAASGFNSGSYTMGWFRQAPGKEREGVSWISTTDGSTYYADSVKGRFTISADNSKNTAYLQMNSLKPEDTAVYYCAAALDGYSGIWGQGTLVTVSS
seq16576,EVQLVESGGGLVQAGGSLRLSCAASPGTFSSFNMGWFRQTPGKEREFVAATSWSDISTYYADSVKGRFTISRDNAKNTVTLEMNSLKPEDTAVYYCAAGYYRGGYLGYRLTLEGSYDVWGQGTQVTVSS
seq16577,DVQLVESGGGVVQPGGSLRLSCAASGLTFSSYAMGWFRQAPGKEREFVASISRGGGYTYYADSVKGRFTISRDNSENTVYLQMNSLRPEDTALYYCAAARYWATGSEYEFDYWGQGTLVTVSS
seq16578,EVQLVESGGGLVQPGGSLRLSCAVSGGTFSSIGMGWFRQAPGKGREFVGAISRSGDSTYYADSVKGRFTISRDGAKNTVYLQMNSLKDEDTAVYYCAGRPAGTAINIRRSYNYWGQGTQVTVSS
seq16579,EVQLVESGGGLVQAGDSLRLSCTASGRTFTDYNIGWFCQAPGKEREFVAAISGSGGSTYYADSAKGRFTISRDNAKNTVYLQMNSLKPEDTAVYACAAAQRRLAVNVDTSYNVWGQGTQVTVSS
seq16580,QVQLQESGGGSVQAGGSLKLSCSASGFTFDDTDMGWYRQAPGNECELVSTISSDGTTYYTDSVKGRFTISQDNAKNTVYLQMNSLKPEDTAVYYCAAINSGYELGTCESLDYWGRGTQVTVSS
seq16581,QVQLQESGGGLVQPGGSLRLSCEASPRTFSTYSMAWFRQAPGKERSFVAAINWSGGDTSYADSVKGRFTISRDNSKNTLYLQMNSLRAEDTAVYYCAAGGVLAHHNYEYDYWGQGTLVTVSS
seq16582,EVQLVESGGGLVQPGGSLRLSCAASGFTLDGYAIGWFRQTPGKEREAISCITTAGTIYYADSVKGRVTISRDNAKNTVYLQMNSLKPEDTAVYLCAADGFDTPCVAGTDWGYDYEGQGTQVTVSS
seq16583,EVQLVESGGGLVQPGDSLKLSCAFSGRTFSSYSMGWFRQAQGKEREFVVAIASGGYIYDAVSLEGRFTISRDNTKDTVYLQTPSLKPEDTAVYYCAASRAYGSSRLRLADTYDYWGQGTQVTVSS
seq16584,EVQLVESGGGLVQAGGSLRLSCAASGRTFSAYDMGWFRQAPGKEREFVAVISWTNSMTYYADSVKGRFTISRDNAKNTVYLQMNSLKPEDTAVYYCAVDRRRTYSRWRFYTGVNDYDYWGQGTQVTVSS
seq16585,EVQLVESGGGLVQAGGSTRLTCLASGSISSINVIGWYRQAPGKQRELVAMIGRGEGANYGDFAKGRFTISRDNSKNTVYLQMNSLKPEDTAVYYCYADYEDRDSPFNGSWGQGTQVTVSS
seq16586,EVQLVESGGGLVQPGGSLRLSCRASGDVHKINILGWYRQAPAKEREMVAHITIGDATVYAESAKGRFTISRDEAKNMVYLQMNSLKPEDTAVYFCRAYSRIYPYNYWGQGTQVTVSS
seq16587,ASGGGLVQAGGSLRLSCAASGRAFESYAVGWFRQASGKEREFVAAINWSGGSTEYADSAKGRFTISRDNAKNTEYLQMNSLKPEDTALYYCAATARPFLGVPRITRPNEYEYWGQGTQVT
seq16588,QVQLVESGGGSVQAGGSLTLSCAVSGNTYSTKYMGWFRQAPGKEREGVAAILAGGRNTSYADSVKGRFTISQDNAKNTVYLQMNSLKPEDTAMYYCAADTRAAFWYIGPLNSDQYNIWGQGTQVTVSS
seq16589,EVQLVESGGGLVQAGGSLRLSCAASGFTFDDYAIGWFRQAPGKEREGVSIISSSDGSTYYADSVKGRFTISSDNAKNTVYLQMNSLKPEDTAVYYCAAGQGWVIATMTSFRAHREYDYWGQGTQVTVSS
seq16590,EVQLVESGGGLVQPGGSLRLSCAASGRTFSDYAMGWFRQAPGKEREFVAGITSSGGYTYYADSVKGRFTISADNSKNTAYLQMNSLKPEDTAVYYCAAVVYYGDWEGSEPVQHEYDWGQGTLVTVSS
seq16591,QVQLQESGGGLVQPGGSLRLSCAASGRIFSVNAMGWYRQAPGKQRELVAAITNQGAPTYADSVKGRFTISRDNAGNTVYLQMNSLRPEDTAVYYCKAFTRGDDYWGQGTQVTVSS
seq16592,QVQLQESGGGLVQSGGSLRLSCAASGTIGGTYAMAWFRQAPGKEREFVAVIPGSGVATLYADSVKGRFTISRDNAKNTGYLQLTSLKPEDTGVYYCAADVRYGVRRPDLYDWWGQGTQVTVSS
seq16593,EVQLVESGGGLVQPGGSLRLSCAASGGTLDIYAMGWFRQAPGKEREFVAAISWSGSTTYYADSVKGRFTISADNSKNTAYLQMNSLKPEDTAVYYCAAVLGYDRDYWGQGTLVTVSS
seq16594,QVQLQESGGGLVQAGGSLRLSCAVSGRTFSTYAMGWFRQAPGKEREFVGSINFKSGSIYLADSVKGRFTISGDNAQNTAYLQMTSLKPEDTAVYLCVARSFGTGQWDYWGQGTQVTVSS
seq16595,EVQLVESGGGSVQAGESLRLSCAASGSIFSSNAMAWYRQAPGKQRDLVAGINSVGITKYADSVKGRFTISRDNAKNTVYLQMNSLKPEDMAVYYCTSDPRRGWDTRYWGQGTQVTVSS
seq16596,QVQLVESGGGLVQPGGSLRLSCAASGFAFSIYRMSWVRQAPGQGLEWVSSIDSGGGITYYADSVKGRFTISRDNAKNTLYLQLNSLKTEDTAMYYCARGHYLYDDDIFTGAKGQGTQVTVSS
seq16597,EVQLVESGGGLVQAGDSLSLSCTASAGTFRNFGMGWFRQARGEEREFVATISRSARHTYYSDSVKGRFTISRDNAKNMVSLQMNSLKPEDTAVYYCAARFRSDDGTYYYQRAFYDFWGQGTQVTVSS
seq16598,EVQLVESGGGLVQAGGSLRLSCAASGRTFSSYRMGWFRQAPEKEREFVALISRSGGTTFYSNSVKGRFTISRDNAKNTVTLQMNSLEPEDTAVYYCAAGAQMGWAEASTYDYWGQGTQVTVSS
seq16599,QVQLQESGGGLVQAGGSLRLSCAASGFAFGNHWMYWYRQAPGRGRELVASISSGGSTNYVDSVKGRFTISRDNARNTVYLQMYSLRPEDTAVYYCGTSDNWGQGTQVTVSS
seq16600,EVQLVESGGQLVQAGGSLRLSCAATGRTYNSYPLGWFRQAPGKEREFVAAISASGTLRAYADSVKGRFTISRDNAKNTVYLQMNNLKPEDTAVYYCARDRSVGWRASHHLSDFDTWGQGTQVTVSS
seq16601,QVQLVESGGALVQPGGSLRLSCAASGFPVNRYSMRWYRQAPGKEREWVAGMSSAGDRSSYEDSVKGRFTISRDDARNTVYLQMNSLKPEDTAVYYCSWLSKTAKKLENSAKKRISEGIAIAIQGGPRYWGQGTQVTVSS
seq16602,EVQLVESGGGLVQPGGSLRLSCAASGRTFGDYTMGWFRQAPGKEREFVAAINWSGGNTYYADSVKGRFTISADNSKNTAYLQMNSLKPEDTAVYYCATDPPLFWGQGTLVTVSS
seq16603,QVQLQQSGGGLVQAGGSLRLSCATRSSLSTYAMGWYRQAPGKQRELVATITTGHITQYADFVKGRFTISRDNAKNMVYLQMNSLKPEDTAVYYCARSPRTSWTVWGQGTQVTVSS
seq16604,DVQLQESGGGSVQAEGSLRLSCTASGYTYSLMGWFRQAPGKEREGVAVINSGVGTTYYADSVKGRFTISQDNAKSTVYLQMNSLKPEDTAIYYCAARRSWFTGMTTTQALDPDWFSYWGQGTQVTVSS
seq16605,EVQLVESGGGLVQPGGSLRLSCAASGSIFSINNMGWYRQAPGKQRELVTVVTSNLITTYADSVKGRFTISRDNAKNTVYLQMNSLKPEDTAVYYCNAWARSVGSVPYSQFWGQGTLVTVSS
seq16606,EVQLVESGGGLVQPGGSLRLSCATSGTIFSNNAMGWYRQAPGKKRDLVASISNSGSTNYADSVKGRFTVSRDNDKNTGYLQMNSPKPEDTGVYYCTVDARRGWNTAYWGQGTQVTVSS
seq16607,QVQLQESGGGLVQPGGSLRLSCAGSGSTFRHHAMAWFRQTPGKEREFVSAINDHGDRTKYTDSVRGRFTISRDNTDNMVYLQMSDLRPEDTAVYSCAAGPLVDYLETTPLVYTYWGQGTQVTVSS
seq16608,EVQLLESGGGLVQPGGSLRLSCAVSGSTFRINTMGWYRQAPGKQRELVAARDRGGYINYVDSVKGRFTISRDNSKPTMYLQMNSLRPEDTAVYYCHAGTQDRTGRNFDRWGQGTLVTVSS
seq16609,QVQLVESGGGLVKPGGSLRLSCAASESIPSIYFMAWYRQAPGKQRELVGIITRGGSTKYADSVKGRSTISRDNAKNTVYLQMNSLKPEDTAVYYCNAVVNERGAVIDYWGQGTQVTVSS
seq16610,EVQLVESGGGLVQAGGSLRLSCAASRSISPMGWYRQAPGKQRELVAIMPSSGTPIYADSVQGRFTISRDNAKNTVYLQMNSLKPEDTAVYYCNVGGGYWGQGTQVTVSS
seq16611,EVQLVESGGGLVQAGGSLRLSCAASGSINSIRAMGWYRQPPGKQRELVATITRDGRTNYPDSVKGQFTISIDNARNTVSLQRNSLKPEDTAVYYCVADWGEGYLTRVWGQGTQVTVSS
seq16612,EVQLVESGGGLVQAGGSLRLSCAASGSISSLGLVQWHRQVSRKQRGLVAQLNSGGTTTYADSVKGRFTISRDNAKSTVYLQMHSLKPEDTAVYYCFLRVIVPGGFRDYWGQGTQVTVSS
seq16613,EVQLLESGGGVVQPGGSLRLSCVHSGPTFRTDTMGWFRQAPGKGREFVAAVTWNSGRINYADSVKGRFTISRDNSKNTAYLQMNSLRPEDTAVYYCAAHRFVVGGNRVEDWRYWGQGTLVQVSS
seq16614,QVQLVESGGGSVQAGGSLRLSCAASGYIYSTNYMAWFRQAPGKEREGVARIYFGGGTPYYADSVKGRFTMSVDNAKNTVYLQMNSLKPEDTAMYYCAVGPGGRCPFLSSSGYQYWGQGTQVTVSS
seq16615,QVQLQESGGGLVQAGGSLRLSCTASRRTGSNWCMGWFRQLAGKEPELVVALNFDYDMTYYADSVKGRFTVSRDSGKNTVYLQMNSLKPEDTAIYYCAARSGGFSSNRELYDGWGQGTQVTVSS
seq16616,QVQLVESGGGLVQPGGSLRLSCAASGSIFSINAMGWYRQAPGKQRELVAAITFGGGSTNYADSVKGRFTISRDNAKNTVYLQMNSLKPEDTAVYYCNADLLVGGFPRRNVYWGQGTLVTVSS
seq16617,EVQLVESGGGLVQPGGSLRLSCAASGRNLRMYRMGWFRQAPGKEREFVALISRVGVTSYADSVKGRFTISADNSKNTAYLQMNSLKPEDTAVYYCARGTSFFNFWSGSLGRVGFDSWGQGTLVTVSS
seq16618,QVQLQESGGGSVQAGGSLRLSCVASGYTNCRYDMSWYRQAPGKEREFVSSIDSEGVARHADSVKGRFGISQDNAKSTLYLQMNSLKPEDTAMYYCKMDYIRCRFGSWSESTWGQGTQVTVSS
seq16619,AVQLVESGGGLVQPGGSLRLSCAASGSIFSRLAMDWYRQAPGKQRELVASISRSGTTMAADSVKGRFTISRDNAENMVYLQMNSLKPEDTAVYVCMAFDGYSGSDYWGRGTQVTVSS
seq16620,EVQLVESGGGEVQPGGSLRLSCAASGRTFSGYIMGWFRQAPGKERELVARISGNNLSTEYAESVKGRFTISRDNAKNTLYLQMSSLRAEDTAVYYCAAEYDYSSGDFVYWGQGTLVTV
seq16621,EVQLVESGGGLVQAGGSLRLSCAASGRTFSSYAMAWYRQAPGKEREYVAAIRWSGGTAYYADSVQGRFTISRDNAKNTVYLQMNSLKPEDTAVYYCANRAPDTRLEPYLYDYWGQGTQVTVSS
seq16622,EVQLVESGGGLVQAGGSLRLSCAASGRTFSSYRMGWFRQAPEKEREFVALITRSGGTTFYSNSVKGRFTISRDNAKNTVYLQMNSLEPEDTAVYYCAAGAQMGWAEASTYDYWGQGTQVTVSS
seq16623,QVKLEESGGGLVQAGGSLRLSCVASGSGFGINGVIWYRQAPGKQRELVALIKSDGYTNYRESVKGRFTISRDDAKNTVWLQMNALEPEDTGVYYCKTPGVPFGQGTQVTVSS
seq16624,EVQLVESGGGLVRHGDSLRLSCLVSRRTTSVYATGWFRQAPGKEREFVAAISWSGGYTNYADSVKGRFTISRDNAKNTVFLQMNSLKPEDTAVYYCAADQNPYRGSNNANAYDYWGQGTQVTVSS
seq16625,EVQLVESGGGLVQPGDSLRLSCAASGRTFSSYAMGWFRQAPGKEREFVAAISWSDGSTYYADSVKGRFTISRDNAKNTVYLQMNSLRPEDTAVYYCAADLTSTNPGSYIYIWAYDYWGQGTLVTVSS
seq16626,QVQLQESGGGLVQAGGSLRLSCAASEYILSMYRMAWYRQAPGKVRELVADMSSGGTTNYADFVKGRFTISRDNDRNTVYLQMNRLQPEDTAAYYCNVAGRTGPPSYDAFNNWGQGTQVTVSS
seq16627,EVQLVESGGGLVQPGGSLRLSCAASGGTFDNYAMGWFRQAPGKERELVSGINSDGGSTYYADSVKGRFTISADNSKNTAYLQMNSLKPEDTAVYYCAAVPISSPSDRNYWGQGTLVTVSS
seq16628,EVQLVESGGGLVQPGGSLRLSCAASGSIFKVNAMGWYRQAPGKGRELVAGIISGGSTNYADSVKGRFTISRDNAKNTLYLQMNSLRPEDTAVYYCAFITTDTNYDLGKRSWGQGTLVTVSS
seq16629,GGGLVQAGGSLRLSCTASGRTSSFYALAWFRQGPGKEREFVAAIGWIDGSTRYTDSAKGRFTISRDAAKNTMYLQMNSLKPEDTAVYSCTARTQYGGSSADPKNYGYWGQGTQVTVSA
seq16630,EVQLVESGGGLVQPGGSLRLSCAASGFTFNVFAMGWFRQAPGKEREFVAAINWSDSRTDYADSVKGRFTISADNSKNTAYLQMNSLKPEDTAVYYCASGSDNRARELSRYEYVWGQGTLVTVSS
seq16631,QVQLQESGGGLVQAGGSLRLSCAVSGNTLSRYAMGWFRQTPGKEREFVAAIRWNNGATYYAESVEGRFTISRDNGKNTVYLQMNNLQPEDTAVYYCAGRFLGYASSNAYHEALYNYDYWGQGTQVTVSS
seq16632,VQLQESGGGLVRAGGSLRLSCAASGSIFVGNAMGWYRQALGNQRELVAGITSDGTTYYPDSVKGRFTISRDNDKNTIYLQMNSLKPEDTAVYYCNLWPPRIGFASWGQGTQVTVSS
seq16633,EVQPVESGGGVVQAGESLRLSCAASGRSFSDYEMGWFRQAPGTEREFVATINRRGSSTYYADSVKGRFTISRDNAKNTVYLQMSSLKSEDTAVYYCAAGWLYPSSRSRDYDYWGQGTQVTVSS
seq16634,KVQLVESGGGLVQAGGSLRLSCAASGRALDTYTVTWFRQTPGKEREFVASIRWNAKPYTTDSVKGRFTISRDNAKNTVYLQMNSLKPEDTAIYYCAADLTTWADGPYRYWGQGTQVTVSS
seq16635,QVQLVESGGGLVQAGGSRRLSCATSGLTFRNFHMAWFRQVAGKEREVVAAISWSRDRQYYPDPVKGRFTITRDNAKNTVYLQMNSLKPEDTAVYYCAARTASASGDWYKGSYQYWGQGTQVTVSS
seq16636,EVQLVESGGGLVQAGGSLRLSCTASGRTFSSYAMGWFRQAPGKERDFVAAISWSGGSTYYADSVKGRFTISRDNAKNTVYLKMNSLKPEDTAVYYCAVDASSTNSGSFIYTWAYDYWGQGTQVTVSS
seq16637,EVQLVESGGGLVQPGGSLRLSCAASGDVHKINVLGWYRQAPAKEREMVAHITIGDATDYADSAKGRFTISRDEAKNMVHLQMNSLKPEDTAVYFCRAYSRIYPYNYWGQGTQVTVSS
seq16638,EVQLVESGGGLVQAGGSLRLSCEASERTFSTYRMGWFRQSPGREREFVTSFNWSGGSTYYADSVKGRFIIATDDAKNTVYLRMNSLKPEDTAVYYCAGYSSGSYYSPRSYGVWGQGTQVTVSS
seq16639,EVQLVESGGDLVQPGGSLRLSCAASGSIFSIDDMGWFRQAPGKQRELVADIISAGVTNYADSVKGRFTISGDHAKNTVYLQMNSLKPEDTAVYYCNAHISTGWGRPHNNYWGQGTLVTVSS
seq16640,AVQLVESGGGSAQAGGSLRLACVAAELSNRQLCMAWFRQAPGKAREIVAGKKSRGIDAVYADSVKGRFTISEDSASNTVYLQMDDLKPEDTAIYYCAAALAYAWSCSRAEAGYNYWGQGTQVTVSS
seq16641,QVQLQESGGGSAQPGGSLRLSCAASGFSLRNFGIGWFRQAPGKEREGVSCSNVRDGSTYYQSSVKGRFTIYRDNFKNMLYLQMNNLELEDTAVYYCATTDCEATSWGTYVGYWGQGTQVTVSS
seq16642,DVHLQDSGGGWVHPGGSLTLSCLMSGSEYYGSPVGWFPQPPGKGREEIAEIVPIGGSVIYIGGVEGRFTISRDNSKNTIALIMNDLLPEDTATYYCAADSGGLCSHRERDYDIWGQGTQVTVC
seq16643,EVQLVESGGGLVQPGGSLTLSCVASGSTSSINAMAWYRRAPGKQRELVAGISSDNSKVYADSVKGRFTISRDNAKNSVYLQMNSLRAEDTAVYYCYYFRTVSGHSMRYWGQGTLVTVSS
seq16644,DVQLVESGGGLVQAGDSLRLSCAYSGATFSNNVMGWFRQAPGRARDFVAAFNGWSSVTEYADSVKGRFFVSRDNDKSTMYLQMINLKPDDTAVYFCAAGRRWRANRETHYDYWGQGTQVTVSS
seq16645,SGGGLVQPGGSLRLSCTASTLTLNYYAIGWFRQAPGKEREGVSCTGSSGGSTVYIDSVKGRFTVVRDNAKNMVYLQMDSLQPEDTAVYYCAADDLRCGRGWSSYFRGSWGQGTQVTVSS
seq16646,VQLVESGGGLVQAGGSLRLSCTASGRTFGAYNMGWFRQTPGKEREFVAAINWSGISTYYTDSVKGRFTISRDNAKNTVYLQMNNLSPEDTAVYYCAANRGGNYEKVYLYNNWGQGTQVTVSS
seq16647,EVQLVESGGGLVQPGGSLRLSCAASGRTFSLTAMGWFRQAPGKEREFVAAISPAALTTYYADSVKGRFTISADNSKNTAYLQMNSLKPEDTAVYYCASRRAFRLSSDYEWGQGTLVTVSS
seq16648,EVQLVESGGGLVQAGGSLRLSCAASERTVIAYTMGWFRRAPGKERDFVAAMNWNGGNTIYADSAKGRFTISRDNAKNTVYLQMNSLKAEDTAVYYCAARPRFWGSYEYDYWGQGTQVTVSS
seq16649,EVQLVESGGGLVQAGGSLRLSCTVSGSTGSINVMGWYRQAPGKQRELVAIIYSSGTLDYADSVKGRFTISRDNAKNTVYLQMNSLKPDDTAAYYCNAAMQDSAWLRPHRASWGQGTQVTVSS
seq16650,VQLVESGGGKVQPGGSLRLSCAASGGTLDYYAIGWFRQAPGKEREAVSCISSSDGSTYYADSVKGRFTISRDNAKNTVYLQMNSLKPGDTAVYHCATDRACGSSWLGAESWAQGTQVTVSS
seq16651,EVQLVESGGGEVQPGGSLRLSCAASGSTFSLYHMSWFRQAPGKQREPVATSHHGGTTNYAGSVKGRFTISRDNAKNTVYLQMNSLRAEDTAVYYCKADHGYQGRGYWGQGTLVTVKP
seq16652,VQLVESGGGLVQAGGSLRLSCAASGSSFSSYTMGVIRWSGESPYYADSVKGAIRWSGESPYYGDSVKGRFTISRDNAKNTLYLQMNSLKPEDTAVYYCAARLVPPGIPIGRTLESMNNWGKGTLVTVSS
seq16653,VQLVESGGGLVQPGGSLRLSCAASGNIFRIDTMGWYRQAPGKQRELVAGISRGGTTTYAHSVKERFTISRDNAKNTMYLQMNSLKSEDTAGYYCNAQAWDPGTFRYLEVWGQGTLVTVS
seq16654,EVQLLESGGGLVQPGGSLRLSCAASGLTFSSYNMGWFRRAPGKEREFVASITWSGRDTFYADSVKGRFTISRDNSKNTLYLQMNSLRAEDTAVYYCAANPWPVAAPRSGTYWGQGTLVTVSS
seq16655,QLQLVESGGGLVQAGGSLKLSCVASGFTFSNYAMAWYRQAPGKQRELIASCSASCIWTNYGASVKGRFTMSLDNAKKTVYLQMDSLKPEDTAVYYCRNLDANYWGQGTQVTVSS
seq16656,QLQLVESGGGLVQPGGSLRLSCTASGISFSISTMGWYRQAPGKQRELVATIASGGEAYYANSVKGRFTISREYAENTVFLQMNRLKPEDSAVYYCNTKFPWSTDWNARGQGTQVTVSG
seq16657,DVHLQDSGGGSVQAGGSLTLSWLMSGHTYYGPCVGWFRQPPGKAREGIPQISPIGGSVIYIGGVKGRFTISRDNSKNTIALIMNDLLPEDTATYYCAADSGGLCSHRERDYDIWGQGTQVTV
seq16658,EVQLVESGGGLVQAGGSLRLSCAASGPTFSIYDMGWFRQAPGKEREFVAAITWNSGRIGYADSVKGRFTISADNAKNTVYLQMNSLKPEDTAVYYCAAGVWSSLRHTAANWGQGTQVTVSS
seq16659,VQLVESGGGLVQPGGSLRLSCVASGSGFGINGVIWYRQAPGKRRELVALIKSDGYTNYRESVKGRFTISRDDAKNTVWLQMNALEPEDTGVYYCKTPGVPFGQGTQVTVSS
seq16660,EVQLVESGGGLVQPGGSLRLSCAASGDTYGSYWMGWFRQAPGKEREVVAAITSGGSTVYADSVKGRFTISADNSKNTAYLQMNSLKPEDTAVYYCARVDSRFDYWGQGTLVTVSS
seq16661,EVQLVESGGGLVQPGGSLRLSCAASGSVFKINVMAWYRQAPGKGRELVAGIVSGGSTSYADSVKGRFTISRDNAKNTLYLQMNSLRPEDTAVYYCAFITTNSDYDLGRRYWGQGTLVTVSS
seq16662,QVQLVESGGGTVQAGGSLKLACAASGLPRTYNVMGWFRQAPGKEREGVAIIYTTTGATYYRDSVKGRATISQDNAKKSVSLQMNSLRPEDTAIYYCVARQPNSGPWEYWGQGTQVTVSS
seq16663,EVQLVESGGGLVQPGGSLRLSCAASKSIFDINAMYWHRQAPGKQRESVASITSGGMRNYADSVKDRFTISKDNAKNTVYLQMNGLKPDDTAVYYCGLGRYEGGVWRDYWGQGTQVTVSS
seq16664,EVQLVESGGGLVQPGGSLRLSCVVSGSMYRIDNMGWYRQAPGKQRELVATVTRGDITNYADSVKGRFTIGRDNAKNTVYLQMNSLKPADTAVYYCNIDSYIIGAGVRDYWGRGTQVTVSS
seq16665,EVQLVESGGGVVQAGESLRLSCAASGGSFSNYEMGWFRQAPGTEREFVGTINRRGSSTYYEDSVKGRFTISRDNAKNTVYLQMSSLKPEDTANYYCAAGWLYPSSRSRDYDYWGQGTQVTVSS
seq16666,QIQLVESGGGSVQAGGSLRLSCATSGYTYRQKCMGWFRQAPGKEREGVAAIYTSVGGSRTYVADSAKGRFTVSQDNAKNTVYLQMNSLKPEDTAMYYCAAKSPYDGACSYEADFTYWGQGTQVTVSS
seq16667,EVQLVESGGGLVQPGGSLRLSCAASGFTWDYYVIGWFRQAPGKEREGVSCISSSDGSTTYADFVKGRFTISRDNAKNTVYLQMNNLTPEDTAVYYCATDPALGCYSGNYYPRYDYWGQGTQVTVSS
seq16668,QVQLQESGGGLVQPGGSLRLSCAASGSFRSIVSMAWYRQAPGKQRELVASSNSGGSTNYADSVKGRFTISRDNAKNTVYLQMNSLKPEDTAVYWCNVQNRLPGFDAFSGRSIAETYWGQGTQVTVSS
seq16669,EVQLVESGGGFVQPGGSLRLSCAASASIFSGYTMGWYRQAPGKERELVTSISHRGGTNYADSVKGRFTISRENAKSTVYLQMNSLKPEDTGVYYCNRLINEASWGQGTQVTVSS
seq16670,VQLVESGGGLVQPGGSLRLSCAASGFTFSVYDMNWFRQAPGKGLEWVSGITGNGYTTSYADSVKGRFTISRDNAKNTLYLQLNSLKSEDTAMYYCAKETNRGQGTQVTVSS
seq16671,DVQLVESGGGLVQAGGSLRLSCAASGRTISMAAMSWFRQAPGKEREFVAGISRSAGSAVHADSVKGRFTISRDNTKNTLYLQMNSLKAEDTAVYYCAVRTSGFFGSIPRTGTAFDYWGQGTQVTVSI
seq16672,AVQLVDSGGGLVQAGGTLRLSCAASGVRFDDSAVGWFRQAPGKESEGVSCLDSADSFTFYTDSVKGRFVISADNAKNMIFLQMNSLKPVDTGVYYCVVYRRRHRCSAFGIANEYDYRGRGTLVTVSS
seq16673,QVQLQESGGGSVQAGGSLTLSCAASEFSYNDYTIAWFRRAAGKGRVEDGEGVASITKSYDRAYDNRIHYADSVKGRFTISRDNAKNTVYLQMTSLNPSDTAVYYCALDITPPGGIGASLTEGFLFDYWGQGTQVTVSS
seq16674,EVQLLESGGGLVQPGGSLTLSCAASGFIFRAASMDWYRQFPGNERESIATISSGGFTNYADSVKGRFTISRDNSKNTLYLQMNSLRAEDTAVYYCGATFLRSDGHHTINGQGTLVTVSS
seq16675,EVQLVESGGGLVQPGGSLRLSCAASGSIFSINDMGWFRQAPGKEREHVALIRFKDGSIYYADSVKGRFTISRDNAKNTVYLQMNSLKPEDTAVYYCAAKTGTSFVCWGQGTQVTVSS
seq16676,QVQLQESGGGLVQAGGSLRLSCVASGITFNFNYYVMGWYRQAPGKQRELVARISDGGNTNYADSVKGRFTISRDNTKNTGYLQMNSLKPEDTAIYYCNLRRSWAPADNGHWGQGTQVTVSS
seq16677,EVQLQESGPGLVKPSQTLSLTCTVSGGSITSRYYAWSWIRQPPGKGLEWMGVIDYDGDTYYSPSLKSRVSISWDTSKNQFSLQLSSVTAEDTAVYYCARDPDVVTGFHYDYWGQGTQVTVSS
seq16678,EVQLVESGGGLVQAGGSLRLSCVASKMTFMRYTMGWYRQAPGKQRDLVASIDSSGGTNYADSVKGRFTISRDNAKNTVYLEMNSLKPEDTGVYYCNGRWDIVGAIWWGQGTQVTVSS
seq16679,EVQLVESGGGLVQAGGSLRLSCAASRSRSSFNDMGWYRQAPGKQREFVAGIPVGGSTVYADSVKGRFTISMDSARNRGYLQMNSLKPEDTAVYYCNAYLDGYSGSSWGQGTQVTVSS
seq16680,EVQLVESGGGLVQPGRSLTLSCAASTNIQSISPMGWYRQAPGKQRELVAAIHGFETLYADSVKGRFTISRDNAKNSIYLQMNSLRPEDTALYYCNKVPWGDYHPGNVYWGQGTQVTVSS
seq16681,VQLQQSGGGLVQPGGSLRLSCAASGSIFSIHTMGWYRQAPGKQRELVTTITTGGTTNYADSVKGRFTISRDDAKNTVYLQMNNLKPEDTAVYYCYALIQTASTTWYRQYWGQGTQVTVSS
seq16682,QVQLQEFGGGSVQAGGFLRFSCATSTFIFDDYSIGWFRQVPGKEREGVSCFSSRDDSTYYADSVKGRFTISSDNAINTVYLQMNNLEPEDTAVYYCAAEYYPSNYCSGDGCCSPSGFGSWGQGTQVTVYP
seq16683,QVQLQEFGGGLVQAGDFLNFSCAVPGLIRSTNAMGWYRQAPGNKREMVAVITVGGLTKYADFVKGRFTISRDGTENAVALMMNSLEPEDTAIYYCAGDNDPYWWTTPVDYWGQGTQVTVSS
seq16684,LQESGGGLVQPGGSLRLSCAASEGTNTMGWFRQAPGKGREFVAALSWAGDIKSYGDSVKGRFTISRDNAKNTVYLQMNSLIPEDTAVYYCAASPRLRVEIKAGGYDFWGQGTQVT
seq16685,QVQLQQSGGGLVQAGGSLRLSCAASGSIFAINEINLMGWYRQAPGKQRELVAACASDGNTYYADSVKGRFTISRDNAEKTVYLQMNNLKPDDTAVYYCDANSRGNYYSGQGTQVTVSS
seq16686,EVQLVESGGGLVQPGGSLRLSCAASGRTFSIDAMGWFRQAPGKEREFVAAIRWSGGITWYADSVKGRFTISADNSKNTAYLQMNSLKPEDTAVYYCAASHDSDWGQGTLVTVSS
seq16687,EVQLVESGGGLVQPGGSLRLSCAASGFTFDDYAIGWFRQAPGKEPEGISCISSSGGITYYTDSVKGRFTISRDNAKNTVYLQMNSLKPEDTAVYYCATPGIAACRGIHYTGQGTQVTVSS
seq16688,QVQLQESGGGLVDAGGFLRLSCAASGNIIRVDDMGWYRQAPGKQRELVAEITSDGRSTYAGSVKGRFTISRDNAKDTVHLQMNNLKPEDTAIYYCKANLVPTGGYYYTGVDYWGQGTQVTVSS
seq16689,EVQLVESGGGLVQPGGSLRLSCAASGNIFKINVMGWYRQAPGKGREWVAAIISGGSTNYADSVKGRFTISRDNAKNTLYLQMNSLRPEDTAVYYCNAILTYNDYDLGSDYWGQGTLVTVSS
seq16690,VQLVESGGGLVQPGGSLTLSCVASGSNLDYFAIGWFRQAPGKEREGVSCISTSSDMSKYADSVKGRFTISRDNTRNTVYLQMNSLEPEDTAVYYCAAKRRRYGLDRDMCLMDSVGMDVWGKGTLVTVSS
seq16691,EVQLVESGGGLVQAGGSLRLSCAASERIFSTYFMGWFRQAPGKEREFVAFISGNGGSTDYADSVKGRFAISRDNVKNTLYLQMSSLKPDDTAVYYCAVAGRQIKSTWDYWGQGTQVTVSS
seq16692,QVQLVESGGGTVPAGGSLRLSCAASGNTLCTYDMSWYRRAPGKGRDFVSGIDNDGTTTYVDSVAGRFTISQGNAKNTAYLQMDSLKPDDTAMYYCKPSLRYGLPGCPIIPWGQGTQVTVSS
seq16693,VQLQESGGGLVQPGGSLRLSCAASGRDFATYSMAWFRQAPGKERESVATISWSGQRTRYADSVKGRFTISRDNAKNTVYLQMNSLKPEDTAVYYCAAPRTWGEFPPTQYDSWGQGTQVTVSS
seq16694,QVQLVQSGGGLVQAGGSLTLSCAASRSSGIDVMGWYRQAPGKERELVAEISGVGDTNYAASLADRFTVSRDNAKNTVYLQMKNLKPEDTAVYYCNAHSFLDLVGAWGQGTQVTVKP
seq16695,EVQLVESGGGLVQPGGSLRLSCAASGFTFDDYGMSWVRQAPGKGLEWVSAISWNGNNTYYTESMKGRFTISRDNAKNTVYLQMNSLRPEDTAVYYCVKGSTAIVGVPPTYPDEYDYWGQGTLVTVSS
seq16696,EVQLVESGGGLVQPGGSLRLSCAASGSSVSIDAMGWFRQAPGKEREFVAGISRSGDTTYYADSVKGRFTISADNSKNTAYLQMNSLKPEDTAVYYCAASYNVYYNNYYYPISRDEYDWGQGTLVTVSS
seq16697,EVQLVESGGGLVQPGGSLRLSCAASGRTFSIDAMGWFRQAPGKEREFVAAIRWSGGITWYADSVKGRFTISADNSKNTAYLQMNSLKPEDTAVYYCAASHDSDYGGTNANLYDWGQGTLVTVSS
seq16698,EMQLVESGGGLVQAGGSLRLSCTASGRTFTDYDMGWFRQAPGKEREVVAIIDTNGDNTLTVGSVKGRFAISSDNAKNTVYLQMNSLLPEDTAVYTCAAGAWSALRRSVANYWGQGTQVTVSS
seq16699,EVQVQESGGGLVHPGGSLKLSCAASGFTFDTYAMSWVRQAPGKGLEWVSAISWSGGETFYAESMKGRFTISRNNAKNTLYLQMNSLKSEDTAVYYCARGMGLAEGLTDWGQGTQVTVSS
seq16700,VQLVETGGGLVQPGGSLRLSCAASGSISSINAMGWYRQAPGKQRELVAAITIRGNTVYGDSVKGRFTVSRDNAKNTVYLQMNSLKPEDTAVYYCNAKSTPSLYAAGYGVDYWGEGTLVTVSS
seq16701,QVQLVESGGGLVQPGGSLRLSCAASGFTLDDYAIGWFRQVPGKEREGVACVKDGSTYYADSVKGRFTISRDNGAVYLQMNSLKPEDTAVYYCASRPCFLGVPLIDFGSWGQGTQVTVSS
seq16702,QVQLQDSGGGLVQPGGSLKLSCAASGSIFGINRMGWYRQAPGKQRELVATITRGGNTNYADSVEGRFTISMDNAKNTVYLQMDSLKPEDTAVYSCYARVGIIYNDILPHRDYWGQGTQVTVSS
seq16703,QVQLQESGGGLVQAGGSLRLSCAASASIISIRVMGWYRQAPGKQRELVATMSRGGTINYADSVRGRFTISRDNAKSTVYLQMNSLKPEDTAVYYCTALLDSYYWGQGTQVTVSS
seq16704,VQLVESGGGVVQPGGSLRLSCAASGLTLSQYTMGWFRQAPGKERELVAAIHWTSSVTDYADSVYGRFTISRDDSKNTGYLQMNSLRAEDTAVYYCAATHYYTHRGSFDYWGQG
seq16705,DVQLVESGGGLVQAGGSLRLSCAASGATSDVYAMGWFRQVPGKEREFVATINRSGSDSYYADSVKGRFTISRDNAKNTVYLQMNSLKPEETAVYYCAASHSDCIGYGCHHVSQDYWGQGTQVTVSS
seq16706,QVQLQESGGGSVQAGGSLTVSCSASGRTSNSYNMAWFRQGPGKERELVAAISWTGGFTSYTNSVKDRFTISRENAKNTVYLQMNSLKPEDTAVYYCAATSRSLTSAMTREIRAYDYWGQGTQVTVSS
seq16707,QVQLQESGGGLVQAGGSLRLSCADSGSTFGLGAMGWYRQSPGKQRELVASITSGGRTNYADSVKGRFTISRENPKRTVYLQMNSLKPEDTAVYVCNARFGIRDFWGQGTQVTVSS
seq16708,QVQLQESGGGLVQAGGNLSLSCAASGRATSGYGMGWFRQVPGKEREFVAAIRWSGKETWYKDSVKGRFTISRDNAKTTVYLQMNSLKPEDTAVYYCAARPVRVDDISLPVGFDYWGQGTQVTVSS
seq16709,QVQLQESGGGLVQAGGSLRLSCAVSGNTLSRYAMGWFRQTPGKEREFVAAIRWNEGATYYAESVEGRFTISRDNAKNTVYLQMNNLKPEDTAVYYCAGRFLGYASSNAYHEALYNYDYWGQGTQVTVSS
seq16710,EVQLVESGGGLVQAGGSLRLSCEASGRTFSRYGMGWFRQAPGKEREFVAAVSRLSGPRTVYADSVKGRFTISRDNAENTVYLQMNSLKPEDTAVYTCAAELTNRNSGAYYYTWAYDYWGQGTQVTVSS
seq16711,QVQLQESGGGLVQAGDSLRLSCAASGRTFSSYAMGWFRQAPGKEREFVAGITWTTGSTTYADSVKGRFTVSRDVVENTAYLQMNSLKPEDTALYYCATSRAAYSVNWYQYHDYNNWGQGTQVTVSS
seq16712,EVQLVESGGGLVQAGGSLRLSCAASGFTLDKYAIGWFRQAPGKEREGVSCISSRGGSTYYVDSVKGRFTISRDNAKNTVYLQMNSLKPEDTAVYYCAADPIHNCYSGSSYYYSPEAVYDYWGQGTQVTVSS
seq16713,QVQLQESGGGSVQAGETLRLSCTASGFTFDDSDMGWYRQAPGNECELVSTISSDGSTYYADSVKGRFTISQDNAKNTVYLQMNSLKPEDTAVYYCAADGHKYELGTCAALDYWGRGTQVTVSS
seq16714,QVQLQESGGGLVQPGGSLRLSCAASGSIGSINVMGWYRQYPGKQRELVAFITSGGITNYTDSVKGRFAISRDNAQNTVYLQMNSLTPEDTAVYYCHLKNAKNVRPGYWGQGTQVTVSS
seq16715,QVQLQQSGGGLVQPGGSLRLSCSASGIRLGSYVMGYYRQAPGKQRELVATVTSGGTTNRADSVKGRFTISRDNAKNAVYLQMNSLKPEDTAVYYCNARILFTNYWGQGTQVTVSS
seq16716,QVQLQESGGGLVQPGGSLRLSCAASGSGWRVGYMAWYRQTPGKQRELVATISRAGATRYEDSVKDRFTISRDNAKNTVYLQMNSLKPDDTAVYYCFASIIDAGTYWGQGTPVTVSS
seq16717,EVQLVESGGGLVQAGGSLRVSCLASGRTFSNNVMGWFRQPPGKEREFVAAISWSGDSTNYADSVQGRFTISRDNAKNTVYLQMNSLKPEDTAVYYCAACDYYSDYPLPDANEYEYWGQGTQVTVSS
seq16718,EVQVQESGPGLVKPSQTLSLTCTVSGGSITTGTYSWSWIRQPPGKGLEWMGVIAYDGSTYYSPSLKSRTSISRDTSKNQFSLQLSSVTPEDTAVYYCARDDVAAPGYWGQGTQVTVSS
seq16719,PVQLVESGGGLVQAGDSLRLSCAASGRTFGIGTMGWFRQPPGKEREFVAAIRWSTGGTRYADSVKGRFTISRDNAKLTVDLQMDSLKPEDTAVYYCAADRLSLDLSGRYHYNPAVYDYWGQGTQVTVSS
seq16720,EVQLVESGGGSVQAGESLRLSCAASGSIFSSNAMAWYRQAPGKQRDLVAAINSVGITKYADSVKGRFTISRDNAKNTVHLQMNSLKPEDTAVYYCTSDPRRGWDTRYWGQGTLVTVSS
seq16721,QVQLQQSGGGLVQAGGSLRLSCTASGRTLSYWTMGWFRQAPGKEREFVAAINWSSGTRYSDSVRDRFTIDGDTDKTTVYLEMNKMNLDDSAVYYCAAHRASFGLGYQTHEYDFWGQGTQVTVSS
seq16722,VQLQESGGGLVQAGGSLRLSCAASGSFDSRNAMGWYRQAPGKRREWVATITTDGRTNYADSVKARFTVSRDNAKNTVYLQMNSLKPDDTAVYYCNAAPPIFNSWGQGTQVTVSS
seq16723,QVQLQESGGGLVQPGGSLRLSCAASGRIFRIDVMSWYRQTPGKERELVASITSGGSANYADFAKGRFTISIDNAKHTMDLQMNSLKPEDTAVYYCNAKGPYARGTGPWGQGTQVTVSS
seq16724,QVQLQESGGGLVQAGGFLRLTCAASGRSFNTYAMGWFRQAPGKDRKFVAGITRSGTVTDYADSVKGRFTISRDNARNTVYLQMNRLKPEDSAVYYCAGHASYDRMINSEYKYWGQGTQVTVSS
seq16725,EVQLVESGGGLVQAGGSLRLACAVSGRTFSIYHVGWFRQPPGKEREFIGAIIKNAGSTFYADFVEGRFTISTDNAKNTVYLQMDHLQPEDTAVYYCAAKYFGASHADQTSYVYWGQGTQVTVSS
seq16726,QVQLQESGGGWVQTGGSLRLSCAASGRTLSNYAMGWFRQAPGKEREFVAAISRSGMSTDAPNSVKGRFTVSRDNAKNTMYLHLNSLKPEDTAVYYCAARGGLPNPSRTYGFEEQYDYWGQGTQVTVSS
seq16727,EVQLVESGGGLVQAGGSLRLSCAASGRTSFSGYAMAWFRQAPGKERDFVASITWSYGYTYYTDSAQGRFTISRDSAKNTVYLEMNSLKPEDTAVYYCAADPKASRFRILREYAYWGQGTQVTVSS
seq16728,QVQLAETGGGLVQAGGSLRLSCLASRMSFSRRPMAWYRQAPGKQRERVATISSFGDTTNYTDSVEGRFTISRDNAKNTMYLQMNSLKPDDTAVYYCNTLLATYAWGQGTQVTVSS
seq16729,QVQLQESGGGLVQAGGSLRLSCAASGRTISRYALSWFRQAPGKEREFVAVARRSGDGAFYSDSAQGRFTVSRDDAKNTVYLQMNSLKPDDTAVYYCAIDSDTFYSGSYDYWGQGTQVTVSS
seq16730,VQLQESGGGVVQAGDSLRLSCVASGRTFSSLDMGWFRQAPGKEREFVAGISRSGISQYYADSMKGRFTISRDNAKNLVYLQMNSLRPEDTAVYYCAAALTFRGSDLPRDSNYWGQGTQVTVSS
seq16731,VKLEESGGGLVQAGGSLRLSCVASGSGFGINGVIWYRQAPGKQRELVALIKSDGYTNYRESVKGRFTISRDDAKNTVWLQMNALEPEDTGVYYCKTPGVPFGQGTQVTVSS
seq16732,VKLEESGGGLVQHGGSLRLSCAASGGTFSNYAMAWFRQAPGKEREFVAAISVSANSAPYYANSVKGRFTISRDNAKNTVYLQMNSLKTEDTAVYYCAARYGTKRYVAREYDSWGQGTQVTVSS
seq16733,EVQLVESGGGLVQPGGSLRLSCAASGSVFKINVMAWYRQAPGKGRELVAGIVSGGSTSYADSVKGRFTISRDNAKNTLYLQMNSLRPEDTAVYYCAFITTESDYDLGRRYWGQGTLVTVSS
seq16734,QVQLQESGGGLVQAGGSLRLSCAASGRTVSSLPMGWFRQAPGKEREFVAALNWSGTSTYYEDSVKGRFTISRDNAKNTLYLQMNNLKPEDTAVYYCAAKGAIYYSYSPRNNNNYDVWGQGTQVTVSS
seq16735,QVQLQESGGGSVQAGGSLRLSCAASGFTFSSYYMSWVRQAPGKGLEWVSGIHYTGDWTNYADSVKGRFTISRDNAKNELYLEMNNLKPEDTAVYYCARGSDKGQGTQVTVSS
seq16736,VQLQESGGGRVQPGGSLRLSCAAIGSIFEINSIGWYRQAPGKQRELVAAITSGGITNYANSVQGRSTISRDNVNNTVYLQMNSLKPEDSAVYYCKGFTGWGKEDYWGQGTQVTVSS
seq16737,QVQLQESGGGLVQPGGSLRLSCAASGFTLDYYAINWFRQAPGKEREEVSCISSSDGSTYYADSVKGRFTISRDNAKNTVYLQMNSLKPEDTAVYYCATSGWRLCRPTDEYDYSYWGQGTQVTVSS
seq16738,EVQVVESGGGLVQAGGSLRLSCAASGDTIFISAMGWYRQAPGKERELVAAITSGGSTYYADSVKGRFTISRDNAKNTVYLQMNSLKPEDTAVYYCNADTIATMTDDYWGQGTQVTVSS
seq16739,EVQLVESGGGLVQPGGSLRLSCVASGRIFSSNAMGWFRQAPGKEREFVAAITWRSGGSAYYADSAKGRFTISRDNAKNTVYLQMNSLKPEDTAVYYCAAGGSSWLSFPPDYWGQGTQVTVSS
seq16740,QVQLQESGGGLVQAGGSLRLSCEASGRTFSTYAMAWFRQAPGKERDLVAAISWSGGSTEYHDSVKGRFTISRDNTKNTVYLQMNSLKAEDTAVYYCAAEVEGSGREGNFYGASWYPGQGTQVTVSS
seq16741,QVQLQESGGGLVQAGGSLRLSCAVSGNTLSRYAMGWFRQTPGKEREFVAAIRWNEGATYYADSVEGRFTISRDTGKNTVYLQMNNLKPEDTAVYYCAGRFLGYASSNAYHEALYNYDYWGQGTQVTVSS
seq16742,QVRLVESGGGSVQAGGSLRLSCAASGSTYSTNFMGWFRQAPGKEREGVATLVTWVERTAYADSVKGRFTISQDRAKNTVYLQMNSLKPEDTAMYYCAAAAASTDVRLLDPGDFAYWGQGTQVTVSS
seq16743,EVQLVESGGGLVQPGGSLRLSCAASGRTFGGYGMGWFRQGPGKEREFLATTAWNGDFTYYADSVKDRFTISADNPKNTVYLQMNSLKPEDTAKYYCAASIAKGSRSSRSYGYWGQGTQVTVSS
seq16744,QVQLQDSGGGLVQAGTSLRLSCVAKGGLYGLGWFRQAPGKEREFVAAISGSGGSTYYGDSVRGRFTISRDNTKNTMYLQMNSLKPEDTAIYFCAARTQYSASDYWWQQGEYGYWGQGTQVTVSS
seq16745,EVQLVESGGGLVQPGGSLRLSCAASGSIFKINVMAWYRQAPGKGRELVAGIVTGGSTSYADSVKGRFTISRDNAKNTLYLQMNSLRPEDTAVYYCAFITTESDYDLGRRYWGQGTLVTVSS
seq16746,EVQLVESGGGLVQPGGSLRLSCAASGGTFSTYPMGWFRQAPGKEREFVAAITSDGSTLYADSVKGRFTISADNSKNTAYLQMNSLKPEDTAVYYCAATDYNKAYAREGRRYDWGQGTLVTVSS
seq16747,EVQLVESGGGLVQPGGSLRLSCSASGSIFGLNAMGWYRQTPGKERELVAGITSITRVGSTRYADSAKGRFTISGDYAKNTVYLQMNSLKPEDTGVYYCRMSIVKSGGADYWGQGTQVTVSS
seq16748,QVQLVESGGGSVQAGGSLRLSCTASGGSEYSYSTFSLGWFRQAPGQEREAVAAIASMGGLTYYADSVKGRFTISRDNAKNTVTLQMNNLKPEDTAIYYCAAVRGYFMRLPSSHNFRYWGQGTQVTVS
seq16749,EVQLVESGGGLVQAGISLKLSCTASGGTLTNYFMGWFRQAPGKEREFVAGVAWSSDFTAYTDSVKGRFTISRDNAKNTVYLQMNDVKPEDTAVWYCAARRRGGGYNQLNLYDYWGQGTQVTVSS
seq16750,EVQLVESGGGLVQAGGSLRLSCAASGRTFSNYAMGWFRQAPGKEREFVAAISWSGGSTVYADSVKGRFTISRDNAKNTVYLQMNSLKPEDTAVYYCAAGNGGSYYGHSRARYDYWGQGTQVTVSS
seq16751,QVQLQESGGGLVQAGGSLRLSCAASGSIRSISYMAWYRQAPEKQRELVATITTGGSTDYEDSVKGRFTISRDSAKNTVYLQMDSLKPEDTAVYYCRINYRDYNTQYFASWGQGTQVTVSS
seq16752,EVQLVESGGGLVQAGGSLRLSCVVSGSILDINVMAWYRQAPGKQREFVARITSGGDIDYADPVKGRFTISTNGAKNTVYLQMNSLKPEDTAAYYCNVLLSRSSAGRYTHWGQGTQVTVSS
seq16753,DVQLVESGGGLVQPGGSLRLSCAASGGSLSNYVLGWFRQAPGKEREFVAAINWRGDITIGPPNVEGRFTISRDNAKNTGYLQMNSLRPDDTAVYYCGAGTPLNPGAYIYDWSYDYWGQGTLVTVSS
seq16754,LQESGGGSVQSGGSLRLTCAASGYTYSNYYMGWFRQAPGKEREGVASIDTLGYTRYADSVKGRFTISRDNDKNTLYLQMSSLQPEDTAMYYCAAPRSPYYRGQTFWEGAYNYWGQGTQVTVSS
seq16755,QVQLVESGGGLVQAGDSLRLSCAASGRTFTTSLMQWHRQAPGKEREFVASITWSTGNTHYADSVKGRFTISRDNARNTVYLQMNSLKPEDTAIYTCRVLAIHGDYWGQGTQVTVS
seq16756,EVQLVESGGGLVQPGGSLRLSCAVSGNIDSIETMGWYRQLPNDQRALVAQIHRDGTTYYVSRAKGRFTISRDSAKNTVYLQMNSLKPEDTAVYLCTADQRDWGQGTQVTVSS
seq16757,QVQLQESGGGLVRTGESLGLSCAASGRSILIKGMGWYRQAPGKEREMVATISMAGVTNYSDSVKGRFTISRDNYKKTVSLQMNNLRPEDTAVYVCNAQTRLWSYWGQGTQVTVSS
seq16758,EVQLVESGGGLVQAGDSLRLSCVASGDSFNTYTMGWFRQAPGKEREFVAAIRWSGGTTFYGDSVKGRFTISRDYAKNTWYLQMNTLKPEDTAAYYCAAVATYSRNVGSVRNYDYWGQGTQVTVSS
seq16759,EVQLVESGGDLVQPGGSLRLSCAASGSVFSINDMGWFRQAPGKQRELVADIISRGVTNYADSVKGRFTISGDPAKNTVYLQMNSLKPEDTAVYYCNAHISTGWGRPHNNYWGQGTLVTVSS
seq16760,EVQLVESGGGLVQAGGSLRLSCTASGRTFDNYAMGWFRQVPGKEREFVAAISWSLSRTHYADSVKGRFTISRDNAKNTVLLQMSSLKPEDTAVYYCAAAPRPKRVSVSYFSTTSNYDYWGQGTQVTVSS
seq16761,EVQLVESGGGLVQPGGSLRLSCAASGSVHLLNFLGWYRQAPGKEREKVAHITIADATDYSHFAKGRFTISRDEAKNMVYLQMNNLRPEDTAVYFCRAGSRIYPYDYWGQGTLVTVSS
seq16762,QVQLVETGGGLVQPGGSLRLSCAASGNIFSINAMGWYRQAPGKQRELVAAISNSGSTNYEDSVKGRFTVSRDNAKNTVYLQMNSLKPEDTAVYYCNAFDLVAGTRLGSWGQGTQVTVSS
seq16763,EVQLVESGGGLVQPGGSLRLSCAASGLPFSTKSMGWFRQAPGKEREFVAAIHWSGLTSYADSVKGRFTISADNSKNTAYLQMNSLKPEDTAVYYCAADRAADFFAQRDEYDWGQGTLVTVSS
seq16764,QVQLQESGGGLVQPGGSLRLSCAASGSIFNIPVMGWYRQAPGKQRELVAGISTGGTTNYGDSVKGRFTISRDNAKNTVYLQMNSLKPEDTAVYYCNVLVVSGIGSTLEVWGQGTLVTVS
seq16765,QVQLQESGGGLVQAGGSLRLSCAASGSIAYIYTMDWYRQAPGKQRELVATSTHDGNTDYADSVKGRFTISRDNAKNTVTLQMNSLKPEDTAVYYCNADLRTAVDLIRANYWGQGTQVTVSS
seq16766,EMQLVESGGGLVQTGGSLRLSCAASGRTFTSYCVGWWRQAPGKERDVVAAITRGSNSTDYVDSVKGRFTISRDNAENTVYLQMNSLKPEDTAVYYCAADINCRNLYTGRPEYWGQGTQVTVSS
seq16767,EVQLVESGGGSVQAGGSLRLSCAASGVTYSSACMGWFRQAPGKGREVVAVLYAGGSTTHYASSVKERFTISQDNAKNTVYLQMNSLKPEDTAVYYCAAALGDRSSCEWRYWGQGTQVTVSS
seq16768,EVQLVESGGGLVQAGGSLRLSCAASGSTFIISVMRWYRQAPGKQRELVAAIRTGGNTDYAGPVRGRFSISRDGAKDAVDLQMNGLKPEDTAVYYCNVPTTRYGGDYYGPYWGQGTQVTVSS
seq16769,VKLEESGGGLVEPGGSLRLSCVASGSISSARSMTWYRQAHGKQRELVAVITSGGSTMYADSVKGRFTISRDSAKNTVYLQMNSLKPEDTAVYYCNADWGEVGFVNLGPWGQGTQVTVSS
seq16770,EVQLVESGGGLVQAGGSLRLSCAASGSTFSTYAMGWFRQAPGKEREFVATISTSSSRTYYADSVKGRFTISADNAKNTVYLQMNSLKPEDTAVYYCAARLWGTWTAGDYDYWGQGTQVTVSL
seq16771,QVQLQESGGGSVQAEGSLRLSCTVSGLTSSSNYVGWFRQAPGKEREGVATIGPYTRNTRYADSVNGRFTISLDNAKSTLYLQMNGLKPEDTAIYYCAAGKTTWIRALRSDDYKYWGQGTQVTVSS
seq16772,EVQLVESGGGLVQAGDSLRLSCAASGRPFSSYTMGWFRQAPGKERDFVATISWSGGIKYYADSVEGRFSISRDNAKNMVYLQMNSLKPEDTAVYYCAATELRTWSRQTFEYDYWGQGTQVTVSS
seq16773,EVQLVESGGGLVQPGGSLRLSCAASGSVHLLNFLGWYRQAPGKEREMVAHITIADATDYSHFAKGRFTISRDEAKNMVYLQMNSLRPEDTAVYFCRAGSRIYPYDYWGQGTQVTVSS
seq16774,EVQLLESGGGLVQPGGSLRLSCAASGRYIDETAVAWFRQAPGKEREFVAGIGGGVDITYYADSVKGRFTISRDNSKNTLYLQMNSLRPEDTAVYYCAARPGRPEITSKVADLYPYWGQGTLVTVSS
seq16775,VQLQESGGGSVQAGGSLRLSCAVSRYSASNNVIKWMGWFRQAPGKEREGVAALYTSGGNTYYADSVKGRFTISRDYSENTVSLQMNNLKPEDTGMYYCATTVGTVLAGPLSARKYNYWGQGTQVTVSS
seq16776,QVQLQESGGGLVQPGESLRLSCAASGFTFDDYAIVWFRQAPGKEREGVSCISTNGDYTYYADSVKDRFTISRDNAKNTVYLQMSSLKPEDTAVYYCAAVYDYYGDYAVCGTPDNMNYWGKGTLVTVSS
seq16777,DVQLVESGGGLVQPGGSLRLSCAASGFKITHYTMGWFRQAPGKGREFVSRITWGGDNTFYSNSVKGRFTISRDNSKNTVYLQMNSLRAEDTAVYYCAAGSTSTATPLRVDYWGQGTLVTVSS
seq16778,QVKLLESGGGFVQPGGSLRLSCTASGRTSTVNGMGWFRQAPGKLRERVAVVMPRGTTQYHDNVKGGFTISRDNTRNTAYLQMNDLQPDDTANYYCFADVGPTVKVGQGTQVTVSS
seq16779,EVQLVESGGGLVQPGGSLRLSCAASGRTFTMGWFRQAPGKEREFVASTNSAGSTNYADSVNGRFTISADNSKNTAYLQMNSLKPEDTAVYYCTTVDQYFDYWGQGTLVTVSS
seq16780,QVQLQESGGGLVQPGGSLRLSCAASGSIFSINAMGWYRQAPGKQRDLVASITSGGSTNYADSVKGRFTISRDNAKNTVYLQMNSLKPEDTAVYYCNVQGTGPSSWLFNEYDYWGQGTQVTVSS
seq16781,VQLQESGGGLVQAGGSLRLSCAASGGTFSNYVMGWFRQAPGKEREFVGFITWSGASTYYADSVKGRFTISRDNAENTVYLQMNSLKPEDTAVYYCAATLFRSNGPKDLSSGYEYDYWGQGTQVTVSS
seq16782,EVQLVESGGGLVQPGGSLRLSCAASGFTFDDAAMGWFRQAPGKEREFVAHISWSGGSTYYADSVKGRFTISADNSKNTAYLQMNSLKPEDTAVYYCATFGATVTATNDAFDIWGQGTLVTVSS
seq16783,QVQLQQSGGALVQPGGFLRLSCVASGLDFTTYWMYWARQAPGLGLEWVSAIDTVGKITYYSDPVRGRFSTSRDNAKNTVYLQMDSLKSEDTAVYYCATTYGHGPVTVPKFYTYQGQGTQVTVSS
seq16784,DVQLQESGGGLVQPGGSLRLSCAASGSIYSIKPMAWYRQAPGEQRESVALISSTGTTDYADSVKGRFTISRDNGKNTVYLQMNDLKPEDTAVYFCNTWVDGKNYWGQ
seq16785,DVQLQASGGGSVQPGGSLRLSCAASGVVYDYWTIGWFRQAPGKDREEVSCISSRGSTSYADSVKGRFRMSRDNGKKMVYLQMNSLKSEDTAVYYCSAVFGSSCNVLLDFGSRGQGTQVTVSS
seq16786,EVQLVESGGGPVQAGGSLTLSCANSGRAYRGYSMAWFRQPPGKEREFVAAITWSEGNPYYEDFVKGRFTISRDNAKNTLYLRMTRLEPEDTALYYCAAKIRPYIFKIAGQYDYWGQGTQVTVSS
seq16787,EVQLVESGGGLVQPGGSLRLSCAASGSTFRINVMAWYRQAPGKGRELVAGIITNGTTTYADSVKGRFTISRDNAKNTLYLQMNSLRPEDTAVYYCAFVTTNSDYDLGRDYWGQGTLVTVSS
seq16788,EVQVVESGGGSVQPGGSLRLSCAASGRGFTEHAMGWYRQSPGKEREFVAGISSGGSTYYADSVKGRFTVSRDSAGNTVALQMDSLKPEDTAVYYCSYKRGRYPDGVSTLEYWGQGTQVTVSS
seq16789,EVQLVESGGGLVQPGGSLRLSCAASGSAFSSTVMGWFRQAPGKEREFVAAINNFGTTKYADSVKGRFTISADNSKNTAYLQMNSLKPEDTAVYYCAHRVRHYGDWEGGALDVWGQGTLVTVSS
seq16790,EVQLVESGGGLVQPGGSLRLSCAASGFTLHYYNIGWFRQAPGKEREWVSCINSSDGSTHYADSVKGRFTISRDNAKNTVYLQMNSLKPEDTAVYYCAAPFEYYSDLCGVNGYDYWGQGTQVTVSS
seq16791,QVQLQQSGGGVVHAGGSLRLSCVASGRIFRIDEMSWHRQTPGKQRELVASMSIDGVAKYADSVKGRFTISRDNAKNTVYLQMNFLKHEDTAVYYCNARGPYSRGSGPWGQGTQVTVSS
seq16792,DVQLQESGGGLVQAGGSLRLSCAASGATFSSYYMGWFRQAPGKEREFVAAINGSGGNRISADSVKGRFTISRDNAKNTVYLQLNSLKPEDTAVYYCAASLTYYGHSAHYDYWGQGTQVTVSS
seq16793,QVQLVESGGGAVQPGGSLRLSCVGSGFNFDTAYMTWVRQTPGKGLEWVSSINTIGGSPTYAHSLEGRFTISRDNTKNMVYLQMNSLKPEDTALYYCVKGPGLYNEYQYWGQGTQVTVSS
seq16794,EVQLVESGGGLVQPGGSLRLSCAASGITLDDYAIGWFRQAPGKEREGVSAIRSSGGSTYYADSVKGRFTISSDNSKNTVYLQMNSLRPEDTAVYYCAAVPAGRLRYGEQWYPIYEYDAWGQGTLVTVSS
seq16795,QVQLVESGGGSVQTGGSLRLSCAASGYTYTRRCMAWFRQAPGKEREGVALIYIDGGRTDYADSAKGRFTISQDRAKNTVYLQMNSLKPEDTAMYYCAGDGGRLDPYCSIKAYAYRYWGQGTQVTVSS
seq16796,VQLQASGGGLVQAGGSLRLSCAASGRTFSRFAMGWFRRAPGKEREFVAAISWSGGTTYGADSAKGRFTISREYAKNIMYLQMNSLKPEDTAVYYCAAGRAVSDYDYWGQGTQVTVSS
seq16797,EVQLVESGGGQVQAGGSLRLSCVASERTFSYYDLAARAWFRQAPGKERELVSASTWNGGYTYYVDSVKGRFTVSTDDAGDTMYLQMNSLEPEDTAVYYCAARRAYSSDLHDYRTFDYWGQGTQVTVSS
seq16798,EVQLVESGGGLVQAGGSLRLSCAASGSDFSGFLLGWYRQPPGKQRELIAQTTDGGRTNYGDSVKGRFTISRDNAKNTWYLQMDSLKPEDTGVYYCNTFPLTSWGQGTQVTVSS
seq16799,EVQLQASGGGLVQPGGSLRVSCAASGFTFSRHQMSWVRQAPGKGLEYVSHIDTGGSTWYAASVKGRFTVSRDDAKNTLYLQMNSLKPEDTGLYYCARLSQGAMDYWGKGTQVTVSS
seq16800,QVQLQESGGGLVQAGGSLRLSCAASGFTLDYYAIGWFRQAPGKEREEVSCISSSDGSTYYADSVKGRFTISRDNAKNTVNLQMNSLKPEDTAVYYCATDGWSSCRHGINEYLYWGQGTQVTVSS
seq16801,QVQLQESGGGSVQAGGSLRVSCAASGSTSYRYCMAWFRQAPGKEREAVASIRPRSGRAYYADSVKGRFTISLDNAKNTLYLQMNSLKPEDTAMYYCAASDNDGNCQDYWGKGTQVTVSS
seq16802,DVQLLESGGGLVQPGGSLRLSCAASGFTFGNYDMAWVRQAPGKRPEWVSSIDTGGDITHYADSVKGRFTISRDNAKNTLYLQMNSLRPEDTAVYWCATDEEYALGPNEFDYYGQGTLVTVKS
seq16803,QVKLEESGGGLVQAGGSLRLSCAASERTFSRYPVAWFRQAPGAEREFVAVISSTGRSTYYADSVKGRFTISRDNAKVTVYLQMNNLKREDTAVYFCAVNSKRMRLQDPNEYDYWGQGTQVTVSS
seq16804,QVQLQESGGGSVQPGGSLSLSCSASGIIFSDYALTWYRQAPGKQREWVAQITRSQNINYTGSVKGRFTVSRDNAKNTVHLQMNSLKPEDTAVYYCHAYDGRRPPYWGQGTQVTVS
seq16805,EVQLVESGGGSVQAGGSLRLSCTASGRPFDNYAMAWFRQAPGKEREFVGAISWSLSRTHYTDSVKGRFTISRDNAKNTAFMQMSSLKPEDTAVYYCAAAPRPKSISVRYFSTSSNYEYWGQGTQVTVSS
seq16806,EVQLVESGGGLVQAGGSLRLSCAASGIAFRIRTMAWYRQAPGKQRDWVATSDSGGTTLYADSVKGRFTVSRDNAENTVYLQMNSLKPEDTAVYYCRDVNRDYWGQGTQVTVSS
seq16807,QLQLQESGGGTVQAGGSLRLSCAASRSIASINVMGWYRQAPGNQHELVAAITSGGSPNYAGSVRGRFIISRDNAKNTVYLQMNDLKPEDTAVYYCAGELRDDSNGYLHYWGQGTQVTVS
seq16808,EVQLVESGGKVVQPGGSLRLSCSASGRTFSFSTSTMGWFRQAPGKELEFVAAIDWSDFNTYYADSVKGRFTISRHNPRNSVYLQLNSLKPEDTAVYYCAAHSETRGGTRYFDRPSLYNYWGQGTLVTVQS
seq16809,EVQLVESGGGLVQAGGSLRLSCAVSGIAFRYNSVAWSRQAPGSQRELVARITNSARTNYADSVKGRFTISRDNDKNMVYLQMNSLKPEDTAVYYCGAGRSMTGDVAYWGQGTQVTVSS
seq16810,QVQLQESGGGLVQAGGSLRLSCAASGRTFNIYNMGWFRQAPGKERDFVAAISWNGGSIYYTSSVEGRFTISRDNAENTVYLQMNSLKPEDTGVYYCASKGRPYGVPSPRQGDYDYWGQGTQVTVSS
seq16811,QLQLVESGGGLVQAGGSLRLSCTASGNTSGINIMAWYRQTSGKQREFLANIARGGLPKYSDSAKGRFTISRDNAKNTVHLQMNSLKPEDTAVYYCNAVWDWRLGEYWGQGTQVTVSS
seq16812,EVQLVESGGGLVQPGRSLTLSCAASTNIFSRSPMGWYRQAPGKQRELVAAIHGNSTLYADSVKGRFTISRDNAKNSIYLQMNSLRPEDTALYYCNKVPWGIYHPRNVYWGQGTQVTVSS
seq16813,DVQLQESGGGLVQAGGSLRLSCAASGATFSSYYMGWFRQAPGKEREFVAAINGSGGNRISADSVKGRFTISRDNAKNTVYLQLNSLKPEDTAVYYCAASLTYYGHSARYDYWGQGTQVTVSS
seq16814,QVKLEESGGGLVQAGRSLRLSCAASEHTFSSHVMGWFRQAPGKERESVAVIGWRDISTSYADSVKGRFTISRDNAKKTLYLQMNSLKPEDTAVYYCAARRIDAADFDSWGQGTQVTV
seq16815,EVQLVESGGGLVQPGGSLRLSCAASGFAFSSYVMSWVRQAPGKGLEWVSGINTGGDDIRYADSVKGRFTIGRDNAKNTLYLQMNSLKPEDTGVYYCGVGGVAVNAYDPRGQGTQVTVSS
seq16816,QLQLVESGGDLVQPGGSLRLSCAGSGFTLDAYAIGWFRQAPGKEREGVSCISSSGGTTSYADSVKGRFTISRDYAKNTVYLQMNAVKPEDTAVYYCAIERTCERIGASQFRGQGTQVTVS
seq16817,EVQLVESGGGLVQAGGSLRLSCVASGRTFNSIGMGWFRQAPGKERDFIGGITWDGRDTYYTDSVKGRFTISRDNAKNTVYLQMNSLKPWDTAVYYCAANRDPWIATSYQDYAYWGQGTQVTVSS
seq16818,QVQLQESGGGLVQAGGSLRLSCAAPVRTFSNYAMGWYRQAPGKQRELVAGISSNGRTDYVDSVKGRFTISRDNAKNTVSLQMNSLKPEDTAVYYCNMRLTTSWERLLGAWGQGTQVTVSS
seq16819,EVQLVESGGGLVEPGGSLRLSCAASGSISSFNVMGWYRQAPGQQRDLVAHIASNGEIMYADSVKGRFTISRDNAKKTVYLQMNSLKPEDTAVYYCKLWVLGNDYWGQGTQVTVSS
seq16820,QVQLQQSGGGLVQAGGSLRLSCAASGRTMSSYAMGWFRQAPGKQREFVAAISRSGGNTYYTDSVKGRFTISRDNAKNTLYLQMNSLKPEETAVYYCAADPNLMYESKWKYRALEAWGQGTLVTVSS
seq16821,EVQLLESGGGLVQPGGSLRLSCAASGRTFNNYAMGWFRQTPGKGREFVAAISWIIGSTYYADSVKGRFTISRDNAKNTLYLQMNGLRPEDTAVYYCAAEGGYSGTYYYTGDFDSWGQGTLVTVSS
seq16822,EVQLVESGGGLVRAGGSLRLSCAASGFAFDDYAIGWFRQAPGKEREGVSSISSSNGNTYYADSVRGRFTISSDNAKNTVYLQMNSLKPEDTGVYYCAAIWGIFFNEKMPVGAYDYWGQGTQVTVSS
seq16823,EVQLVESGGGVVQPGGSLRLSCVTSGIIFSNNAMGWYRQGPGKKRDLVASISSTYSTNYADSVKGRFTVSRDNDKNTGYLQMNSLKPEDTGVYYCTIDARRGWNTAYWGQGTPVTVSS
seq16824,QVKLVESGGGSVQAGGSLRLSCAVSGDDLSNYCMGWVRQAPGKEREEVATIDYAFKTNYADSVKGRFTISKDNAENSLRVNLEMNDLKPDDTAMYYCAADWSSGGVCFGLADFGTRGQGTQVTVSS
seq16825,QVQLVESGGGSVQTGGSLRLSCTASGRTFSNYGMGWFRQAPGKEREFVAGITRSGRTTYYYYADAVKGRFTIPRDNADNTIYLQMDSMKPDDTAVYYCAARQGENNYDPRSGSAYNYWGPGTQVTVSS
seq16826,EVQLVESGGGLVQTGGSLRLSCAASGSTFSNAVMGWFRQAPGKEREFVARITWNGGSTYYGDSAKGRFTISRDNAKTTAYLLMNSLQPEDTANYFCAARMRPVFYSTSGQESFYDYWGQGTQVTVSS
seq16827,EVQLVESGGGLVQPGGSLRLSCAASESIFSINAMGWYRQTPGKQREMVASITPGGFTIYADSVKGRFTISRDNAKNTLYLQMNNLRFEDTAVYYCNAFAGSATSYHDFGSWGQGTQVTVSS
seq16828,EVQLVESGGGLVQAGGSLRLSCAASGLTFSLYTVGWFRQAPGKEREFVAYISRSGSNRYYVDSVKGRFTLSRDNAKNTVDLQMNSLKTEDTAVYYCAATSRGLSSLAGEYNYWGRGTQVTVSS
seq16829,EVQLVESGGGLVRPGGSLRLPCAASESIFSIDAMGWYRQAPGKQRELVATMTGGGSTNYADSVKGRFTISSDVAKRTVYLQMNSLKPEDTAVYYCNAEGQAGWGTALMDYWGKGTLVTVSS
seq16830,QVQLQESGGGLVQAGGSLRLSCAASETFGVVFTLGWYRQTPGKQREFVARVTGTDTVDYADSVKGRFTISSDFARNTVYLQMNNLKPEDTAVYYCNTGAYWGQGTQVTVKP
seq16831,EVQLVESGGGLVQAGGSLRLSCEASGFTFDDYAIGWFRQAPGKEREGVSCCSSSDGSTYYADSVKGRFTISSDNAKNTVYLQMNSLKPEDTAVYYCAATQGLLIATMWNPASYDYWGQGTQVTVSS
seq16832,DVQLQASGGGLVQAGGSLRLSCAASGSTISSYAMAWYRQAPGKRRELVAHISSGGSTNYADSVKGRFTISRDNAKNTVYLQMNSLKPEDTAVYYCNIYYGGDYYYTGVKPNPWGQGTQVTVSS
seq16833,EVQLVKSGGGLVQAGGSLRLSCTASGSAFSSTVVGWFRQAPGKERELVTAINWSGARTYYADSVKGRFTISRDNARNTAYLQMNSLKPEDTAVYYCAAGSDRYARVLTEYEYMWWGQGTQVTVSS
seq16834,QVKLEESGGGLVQPGGSLRLSCAASGRIFWLNAMGWYRQAPGKQRELVASITSGGTTNYADSVKGRFTISRDNAKNTMYLQMNSLKPEDTAVYYCKRRERIFLDYRDYWGQGTQVTVSS
seq16835,VKLVESGGGSVQTGGSLRLSCAVSTYTPSNNYMGWFRQAPGKEREGVAAIATIGGTTRYADSVKGRFTISQDGAKNTIYLQMNGLKPEDTAMYYCAAGRPYSLPLPLPLESGAYRYWGQGTQVTVSS
seq16836,EVQLVESGGGLVQPGGSLRLSCAASGSVHKINFLGWYRQAPGKERGLVATITIGDTTDYADYAKGRFTISRDEARNMVYLQMNSLKPEDTAVYFCRAGSRLYPYNYWGQGTLVTVSS
seq16837,QVQLQESGGGLVQAGGSLRLSCAASGRTFSNYYMGWFRQAPGKEREFVATISQSGSITYYADSVKGRFTISRDNAKNTVSLQMNSLKPEDTAVYYCAGNSFKSNDHWASTYWGQGTQVTV
seq16838,QVHLVESGGGSVQAGGSLRLSCAASGVSVVNFAMRWYRQAPGNEREFVSAMYRSGSTSYADSVRGRFTISRDSALNTVFLQMSGLKPEDTATYYCQATSPMGDTYWGQGTQVTVSS
seq16839,EVQLVESGGGLVQAGGSLKLSCAVSARIFSTNSVDWYRQIPGKQRDWVATITPSPYTYYADSVKGRFTISRDDAKNTVYLHMNSLKPEDTAVYYCKTLDNWGQGTQVTVSS
seq16840,QVQLQESGGGLVQAGGSLRLSCAASGSIFSIASMGWYRQAPGKQRELVAVITSFSSTNYADSVKGRFTISRDNAKNTVYLQMNSLKPEDTGVYYCNARYFERTDWGQGTQVTVSS
seq16841,VHLVESGGGSVQAGGSLRLSCVASGDTGYQPTMRWYRQAPGKEREFVSAIYSDQTTSYADSVKGRFTISQDNARKTVYLQMASLKPEDTAMYYCKLTTRRGSEYWGQGTQVTVSS
seq16842,DVQLVESGGGVVQPGGSLRLSCAASGSIASIHAMGWERQAPGKEREEVAVITVSGGITYYADSVKGRFTISRDNSKNTVYLQMNSLRPEDTALYYCAGDKHQSSFYDYWGQGTLVTVSS
seq16843,QVQLVESGGGEVQAGGSLRLSCAASGRTFSRNVMGWFRQAPGKEREFLAAINWSGNSIGYRDSVKGRFTASRDNVNNTLYLRMNNLKPEDTAVYYCAARGSSDYDVAMQGHEYTYWGQGTQVTVSS
seq16844,QVQLQESGGGSVQAGGSLRLSCAVSGYTYSRNCIGWFRQAPGKEREGVAALYTGGGSTYYAASVKGRFTISQDNTKNTVYLQMNSLKPEDSAMYYCAANPFGLYTCGDLRGPDFGYWGQGTQVTVSS
seq16845,QVQLQESGGGLVQAGGSLRLSCAASGNISRYQAMGWYRQAPGKEREFVATIADGASTYYADSVKGRFTISRDNAKNTVYLQMNSLKPEDTAVYYCAVVSKQGHRRKYYFEYWGQGTQVTVSS
seq16846,EVQLVESGGGLVQPGGSLRLSCVASGFSLDDYGMTWVRQAPGKGLEWVSSINWSGTHTDYTDSVKGRFTISRDNAKNTLFLQMNSLTPEDTAVYYCNQGWKIIPTDRRGHGTQVTVSS
seq16847,EVQLVESGGGLVQAGGSLRLSCPVSGRAFSRGRLGWFRQAPGKEREFVAVAHWSGAITSYADSVKGRFTFSRDNAKNTMNLQMNSLKPEDTAVYYCAADSETSGNWVYWGQGTQVTVSS
seq16848,EVQLVESGGGLVQPGGSLRLSCAASGLTLDDYAIGWFRQAPGKEREGVSSIRDNGGSTYYADSVKGRFTISSDNSKNTVYLQMNSLRPEDTAVYYCAAVPAGRLRYGEQWYPIYEYDAWGQGTLVTVSS
seq16849,EVQLVESGGGLVQPGGSLRLSCAASGRTFSSYAMGWFRQAPGKEREFVAAISWSGGSTYYADSVKGRFTISRDNSKNTVYLQMNSLRPEDTAVYYCAASPIPYGSLLRRRNNYDYWGQGTLVTVSS
seq16850,EVQLVESGGGLAQPGGSLRLSCAASGFTFNDYAMGWFRQAPGKEREFVAGISWAGHNTVYAGSMKGRFTVSRDNAENTLYLQMNSLESEDTAVYYCAKSLGTIWYQKDYRAYDAWGRGTQVTVSS
seq16851,QVQLQESGGGLVQPGGSLRLSCAASGYTYSRICMGWFRQAPGKAREVVARISTRGIKTYYADSVNGRFTISRDNAKNMVYLQMNSLKPEDTAIYYCAAVIYPGYGDSCPWTTSVNYWGQGTQVTVSS
seq16852,EVQLVESGGRLVQAGESLRLSCAASGSIFSIDAMGWYRQAPGKQRELVAEISGHTTYGDSVKGRFTISRGNAENTVALQMNSLKPEDTGVYYCNVHHQRGWGTPITVTWGQGTQVTVSS
seq16853,QVQLVQSGGGSVQAGGSLRLSCAASGYTYSSNYMGWFRQAPGKEREGVAAIYTGGDSTYYADSVKGRFTISRDNAKNTVYLQMNSLKPEDTAMYYCAAGGYGGYQLSRYAYNIWGQGTQVTVSS
seq16854,QVQLVESGGGLVQPGGSLRLSCAASGFTFSSYWMYWVRQAPGKGLEWVSVINTGGDTTYYADSVKGRFTISRDNDENTLSLQMNSLKPEDTALYYCARTGVVRGPGDLDAWGQGTQVTVSS
seq16855,EVQLVESGGGLVQPGGSLRLSCAASGSTFIINVVRWYRRAPGKQRELVATISSGGNANYVDSVRGRFTISRDNSKNTVYLQMNSLRPEDTAVYYCNVPTTHYGGVYYGPYWGQGTLVTVSS
seq16856,EVQLVESGGGLVQPGGSLRLSCAASGFTFDDYGMSWVRQAPGKALEWVSAISWNGNNTYYTESMKGCFTISRDNAKNTLYLQMNSLRPEDTAVYYCVKGSTAIVGVPPTYPDEYDYWGQGTLVTVSS
seq16857,EVQLVESGGGLVQAGGSLRLSCAVSGRTSSRYVMGWVRQAPGKEREFLAAISWSAGYTFYRDSVKGRFTISRDNAKNTVYLQMNSLKPEDTAVYYCNADENGLGRKRGFGSWGQGTQVTVSS
seq16858,QVQLQESGPGLVKPSQTLSLTCTVSGGSITSRYYAWSWIRQPPGKGLEWIGVIDYDGDTYYSPSLKSRVTISWDTSNNQFSLQLSSVTPEDTAVYYCARDPDVVTGFHYDYWGQGTLVTVSS
seq16859,EVQLVESGGGLVQPGGSLRLSCAASGRTFRSYPMGWFRQAPGKGREFVASITGSGGSTYYADSVKGRFTISRDNAKNTLYLQMNSLRPEDTAVYYCAAYIRPDTYLSRDYRKYDYWGQGTLVTVSS
seq16860,QVQLVESGGEAVQTGGSLRLSCAASGRTFSTYLMGWFRQAPGKEREFVAAISWIGGSTYYADSVKGRFTISRDYAENTLYLQMNSLKPEDTAVYYCAATFKWEVTTTPDGYDYWGQGTQVTVSS
seq16861,QVQLQESGGGLVQAGGSLRLSCAVSGRTFSSYAMGWFRQAPGKEREYVAAINRFSGTYYADFVKGRFTISRDNAKNTVYLQMNSLKPEDTAVYYCAASRILGLSTAREDYNYWGQGTQVTVSS
seq16862,EVQLVESGGGLVQPGGSLRLSCAASGSIFSSNAMAWYRQAPGKQRELVAAINSVGVTKYADSVKGRFTISRDNSKNTVYLQMNSLRPEDTAVYYCTSDPRRGWDTRYWGQGTLVTVSS
seq16863,EVQLVESGGGLVQTGGSLRLSCAASGSTFSRAVMGWFRQAPGKEREFVARITWNGGSAYYGDSAKGRFTISRDNAKTTAYLLMNSLQPEDTANYFCAARMRPVSDSSSGQESFYDYWGQGTQVTVSS
seq16864,QVQLQESGGGLVQAGGSLRLSCAASGSIFTSDVGWNRQAPGSVREVVARMTSAGTTIYGDDVMGRFTISRDNAKSTVYLQMNSLLPEDTGVYYCGVGRFWGQGTQVTVSS
seq16865,QVQLQESGGGLVQAGGSLRLSCAASGRTFSSYAMGWFRQAPGKEREYVAGINRFGGTYYADFVQGRFTISRDNAKNTVYLQMNSLKPEDTAVYYCAASRILGLTTVREDYNYWGQGTQVTVSS
seq16866,EVQLVESGGGLVQAGGSLGLSCSASGLLFSRNSAGWYRRAPGKQREFVARIRMGGSINYADSVKGRFTTSRDNAKNTIYLQMNSLKPEDTAVYYCSSWREGFYEYWGQGTLVTVSS
seq16867,EVQLVESGGGLVQPGGSLRLSCAASGATFDDYAIGWFRQAPGKEREGVSYIGCNDGATYYAGSVKGRFTISCDYAKNTVYLQMNSLKPEDTAVYYCAAAAQWATIRWIHEYDYNIWGQGTQVTVSS
seq16868,EVQLVESGGGLVQPGGSLRLSCAASGRTFSDDAMGWFRQAPGKEREFVAAIHWSGSSTRYADSVKGRFTISADNSKNTAYLQMNSLKPEDTAVYYCATDPPLFWGQGTLVTVSS
seq16869,MAESGGGSVQTGGSLRLSCAYTASSLCMAWFRQAPGKEREGVAVTREGLPKTGYADSVKGRFAISQDYAKKTLYLQMSSLKPEDTARYYCAARPTSPCTVDGELLASTYDYWGQGTQVTV
seq16870,QVQLQESGGGLVQPGGSLRLSCAASGFTFSDAFMYWVRQAPGKELEWVSSISNRGLKTAYAESVKGRLTISRDNTKNTLYLEMNSLKPEDTGMYYCSRDVGGDLRGQGTQVTVSS
seq16871,VKLEESGGGLVQAGGSLRLSCVASGNVFGIDAVGWYRQAPGKQRELVAATTTSGSSTNYADSVKGRFTISRDIAKNTVYLQMDSLKPEDTAVYYCYARPKQATLIRDDYWGQGTQVTVSS
seq16872,EVQLVESGGGLVRAGGSLRLSCAASGRAFSNYAMGWFRRAPGRERELVGAITWSGGGTYYADSVKGRFTISRDNAKSTVYLQMNSLKPEDTAVYSCAAPRYERMMSRLEVDYGYWGQGTQVTVSS
seq16873,QLQLVESGGGLVQAGGSLRLSCVASGTFFSTKTMAWYRQAPGNQREWIATISPDGTTRHADSMKGRSTISRDNAKKVVYLQLDSLKPEDTAAYYCRDISRDLWGQGTQVTVSS
seq16874,QVQLQESGGGVVQAGDSLRLSCVASGRTFSSLDMGWFRQAPGKEREFVAGISRSGISQYYANSMKGRFTISRDNAKNLVYLQMNSLKPEDTAVYYCAAALTFRGSDLPRDSNYWGQGTQVTVSS
seq16875,EVQLVESGGGLVQAGGSLTISCAASGITFSDSIVSWYRRARGKQREWVAGISNGGTTKYAESVLGRFTISRDNAKNMVYLQMNGLNPEDTAVYLCKVRQYWGQGTQVTVSS
seq16876,QVQLQQSGGGSVQAGGSLRLSCVASGSGFSASLMSWHRQAPGSQRDLVASITRDGRANYVDSVKDRFTISRDNAKNTAYLQMDSLKPEDTAAYYCHAYSFDYPIRSYWGQGTQVTVKP
seq16877,VQLVESGGGSVQAGGSLRLSCTASGFTVSSNELGWFRQAPGQERWAVAAISGGSTYYADSVKGRFTISRDNAKNTVTLQMNNLKPEDTAIYYCGRRLKDWGQGTQVTV
seq16878,EVQLVESGGGLVQPGGSLRLSCAASGRTFSDAGMGWFRQAPGKEREFVAAISRSGNLKAYADSVKGRFTISADNSKNTAYLQMNSLKPEDTAVYYCAVQVNGTWAWGQGTLVTVSS
seq16879,QVQLVESGGGLVQARGSLRLSCTASGRTIGINDMAWYRQAPGNQRELVATITKGGTTDYADSVDGRFTISRDNAKNTVYLQMNSLKPEDTAVYYCNTKRREWAKDFEYWGQGTQVTVSS
seq16880,EVQLVESGGGLVQAGGSLRLSCAASGSDFSIKAMGWYRQAPGKQRELVARITSGGSTVYADSVKGRFTISRDNAKNTVYLQMNSLKPEDATVYYCNAIVTYSDYDLGNDYWGQGTQVTVSS
seq16881,AVQLVDSGGGLMQAGGSLRLSCAASGRTFGTWAMGWFRQAPGKEREFVAAISYNGFSTYYSDAVKGRFTISRDNAKNTMYLQMDSLIPEDTAVYYCAAGPIARWYRGDMDYWGKGTQVTVSS
seq16882,EVQLVESGGGSVQAGGSLRLSCEVSELIGDTYCLGWFRQAPGKEREGVCSINTFGNAYYADSVKGRFTISQDNAEKKVFLEMNSLKPEDTATYYCAYVFTSLRCSRWLQYSSPQNTYWGQGTQVTVSS
seq16883,EVQLVESGGGLVQAGGSLTLSCAVSGLTFNNYAMGWFRQVPGKEREFVAAISRSGLRTFYSDSVKGRFTISRDSAKSTVYVQMNNLKPEDTAVYFCAADRRTYYSEGPSLTDTLRYDYWGQGTQVTVSS
seq16884,RVQLQASGGGLVQAGGSLRLSCAASGRTLSSYAMGWFRQAPGKDREFVAAISWSGTRTSYADSVKGRFTISRDNAKNTVYLQMNSLKPEDTAVYYCAMRSMRSNLYTVYEAPHDYDYWGQGTQVTVSS
seq16885,QVQLVESGGGLVQPGGSLRLSCAASGYTYSSYCMGWFRQAPGKEREGVAAIDSDGRTSYADFVKGRFTISKDNSKNTLYLQMNSLRAEDTAVYYCATEQRIGGSWYDLCGGADFGYWGQGTLVTVSS
seq16886,VQLQESGGGSVQAGGSLTLSCEASGNTYSTNYMGWFRQAPGKEREEVAVIYTRGGHTYYVDSVRGRFTISQDNAKNTVYLQMNSLKPEDTAMYYCAAASRHRLRLNNPRDYDYWGQGTQVTVSS
seq16887,VQLQESGGGSVQAGETLRLSCTASGFTFDDSDMGWYRQAPGNECELVSTISADGSTFYADSVKGRFTISQDNAKNTVYLQMNSLKPEDTAVYYCASPENEYELGTCEALDYWGQGTQVTVSS
seq16888,EVQLVESGGGLVQAGGSLRLSCAASGFTFSIYAMGWFRQAPGKEREWVSTISWSGGNTYYADSVKGRFTISADNAKNTVYLQMNSLKPEDTAVYYCATRPRFRRYDSWGQGTQVTVSS
seq16889,QVQLVESGGGLVQPGGSLRLSCAASGFTFSSYWMYWVRQAPGKGLEWVSAINTGGGSTYYADSVKGRFTISRDNAKNTLYLQMNSLKPEDTALYYCARGPGYSGSYIEGWAYWGQGTQVTVSS
seq16890,EVQLVESGGGLVQAGGSLRLSCAASGRTFSSNPMGWFRQAPGKEREFVAAISWSGGGTYYADSVKGRFTISRDNAKNTVTLQMNSLKPEDTAVYYCASRDYSDPISLWVEGREYDYWGQGTLVTVSS
seq16891,EVQLLESGGGLVQPGGSLRLSCAASGRTFNNYNMGWFRQAPGKGREFVAAVSRSGVSTYYADSVKGRFTISRDNSKNTVYLQMNSLRPEDTAVYYCAAAYRGTAINVRRSYSSWGQGTLVQVSS
seq16892,EVQLVESGGGLVQPGGSLRLSCAASGLTLDYYALGWFRQAPGKEREGVSCISSVDHSTTYADSVKGRFTISWDNAKNTVYLQMNSLKPEDTAVYYCAADPALGCYSGSYYPRYDYWGQGTQVTVSS
seq16893,VQLQESGGGSVQTGGSLRHSCAASTSIYSNNYMAWFSQAPGKGREGVAAVYIDDGRPYYADSVKGRFTISLDSAKNTVYLQMNSLKPEDTAMYYCAAAPGPLSHNYWYTSANYDYWGQGTQVTVSS
seq16894,LQLVESGGGLVQTGGSLRLSCAASGRTFSNYAMDYAMGWFRQAPGKEREFVAAISWSGGSTYGADSVKGRFTISRDNAKNTVYLQMNSLKPEDTAVYYCAAGEVGAFYSDYDLYDYWGQGTQVTVSS
seq16895,VQLQESGGGSVQDGGTLQLSCEDSKWSYTYYCMGWFRQAPGKEREPVAHIDSEGTVAYADTVKGRFTISRGDAKHRVYLQMNNLKADDTAIYYCAANGGYCLRPRQLAADYEYWGQGAQVTVSS
seq16896,DVQLVESGGGLVQPGGSLRLSCAASRSIGRLDRMGWYRHRPGKPRELVATITGGSSINYADSVKGRFTISIDNSKNTVYLQMNNLRPEDTAVYYCNFNKYVTSRDTWGQGTLVTVSS
seq16897,QVQLVESGGGLVQTGGSLRLSCVGSGISLTKDMMAWYRQAPGKQRELVATIPVVGGGRPTYEDSVKGRFTISRDNAKNTVYLEMNSLKPEDTGDYYCQRPSAWLAWGQGTQVTVSS
seq16898,QVQLVESGGGLVQPGGSLRLSCVASGNMFGINTMGWFRAAPGKERQFVAADNFSGGRKNIDFSVRGRFTMSRDAASNTIYLQMNSLKVEDTAVYYCAAGANTMMIVADNYEYWGQGTQVTVSS
seq16899,GSLRLSCAASGRTFSMSAVGWFRQAPGKEREFIALISWTVGRPYYADSVKGRFTISRDNAKNTMYLQMNSLKPEDTAVYYCAARRAGYSRVPTREYDYDYWGQGTQVTVSS
seq16900,QVQLQESGGGLVQPGGSLRLSCAASGRINSINTMGWYRQAPGNQRELVAEITRGGTTNYADSVQGRYAISRDNAKNLVYLQMNSLKPEDTDVYYCNAQTFPTFSRPTGLDYWGQGTQVTVSS
seq16901,EVQLVESGGGLVQAGDSLRLSCAASGRTFTTYVMGWFRQAPGKEREFVATIAWSGSTNYKYYADSVKGRFTISRDNAKNTVYLRMNSLKPEDTAVYYCAASTVLTDPRRLNEYANWGQGTLVTVSS
seq16902,QVQLQESGGGLVQAGGSLRLSCAASGSIFSINVIGWYRQVPGKERELVANSGSTTKYADSVKGRFTISRDNAKNTVDLQMNSLKPEDTAVYYCNAVVTSRTSLGLRSYVYWGQGTQVTVSS
seq16903,QVQLQESGGGLVQPGGSLRLSCAASGFTLDGYAIGWFRQAPGKEREGVSCISSSGKSTNYADSVKGRFTISRDNQQNTVYLQMNSLKPEDTAVYYCAATVGLFCVGGTYGMDYWGKGTQVTVSS
seq16904,QVQLQESGGGLVQAGGSLRLSCAASGFIFRAASMGWFRQSPGNERELVATVSSGDFTNYADSVKGRFTISRDNAKNTVYLQMNSLKPEDTAVYFCGATFVRSDGHHTIYGQGTQVTVSS
seq16905,EVQLVESGGGLVQAGGSLRLSCAASGRTFSSYAMMGWFRQAPGKEREFLAIITDGSKTLYADSVKGRFTISADNAKNTVYLQMNSLKPEDTAVYYCAAQFILARHLVWGQGTQVTVSS
seq16906,QVQLQESGGGSVQAGGSLRLSCARSGYINCMAWFRQAPGKEREGVAAIYSGTGSTTYADPVKGRFTISRDNAKNTVYLRMNSLKPEDTAMYYCAAKGLTSGACNTALYGYVNWGQGAQVTVSS
seq16907,EVQLVESGGGLVQPGESLRLSCAFSGIVFEFYDMGWYRQAPGKQRELVANIASRGSTDLADSVKGRFTISRDNAQKKIDLQMNGLGREDTAVYYCNAQYGSREYWGQGTQVTVSS
seq16908,DVQLVESGGGSVPAGSLRLSCAVSGYTYENRYMAWFRQAPGKEREGVAAIWRGGNNPYYADSVKGRFTISQDNAKNIVSLLMNSLKPEDTAIYYCAAQAGRFSGPLYESTYDYWGQGTQVTVSS
seq16909,EVQLVESGGGLVQPGGSLTLSCVASGSTSLSNAVGWYRRAPGKQRELVAGISSDGSKVSAESVKGRFTISRDNAKNSVYLQMNSLRAEDTAVYYCYYFRAESGSSMGYWGQGTLVTVSS
seq16910,QVQLQESGGGLVQAGGSLRLSCAASGTISYTTRMGWYRQAPGKEREFVAAIAGGGSTNYADSVKGRFTISRDNAKNTVYLQMNSLKPEDTAVYYCAATTQRSKHGLRLRALLYWGQGTQVTVSS
seq16911,QVQLQESGGGSVQPGGSLKLSCAASGFTFNWYTMAWYRQVPGEERKMVATITGASGDTKYADSVKGRFTISRDNAKNTVTLQMNSLKPGDTAVYYCHAYLTYDSGSVKGVNYWGQGTQVTVSS
seq16912,EVQLVESGGGLVQPGGSLRLSCAASGFTFGSYDMSWVRRSPGKGPEWVSAINSGGGSTYYTDYVKGRFTISRDNAKNTLYLQMNSLKPEDTAVYYCAADRYIWARQGEYWGAYAYDYWGQGTQVTVSS
seq16913,EVQLVESGGGLVQPGGSLRLSCAASGFTFGSYDMSWVRRSPGKGPEWVSSINSGGGSTYYADYVKGRFTISRDNAKNTLYLQMNSLKPEDTAVYYCAADRYIWARQGEYWGAYEYDYWGQGTQVTVSS
seq16914,EVQLVESGGGLVQAGDSLRLSCAASGRTFTMGWFRQAPGKEREFVAFISGSGSVTNYTDSVKGRFTISRDHAKNTVFLQMNSLKPEDTAVYYCAAYLRGPYYSSFYDSTKYEYWGQGTQVTVSS
seq16915,EVQLVESGGGLVQAGESLRLSCATSGITFKRYVMGWYRQGPGKQRELVATVNDGGTTSYADSVKGRFAISRDNAKNTAYLQMNSLKAEDTAVYYCNAVWKLPRFVDNDYWGQGTQVTVSS
seq16916,DVQLVESGGGLVQPGGSLRLSCAASGRTFSSIYAKGWFRQAPGKEREFVAAISRSGRSTSYADSVKGRFTISRDNAKNTVYLQMNSLRPEDTAVYYCAAVGGATTVTASEWDYWGLGTLVTVSS
seq16917,QVQLVQSGGGLVQAGGSLRLTCTASGRTVSNYAMGWFRQTPGKDREFVAALNWSGDTTSYADSVRGRFTISRDNTRNTVYLQMDSLKREDTAVYYCAAAQSFRRGGAPYGDNYWGQGTQVTVSS
seq16918,DVQLVESGGGVVQPGGSLRLSCAASGSIASIHAMGWERQAPGKEREEVAVITWSGGITYYADSVKGRFTISRDNSKNTVYLQMNSLRPEDTALYYCAGDKHQSSWYDYWGQGTLVTVSS
seq16919,QVQLQEFGGGVVQSGGSLRLSCVASGNIFRINAMGWYRQAPGKQRELVAHIISGGSTNYADSVKGRFTISREYAKNMVYLQMNSLKPEDTAVYYCNAQTRLWSYWGQGTQVTVSS
seq16920,QVQLQESGGGLVQAGGSRRLSCAASGRTFINYAMGWFRQAPGKEREFVAAISTSGSNTYLADSLKARFTISRDNAKNTVYLQIRSLNPEDTAVYYCAARLSFDDSAYYTSTLRYAYWGQGTQVTVSS
seq16921,EVQLVESGGGLVQPGGSLRLSCAASGSVHKINFLGWYRQAPGKERGLVATITIGDTTDYADYAKGRFTISRDEARNMVYLQMNSLKPEDTAVYFCRAGSRLYPYNYWGQGTQVTVSS
seq16922,EVQLVESGGGLVQAGGALGFTCSDSRLLFSRNSAGWYRQAAGKQREFVARIRMGGSINYGDSVKGRFTVSRDIAKNTMYLRMNDLKPEDTAIYFCSSWREGFYEYWGQGTQVTVSS
seq16923,GGGLVQAGGSLRLSCAAFGSTSSITYMAWFRQAPEKQRELVAEMSRRGSTFYADSVKGRFTIYRDNTKNTVYLQMNSLEPEDTAVYYCSVGARRDEDDYVYWGQGTQVTVSS
seq16924,EVQLVESGGGEVQPGGSLRLSCAASGSILSINAMGWYRQAPGKQREMVAGFTGDTNTIYAESVKGRFTISRDNAKNTVYLQMSSLRAEDTAVYYCAADVQLFSRDYEFYWGQGTLVTVKP
seq16925,EVQLMESGGGLVQPGDSLKLSCAFSGRTFSSYSMGWFRQAQGKEREFVVAISSSGGYIYDSVSLEGRFTISRDNTKNTVYLQTPSLKPEDTADYYCAASRAYGSSRLRLADTYDYWGQGTQVTVSS
seq16926,EVQVVESGGGLVQAGGSLRLACVASRSIGSINVMGWYRQAPGKQRDLVARITGGGSTHYAESVKGRFTISRDNAKNTVYLQMNSLEPEDTAVYYCASMVNPIITAWGTIGVREIPDYDYWGQGTQVTVSS
seq16927,EVQLVESGGDLVQPGGSLGLSCAASGSIFSINDMGWFRQAPGKQRELVADIISRGVTNYADSVKGRFTISGDPAKNTVYLQMNSLKPEDTAVYYCNAHISTGWGRPHNNYWGQGTQVTVSS
seq16928,EVQLVESGGGPVQAGDSLRLSCAASGRAYRGYSMGWFRQVPGKEREFVAAIVWTDGNAYYEDSVKGRFTISRDITKNTMYLQMTSLKPEDSATYYCAAKIRPYIFKIAGQYDYWGQGTLVTVSS
seq16929,QVQLQESGGGLVQAGDSRILSCTASGRTFGRPFRYTMGWFRRAPGKEREFVGGITRSGNNIYYSDSVKGRFTISRDNAKNTVYLQMNSLKPEDTAVYYCNADWGWRNYWGQGTQVTVSS
seq16930,QVQLQESGGGLVQAGGSLRLSCAASGSIFSINVMGWYRQAPGKQRDLVALITSGGSTTYADSVKGRFTISRDNAKNTVYLQMNSLKPEDTAVYYCNAAQSRTSWLFPDEYDYWGQGTQVTVSS
seq16931,QVQLVESGGGLVQPGGSLRLSCAASDSIDSLVNMGWYRQAPGKQRELVALIANYITHYADFVKGRFTISRDAAKNTVNLQMSSLKPEDTAVYYCYARNIIVDYWGQGTQVTVSS
seq16932,QVQLQESGGGLVQIGGSLRLSCAASGRTFSSYFMAWFRQAPGKEREFVAAIGWSGADTYYEDSVKGRFTISRDNANKMVYLQMNSLKPEDTAVYYCASGRGSTWSTSTYSIRGQGTQVTVSS
seq16933,EVQLVESGGGLVQPGDSLKLSCAFSGRTFSSYSMGWFRQAQGKEREFVVAISSSGGYIYDSVSLEGRFTISRDNTKNTVYLQTPSLKPEDTAVYYCAASRAYGSSRLRLADTYDYWGQGTQVTVSS
seq16934,QVQLQESGGGVVLAGGSLRLSCTVSGFTFEDYAIGWFRQAPGKERERVGCISGSDGRTRYGKAVQGRVSVSKDNAKSTIYLQMNNLDDNDTAVYYCAASPWGGEVYGTPPCLHQGMIYWGKGTQVTVSA
seq16935,EVQLVESGGGSVQAGESLRLSCAASGSIFSSNAMAWYRQAPGKQRDLVASIDSVGITKYRDSVKGRFTISRDNAKNTVYLQMNSLKPEDTAVYYCTSDARRGWDTRYWGQGTQVTVSS
seq16936,EVQLVESGGDLVQAGGSLRLSCAASGFTFGDFTIGWFRQAPGKEREGVSCINTGDGSTNYAESVKGRFTISSDNAKNTVYLQMNSLKPEDTAVYYCALDQAPMWSSWSAPYEYDYWGQGTQVTVSS
seq16937,EVQLVESGGGLVQPGGSLRLSCAASGFTFDRSWMGWFRQAPGKERELVASVTSGGTTNYADSVKGRFTISADNSKNTAYLQMNSLKPEDTAVYYCAADVWYGSTWRNWGQGTLVTVSS
seq16938,EVQLVESGGGLVQPGGSLTLSCVASGSTSSINAMGWYRRAPGKQRELVAGISSDGSLVYADSVKGRFTISRDNAKNSVYLQMNSLRAEDTAVYYCYYFTTVSGSSMRYWGQGTLVTVSS
seq16939,EVQLQESGPGLVKPSQTLSLTCTVSGGSITTRYYAWSWIRQPPGKGLEWIGVIDYDGDTYYSPSLKSRTTISVDTSKNQFSLKLSSVTPEDTAVYYCARDPDVVTGFHYDYWGQGTMVTVSS
seq16940,VQLVESGGGLVQPGGSLRLSCAASGFSFSRSGMSWGRQAPGKGFEWVSRISSGGATWYADSVKGRFSISRDNAKNTVYLQLDSLKTEDTGMYYCAASDRSGSTYRGQGTQVTVSS
seq16941,DVQLQASGGGLVQAGGSQRLSCAASGHTFSSYSMAWFRQAPGKEREFVAANSMSGTKTAYSDSVKGRFTISRDIPKNTVYLQMNSLKPEDTALYYCAAVDRSTGWDSWRDDPDQYDYWDQGTQVTVSS
seq16942,QVQLVESGGGSVQAGGSLRLSCAVSGDTGTGYCMGWFREAPGKEREEIVALYTGGGVTWYADSVRGRFAASQDNAKNTVSLQMNSLESEDTAMYYCAAADSCVTFARVQGGTLDYSSIPYWGKGTLVTVSS
seq16943,EVQLVESGGGLVQPGGSLRLSCAASGRALDTYTVTWFRQTPGKTREFVASVRWNAKPYTTDSVKGRFTISRDNAKNTVYLQMNSLKPEDTAVYYCAADPTTWADGPYRYWGQGTQVTVSS
seq16944,EVQLVESGGGLVQPGGSLTLSCVASGSSFSITSMAWYRQAPGKQRDLVAAITSFGSTNYADSVKDRFTISRDNAKNSVYLQMNSLRAEDTAVYYCNGRVFDHVYWGQGTLVTVSS
seq16945,QLQLVESGGGLVQPGGSLRLSCAASGEISSDAMAWYRQAPGKQRELVAGMTRGGSTNYADSVKGRFTISRDFAKNTVDLQMNSLKPEDTAVYYCNAEIYTGTFYPRSYWGQGTQVTVSS
seq16946,EVQLVESGGGLVQAGDSLRLSCTASGRTFSSHTMAWFRQAPGKEREFVGTIVRIFGDTYYADSVKGRFTISRDNAKNTVYLQMNSLKPEDTAVYYCAAALRGTSSDWRAAATYDDWGQGTQVTVSS
seq16947,QVQLQESGGGLVQAGGSLRLSCAASGSIFAINEINLMGWYRQAPGKQRELVAACASDGNTYYADSVKGRFTISRDNAEKTVYLQMNNLKPDDTAVYYCDANSRGNYYSGQGTQVTVSS
seq16948,EVQLVESGGGEVQPGGSLRLSCGPSEIITSDKSMGWVRQAPGKQRNLVAGISNVGSTNYAQSVKGRFTISRDNAKNTLYLQMSSLRAEDTAVYYCYARDFENEYWGQGTLVTVKP
seq16949,EVCLVESGGGLVQPGGSLRLSCAASGFTFDDYGMSWVRQAPGKALEWVSAISWNGNNTYYTESMKGRFTISRDNAKNTLYLQMNSLRPEDTAVYYCVKGSTAIVGVPPTYPDEYDYWGQGTLVTVSS
seq16950,QVKLEESGGGLVQAGGSLRLSCVASGRTFSRTAMAWFRQAPGKEREFVATITWNSGTTRYADSVKGRFFISKDSAKNTIYLEMNSLEPEDTAVYYCAATAAAVITPTRGYYNYWGQGTQVTVSS
seq16951,QVQLQESGGGLVQAGGSLRLSCAASSRTFSNYAMAWFRQTPGKEREFLATINGDTTFTIYADSVKGRFTISRDNAKNTLYLQMNSLKAEDTAVYYCAARQWNPTMRERDYGYWGQGTEVTVSS
seq16952,EVQLVESGGGLVQAGGSLRLSCAASRSIGRLDRMGWYRHRTGEPRELVATITGGSSINYGDFVKGRFTISIDNAKNTVYLQMNNLKPEDTAVYYCNFNKYVTSRDTWGQGTQVTVSS
seq16953,QVQLQESGGGLVQAGGSLRLSCAASGNIAYIYTMDWYRQAPGKQRELVATSTHDGSTDYADSVKGRFTISRDNAKNTVYLQMNSLKPEDTAVYYCNADLRTPVDLIRANYWGQGTQVTVSS
seq16954,EVQLVESGGGLVQAGGSLRLSCAASGRTYDAMGWFRQAPGKEREFVAAISGSGEDTYYADSVKGRFTCSKDNAKDTMYLQMNSLKPEDTAVYYCATRRGLYFITDSNDYENWGQGTQVTVSS
seq16955,VKLQQSGGGLVQPGGSLRLSCAASESTISINTLGWYRQAPGNQRELVATITTGGTTNYADSVKGRFTISRDNAKNTVYLQMNNLEPGDTAVYYCNLKRRDLQSRFGGYWGQGTQVTVSS
seq16956,QVQLQASGGGLVQPGGSLRLSCAASGFTFDDYAMSWVRQAPGKGLEWVSAITWNVGTIYYAESMKGRFTISRDNAKNTLYLQMNSLKSEDTAMYYCARDGIAPRRYYEMADWGKGTLVTVSS
seq16957,QVQLQESGGGLVQAGGSLRLSCAASGFSFDDYTIGWFRQVPGKEREGISCISSDGSTGYADSVKGRFTISSDNAKNTVYLQINSLKPEDTAVYYCAADFNVWSPPICGSIWYGPPPGGMDYWGKGTQVTVSS
seq16958,HVQLVESGGGSVQAGGSLRLSCAASGFRYAAYCMGWFRQADGKVREGVATIDIDGQTTHADSVKGRFTISRDNAKNTLSLQMNDLKPEDTAMYYCAADRDRCGSIWTYAYKYRGQGTLVTVSS
seq16959,QVQLQESGGGLVQAGDSLRLSCAVSGGTFGRVGVGWFRRAPGKEREFVAAVNWSGISTFYADSVKGRFTISRDDNKHTVDLRMNSLKPEDSAVYFCATDFRFNVPMNGTEYDYWGQGTQVTVSS
seq16960,EVQLVESGGGLVQPGGSLRLSCAASGSIFKINVMAWYRQAPGKGRELVAAIINGGTTSYADSVKGRFTISRDNAKNTLYLQMNSLRPEDTAVYYCAFVTTNSDYDLGRDYWGQGTLVTVSS
seq16961,EVQLVESGGGSVQAGGSLRLSCAASVYSYNTNCMGWFRQAPGKEREGVAVIYAAGGLTYYADSVKGRFTISQENGKNTVYLTMNRLKPEDTAMYYCAAKRWCSSWNRGEEYNYWGQGTQVTVSS
seq16962,EVQLVESGGGLVQPGGSLRLSCAASGFALDYYAIGWFRQAPGKEREGVSCISSSGGITYYADSVKGRFTISRDNSKNTVYLQMNSLRPEDTAVYYCATDSGGYIDYDCRGLGYDYWGQGTLVTVSS
seq16963,QVRLVESGGGSVQAGGSLRLSCAASGYTYSSYSSNCLGWFRQAPGKEREAVARIYPNSGSTYYADSVKGRFTISQDNAKNTVYLQMNSLKPEDTAMYYCAVAVGVGDNWCASGAAYFGYWGQGTQVTVSS
seq16964,EVQLVESGGGLVQPGGSLRLSCAASGGTFSFYGMGWFRQAPGKGQEFVADIRTSAGRTYYADSVKGRFTISRDNSKNTLYLQMNSLRPEDTAVYYCAAEMSGISGWDYWGQGTLVTVSS
seq16965,EVQLVESGGGLVQPGGSLRLSCVHSGTISSTHAMGWYRQAPGKQREHVATFTNRGSTYYAGSVKGRFTISRDNAKNTMYLQMNSLKPEDTAVYYCNTGPYWGQGTQVTVSS
seq16966,EVQLVESGGGLVQPGGSLRLSCAASGFTFGSYDMSWVRRSPGKGPEWVSSINSGGGSTYYADFVKGRFTISRDNAKNTLYLQMNSLKPEDTAVYYCAADRYIRARQGDYWGAYEYDYWGQGTQVTVSS
seq16967,QVQLKESGGGSVQAGGSLRLSCTASGYTYRYLYMGWFRQTPGKEREGVACIYTGSGSTGYADSVKGRFTISQDNAKNTVYLQMNNLKPEDTAMYYCAASSPRWGGTCRRWSQYNYWGQGTQVTVSS
seq16968,EVQLVESGGGLVQPGGSLRLSCAASGFTFSSYAMYWVRQPPGKGPEWVSRISAGGGSTYYGDSVKGRFTISRDNAKNTLYLQMNSLKTEDTAVYYCANRAGWGMGDYWGQGTQVTVSS
seq16969,EVQLVESGGGLVQAGGSLRLSCAASGFTLDDYAIGWFRQAPGKEREGVSAIRDSDGSTYYADSVKGRFTISSDNDKNTVYLQMNSLKPEDTAVYYCAAVPAGRLRFGEQWYPLYEYDAWGQGTLVTVSS
seq16970,EVQLVESGGGLVQPGGSLRLSCAASGFNLDDYAIGWFRQAPGKEREGVACASSTDGSTAYADSVKGRFTVSRDNAKNTVYLQMNSLKPEDTAVYYCAADPSDPFCPGLYYGMDYWGKGTLVTVSS
seq16971,DVQLVESGGGLVQAGGSLRLSCESSISTFSSDAMGWFRQAPGKEREFLAAIGWSGAVTHYSDSVQGRFTISRDNAKNTVYLQMNSLRAEDTGRYYCAEDYDTDVWQYWGQGTQVTVSS
seq16972,EVQLVESGGGLVQPGGSLRLSCAVSISIFDIYAMDWYRQAPGKQRDLVATSFRDGSTNYADSVKGRFTISRDNAKNTLYLQMNSLKPEDTAVYLCHVSLYRDPLGVAGGVGVYWGKGALVTVSS
seq16973,GSVQAGDSLKLTCTASARIFTITRAEFFRKSPGKQRETVGTISRGGGGEYYALSVRGRFSISIDNNKKMVSLEMARLNIEDTGIYTCHVWGSPDIGDIVLPEYEYWGQGTQVTVIS
seq16974,EVQLVESGGGLVQAGGSLRLSCVLSGGTFSDAAMGWFRQPPGKEREFVAAISWSAGPTTHYADSVKGRFTISRDDAKNTVYLQMNSLKPEDTGVYYCAAQFRVGWVHLSNEYDYWGQGTQVTVSS
seq16975,QVQLQESGGGLVQPGGSLRLSCAASGFTFSSDAMSWVRQAPGKGLEWVSSINSGGGSTNYADSVKGRFTISRDNAKNTLYLQMNSLKPEDTAVYYCAESDYGYGYGLAYTYDYWGQGTQVTVSS
seq16976,EVQLVESGGGLVQAGGSLRLSCADSGRTFSSYAMGWFRQAPGKEREFVAGVNWSGDSTYYADSVKGRFTISRDNAKNTVYLQMNSLKPEDAAVYYCAADPVGRADLYEYDYWGQGTQVTVSS
seq16977,QVQLQESGGGLVQPGGSLRLSCAASGSIFSINTMAWYRQAPGKERDLVAAIISSGSTNYADSVKGRFTISRDNTKNTVYLQMNSLKLEDTAVYYCNAAIRRSVIDAWGAYWGQGTQVTVSS
seq16978,QVQLQESGGGLVQAGGFLRLSCAASGRSFNTYAMGWFRQAPGKEREFVAGITRSGTATDYADSVKGRFTISRDNARNTVYLQMNRLKSEDSAVYYCAAHASYDRMIYSEYKYWGQGTQVTVSS
seq16979,QVQLVESGGGLVQTGRSLRLSCAASGRTSRSYGMGWFRQAPGKEREFVSGISWRGDSTGYADSVKGRFTISRDNAKNSVYLQMNSLRAEDTAIYYCAAAAGSAWYGTLYEYDYWGQGTLVTVSS
seq16980,QVQLQESGGGLVQPGGSLRLSCTASGSIFSLLNMGWYRQAPGKQRELVASITSRSYTNYADSVKGRFTISRDNTKNMVYLQMNSLKPEDTAVYYCNLNPADWGRLRNWGQGTQVTVSS
seq16981,LQQSGGGLVQPGGSLRLSCAASGNAFRINALGWYRQAPGKQRELVALIASNGNTHYVDSVKGRFTISKDNAKNTVYLQMSSLKPEDTAVYTCAVDNNPIVYRPNDYWGQGTQVT
seq16982,QVQLVESGGGLVQPEGSLRLSCAASGSIFSIYAMGWYRQAPGKQRGLVAAITSGGDTFYADSVKGRFTISRDNARNTVYLQMNNLKSEDTAVYDCNGAPWGDHAPLVASWGQGTQVTVSS
seq16983,QVQLVESGGGSVQAGGSLSLSCVASGSAGRQNCMAWFRQAPGKERQEIAKIWTSGTGTWYRDSVKGRFTISHDNAKNTVYLQMNSLRPEDTAMYYCTAGPCTYSDPSAPHYWGQGTQVTVSS
seq16984,QVQLQESGGGLVQPGGSLRLSCAASGFGFRFVPMGWYRQAPGKQRESVATITSGSRIINYIDSVKGRFTISRDNAKNTVYLQMNSLKPEDTAVYYCNRADVRNDYWGQGTQVTVSS
seq16985,ESGGGSVQAGGSLKLSCAASGYISSNCMGWFRQAPGKEREGVASIYRGYGNTYYTDSVKGRFTISQDNAKNTIYLQMNSLKPEDTARYYCAAVNCARWPFDREYNYWGQGTQVTVSS
seq16986,EVQLVESGGGLVQAGGSLRLSCAASGIIFGANTVGWYRQVPGKERDVVASITSVDSTYYGDSVRGRFTISRDNAKNTVYLQMNSLKPEDTAIYYCRARTTDGSYWGQGTQVTVSS
seq16987,QVQLQESGGGSVQTGGSLRLSCAASTSIYSNNYMAWFSQAPGKGREGVAALYIGDGRPYYADSVKGRFTIALDSAKNTVYLQMNGLKPEDTAMYYCAAAPGPLKHNYWYTSANYDYWGQGTQVTVSS
seq16988,DVQMQESGGGSVQAGGSLRLSCAASGDTLSTYCMGWFRQVPGKDREGVAAIYRLRDMTFYADSVKGRFTISRDNANDTVDLQMNSLKPEDTAVYYCAARCVRLFGTCQLVEDFELWGQGTQVTVSS
seq16989,QVQLQESGGGLVQAGGSLTLSCAASGSTFSSYAMAWFRQAPGKEREFVAAVSWSAGNTYYADSVKGRFTISRDNAKNTAYLQMNNLKPEDTAVYYCAADPRRYPAGTYYYTNPKDFGSWGQGTQVTVSS
seq16990,VQLQESGGGLVQPGESLRLSCAASGSIFSINAMGWYRQAPGKQRELVAAITDGGAKTYADSVKGRFTISTDNAGNTVYLQMDSLRPEDTAVYYCKAFTRGNDYWGQGTQVTVSS
seq16991,QVQLQESGGGLVQPGGSLRLSCAASGFTFSIKAMSWVRQAPGKGLEWVSTIDSGGGRRYYADSVKGRFTISRDNAKNTLYLQLSSLKTEDTAMYFCARCSDIYCYNGASYRGQGTQVTVSS
seq16992,EVQLVESGGGLVQPGGSLRLSCAASGIISSISAMGWYRQAPGKQRELVAAISTRTGWTNYADSVRGRFVISRDNAKNVVSLQMNSLKPEDTAVYYCSADRGYDGERYWGQGTQVTVSS
seq16993,VQLQESGGGLVQAGGSLRLSCAASGRTFSSYAMGWFRQAPGKEREFVAVITWSGGSPYYADSVRGRFTISRDNAKNTVYLQMNSLKPEDTAVYYCAAPVSYGSQWLADYWGQGTQVTVSS
seq16994,VQLVESGGGLVQPGGSLRLSCVASGFFFSAYDMNWFRQAPGKGLEWVSGITGNGYTTAYADSVKGRFTISRDNAKNTLYLQLNSLKSEDTAMYYCTEGDNRGQGTQVTVSS
seq16995,EVQLVESGGGLVQPGGSLRLSCAASGRTFGRRAMGWFRQAPGKEREFVAGISRGGGTNYADSVKGRFTISADNSKNTAYLQMNSLKPEDTAVYYCAAKGIWDYLGRRDFGDWGQGTLVTVSS
seq16996,QVQLQESGGGLVQAGGSLRLSCAASGRTFGINVMGWYRQAPGEERELVATVTTGGTTNYEDSVKGRFTISRDNAKKTVYLQMNRLKPEDTAVYYCNHRRSYSGRDYPVYGMDYWGKGTQVTVSS
seq16997,EVQLVESGGGLVQPGGSLRLSCAASGRTFSDDIMGWFRQAPGKEREFVAAISWSGGNTHYADSVKGRFTISADNSKNTAYLQMNSLKPEDTAVYYCATDPPLFWGQGTLVTVSS
seq16998,QVQLQESGGGLVQVGGSLRLSCADSGSTFSINNAMGWYRQAPGKRRDWVAGITSSGVTNYPDSVKGRFTISRDNAKNTVYLQMNSLKPEDTAVYYCNLWPPRASPSGRIYWGQGTQVTVSS
seq16999,VQLVESGGGVVQPGGSLRLSCAASDSIDSLVNMGWYRQAPGKQRELVALIARYITHYADFVKGRFTISRDNSKNTLYLQMNSLRAEDTAVYYCYARNIIVDYWGQGTLVTV
seq17000,QVQLVESGGGLVQPGGSLRLSCAASGFTLDYYAIGWFRLAPGKEREGVSCISSSGGSTNYADSVKGRFTISRNNAKNTVYLQMNSLKPEDTAVYYCALGVGDGSSCPDSAYEYAYWGQGTQVTVSS
seq17001,EVQLVESGGGLVQAGGSLRLSCAASGPTFSSYAMGWFRQAPGKDREFVAAISSNGGSTRYADSVKGRFTISRDSAKNTAYLQMNSLKLEDTAVYYCAADETTGWVQLADFRSWGQGTQVTVSS
seq17002,QVQLVESGGGLVQPGGSLRVSCAASGFIFSSYYMSWVRQAPGKGLEWVSSISTGGGSTYYADSVKGRFTISRDNAKNTLYLQMNSLKPEDTALYYCAKSYAGRLGIRMSAYDYWGQGTQVTVSS
seq17003,EVQLVESGGGLVQPGGSLRLSCAASGSIFKVNAMGWYRQAPGKGRELVAGIISGGSTNYADSVKGRFTISRDNAKNTLYLQMNSLRPEDTAVYYCAFITADTDYDLGKRYWGQGTLVTVSS
seq17004,EVQLVESGGGLVQPGGSLSLSCAASGREYNSMGWFRQPPGKEREFVAAISWDGRSTYYADSVKGRFTISRDNAKNTVYLQMDSLKPEDTAVYHCAAARTVAYGSWLGRISYDYWGQGTQVTVSS
seq17005,EVQLVESGGDLVQTGGSLRLSCAASGITVSDRAMGWYRQAPGKQREMVAGVSRGGMTSYADSVKGRLTISRDNAKNSVYLQMNSLNPEDTAVYYCSAYYRYGSSVPQYWGQGTQVTVSS
seq17006,ESGGGSVQAGGSLRLSCAAPRSTYTSNCMGWFRQAPGKEREEVASIYTGGDITYYADSVKGRFTMSQDNARSTVYLQMNSLKPEDTAMYYCAAGRGSWSCGSGPDEYKYWGQGTQVTVSS
seq17007,QVQLQESGGGLVQAGGSLRLSCAVSGNTLSRYAMGWFRQTPGKEREFVAAIRWNEGATYYADAVEGRFTISRDTGKNTVYLQMNNLKPEDTAVYYCAGRFLGYASSNAYHEALYNYDYWGQGTQVTVSS
seq17008,EVQLVESGGGLVQPGGSLTLSCVASGSTSSINAMAWYRRAPGKQRELVAGISSDGSKVYADSVKGRFTISRDNAKNSVYLQMNSLRAEDTAVYYCYYFHTVSGSSMRYWGQGTLVTVSS
seq17009,EVQLQASGGGLVRPGGSLRLSCAASGFTFSSYAMMWVRQAPGKGLEWVSAINGGGGSTSYADSVKGRFTISRDNAKNTLYLQMNSLKPEDTAVYYCAKYQAAVHQEKEDYWGQGTQVTVSS
seq17010,VQLVESGGGLMQAGGSLRLSCAVSGRTFSTAAMGWFRQAPGKEREFVAAIRWSGGSAYYADSVKGRFTISRDKAKNTVYLQMNSLKYEDTAVYYCAGSGVTRSLLSDYATWPYDYWGQGTQVTVSS
seq17011,QVQLQASGGGLVQAGGSLRLSCAASGRTFSSYAWGWFRQAPGKEREFVARISFSGGHTYYSDSVKGRFTISRDNAKNTVYLQMNSLKPEDTAVYYCAADPTPYGLRNERNYPYWGQGTLVTVSS
seq17012,EVQLVESGGGLVQAGGSLRLSCAASGFTFDDYAIGWFRQAPGKEREGVSCISSSDGSTYYADSVKGRFTISSDNAKNTVYLQMNSLKPEDTAVYYCATGLLDCPQRYGSSWYKGIGYWGQGTQVTVSS
seq17013,QVQLVESGGGSVQAGGSLGLSCAVSGYIYINYCVSWFRQVPGKDREGVASINSFGGEPYYAHSVKGRFVISQDNAENTVYLQMNSLKSEDTAVYYCAARRYGCYSTTWWADGEFDFWGQGTQVTVSS
seq17014,QVQLQASGGGLVEPGGSLRLSCAASGAIFRIAAMGWYRQAPGKERELVATITRGGSTNYADSVKGRFTISRDNAKNTAYLQMDSLKAEDTGVYYCNAGLWATTSANYWGQGTQVG
seq17015,QVQLQESGGGLVQAGGFLRFSCAASGSFYGIYTMGWYRQAPGKQRELIATINSVGNINYADSAKGRFTLSRDNAKNTVDLQMNSLKPDDTANYFCNCRARWRNLSPIVDYWGQGTQVTVSS
seq17016,QVQLQESGGGLVQAGGSLRLSCAASGRTFSNYGMGWFRQGPGKEREFVAGISWSGRSTYYSDSVKGRFTISRDNAKHTMYLQMNSLKPEDTAVYYCTAKTYGAARDPVYDYWGPGTQVTVSS
seq17017,EVQLVESGGGLVQAGGSLRLSCAASGFTLDAYAIGWFRQAPGKEREGVSCISSSDGSTFYADSVKDRFTISSDNAKNTVYLQMNSLKPEDTAVYYCAADRRGKSEMYCTDYSYSDAWGQGTQVTVSS
seq17018,QVQLQQSGGGSVQTGGSLTLTCAASGLTFEANSLGWFRQSPGKEREFVAAVSFTKRIDYADSVKGRFFISRDNTMNTVYLQMNSLKPEDTGIYTCAADPLLISNKRANIWGQGTMVTVSS
seq17019,EVQLVESGGGLVQPGGSLRLSCAASGSVHKINFLGWYRQAPGKERELVATITIGDATDYADYAKGRFTISRDEARNMVYLQMNSLKPEDTAVYFCRAGSRLYPYNYWGQGTLVTVSS
seq17020,VQLVESGGGLVQAGGSLRLSCAASGSIITIYVVGWFRQAPGKEREFVASDIGSGGSTYYSDSVKGRFTISRDNAKNTVYLQMNSLKPEDTAVYYCVTGDPSTPYSYWGQG
seq17021,EVQLVESGGGLVQPGGSLRLSCAASGNIVSIDAAGWFRQAPGKQREPVATILTGGATNYADSVKGRFTISRDNAKNTVYLQMNSLKPEDTAVYYCYAPMIYYGGRYFDYWGQGTVTVSS
seq17022,EVQLVESGGGLVQPGGSLTLSCVASGTTSSINAMGWYRRAPGKQRELVAGISSDGTKVYADSVKGRFTISRDNAKNSVYLQMNSLRAEDTAVYYCYYFHTVSGSSMRYWGQGTLVTVSS
seq17023,QVQLQESGGGVVQAGGSLRLSCTASGTIFSINRMDWFRQAPGKQRELVALITSDGTPTYADSAKGRFTISRDNTKKTVSLQMNSLKPEDTAVYYCHVSSGVYNYWGQGTQVTVSS
seq17024,VQLQESGGGLVQAGGSLRLSCAASGRTFSSYNMGWFRQAPGKEREFVAVISWSGGSPYYADSVKGRFTISRDNAKNTVYLQMNSLKPEDTAVYYCAAPVSYGSSWLADYWGQGTQVTVSS
seq17025,EVQLVESGGGLVQAGGSLRLSCESSISTFSSDAMGWFRQAPGKELEFLAAIGWSGAVTHYSDSVQGRFTISRDNAKNTVYLQMNSLKSEDTGRYYCAEDYDTDVWQYWGQGTQVTVSS
seq17026,EVQLVESGGGLVQPGGSLRLSCAASGFALDYYAIGWFRQAPGKEREGVSCISSSGGITYYVDSVKGRFTISRDNSKNTVYLQMNSLRPEDTAVYYCATDSGGYIDYDCMGLGYDYWGQGTLVTVSS
seq17027,EVQLVESGGGLVQPGGSLRLSCAASGSIGGLNAMAWYRQAPGKERELVAGIFGVGSTRYADSVKGRFTISRDNSKNTVYLQMNSLRPEDTAVYYCRMSSVTRGSSDYWGQGTLVTVSS
seq17028,QVQLQESGGGLVQPGGSLRLSCAVSGTMLSRNAMGWYRQAPGKPRQWVAGITSDGLGNYVGFAKGRFTISRDNAKNTVYLQMNTLKPDDTAVYHCNFWPPPSGRPIWGQGTQVTVSS
seq17029,QVQLVESGGGSVRAGESLRLSCVASRSIYVWYCMGWFRQAAGKEREGVGSMFVGGGRTYYDDSVKGRFTISQDKAKNTLYLQMDNLAPEDTAMYYCAAGRCGGNWLRSNAFDKWGQGTLVTVSS
seq17030,GLVQAGDSLRLSCSASGRNLSSYAMGWFRQVPGKEREFVAAISWTGGATKYVDSVKGRFNISRDNAKNTVYLQMNRLKPEDTAVYYCATKDSGRRDGMDYWGKGT
seq17031,QLQLQESGGGLVQAGDSLRLSCQVSGRTLSAYLMAWFRQAPNKVREYLGRIRWNEGDTYYPDSVKGRFTISKDDAKNTVYLRMNSLKPEDTAVYYCAARSIFNPSDQYVYWGQGTQVTVSS
seq17032,QVQLQESGGGLVQAGGSLRLSCAASGRATSGYGMGWFRQVPGKEREFVAAIRWSGKETWYNDSVKGRFTISRDNAKTTVYLQMNSLKPEDTAVYYCAARPVRVDDISLPVGFDYWGQGTQVTVSS
seq17033,QVQLQESGGGLVQPGESLRLSCAASRGIFRFNAGGWYRQAPGKQRELVAFIGVDNTTRYIDSVKGRFTISRDNAKTTVYLQMNSLQPEDTAVYYCNKVPYIDWGQGTQVTVSS
seq17034,VQLVESGGGLVQAGGSLRLSCVGSGRNPGINAMGWYRQAPCISQRELVAVWQTGGSTNYADSVKGRFTISRDNLKNTVYLQMNSLKPEDTAVYYCYLKKWRDEYWGQGTQVTVSS
seq17035,EVQLVESGGGLVQAGGSLRLSCTVSGRTSSAFAMGWFRQAPGKEREFVAAINLTGGTTNYAESVKGRFTISRDNAKNTGYLGMSSLKPEDTAVYYCAGRNRWSEGREVAPSSYYYWGQGTQVTVSS
seq17036,EVQLVESGGGAVQPGDSLRLACTASGVTLDASRVTLDVYSIGWFRQAPGNEREAVSCISSSDGSTYYADSVKGRFTISRDDAKNTVYLQMNSLKPEDTAVYYCASDWSCEIVLYATADYWGQGTQVTVSS
seq17037,QVQLQESGGGLVQPGGSLRLSCAASGSIFSASAMTWYRQAPGKSREYVARIFFSGGTNYADSVKGRFTISRDNAKNTMYLQMNDLKREDTAVYYCNLLSYWGQGTQVTVSS
seq17038,QVKLQESGGGLVQPGGSLRLSCVASGNIGDIYTMGWYRQAPGKQRELVATVGDGGLTNFVDSVKGRFTISRDKSKGTVSLEMNSLKPEDTAVYYCNADVRIGPTGLRVYWGQGTQVTVSS
seq17039,LQESGGGLVQAGGSLRLSCAASGRTFSSYAMGWFRQAPGKEREFVARINWSGGSTYYADSVKGRFTISRDNAKNTVYLQMNSLKPEDTAVYYCTAGFALPPSDYWGQGTRVT
seq17040,EVQLVESGGGLVQAGGSLSLSCSASGRFFSTRVMAWYRQTPGNQREFVATIHSSGSTIYADSVRGRFAISRDNAKNTVYLQMRSLKPEDTAVYYCRDINADQWGQGTQVTVSS
seq17041,EVQLVESGGGLVQPGGSLGLPCDASGSFASLVAAGWYRQAPGKERELVARISSGGKTTYPDYVKGRFTISRDKNTVFLQMNSLKPEDTAVYYCWLGGYWGQGTQVTVSS
seq17042,EVQLVESGGGLVQPGGSLRLSCAASGFTFDDYGMSWVRQAPGKALEWVSAISWNGNNTYYTESMKGRFTISRDNAKNTLYLQMNSLRPEDCAVYYCVKGSTAIVGVPPTYPDEYDYWGQGTLVTVSS
seq17043,EVQLVESGGGLVQAGGSLGLSCSASGLLFSRNSAGWYRQAPGKQREFVARIRKGGSINYADTVKGRFTISRDNAKNTVYLQMNSLKPEDTAVYYCSSWRTGFYEYWGQGTLVTVSS
seq17044,EVQLVESGGGLVQPGGSLRLSCRASGDVHKINILGWYRQAPAKEREMVAHITIGDATDYAESAKGRFTISRDEAKNMVYLQMNSLKPEDTAVYFCRAYSRIYPYNYWGQGTQVTVSS
seq17045,QVQLVESGGGLVQAGGSLRLSCAASGSADSIPAMGWYRQAPGKEREYLAAISSGTNTYYASSAKGRFAISRNNANNTLYLQMNSLKPEDTAMYYCATCSSYYYCSGPYVRSWGQGTQVTVSS
seq17046,DVQLVESGGGLVQPGGSLRLSCAASGSIFMINTMAWYRQAPGNQRELVATIRPVVSETTYADAVKGRFTISRDNAKNTVYLQMNSLKSEDTAIYYCNAKRPWGTRDEYWGQGTLVTVSS
seq17047,GFGRTLGGSLRLSCETSRHTLDHYAIGWFRQAPGKDNEGVACITTSTYYADSVKGPFSISRDNAKNTVYLQMNSLKPEDTAVYYCATTGSGYCTLRAFASWGQGTQVIVSS
seq17048,EVQLVESGGQLVQAGGSLRLSCTATGHTFNTYPLAWFRQAPWKEREFVAAISPSGTLRAYADSVKGRFTISRGNAKNTVYLQMNNLKPEDTAVYYCARDRSVGWRASHHLSDYGNWGQGTQVTVSS
seq17049,QVQLQQSGGGLVQAGDSLRLSCAASGRAFNYYTMGWFRQAPGKEREFVAKIYWDGGSTIYADSVKGRFTISIDNAKNTVYLQMNSLKPEDTAVYYCAADPSFYPFRPKYWGQGTQVTVSS
seq17050,EVQLVESGGGLVQAGGSLNLSCTASGSAFSSSVVGWFRQAPGKEHEFVTGINWSGARTYYADSVKGRFTISRDNAKNTAYLQMHSLKPEDTAVYYCASGRDRYARDLSEYEYVWWGQGTQVTVSS
seq17051,EVQLVESGRGLVQAGGSLRLSCAASGRTFSSYAMGWFRQAPGKEREFVAAINWSGGSTVYADSVKGRFTISRDNANNTVHLQMNSLKPEDTAVYYCAAGNGGRAYGYSRARYEYWGQGTQVTVSS
seq17052,NVKLVEKGGNFVENDDDLKLTCRAEGYTIGPYCMGWFRQAPNDDSTNVATINMGGGITYYGDSVKERFDIRRDNASNTVTLSMDDLQPEDSAEYNCAGDSTIYASYYECGHGLSTGGYGYDSHYRGQGTDVTVSS
seq17053,EVQLVESGGGLVQAGGSLRLSCAASGFTFDDYIIGWFRQAPGKEREGISCISSSDGSTYYADSVTGRFTISSDNANNTVYLQMNSLKPEDTAVYYCAAHAKWPYGTYSFRRCRRASFDSWGQGTQVTVSS
seq17054,LQESGGGVVQPGESLTLSCVASGTFQRINHMAWYRQIPGKEREQVAIIHNDGRLNYAASVKGRFTISRDSAENTAHLQMKSLRPEDTAVYYCNVDLDVGFITENYWGPGTQVT
seq17055,QVQLVETGGGVVRAGGSLRLSCAASGRTLGRYSMAWFRQAPGKERQFVAAINWSGGSTYYPDFAKDRFTISRDSAKNMVYLQMNSLKPEDTAVYYCAAGGMDIEITRANEYDYWGQGTQVTVSS
seq17056,AVQLVESGGGLVQAGGSLRLSCAASGRTFTMGWFRQAPGKERGFVASITWDGRSAYYAESVKGRFTISRDNAKNTVVLQMNSLKPEDTALYYCAADRKSVMSIRPDYWGQGTQVTVSS
seq17057,QVQLQESGGGSVQAGGSLRLSCAASRDTYTRYFMGWFRQTPGKEGEGVAVLLPGGDYTFYADSVKGRFTITQDSAKNTVYLQMNSLKPEDTAMYYCAADVTVGSRWSQASNYNYWGQGTQVTVSS
seq17058,EVQLQASGGVFVQSGGSLRLSCAASGATSTFDGMGWFRQAPGKEREFVSAISYEQGSYTYYADSVKGRFTISRDNSKNMVYLQMNSLRAEDTATYYCAPAYEGDLYAFDSYGGQGTQVTVSS
seq17059,QVQLQESGGGLVQAGGSLRLSCAASGYISGAYYMGWYRQAPGKEREFVAGIGGGSTNYADSVKGRFTISRDNAKNTVYLQMNSLKPEDTAVYYCAVYQSVAYYYRGYFSYWGQGTQVTVSS
seq17060,QVQLVESGGGLVQPGGSLRLSCAASGSIASINTMAWYRQSPGKQRELVAGITRGGSTNYADSVKGRFTISRDNAKNTVYLQMNSLKPEDTAVYYCTDYSLGYYQDYWGQGTQVTVSS
seq17061,EVQLVESGGGLVQPGGSLRLACAASGIIFSTNAMGWYRQAPGKQRELVAHIISRGTVNYRDSVKGRFTASRDNARNTVYLQMNDLKPEDTAVYSCTVGRASRSGYYVPDYWGQGTQVTVSS
seq17062,EVQLLESGGGLVQPGGSLSISCAASGGSLSNYVLGWFRQAPGKEREFVAAINWRGDITIGPPNVEGRFTISRDNAKNTGYLQMNSLAPDDTAVYYCGAGTPLNPGAYIYDWSYDYWGQGTLVTVSS
seq17063,QVQLVESGGGLVQAGGSLTLSCAASGSTSGINVMAWYRQAPGKQRELVANKARGGLPKYADFAKGRFTISRDNTKNTISLQMNSLKPEDTAVYYCNALLDWRLGDYWGQGTQVTVSS
seq17064,EVQLVESGGALVQPGGSLRLSCAASGFTLGDYVIGWFRQAPGKEREWVSGISSRDGTTYYADSVKGRFTISRDNAKNTMYLQMNSLKPEDTAVYYCALRSGIAVARAPSNYDYWGQGTQVTVSS
seq17065,QVKLQESGGGWVQAGGSLRLSCAASALTASITTMGWFRQTPEKEREFLAAINWTGDYKYYADSVKGRFTISRDNAKNTVDLQMNQLKPEDTAVYYCAASKIRNDIYLNDYTWYQYWGQGTQVTVSS
seq17066,EVQLVESGGGLVQPGGSLKLSCAGSGSIFRFYDTAGWYRQAPGKQRELVALITDISGGYIKYADSVKGRFTISRDNAKNTVYLQMNSLKPEDTAVYYCNVHNYWGQGTQVTVSS
seq17067,QVQLQESGGGLVQPGGSLRLSCAASVSGFIFNPMGWYRQARGKQREEVAVLTTGGTTKYADSVKDRFTISRDNARNTVDLQMNSLKPEDTAVYYCYARGPRHVPTGWITDDYWGQGTQVTVSS
seq17068,QVQLQQSGGGLVQAGDSLTISCASSLFTFSTSTMGWFRQAPGKEREFVAAIKSSGSSMYYADSVQGRFTISRDNAKKTVTLQMNSLKPEDTAVYYCAKGVYGSRRSADFGSWGQGTQVTVSS
seq17069,QVKLEESGGGLVQAGGSLRLSCAASERTFSRYPVAWFRQAPGAEREFVAVISSTGKSTYYADSVKGRFTISRDNAKVTVYLQMNNLKREDTAVYFCAVNSQRTRLQDPNEYDYWGQGTQVTVSS
seq17070,DVQLLESGGGLVQPGGSLRLSCAASGFTFGNYDMAWVRQAPGKRPEWVSSIDTGGDITHYADSVKGRFTISRDNAKNTLYLQMNSLRPEDTALYWCATDEEYALGPNEFDYYGQGTLVQVSS
seq17071,EVQLVESGGGLVQAGGSLRLSCEASGGSFSSYAMGWFRQAPGKEREFVAAVSGWIGPRPVYADSVKGRFTISRDNAENTVYLQMNSLQPEDTAVYTCAADATNRNSGAYYYTWAYDYWGQGTQVTVSS
seq17072,EVQLQESGPGLVKPSQTLSLTCTVSGGSITSRYYAWSWIRQPPGKGLEWIGVIDYDGDTYYSPSLKSRTTISWDTSKNQFSLQLSSVTPEDTAVYYCARDPDVVTGFHYDYWGQGTLVTVSS
seq17073,QLQLQESGGGLVRAGGSLRLACTTSGGIFAIKPISWYRQPPGQEREWVTTTTSSGATNYANSIKGRFTVARDNAKNTVYLQMNDLKLEDTAVYYCNVFEYWGQGTQVTV
seq17074,EVQLVESGGGLVQDGGSLRLSCIFSGRTFANYAMGWFRQAPGKEREFVAAINRNGGTTNYADALKGRFTISRDNTKNTAFLQMNSLKPDDTAVYYCAAREWPFSTIPSGWRYGQGTQVTVSS
seq17075,VQLQESGGGLVQAGGSLRLSCATFGFTFDDYAIAWFRQAPGKEREGISCISNTDSSTYYADSVKGRFTISSDSAKNTVHLQMSSLKPEDTAVYYCAADGNVWSPPICGSAGPPPGGMDYWGKGTQVTVSS
seq17076,EVQLVESGGGLVQPGRSLTLSCAASTNISSISPMGWYRQAPGKQRELVAAIHGTSTLYADSVKGRFTISRDNAKNSIYLQMNSLRPEDTALYYCNKVPWGDYHPGNVYWGQGTQVTVSS
seq17077,DVQLQASGGGLVQAGDSLRLSCVASGRTFSSYTMGWFRQAPGKEREFVVGISRSGGATYYAESVKGRFTISRDNAKNTMYLQMNSLKVEDTAVYYCVASPSSTWYRSGEFDYWGQ
seq17078,EVQLVESGGGLVQPGGSLRLSCAASGFTIDDYAMGWFRQAPGKEREGVAAISGSGDDTYYADSVKGRFTISADNSKNTAYLQMNSLKPEDTAVYYCAKLPYVSGDYWGQGTLVTVSS
seq17079,DVQLQASGGGLVQPGGSLRLSCAVSGSIFSINAMGWYRQAPGKQRELVAAITKSNNINYADSVKGRFTISTDNAKNTVYLQMNSLKPEDTAVYYCNGFFALPGYSSEEFGPWGQGTQVTVSS
seq17080,EVQLVESGGGLVQAGGSLRLSCVASGTSFSIGAAGWYRQAPGKQRDLLAEIYPSGSTIYADSVKGRFTISRDNAKNTVYLQMNALKPEDTAVYYCNAVRWGVDYWGQGTQVTVSS
seq17081,QVQLVESGGGSVQPGGSLRLSCAVSGFTLDYYDIGWFRQAPGKERDWISCISSSDGSQYYADSVKDRFFISRDNAKNTVYLQMNSLEPGDTAVYYCAADFDTYRFCSGFGPDAYSSWGQGTQVIVSS
seq17082,EVQLVESGGGLVQPGGSLRLSCAASGNIFSRYIMGWYRQAPGKQRESVATITPGGNTDYADSVKGRFTISRDGAKNTVDLQMNSLKPEDTAVYYCNARGSSGLSMSTYWGQGTQVTVSS
seq17083,EVQLVESGGGLVQAGGSLRLSCVASGRTLSTTGVGWFRQAPGKERESVATIFVGGTTYYSDSVKGRFTISRDNARNAVNPQMNNLKPEDTAVYYCTIGSYRGQGTQVTVSS
seq17084,EVQLVESGGGLVQPGGSLTLSCAASGSSVSFLSLAWYRQAPGKKRELVAGISTDGSTDYIDSVKGRFTISRDNAKNSVYLQMNSLRAEDTAVYYCYAYRWRTRYTYWGQGTLVTVSS
seq17085,GLVQAGGSLRLSCAASGRTFSSYAMAWFRQAPGKEREIVASISWNGGSTDYADSVKGRFTISRDNAKNTVYLQMNSLKPEDTAVYYCAADSTNWVFYDYWGQGT
seq17086,EVQLVESGGGLVQAGGSLRLSCAAAGGTFRNYVMGWFRQAPGKEREFVTAISTGGSWTGYVDSVKDRFTISRDNTKNTVYLQMASLKPEDTAVYYCAATMPATTYLPRSERQYDYWGQGTQVTVSS
seq17087,EVQLVESGGGLVRPGGSLRLSCAASGFTFGNYDMSWVRQAPGKGPEWVSSIDTGGDITHYADPVKGRFTISRDNAANTLYLQMNSLKPEDTAVYYCATDEDYALGPNEYDYYGQGTQVTVSS
seq17088,QVQLVESGGGLVQPGGSLRLSCAASGFTFSNYAMTWYRQAPGKERELVAAISSAGYTTTYAGSVKGRFTISRDNAKNTVYLQMNSLNPEDTAVYYCNAGRLSYGGSYYPNDDYWGQGTQVTVSS
seq17089,EVQLVESGGGLVQPGGSLTLSCVASGSTKSINAMGWYRRAPGKQRELVAGISSDGSKVYRDSVKGRFTISRDNAKNSVYLQMNSLRAEDTAVYYCYYFRTSSGSSMRYWGQGTLVTVSS
seq17090,EVQLVESGGGLVQPGRSLTLSCAASTNVVSISPMGWYRQAPGKQRELVAAIHGKSTLYADSVKGRFTISRDNAKNSIYLQMNSLRPEDTALYYCNKVPWGDYHPNNVYWGQGTQVTVSS
seq17091,QVQLQESGGGLVQAGGSLRLSCAVSGNTLSRYAMGWFRQTPGNEREFVAAIRWNNGATYYADSVKGRFTISRDSGKNTVYLQMNNLKPEDTAVYYCAGRFLGYASSNAYHEALYNYDYWGQGTQVTVSS
seq17092,GSLRLSCAASGRTFGSTFMGWFRQAPGKERDFVASITWNRGLTTYADSVKGRFTISRDSAKNTVDLQMNNLKPEDTAVYYCVLGMGTSFASWGQGTQVTVSS
seq17093,EVQLVESGGGLVQPGGSLRLSCAASGRTFSISAMGWFRQAPGKEREFVAAISRSGGTTYYADSVKGRFTISADNSKNTAYLQMNSLKPEDTAVYYCATDEDYALGPNEYDWGQGTLVTVSS
seq17094,QVHLMESGGGLVQPGESLRLSCAASGFIFANYEMSWVRQAPGKVLEWVSGINSRGNATYYADSVKGRFTISRDNAEHTLYLQMNSLKPEDTAMYHCVVGGMTTDQGSPDFYWGQGTQVTVSS
seq17095,LQESGGGLVQPGGSLRLSCAASGSIFSMNTVSWYRQAPGNQRELVASIRGDGRTSYEDFVKGRFTISRDIAKNTVYLQMNNLKPEDTAVYYCNAWISADASMMTTNYWGQGTQVT
seq17096,QVQLQESGGGLVQPGESLRLSCAVSGSTSSNNAMAWYRQAPGKRRELVAGISGGGATNYPDSVKGRFTISRDNAKNTVYLQMSSLKPEDTAVYYCNLWPPRASPGGGVYWGQGTQVTVSS
seq17097,QVQLQESGGGLVQVGGSLRLSCAASGSTFSINAMGWYRQAPGKRREWVAGITSGVTHYPDSVKGRFTISRDNAKNTVYLQMNSLKPEDTAVYYCNLWPPRASPSGSIYWGQGTQVTVSS
seq17098,EVQLVESGGGLVQPGGSLRLSCAASGSVHLLNFLGWYRQAPGKEREMVAHITIADATDYAHFAKGRFTISRDEAKNMVYLQMNSLRPEDTAVYFCRAGSRIYPYDYWGQGTLVTVSS
seq17099,EVQLVESGGGSVQAGGSLRLSCTASGRPFDNYAMAWFRQAPGKEREFVAAISWYLSTTYYADSVKGRFTISRDNAKNTAFMQMSSLKAEDTAVYYCAAAPRPKRVSVRYFSTSSNYDYWGQGTQVTVSS
seq17100,QVQLVETGGGLVQAGGSLRLSCAVSGRTFSSYAMAWFRQAPGKERDFVAAISWSGGAPHYEDSVKGRFTISRDNAKNMVYLQMNSLKPDDTAVYYCAAAKAGYYSGSYYVGGGMYDYWGQGTQVTVSS
seq17101,EVQLVESGGGLVQPGGSLRLSCAASESIFSINAMGWYRQAPGKQREYVAGITKGGRTNYADSVKGRFTISRDDAKNTVYLQMNSLKPEDTAVYYCNGLCSGRECYGDSLFAAWGQGTQVTVSS
seq17102,QVQLQESGGGLVQPGGSLRLSCAASGSTFSIGAVAWYRQAPGKRRELVAGISGGGVTNYPDSVKGRFTISRDNAKNTVYLQMSSLKPEDTAVYYCNLWPPRASPGGRVYWGQGTQVTVSS
seq17103,EVQLVESGGGLVQAGGSLRLSCTASGGSFSSYGMGWFRQSPGKEREFVSAISEYSNTYCSDSVRGRFTISRDNTKNTVYLQMNSLTPDDTAIYYCAASPTILLTTEQWYKYWGQGTQVTVSS
seq17104,QVQLQESGGGLVQPGGSLRLSCAASGFAFNLYWMYWFRQAPGKGLEWVSSASPGNGITFNTFYADSVKGRFAISRDNAKNTLYLEMNSLQPEDTAVYYCAADPSYQLADFLTSLPNDYSGQGTQVTVSS
seq17105,EVQLVESGGGLVQAGDSLRLSCAASERTFTSYAMGWLRQAPGKEREFVAAITWSGVSTYYADSVKGRFTISRDNAKNTVYLQMNSLKPEDTAVYYCAAGAPSAVVAGTASSWGQGTQVTVSS
seq17106,QVQLQDSGGGLVQAGGSLRLSCAASGRTKDMAWFRQPPGKEREFVAVIYSSDGSTLVAASVKGRFTISRDNAKNTVYLQMTSLKPADTAVYYCATSRGYSGTYYSTSRYDYWTGGTQVTVSS
seq17107,EVQLVESGGGLVHAGGALRLSCAASGRAFETYRMGWFRQAPGKEREFVALINWSSGTTVYADSVKGRFTISGDNAKDTVYLEMNSLKPEDTAVYYCAVGRRWSGSYYSALAYQYWGQGTQVTVSS
seq17108,EVQLVESGGGLVQPGGSLRLSCAASGRTFRSYAMGWFRQAPGKGREFVAAINYSGGSTNYADSVKGRFTISRDNAKNTLYLQMNSLEPEDTAVYYCAAGSGYASLSYYSTERAYTYWGQGTLVTVSS
seq17109,VQLVESGGGSVQAGGFLRLSCALSGYSYYINLMAWFRQAPGKEREAVAAHGPVSGTAYYTDSVKGRFTISRDPGKNTMYLQMFSLQPEDTALYYCAAETTMGWAHERGYRYWGQGTQVTVSS
seq17110,QVQLQESGGGLVQAGGSLRLSCAASGRTFSIYNMGWFRQAPGKEREFVAAISWNGGSIYYTSSVEGRFTISRDNAINTVYLQMNSLKPEDTGVYYCASKGRPYGVPSPRQGEYDYWGQGTQVTVSS
seq17111,EVQLMESGGGLVQTGGSLRLSCAASGRTFSNYTMGWFRQAPGKDREFVAAISRSGSLKAYADSVKGRFTPSRDNAKKMAYLQMNSLKPEDTAVYYCAAAPVPWGTRPSLFPYDSWGQGTQVTVSS
seq17112,EVQLVESGGGVVQTGASLRLSCAASGRTFSNYAMGWFRQAPGKERERVAAITPRAFTTYYADSVKGRFTISRDNAKNTAYLQMVSLKPEDTALYYCAAQLVGSGSNLGRQESYAYWGQGTLVKVSS
seq17113,EVKLQESGGGLVQSGGSLRLSCIASGSTVSDNTMGWYRQAPGKQRELVTVISSVGVTNVAQSVKGRFTISRDNAKNTVTVYLQMSSLKPEDTAVYYCNALGTGRANWGQGTQVTVSS
seq17114,EVQLVESGGGLVQPGGSLRLSCAASGNTFSINVMGWFRQAPGKEREFVAAIHWSGDSTLYADSGKGRFTIIADNNKNTAYLQMISLKPEDTAVYYCAAFDGYSGNHWGQGTLVTVSS
seq17115,QVQLQESGGGSVQAGGSLRLSCATSGYTLRPYCMGWFRQAPGKEREGVATITRSGDRTYYADAVKGRFTISQDTAKNTVYLQMNNLKSEDAANYYCAASFNYLPTYLTCGSRTAEYNFWGQGTQVTVSS
seq17116,LQESGGGSVQAGGSLRLSCTASGRTDRSNAMGWFRQAPGKEREFVATISWSGGTTSYVDSVKGRFIISRDNVKKTLYLQMNSLKPEDTAVYYCAAARTVDPLFRESEYDYWGQGTQVT
seq17117,QVHLVESGGDSVQAGGSLRLSCAASGYTYNTNYMGWFRQAPGKEREGVAAIYRHSGNTAYADSVKGRFTISQDYAKNTVYLQMNSLKPEDTAMYYCAAGRAGPWALMRPTEFGYWGQGTQVTVSS
seq17118,EVQLVESGGGLVQAGGSLGLSCSASGLLFSRNSAGWYRQAPGKQREFVARIRWGGSINYADTVKGRFTISRDNAKNTVYLQMNSLKPEDTAVYYCSSWRTGFYEYWGQGTLVTVSS
seq17119,EVQLVESGGGLVQPGGSLRLSCAASGRTFGDYIMGWFRQAPGKERESVAAINWSAGYTAYADSVKGRFTISADNSKNTAYLQMNSLKPEDTAVYYCARASPNTGWHFDRWGQGTLVTVSS
seq17120,EVQLVESGGGLVQAGDSLRLSCAASGRTFSSYYMGWFRQAPGKEREFVAHISLSGGNTEYADSVKGRFTITRDNAGNTVYLQMNSLKPEDTGVYCCAASPSLRSAWQYWGQGTQVTVSS
seq17121,EVQLVESGGGMVQAGDSLRLSCVQSTYTVNSDVMGWFRQAPGKEREFVGAIMWNDGITYLQDSVKGRFTIFRDNAKNTVYLQMNSLKLEDTAVYYCAASKGRYSEYEYWGQGTQVTVSS
seq17122,QVQLQESGGGSVQDGGSLRLSCAASGYAYDTYYMGWFRQAPGKEREWVAGITSLVSGVAYYKYYTDSVKGRFTIFRDDDKNTVDLQMNSLKPEDTAIYYCAASRSGLRARLLRPELYEYWGQGTQVTVSS
seq17123,EVQLVESGGGLVQAGGSLRLSCAASGRTYYLNAMGWFRQGPGKDREFVAAIDWSDGNKDYADSVKGRFTISRDNAKNTVYLQMNSLKPEDTAVYYCAADTPPWGPMIYIESYQSWGQGTLVTVSS
seq17124,EVQLVESGGGLVQAGGSLRLSCAASGRTFSFYNMGWFRQAPGKEREVVAGITSADEFRYSANFAKGRFRISRDNNKSTLYLQMNSLTPEDTAVYYCAGARSWGSGWQTAFDYWGQGTQVTVSS
seq17125,EVQLVESGGGLVQPGGSLRLSCVASGIRFMSMAWYRQAPGKHRELVARISSEGTTAYVDSVKGRFTISRDNSKNTVYLQMNSLKAEDTAVYYCNTFSSRPNPWGAGTTVTVSS
seq17126,QVQLQESGGGLVQPGGSLRLSCAAKGSIFGINHMGWYRQGPGKQRELVAVTTSGGTINYANSVKGRFTISRDNAKNTVYLQMNSLKPEDTAVYYCNVKSHIPPNWGGPTPEYWGQGTQVTVSS
seq17127,EVQLVESGGGLVQPGGSLRLSCTASGNGFSSDYMAWYRQAPGKQRELVALIGISGNTNYANSVLGRFTISRDNAENTVYLQMNSLKPEDTAVYMCNARNILGDYWGRGTQVTVSS
seq17128,QVQVEESGGGLVQPGGSLRLSCAASGFTFSSYYMSWVRQAPGKGLEWVSSISSDGSNPYYADSVKGRFTISRDNAKNTLYLQMNSLKSEDTAVYYCAKDTLTGASYSDSLYDYWGQGTQVTVSS
seq17129,DVQLVESGGGLVQAGGSLRLSCAASGRTFSTSAMGWFRQAPGKEREFVARITWSAGYTAYSDSVKGRFTISRDKAKNTVYLQMNSLKPEDTAVYYCASRSAGYSSSLTRREDYAYWGQGTQVTVSS
seq17130,EVQLAESGGGSVQAGGSLRLSCAASGYTYGGYCMGWFRQAPGKEREGVATINSDGSTNYADSVKGRFTISKDNAKNTLYLQMNSLSPEDTAMYYCAVDLAPCWVAGPIEAADFGYWGQGTQVTVSS
seq17131,EVQLVESGGGLVQPGGSLTLSCVASGSTSSINAMAWYRRAPGKQRELVAGISSDESTLYVDSVKGRFTISRDNAKNSVYLQMNSLRAEDTAVYYCYYFGSLSGSSTTYWGQGTLVTVSS
seq17132,QVQLQESGGGLVQPGGSLRLSCTASGSILTINVMGWYRQAPGKQRELVAHASSGGSTDYADSVKGRFTISRDNAKNTWYLQMNNLKPEDTAVYYCTLYMRTEAQSRGTGYDYWGQGTQVTVSS
seq17133,EVQLVESGGGSVQAGGSLRLSCAASGGTFNPYVMAWFRQAPGNEREFVARIRWSGGDAYYDDSVKGRFAITRDAAKNTVHLQMNSLKPEDTAVYYCAAATYGYGSYTYGGSYDLWGQGTQVTVSS
seq17134,EVQLVESGGGLVQAGGSLRLSCTASGSAFSSTVVGWFRQAPGKEREFVTAINWSGARTYYADSVKGRFTISRDNAKNTGYLQMNSLKPEDTAVYYCAAGSDRYARVFTEYEYVWWGQGAQVTVSS
seq17135,DVQLQASGGGLVQAGDSLRLSCVQSGPGRYGVGWFRQAPGKEREFVAAVSGSGGSKYYGDSVQGRFTISKDDAKNTVYLQMNNLKPEDTAVYYCAVRRTYSGSNLWHRSDEYDSWGPGTQVTVSS
seq17136,EVQLVESGGGEVQPGGSLRLSCAASGSIFSINAMGWYRQAPGKQRELVAVVSSDGRTTVAPSVKGRFTISRDNAKNTVYLQMSSLRAEDTAVYYCGVREWYSDADWRDYEGQGTLVTVKP
seq17137,EVQLVESGGGLVQPGGSLRLSCKNAGSTSNAYATGWFRRAPGKEREFVAGIQWSGGDAFYRNSVKGRFRITRDPDNTVYLQMNDLKPEDTAIYYCAQKLSPYYNDFDSSNYEYWGQGTQVTV
seq17138,EVQLVESGGGLVQAGGSLRLSCAASGFTFDHYTIGWFRQVPGKEREGVSCISSSDGSTYYADSVKGRFTISSDNAKNTVYLQMNTLEPDDTAVYYCAAGGLLLRVEELQASDYDYWGQGIQVTVSS
seq17139,EVQLVESGGGLVQAGGSLRLSCAASGRTFSNYAMGWFRQAPGKEREFVAGIIWSGSRTYYADPVKGRFTISRDNAKNTVYLQMNSLNVEDTAVYYCAASMGDYDVSLASPRSWGKGTQVTVSS
seq17140,EVQLVESGGGLVQAGGSLRLSCESSISTFGSDAMGWFRQAPGKEREFVAATGWSGAVTHYSDSVKGRFTISRDNAKNTVYLQMNSLKSEDTGTYYCAEDYDTDVWQYWGQGTQVTVSS
seq17141,EVQLVESGGGLVQPGGSLRLSCAASGDTFNCYAMGWFRQAPGKEREFVAVINWSGDNTHYADSVKGRFTISADNSKNTAYLQMNSLKPEDTAVYYCAAYYTDYDEALEETRGRYDWGQGTLVTVSS
seq17142,EVQLVESGGGEVQPGGSLRLSCAASGRSFGDYTVGWFRQAPGKERDFVAGLSWLGGTIYYAESVKGRFTISRDNAKNTVYLQMSSLRAEDTAVYYCAASRSAISRKATDFGSWGQGTLVTVKP
seq17143,QVQLQESGGGSVQAGGSLRLSCALSGYTFRGNRMAWFRQAPGKEREGVARINTGGVNTYVADSVKGRFTISQDNAKNTVYLQMNNLQPEDTAMYFCAADLTGWRPVGFSGYNYWGQGTQVTVSS
seq17144,DVQLVESGGGLVQPGGSLRLSCAASGFTFDDYAIGWFRQAPGKERLGVSSISSTYGLTYYADSVKGRFTISSDNSKNTVYLQMNSLRPEDTAVYYCAATPIGLIGLDAYEYDYWGQGTLVTVSS
seq17145,DVQLVESGGGVVQPGGSLRLSCAASGGTFSTYVMGWFRQAPGKEREFVAAISQNSIHTYYANSVKGRFTISRDNSKNTVYLQLNSLRPEDTALYYCAASRFTSWYTADYEYDYWGQGTLVTVSS
seq17146,QVQLQESGGGLVQAGGSLRLSCAAAGRNLRMYRMGWFRQAPGKEREFVGTMVWSSDTIYYADSVKGRFIISRDNAKNTVYLQMNSLKPEDTAVYYCAAGAGWAGTMTDYNYWGQGTQVTVSS
seq17147,EVQLVESGGGLVQPGGSLTLSCLASGTIFTASTMGWHRQPPGKQRELVASIAGDGRTNYAESTEGRFTISRDNAKNSMYLQMNSLRAEDTAVYYCYAYYLDTYAYWGQGTLVTVSS
seq17148,QVQLVESGGGSVQAGGSLRLSCAASGYTCTKFNMGWYRQAPGKEREFVATIRRDSTIYYADSVKGRFTISQDNAKNMVYLQMTSLKPEDSAMYYCSTRCVTSSVPYWGQGTQVTVSS
seq17149,AVQLVESGGGSVQAGGSLRLSCVASSYSYCMGWFRQAPGKEREGVATINSGSGTTHYADSVKGRFTISQDIAKNTVYLEMNSLKPEDTAIYYCVAGQVQCYTEFALRWLLSWNDRGQGTQVAVSS
seq17150,EVQLVESGGGLVQAGGSLRLSCVASGRTFNTYGMGWFRQAPGKEREFVAANNWSGGATSYADSVKGRFTISRDNAKNTVFLQMNTLKPEDTAVYYCAAADRGGGWLVVRENDYDYWGQGTQVTVSS
seq17151,DVQLVESGGGLVQPGGSLRLSCTASGTIVNIHVMGWYRQAPGKQRELVALIFSGGSADYADSVKGRFTISRDNAKNTVYLQMNSLRPEDTAVYYCAAEIGYYSGGTYYSSEAHWGQGTLVTVSS
seq17152,QVQLQESGGGLVQAGGSLRVSCAASGRTIGNYHMGWFRQVPGNEREFVAGSTRIGNRYYADSVKGRFTISRDNAKNTVYLQMNSLKPEDTAVYYCAAVEYYRGVYTIARAYDYWGQGTRVTVSS
seq17153,QVQLVESGGGLVQAGGSLRLSCAASETIFSINVMGWFRQAPGKERELVAKISSVGSTYYADPVKGRFTISRDDTKNTLSLQMNSLKPEDTAMYYCAACARCFFVPRMTSAAAYGYWGQGTQVTVSS
seq17154,DVQLQESGGGSVQAGGSLKLSCAISGYDNDNYCMGWFRQTPGKEREKVAALNIGGGSPVYADFVRGRFTISLDSSKDTLYLLMNAVTPEDTAMYYCAAIRKPQFYTCRMWKPRADFDIWGQGTQVTVSS
seq17155,EVQLVESGGGLVQAGGSLRLSCAASGRTFSSYPMGWFRQASGKEREFVAAISRSGGSTYYEDFVKGRFTISRDNAKNTVYLQMNSLKPEDTAVYYCNVGKVWGQGTQVTVSS
seq17156,EVQLVESGGGLVQPGGSLRLSCAASGFTFDDYAIGWFRQAPGEEREGVSSISSTYGLTYYADSVKGRFTISSSNSKNTVYLQMNSLKPEDTAVYYCAATPIERLGLDAYEYDYWGQGTLVTVSS
seq17157,EVQLVESGGDLVQPGGSLRLSCAASGSIFSINDMGWFRQAPGKQRELVADIISRGVTNYADSVKGRFTISGDPAKNTAYLQMNSLKPEDTAVYYCNAHISTGWGRPHNNYWGQGTQVTVSS
seq17158,VQLVESGGGLMQAGGSLRLSCAVSGRTFSTAAMGWFRQAPGKEREFVAAIRWSGGSAYYADSVKGRFTISRDKAKNTVYLQMNSLKYEDTAVYYCAETLNTRSLLSDYATWPYDYWGQGTQVTVSS
seq17159,QVQLQESGGGLVQPGGFLRFSCVASGRTFTISNIAWFRQASGKEREFASAISWSGNAYYADAVKGRFTISRDNAKNTVFLQMNSLIAEDTAVYYCAAPRSSNPFLGATFLQKAEGYDYWGQGTQVTVSS
seq17160,QVQLQDSGGGLVQAGGSLRLSCGVSGLSFSGYTMGWFRQAPGKEREFAAAIGWNSGTTEYRNSVKGRFTISRDNAKNTVYLQMNSLKPEDTAVYYCAASPKYMTAYERSYDFWGQGTQVTVSS
seq17161,QVQLQESGGGSVQTGGSLRLSCAASPSIYSNNYMAWFSQAPGKGREGVAAVYIGDGRPYYADSVKGRFTISLDSAKNTVYLQMNSLKPEDTAMYYCAAAPGPLSRNYWYTSANYDYWGQGTQVTVSS
seq17162,EVQLVESGGGLVQPGGSLRLSCAASGSIFSINDMGWFRQAPGKEREHVALIRIKDGSIYYADSVKGRFTISRDNAKNTVYLQMNSLKPEDTAVYYCAAKTGTPFVYWGQGTQVTVSS
seq17163,EVQLVESGGGLVQAGGSLRLSCAVSGGTFSSVGMGWFRQAPGKEREFVGAISRSGDSTYYAGSVKGRFTISRDGAKNTVYLQMNSLKDEDTAVYYCAARPAGTPINIRRAYNYWGQGTQVTVSS
seq17164,VQLQESGGGSVQAGGSLTLSCVCSGYIPSKAWFRQAPGKEREAVAAIDGPGRIRYVDSVNGRFTISQDIVKKTLVLEMNSLKPEDTAMYYCAADPRLSTNNWSRAPEYRYWGQGTQVTVSS
seq17165,EVQLVESGGDLVQAGGSLKLSCVVSGVTFDDGTIGWFRQAPGKEREGIACISRVDGTTYYRDSVKGRFTVSSDSAKTTVNLQMNSLKPEDTAVYYCAADYASLCTIETGYGSLYDYWGRGTQVTVSS
seq17166,QLQLVESGGGSVQAGGSLKLSCVASGGSTSDINLMAWYRQASGKQRELVANKARGGLPKYAAFAKGRFTISRDNAKNTLVLQMNDLKPEDTAVYYCNALLDWALGEYWGQGTQVTVSS
seq17167,QVQLQESGGGLVQAGGSLRLSCTASGSIFRGAAMYWHRQAPGKQRELVAAITTSGNTSYADSVKGRFTISRDNAKNTMYLQIISLKPEDTAVYYCAFWIAGKAYWGQGTQVTVSS
seq17168,EVQLVESGGGLVQAGDSLRLSCAASGLTFSNYDMGWFRQAPGKEREFVGASWWSGGAPYYSDSVKGRFTISRDNAKNTVYLQANSLRPEDTAVYYCAAKRLRSFASGGSYDYWGQGTLVTVSS
seq17169,EVQLVESGGGLVQPGGSLRLSCAASGFTLGYYAIGWFRQAPGKEREGVSCDSSSDGDTYYANSVKGRFTISTDNGKNTVYLQMNSLKPEDTAVYYCATCTDWNYDYWGQGTQVTVSS
seq17170,EVQLVESGGGLVQPGGSLRLSCAASGSIFSSNAMAWYRQAPGKRRDLVAAINSVGVTKYADSVKGRFTISRDNSKNTVYLQMNSLRPEDTAVYYCTSDPRRGWDTRYWGQGTLVTVSS
seq17171,LQESGGGSVQAGGSLRLSCAASGRTASNWATHWFRQAPGKEREFVAAISSSGGYTYYADSVKGRFTISRDNTKSTVYLQMNSLKPEDTAVYYCAADSVNRAIMLGTSLDYWGQGTQVT
seq17172,EVQLVESGGGLVQPGGSLRLSCAASGGTFSFYGMGWFRQAPGKGQEFVADIRTSAGRTYYADSVKGRFTISRDNAKNTLYLQMNSLRPEDTAVYYCAAEMSGISGWDYWGQGTLVTVSS
seq17173,VKLEESGGGLVQAGGSLRLSCAASGRTFTMGWFRRAPGKERESVAVIGWRDINASYADSVKGRFAISRDNAKKTLYLQMNSLKPEDTAVYYCAARRIDATDFDSWGQGTQVTVSS
seq17174,KVQLVESGGGLVQTGGSLRLSCAASGGTFSTYAMGWFRQAPGKEREFVAGITRSAVSTSYTDSVKGRFTISRDNAKDMVYLQMNSLKPEDTALYYCATTRRLHFGNGADYWGKGTPVTVSS
seq17175,EVQLVESGGGLVQTGGSLRLSCAASGRTFSPYAMGWFRQAPGKEREFVAAIRWSGATTYKYVGGSVQGRFTISRDAAGNTVYLQMNSVKPEDTAVYYCAADRVPKDISIDPRNPKDWDYWGKGTQVTVSS
seq17176,EVQLVESGGDVVQAGGSLRLSCLASGFTFDDYAIGWFRQAPGKEREGISCISSTGNVFYADSVKGRFTISSDKEKNTLYLQMNSLKPEDTAVYHCAAGHFTVDSGKVLLRTDISSWGQGTQVTVSS
seq17177,QVQLQESGGGLVQPGGSLRLSCAASGGTFSRTAMGWFRQAPGAEREFVAVISWGGSSTYYGDSVKGRFAISRDNAKNMVYLQMNSLKVEDTAVYYCAADPNREELLTSPARYDYWGQGTQVTVSS
seq17178,QVQLQESGGGLVQAGGSLRLSCAVSGNTLSRYAMGWFRQTPGKEREFVAAIRWNNGATYYADSVKGRFTISRDTGKNTVYLQMNNLQPEDTAVYYCAGRFLGYASSNAYHEALYNYDYWGQGTQVTVSS
seq17179,QVQLQESGGGLVQAGDSLRLSCLASGGTFSSYIMGWFRQAPGKDREFVGAISWSGGVTHYADSVKGRFTISRDNAKNTVYLQMNSLKPEDTAVYYCAADSRISAGGSYYEADFGSWGQGTQVTVSS
seq17180,EVQLVESGGGLVQAGGSLRLSCAASGSFFRVNAMGWYRQAPGKPRELVARVARGEPTNYADSVKGRFTISRDNPKNTVYLQMNSLKPEDTAVYYCNAIIRPGSMTTYRGYWGQGTQVTVSS
seq17181,DVQLVESGGSLVQPGGGLRLSCAASGSIFRLNDMRWYRQAPGKQREMVATITSGGTTNYADSVKARFTISRDNAKSTVYLQMNSLKPEDTAVYYCNADISLYSAFGLFSPPKNYWGQGTQVTVPS
seq17182,QVQLQESGGGSVQAGETLRLSCTASGDTFDASGVGWFRQVSGNECDLVSSINRDGTTYYAPSVAGRFTMSQNNAKNTVYLQMNSLKPDDTAVYYCATDPAVGIVVRSTCRGPFGYWGQGTQVTVSS
seq17183,QVQLQESGGGSVQAGGSLRLSCTASELSYDDYTIAWFRRAAGEGRVEDGEGVASITKSYDRAYDNKINYGHSVKGRFTISRDNAKNTVYLQMTDLLPSDTAVYYCALDITPPGGVGASLTEGFLFDYWGQGTQVTVSS
seq17184,EVQLVESGGGLVQAGGSLRLSCTTSEGVFSNRPLGWFRQAPGKEREFVAAISWSGGYTYYGDSVKGRFTISRDAAKNTGYLQMNSLKPEDTAIYYCAGDDGEYVIPSDQNEYEFWGQGTLVTVSS
seq17185,DVQLVESGGALVQPGGSLRLSCAASGFPVNRYSMGWYRQAPGKEREWVAGMSSAGDRSSYEDSVKGRFTISRDDARNTVYLQMNSLKPEDTAVYYCNVNVGFEYWGQGTQVTVSS
seq17186,QVQLQESGGGLVQAGGSLRLSCAASGSIFHYYDMGWYRQAPGKERELVATIDPGGTTYYADSVKGRFTISRDNAKNTVYLQMNSLKPEDTAVYYCAAYSTQRNDPETYYLDYWGQGTQVTVSS
seq17187,QVQLVESGGGLVQPGGSLRLSCAASGGIFSIGVMGWYRQAPGKQRELVATITSRGSTNYADSVKGRFTISRDNSKNTLYLQMNSLRAEDTAVYYCYADLIRPGDFYGMDYWGQGTLVTVSS
seq17188,LQLVESGGDLAQPGGSLTLSCTASGTFKIYSMGWYRRPQRELVAEMLNGGDTQYSDSVKGRFTISRTNNTMYLHMNNLKPEDTAVYYCNLQDWYSEPAGDYWGPGTQVTVSS
seq17189,DVQLQESGGGLVQAGDSLRLSCAASRRTLSNAMGWFRQAPGKEREFVAAISSGGQTNYADSVKGRFAISRDNAENLLYLQMNSLKPEDTAVYYCAARTYRSGSGDPGDYDYWGQ
seq17190,VQLQESGGGLVQPGGSLRLSCAASGRTFSMGWFRQAPGKEREFVAAITYSGGSPYYASSVRGRFTISRDNAKNTVYLQMNSLKPEDTAVYYCAANPTYGSDWNAENWGQGTQVTVSS
seq17191,QLVESGGSLRLSCAASGSIFTINAMGWYRQAPGKQREEVAAITSGGSTNYADSVKGRFTISRDNAKNTVYLQMNSLKPEDTAVYYCKAVVVTTTPYSDYWGQGTLVTVSS
seq17192,QVQLVESGGGLVQPGGSLRLSCAASGYIYSAYCMGWFRQAPGKEREGVAAIYIGGGSTYYADSVKGRFTISQDNSKNTLYLQMNSLRAEDTAVYYCAADVIPTETCLGGSWSGPFGYWGQGTLVTVSS
seq17193,QVQLVESGGGLVQAGDSLRLSCAASGFDFDNFDDYAIGWFRQAPGQEREGVSCIDPSDGSTIYADSAKGRFTISSDNAENTVYLQMNSLKPEDTAVYVCSAWTLFHSDEYWGQGTQVTVSS
seq17194,EVQLVESGGGLVKPGGSLRLSCAASGRPVSNYAAAWFRQAPGKEREFVSAINWQKTATYADSVKGRFTISRDNAKNSLYLQMNSLRAEDTAVYYCAAVFRVVAPKTQYDYDYWGQGTLVTVSS
seq17195,QVQLQESGGGLVQAGGSLRLSCAVSGNTLSRYAMGWFRQTPGKEREFVAAIRWNNGATYYADSVEGRFTISRDTGKNTVYLQMNNLKPEDTAVYYCAGRFLGYASSNAYHEALYNYDYWGQGTQVTVSS
seq17196,QVQLQAFGGGLVQPGGSLRLSCVVSGTMFSGKDVNWLRQAPGKHVEVVATVSSDGGTDYADFVKGRFTISRDDAKNTVNLQMNSLEPEDTANYMCHFLWGRHYWGQGTQVTVSS
seq17197,EVQLVESGGGVVQPGGSLKLSCVASGTDFSINFIRWYRQAPGKQREFVAGITATGNTNYADSMKGRFTISRDNTKNAVYLQIDSLKPEDTAVYYCYMLDKWGQGTQVTVSS
seq17198,QVQLQESGGGLVQPGGSLRLSCAASGLWVSANDMGWFRQAPGKEREFVAAISWRGSSTSYADSVKGRFTISRDNARNTVRLQMNSLKPEDTAVYSCAAGHTHGATMTAPGNFDSWGQGTQVTVSS
seq17199,QVQLQDFGGGLVQAGGFLRFSWAASGGTFSKYAMACFRQAPGKEREFVAAISRRGGSTYFADSVKGRFTISRDNAKNTVYLQMNSLKPEDTAVYYCAANRGITFDSRSEYEYDYWGQGTQVTVSS
seq17200,EVQLVESGGGLVQAGGSLRLSCVASGLTFSSYNMGWFRQAPGKEREFVAAISRSGGSTYYTDSVKGRFTISRDSSKNTVYLQMNSLKPEDTADYYCAAALFGSAINLLSEYRYWGQGTQVTVSS
seq17201,QVQLQESGPGLVKPSQTLTLTCTVSGITTSYYGWSWIRQPPGKGLEWMGAIAYSGSTYYSPSLKSRTSFSRDTSKNQFSLQLSSVTPEDTAVYYCARDSPRLRVGSESRGVYSMDYWGKGTLVTISS
seq17202,QVQLQESGGGLVQPGGSLRLSCAASGRTFRRNAMGWFRQAPGKAREFVATISWSGNRAYSDSVKGRFTISRDNGKNLVSLQMNSLKPEDTAVYYCAAARERITSTYYTPHVLTDYDAWGQGAQVTVSS
seq17203,QVQLQQSGGSLVQAGGSLRLSCAASGLPFINYAMGWFRQAPGKDREIVAAIDWNGDSTYYAVSVKGRFTISRDNAKNTVTLQMNSLKPEDTAIYYCASHYQPYIRVSATRRFEADYWGQGTQVTVSS
seq17204,EVQLVESGGELVQAGGSLRLSCAVSGRTLTSYPMGWFRQAPGKEREFVAAISWSGGDTMYADSVKGRFTISRDNSKNTVYLQMNSLKPEDTADYYCARRRYSSGISRHLVDYEYWGQGTQVTVSS
seq17205,QVQLVESGGGLVQAGGSLRLSCAASGRIFSIYDTIGWFRQAPGKEREFVAATITTAGITTYDDSVKGRFTISRDNAKNTVYLQMNSLKPEDTAVYYCYVRVGRGDYWGQGTQVTVSS
seq17206,QVQLQESGGGLVQPGDSLRLSCTPSGSIFNHKATGWYRQAPGSQRELVAKITTGGTTNYADSVKGRFTISRDNAKNTVYLQMSSLKPEDTAVYYCNAERYFATTLWGQGTQVTVSS
seq17207,QVQLQESGGGLVQAGGSLTLSCAASGPMSSSAVMSWFRQAPGKEQEFVARIRWSGGTSYYANSVEGRFTISRDNAKNTMYLQMNKLKPEDTAVYTCALTQSGSFYQVDYWGQGTQVTVSS
seq17208,QVQLQESGGGLVEAGGSLRLSCAASGRTFSRYGMGWFRQAPGKEREFVAANRWSGGSTYYADSVRGRFTISRDNAKNTVYLQMNSLKPEDTAVYYCAAYAHITAWGMRNDYEYDYWGQGTQVTVSS
seq17209,DVQLVESGGGVVQPGGSLRLSCAASRSIGRYDRMGWYRHRPGEPRELVATITGGSSINYGDSVKGRFTISIDNSKNTVYLQMNSLRPEDTALYYCNFNKYQISRDTWGQGTLVTVSS
seq17210,QVQLQESGGGLVQPGGSLRLSCAASGFTFSTSAMSWIRQPPGKAREVVATITSAGGSISYVNSVKGRFTISRDNAKNTLYLQMNMLKPEDTAVYYCARLVNLAQTGQGTQVTVSS
seq17211,EVQLLESGGGVVQPGGSLRLSCVHSGPTFRTDTMGWFRQAPGKGREFVAAVTWNSGRINYADSVKGRFTISRDNSKNTALLQMNSLRPEDTAVYYCAAHRFVVGGNRVEDWRYWGQGTLVTVSS
seq17212,EVQLVESGGGSVQAGGSLRLSCAASGFTFDDYAIGWFRQAPGKEREGVSCISSSDGSTYYADSVKGRFTISSDNAKNTVYLQMNSLKPGDTAVYYCAAGITPCSDYTQTYEYDVWGQGTQVTVSS
seq17213,QVQLVESGGGLVQPGGSLRLSCAGPGFLLRSNTMGWYRQAPGKERELVAFIRPSGLTNYNDAVQGRFTISRDNAKNTVYLQMNSLRAEDTAVYYCHTRPPFQRDSWGQGTLVTVSS
seq17214,VQLQESGGGLVQAGGSLRLSCAASGRDFATYSMAWFRQAPGEERESVATISWSGQRTRYADSVKGRFTISRDNAKNTVYLQMNSLKPEDTAVYYCAAPRTWGEFPPTQYDSWGQGTQVTVSS
seq17215,LQESGGGLVQAGGSLRLSCAASANTFVLNPMRWYRQAPGKQRELVAGVTFIGTTNYADSVKGRFTISTDNAKKTVFLQMNSLKPEDTAVYYCNVVVWVGSKSYDSWGQGTQVT
seq17216,EVQLVESGGGLVQPGGSLRLSCVASGFTLDYYAISWFRRAPGKEREGVSCIGNSGDSTNYADSVKGRFTISRDNAKNTVYLQMNSLKPEETAVYYCAARKGFASSCHGLGAAYDSDYESLYDYWGQGTQVTVSS
seq17217,EVQLVESGGGLVQPGGSLRLSCAASGRTFSNYTMGWFRQAPGKEREWVSAISWSTGSTYYADSVKGRFTISADNSKNTAYLQMNSLKPEDTAVYYCAADRYGPPWYDWGQGTLVTVSS
seq17218,EVQLVESGGGLVQPGGSLRLSCAASGFTFSTSWMGWFRQAPGKERELVASITSGGTTNYADSVKGRFTISADNSKNTAYLQMNSLKPEDTAVYYCAADVWYGSTWRNWGQGTLVTVSS
seq17219,QVQLQDSGGGLVQAGGSLRLSCAASGFTGYTFDDYAIGWFRQAPGKEREGVSCISSSDGTTYYADSVKGRFTISSDNAKNTVTLQMNGLKPEDTAVYYCAADLFTSYCSDPMHPRYDYWGQGTQVTVSS
seq17220,QVQLVESGGGLVQPGGSLRVSCAASGFTFSTYYMSWVRQAPGKGLEWVSDIRTDGGTYYADSVKGRFTMSRDNAKNTLYLQMNSLKPEDTALYYCARTRIFPSGYDYWGQGTQVTVSS
seq17221,EVQLVESGGGLVQAGDSLRLSCAASGRSISLYAMAWFRQAAGKEREFVAAINWSGGSTRYADSVKGRFSISRDTAKNTVYLTMNSLKPEDTAVYYCATDSSTTVVFYSSSNSLRYWGQGTQVTVSS
seq17222,VQLQESGGGLVQPGGSLILSCTISGASLRDRRVTWSRQGPGKSLEIIAVMAPDYGVHYFGSLEGRVAVRGDVVKNTVYLQVNALKPEDTAIYWCSMGNIRGLGTQVTVS
seq17223,QLQLVESGGGLVQPGGSLRLSCAASGFTLDYYAIGWFRQAPGKEREGVSGISSSDGSTYYADSVKGRFTISRDNATNTVYLQMNSLKPEDTAVYYCAADQAAIPMHYSASYSGPRGMDYWGKGTLVTVSS
seq17224,EVQLVKSGGGSVQAGGSLRLSCAASGGTFNPYVMAWFRQAPGNEREFVARIRWSGGDAYYDDSVKGRFAITRDAAKNTVHLQMNSLKPEDTAVYYCAAATYGYGSYTYGGSYDLWGQGTQVTVSS
seq17225,QVQLQQSGGGLVQPGGSLRLSCTASGFTVPYYYIGWFRQAPGKEREGISCIASSSGKAYYADSVKGRFTLSKDNAKNTAYLQMDSLKPEDTAVYYCAALRKYGSTCYLHVLEYDYWGQGTQVNVSS
seq17226,DVQLVESGGGLVQPGGSLRLSCAASRSIGRLDRMGWYRHRPGKPRELVATITGGSSINYGDFVKGRFTISRDNSKNTVYLQMNSLRPEDTAVYYCNFNKYVTSRDTWGQGTLVTVSS
seq17227,DVQLQESGGGSVQAGGSLTLSCLMSGHTYYGPCVGWFRQRPGKAREGIAQISPSGGSVSYSGGVKGRFTISRDNSKNTIALIMNDLVPEDTATYYCAADSGGLCSHRERDYDIWGQGTQVTV
seq17228,QVQLQESGGGLVQAGGSLRLGCTASSRTDSSIAMGWFRQTPGNEREFVAAISANAIATHYGDSVKGRFTISRDNDKNTAALQMNSLRPEDTAVYYCAAREDPGRAIWDPRGYDYWGQGTQVTVSS
seq17229,QVQLQESGGGLVQAGGFLRFSCAASGVAFDDYAIGWFRQAPGKEREAVSCICGSRANTYYANSVKGRFTVSSDKAKNTVYLQMNSLRPEDTADYYCAAHEDWSGCDHYSCLRDRYDSWGQGTQVTVSS
seq17230,QVQLVESGGGLVQPGGSLRLSCAASGSIFSINTMAWYRQAPGKQRELVAGITRSGTTTYAGSVKGRFTISRDNAKNTVYLQMNGLKPEDTAVYYCTDYSSSYYQDYWGQGTQVTVSS
seq17231,VQLVETGGGLVQPGGSLRLSCAASGFTLDGYAAGWFRQAPGKERELVSWISSTDGSTYYAASVKGRFTVSRDNAKNTVYLQMNSLKPEDTAVYYCTAGLGLDVSDYVYDYWGQGTQVTVSS
seq17232,EVQLVESGGGLVQAGGSLRLSCAGSGRTGSLYSMGWFRQAPGKEREFVAAITWRPSSTYYADSVKGRFTISRDDAKNTVYLQMNSLKPEDTAVYFCAARPRGGLSPTPQAYDYWGQGTQVTVS
seq17233,QVQLQESGGGLVQAGGSLRLSCAASGRVFENYFMGWFRQAPGKEREFVAATNWNTATNWNTYYAAFVKARFTISRDKAKNTLYLQMNSLKPEDTAVYYCAATGSRTYDVVDYYDYWGQGTQVTVSS
seq17234,QVQLVESGGGLVQPGGSLRLSCAVSGGTVSPTAMGWFRQAPGKGLEFVGHITWSRGTTRYASSVKGRFTISRDSSKNTVYLQMNSLRAEDTAVYYCAASTFLRILPEESAYTYWGQGTLVTVSS
seq17235,EVQLVESGGGLVQPGGSLRLSCAASGFTLDYYNIGWFRQAPGKEREWVSCISSTNGNTYYADSVKGRFSISRDNARNTVYLQMNSLKPEDTAVYYCAAPFSYYNNLCGVNGVDYWGQGTQVTVSS
seq17236,EVQLVESGGGLVQPGGSLRLSCAASGSIFGFNGVAWFRQAPGKGRELVAVIRSGGNTYADSVKGRFTISRDNAKNTVYLQMNSLKPEDTAVYYCNVDYSPPGSLVPDLGPWGQGTQVTVSS
seq17237,DVQLVESGGGLVQPGGSLRLSCAASGSIFTINAMGWYRQAPGKQREEVAAITSGGSTNYADSVKGRFTISRDNAKNTVYLQMNSLKPEDTAVYYCAAAGRAGPLAASYRYDYWGQGTQVTVSS
seq17238,QVQLQESGGGLVQTGGSLKLSCATSGRTFSRYHMGWFRQAPGKEREFVAAISLSGGGTAFANFVEGRFTISRDNAKNTLYLQMNSLKPEDTAVYYCTADRHEWGRLMKGDYWGQGTQVTVSS
seq17239,VKLEESGGGLVQAGGSLRLSCVASGSIFSVNAVAWYRQAPGKQRELVAYIRRSGSTNYADSVKGRFTISRDNAKNTVYLQMNSLKPEDTAVYYCNADFGSDYVVLGSWGQGTQVTVSS
seq17240,VQLVESGGGLVQAGGSLRLSCAASGFTFSSAWMTWVRQAPGKGLEWVTSIATDGSTDYADSVKGRFTISRDNAKNTLYLQLNSLNTEDTAVYYCAKDRWGYVVRGQGTQVTVSS
seq17241,QVQLVQSGGGSVQAGGSLRLSCAASGYTYSSYCMGWFRQAPGKEREGVATINSGGGRTYYTDSVKGRFTISQDNAKNTVYLQMNSLKPEDTAIYYCAAEWYGGSWYPISQIPYGDCDFGYWGQGTQVTASS
seq17242,EVQLVESGGGLVQAGGSLRLSCVVSGRTFSAMGWFRQAPGKEREFVATVGWNPMNSYYGDSVKGRFTIFRDNAKNTVYLQMNSLKPEDTAVYYCAGSGSLLDVTSEAVYTDWGQGTQVTVSS
seq17243,EVQLVESGGGVVQPGDSLRLSCVASGRTDSIYSMAWFRQAPGKEREFVAIITWRREYTNYEDSVRGRFTISRDNAKNAVYLQMNKLKPEDTAVYYCALRPGLRDDLNYWGQGTQVTVSS
seq17244,QVQLQESGGGLGQAGGSLRLSCEVSGTTFSINTMGWHRQAPGKQRELVASISSGGWTNYADSVKGRFTISRDNAKKTVYLQMNNLKPEDTAVYYCRWGAIGNWYGQGTQVTVSS
seq17245,EVQLVESGGGLVQPGGSLRLSCATSATIFRSNAMGWYRQAPGKKRDLVASISNSGSTNYADSVKGRSTVSRDNDKNTAYLQMNSLKPEDTGVYYCTIDGRRGWNTGYWGQGTQVTVSS
seq17246,EVQLVESGGGLVQAGGSLRLSCAASGRTFSNYAMGWFRQAPGKERVLVADISSSGINTYVADAVKGRFTISRDNAKNTVYLQMNSLKPEDTAVYYCAASAWWYSQMARDNYRYWGQGTQVTVSS
seq17247,QVQLVESGGGLVQAGGSLRLSCAASGSISSIRHMRWYRQAPGKQRELVATVSNDGSAYYLGSVKGRFTISRTNAKNTLLYLQMNSLKPEDSALYICNADTWGWPGADYWGQGTQVTVSS
seq17248,QVQLQESGGGLVQSGGSLRLSCSASGSIFRINLMGWYRQAPGKQRELVATITNEGNTYYADSVKGRFTISRDNANNTWYLQMNSLKPEDTAVYECAGKVIRWYWGQGTQVTVSS
seq17249,VQLQESGGGLVQPGGSLRLSCAASGNIFSINTMGWYRQAPGKQRELVASITTGGTTNYEDSVKGRFTISRDNAKKTVYLQMNRLKPEDTAVYYCNHRRSYSGRDYPVYGMDYWGKGTLVTVSS
seq17250,QVQLQESGGGLVQAGDSLRLSCKASGGTFSRLTIAWFRQAPGKEREFVTAVSWVAQTTDYADSVKGRFSISRDNSKNTVYLQMNSLKPLDTAVYYCAAGPQDMIRSRNIRSYISWGQGTQVTVSS
seq17251,EVQLVESGGGLVQPGGSLRLSCAASGYTDSNLWMGWFRQAPGKEREFVAINRSTGSTSYADSVKGRFTISADNSKNTAYLQMNSLKPEDTAVYYCATSGSGSPNWGQGTLVTVSS
seq17252,DVQLVESGGGLVQPGGSLRLSCAASGRTFSSYAMGWFRQAPGKEREFVAAISWSGGSTYYSDSVKGRFTISRDNSKNTVYLQMNSLRPEDTAVYYCTAARGGVAGTDGPLGDYNYWGQGTLVTVSS
seq17253,EVQLVESGGGSVQIGGSLRLSCAASGDDYRGFYMGWFRQAPGKEREGVGSIAIDARPSGYADSAKGRFTISYDNVKNTMYLQMSNLKAEDTGTYYCAAASDPVYYSATSDRLIDYAYYNWGQGTQVTVSS
seq17254,QVQLQESGGGLVQPGGSLRLSCAASGSIFAINEINLMGWYRQAPGKQRELVAACASDGNTYYADSVKGRFTISRDNAEKTVYLQMNNLKPDDTAVYYCDANSRGNYYSGQGTLVTVSS
seq17255,QVQLVESGGGMVQPGDSLRLSCVASGRTGSSYIIGWFRQAPGKEREFVARVSPSGGTRDYADSVKGRFTVSRDNAKNTVYLQMDRLKPEDTAIYTCAAAGGKWTADSGEYNYWGQGTQVTVSS
seq17256,QVQLQQSGGGLVQAGDSLRLSCAASGRAFSGYAMGWFRQAPGREREFVAAISRGGGTTYYADSVKGRFTISRDNAKNTVYLQMNSLKPEDTAVYYCAANRYGSSSYQGQYGSWGQGTQVTVSS
seq17257,QVQLQESGGGLVQAGGSLRLSCAVSGNTLSRYAMGWFRQTPGKEREFVAAIRWNNGATYYAESVEGRFTISRDSGKNTVYLQMNNLQPEDTAVYYCAGRFLGYASSNAYHEALYNYDYWGQGTQVTVSS
seq17258,QVQLQESGGGLVQAGGSLRLSCAASGRTFGIYSMAWFRQGPGKGREFVAAMNWRGISTSYADSMKGRFTISRDNAKNTVYLQMNSLQPEDTAVYFCAAGSSWLDPTWAQSPSNYNYWGQGTQVTVSS
seq17259,EVQLVESGGGLVQPGGSLRLSCAASGSIRSIDAMAWYRQTPGKQRDFVAAIFSGGLTHYADSVKGRFTISRDNAKNTLYLQMNSLKPEDTAVYYCKFRAPTGSDNWGQGTQVTVSS
seq17260,QLQLVESGGGLVQPGGSLRLSCAASGFTFSGYAMSWVRQAPGKGLEWVSGINSDGGNTYHVDSVKGRFTISRDNAKNTVYLQMNSLKPEDTAVYYCATTIVPGYWGQGTQVTVSS
seq17261,EVQLVESGGGLVQAGGSLRLSCAASGSFFRVNNMAWYRQAPGKQRELVADITRGDRTNYADSVNGRFTISRDNVRNTVYLQMNGLKPEDTAVYYCYATIELGVLEPRDYWGQGTQVTVSS
seq17262,QVQLQESGGGSVQTGGSLRLSCAASTSIYNNNYMAWFRQAPGKGREGVAAVYIDDGRPYYADSVKGRFTISLDSAKNTVYLQMNSLKPEDTAMYYCAAAPGPLSRHYWYTSANYDYWGPGTQVTVSS
seq17263,EVQLVESGGGLVQPGGSLRLNCAASGFTLDDYVMGWFRQTPGKEREFVAAISSSGALTSYADSVKGRFTISADNSKNTAYLQMNSLKPEDAAVYYCAAKEYGGTRRYDRAYNWGQGTLVTVSS
seq17264,EVQLVESGGGVVQPGGSLRISCAASGSIYLINYMGWYRQAPGKQRELVATLTSGGSTNYAGSVKGRFAISRDNAKNTVYLQMNSLKPEDTALYYCNIGGTLYDRRRFESWGQGTLVKVSS
seq17265,QVQLQESGGGLVQPGGSLRLSCAASGFTLSNYAMHWIRQAPGKGLEWVSSIYTSGNTTSYTASVRGRFTISRDNAKNTLYLQMNSLLPEDTAVYYCAKGRYDSSWPTRGQGTQVTVSS
seq17266,EVQLVESGGGLVQAGGSLRLSCAASGRTSSGYGMGWFRQAPGKEREFVAAVGWYGSTYFADSVKGRFTIYRDNAQNTMYLQMNSLKPEDTAVYYCAASSSLATISQPSSWGQGTQVTVSS
seq17267,ESGGGSVQAGGSLRLSCASSSKYMPCTYDMTWYRQAPGKEREFVSSINIDGKTKYTYSVKGRFTISQDSAKNTVYLQMNSLKPEDTAMYYCKIDSYPCHLLDVWGQGTQVTVSS
seq17268,QVQLQESGGGSVQAGGSLRLSCAASRDILTLYYMGWFRQAPGKEREGVAAISSDIIFTSYANSVKGRFTISRDKDKNTVYLQMNSLKPEDTAIYYCAAASTWVPGFFPLFASQYNSWGQGTQVTVSS
seq17269,EVQLVESGGGVVQPGGSLRLSCAASGRTFRHYAMGWFRQAPGKEREFVAAISSYGSTDYGDSVKGRFTISRDDAKNTVPLQMNSLKPEDTAVYYCAAADETLGAVPNFRLHEKYEYEYWGQGTLVTVQS
seq17270,EVQLVESGGGLVQPGGSLRLSCTAYGFIFDRSRMFWARQAPGKGFEWLSSILTAGDTWYSDSVKGRFTISRDNAKNTLYLQMNDLKSEDTAVYYCSKDGIYSSKGQGTQVTVSS
seq17271,EVQLVESGGGLVQPGGSLRLSCAASGFNVNAYHIGWFRQAPGEEREGVSFISSDRETNYADSVKGRFTISRDSAKNTVYLQMNRLKPEDTAVYYCAATANQLWRLWMGISSWGQGTQVTVSS
seq17272,QVQLQESGGGLVQPGGFLRLSCAASEGMFRINIMGWYRQPAGKQCELVATVATGGHPNYADSVKGRFTISRDNVKSTAYLQMNSLKPEDTAVYYCNVNARLPSTGSRDYWGQGTQVTVTS
seq17273,QVQLVESGGGLVQAGGSLRLSCVASGSTSDINIMAWYRQASGKQRELVANMARGGLPKYADSAKGRFTISRDNAKSTINLQMNDLKPEDTAVYYCNALLDWRLGEYWGQGIQVTVSS
seq17274,QVQLQESGGGSVQTGGSLRLSCAASTSIYSINYMAWFSQAPGKGREGVAAVYIDDGRPYYADSVKGRFTISLDSAKNTVYLQMNSLKSEDTAMYYCAAAPGPLSRNYWYTSANYDYWGQGTQVTVSS
seq17275,EVQLVESGGGSVQAGGSLRLSCAASGFTGSTYLMAWFRQAPGKEREGVACINSIGSLPYYADSVKGRFTISQDNAKNTVNLQMNSLKPEDTATYYCAAKTSPFGCADISMAYWGKGTLVTISS
seq17276,QVQLQESGGGLVQPGGSLRLSCAASESTPSINTMGWYRQAPGKERELVATITSGGMTNYADSVKGRFTISRDNGKNTVYLQMNSLEPGDTAVYYCNLKRRDLQARFGGYWGQGTQVTVSS
seq17277,EVQLVESGGGLVQPGGSLRLSCAASGFTFDDYGMSWVRQAPGKALEWVSAISWNGNNTYYTESMKGRFTISRDNAKNTLYLQMNSLRPEDTAVYYCVKGSTAIVGVPPTYPDEYDYWGQCTLVTVSS
seq17278,EVQLVESGGGLVQPGGSLRLSCAASGTIFKVNIMAWYRQAPGKGRELVAAIITSGTTTYADSVKGRFTISRDNAKNTLYLQMNSLRPEDTAVYYCAFVTTNSDYDLGRDYWGQGTLVTVSS
seq17279,QVQLQESGGGLVQAGGSLRLSCVASGRTFSSYAMGWFRQAPGKEREFVAAIDWSGGTASHADSVKGRFTISRDNAKNTVDLQMNSLKPEDSAVYYCAVGGDWRVYDISFYYTAHQYEYWGQGTQVTVSS
seq17280,EVQLVESGGGLVQAGGSLRLSCAASGIISSFRTMAWYRQAPGKQRDWVATIGSDGLANYADSVKGRFTISRDNAKKTVYLQMNSLKPEDTAVYFCRDINRDYWGQGTQVTVSS
seq17281,EVQLVESGGGLVQAGGSLRLSCAASGRTFSIYAMGWFRQAPGKEREFVAAINWNGDTTYYADSVKGRFTISADNAKNTVYLQMNSLKPEDTAVYYCAAVPRYSDYDYWGQGTQVTVSS
seq17282,EVQLVESGGGPVQAGGSLRLSCAASGRTYRGYSMAWFRQSPGKEREFVAAIVWSDGNTYYEDFVKGRFTISRDSAKNTLYLQMTNLKPEDTALYYCAAKIRPYIFKIAGQYDYWGQGTLVTVSS
seq17283,VQLVESGGGFVQAGESLTLSCTSSTLTFTPYRMAWYRQAPGKQRDLVADISSGDGRTTNYADFAKGRFTISRDNIKNTVFLRMTNLKPEDTAVYYCNTFVSFVGIARSWGQGTQVTVSS
seq17284,EVQLVESGGGLVQAGGSLRLSCAASGRTFSSYAMAWFRQAPGKEREYVAAIRWSGGTAYYADSVQGRFTISRDNAKNTVYLQMYSLKPEDTAVYYCANRAPDTRLAPYLYDHWGQGTQVTVSS
seq17285,VQLQESGGGLVQAGESLTLSCALSTTMFGFWPMAWFRQTPGQRRELIATIDSRGRTNIADSVKGRFTISRDNTKNTLYLRMNSLKPEDTAVYYCNAQRRWPLRDYWGQGTQVTVSS
seq17286,EVQLVESGGGLVQAGGSLRLSCAASGSIFSINAMAWYRQAQGKQRELVADITKNDITDYADSVKGRFTIARDNAKNTVDLQMNSLKPEDTAVYYCTAALSRHPYRSWGQGTQVTVSS
seq17287,EVQLVESGGGLVQAGGSLRLSCTGSETSGTIFNINVMGWYRQAPGKQRELVAIMDIGGTTDYADSVKGRFTISRDNAKNTVYVQMNNLKSEDTAVYYCYCALDRAVAGRYTYWGQGTQVTVSS
seq17288,AVQLVESGGGSVQAGGSLRLSCAASGYDHCTYDMSWYRQAPGKEREFVSTIDSDDMITYAESVKGRFTISRDNAKSTVYLQMNSLKPEDTATYYCKSTTAHCSGGECCGSFQMHYWGKGTLVTISS
seq17289,EVQLVESGGGLVQPGGSLRLSCAASGFTIDDYAMGWFRQAPGKEREFVAAVSGTGTIAYYADSVKGRFTISADNSKNTAYLQMNSLKPEDTAVYYCAAYYIDYDEALEETRGSYDWGQGTLVTVSS
seq17290,QVKLEESGGGLVQPGGSLRLSCAASGRTLSSYIVAWFRQAPGKEREFVAGISRRGGNSAYVESVKGRFTISRDNAKNTVYLQMNSLKPEDTAVYYCAADGSVAGWGRRSVSVSSYDYWGQGTQVTVSS
seq17291,EVQLVESGGGLVQAGGSLRLSCAAPGRTFSEYAMGWFRQNPGNEREFVAAISRGGGFTDYADSVKGRFTISRDNAKNTVYLQMNSLKPEDTAVYYCAADGRSSFGIAKRSRYEYDSWGQGTQVTVSS
seq17292,EVQLVESGGGLVQAGDSLSLSCTASAGTLRNFGMGWFRQARGEEREFVATISRSARHTYYSDSVKGRFTISRDNAKNMVSLQMNSLKPEDTAVYYCAARFRSDDGTYYYQRAFYDFWGQGTQVTVSS
seq17293,QVRLVESGGGSVQAGGSLRLSCAGSFSGYGVSTMAWFRQAPGKEREGVAAITVGSGNTYYADSVKGRFTISRDNAKRTVFLQMNSLKPEDTAMYYCAVGYLSGGSWDVPGRYNYWGQGTQVTVSS
seq17294,EVQLVESGGGLVQPGGSLTLSCAASGSKVSFLSMAWYRQAPGKKRELVAGISADGSTTYIDSVKGRFTISRDNAKNSVYLQMNSLRAEDTAVYYCYAYRWKTRYTYWGQGTLVTVSS
seq17295,EVQLVESGGGEVQPGGSLRLSCAASGRPFGTYAMGWFRQAPGKERDLVAAVSRNAGASYYAESVKGRFTISRDNAKNTVYLQMSSLRAEDTAVYYCAARSAAYSRSSEVYTGKDEYYYWGQGTLVTVKP
seq17296,EVQLVESGGGLVQSGGSLRLSCAASGRSFSSLAMGWFRQVPGKDREFVASISQSGITTSYADSVKSRFTISRDSAKNTVYLQMNLLKPEDTAVYYCATSVFYSTALTRPVDYRYWGQGTQVTVSS
seq17297,QVQLQESGGGLVEPGGSLRLSCAASGFRFSSYAMSWVRQAPGKGLERVSAINSDGDKTSYADSVKGRFTISRDNARNTLYLQMSNLKPEDTAVYYCADRDLYCSGSMCKDVLGGARYDFRGQGTQVTVSS
seq17298,EVQLVESGGGLVQPGGSLRLSCAASGSVHLLNFLGWYRQAPGKEREMVAHITIADVTDYSYFAKGRFTISRDEAKNMVYLQMNSLRPEDTAVYFCRAGSRIYPYDYWGQGTQVTVSS
seq17299,QVQLQESGGGNVTAGGSLRLSCAASGRATSGYGMGWFRQVPGKEREFVAAIRWSGKETWYKDSVKGRFTISRDNAKTTVYLQMNSLKPEDTAVYYCAARPVRVDDISLPVGFDYWGQGTQVTVSS
seq17300,HVQLVESGGGSVQAGGSLRLSCAASGANGGRSCMGWFRQVPGKEREGVSGISTGGLITYYADSVKGRFTISQDNTKNTLYLQMNSLKPEDTAMYYCATSRFDCYRGSWFNRYMYNSWGQGTQVTVSS
seq17301,AVQLVESGGGSVQAGGSLRLTCAASGRTSRSYGMGWFRQAPGKEREFVSGISWRGDSTGYADSVKGRFTISRDNAKNTVDLQMNSLKPEDTAIYYCAAAAGSTWYGTLYEYDYWGQGTLVTVSS
seq17302,EVQLVESGGGLVQSGGSLRLSCAASGFTFGSYDMSWVRQAPGKGPEWVSAINSGGGSTYYADSVKGRFTISRDNAKNTLYLQMNSLKPEDTAVYYCAIPRGWGPTGPHEYAYWGQGTQVTVSS
seq17303,EVQLQASGGGLVQAGGSLRLSCAVSGRTFSSYNMGWFRQAPGKEREFVAAINWSASTYYADSVKGRFTISRDNAKNTVYLQMNSLKPEDTAVYYCNLHVATTSYFQTSDYWGQGTQVTVSS
seq17304,QVQLQESGGGLVQAGGSLRLSCAVSGNTLSRYAMGWFRQTPGKEREFVAAIRWNEGATYYADAVEGRFTISRDNAKNTVYLQMNNLKPEDTAVYYCAGRFLGYASSNAYHEALYNYDYWGQGTQVTVSS
seq17305,QVQLQESGGGLVQAGGSLRLSCAASGTIFDYYDMGWYRQAPGKERELVAGISTGTITYYADSVKGRFTISRDNAKNTVYLQMNSLKPEDTAVYYCAAETTSPVVGVDTLWYGYWGQGTQVTVSS
seq17306,EVQLVESGGGLVQAGGSLRLACAASGRTFSTYAMGWFRQAPGKEREFVAAISWNEVNTYYTDSVKGRFTISRNNAENTVYLQMNSLKREDTAVYYCASDRHYTAQQMRVMTGASYMDYWGKGTLVTVSS
seq17307,EVQLVESGGGSVQAGDSLRLSCAASGRTFTMGWFRQAPGTEREFVAAISGSGKITNYADSVKGRFTISRDHAMNTVFLQMDSLKPEDTAVYYCAAYLRSPYYSSYYDSAKYEYWGQGTQVTVSS
seq17308,DVQLVESGGGSVQAGGSLKLSCSASGYTYRSYCMGWFRQAPGKQRTGVAHIHSDSGETYYIDSVKGRFTISQDNAKNTLYLQMTNLKPEDTAIYYCAALYTQGAGSCPGSYNYWGQGTQVTVSS
seq17309,QVQLVESGGGLVQTGGSLKLSCTASVRTLSYYHVGWFRQAPGKEREFVAGIHRSGESTFYADSVKGRFTISRDNAKNTVHLQMNSLKPEDTAVYYCAQRVRGFFGPLRSTPSWYDYWGQGTQVTVS
seq17310,QVQLQQSGGGLVQTGGSLRLSCAASGSIFSIDFMGWYRQAPGNPREFVARIRGGNTYYADSVKGRFNISRDNAENTVYMQMNSLKSEDTAVYYCNAQITMRGGTWSTSEYWGQGTQVNVSS
seq17311,QVQLQEFGGGLVQPGGFLTFSCAASGRTFSDYDMGWFRDVPGKDREFVAAIDGNGQTTVYVESVKGRFTISRDNDKNMVYLRMNSLKPEDTAIYYCAARLFITIARDPEYDYWGQGTQVTVSS
seq17312,QVQLVESGGGLVQAGGSLRLSCAASEGTLSSEAMGWHRLAPGKQRESVGFISSGGSTNYRDSVKGRFTISRDNAKNTVYLQMNSLKPEDTGVYFCRIPNSVGPWGQGTQVTVSS
seq17313,QVQLQESGGGLEQPGGSLRLSCATSGVIFGINAMGWYRQAPGKQRELVATFTSGGSTNYADFVEGRFTISRDNAKNTVYLQMNGLRPEDTAVYYCHATVVVSRYGLTYDYWGQGTQVTVSS
seq17314,QVQLVESGGGLVQPGGSLTLVCATSGFEFGDYAIGWFRQAPGKEREGVAAVAMDDGQVYYEDSLEGRFTITSDNATKTVALLMSDLKPEDSAMYYCAADEDFLPSFVSYFDYWGQGTQVTVSS
seq17315,EVQLVESGGGLVQPGGSLRLSCAASGFTFSNYGMSWVRQAPGKGLEWVSRINSGGDIINYVGSVKGRFTISRDNYKNILYLQMNGLKPEDTAIYYCAKSRDIYGWSPKDYRGQGTQVTVSS
seq17316,EVQLVESGGGLVQPGGSLTLSCVASGNTSSINAMGWYRRAPGKQRELVAGISSNGSKVYADSVKGRFTISRDNAKNSVYLQMNSLRAEDTAVYYCYYFRTVTGSSMRYWGQGTLVTVSS
seq17317,QVQLQESGGGLVQPGGSLRLSCAASGFSLRYFGIGWFRQAAGKEHEGISCSNVRDGNTYYADSVKGRFTISRDNVRNMLYLQMNNLKPDDTAVYSCATTDCEATTWGTYRGYFGQGTQVTVSS
seq17318,VQLQESGGGLVQAGDSLRLSCAASGRTSHGYGGYGMGWFRQIPGKERELVAAIRWSGRNTYYADSVKGRFTISRDNVKDMLYLQMNSLKPEDTAVYTCAVRTVRVVDISSPVGFAYWGQGTQVT
seq17319,EVQLVESGGGLVQPGGSLRLSCAVSGNIYNRNFMGWFRQAPGKGREGVSAIYTGTSRTYYADSVKGRFTISRDNAKNTVYLQMNSLRPEDTAVYYCAADLRDGFWDTGVWNTWGQGTLVTVS
seq17320,EVQLVESGGGSVQAGGSLRLSCTASGRPFDNYAMAWFRQAPGKEREFVAAVSWSLSRTHYADSVEGRFIISRDNAKNTAFMQMSSLKPEDTAVYYCAAAPRPKWISVRYFTTSSNYDYWGQGTQVTVSS
seq17321,EVQLVESGGGSVQTGGSLTLSCTASGRTGSTDGVGWFRQAPGKEREFVSAIKWIGGSKYYSNSAEGRFTIAVDNAKNTVYLQMNSLNPEDTAVYYCAAGAIMFPSRPRDFDFWGQGTQVTVSS
seq17322,QVQLQEFGGGLVQPGGSLRLSCVGSGFTSDTYAMGWFRQAPGKEREGVASLDFVTDKAFYAESAKGRFTISRDNAKDMLHLQMNSLKPEDTALYYCARQRDGGSWYEYDYWGQGTQVTVSS
seq17323,QVQLVQSGGGLVQAGDSLKLSCAASGRTFSDYAMGCILQNPGKERDFVASINRSGGRLSYAESVNDLFTISVDNAKNMLYLQMNSLKPEDTAVHYCVLRTNWNPPRPLPEEYNYWGQETQVTVSS
seq17324,EVQLVQSGGGLVQAGGSLRLSCVASGRTFSSYAMGWFRQAPGRERAFVAGISGSASRKYYADSVKGRFTVSRDNARNTVYLQMNSLKPEDTAVYYCAASNSYPKVQFDYYGQGTQVTVSS
seq17325,QVQLVESGGGLVQAGGSLRLSCAASGRTFGSTFMGWFRQAPGKERDFVASITWNRGLTTYADSVKGRFTISRDSAKNTVDLQMNNLKPEDTAVYYCVLGMGTSFASWGQGTQVTVSS
seq17326,QVQLQESGGGLVQAGGSLRLSCTASGFTFDDYSMGWFRQAPGKEREGISCIDWSGGRTNYGDSVKGRFTISRDNAKNTLYLQMNSLKPEDTAMYYCAANSAYSSCSLSTTHYKYWGQGTQVTVSS
seq17327,EVQLVESGGGLVQPGGSLRLSCAASGGSISSINAMGWFRQAPGKERELVAGIITSGDSTYYADSVKGRFTISADNSKNTAYLQMNSLKPEDTAVYYCAAGSAYVAGVRRRNAYHWGQGTLVTVSS
seq17328,QVQLQESGGGLVQAGGSLRLSCAASGTIFQVGSMGWYRQAPGKGRKFVATIADGGSTNYAGSVKGRFTISRDNAKNTVYLQMNSLKPEDTAVYYCAALGQVSEYNSASYEWTYPYWGQGTQVTVSS
seq17329,DVQLQASGGGLVQAGDSLRLSCTASGPTFNSNPMGWFRQAPGKEREFVATITRNGRFTNYADSVKGRFTISRDNAKNTVYLQMNSLKPEDTAVYSCAARSDASSPTYDYWGRGTQVTVSS
seq17330,EVQLVESGGGLAQAGGSLRLSCAASGRTFSRYVMGWFRQAPGKEREFVSVINRSGGSTDYSTYVKGRFTIFRDNAKNTVFLEMTSLEPEDTAVYYCAAGEYYTGDSSRYDHWGQGTPVTVSS
seq17331,EVQLVESGGGLVQPGGSLRLSCTSRIGTISNIDLMNWYRQAPGKQREFVASLQSNGATNYADSVKGRFTISRDNAKNTLFLQMNSLNPEDTAVYFCHALLPRSPYNSWGQGTQVTVSS
seq17332,EVQLVESGGSLVQPGGSLRLSCAASGFTFDDYAMSWVRQVPGKGLEWVSSINWSGTHTDYADSVKGRFTISRNNANNTLYLQMNSLKSEDTAVYYCAKNWRDAGTTWFEKSGSAGQGTQVTVSS
seq17333,DVQLVESGGGLVQPGGSLRLSCAAAGSIFTINAMGWYRQAPGKQREEVAAITSGGSTNYADSVKGRFTIYSGSDKHAVYLQMNDLNPVETGVYYCTAVVVTTTAYSDYWGQGTLVTVTS
seq17334,QVQLQESGGGLVQPGGSLRLSAAASGSILNINVMAWFRQAPGKQREWVASIYRDGSTYYADSVKGRFTISRDNAKNTVYLQMNSLKPEDTAVYYCNVVTYGSNRRDFWGQGTQVTVST
seq17335,QVQLQESGGGLVQAGGSLRLSCAVSGMMYIREAIRWYRQAPGKQREWVAFVSSTGNPRYTDSVKGRFTISRDNAKNTVYLQMNSLTPEDTAVYYCNTYLGSRDYWGQGTQVTVS
seq17336,EVQLVQSGGGLVQPGGSLTLSCVASGIILSHNEMRWYRQNPGKPRDLVAGITSAAYTYYGDFVKGRFTISRDNARNTAYLQMNSLNPGDTGNYYCEVSDGDNQYWGQGTQATVSS
seq17337,EVQLVESGGGVVQPGGSLRLSCAASGFTLAYYAIGWFRQAPGKEREGVSCISGSVGTTYYADSVKGRFTISRDNAKNTVYLQMNSLRPEDTALYYCVRSSWFDCGVQGRDLGNEYDYRGQGTLVTVSS
seq17338,QVQLQEFGGGLVQAGGFLTFSCVASGIRFSDSAMSWYRQAPGKERELVATVTLTGSPMYEDFVKGRFTISRDNAKKTVYLQMNSLQPEDTAVYYCNARRPPPAYEYEYWGQGTQVTVSS
seq17339,QVQLQESGGGLVQPGGSLRLSCAASGRTVSSLFMGWFRRAPGKERELVAAISRYSLYTYYADSVKGRFTISADNAKNAVYLQMNSLKPEDTAVYYCASKLEYTSNDYDSWGQGTQVTVSS
seq17340,QVQLQESGGGLVQPGGSLRLSCAASGFTLSSYSMTWLRQAPGKGLEWVSTINSGGSTSYADSVKGRFAISRDNAKNTLYLQLNSLEIEDTGMYYCQGGLTRGQGTQVTVSS
seq17341,QLQLVESGGGLVQPGGSLRLSCAASGFTFSSYDMTWVRQAPGKGLEWVSAINSGGGSTNYADSVKGRVTISRDNAKNTLYLQMNSLKPEDTAVYFCARALRTVVHDRRLFYIDSWGQGTQVTVSS
seq17342,EVQLVESGGGLVQAGDSLRLSCAASKRTTSAYATGWFRQAPGKEREFVAAISYSGAYTNYADSVKGRFTISRDNAKNTVYLQMNSLKPEDTAVYYCAADRNPYRGSNNANAYDYWGQGTQVTVSS
seq17343,EVQLVESGGGLVQAGGSLRLSCAASGRTINTYVTGWFRQAPGKEREFVARIDWSGSSTDYADSVKGRFTISRDNAKNTVYLQMNSLKPEDTAVYYCAGSAYYSGYVTHRDFGSWGQGTQVTVSS
seq17344,QVQLQESGGGLVQAGGSLRLSCAASGLYVSANDMGWFRQAPGKEREFVATISWRGSSTSYVDSVKGRFTISRDNARNTVYLQMNSLKPEDTAVYSCAAGHSVGATMTAPGSFSSWGQGTQVTVSS
seq17345,MAESGGGSVQTGGSLRLSCAYTASSVCMAWFRQAPGKEREGVAVTREGLPKTGYADSVKGRFAISQDYAKKTLYLQMSSLKPEDTARYYCAARPTSPCTVDGELLASTYDYWGQGTQVTV
seq17346,VQLQESGGGSVQAGGSLRLSCTAPGFTSNTCAMAWFRQAPGKEREFVSSLSTVGTTGYADSVKGRFTISKDEAKDTVYLLMNSLKPEDTAMYFCKTFACRDCSGRYCRTAPDAWGQGTQVTVSS
seq17347,EVQLVESGGDLVQPGGSLRLSCTAYGFIFDQARMFWARQAPGKGFEWLSSILTAGDTWYSDSVKGRFTISRDNAKNTLYLQMNDLKSEDTAVYYCSKDGIYSSKGQGTQVTVSS
seq17348,QVQLVESGGGSVHAGGSLRLSCVRVSMYTYTGTCMAWFRQAPGKEREGVAGLWTGDGVTYYADSVKGRFTISQDDAKNTLYLQMDSLKPEDTAMYYCASNGMCGQYWALEDEYKYWGQGTQVTVSS
seq17349,EVQLVESGGGLVQPGGSLTLSCVASGFTLDGYAIGWFRQAPGKEVESVSCITGRHGTIYYADSVMGRFTISRDNAKNTVYLQMNSLKPEDTAVYYCAADGFDTPCVAGTDWQYDYWGQGTQVTVSS
seq17350,QVQLQESGGGLVQPGGSLRLSCAASGFSLRNYGIGWFRQAPGKEREGVSCSNVRDGSIYYADSVQGRLTISRVNVKNTLYLQMNDLRPEDTAVYYCATTDCEATGWGTWIGYFGQGTQVTVSS
seq17351,QVQLVESGGGLVQSGGSLTLTCAASGFTFSAASMRWVRQVPGKGLEWVATIDGTGANSYYSESAKGRFTISRDNARNTLRLQMNNLKPDDTAVYYCANFGRNYWGKGTQVTVVV
seq17352,QVQLQQSGGGLVQAGGSLRLSCAASGSDFSINAMGWYRQGELVAGFTGDGNPIYADSVKGRFTISRGNAENTVSLQMNSLKPEDTAVYYCAADVKIGGDYEWYWGQGTQVTVKP
seq17353,EVQLVESGGGEVQPGGSLRLSCGPSEIITSDKSMGWWRQAPGKQRNLVAGISNVGSTNYAQSVKGRFTISRDNAKNTVYLQMSSLRAEDTAVYYCYARDFENEYWGQGTLVTVKP
seq17354,EVQLVESGGGLVQPGGSLRLSCAASGFTLDYYAIGWWRQAPGKGREGVSCISSGDGSTNYADSVKGRFTISRDNAKNTVYLQMNSLKPEDTAVYYCATDRSVYYCSGGAPEEYYWGQGTQVTVSS
seq17355,EVQLVESGGGLVQPGGSLRLSCAAAGGTFRNYVMGWFRQAPGKGREFVTAISTGGSWTGYVDSVKDRFTISRDNSKNTLYLQMASLRPEDTAVYYCAATTPATTYLPRSERQYDYWGQGTLVTVSS
seq17356,QVQLQESGGGLVQAGGSLRLSCAASGTIFQVGSMGWYRQAPGKEREFVATIADGSSTNYADSVKGRFTISRDNAKNTVYLQMNSLKPEDTAVYYCAALGQVSEYNSASYEWTYPYWGQGTQVTVSS
seq17357,EVQLLESGGGLVQPGGSLRLSCAASGRTFNNYNMGWFRQAPGKGREFVAAVSRSGVSTYYADSVKGRFTISRDNAKNTVYLQMNSLRPEDTAIYYCGAAYRGTAINVRRSYDSWGQGTLVTVSS
seq17358,QVQLQESGPGLVKPSQTLSLTCTVSGGSITSRYYAWSWIRQPPGKGLEWIGVIDYDGDTYYSPSLKSRTSISVDTSKNQFSLKLSSVTPEDTAVYYCARDPDVVTGFHYDYWGQGTTVTVSS
seq17359,EVQLVESGGGLVQPGGSLRLSCAASGLTVVPYAMGWFRQAPGKEREFVAAIRRSAVTNYADSVKGRFTIIADNSKNTAYLLMNSLKPEDTAVYYCAARRWGYHYWGQGTLVTVSS
seq17360,DVQLVESGGGLVQPGGSLRLSCAASGRTFSSYSMGWFRQAPGKEREFVVAISKGGYKYDAVSLEGRFTISRDNAKNTVYLQINSLRPEDTAVYYCASSRAYGSSRLRLADTYEYWGQGTLVTVSS
seq17361,EVQLVESGGGLVQAGDSLRLSCAASGRTFSSYRMGWFRQAPGKEREFVAAISRSGASAYYADSVKGRFTSSRDNAKNTVYLQMNKLKPEDTAVYYCAASSRIGVDDPEAYGYWSQGTQVTVSS
seq17362,EVQLVESGGGLVQAGASLRLSCVDSGDTFSWYAMGWFRQQAPGKEREFVSSISGGGSNTVYADSVKGRFTVSRDRAKNTVYLQMNSLKPEDSGVYYCAADKRWGSPATSRSTHDYDFWGQGTQVTVSS
seq17363,EVQLVESGGGLVQPGGSLRLSCAASGRSLSNYYMGWFRQAPGKGRELLGNISWRGYNIYYKDSVKGRFTISRDDSKNTIYLQMNSLKPEDTAVYYCAASILPLSDDPGWNTYWGQGTLVTVSS
seq17364,QVQLQESGGGLVQPGGSLRLSCAASGSISSINAMAWYRQAPGKRRELVAGIDGGGVTNYPDSVKGRFTISRDNAKNTVYLQMSSLKPEDTAVYYCNLWPPRASPGGRVYWGQGTQVTVSS
seq17365,EVQLVESGGGLVQAGGSLRLACAASGLSFSFYTMGWFRQAPGEERDFVAAINWSGGSTLYAESVKGRFTISRDNAKNTVYLQMNSLKPEDTAVYYCAAVRSVGRTYWTRALEYNYWGQGTQVTVSS
seq17366,EVQLVESGGGLVQPGGSLTLSCVASGSTSSINAVGWYRRAPGKQRELVAGISSDGTKVYRDSVKGRFTISRDNAKNSVYLQMNSLRAEDTAVYYCYYFRTVQGSSMRYWGQGTLVTVSS
seq17367,QVQLQESGGGLVQPGGSLRLSCAASGFTFSSNAMTWVRQAPGKGLEWVSAISSTGNSITEADSVKGRFTISRDNAKNMLYLQMNSLKPEDTAVYYCAKLGGDTWYMEYWGQGTQVTVSS
seq17368,EVQLVESGGGPVQTGGSLRLSCVASGRTYRGYSMAWFRQPPGKEREFVAAITWSEGNTYYEDFVKGRFTISRDNAKNTLYLQMTSLKPEDTALYYCAAKIRPYIFKIPGQYDYWGQGTLVTVSS
seq17369,QVQLQQSGGGLVQAGGSLRLSCVASGRTFSGYGMGWFRQVPGKEREFVAAIRWSGVTTYYVDSVKGRFTISRDNAKSTVYLQMNSLKPEDTGVYYCAVRPVRVDDISTPDGFVYWGQGTQVTVSS
seq17370,QVQLQESGGGSVQAGGSLRLSCAASGYTSGRDSMGWFRQAPGKEREGVACIDTSGIVNYADSVKGRFTISQDSAKKTLYLEMNSLKPEDTALYSCATGPFVYGRGCLGQAFYSYWGQGTQVTVSS
seq17371,VQLQESGGGLVQAGESLRISCVASGNTFDTRAMGWFRQAPGKEREFVAAISRSSFNTYYSDSVTGRFTISRDNAKNTVYLQMNSLKPEDTAVYYCVAGKYGMKWRDGADYWGQGTQVTVSS
seq17372,QVQLQESGGGLVQAGGSLRLSCAASGRTFRNYGMGWFRQAPGKEREFVAAISWNGGSTYYADSVKGRFTISRANAKNTVFLQMNSLKPEDTAVYYCAAEPRGRDYGDFNYWGQGTQVTVSS
seq17373,QVQLQQSGGGLVQPGGSLTLSCVASGIILSHNEMRWYRQNPGKPRDLVAGITSAAYTYYGDFFKGRFTISRDNAKNTAYLQMNRLNPEDTGNYYCEVSDGDIQYWGQGTQATVSS
seq17374,QVHLMESGGGSVQAGGSLRLSCVASGDTGYQPTMRWYRQAPGKEREFVSAIYSDQTTSYADSVKGRFTISQDNARKTVYLQMASLKPEDTAMYYCKLTTRRGSEYWGQGTQVTVSS
seq17375,DVQLVDSGGGLVQAGGSLRLSCAVSGSDGRVMLMGWYRQAPGQQRDLVASITSADYTTYAESVEGRFTISTDNNKNTVYLQMNSLKPEDTAVYFCKVIAATVWGQETQVRQGLTFWGQGTQVTVSS
seq17376,EVQLVESGGGLVQAGGSRRVSCAASGLTFSDYSMAWFRQAPGKEREFVAAHAWLASTTDYADSVKGRFTISRDNAKNTVYLQMNSLKPEDTAAYYCAAGQRYLSRVSQGYEYWGQGTQVTVSS
seq17377,QVQLQESGGGLVQAGGSLRLSCAASGSTSSINHIAWYRQAPGKQREWVATITSGGGSTYYTNSVKGRFTISRDNAKNTVYLQMNNLKPEDTAVYYCKANQAAGNKDYWGQGTQVTVSS
seq17378,QVQLQESGGGLVQPGGSLRLSCAASGSISSATAMTWFRQAPGKSREYVARIFFSGGTNYADSVKGRFTIARDAAKNTMYLQMNNLKREDTAVYYCNLLSYWGQGTQVTVSS
seq17379,VQLVESGGGLVQAGGSLRLSCATSGGTFSDYGMGWFRQAPGKEREFVAAIRRNGNGGNGIEYADSVKGRFTISRDNAKNTVHLQMNSLTPEDTAVYYCAASISGYAYNTIERYNYWGQGTQVTVSS
seq17380,EVQLVESGGGSVQAGESLRLSCAASGSIFSSNAMAWYRQAPGKRRDLVAAINSVGVTKYADSVKGRFTISRDNAKNTVYLQMNSLKPEDTAVYYCTSDPRRGWDTRYWGQGTQVTVSS
seq17381,QVQLQESGGGLVQAGGSLRLSCATFGFSFDDYAIAWFRQAPGKEREGISCISNTDSSTFYADSVKGRFTISSDNAKNTVHLQMSSLKPEDTAVYYCAADGNVWSPPICGSAGPPPGGMDYWGKGTQVTVSS
seq17382,QVQLVESGGGLVQPGGSLRLSCAASGFSLDYYGVGWFRQAPGKEREGVSCTSSSDGDTYYADSVKGRFTISRDNAKNTVYLQMNSLKPEDTAVYYCATDLSDYGVCSRWPSPYDYWGQGTQVTVSS
seq17383,EVQLVESGGGLVQPGGSLRLSCAASGFTFDDYTMGWFRQAPGKEREFVAAITDNGGSKYYADSVKGRFTISADNSKNTAYLQMNSLKPEDTAVYYCAADRRGLASTRAADYDWGQGTLVTVSS
seq17384,EVQLVESGGGLVQPGGSLRLSCAASGFTFDRSWMGWFRQAPGKEREVVASITSGGSTYYADSVKGRFTISADNSKNTAYLQMNSLKPEDTAVYYCAADVWYGSTWRNWGQGTLVTVSS
seq17385,EVQLVESGGGLVQPGGSLTLSCAASGSSVSFLSMAWYRQAPGKKRELVAGISTDGSTDYIDSVKGRFTISRDNAKNSVYLQMNSLRAEDTAVYYCYAYRWRTRYTYWGQGTLVTVSS
seq17386,EVQLVESGGGLVQAGGSLRLSCAASRSIGRLDRMGWYRHRTGEPRELVATITGGSSINYGDFVKGRFTISIDNAKNTVYLQMNNLKPEDTAVYYCNFNKYVTSRDTWGQGTLVTVSS
seq17387,EVQLLESGGGLVQAGGSLSISCAASGGSLSNYVLGWFRQAPGKGREFVAAINWRGDITIGPPNVEGRFTISRDNAKNTGYLQMNSLAPDDTAVYYCGAGTPLNPGAYIYDWSYDYWGQGTLVTVSS
seq17388,EVQLVESGGGLVQAGGSLRLSCAASARTFSSYRMGWFRQAPEKEREFVAVISRSGGDTFYSNSVKGRFTISRDNAKNTVYLQMNSLKPEDTAVYYCAAGAQIGWAEASTYDYWGQGTQVTVSS
seq17389,QVQLQDSGGGLVQTGGSLRLSCIVSRDIFNSYVAWFRQAPGKQRELVAGIGRDGSTTYADSVKDRFTMSRDNNKDTVFLQMNSLKPEDTAVYYCYVDQYRLWGQGTQVTVSS
seq17390,EVQLVESGGGLVQPGGSLRLSCAASGSVHLLNFLGWYRQAPGKEREMVAHITIADATDYSHFAKGRFTISRDEAKNMVYLQMNSLRPEDTAVYFCRAGSRIYPYDYWGQGTLVTVSS
seq17391,EVQLVESGGGLVQAGGSLQLSCATSGESFSIKAMGWYRQAPGNQREMVATITGTGKTNYADSVKGRFTISRDIGTLYLQMNSLKPEDTAVYYCNLLSWPAGDYWGQGTQVTVSS
seq17392,QVKLEESGGGSVQTGGSLRLSCVASELISCMAWFRQAPGKEREEVAAIYTPVSSTFYSDSVKGRFTISQDNATNTVYLQMDSLKPEDTAMYYCAAPGKLYYGCDFWSGYTYWGQGTRVTVSA
seq17393,EVQLVESGGGLVQPGGSLRLSCAASGSIFSSNGMGWYRQAPGKQRELVASISSGSRTGYAGSVKGRFAISRDNSKNTVYLQMNSLKPEDTAVYYCNAGGWTSRSGHYSQGHYWGQGTQVTVSS
seq17394,DVQLVESGGGSEQAGGSLRLSCAAPNITYCTGDRSWYRQAPGKEREFVSSINNDGTASYADSVKGRFTISQDIVKKSVYLRMNSLKPEDTAMYYCKTDFVDGTWCAIKFGRTHWGQGTQVTVSS
seq17395,EVQLVESGGGLVQAGASLRLSCAASGRTFRSYNMGWLRQAPGKEREFVATISWNAGIPYYADSVKGRFTISRDNAKNTVYLQMNSLKPEDTAVYYCAASNSWSSSARFYDYWGQGTQVTVSS
seq17396,QVQLQQSGGGLVQAGGSLRLSCAASGSTLTRYSVSWYRQAPGNEREVVSRILKGGSTHYADSVKGRFTISRDNAKNTVSLQMNSLKPEDTAVYYCHLDWTDFWGQGTQVTVSS
seq17397,EVQLVESGGGLVQPGGSLRLFCAASGSIFSINAMGWYRQAPGKQRELVAAITSGTNYADSVRGRFTISRDHAKNTVYLQMNSLKPEDTAVYYCNLEGQTGWGTALMDYWGKGTQVTVSS
seq17398,DVQLVESGGGLVQAGDSLRLSCAASERNLRIYDMAWYRQAPGKEREYVAVISSSGDSTHYSDFVKGRFTISRDNAKNTVSLQMDSLKPEDTAFYYCNVNQIRQWPWGQGTQVTVSS
seq17399,QVQLQESGGGLVQPGGSLRLSCAASGFTFSDAFMYWVRQAPGKELEWVSSISNRGLKTAYKESVKGRFTISRDNTKNMLYLEMNRLEPEDTGLYYCSRDVDGGFRGQGTQVTVKP
seq17400,QVQLVESGGGLVQAGGSLRLSCVTSGITFGSHCMTWFRQAPGKEREGVASITSGSVTTKYADSVKGRFTISRDNAKNTVYLEMNSLKPEDTAIYYCAGNYYCTFVPGNYAFWGQGTQVTVSS
seq17401,DVQLVESGGGLVHPGGSLRLSCAASGSFSSINVMGWYRQAPGKERELVARITNLGLPNYADSVKGRFTISRDNSKNTVYLQMNSLRPEDTAVYYCYLVALKAEYWGQGTLVTVSS
seq17402,EVQLVESGGGLVQPGGSLRLSCAASGFTFGSYDMSWVRRSPGKGPEWVSAINSGGGSTYYTDYVKGRFTISRDNAKNTLYLQMNSLKPEDTAVYYCAADRYIWARQGDYWGAYAYDYWGQGTQVTVSS
seq17403,QVQLVESGGGSVESGESLTLSCTADADTISTSMMGWFRQAPGKECELVATIRTDGSTIYADSVKDRFAISQDNVKNSVYLQMNSLKPEDTAVYYCAVGNCYAGSWCCVAPRRRFNFWGQGTQVTVSS
seq17404,EVQLVESGGGLVQAGGSLRLSCAASGRTFSSYAMGWFRQAPGKEREFVAAISSSASSTVYADSVKGRFAISRDNAKSTVYLQMNSLKPEDTAVYYCAAGNGGRKYGHHRARYDYWGQGTQVTVSS
seq17405,EVQLVESGGGLVQPGGSLRLSCAASGTFQRINHMGWFRQAPGKEREFVATINTGGQPNYADSVKGRFTISADNSKNTAYLQMNSLKPEDTAVYYCASLIAAQDYYFDYWGQGTLVTVSS
seq17406,EVQLLESGGGLVQPGGSLSISCAASGGSLSNYVLGWFRQAPGKGREFVAAINWRGDITIGPPNVEGRFTISRDNAKNTGYLQMNSLAPDDTAVYYCGAGTPLNPGAYIYDWSYDYWGQGTLVTVSS
seq17407,NVKLVEKGGNFVENDDDLKLTCRAEGYTIGPYCMGWFRQAPNDDSTNVATINMGGGITYYGDSVKERFDIRRDNASNTVTLSMDDLQPEDSAEYNCAGDSTIYASYYECGHGLSTGGYGYDSRGQGTDVTVSS
seq17408,EVQLVESGGGLVHPGGSLRLSCAASGDVHKINFLGWHRQPPGKEREKVAHITIGDVTDYADSAKGRFTISRDEAKNMVYLQMNNLKPEDTAVYFCRAGSRIYPYDYWGQGTQVTVSS
seq17409,EVQLVESGGGLVQPGGSLTLSCAASGSRVSFLSMAWYRQAPGKKRELVAGISADGSTSYIDSVKGRFTISRDNAKNSVYLQMNSLRAEDTAVYYCYAYRWATRYTYWGQGTLVTVSS
seq17410,EVQLVESGGGLVQPGGSLRLSCAASGFTLDYYVIGWFRQAPGKEREGVSCIGSSDDSTYYADSVKGRFTISRDNAKNTVYLQMNSLKPEDTAVYYCAADLLRTPEFCTDSAPYDYWGQGTQVTVSS
seq17411,EVQLVESGGGLVQAGGSLRLSCAASGRTFSAYDMGWFRQAPGKEREFVAVISWTGDMTYYADSVKGRFTISRDKAKNTVSLQMNSLKPEDTAVYYCAADRRRTYSRWRYYTGVNEYEYWGQGTQVTVSS
seq17412,QVQLQESGGGLVQAGGSLRLSCVASGRTFSGYGMGWFRQVPGKEREFVAAIRWSGKETWYKDSVKGRFTISRDNAKTTVYLQMNSLKPEDTAVYYCAVRPVRVDDISSPVGFDYWGQGTQVTVSS
seq17413,QVQLQESGGGLVQPGGSLRLSCAASGFAFGSSHMSWVRRAPGKGLEWVSTIHSGGGFGDYANSVQGRFTISRDVAKNTLYLQMNSLKPEDTAIYYCALATDWRKPPGQGTQVTVSS
seq17414,QVHLVESGGGSVQAGGSLRLSCAASEFTYSMGWFRQAPGKEREGVAHIYTRGGTTVYADSVKGRFVLSRYNAKSIMYLQMNSVKLEDTAMYYCAARTIFEGSWSSPSSFDFWGQGTQVTVSS
seq17415,QVQLQESGGGLVQAGGSLRLSCAASEYIFSNFGMGWFRQAPGKEREFVGAISRSGSRMSYADSVKGRFIISRDNTKNTVYLQMNSLKPEDTAVYYCAAVYGQYSYHYSSDSKQYSYWGQGTQVTVSS
seq17416,QVQLQESGGGSVQAGGSLRLSCAASGYAFSSYCMAWFRQVPGKEREGVASINSDGERRGYADSVKGRFTVSRDNAKNTVYLQMNSLKPEDTAIYYCAAKRVVGGRYCGGGVSSWGQGTQVTVSS
seq17417,EVQLVESGGGLVQAGGSLRLSCAASERTFSSYGMGWFRQAPGKEREFVATINWSGVTAYADSVKGRFTISRDNAKKTVYLQMNSLKPEDTAVYYCAAEPYGSGSSLISEYDYWGHGTQVTVSS
seq17418,EVQLLESGGGLVQPGGSLRLSCAASGRYIDETAVAWFRQAPGKEREFVAGIGGGVDITYYADSVKGRFTISRDNSKNTLYLQMNSLRPEDTAVYYCAARPGRPLITSKVADLYPYWGQGTLVTVSS
seq17419,QVQLQESGGGSVQAGGSLRLSCAASGDSYSNYYMAWFRQAPGKEREGVAHINRSGRITLYADSVKGRFTMSRDNAKNTVYLQMNSLRPEDTAIYYCAAGVRTHMPPLASYGFDYWGQGTQVTVSS
seq17420,EVQLVESGGGLVQPGGSLRLSCAASGRTFSDDTMGWFRQAPGKEREFVAAINWSGGSTYYADSVKGRFTISADNSKNTAYLQMNSLKPEDTAVYYCATDPPLFWGQGTLVTVSS
seq17421,VQLQESGGGLVQPGGSLRLSCTAPRIIFFMYDVGWYRQAPEKQRELVAQINSDVSTKYADSVKGRFTISRDNAKRTVYLQMNDLKPEDAAVYYCNVRRASADYWGQGTQVTVSS
seq17422,VQLQESGGGSVQAGETLRLSCTASGFTFDDSDMGWYRQAPGNECELVSHISSGGSTYYADSVKGRFTISQDNAKNTVYLQMNSLKPEDTAVYYCAADGSNYELGTCAALDYWGRGTQVTVSS
seq17423,QVQLQESGGGLVQAGDSLRLSCAVSGGTFGRVGVGWFRQAPGKEREFVAAVNWSGISTYYADSVKGRFTISRDNNKDTVDLRMNSLKPEDSAVYFCATDFRFNAPMSGNEYDYWGQGTQVTVSS
seq17424,EVQLVESGGGQVQPGGSLRLSCESSVSIWSFKVMGWFRQAPGKQRELVATITTGGSPDYSDSVKGRFTISRDYDKRTLYLQMNSLKPEDTARYYCAGRLWAHITSSGHDVWGQGTQVTV
seq17425,QVQLQESGGGLVQAGGSLRLACTTSGGIFNIRPISWYRQPPGMQREWVATIAFGGATNYANSIKGRFTASRDNAKNTVYLQMNGLKPEDTAVYYCNAFEIWGQGTQVTV
seq17426,QVQLVESGGGLVQAGGSLRLSCAASGRTFSSSGMGWFRQAPGKDRELVAGISWSGDSAYYANSVAGRFTISRDNINNTVYLQMNSLKPEDTAVYYCAARQGGRNYATSPREYDYWGQGTQVTVSS
seq17427,EVQLLESGGGLVQPGGSLRLSCAASGRTFNNYNMGWFRQAPGKGREFVAAVSRSGVSTYYADSVKGRFTISRDNSKNTVYLQMNSLRPEDTAVYYCAAAYRGTAINVRRSYSSWGQGTLVTVQS
seq17428,EVQLVESGGGLVQPGGSLTLSCAASGSTLNIKIMAWHRQAPGKQRELVATLTSGGNTNYADSVKGRFTISRDNAKNSVYLQMNSLRAEDTAVYYCGLWDGVGGAYWGQGTLVTVSS
seq17429,QVQLVESGGGLVQPGGSLRLSCAASGFTFSSYYMSWVRQAPGKGLEWVSDISTDGGRTLYADSVKGRFTISRDNAKNTLYLQMNSLKPEDTALYFCAREGWEDTITEEPNDENYWGKGTLVTVSS
seq17430,QVQLQESGGGSVQAGGSLRLSCAASGPTYSSYFMAWFRQAPGMEREGVAASSYDGSTTLYADSVKGRFTISQGNAKNTKFLLLNNLEPEDTAIYYCALRRRGWSNTSGWKQPGWYDYWGQGTQVTVSS
seq17431,SGPGLVKPSQTLSLTCTVSGGSITTNYYYWSWIRQSPGKGLEWMGAMTYTGSAYYSPSLKSRASISRDTFKNQFTLQLSSVTPEDTAVYYCARGGYSPYDYWGQGTQVTVSS
seq17432,QVKLEESGGGSVQAGGSLRLSCAASGYTYCRYDMSWYRQAPGKEREFVSAIDGDSSTSYADSVKGRFTISQDNAKNTVYLQMNSLIPEDTAMYYCKTILNTIATMFDDAPVQPCAFGYWGQGTQVTVSS
seq17433,EVQLVESGGGLVQAGGSLRLSCELRGSIFSRYAMGWFRQAPGKEREFVAGMGAVEHYGEFVKGRFTISRDNAKNTVHLQMNSLKSEDTAIYFCARSKSTYISYNSNRYDNWGRGTQVTVSS
seq17434,EVQLVESGGGLVQAGGSLRLSCAASGRTFSGSRMGWLRQAPGKEREFVAAVRWSGGITWYAESVKGRFTISRDNTKNTIDLQINSLKPEDTAVYYCAADVIYKNIGSGSFDYWGQGTQVTVSS
seq17435,EVQLVESGGDLVQPGGSLRLSCTTSGTVFSINDMGWSRQAPGKGRELVASISSEGTTIYADAAKGRFTISRDNSKNTVYLEMNSLKPDDTAVYYCRVVDPLRGKLYWGQGTQVTVSS
seq17436,EVQLVESGGGLVQPGGSLRLSCAASGRTISLYAVGWFRQAPGKEREFVSAISWTDSSTYYADSVKGRFTISRDNSKNTLYLQMNSLRAEDTAVYYCAADVSIRGLQKYEYDYWGQGTLVTVS
seq17437,AVQLVESGGGLVQPGGSLRLSCAASGFTFSSHYMSWFRQAPGKEREFVAAITSSSRTYYTESVKGRFTISRDNAKNTVYLQMNSLKSEDTAVYYCAADRTFYGSTWSKYDYRGQGTQVTVSS
seq17438,VQLQESGGGSVQAGGSLRLSCTASGFTFDDPDVGWFRQAPGNECELVSTISKDGSTYYTDSVKGRFTISQDYAKNTVYLQMNSLKPEDTAVYYCAADSNPIAPIRTCLGWYNYWGQGTQVTVSS
seq17439,EVQLVQSGGGLVQAGGSLRLSCAASGYIFSSNITGWYRQAPGKQRELVAAISSDGLAHYTDSMKGRVIISRDNVENTVYLQMNSLKPEDTAVYYCAAPGAGRGQGTQVTVSS
seq17440,QVQLQESGGGLVQAGGSLRLSCAVSGNTLSRYAMGWFRQTPGNEREFVAAIRWNNGATYYADAVKGRFTISRDNGKNTVYLQMNNLQPEDTAVYYCAGRFLGYASSNAYHEALYNYDYWGQGTQVTVSS
seq17441,AVQLVDSGGGSVQAGGSLRLSCVASGYTADGDCLGWFRQAPGKGREAVASTFTGTGATYYAASVKGRFAASHDIAKKTVYLQLNSLKFDDTGTYYCAIALNRGCGELRTQETYFEYWGQGTQVTVSS
seq17442,VQLQESGGGSVQAGGSLRLSCTAPGFTSNTCAMAWFRQAPGKEREFVSSMSTVGSTRFADSVKGRFTISKDEAKDTVYLQMNSLKPEDTAMYFCKTYACRECTGRYCRTAPDAWGQGTQVTVSS
seq17443,QVQLQESGGGLVQAGGSLRLSWAASGRTGSTYDMGWFRQAPGKERESVAAINWDSARTYYASSVRGRFTISRDNAKKTVYLQMNSLKPEDTAVYTAGAGEGGTWDSWGQGTQVTVSS
seq17444,QVQLQESGGGLVQPGGSLRLSCAASGRTFSTYAMGWFRQAPGKEREFVAVINNNGDNTYYTPSVRGRFTISRDNAKDTGYLQMNSLKPEDTAVYYCAAHFTMRTVVAGTADYWGQGTQVTVSS
seq17445,AVQLVESGGGLVQPGGSLRLSCAASGGIYRVNTVNWYRQAPGLQRELVATITRAGSTNYVESVKGRFTISLDNAKNTMYLQMNSLKPDDTGVYYCNVNGRWRSWSSQRDYWGQGTQVTVSS
seq17446,EVQLVESGGGSVQAGGSLRLSCAASGVSNTNMIMIWFRQAPGKEREGVLAAIYKNSTYYANSVKGRFTISQNNAKNTVYLQMNSLKPENTAIYYCAAIRAVIGRHIRPHIYWGQGTQVTVGG
seq17447,EVQLVESGGGLVQPGGSLRLSCAASGRTYYLNAMGWFRQAPGKEREFVAAIDWSEGNKDYADSVKGRFTISRDNSKNTVYLQMNSLRPEDTAVYYCAADTPPWGPLIYIESYDSWGQGTLVTVQS
seq17448,QVQLVESGGGSVQAGGSLTLSCAVSGNTYSTKYMAWFRQAPGKEREGVAAILAGGRNTSYADSVKGRFTISQDNAKNTVYLQTNSLKPEDTAMYYCAADTRAAFWYIGPLNSHQYNIWGQGTQVTVSS
seq17449,AVQLVESGGGVVQAGDSLTLSCTMSGRSLSSFAMGWFRRAPGKEREFVARISRGDGYTDEADSVKGRFTISRDNAKNTVYLQMNNVGPEDTAVYHCAAVQAVIGGTLTTAYDYWGQGTLVTVSS
seq17450,VQLQASGGGLVQTGDSLRLSCADSGSTFRNYNIGWFRQTPGQAREFVAAVSRTGISTHVADSLQGRFTISRDNAKNTVYLQMNSLKPEDTAVYSCAAGRPGVGAVNRAMDYDYWGQGTQVTV
seq17451,EVQLVESGGGLVQPGGSLRLSCAASGRTFSSYAMGWFRQAPGKEREFVAAISWSDGSTYYADSVKGRFTISRDNAKNTVYLQMNSLRPEDTAVYYCAADLTSTNPGSYIYIWAYDYWGQGTLVTVSS
seq17452,EVQLVESGGGLVQPGGSLTLSCAASGSSVSFLSMAWYRQAPGKKRELVAGISVDGSTNYADSVKGRFTISRDNAKNSVYLQMNSLRAEDTAVYYCYAYRWVGRDTYWGQGTLVTVSS
seq17453,VRLVESGGGSVQAGGSLRLSCAASGSTYSTNFMGWFRQAPGKEREGVATLVTWVERTAYADSVKGRFTISQDRAKNTVYLQMNSLKPEDTAMYYCAAAAASTDVRLLDPGDFAYWGQGTQVTVSS
seq17454,EVQLVESGGGLVQPGGSLRLSCAASGFTFDYYAMGWFRQAPGKERELVAAISWSNDITYYADSVKGRFTISADNSKNTAYLQMNSLKPEDTAVYYCALDNRRSYVDYYSVSEYDWGQGTLVTVSS
seq17455,EVQLVESGGGLVQAGASLRLSCAASGRTFGNYAMGWFRQAPGKEREPVAAISPAAVTTYYADFVKGRFTISRDNAKNTAYLQMVSLKPEDTAVYYCAAQLVGSGSNLGRQQSYAYWGQGTQVTVSS
seq17456,QVQLVETGGGLVQPGGSLRLSCAASGRISDINAMGWYRQAPGKQRELVAAITSVGSNYVDSVKGRFTISKDNAKNTVYLQMYSLNPEDTAVYYCNTQCGTWLVCDGRDQWGKGTLVTVSS
seq17457,EVQLVESGGGVVQAGGSLRLSCAASGGTFSFYGMGWFRQAPGKEQEFVADIRTSAGRTYYADSVKGRFTISRDNAKNTVYLQMNSLKPEDTAVYYCAAEMSGISGWDYWGQGTLVTVQS
seq17458,VQLVESGGGSVQAGGSLRLSCAASGYTLSSYCMGWFRQAPGKEREGVAAIDSDGSTSYADSVKGRFTISKDNAKNTLFLQMNGLKPEDTAVYYCAPLCWVDYPLPSGPYWGQGTQVTVSS
seq17459,EVQLQASGGGLVQPGGSLRLSCAASGSLSRITVMGWYRQAPGKQRELVAIITSSGGTDYADSVKGRFTISKDNAKALMYLQMTSLRPEDTAVYYCVGKSRDSAGLSWDYWGQGTQVTVSS
seq17460,EVQLVESGGGLVQPGGSLRLSCEASGISLNDYNMGWFRQAPGKDREIVAALSRRSHGIYQSDSVKYRFSISRDNTKNMVSLQMDSLRPEDTAVYYCAADGDPYFTGRDMNPEYWGQGTQVTVSS
seq17461,QVQLVESGGGLVQAGDSLRLSCVLSGRTYTTYTMGWYRQAPGKQRELVTSISRDDRTNYGDSVKGRFTISRDNAKNTVYLQMNDLKSEDTAVYYCNAERRRPLVGPRLYWGPGDQVTVSS
seq17462,QVQLVESGGGLVQPGGSLRLSCAASGFTFNSYEMYWVRQAPGKGLEWVSGITADGGYTYYADSVKGRFTMSRDNAKNTLYLQMNSLKPEDTALYYCANLWNDYWGQGTQVIVSS
seq17463,EVQLLESGGGLVQPGGSLRLSCAASGRYIDETAVAWFRQAPGKEREFVAGIGGGVDITYYADSVKGRFTISRDNSKNTLYLQMNSLRPEDTAVYYCAARPGKPLITSKVADLYPYWGQGTLVTVSS
seq17464,EVQLVESGGGLVQAGGSLRLSCAASGRTYDALGWLRQAPGKEREFVAAISGSGDDTYYADSVKGRFTISKDNAGITMYLQMNSLKPEDTAVYYCATRRGLYYVWDSNDYENWGQGTQVTVSS
seq17465,EVQLVESGGGLVQAGGSLRLSCEASGRTFSSYDMGWFRQAPGKEREFVAAVTRWSGARGVYADSVKGRFTISRDNAENTVHLQMNSLKPEDTAVYTCAADSTNRNSGAVYYTWAYDYWGQGTQVTVSS
seq17466,QVQLVESGGGLVQAGGSLRLSCAANGRAANAYAVGWFRQAPGKEREFVAHIRWNGGRTAYADSVKGRFTISRDDAKNTVYLQMDSLKPEDTAVYYCAEDTNPDAFGDLRLPSEYEYWGQGTQVTVSS
seq17467,EVQLVESGGGLAQEGGSLRLSCAASGRPLTTYGMAWFRQAPGKEREFVARIGAEPGATVYGDSVKGRFTISRDNAKNTVYLQMNTLKPEDTAVYYCAADAPPFGPYYRESVYDYWGQGTQVTVSS
seq17468,EVQLVESGGGLVQAGGSLRLSCAASERTFSYYAMGWFRQAPGKEREFVATISRSGEWIYYKDAMKGRFTISRDNANNAVYLQMNSLQPEDTAIYYCAADSLGGFRSASDYYNTNTYAYWGQGTQVTVSS
seq17469,VQLHESGGGLVQPGESLRLSCVASGFTLDHSAVGWFRQVPGKEREKLLCINANGVSLDYADSIKGRFTISRDNAKNTVYLQMNDLKPEDTATYSCAATREFCSAYVFLYEHWGQGTQVTVSS
seq17470,EVQLVESGGGLVQAGGSLRLSCAASGRAFSDYAMAWFRQAPGKEREFVAGIGWSGGDTLYADSVRGRFTNSKDNAKNRMSLQMNSLKPEDTAVYYCAARQGQHIYSSMRSDSYDYWGQGTQVTVSS
seq17471,QVKLEESGGLVQTGGSLRLSCAASGRTFSSFAMGWFRQAPGREREFVASIGSSGITTNYADSVKGRFTISRDNAKNTVYLQMNSLKPEDTGLCYCAVNRYGIPYRSGTQYQNWGQGTGVTVSS
seq17472,QVQLVESGGDSVQPGGSLRLSCAASGFTYGTYAMSWFRQAPGKEREGVACIDIYGRTSYTDPVKGRFTISQDNAKNTLYLQMNSLKPEDTAMYYCAARDFGYCTASWVHEGFSRYWGQGTQVTVSS
seq17473,EVQLVESGGGLVQPGGSLRLSCAASGFTFDDYAIGWFRQAPGKERLGVSSISSTYGLTYYADSVKGRFTISSDNSKNTVYLQMNSLRPEDTAVYYCAATPIGLIGLDAYEYDYWGQGTLVTVSS
seq17474,EVQLVESGGGLVQAGGSLELSCSASGLLFSRNSVGWYRQAPGKKRDFVARIRSGGSTNYADSVKGRFIISRDNAKNTLYLQMNALKPEDTGVYYCSSWRTGAYEYWGQGTLVTVSS
seq17475,EVQLVESGGGLVQAGGSLRLSCAASGRTFDIYTMGWFRQVPGKEREFVADIGRAGGTTHYADSVKGRFAISRDNANDAVHLQMNSLKPEDTAVYYCATKVVPRAGRRLLDYDYWGQGTQVTVSS
seq17476,EVQLVESGGGLVQAGGSLRLSCAASGFTFENYAMGWFRQAPGKEREGVSCISSSDGRTYYADSVKGRFTISSDNTKNTVYLQMNSLKPEDTAVYYCAAEVPSSCGYYSGNYDYTDDEYDFWGQGTQVTVSS
seq17477,EVQLVESGGGLVQPGGSLTLSCVASGSTSYINAMGWYRRAPGKQRELVAGISSDGSNMYADSVKGRFTISRDNAKNSVYLQMNSLRAEDTAVYYCYYFSNMSGTTRRYWGQGTLVTVSS
seq17478,AVQLVESGGGSVQAGGSLRLSCVLSGNMNSWYSMVWFRQAPGKEREGVATIYRDFDITYYADSVKGRFTISRDNTKNTVYLQMNNLKSEDTAIYYCAAKPVYQGGPWYDEAGYTYWGQGTQVTVSS
seq17479,EVQLVESGGGLVQAGDSLRLSCTASGSAFSSSVVGWFRQAPGKEREFVTAINWSGARTDYADSVKGRFTISRDNAKNTAYLQMNSLKPEDTAVYYCAAGSDRYARVLTEYEYVWWGQGTQVTVSS
seq17480,QVQLQESGGGLVQPGGSLRLSCAASGRIGSINSMGWYRQAPGKQREMVAAITNGGATVYADSVKGRFTISRDNAGNTVDLHMNSLRPEDSAVYYCTIWAADYQQYWGQGTQVTVSS
seq17481,QVQLQESGGGSVQTGGSLRLSCAASTSIYSINYMAWFSQAPGKGREGVAAVYIDDGRPYYADSVKGRFTISLDSAKNTVYLQMNSLKPEDTAMYYCAAAPGPLSRNYWYTSANYDYWGQGTQVTVSS
seq17482,EVQLVESGGGLVQAGGSLRLSCAASGGTFSSYAMGWFRQAPGKEREFVAAINWSSRSTVYADAVKGRFTISRDNAKNTVYLQMNSLKPEDTAVYYCAAGSAYVAGVRRRNAEYHYWGQGTQVTVSS
seq17483,DVQLVESVGGLVQPGGSLRLSCQISGDVLSINFMGWFRQYPGKQRESVARFTAEGSTKYDEDSVKGRFTISRNNAKTAMYLQMNNLKVEDTAVYYCNAIDNKWRAFYGQGTQVTVSS
seq17484,EVQLVESGGGEVQPGGSLRLSCAASGFTFSSYAMGWFRQAPGKGREWVAAITTSGDTTYYAESVKGRFTISRDNAKNTVYLQMSSLRAEDTAVYYCAAHRGGGVIDYWGQGTLVTV
seq17485,QVQLVESGGGLVQPGGSLTVSCAASGFTFSRYGVTWHRQAPGKERELVADIIFTGLNPTYSDSVKGRFTISRDNDKNVAYLQMNSLKPEDTAKYYCNVNDIVVRGNYWGQETQVTVSS
seq17486,EVQLVESGGGLVQAGGSLRLSCAASGRTLSSYRMGWFRQAPGKEREFISTISWNGRSTYYADSVKGRFIFSEDNAKNTVYLQMNSLKPEDTAVYYCAAALIGGYYSDVDAWSYWGPGTQVTVSS
seq17487,QVQLQESGGGLVQPGGFLRLSCVGNRNFFSFNGMGWYRQVPAKERELVASITSDGITWYRDSVKGRFTILRDNAKNTLDLQMTRLGPEDTAVYYCNAVPKALDYSDYDWYLEFWGQGTLVNVFS
seq17488,VQLQESGGGLVQTGESLSLSCAVASGSIISINSMGWYRQAPEKQRELVAAITVDGRLAYADSAKHRFTISKESARNTVHLHMSSLKPEDTAVYYCTIWVRDGQQYWGQGTQVTVSS
seq17489,QVQLQESGGGLVQAGGSLRLSCAASGNISHPAHMGWYRQAPGKEREFVAAIDDGSITYYADSVKGRFTISRDNAKNTVYLQMNSLKPEDTAVYYCAVWQETSVRLGIYFLYWGQGTQVTVSS
seq17490,QVQLQESGGGLVQAGGSLRLSCLASGTIFTASTMGWHRQPPGKQRELVASIAGDGRTNYAESTEGRFTISRDDAKNTMYLQMNSLKPEDTAVYYCYAYYLDTYAYWGQGTQVTVSS
seq17491,QVQLQESGGGLVQAGGSLRLSCAASGSIFVGNAMGWYRQALGNQRELVAGITSDGTTYYPDSVKGRFTISRDNDKNTIYLQMNSLKPEDTAVYYCNLWPPRIGFASWGQGTQVTVSS
seq17492,QVQLQESGGGLVQPGGSLRLSCAAIGNIASITAMGWYRQAPGKQRELVAAITSASASRTTYADSVKGRFTISRDNAKNTVYLQMNSLQPEDTAVYYCKGFRSGADDYWGQGTQVTVSS
seq17493,QVQLVESGGGLVRPGGSLRLSCVVSGFAYEMPMMGWYRQAPGNQRELVATIGTGGRMNYADSVKGRFTISRDNAKNTVYLQMNSLKPEDTAAYYCKIEFTNYWGQGTQVTVSS
seq17494,EVQLVESRGGPVQAGDSLRLSCAASGRAYRGYSMGWFRQVPGKEREFVAAIVWTDGNTYYEDSVKGRFTISRDITKNTMYLQMTSLKPEDSATYYCAAKIRPYIFKIAGQYDYWGQGTLVTVSS
seq17495,VKLEESGGGSVQAGGSLRLSCTGSGSIFPLNDMGWYRQAPGKQRELVATITRGGTTNYADSVKGRFTISRDSNAKNTVYLQMNSLKVEDTAVYYCNMDNRVGGSYWGQGTQVTVSS
seq17496,QVQLVESGGGLVQAGGSLRLSCAASARIFSSYHKAWFRQAPGKEREIVAAVNGGSSSTYVADSVKGRFTISGDNALNTVSLQMNSLKPEDTAVYYCKAVVVTTTPYSDYWGQGTLVTVSS
seq17497,QVRLVESGGGLVQAGGSLRLSCAASISAFRLMSVRWYRQDPSKQREWVATIDQLGRTNYADSVKGRFAISKDSTRNTVYLQMNMLRPEDTAVYYCNAGGGPLGSRWLRGRHWGQGTQVTVSS
seq17498,QVQLQESGGGLVQAGGSLRLSCAASGRTFSSYTMGWFRQAPGREREFVAAITWSGVSTVYTDSVKGRFTVSRDNAKNTVYLQMNSLKPEDTAVYYCAADSPPRTYSSGSVNLEDGSEYDYWGQGTQVTVSS
seq17499,QLQLVESGGGLVQAGGSLRLSCAASGRTFSSYAMGWFRQAPGKEREFVAVVNWSGRRTYYADSVKGRFTISRDNAKNTVYLQMNSLKPEDTAVYNCAAGKDGSYYGAPDYWGQGTQVTVSS
seq17500,QVQLVESGGGLVQAGGSLRLSCAASGRTFSSYAMGWFRQAPGKEREFVAAVPWTYGSKYYADSVKGRFTISRDDAKNTVYLQMNNLKPEDTAVYYCAADSSAGYYSGFDYYSAATPYDLWGQGTQVTVSG
seq17501,EVQLVESGGGVVQPGGSLRLSCAASGRTFSSIYAKGWFRQAPGKEREFVAAISRSGRSTSYADSVKGRFTISRDNSKNTVYLQMNSLRPEDTALYYCAAVGGATTVTASEWDYWGQGTLVTVSS
seq17502,EVQLVESGGGLVQAGDSLRLSCAASGRTFSSVAVGWFRQAPGKERDFVAWISWSGDSTYYADSVKGRFTASRDNVNNTVYLQMNSLKPEDTADYYCAAAWKYDRASYDFPEAYDYWGQGTQVTVSS
seq17503,QVQLQESGGGLVQAGGSLRLDCAASARTSIYATVGWFRQVPGKQREFVSSVSWNGGSTDYTDSVKGRFTISRDNAKNTVVLQMNSLKPEDTAVYYCAAKIGLYGTRRFETDYDYWGQGTQVTVSS
seq17504,QLQLVETGGGLVQAGGSLRLSCAASGNIFRVRAMAWYRQAPGKQREWVAVLGSRGGTNYADSVKGRFTISRDNAANTIFLQMNSLKPEDTAVYYCNHYPPEKRDYWGQGTQVTVSS
seq17505,VQLQESGGGLVQPGGSLRLSCAASGSISSINAMGWYRQAPGKQRELVAAITGQGRTTYADSVKGRFTISRDGAKNTVYLQMNSLKPEDTAVYYCKVFAADGMEYWGKGTQVTVSS
seq17506,AVQLVDSGGDSVQAGGSLRLSCVASGYTGNSYCLGWFRQPPGKEREWVAAKDSGGPNTYYADSVKGRFTIPQGSTRLVYLQMNSLKPEDTAIYYCAAARLPEEGTCSNLRFSSDDFEYWGQGTQVIVSS
seq17507,EVQLVESGGGLVQPGGSLTLSCVASGSTSSINAMAWYRRAPGKQRELVAGISSDGSKLYADSVKGRFTISRDNAKNSVYLQMNSLRAEDTAVYYCYYFRTVSGSSMRYWGQGTLVTVSS
seq17508,QVQLQDSGGGLVQAGGSLRLSCTASGRTFRLYNMGYFRQAPGKEREFVAAITWLGGRAYYADSVKGRFTISRDGAKNTLSLQMSSLKPEDTAVYYCAAKNRGSDSDVVRGYDYWGQGTQVTVSS
seq17509,QVQLVESGGGLVQPGGSLRLSCAASGFTLDSYGIGWFRQAPGKARQAILCISSRGETTTYGDSVQGRFTSSRDNAKNTAYLQMNHLKPEDTAVYYCAAVRLSRGYLCRNYDMDYWGKGTQVTVSS
seq17510,EVQLVESGGGLVQAGGSLRLSCAASGRTFSTYTMAWFRQAPGKEREFVQGISRSDGGTYDADSVKGRFTISRDNAKNTVYLQMNSLKPEDTAVYFCAAASVKLVYVNPNRYSYWGQGTQVTVSS
seq17511,QVQLQESGGGLVQAGGSLRLSCTASGRTFSSWAMAWFRQAPGKEREFLAASWSGGNTAYANSVKGRFTISRDNAKNTVYLQMNSLKPEDTAVYYCASTGTRWVPRDSRFYDRWGQGTRVTVSS
seq17512,EVQLVESGGGQVQPGGSLSLSCESSVSIWSFKVMGWFRQAPGKQLELVATITTGGSPHYSDSVKGRFTISRDYDKRTLYLQMNSLKPEDTAVYYCAGRLWAHITSSGHDVWGQGTQVTV
seq17513,VQLQESGGGLVQPGGSLRLSCAASGSIFSINVMGWYRQTPGKERELVAKITNFGITSYADSAQGRFTISRGNAKNTVYLQMNSLKPEDTAVYYCNLDTTGWGPPPYQYWGQGTQVTVSS
seq17514,DVQLVESGGGLVQPGGSLRLSCAASGTIVNIHVMGWYRQAPGKQRELVALIFSGGSADYADSVKGRFTISRDNAKNTVYLQMNSLRPEDTAVYYCAAEIGYYSGGTYYSSEAHWGQGTLVTVSS
seq17515,EVQLVESGGGLVQPGGSLRLSCTASGYTFSHRYHRWFRQAPGKEREIVAVISQSGMRTYYADSVKGRFTISRDNAKNTVYLQMNSLKPEDTAMYYCAAGTRKNVWTRQHPFDYWGQGTQVTVSS
seq17516,QVQLQESGGGLVQPGGSLKLSCAASGFTFNWYTMAWYRQVPGEERKMVATITGASGDTKYADSVKGRFTISRDNAKNTVTLQMNSLKPGDAAVYYCHAYLTYDSGSVKGVNYWGQGTQVTVSS
seq17517,EVQLVESGGGVVQAEDSLRLSCAASGLPFSSSRMGWFRQAPGKEREFVAAIGWSGRSTYKYYADSVKGRFTVSGDNAKKTLDLQMKDLKPEDTAVYYCAAHPDYYGDPRTSGAYRYWGQGTQVTVSS
seq17518,EVQLVESGGGLVQSGDSLRLSCTISGIFFDLYSMAWFRQAPGKEREFVAAISSVGGMTDYADSVKGRFTISRDNARQTVYLQMNSLKPEDTAVYSCAARAHREIVRSYGYNYWGQGTQVTVSS
seq17519,QVQLQESGGGLVQPGGSLRLSCAASGRTFSDHSGYTYTIGWFRQAPGKEREFVARIYWSSGNTYYADSVKGRFAISRDIAKNTVDLTMNNLEPEDTAVYYCAARDGIPTSRSVESYNYWGQGTQVTVSS
seq17520,EVQLQESGPGLVKPSQTLSLTCTVSGGSITSRYYAWSWIRQPPGKGLEWIGVIDYDGDTYYSPSLKSRTTISWDTSKNQFSLQLSSVTAADTAVYYCARDPDVVTGFHYDYWGQGTLVTVSS
seq17521,DVQLQASGGGLVQAGDSLRLSCSASGLTFSSYAMGWFRQAPGKEREFVAAISWANGGSTVYADPVKGRFTISRDNAKNTVYLQMNSLKPEDTAVYSCAAADQRVGYIEYYSGSSGKEYDYWGQGTQVTVSS
seq17522,QVQLVESGGALVQPGGSLRLSCAASGFPVNRYSMRWYRQAPGKEREWVAGMSSAGDRSSYEDSVKGRFTISRDDARNTVYLQMNSLKPEDTAVYYCILIACLGLKLLRYRRIYYWGQGTQVTVSS
seq17523,QVQLVESGGGSVQAGGSLTLSCAVSGNTYSTKYMSWFRQAPGKEREGVAAILAGGRNTYYADSVKGRFTISQDNAKNTVYLRMNSLKPEDTAMYYCAADTRAALWYIGPLNSDQYNTWGQGTQVTVSS
seq17524,EVQLVESGGGLVQAGGSLRLSCAASGSIFKVNAMGWYRQAPGKQRELVAGIISGGSTNYADSVKGRLTISRDNAKNTVYLQMNSLKPEDTAVYYCSFVTTNSDYDLGRDYWGQGTQVTVSS
seq17525,LQQSGGGSVQAGGSLRLSCAASGRTASSWAIHWFRQAPGKEREFVAAISSSGDYTYYADSVKGRFTISRDNTKVTVYLQMNSLKPEDTAVYYCAADSNYRAILLGTSLNYWGQGTQVT
seq17526,VQLQESGGGSVQTGGSLRLSCAASGYAGRLYSMGWFRQVAGKEREGVSSIESDGSTFYTDSVKGRFTTTRDSAKNTLYLQMNNLKPEDTAMYYCAAFCLRVGHGGRCTEYKYWGRGTQVTVSS
seq17527,QVQLQESGGGLVQPGGSLRLSCAVSGFTFDDYAIGWFRQAPGKEREAVSCFSSSDGSTYYADSVKGRFTISSDNDKNMVYLQMNSLKPEDTAVYYCAAIEGMRISPVVTGIPAFDFGSWGQGTQVTVSS
seq17528,EVQLVESGGGLVQAGDSLRLSCAASGRTFTMGWFRQAPGTEREFVAAISGSGKITNYADSVKGRFTISRDHAKNTVFLQMDSLKPEDTAVYYCAAYLRSPYYSSYYDSAKYEYWGQGTQVTVSS
seq17529,QVQLQESGGGLVQAGDSLRLSCVASGRTLSNYGMGWFRQAPGKGREFVAYISRTGGSTKYENSVKGRFIISRDTAKNTIYLQMNSLQGEDTAVYYCAFHYNGVYQDSQSYDYWGQGTQVTVSS
seq17530,EVQLVESGGGLVQPGGSLRLSCAASGSFFSINAMGWFRQAPGKERELVSASTWNGGYTYYADSVKGRFTISADNSKNTAYLQMNSLKPEDTAVYYCAAHRIVVGGTSVGDWRWGQGTLVTVSS
seq17531,QVKLEESGGGLVQPGGSLRLSCAASGSIFSINTMGWYRQRPGKQRELVAAITRGGNTNYADSVKGRFSISRDNAKNTMYLQMNSLKPEDTAVYYCTDYSRRYYQDDWGQGTQVTVSS
seq17532,QVQLQESGGGSVQAGGSLRLSCAASGRTFSRNAMGWFRQAPGKEREFVAAISWSGRNTYYADSVKGRFTISRDNAKNTLSLQMNSLKPEDSAVYICAVGADWRVYDESYYSTAHYYEYWGQGTQVTVSS
seq17533,DVQLVESGGGVVQPGGSLRLSCSASGLLFSRNSAGWYRQAPGKQREFVARIRQGGSINYADSVKGRFTISRDNSKNTVYLQMNSLRPEDTALYYCSSWREGFYEYWGQGTLVTVSS
seq17534,QVQLVESGGGSVQAGGSLRLSCVASGYTFRGYAMGWFRQAPGKECELVSTMFTDADKAYADSVKGRFTISRDNDKNTLYLQMNDLKPEDTAVYYCGAVEMGHIDPGMRCRAGPSPGTQVTVSS
seq17535,QVQLQESGGGLVQAGGSLRLSCAVSGNTLSRYAMGWFRQTPGNEREFVAAIRWNNGATYYADSVEGRFTISRDSGKNTVYLQMNNLQPEDTAVYYCAGRFLGYASSNAYHEALYNYDYWGQGTQVTVSS
seq17536,QVQLQESGGGSVQTGGSLRLSCAASSRSVESNYRSWVAWFRQVPRKLREGVADPSGKLRDPSRWYQRFTISQVNAEKSSEKSVYLQMTSLKPEDTGIYYCAAVLQTSRWSIPSGDTNYWGQGTQVTVSS
seq17537,QVQLQASGGGLVQAGGSLRLSCAASGSIFAINEINLMGWYRQAPGKQRELVAACASDGNTYYADSVKGRFTISRDNAEKTVYLQMNNLKPDDTAVYYCDANSRGNYYSGQGTQVTVSS
seq17538,EVQLVESGGGLVQAGGSLRLSCAASGFTFDDYAIGWFRRAPGKEREGVSCITSSDGSTSYADSVKGRFTISSDSAKNTVYLQMNSLKPEDTAVYYCSVVPATRRNPQMVVAKKCWLAEYEYDYWGQGTQVTVSS
seq17539,EVQLVESGGGLVQPGGSLRLSCAASGRSRYGMGWFRQAPGKEREFVSAISWSGISTYYADSVKGRFTISADNSKNTAYLQMNSLKPEDTAVYYCAATQWGSSGWKQARWYDWGQGTLVTVSS
seq17540,QVHMVESGGGLVQAGGSLRFSCAASGNIFTISTLDWYRQAPGEQRELVATLTPDGITDYAGSVKGRFTISRDNAKNTVYLQMNSLKPEDTAVYYCNAWRYSDDYRGRVDYWGQGTQVTVSG
seq17541,EVQLVESGGGSVQAGGSLRLSCAASGGSFNRFGMGWFRRAPGKERDFVAAINLSGDTTYYVDSVQGRFTISRDNANNIMYLQMNLLKPEDTADYYCAADPDPITAWKQSGAGMDYWGKGTQVTVSS
seq17542,QVQLQESGGGLVQAGGSLRLSCAASGRTFSSYAMAWFRQAPGKEREFVAAIAWSAGSTYYADSVKGRFAISRDNAENTVYLQMNSLKPEDTAVYYCAARIITVATMRLDSDYDYWGQGTQVTVSS
seq17543,EVQLVESGGGVVQPGGSLRLSCAASGIRISTHTMGWFRQAPEKQREMVAQISPGGKTYYIDSVKGRFTISKDNAKNTVFLRMNDLKPDDTAVYYCNSYSTLGVWGQGTLVTVSS
seq17544,EVQLVESGGGWVQAGSSLRLSCAASGRTFSDYAMGWFRQVPGKEREFVAAISRGGGKTYYVDSEKGRFTISRDNAKNTVYLQMNSLNSEDTAVYYCAADQDRSYGSIGTLPNDYDYWGQGTQVTVSS
seq17545,QVQLQESGGGLVQPGGSLRLSCAASGSTFSIIAVAWYRQAPGKRRELVAGISGGGVTNYPDSVKGRFTISRDNAKNTVYLQMSSLKPEDTAVYYCNLWPPRASPGGRVYWGQGTQVTVSS
seq17546,EVQLVESGGGLVQPGGSLRLSCAASGFALDYYAIGWFRQAPGKEREGVSCISSSGGITYYADSVKGRFTISRDNSKNTVYLQMNSLRPEDTAVYYCATDSGGYIDYDCSGLGYDYWGQGTLVTVSS
seq17547,QVQLQESGGGLVQAGGSLRLSCAASGRATSGYGMGWFRQVPGKEREFVAAIRWSGVTTYYVDSVKGRFTISRDNAKSTVYLQMNSLKPEDTAVYYCAVRPVRVDDISLPVGFDYWGQGTQVTVSS
seq17548,EVQLVESGGGWVQAGDSLRLSCAASGRTFSFDAKGWFRQAPGKEREFVAAINWSGSDTHYADSVKGRFTISRDNAKNTVYLQMNSLKPEDTAVYYCAAAFDYSGSYNSVGLWDYWGQGTQVTVSS
seq17549,EVQLVESGGGLVQPGGSLRLSCTASGNIVSIDAAGWFRQAPGKQREPVATILTGGTTNYADSVKGRFTISRDTAKNTVYLQMNSLKPEDTAVYYCYAPMIYYGGSYSDYWGQGTQVTVSS
seq17550,EVQLVESGGGWMQAGGSLRLSCAASGRTFTMAWFRQAPGKEREFVAAITGSGRSTYYTDSVKGRFTISRDNAKNTAYLQMKSLKPEDTAVYYCAGLRGLGLEYDSAKSYSYWGQGTQVTVSS
seq17551,EVQLVESGGGLVQPGGSLTLSCAASGSSVRFLSMAWYRQAPGKKRELVAGISGDGSTDYIDSVKGRFTISRDNAKNSVYLQMNSLRAEDTAVYYCYAYRWMTRYTYWGQGTLVTVSS
seq17552,EVQLVESGGGLVQPGGSLTLSCAASGSSVSFMSMAWYRQAPGKKRELVAGISADGSTDYIASVKGRFTISRDNAKNSVYLQMNSLRAEDTAVYYCYAYRWTTRSTYWGQGTLVTVSS
seq17553,QVQLQESGGGLVQAGGSLRLSCAASERTFSTYAMGWFRQAPGKEREFVAGISGSGGRTYYEDSVKGRFTISRDNAKSMVYLQMNSLKLEDTAVYYCAAKPRGYNSGTYYRASDFDSWGQGTQVTVSS
seq17554,QVQLQESGGGLVQAGDSLRLSCATSGRTFSRYTMGWFRQTPGKEREFVAAISWSGTYYTDSVKGRFTISRDNAKNTVYLQMNSLKPEDTAVYYCVVGSRRLYYSSDINYWGQGTQVTVSS
seq17555,VQLQESGGGSVQTGGSLRLSCAASTSIYSNNYMAWFSQAPGKGREGVAAVYIADDRPYYADSVKGRFTISLDSAKNTVYLQMNSLKPEDTAMYYCAAAPGPLSRNYWYTSANYDYWGQGTQVTVSS
seq17556,QVQLVESGGGSVQAGGSLRLSCAASGYTVSTYCMGWFRQAPGKEREGVATILGGSTYYGDSVKGRFTISQDNAKNTVYLQMNSLKPEDTAIYYCAGSTVASTGWCSRLRPYDYHYRGQGTQVTVSS
seq17557,EVQLVESGGGLVQPGGSLRLSCAASGGTFSTYTMGWFRQAPGKEREFVAGIYNDGTASYYADSVKGRFTISADNSKNTAYLQMNSLKPEDTAVYYCAAFDGYTGNDWGQGTLVTVSS
seq17558,EVQLVESGGGLVQAGGSLRLSCAASGRSFSNYVMGWFRQAPGKERERVATITSGGLTVYADSVKGRFTISADNAKNTVYLQMNSLKPEDTAVYYCALYRVNWGQGTQVTVSS
seq17559,EVQLVESGGGLVQAGGFLRLSCELRGSIFNQYAMAWFRQAPGKEREFVAGMGAVPHYGEFVKGRFTISRDNAKNTVYLQMNSLKPEDTAIYFCARSKSTYISYNSNRYDYWGRGTQVTVSS
seq17560,EVQLVESGGGLVQPGGSLRLSCTASGFPFDIHWMYWVRQAPGKELEWVAEINTNALITTYADSVKGRFTISRDNAKNTLFLQMNDLKFEDTAVYYCTHSRNGAAKGQGTQVTVSS
seq17561,QVQLVESGGGLVQAGGSLRLSCAASGRAFSGYTMAWFRQAPGKEREFVAGMTWSGDRTYYSDSVKDRFAISRDNVKNMGYLQMNSLKPEDTAVYYCATKLGTYYNSHDLRRPDYWGQGTQVTVSS
seq17562,EVQLVESGGGLVQAGGSLRLSCAASGSTFSNYAMGWFRQAPGKEREFVSAINSSGSRTYYADSVKGRFTISADNAKNTVYLQMNSLKPEDTAVYYCAARLWGTWTAGDYDYWGQGTQVTVSS
seq17563,EVQLVESGGGLVQAGGSLRLSCAASGRTFSTNPMGWFRQSPGKERSLIAAVRWADGNTFYADSVKGRFTISRDNAKKTVYLQMNSLRSEDTATYYCAAGRPWSAYHSPAEYVHWGQGTLVTVSS
seq17564,QVQLQEFGGGLVQPGGSQRVSCAASGRTISSSAMAWFRQAQGKERQLVAAIDRSSLNTYYIDSVKGRFTISRDNARNTVSLQMNSLKPDDTAIYYCAADSDIGKFYKANIDGVDVDAYTYWGQGTQVTVSS
seq17565,EVQLVESGGGSVQAGGSLRLSCVASGYTYGINCMGWFRQAPGKEREGIAAISTGGGTTGVADSVKGRFTISQDNAKNTVYLQMNSLKPEDTAMYYCAARSTYSGYACVYSEVNGYNYRGQGTQVTVSS
seq17566,EVQLVESGGGLVQPGGSLRLSCAASGFTFSRSAMGWFRQAPGKERELVAGILSSGATVYADSVKGRFTISADNSKNTAYLQMNSLKPEDTAVYYCAKAPRDWGQGTLVTVSS
seq17567,EVQLVESGGGLVQAGGSLRLSCAASGNTFSINVMGWYRQAPGKQRELVTIMDDSGTTNYAGSVKGRFTISRDNAKNTVYLQMSSLKPEDTARYFCHARRGGTAYTLGDSNYWGQGTQVTVSS
seq17568,VQLQESGGGLVQAGDSLRLSCAASGLTFSNYIMGWFRQAPGKEREFVAAITWGGGSTVYADSVEGRFTISRDGTKNTVSLQMNSLQPEDTAVYYCAAAGASGRLRDLKVGQNYDYWGQGTQVTVSS
seq17569,QVQLVESGGGLVQPGGSLRLSCAASGSIFMINVMGWYRQAPGKQRELVAVITRGASTNYADSVKGRFTISRDNAKNTVYLQMNSLKPEDTAVYYCNADLNLASDPFKWYTYWGQGTQVTVSS
seq17570,EVQLVESGGGLVLAGGSLRLSCVDSGPTFSTNTMGWFRQAPGKEREFVAAITWNSGRIGYADSVKGRFTISRDNTKNAAYLQMSSLKHEDTAVYYCTAYRIVVGGTSPGDWRYWGQGQQVTVSS
seq17571,EVQLVESGGGLVQPGGSLRLSCIASGLPFSTKSMGWFRQAPGKGREFVARISPGGTSRYYGDSVKGRFAISRDNAKNTTWLQMNSLKAEDTAVYYCASGERSTYIGSNYYRTNEYDYWGTGTLVTVSS
seq17572,EVQLLESGGGLVQPGGSLRLSCAASGRYIDETAVAWFRQAPGKEREFVAGIGGGVDITYYADSVKGRFTISRDNSKNTLYLQMNSLRPEDTAVYYCAARPGQPLITSKVADLYPYWGQGTLVTVSS
seq17573,QVQLQESGGGVVETGGSLSVSCVASGRTFSAYTMAWFRQSPGKEREFVASMSRGSAAYYTDSVRGRFAISRVGDKNTVHLQMRDLKPEDTAVYYCAGGSPGSSQIATPEAYTYWGQGTQVTVSA
seq17574,VQLQESGGGSVQVGGSLRLSCASSANPYSSYSLGWFRQAPGKEREGVAAINGYGRTSYADSVSGRFTISQDNARKTLYLQMNSLKPEDTAMYYCAIGSRWWYPFDPAAYKYWGQGTQVTVSS
seq17575,EVQLVESGGGLVQAGGSLRLSCAASGSTFSSYAMGWFRQAPGKEREFVSAISRNGASTSYADSVKGRFTISADNAKNTVYLQMNSLKPEDTAVYYCAAAGTRFDYWGQGTQVTVSS
seq17576,EVQLVESGGGLVQAGDSLTLSCASSGRGFYKNAMGWFRQPPGKEREFVASIKWNGNNTYYADSVRGRFTISRGNAKNTENTVSLQMNSLKPEDTADYYCAADSSHYSYVYSKAYEYDYWGQGTQVTVSS
seq17577,EVQLVESGGGLVQAGGSLRLSCAASGRSFSRDAMGWFRQAPGKERDVVAAINLNGGRTYSADSVKGRFTISRDNDKNTVYLQMSNLKPEDTAVYYCAAREGDVGLVSYKRSSNYPYWGQGTQVTVSS
seq17578,EVQLVESGGGLVQPGGSLTLSCVASGSKSSINAMGWYRRAPGKQRELAAGISSDGSKVYAQSVKGRFTISRDNAKNSVYLQMNSLRAEDTAVYYCYYFRTSSGSSMRYWGQGTLVTVSS
seq17579,QVQLQESGGGLVQAGGSLRLSCAASGFTFSSYGMSWVRQTPGKGPEWVSAIDSGGGSTSYADSVKGRFTISRDNAKNTLYLQMNSLKPEDTAVYYCAQGYYCSGYGCSDYWGQGTQVTVSS
seq17580,EVQLVESGGGLVQPGGSLTLSCVASGSPLSINAIGWYRRAPGKQRELVAGISSDGSKVSADSVKGRFTISRDNAKNSVYLQMNSLRAEDTAVYYCYYFGPAIGASRTYWGQGTLVTVSS
seq17581,EVQLVESGGGLVQAGGSLRLSCVASGRTFGSYDMGWFRQAPGKEREFVAAISTGGGWRRYADSVKGRFTISRDNGKNTMYLQMNSLKPEDTAVYYCAQGWSLAEFRSWGQGTQVTVSS
seq17582,EVQLVESGGGLVQAGGSLRLSCAASGRTFSSAAMGWFRQALGKGPEWISAINSDGGRTYYSDSVKGRFTISRDNAKNTVYLQMNSLKPEDTAVYYCAAGGRRSQYGGRYDYWGQGTQVTVSS
seq17583,VQLAESGGGLVQAGGSLRLSCAASGRTFSSYVMGWFRQAPGKEREFVAAISRNGGKTYYADSVKGRFTISRDGTENTVYLQMNSLKPEDTAVYYCAAAVAASAEFVTARSNFYEYWGQGTQVTVSS
seq17584,QVQLQEFGGGLVQPGGFLRFSCAASGGIFAINTMAWYRQAPGNERELVAFITAAGGTNYRDSVKGRFTISRDSAKNTLFLQMNSLKPEDTAVYYCAAERKYYYTDYENPHKYDYWGQGTQVTVSS
seq17585,EVQLVESGGGLVQPGRSLTLSCAASTNIFSSSPMGWYRQAPGKQRELVAAIHGFKTLYADSVKGRFTISRDNAKNSIYLQMNSLRPEDTARYYCNKVPWGDYHPGNVYWGQGTQVTVSS
seq17586,EVQLVESGGGLVQPGGSLRLSCAASGLTFSTYAMGWFRQAPGKEREFVAAITSGGSTDYADSVKGRFTISADNSKNTAYLQMNSLKPEDTAVYYCARGDWRYGWGQGTLVTVSS
seq17587,QVQLVESGGGLVQAGDSLRLSCAASGRTFENYAMGWFRQAPGKEREFVGAVSWGGGRTYYADNVKGRFTISRDNAKKNTVYLQMNSLKPEDTAVYYCAAKSVLTIATMRVPDEYNYWGQGTQVTVS
seq17588,EVQLVESGGGLVQAGGSLRLSCAASGRTSSPYTMGWFRQAPGKEREFVSAISWSGGSTVYADSVKGRFTISADNAKNTVYLQMNSLKPEDTAVYYCALIRRAPYSRLETWGQGTQVTVSS
seq17589,QVQLQESGGGSVQAGGSLRLSCAASGFTYTGYCMGWFRQAPGKEREGVATVDSDGDTSYADSVKGRFTISKDNAKNTLYLQMNSLKPEDTAMYYCAADFSRWHLCSTSLATLGYWGQGTQVTVSS
seq17590,EVQLVESGGGLVQAGGSLGLSCSASGLLFSRNSAGWYRQAPGKQREFVARIRAGGSINYADTVKGRFTISRDNAKNTVYLQMNSLKPEDTAVYYCSSWRTGFYEYWGQGTLVTVSS
seq17591,EVQLVESGGGLVQTGGSLRLSCAASGRTFSNYTMGWFRQAPGKDREFVAAISRSGGLKSYADSVKGRFTISRDNAKKMAYLQMNSLKLEDTAVYYCAAAPVPWGTRPSTFPYDSWGQGTQVTVSS
seq17592,EVQLVESGGGEVQPGGSLRLSCAASGSTFSMYHMSWFRQAPGKQREPVATSHHGGTTNYAGSVKGRFTISRDNAKNTVYLQMNSLRPEDTAVYYCKADHGYVGRGYWGQGTLVTVKP
seq17593,EVQLVESGGGLVQPGGSLRLSCAASGTTFRINVMGWFRQAPGKEREFVAAITSSGSSTLYADSVKGRFTISADNSKNTAYLQMNSLKPEDTAVYYCARGGGYHRLWGQGTLVTVSS
seq17594,EVQLVESGGGLVQPGGSLRLSCAASGRAFNTRAMGWFRQAPGKERELVALMGNDGSTNYADSVKGRFTISADNSKNTAYLQMNSLKPEDTAVYYCAAIGWRWGQGTLVTVSS
seq17595,QVQLQESGGGLVQTGGSLRLSCAASGSIFSFNAMGWYRQAPGKQRELVAAITDGGRLTYADSAKGRFTISRENTRNTVHLQMSSLKAEDTADYYCTIWTRDRQQYWGQGTQVTVSS
seq17596,EVQLVESGGGLVQAGGSLRLSCATSGRTFSDYVVGWFRQTPGKEREFIGRKVWSNGNTYYIDSVKGRFTISGDNAKRTVYLQMNSLKPEDTALYYCAARSPMSPTWDNWGQGTQVTVSS
seq17597,QVQLVESGGDSVQAGGSLTLACTGRKYSSLYCMAWFRQAPGKAREGVAVISSGGFTNYADSVKGRFTISRDNSKNTLYLAMNGLKPEDTAMYYCAAGLSYCHSSTATATYRGQGTQVTVSS
seq17598,EVQLVESGGGLVQPGGSLRLACAASGFTLSSSWMYWVRQAPGKGLEWVSRISPGGLFTYYVDSVKGRFSVSTDNANNTLYLQMNSLKPEDTALYSCAKGGAPNYTPRGRGTQVTVSS
seq17599,QVQLVESGGGLVQAGGSLRLSCAASGRISSIIHMAWYRQAPGKQRELVAEISRVGTTVYADSVKGRFTISRDDAKNTVTLQMNSLKPEDTAVYYCNALQYEKHGGADYWGQGTQVTVSG
seq17600,QVQLVESGGGLVQAGASMRLSCAASGITFSLYHWVWFRQAAGREHEFVAGIIRSGGETLSADSVKDRFIISRDDAKNTLYLQMNMLQPEDTATYYCAATHRADWYSSAFREYIFRGQGTQVTVSS
seq17601,VQLVESGGGLVQAGGSLRLSCVASGSGFGINGVIWYRQAPGKQRELVALIKSDGYTNYRESVKGRFTISRDDAKNTVWLQMNALEPEDTGVYYCKTPGVPFGQGTQVTVSS
seq17602,QVQLQESGGGLVQSGGSLKLSCAASGSIPSVNVMGWYRQAPGKQRELVAAVTSDGRTNYADSVKGRFTVSRDNAKNTVALQMDSLKPEDTAVYYCLITNSDHNTLGVGKGTLVTVSS
seq17603,EVQLVQSGGGSVQRGGSLRLSCRHSSITVPDYTIGMFRRRPGKGGEEVSLISMHGGRSMYRGSVKGRFRISRDSVKNTVYLQMNNLKPEDTDIYYCGGTTFGLRRRPNEYDSMGQGSQVTVSS
seq17604,QVQLQESGGGLVQAGGSLRLSCAASGRTFNSYAWGWFRQAPGKERGFVARISFSGGHTYYSDSVKGRFTISRDNAKNSVYLQMNSLKPEDTAVYYCAADPTPYGLRNERNYPYWGQGTLVTVSS
seq17605,QVQLQESGGGLVQPGGSLRLSCAASRFTLDYYAVGWFRQAPGKEREAVSCSSSSDGHTYYADSVKGRFTISRDNAKDTVYLQMNSLKPEDTAVYYCATGFFVRSCSSPDSYDYWGQGTQVIVSS
seq17606,QVQLQESGGGTVQPGGSLRLSCAASGFSFGDYAVGWFRQAPGKEREQVSCINDNGGITSYVGSAKGRFTISRDNAKNTVYLQMNNLKTEDTAVYYCVASDYRLGCDYVSDGSWGQGTQVTVSS
seq17607,QLQLVETGGGLVQAGGSLRLSCAASGRTLSNYPMGWFRQAPGKEREFVAAIRRIADGTYYADSVKGRFTISRDNAWNTLYLQMNGLKPEDTAVYFCATGPGAFPGMVVTNPSAYPYWGQGTQVTVSS
seq17608,LQQSGGGSVQPGGSLRLSCAASGFSFGDYAVGWFRQAPGKEREQVSCINDNGGITSYVGSAKGRFTISRDNAKKMVYLQMNSLKTEDTAVYYCVASDYRLGCDYVSDGSWGQGTQVT
seq17609,VQLQESGGGLVQPGGSLRLSCAASGFTFSIRAMSWVRQAPGKGLEWVSTINSGGDSRYYADSVKGRFTISRDNAKNTMYLQLNSLKTEDTAMYYCVRCSDIYCYNGASYRGQGTQVTVSS
seq17610,QVQLVESGGGLVQPGGSLGLSCAMSGTTQDYSAVGWFRQAPGKEREGVSCISRSGRRTNYADSVRGRFTISRDNAKDTVYLQMNSLKPDDTAVYYCAARKTDMSDPYYVGCNGMDYWGKGTLVTVSS
seq17611,VQLVETGGGLVQAGGSLRLSCAVSGRTFSSLAMGWFRQAPGKEREFVAAISWSGDSTHYADSMKGRFTISRDNAKNTVYLQMDSLKPEDTAVYYCAADRTYHSGSPYWGAEYWGQGTQVTVSS
seq17612,EVQLVESGGGLVQAGGSLRLSCESSISTFSSDAMGWFRQAPGKGREFLAAIGWSGAVTHYSDSVKGRFTISRDNAKNTVYLQMNSLKAEDTGRYYCAEDYDTDVWQYWGQGTQVTVSS
seq17613,EVQLVESGGDLVQPGGSLRLSCVASGFALEEHAIGWFRQAPGKEREGVSLSSYVGAVYYATSVKGRFTISRDNAKNTVYLQMNSLKPEDTAVYYCARGHFTYDDGRISIRSVDHWGKGTLVTVSS
seq17614,DVQLQASGGGVVQPGGSLRLSCAAHDPIFDKNLMGWGRQAPGKQREYVATISGNGGTNYASSVEGRFTISRDNAKKTVYLQMNDLKPEDTAVYYCNSAFAIWGQGIQVTVSS
seq17615,EVQLLESGGGVVQPGGSLRLSCAASGRTFNNYNMGWFRQAPGKGREFVAAVSRSGVSTYYADSVKGRFTISRDNSKNTVYLQMNSLRPEDTAVYYCAAAYRGTAINVRRSYSSWGQGTLVTVQS
seq17616,EVQLVESGGGLVQPGGSLRLSCAASGNIASIDAAGWFRQAPGKQREPVATILTGGATNYADSVKGRFTISRDNAKNTVYLQMNSLKPEDTAVYYCYAPMIYYGGRYSDYWGQGTQVTVSS
seq17617,QVQLQEFGGGLVQAGGSLRLSCATSGSIFSINAVGWYRQAPGNQRELVAAISGRGSTHYADSVKGRFTISRDTAKNTVYLQMNSLKPEDTAVYYCALDQHMEVIVSPGRIGSWGQGTLVTVSS
seq17618,EVQLVESGGGLVQPGGSLRLSCAASGFTLDDYAIGWFRQAPGKEREGVSSIRDNDGSTYYADSVKGRFTISSDNSKNTVYLQMNSLRPEDTAVYYCAAVPAGRLRFGEQWYPLYEYDAWGQGTLVTVSS
seq17619,QVQLQESGGGLVQPGGSLRLSCAASGFTFSRSWMYWVRQAPGKGLEWVSSITPGGSEPFYVDSVKGRFTISRDNAKNTLYLQMNSLKSEDTAVYFCAKDSKNGPRGQGTQVTVSS
seq17620,QVKLEESGGGLAQAGGSLRLSCIGSGDISSFNAMGWYRQVPGKQRELVAFISSGGRSKYTDSVKGRFTISGDNAKNTVYLQMIDLKPEDTAVYYCNAGSVVSYETGNYYEPSNYWGQGTQVTVSS
seq17621,QVRLVESGGGSVQAGGSLRLSCVASGYFYNTYYFMGWFRQAPGKEREGVAAIDTDGRTSYADSVKGRFTISKDNAKNTLYLQMNSLKPEDTAMYYCAAGFGYMNVIQALNGMRQNPDYWGQGTQVTVSS
seq17622,QVQLQESGGGLVQAGGFLRFSCAASGFTFNHYNMGWFRQAPGTERELVAVIDRPGDSTYYVESVKGRFTISSDNARKTVDLQMNSLKPEDTAIYYCATQPYYLGRYYCELRPSDYDYWGQGTQVTVSS
seq17623,EVQLVESGGGLVQPGGSLRLSCAASGRAFSDYAMAWFRQAPGQEREFVAGIGWSGGDTLYADSVRGRFTISKDNSKNTLYLQMNSLRAEDTAVYYCAARQGQYIYSSMRSDSYDYWGQGTLVTVSS
seq17624,EVQLVESGGGLVQPGGSLRLSCTGSGSTFSINAMGWYRQAPGKQRELVAAITSGGRTNYADSVKGRFTISRDNSKNTVYLQMNSLRPEDTAVYYCNARISAGTAFWLWSDYEYWGLGTLVTVSS
seq17625,EVQLVESGGGLVQAGGSLRLSCTASGRTISTTVMAWFRQAPGKEREFVAADHWGDAGTVYADSVKGRFTISRDNAKNTVYLQMNYLKPEDTSVYYCAARPPTYVGTSRDSRAYDYWGQGTQVTVSS
seq17626,QVQLQESGGGLVQPGGSLRLSCAASGSISSLGWYRQAPGKQREFVASATSGGDTTYADSVKGRFTISRDNSKNTVYLQMNSLKPEDTAVYYCKGQRGVAWTRKEYWGQGTQVTVSS
seq17627,QVQLQESGGGLVQAGDSLRLSCAASGRIFSAYVVGWFRQAPGKEREFVAAIRWSGGTTYYADSVKGRFTISRDNAQNTVYLQMNSLKPEDTAIYYCAAKYSGSYYLSSYAYNYWGQGTQVTVSS
seq17628,EVQLVESGGGLVQPGDSLKLSCAFSGRTFSSYSMAWFRQAQGKEREFVVAISSGGFIYDAVSLEGRFTISRDNTKNTVYLQTPSLKPEGTAVYYCAASRAYGSSRLRLADTYDYWGQGTQVTVSS
seq17629,MAESGGGSVQTGGSLRLSCAYTASSVCMAWFRQAPGKEREGVAVTRDGLTQTGYADSVKGRFAISQDYAKKTLYLQMSSLKPEDTARYYCAARPTSPCTVDGELLASTYDYWGQGTQVTV
seq17630,QVQLVESGGGSVQAGETLRLSCTASGFTFDGPDMAWYRQAPGNECELVSIISADGRTYYTDSVKGRFTASQDNAKNTVSLYLKSLQPEDTAVYYCAADPRRNCRGNCCGNWGPGTQVTVSS
seq17631,EVQLVESGGGLVQSGGSLRLSCVASGSTLDSYDIGWFRQVPGKEREGISCIRTSEDRTYYSDSVKDRFTISRDNTKNTVYLQMNSLKPEDTAIYYCATHLPLLASRLIWDSRCTLVEHEYDSWGQGTQVTVSS
seq17632,EVQLVESGGGLVQPGGSLRLSCAASGFTLDYLAIGWFRQAPGKEREGVSCVSSSGQYTYYADSVKGRFTISRDNAESTVYLQMNSLKPEDTAVYYCATDPECYRVRGYYNGEYDYWGQGTQVTVSS
seq17633,QVKLEESGGGLVQPGGSLRLSCAASGSIFSIKVMGWYRQAPGKQRELVADITSGGSTDYSDSVKGRFTISRDNAKNTVYLQMNSLKPEDTAVYYCNADLGCSGAGSCPDYWGQGTQVTVSS
seq17634,EVQLVESGGGLAQAGGSLSLSCTASGGNFRNFGMGWFRQVQGTEREFVAAISRTGGRTYFSDSVKGRFTISRDNAKNMVSLQMNSLKPEDSAVYYCAARFRFGDGTYYYQRNFYGFWGQGAQVTVSS
seq17635,EVQLVESGGGEVQPGGSLRLSCAPSERTFSTYTMGWFRQAPGKEREFVAVVNWGGGSKYYAESVKGRFTISRDNAKNTVYLQMSSLRAEDTAVYYCAAGGAYSGPYYDTRQYTYWGQGTLVTVKP
seq17636,EVQLVESGGGLVQAGGSLRLACAVSGRAFSIYHVGWFRQPPGKEREFIGAIIKNAGSTFYADFVEGRFTISTDNAKNTVYLQMDHLQPEDTAVYYCAAKYFGASHVDQTSYVYWGQGTQVTVSS
seq17637,EVQLVESGGGLVQPGGSLRLSCAASGRTFSNYAMGWFRQAPGKERELVAAITSGGSTDYADSVKGRFTISADNSKNTAYLQMNSLKPEDTAVYYCARGDWRYGWGQGTLVTVSS
seq17638,QVQLIESGGGLVQAGDSLRLSCAASEGTFSRFAMGWFRQAPGKEREFVAAINWSGGITYYADSVKGRFTISRDNAKNTVYLQMNSLKPEDTADYYCAAETTTRYSGYYYYEDNKSYDYWGQGTLVTVSG
seq17639,QVQLQESGGGLVQPGGSLRLSCAASGFTFSNYYMTWVRRAPGKGLEWVSRINSDGSTLYLPSVKGRFTISRDNAKNTLYLQMNSLKSEDTGWYYCVEGKSSVRGQGTQVTVSS
seq17640,QVQLQQSGGGLVQAGGSLRLACAASGRSFSIYGITWFRQAPGKEREFVAAITGSGLTTNYADSVKGRFTISRDNAKNMVYLQLNSLKPDDTAVYYCAATRAYSGYYGENPTRYAYWGQGTQVTVS
seq17641,QAQLQESGGGLVQAGGSLRLSCAASGNISDFRFMGWYRQAPGKERELVAAIGRGSNTRCADSVKGRFTISRDNAKNTVYLQMNSLKPEDTAVYYCAARNATYPYYVYWGQGTQVTVSS
seq17642,EVQLVESGGGLVQAGGFLRLTCAVSGFTLDDYAIGWFRQAPGKEREGVSSIRDNDGSTYYADSVKGRFTISSDNVKNTVYLQMNSLKPEDTAVYYCAAVPAGRLRFGEQWYPIYEYDAWGQGTLVTVSS
seq17643,EVQLVESGGGLVQAGGSLRLSCAASGFTFDDYAIGWFRQAPGKEREGVSCLSSSDGSTYYADSVKGRFTISTDNAKNTVYLQMNSLKPEDTAVYYCAAVEPAHCAYQSGVTAYEIYGMDYWGKGTLVTVSS
seq17644,QVQLVESGGGSVQAGGSLTLSCEVPAAMMSENIMGWFRQAPGKSRVFVANIVSGSDKVHIADAVQGRFTISRDNAKNTVYLHMSQLKLEDTAVYYCNLKAWTPTYSETWGQGMQVTVSS
seq17645,EVQLVESGGGLVQAGGSLRLSCAGSGHTGSLYSMGWFRQAPGKEREFVAAITWRPSSTYYADSVKGRFTISRDDAKNTVYLQMNSLKPEDTAVYFCAARPRGGLSPTPQAYDYWGQGTQVTVSS
seq17646,EVQLVESGGGLVQPGRSLTLSCAASTNIFSIYPMGWYRQAPGKQRELVAAIHGSSTLYADSVKGRFTISRDNAKNSIYLQMNSLRPEDTALYYCNKVPWGDYHPKNVYWGQGTQVTVSS
seq17647,EVQLVESGGGLVQPGGSLRLSCAASRSIGRLDRMGWYRHRPGKPRELVATITGGSSINYGDSVKGRFTISIDNSKNTVYLQMNSLRPEDTAVYYCNFNKYVTSRDTWGQGTLVTVSS
seq17648,EVQLVESGGGLVQPGGSLRLSCTASGTIVNIHVMGWYRQAPGKQRELVALIFSGGSADYADSVKGRFTISRDNSKNTVYLQMNSLRAEDTAVYYCAAEIGYYSGGTYYSSEAHWGQGTLVTVSS
seq17649,QVQLQESGGGLVQPGESLRLSCAVSGSTSSRNAMAWYRQAPGKRRELVAGISGGGATNYPDSVKGRFTISRDNAKNTVYLQMSSLKPEDTAVYYCNLWPPRASPGGGVYWGQGTQVTVSS
seq17650,QVQLVESGGGLAQPGGSLRLSCAASGSTISSVAVGWYRQTPGNQREWVATSSTSSTTATYADSVKGRFTISRDNAKNTIYLQMNSLKPEDTAVYYCKTGLTNWGQGTQVTVSS
seq17651,EVQLVESGGGVVQAGGSLRLSCAASGSIASIHAMGWFRQAPGKEREFVAVITWSGGITYYADSVKGRFTISRDNAKNTVYLQMNSLKPEDTALYYCAGDKHQSSWYDYWGQGTLVTVQS
seq17652,EVQLVESGGGLVQAGGSLRLSCAASGRTFSSYGMGWFRQAPGKEREFVAGISWTLGRTYYADSVKGRFTISGDNAKNTVYLQMNSLKPEDTAVYYCASDESDAYNYWGQGTQVTVSS
seq17653,QVQLQESGGGLVQAGGSLRLSCVASGRTFSGYGMGWFRQVPGKEREFVAAIRWSGKETWYVDSVKGRFTISRDNAKSTVYLQMNSLKPEDTAVYYCAVRPVRVDDISSPVGFDYWGQGTQVTVSS
seq17654,EVQLVESGGGLVQAGGSLRLSCAASGFTFDGYAIGWFRQAPGKEREGVSCISGGDGRSYYADSVKGRFTVSSDNAKNTLYLEMNSLKPEDTAVYYCAVIWGPYCSDSYEYLYEYDYWGQGTQVTVSS
seq17655,QVQLQESGGGLVQAGGSLRLSCAAPGSIFSIASMGWYRQAPGKQRELVAVITSFSSTNYADSVKGRFTISRDNAKNTVYLQMNSLKPEDTGVYYCNARYFERTDWGQGTQVTVSS
seq17656,QVQLQESGGGSVQDGGTLQLSCEDSKWSYTYYCMGWFRQAPGKEREPVAHIDSEGTVAYADTVKGRFTISRGDAKHRVYLQMNNLKADDTAIYYCAANGGYCLRPRQLAADYEYWGQGAQVTVS
seq17657,EVQLVESGGGLVQPGGSLRLSCAASGNILGENTMNWYRQAPGKERELVAGVTNLRSTYYPDGVKYADSVKGRFTVSRDNAKNAVYLQMNSLKPEDTAVYYCNLFEHRFPPATYWGQGTQVTVSS
seq17658,EVQLVESGGGSVQAGGSLRLSCAASGYTSETYSMGWHRQAPGKEHELVSRIFRDGTAYYADSVKGRFTISQDNAKNTIYLQMDSLKPEDTSMYYCHTSLQKGRFGLEEYWGQGTQVTVSS
seq17659,QVQLVESGGGLVQPGGSLRLSCAASGGIFSIGVMGWYRQAPGKQRELVATITSRGSTNYADSVKGRFTISGDNAKNTVYLQMNNLKPEDTAVYYCYADLIRPGDFYGMDYWGQGTLVTVSS
seq17660,EVQLVESGGGLVRPGGSLRLSCVASGDVHKINILGWYRQAPGKEREKVAHISISDQTDYAESAKGRFTISRDESKNMVYLQMNSLKPEDTAVYLCRAFSRIYPYDYWGQGTQVTVSS
seq17661,EVQLVESGGGLVQPGGSLTLSCAASGKSVSFLSMAWYRQAPGKKRELVAGISKDGSTDYIDSVKGRFTISRDNAKNSVYLQMNSLRAEDTAVYYCYAYRWTTRYTYWGQGTLVTVSS
seq17662,EVQLVESGGGLVQAGDSLRLSCAASGRTFSSYSMGWFRQAQGKEREFVVAISSSGNYKYDSVSLEGRFTISRDNTKNTVYLQINSLKPEDTAVYYCAASRAYGSSRLRLGDTYDYWGQGTRVTVSS
seq17663,QVQLQESGGGLVQPGGSLRLSCAASGFTFSVYDMNWYRQTPGKEREWVAGISNNGFSTAYAGSVKGRFTISRDNAENTVYLQMNSLKSEDTAVYYCNLDVHGRVGAQGDYWGQGTQVTV
seq17664,QVQLQESGGGSVQAGGSLKLSCAASGYIFSSCGMGWYRQAPGKERELVSTISSDGTTSYADSVKGRFTISQDNAKNTLYLQMNSLKTEDTAVYYCVADCPPIPEFTSCSGGYCLSGDYWGQGTQVTVSS
seq17665,EVQLVESGGGSVQAGGSLRLSCAVSGYTGSTYCIAWFRQAPGKEREGVATLNSSGGSRYSATSVKGRFTLSQDNAKNTVYLQMNSLKPEDTAVYYCAARRYDCFATSWTYEPAYEYWGQGTQVTVAS
seq17666,QVQLQESGGGLVQAGGSLRLSCAASGSIFRRPHMGWFRQAPGQERELVALISAGGRTWYADSVKGRFTISRDNAKNTLYLQMNSLKPEDTAVYYCTAGGSYWGQGTQVTVAS
seq17667,EVQLVESGGGLVQAGGSLRLSCAASGRTLSSYDMGWYRQGPGKEREFVAAISWSGGGTDYVDSVKGRFTISRDTAKNTMYLQMNSLKPEDTAIYYCNALGTTDSDYEGELYWGQGTQVTVSS
seq17668,EVQLVESGGGVVQPGGSLKLSCVASGTDFSINFIRWYRQAPGKQREFVAGFTATGNTNYADSMKGRFTISRDNTKNAVYLQIDSLKPEDTAVYYCYMADKWGQGTQVTVSS
seq17669,EVQLVESGGGSVQTGGSLRLSCAVSGSAFSRNTMGWYRQAPGKQRDLIARIWPGGSTYYADSVKGRFTISRDNAKNTLYLQMNSLKPEDTAVYYCNTVGITLNDWGQGTQVTVSS
seq17670,QVQLQESGGGLVQPGGSLRLSCAASGIVFANHVMGWYRQAPGKQRELVASITNGGLINSVDSVAGRFTISRDNAKNTVYLQMNNLKPEDTAVYYCNARRLYQQYWGQGTQVTVSS
seq17671,EVQLVESGGGEVQPGGSLRLSCAASGSTFSMYHMSWFRQAPGKQREPVATSHHGGTTNYAGSVKGRFTISRDNAKNTVYLQMNTLRAEDTAVYYCKADHGYQGRGYWGQGTLVTVKP
seq17672,EVQLQESGGGLVQPGGSLRLSCTASGVTISALNAMAMGWYRQAPGERRVMVAAVSERGNAMYRESVQGRFTVTRDFTNKMVSLQMDNLKPEDTAVYYCHVLEDRVDSFHDYWGQGTQVTVVQ
seq17673,QLQASGGGSVQAGGSLRLSCAASGYTIGPYCMGWFRQAPGKEREGVAAINMGGGITYYADSVKGRFTISQDNAKNTVYLLMNSLEPEDTAIYYCAADSTIYASYYECGHGLSTGGYGYDSWGQGTQVTVSS
seq17674,EVQLVESGGGLVQPGGSLRLSCAASGITFRFKAMGWFRQAPGKEREFVAAISWRGGSTNYADSVKGRFTISADNSKNTAYLQMNSLKPEDTAVYYCAAATLGEPLVKYTWGQGTLVTVSS
seq17675,EVQLVESGGGLVQPGGSLRLSCAASGVTLDLYAMGWFRQAPGKEREFVAAISPSAVTTYYADSVKGRFTISADNSKNTAYLQMNSLKPEDTAVYYCAAYDYYSDYPLPDANEYEWGQGTLVTVSS
seq17676,QVQLVESGGGLVQAGSSLRLSCAASGRTFSNYRMAWFRQAPGKEREFVAVISRGGGGADYADSVKGRFTISRDNVKNTVSLQMNSLKPEDTAVYFCAARISGFSYYTSVDRYDYWGQGTQVTVSS
seq17677,EVQLVESEGGLVQPGGSLRLSCAASGFAFSNYWMYWIRQAPGKGLEWVSTIKTSGSAAYADFVKGRFTISRDNAKNTLYLQMNSLKPEDTALYYCSTDYAGTVRGQGTQVTVSS
seq17678,EVQLVESGGGSVQAGGSLRLSCVASEDSTSAMCMGWFRQAPGKEREGVACINPTGEVTWYGDSVKGRFTISRDTVKKIVYLQMNSLKPEDTAMYYCAARVTYGGDWSTDTDYEYWGQGTQVTVSS
seq17679,EVQLMESGGGLVQTGGSLRLSCAASGGTFSTYAMGWFRQAPGKEREFVAGITRSAVSTSYTDSVKGRFTISRDNAKDMVYLQMNSLKPEDTALYYCAATRRLHFGNGADYWGKGTPVTVSS
seq17680,EVQLVESGGGLVQAGGSLRLSCAASGSTFIISVMRWYRQAPGKQRELVAAIRTGGNTDYAGPVRGRFSISRDGAKNAVDLQMNGLKPEDTAVYYCNVPTTRYGGDYYGPYWGQGTQVTVSS
seq17681,VKLEESGGGLVQPGGSLRLSCIGSGDISSFNAMGWYRQVPGKQRELVAFISSGGRSKYTDSVKGRFTISGDNAKNTVYLQMIDLKPEDTAVYYCNAGSVVSYETGNYYEPSNYWGQGTQVTVSS
seq17682,EVQLQESGPGLVKPSQTLSLTCTVSGGSITSRYYAWSWIRQPPGKGLEWIGVIDYDGDTYYSPSLKSRVTISWDTSKNQFSLQLSSVTAEDTAVYYCARDPDVVTGFHYDYWGQGTLVTVSS
seq17683,EVQLVESGGGLVQAGGSLRLSCAASGFTFSDYDIGWFRQAPGKGREGVSGISSSDGNTYYADSVKGRFTISSDNAKNTVYLQMNSLRPEDTAVYYCAAEPPDSSWYLDGSPEFFKYWGQGTLVTVSS
seq17684,EVQLVESGGGLVQPGGSLRLSCAASGDVHKINILGWYRQAPAKEREMVAHITIGDATDYADSAKGRFTISRDEAKNMVYLQMNSLKPEDTAVYFCRAYSRIYPYNYWGRGTQVTVSS
seq17685,QVQLQESGGGLVQAGGSLRLSCAASGSIFSLNDMGWYRQAPGKQRELVAAITSGGSTNYADSVKGRFTISRDNAKNTVYLQMNSLKPEDTAVYYCNAVVAGTFSTYDYWGQGTQVTVSS
seq17686,EVQLVESGGGEVQPGGSLRLSCAASGSTFSMYHMSWFRQAPGKQREPVATSHHGGTTNYAGSVKGRFTISRDNAKNTVYLQMSSLRAEDTAVYYCKADHGYQGRGYWGQGTLVTVKP
seq17687,VQLQESGGGLVQPGDSLRLSCAASERTFSMYAIGWFRQAPGKERELVAGISSGGSTNYADSVKGRFTISRDNPKKTVYLQMMSLEPEDTGVYYCAARSGSAYFSGRYYWNYWGQGTQVTVSS
seq17688,QVQLQESGGGLVQPGGSLRLSCAASGFAFGNHWMYWYRQAPGRGRELVASISSGGSTNYVDSVKGRFTISRDNARNTVYLQMYSLKPEDTAVYYCGTSDNWGQGTQVTVSS
seq17689,EVQLQASGGGLVQAGGSLRLSCAAVSGRTTSTFAMGWFRQAPGKEREFVATINWSGSSARYADPVKGRFTISRDDAKNTVYLEMSSLKSEDTAVYYCASGRYLGGITSYSQGDFAPWGQGTQVTVSS
seq17690,VQLQESGGGLVEAEGSLRLSCAASGRAFGSYAMGWFRQAPGLERELVAAISSGGTTYYADSVKGRFTISRDNARNTVYLQTNSLKPEDTAVYYCAARTGGAAYTRRIDWPYWGQGTQVTVSS
seq17691,EVQLQESGPGLVKPSQTLSLTCTVSGGSITSRYYAWSWIRQPPGKGLEWIGVIDYDGDTYYSPSLKSRTTISWDTSKNQFSLQLSSVTAADTAVYYCARDPDVVTGFHYDYWGQGTTVTVSS
seq17692,QVQLVESGGGLVQAGGSLRLSCVASGGTASSYTMAWFRQAPGKERDFVASILWSGNTTAYANFVKGRFTISRDNAKNMMYLQMNSLKPEDTAVYYCARARGGWGTTAEVSNYAYWGQGTQVTVSS
seq17693,EVQLQASGGGLVQAGGSLRLSCAASGRTDSTQHMAWFRQAPGKEREFVTAIQWRGGGTSYADSVKGRFTISRDNAKNTVYLEMNSLKPEDTAVYYCATNTRWTYFSPTVPDRYDYWGQGTQVTVSS
seq17694,VKLEESGGELVQPGGPLRLSCAASGNIFSINRMGWYRQAPGKQRAFVASITVRGITNYADSVKGRFTISVDKSKNTIYLQMNALKPEDTAVYYCNAVSSNRDPDYWGQGTQVTVSS
seq17695,EVQLVESGGGLVEAGGSLSLSCTASAGTFRNFGMGWFRQARGEEREFVATISRSARHTYYSDSVKGRFTISRDNAKNMVSLQMNSLKPEDTAVYYCAARFRSDDGTYYYQRAFYDFWGQGTQVTVSS
seq17696,EVQLVESGGGLVQPGGSLRLSCAASGRTFGDYIMGWFRQAPGKERESVAAINWSGGTTPYADSVKGRFTISADNSKNTAYLQMNSLKPEDTAVYYCATDPPLFCCHVDLWGQGTLVTVSS
seq17697,EVQLVESGGGLVQPGGSLRLSCAASGRTFSGFTMSSTWMGWFRQAPGKEREFVAGIITNGSTNYADSVKGRFTISADNSKNTAYLQMNSLKPEDTAVYYCARRVAYSSFWSGLRKHMDVWGQGTLVTVSS
seq17698,DVQLQASGGGLAQAGDSLTLSCAASGRTFSGYVVGWFRQAPGAEREFVGAIRWSEDSTWYGDSMKGRILISRNNIKNTVNLQMFNLKPEDTAVYVCAAGAGDIVTTETSYNYWGRGTQVTVSS
seq17699,QLQLVESGGGMAQPGGSLKLSCAASGFTFDDYAMTWVRQAPGKGLEWLSTISWNDINTYYAESMKDRFTISRDNAKNTLYLQMNSLESEDTAVYYCAKRRDNYYGTSGEYDYWGQGTQVTVSS
seq17700,EVQLVESGGGLVQPGGSLRLSCVGSGDGFSISAVGWYRQTPGKQREWVAVIFASGSTDYAGSVKGRFTISRDNAKNTVYLQMNSLKPEDTAVYYCNAGVTTNPGVHRASSYWGQGTQVTVSS
seq17701,QVQLQESGGGLVQAGGSLRLSCVASVRTFSTYSMGWFRQAPGKEREFLAGISGSGDRTWYRTSVKGRFAISRDNGKNTAYLQMNSLEPEDTAVYYCAARSPKCHSRSTYYDYWGQGTQVTVSS
seq17702,QVQLQESGGGLVEAEGSLRLSCIASGRTFGTYAMGWFRQAPGKERELVAAISTGGSTYYADSVKGRFTISRDNARNTVYLQTNSLKPEDTAVYYCAARRGSAYYTNHVDWPYWGQGTQVTVSS
seq17703,AVQLVESGGGLVQAGGSLRLSCIASGIEFTIGVMGWYRQVPGKEREFVAAITNGGRPNYADSVKGRFAISRDNAKNTVYLLMNSLKPEDTAVYYCALDRLFKSPDGLVDYWGQGTQVTVSL
seq17704,EVQLVESGGGLVQAGGSLRLSCAASGRTIVPYTMGWFRQAPGKEREVVASISWSGKSTYYADSVRGRFTISADNAKNTVYLQMNSLKPEDTAVYYCAAQRRWSQDWGQGTQVTVSS
seq17705,QVQLQESGGGLVQPGGSLRLSCAASRSDISFNPMGWYRQAPGKQRELVATISNGGTTNYADSVKGRFTISQDNAKTTVYLQMNSLKPEDTAVYYCNGRGPRYATTGWYTDDYWGQGTQVTVSS
seq17706,QLQESGGGLVQAGGSLRLSCAASRSTFRFNVMGWYRQAPGKQRELVAAISSRGGSTNYADSVQGRFTISRDNAKNTVSLQMNSLKPEDTAVYYCNVRSFVRTYWGQGTQVTVSS
seq17707,EVQLVESGGGEVQPGGSLRLSCAASGFTFSSYHMSWFRQAPGKQREPVATSHHGGTTNYAGSVKGRFTISRDNAKNTVYLQMNTLRAEDTAVYYCKADHGYQGRGYWGQGTLVTVKP
seq17708,EVQLVESGGGLVQAGESLRLSCAASGSIFSIDAMGWYRQAPGKQRELVAEISDHTTYGDSVKGRFTISRGNAENTVALQMNSLKPEDTGVYYCNVHHQRGWGTSITVTWGQGTQVTVSS
seq17709,QVQLVESGGGLVQAGGSLRLSCAASGISFAINNVAWYRQAPGRQRDLVALIDRYDTGNIADSVRGRFSISRDNARNTAYLQMNSLRPEDTAVYYCNALGTWIRAGPYWGQGTQVTVSS
seq17710,ESGGGSVQAGGSLRLSCAASGYTYSSTYMAWFRQAPGKEREGVASIYTGDGWTYYANSVKGRFTISRDNAKNTVYLQMNSLKPEDTAMYYCAAKTRAVGGTWSSPNIYTYWGQGTQVTVSS
seq17711,EVQLVESGGGVVQPGGSLKLSCVASGTDFSINFIRWYRQAPGKQREFVAGFTATGNTNYADSMKGRFTISRDNTKNAVYLQIDSLKPEDTAVYYCYILDKWGQGTQVTVSS
seq17712,EVQLVESGGGLVQPGGSLRLSCAASGGTLDDYVIGWFRQAPGKEREGVSCISSTDGSTYYADSVKGRFTISRDNAKNTVYLQVNSLKPEDTAVYYCAAGMGVLRQWALSKLSYDYWGQGTQVTVSS
seq17713,DVQLVESGGGLVQPGGSLRLSCAASGRTYDAMGWLRQAPGKEREFVAAISGSGDDTYYADSVKGRFTISRDNSKNTLYLQMNSLRPEDTAVYYCATRRGLYYVWDANDYENWGQGTLVTVSS
seq17714,QVQLQQSGGGLVQVGGSLRLSCSASEGTFTRNSMAWFRQGPGKEREFVAAITPSGYTRYVDSVKGRFTISRDNAKNAVYLQMNTLKHEDTAIYYCAARTQQYMQDLTIASLYTVWGQGTQVTVPS
seq17715,VQLQESGGGLVEAEGSPRLSCAASGRTFGSYAMGWFRQAPGKERELVAAISSGGITYYADSVKGRFTISRDNAKNTVYLQMNSLKPEDTAVYYCAARSGSAYYTTRVDWPYWGQGTQVTVSS
seq17716,EVQLVESGGGLVQTGGSLRLSCAASGSISSFNVMGWYRQAPGKQRDLVAHIASGGEIMYTDSVKGRFTISRDNAKKTVYLQMNSLKPEDTAVYYCKLWVLGNDYWGQGTQVTVSS
seq17717,EVQLVESGGGLVQAGGSLRLSCAASGGTFGVYHMGWFRQAPGTEREFVAVIRSGGTTLYEDSVKGRFTISRDNAKNTVYLRMNSLKPEDTAVYYCAAQIYYRTNYSSQSNYDYWGQGTQVTVSS
seq17718,RLSCAASGSIFSIIGMGWYRQAPGKQRELVAAITSGGSTNYADSVKGRFTISRDNAMNTVYLQMNSLKPEDTAVYYCNALDSSGWSDYWGQGTLVTVSS
seq17719,EVQLVESGGGLVQPGGSLRLSCAASGSAFRSNAMGWFRQAPGKEREFVAHISWSSKSTYYADSVKGRFTISADNSKNTAYLQMNSLKPEDTAVYYCATYCSSTSCFDYWGQGTLVTVSS
seq17720,QVQLQESGGGLVQAGGSLRLSCAASGTISAAAYMGWYRQAPGKEREFVAGIDRGATTYYADSVKGRFTISRDNAKNTVYLQMNSLKPEDTAVYYCAVNVLRFQPPDGARKLRYWGQGTQVTVSS
seq17721,EVQLVESVGGLVQPGGSLRLSCVASGNIGDIYTMGWYRQAPGKQRELVATVGDGGLTNFVDSVKGRFTISRDKSKGTVSLEMNSLKPEDTAVYYCNADVRIGPTGLRVYWGQGTQVTVSS
seq17722,VQLVESGGGSVQAGDSLRLSCAASGNTASRFSMGWFRQAPGKEREGVAAISAGGRLTYYADSVKGRFTISRDNAKNTLYLDMNNLKPEDTAMYYCAAISDRMTGIQALAALPRLRPEDYGNWGQGTLVTVSS
seq17723,EVQLVESGGGLVQPGGSLRLSCAASGSIFSIDVMGWFRQAPGKEREFVAGISWSGDSTLYADSVKGRFTISADNSKNTAYLQMNSLKPEDTAVYYCAAFDGYTGSDWGQGTLVTVSS
seq17724,QVQLQQSGGGLVQTGGSLRLSCAASTNIFSRNTMGWYRQAPAKQREFVASITRSDITNYADSVKGRFTISRDNAKSTVYLQMDSLKAEDTAVYYCYARGRPGIYWGQGTQVTVSS
seq17725,MAESGGGSVQTGGSLRLSCAYTASSVCMAWFRQAPGKEREGVAVTREGLTQTGYADSVKGRFAISQDYAKKTLYLQMSSLKPEDTARYYCAARPTSPCTVDGELLASTYNYWGQGTQVTV
seq17726,EVQLVESGGGLVQAGGSLRLSCAASGRTLSNYDMGWFRQAPGKEREFVATIRWSTSETYYADSVKGRFTISSSNTKNTVDLQMNSLTPEDTAVYYCAARSVYSYEYNYWGQGTQVTVSS
seq17727,QVQLQESGGGLVQPGGSLRLSCAASGSIFSIKTMGWYRQAPGKQRELVAAIASGGFTNYADSVKGRFTISRDNARNTVYLQMNSLKPEDTAVYYCNAQRRWPLRDYWGQGTLVTVSS
seq17728,EVQLQESGPGLVKPSQTLSLTCTVSGGSITTGTYSWSWIRQPPGKGLEWMGVIAYDGSTYYSPSLKSRTSISRDTSKNQFSLQLSSVTPEDTAVYYCARDDVAAPGYWGQGTQVTVSS
seq17729,EVQLVESGGGVVQPGGSLRISCAASGSIYLINYMGWYRQAPGKQRELVATLTSGGSTNYAGSVKGRFAISRDNAKNTVYLQMNSLKPEDTALYYCNIGGTLYDRRRFESWGQGTLVTVSS
seq17730,EVQLVESGGGLVRAGGSLRLSCAASGRTLNPYKVAWFRQAPGKERDFVAVIHWYGITAYADTVKGRFSISRDNAQGTVKLQMDSLKPEDTAVYYCALDSTSALGHTTSDFDSWGQGTQVTVSS
seq17731,DVQLVESGGGLVQPGGSLRLSCAASGTIVNIHVMGWYRQAPGKQRELVALIFSGGSADYADSVKGRFTISRDNSKNTVYLQMNSLRPEDTAVYYCAAEIGYYSGGTYYSSEAHWGQGTLVTVSS
seq17732,EVQLVESGGGLVQPGGSLTLSCVASGSTSSINAMAWYRRAPGKQRELVAGISSDGSKVYTDSVKGRFTISRDNAKNSVYLQMNSLRAEDTAVYYCYYFRTTSGSSMRYWGQGTLVTVSS
seq17733,QVQLQESGGGLVQAGASLRLSCAASERLTVDYAIGWFRQAPGKEREFVAAISWGGGLTVYGESVEGRFTISRDIAKNTMNLQMNVLRPEDTANYYCAASRISYRVWNTIPYNKLTLWGRGTQVTVSS
seq17734,EVQLVESGGGLVQPGGSLTLSCVPSGSTSNINAMGWYRRAPGKQRELPAGISSDGTKIYADSAKVPFTITRDNAKNSVYLQMNSLRAEDTAVYYCYYFRTVSGTSMRYWGQGTLVTVSS
seq17735,EVQLVESGGGLVQPGGSLRLSCAASGRTFSYNPMGWFRQAPGKGRELVAAISRTGGSTYYPDGVEGRFTISRDNAKRMVYLQMNSLRAEDTAVYYCAAAGVRAEDGRVRTLPSEYTFWGQGTQVTVSS
seq17736,EVQLVESGGGLVQAGGSLRLSCGRSGRISNINIMSWYRQAPGKTRDMVAAIIGDATNYADSVKGRFTISRDNAKNAVSLHMNRLKPEDTGVYYCKIPGVDWGQGTQVTVSS
seq17737,EVQLVKSGGQLVQAGGSLRLSCAATGRTYNSYPLGWFRQAPGKEREFVAAISASGTLRAYADSVKGRFTISRDSAKNTVYLQMNNLKPEDTAVYYCARARSVGWRASHHLSDYDNWGQGTQVTVSS
seq17738,DVQLVESGGGLVQPGGSLRLSCAASGRTFSSYAMGWFRQAPGKEREFVAAISWSGGSTYYADSVKGRFTISRDNSKNTVYLQMNSLRPEDTAVYYCTAALAVYGPSRYRYGPVGEYQYWGQGTLVTVSS
seq17739,EVQLVESGGGLVQPGGSLTLSCVASGSTSSINALGWYRRAPGKQRELVAGISSDGSLVYADSVKGRFTISRDNAKNSVYLQMNSLRAEDTAVYYCYYFRIVSGSSMRYWGQGTLVTVSS
seq17740,EVQLVESGGGLVQPGGSLRLSCAASGRTFTSYRMGWFRQAPGKEREFVAEISSSGGYTYYADSVKGRFTISADNSKNTAYLQMNSLKPEDTAVYYCARVGPLRFLAQRPRLRPDYWGQGTLVTVSS
seq17741,EVQLVESGGGLVQPGGSLRLSCAASGFRFSSYGMGWFRQAPGKEREFVAIITSGGLTVYADSVKGRFTISADNSKNTAYLQMNSLKPEDTAVYYCAARKTFYFGTSSYPNDYAWGQGTLVTVSS
seq17742,EVQLVKSGGGLVQAGGSLRLSCAASGRTFSSYGMGWFRQAPGKEREFVAGISWTLGRTYYADSVKGRFTISGDNAKNTVYLQMNSLKPEDTAVYYCASDESDAYNYWGQGTQVTVSS
seq17743,QVQLVESGGGLVQAGGSLRLSCAASGGIFSGGRMGWFRQAPGKEREFVAAVITRGGSTYYADSVKGRFTISRDNAKNTVYLQMNSLKPEDTAVYYCAASEVTYDEGRYIGTKSTYDTWGQGTQVTVSS
seq17744,EVQLVESGGGLVQAGGSLRLSCAASGRTFSTYTMAWFRQTPGKERDLVAGITGSGLRTYYADSVKGRFTISRDNAKNTVDLQMNSLKPEDTAVYYCAASLTGWIPSSLQSYNYRGQGTQVTVSS
seq17745,VKLVESGGGSVQAGGSLRLSCAVSGDDLSNYCMGWVRQAPGKEREEVATIDYAFKTNYADSVKGRFTISKDNAENSLRVNLEMNDLKPDDTAMYYCAADWSSGGVCFGLADFGTRGQGTQVTVSS
seq17746,QVQLVESGGGLVQPGGSLRLSCAASGFTFGTYAMSWVRQAPGKGLEWVSGINGGGGSTAYGDSVKGRAIISRDNAKNILYLRMNTLKPEDTAVYYCAKYNGYWVRDGMDSWGKGTLVTVSS
seq17747,QVQLVESGGGLVQSGGSLRLSCTASGFVVEGAAIGWFRQAPGKQRDLVAAITRRGTTTYVDSVQGRFTVSRDNAKNTVYLQMNSLKPEDTAVYYCYAKPTVARAYWGQGTQVTVSS
seq17748,VQLQESGGGLAQAGGSLRLSCAASGRTFSMGWFRQAPGKEREFVAAITYSGGSPYYASSVRGRFTISRDNAKNTVYLQMNSLKPEDTAVYYCAANPTYGSDWNAENWGQGTQVTVSS
seq17749,EVQLVESGGGLVQPGGSLRLSCAASGFKFNDSYMRWFRQAPGKEREFVVAINWSSGSTYYADSVKGRFTISADNSKNTAYLQMNSLKPEDTAVYYCAVVNGPIFWGQGTLVTVSS
seq17750,DVQLVESGGGVVQPGGSLRLSCSASGLLFSRNSAGWYRQAPGKQREFVARIRAGGSINYADSVKGRFTISRDNSKNTVYLQMNSLRPEDTALYYCSGWREGFYEYWGQGTLVTVSS
seq17751,EVQLVESGGGLVQPGGSLRLSCAASGRMFSSRSMGWFRQAPGKEREFVALINRSGGSQFYADSVKGRFTISADNSKNTAYLQMNSLKPEDTAVYYCAARRWIPPGPIWGQGTLVTVSS
seq17752,VQLQESGGGSVQAGGSLRLSCTAPGFTSNTCAMAWFRQAPGKEREFVSSMSTVGSTRFADSVKGRFTISKDEVKDTVYLQMNSLKPEDTAMYFCKTYACRECTGRYCRTAPDAWGQGTQVTVSS
seq17753,QVQLQDSGGGLVQAGGSLRLSCAASERTFSTYAMGWFRQAPGKEREFVAGISGSGGRTYYEDSVKGRFTISRDNAKSMVYLQMNSLKLEDTAVYYCAAKPRGYNSGTYYRASDFDSWGQGTQVTVSS
seq17754,QVQLQESGGGSVQTGGSLRLSCAASRRWYQPEAWVWFRQVPRKLREGVAEINTNGLITKYKDSVTGRFTISQVNAEKSSEKSVYLQMTSLKPEDTGIYYCAAIISGDTTNYADAVKGWGQGTQVTVSS
seq17755,QVQLQESGGGLVQAGDSLRLSCAGSEGTLSSYGIGWFRQAPGKEREFVGGINWSGDSTDYADSVKGRFTISRDSAKNTVYLQMNSLKPEDTAVYYCAAGESGVWVGGLDYWGQGTQVTVSS
seq17756,EVQLVESGGGLVQAGGSLRLSCAASGGIISNYHMGWFRQAPGKEREFVATITRSGGSTYYADSVKGRFTISADNAKNTVYLQMNSLKPEDTAVYYCAMAGRGRWGQGTQVTVSS
seq17757,EVQLVESGGGLVQAGGSLSLSCTASGGTFRNYGMGWFRQAQGKEREFVAAISRTGGHTYYSDSVKGRFTISKDNAKNMVSLQMNSLKPEDTAVYYCAARFRFGDGTYYYQRNFYDFWGQGTQVTVSS
seq17758,QLQVVESGGGLVQPGGSLRLSCAASGFTFSTYVMSWVRQAPGKGLEWVSGINSGGGSTSYADSVKGRFTISRDNAKNTLYLQMNSLKPEDTAVYYCAKVGDGSAWYYYYGMDYWGQGTQVTVSS
seq17759,EVQLVESGGGLVQAGGSLRLSCVVSGGTFSVYAMGWFRQAPGKLREIVAAISRTGSSIYYTDSVKGRFTISRDDAKKTVYLQMNSLKSEDTAVYYCAVDGRANGERPAVAGYNYWGQGTQVTVSS
seq17760,QVQLQESGGGLVQPGGSLRLSCAASETLFSLYAMGWYRQAPGKQPELIATISGGGEGTGNYADPVKGRFTISRNNADNMVFLQMNNLKPEDTAVYYCNVYGTNLAPWGQGTQVTVSS
seq17761,VQLQESGGGSVQAGGSLRLSCTAPGFTSNTCAMAWYRQAPGKEREFVSSRSTVGTTGYADSVKGRFTISKDEAKDTVYLQMNSLKPEDTAKYFCKTYACRDCIGRYCRTAPDAWGQGTQVTVSS
seq17762,EVQLQESGGGLVQPGGSLRLSCTASGVTISALNAMAMGWYRQAPGERRVMVAAVSERGNAMYRESVQGRFTVTRDFTNKMVSLQMDNLKPEDTAVYYCHVLEDRVDSFHDYWGQGTQVTVSS
seq17763,EVQLVESGGGLVQPGRSLTLSCAASTNIESISPMGWYRQAPGKQRELVAAIHGKSTLYADSVKGRFTISRDNAKNSIYLQMNSLRPEDTALYYCNKVPWGDYHPRRVYWGQGTQVTVSS
seq17764,EVQLVESGGGSVQAGGSLRLSCVASGYTWCRYDMSWYRQAPGKEREFVSGFDNDGTTSYADSVKGRFTISQDNDKNTVYLQMNSLKPEDTAMYYCKEDRSRGSLDGRVCPLSYDNWGQGTQVTVSS
seq17765,QLQLVESGGGLVQAGGSLRLSCAASGSTSGINIMAWYRQRSGEPRELVANKARGGLPKYADFARGRFTISRDNAKNTIDLQMSNLKPEDSAVYYCNAVWDWKLGDYWGQGTQVTVSS
seq17766,EVQLVESGGGLVQTGGSLRLSCVASMSSFGMYHMGWYRQAPGSQRKMVAWIGPSGNTYYLDSVKGRFTISRDNAKNTLYLQMNSLKPEDTAVYYCAKSRKVVSLAVDYRGQGTQVTVSS
seq17767,EVQLVESGGKLVQPGGSLRLSCSASGRTFSFSTSTMGWFRQAPGKELEFVAAIDWSDFNTYYADSVKGRFTISRHNPRNSVYLQLNSLKPEDTAVYYCAAHSETRGGTRYFDRPSLYNYWGQGTLVTVSS
seq17768,DVQLVESGGGVVQPGGSLRLSCAASGFAFDDYAIGWFRQAPGEEREGVSSISSTYGLTYYADSVKGRFTISSDNSKNTVYLQMNSLRPEDTAVYYCAATPIGLIGLDAYEYDYWGQGTLVTVQS
seq17769,QVQLQQSGGGLVQPGGSLRLSCAASGFAFDDYAMIWVRQGPGKGLEWVSSISWNGGGTYYAESIVGRFTVSRDNAKKMVYLQMNGLKSEDTAMYYCVKLVDSGWYSAYDYWGQGTQVTVSS
seq17770,EVQLVESGGGLVQAGGSLRLSCAASGRTFSRATMAWFRQAPGKEREFVALNNWSGPSTYYADFVKGRFTISRDNPKNTVNLQMNSLKPEDTAVYYCAAGGWGKTVEAYVYWGQGTQVTVSS
seq17771,VQLQQSGGGLVQAGGSLRLSCAASGLAFSSYAITWLRQAPGTEREFVALISGSGSSTYYADSVKGRFTISRNNAKNTVYLQMNSLKPEDTAVYYCTASEFLLHPPPPNQKYDYWGQGTQVTVSS
seq17772,VQLVESGGGLVQTGGSLRLSCASSGSIAGFETVTWSRQAPGKSLQWVASMTKTNNEIYSDSVKGRFIISRDNAKNTVYLQMNSLKPEDTGVYFCKGPELRGQGIQVTVSS
seq17773,LQQSGGGLVHAGGSMRLSCAAPGRTFSSYAMAWIRQAAGKEREFVAGVSWNGGLTVYGDFVEGRFTISRDSTKNTVYLQMNNLQPEDTAIYYCVADKNLDYGLGYDYWGQGTQVT
seq17774,QVQLVETGGGLAQAGDSLRLSCVEPGRTLDMYAMGWIRQAPGEEREFVASISGVGGSPRYADSVKGRFTISKDNTKSTIWLQMNSLKPEDTAVYYCAAGGDIYYGGSPQWRGQGTRVTVSS
seq17775,EVQLAESGGGSVQAGGSLRLSCAASGYTYRSNFMGWFRQAPAKEREGVATIDSRGTITYYADSVKGRFTISQDNEKNTVYLQMNSLKPEDTAMYYCAAGGPRTNDDRWYPLRPPGYNYWGQGTQVTVSS
seq17776,VQLVESGGGLVQAGGSLRLSCAASGSIVNFETMGWYRQAPGKERELVATITNEGSSNYADSVKGRFTISGDNAKNTVSLQMNSLKPEDTAVYYCSATFGSRWPYAHSDHWGQGTQVTVSS
seq17777,QLQLVESGGGLVQPGGSLRLSCAASGVDISSDVMAWYRQAPGKQREFVSGLTRGGSINYADSVKGRFTISRDFAKNTVDLQMNSLKPEDTAVYYCNAEIYTGTFYPRSYWGQGTQVTVSS
seq17778,EVQLVESGGGLVQAGGSLRLSCAASGRIFSIYTMGWFRQAPGKEREWVATINSSGSRTYYADSVKGRFTISADNAKNTVYLQMNSLKPEDTAVYYCAARPSYNRYDSWGQGTQVTVSS
seq17779,QVQLVESGGGSVQAGGPLRLTCAATGYSWRPDCMGWYRQAAEKEREGVAVIDADGITSYADAAKGRFTISRDNNNITLYLQMLKPDDTGMYVCVIGWRVSSGGNCQFNDYWGQGTQVTVSS
seq17780,EVQLVESGGGLVQPGGSLRLSCAASGRTFGDYIMGWFRQAPGKEREIVAAINWSAGYTAYADSVKGRFTISADNSKNTAYLQMNSLKPEDTAVYYCATAPPLFCWHFDHWGQGTLVTVSS
seq17781,EVQLVESGGGPVQAGGSLRLSCAASGRTFRGYSMAWFRQPPGKEREFVAAITWSEGNTYYEDFVKGRFTISRDNAKNTLYLQMTSLKPEDTALYYCAAKIRPYIFKIAGQYDYWGQGTLVTVSS
seq17782,EVQLVESGGGLVQPGGSLRLSCAASGRTFGDYIMGWFRQAPGKEREFVATISRGGGSTYVDSVKGRFTISADNSKNTAYLQMNSLKPEDTAVYYCAAVFSRGPLTWGQGTLVTVSS
seq17783,VQLQESGGGSVQTGGSLTLSCAASTSIYSYNYMAWFRQAPGKGREGVAAVYIGDGRPYYADSVKGRFTISPDSAKNTVYLQMNSLKPEDTAMYYCAAAPGPLSRHYWYTSANYDYWGPGTQVTVSS
seq17784,ASGGGLVQTGGSLRLSCVVSGGTFTTYHMAWFRQAPGQEREFVTGITQTSGRTDYADSVKGRFTISRDNAKNTVYLHMNNLKPEDTAVYYCAADLPSGALWTLSRMDWLYDYWGQGTQVT
seq17785,VDQLQESGGGLVQPGGSLRLSCAASGRTFSSYAMGWFRQAPGKQREFVAAIRWSGGYPYYTDSVKGRFTISRDNAKTTVYLQMNSLKPEDTAVYYCAATYLSSDYSRYALPQRPLDYDYWGQGTQVTVSS
seq17786,QVHLVESGGGLVQAGGSLMLSCAASGRTWSTYPMGWFRQAPGKEREFVAAIRWTTGSTYYQDSVKGRFTISRDNAKNTVYLQMNSLKPEDTAVYYCNAEVRAWYNRRKADYWGQGTQVTVSS
seq17787,EVQLVESGGGLVQPGGSLRLSCAASGRTFRHYAMGWFRQAPGKEREFVAAISSYGSTDYGDSVKGRFTISRDDAKNTVPLQMNSLKPEDTALYYCAAADETLGAVPNFRLHEKYEYEYWGQGTLVQVSS
seq17788,QVQLVESGGGWVQPGGSLRLSCAASGFTFSDTAMMWVRQAPGKGREWVAAIDTGGGYTYYADSVKGRFTISRDNAKNTLYLQMNSLKPEDTARYYCAKTYSGNYYSNYTVANYGTTGRGTLVTVSS
seq17789,EVQLVESGGGLVQPGGSLRLSCAAPGSIVSINNMGWYRQAPGKQRELVALITSGGTTTYADSVKGRFTISGDNAKKMVYLQMNSLKPEDTAVYYCNAVFTTDTRNWYDYWGQGTQVTVSS
seq17790,QVHLVESGGGLVQAGGSLRLSCTASGGTVGDYAVGWFRQAPGKERELIGVVSRLGARTGYADSVLGRFTISRDDVKNTVFLQMDSVKPEDTAVYYCAARRDYSFEVVPYDYWGQGTQVTVSG
seq17791,GGGGLVQPGGALRLSCAASVFGMDYYYIGWVRQAPGKEREGVSCISNIGRTHYADSVKGRFTISRDNAKNTVYLQMNSLKPEDTAVYYCAAAPLVGNYCPASYEYESWGQGTQVTVSS
seq17792,VQLLESGGGLVQPGGSLRLSCVHSGPTFRTDTMGWFRQAPGKGREFVAAVTWNSGRINYADSVKGRFTISRDNSKNTAYLQMNSLRPEDTAVYYCAAHRFVVGGNRVEDWRYWGQGTLVTVSS
seq17793,QVKLEESGGGLVQTGGSLRLSCAASGRTFSSFAMGWFRQAPGREREFVASIGSSGITTNYADSVKGRFTISRDNAKNTVYLQMNSLKPEDTGLCYCAVNRYGIPYRSGTQYQNWGQGTQVTSS
seq17794,LQESGGGLVQAGGSLRLSCAASGSTFSINAMGWYRQAPGKQRELVALISYGGSTKYADSVKGRFTISRDNAKNTVYLQMNSLKPEDTAVYYCNAEGSSWKKFDYWGQGTQVT
seq17795,QVQLQESGGGLVQPGGSLRLSCAASGSSISINNWGWYRQAPGKQRERVAAISGGGKTVYADSVKGRFTISRDNAKNTVYLQMNSLKPEDTAVYYCRAVRKSTGWLRGLDVWGQGTQVTVSA
seq17796,EVQLVESGGGLAQAGGSLGLSCSASGLLFSRNSAGRYRQAPGKRPEFFARVRMGGSINYADSVKGRFTVSRDNAKNMMYLQMNDLKPEDTAVYFCSGWREGFYEYSGQGTQVTVSS
seq17797,QVQLQESGGGLVQPGGSLRLSCTASGSIFSINPMGWYRQAPGKQRELVAAITSGGSTNYADYVKGRFTISRDNAKNVVYLQMNSLKPEDTAVYYCNGRSTLWRRDYWGQGTQVTVSS
seq17798,QVKLEESGGGLVQAGGALRLSCAASGRTFSYNPMGWFRQAPGKERDVVAAISRTGGSTYYPDSVEGRFTISRDNAKRMVYLEMNNLKPDDTAVYYCAAAGVRAEDGRVRTLPSEYTFWGQGTQVTVSS
seq17799,EVQLVESGGGLVQAGGSLRLSCTASGRTASTYAMGWLRQAPGKEREFVAAISYSGATTYYADSVKGRFTISRDNAKSTAYLQMNSLQPEDTAVYYCAASANRDLSLWVSTAYRSTGLWYWGQGTQVTVSS
seq17800,QVQLQESGGGVVQPGESLTLSCVASGTFQRINHMAWYRQIPGKEREQVAIIHNDGRLNYAASVKGRFTISRDSAENTAHLQMKSLRPEDTAVYYCNVDLDVGFITENYWGPGTQVTVSS
seq17801,EVQLVESGGGLVQAGGSLRLSCAASGFTSDDYAIGWFRQAPGKEREGVSYISAEDGSTYNADSVKGRFTISSDNAKNTVYLQMNSLKPEDTAVYYCAAALLGDSVRWLSEYDYDYWGQGTQVTVSS
seq17802,VQLQESGGGSVQPGGSLKLSCAASGFTFNWYTMAWYRQVPGEERKMVATITGASGDTKYADSVKGRSTISRDNAKNTVTLQMNSLKPGDTAVYYCHACLTYDSGSVKGVNYWGQGTQVTVS
seq17803,QVQLQQSGGGLVQAGGSLRLFCAASGGTFSRLTMGWFRQAPGEEREFVAAVSWVAETTDYADSVKGRFSISRDNSKNTVYLQMNNLKPVDTAVYYCAAGPRDMIRSRNIRSYDSWGQGTQVTVSS
seq17804,QLQLVESGGGLVQAGGSLRLSCAASGRTFRTYAMGWFRQAPGKEREFVSSISGSGGSKIYADSVKGRFTISRDNAKDTVNLQMNSLKPEDTAVYYCAVARGYYGTMASDPGLYDYWGQGTQVTVSS
seq17805,EVQLVESGGGPVQAGGSLTLSCANSGRTYRGYSMAWFRQPPGKEREFVAAITWSEGNPYYEDFVKGRFTISRDNAKNTLYLRMTRLEPEDTALYYCAAKIRPYIFKVAGQYDYWGQGTQVTVSS
seq17806,EVQLMESGGGLVQAGGSLRLSCAASGITLDDYAIGWFRQAPGKEREGVSSIRDNDGSTYYADSVKGRFTISSDNDKNTVNLQMNSLKPEDTAVYYCAAVPAGRLRFGEQWYPIYEYDAWGQGTLVTVSS
seq17807,QVQLVESGGTPVQAGGSLRLSCTASGYTFSTYPMGWFRQAPGKQCEKVSALAPDGSTNYADSVKGRFTISRDNAKMTVTLQMNSLKPEDTAVYYCAADGPRGSSSLDCINEFLLSGLNYWGQGTQVTVSS
seq17808,EVQLVESGGGLVQPGGSLRLSCAASGSVHKINFLGWYRQAPGKERELVATITIGDTTDYADSAKGRFTISRDEAKNMVYLQMNSLKPEDTAVYFCRAGSRLYPYNYWGQGTQVTVSS
seq17809,EVQLVESGGGLVQAGGSLRLSCVASELTFSLYRMGWFRQAPGKEREFVSAMSTSGAGTYYADSVKGRFTISRDNPKNTVYLQMNSLKPEDTAVYYCVAGVRFGVYDYWGQGTQVTVSS
seq17810,QLQLVETGGGLAQPGGSLSLSCELSGGTFSRGTMGWYRQAPGKQRELVASMISGDYINIVDSVKGRFTISRDNAKNTVYLQMNSLKPEDTAVYFCKYNFEGLAYWGQGTQVTVSS
seq17811,EVQLVQSGGGLVQPGGSLRLSCAASGNIFSIDAMGWYRQAPGRQRELVAQIPGGPTDSVKGRFTVSGNSAKNTGYLQMNTLKPEDTAVYYCNIVASTSWGSPSKVYWGQGTQATVSS
seq17812,EVQLVESGGGLVQAGGSQKLSCAASGSTLIYTMGWYRQALGKKRVFVASISRDGSTIYGDSVKGRFTISRDNAKNTAYLQMNNLKPEDTAVYVCKAEGWYQGYWGQGTQVTVSS
seq17813,EVQLVESGGGLVQPGGSLRLSCAASGRNLRMYRMGWFRQAPGKEREFVATIRWSDGSTYYADSVKGRFTISADNSKNTAYLQMNSLKPEDTAVYYCTRARLRYFDWLFPTNFDYWGQGTLVTVSS
seq17814,QVKLEESGGGLVAGGSLRLSCIGSGDISSFNAMGWYRQVPGKQRELVAFISSGGRSKYTDSVKGRFTISGDNAKNTVYLQMIDLKPEDTAVYYCNAGSVVSYETGNYYEPSNYWGQGTQVTVSS
seq17815,EVQLVESGGGLVQAGGSLRLSCSASGLLFSVNSAGWYRQAPGKQRDFVARIRSGGSTNYADSVKGRFTISRDKATNTLYLQMNNLKPEDTAVYYCSSWRTEAYEYWGRGTLVTVSS
seq17816,EVQLVESGGGLVQTGDSLRLSCAASGRTFSSYSMGWFRQAQGKEREFVVAISSGGYKYDSVSLEGRFTISRDNTQNTVYLQINSLKPEDTAVYYCAASRAYGSGRLRLADTYDYWGQGTQVTVSS
seq17817,EVQLVESGGGLVQPGGSLRLSCAASGRTYDAMGWLRQAPGKEREFVAAISGSGDDTYYADSVKGRFTISKDNSGNTMYLQMNSLRPEDTAVYYCATRRGLYYVWDSNDYENWGQGTLVTVSS
seq17818,QVQLQESGGGSVQTGGSLRLSCACSTSIYSNNYMAWFSQAPGKGREGVAAVYIGDGRPYYADSVKGRFTISLDSAKNTMYLQMNSLKPEDTAMYYCAAAPGPLSQHYWYTSANYDYWGQGTQVTVSS
seq17819,QVKLEESGGGLVQPGGSLRLSCVASGSIDSTYTMGWYRQAPGKQRELVASITSSGSTNHADSVKGRFTISRDNAKNTVYLQMNTLKPEDAAVYYCRYLSVLSAYWGQGTQVTVSS
seq17820,EVQLLESGGGLVQPGGSLRLSCAASGRTFNNYNMGWFRQAPGKGREFVAAVSRSGVSTYYADSVKGRFTISRDNSKNTLYLQMNSLRPEDTAVYYCAAAYRGTAINVRRSYSSWGQGTLVTVSS
seq17821,QVQLQESGGGLVQAGGSLRLSCAASGRTGSRYAMGWFRQAPGKEREFVAAISWSGGSTYYADSVKDRFTISRDNAKNTVYLQMHSLKPEDTAVYYCATRNRAGPHYSRGYTAGQEYDYWGQGTQVTVSS
seq17822,QVQLQESGGGLVQAGGSLRLSCAVSGNTLSRYAMGWFRQTPGNEREFVAAIRWNNGATYYADAVEGRFTISRDTGKNTVYLQMNNLQPEDTAVYYCAGRFLGYASSNAYHEALYNYDYWGQGTQVTVSS
seq17823,EVQLVESGGGLVQAGDSLRLSCAASGRSFSNDAMGWFRQAPGKERSFVAAINWSGELTGYAGSVKGRFTISRDGVENMVFLQMNSLVPEDTGVYYCAAVEGRDYYRGAQYYDYWGQGTQVTVSS
seq17824,EVQLVESGGGVVQPGGSLRLSCSASGLLFSRNSAGWYRQAPGKQREFVARIRQGGSINYADSVKGRFTISRDNSKNTVYLQMNSLRPEDTALYYCSGWREGFYEYWGQGTLVTVSS
seq17825,QVHLVESGGGSVQSGGSLRLSCAASGYAYRSYCMGWFRQAPGKVLEGVAAIESDGTTTYADSVMGRFTISQDNAKNALYLQMNSLKPEDTAMYHCAAVKGSCDSASSDTPSYWGQGTQVTVSS
seq17826,EVQLVESGGGLVQAGGSLRLSCAASGLTISTYPMGWFRQAPGKEREFVAAVNWSGRRELYADSVKGRFTISADNAKNTVYLQMNSLKPEDTAVYYCAAFREYHWGQGTQVTVSS
seq17827,EVQLVESGGGLVQAGGSLRLSCAASGGTFSTYAMGWFRQAPGKEREFVAGITRSAVSTSYTDSVKGRFTISRDNAKDMVYLQMNSLKPEDTALYYCAATRRLHFGNGADYWGKGTPVTVSS
seq17828,EVQLVESGGGPVQAGGSLRLSCAASGRTYRGYSMGWFRRAPGREREFVAAIVWSDGNTYYEDPVKGRFTISRDNAKNTMYLQMTSLKPEDSATYYCAAKIRPYIFKIAGQYDYWGQGTQVTVSS
seq17829,EVQLVESGGGLVQPGGSLRLSCATSGIIFSNNAMGWYRQAPGKKRDLVASISNSGSTNYADSAKGRFTVSRDNDKNTGYLQMNSLKPEDTGVYYCTVDARRGWNTAYWGQGTQVTVSS
seq17830,EVQLVESGGGLVQAGGSLRLSCAASGTTFSIYAMEWFRQAPGKERELVATISRSGGTTYYADSVGGRFTISADNAKNTVYLQMNSLKPEDTAVYYCAAASWYYRDDYWGQGTQVTVSS
seq17831,EVQLQASGGGLVQVGDSLKLSCAASGPTSITYGMAWFRQAPGKEREFVSAVTPSGGAAAYADSVKGRFTISRGVGKNTVYLQMDSLKVEDTAVYYCAAGTNWPPKRYWGLGTQVTVSS
seq17832,QVHLMESGGGSVQAGGSLRLSCVASGNTYRLNSMGWFRQAPGKEREGVAFIVMIRGTTYYGASVKGRFTISQDNAQTTVYLQMSSLKPEDTAMYYCAASTKDQFYVFNPIGYDSWGQGTQVTVSS
seq17833,EVQLVESGGGVVQPGGSLRISCAASGSIYLINYMGWYRQAPGKQRELVATLTSGGSTNYAGSVKGRFAISRDNAKNTVYLQMNSLKPEDTAVYYCNIGGTLYDRRRFESWGQGTLVTVKS
seq17834,EVQLQASGGGLVQPGGSLRLSCAASGSIFSSDVMGWFRQAPGKERELVAFITDDGGTNYADSVKGRFTISRDNAENTVSLQMNSLKPEDTAVYYCNARYYSGGYRNYWGQVTVTVSS
seq17835,EVQLVESGGGLVQPGGSLRLSCAASGSIFRINAMGWFRQAPGKERELVASISRFGRTNYADSVKGRFTISADNSKNTAYLQMNSLKPEDTAVYYCAANGIESWGQGTLVTVSS
seq17836,EVQLVESGGGLVQAGGSLRLSCAAAGGTFRNYVMGWFRQAPGKEREFVTAISTGGSWTGYVDSVKDRFTISRDNTKNTVYLQMASLKPEDTAVYYCAATTPATTYLPRSERQYDYWGQGTQVTVSS
seq17837,VQLVESGGGLVQPGGSLRVSCAASGFTFSTYYMSWVRQAPGKGLEWVSDIRTDGGTYYADSVKGRFTMSRDNAKNTLYLQMNSLKPEDTALYYCARTRIFPSGYDYWGQGTQVTVSS
seq17838,QVQLQQSGGGLVQPGGSLRLSCAASRGDISFNPMGWYRQAPGKQRELVATITNGGTTNYADSVKGRFTISRDNAETAVYLQMNSLKPEDTAVYYCNARGPRHATTGWYTDDYWGQGTQVTVSS
seq17839,QVQLVESGGGLVQAGGSLRLSCAASGSSFSSYTMGWFRQAPGKEREIVAAIRWSGESPIYADSVKGRFTISRDNAKNTLYLQMNSLKPEDTAVYYCAARLVPPGIPIERTLESMRYWGKGTLVTVSS
seq17840,EVQLVESGGGWVQAGDSLRLSCAASGRTFSSYAMGWFRQAPGKEREFVAGINGSGNGIRIALSVRGRFTITRDNAKNTGYLQMNSLKREDTAVYYCGPTFAAGASEYHYWGQGTQVTVSS
seq17841,EVQLVESGGGLVQAGGSLRLSCVASGFTFDDYAIGWFRQAPGKEREGVSCISSSDGSTYYADSVKGRFTISSDNAKNTVYLQMNSLKPEDTAVYYCAAGITPCSDYTQTYEYDVWGQGTQVTVSS
seq17842,QVKLEESGGGLVQAGGSLRLSCAASGRTFTMGWFRQAPGKEREFVAAISLSPTLAYYAESVKGRFTISRDNAKNTVVLQMNSLKPEDTALYYCAKKNGGPVDYWGKGTQVTVSS
seq17843,EVQLVESGGGLVQTGESLRLSCAASGRAFSDLRMAWFRQVPGKEREFVAAVEWRGSSRYYYSADSVKGRFTISRTSPKGETYLQMNGLKPEDTAVYYCAAVSPVVGDPRNSDTYNYWGQGTQVTVSS
seq17844,QVQLVESGGGLVQAGDSLRLSCAASGRALSFNTYAMAWFRQAPGKEREFVASITYNGGSTYYADSVRGRFTVTRDSGKNTVTLRMNSLKPDDTAVYYCASAQYWRSGTSFPANYWGQGTLVTVSS
seq17845,EVQLVESGGGLVQAGGSLRLSCAASGRTFSSLDMAWFRQAPGKERDTVASINSSGGTTSYTDSVQGRFTISRDNAKNTVYLQMNSLKPEDTAVYYCAARVPSAVSATPIYWGQGTQVTVSS
seq17846,QVQLQQSGGGLVQAGGSLRLSCAASGSSFSINAMGWYRQAPGKQRELVAAISSGGSANYADSVKGRFTISRDNAKNTVYLQMNSLKPEDTAVYYCNAGSRFNPFGSAYDYWGQGTQVTVSS
seq17847,QVQLQESGGGSVQPGGSLRLSCSASGDRLSSYVMGWYRQAPGKQRELVATVTSGGRTNYADSVKGRFTISRDNAKNTVYLQMNSLKPEDTAVYYCNARILFTNYWGQGTQVTVSS
seq17848,EVQLVESGGGSVQAGGSLRLTCTASGNVRSIFTMAWYRQAPGKQRELVASAAKGGDTYYADSAKGRFTISRDDAKAIVSLQMNSLKPEDTAVYYCKTDGRPWFSEDYWGQGTQVTVSS
seq17849,QVQLVESGGGLVQPGGSLRLSCAVSGFKFDDYAMSWVRQRPGKGLEWVSGISPNGKRTYYADDIKGRFTIARDNAENTLYLQMTNLKSEDTAVYYCARDDAPLGYDYWGQGSQVTVSS
seq17850,QVQLQESGGGLVQAGGSLRLSCAASLGTFSRYAMGWFRQAPGKEREFVSAISWSGGSTLYADSVKGRFAISRDNAKNTVYLQMNSLKPEDTAVYYCAAEVFYSGSYDDTLRVQSHEYDYWGQGTQVTVSS
seq17851,EVQLVESGGGLVQPGGSLRLSCAASGFTFSGNWMGWFRQAPGKEREFVASISSGSAINYADSVKGRFTISADNSKNTAYLQMNSLKPEDTAVYYCAADVWYGSTWRNWGQGTLVTVSS
seq17852,EVQLVESGGGLVQPGGSLRLSCAASGFSISNNWMYWFRQAPGKGHEWVSTIKTGAGSTAYADFVKGRFTISRDNAKNTLYLQMNSLKPEDTALYYCARDWAGTVRGQGTQVTVSS
seq17853,EVQLVESGGGVVQPGGSLRLSCAASGIRISTHTMGWFRQAPEKQREMVAQISPGGKTYYIDSVKGRFTISKDNAKNTVFLRMNDLKPDDTAVYYCNSYSTLGVWGQGTQVTVSS
seq17854,VKLEESGGGLVQAGDSLRLSCAASGRTVNAFRMGWYRQAPGKQRERVAVITAGGTTSYIDSVKGRFTISRDNAKNTVYLQMNSLKPEDTAVYYCAAIDYDSRGQGTQVTVSS
seq17855,RLSCAASGSIFSINAMGWYRQAPGKQRELVAAITSGGSTNYADSVKGRFTISRDNAKNTVYLQMNSLKPEDTAVYYCNAKGPITHVRGVHYWGQGTLVTVSS
seq17856,QVQLQESGGGLVQAGGSLRLSCAASGRTFSSYVMGWFRQAPGKEREFVAAISWSGGSTYYADSVKGRFTISRDNAKNTLYLQMNSLKPEDTAVYYCAAMELRGGSYNYASSRQYDYWGQGTQVTVSS
seq17857,EVQLVESGGGLVQAGDSLRLTCVASELSSPPFDDFPMGWFRQATGKEREFVAAISWDGGATAYADSVKGRFTISRDNARRIVYLQMNMLEREDTAVYYCGMTSAFVARSPSMYHYWGQGTPVTVSS
seq17858,QVQLQESGGGSVQPGGSLSLSCSASGIIFSDYALTWYRQAPGKQREWVAQITRSQNINYTGSVKGRFTVSRDNAKNTVHLQMNSLKPEDTAVYYCHAYDGRRRTYWGQGTQVTVS
seq17859,QVQLQQSGGGLVQAGGSLRLSCAASGHTFSTYAMGWFRQAPGKEREFVAGITRSGDSTHYEDSVKGRFTISRDNTKNTVYLRMNSLKPEDTAVYYCAAASFAYLSTYTHHYDYWGQGTQVTVKP
seq17860,QLQLAESGGGLVQAGGSLRLSCAASGSTLNNNAIGWFRQAPGKEREGVSCMNSRDGTTNYADSVKGRFTISRDVAKNTVYLQMNSLKPEDTAVYFCAVKGFAPFLIGCPWGKAEYDYWGQGTQVTVSS
seq17861,EVQLVESGGGSVQPGESLRLSCVASGYTVSSSCMAWFRQAPGKEREVVATIVVTSDTTSTFYADSVKGRFTISPDNAKNTLNLQMNSLEPSDTAMYYCAADRKWNVCSRGYRYTPNWANQFTFWGQGTQVTVSS
seq17862,EVQLVESGGGLVQPGGSLRLSCAASGFDFSVSWMGWFRQAPGKEREFVTAITWSGDSTNYADSVKGRFTISADNSKNTAYLQMNSLKPEDTAVYYCASLLHTGPSGGNYFDYWGQGTLVTVSS
seq17863,QVQLQESGGGSVQAGGSLRLSCTASKYTSAVGWFRQAPGKEREGVASIYGYTGSGSSGSTYYADSGKGRFTISRDSAKNMVYLQMNSLKPEDTAMYYCTAADRPRFRLLVEDDVVYWGQGTQVTVSS
seq17864,EVQLVESGGGLVQPGGSLRLSCITSGETFKINIWGWYRQAPGKQRELVASLTIGGATNYADSVKGRFTISEDSAKDTVYLQMNSLKPEDTAVYFCNAKSRLYPYDYWGQGTLVTVSS
seq17865,EVQLVESGGGLVQPGGSLSLSCAASGFTFSNYYMGWFRQAPGKERQSLATVNSGGTGEAYADSIRGRFTISRDNAKNTVTLQMSSLQPEDTAVYYCARVDGRVLSTIVVSYDYWGQGTQVTVSS
seq17866,QVQLQESGGGFVQAGGSLRLSCAASGSIFSINYGNWYRQAPGKQRELVAGISRGGRTKYADSVKGRFTISRDSAKTLTLQMTSLKPEDSGVYYCAATRWSWGTKSYWGQGTQVTVSS
seq17867,EVQLVESGGGLVQAGGSLRLSCAASGFTFDDYAIGWFRQAPGKEREGVSCITSDDGSTYYADSVKGRFTISSDNAKNTVYLQMNSLKPEDTAVYYCAAEPLVAGRCHYYGMDYWSKGTLVTVSS
seq17868,DVQLVESGGALVQPGGSLRLSCAASGFPVNRYSMRWYRQAPGKEREWVAGMSSAGDRSSYEDSVKGRFTISRDHMVLHEYVNMNSLKPEDTAVYYSNVNVGFEYWGQGTQVTVSS
seq17869,QVKLEESGGGLVAGGSLRLSCAGSGSISSFNAMGWYRQAPGKQRELVAFITSGGRSKYTDSVKGRFTISGDNAKNTVYLQMINLKPEDTAVYYCNAGSVISYETGNYYEPSDYWGQGTQVTVSS
seq17870,DVQLQASGGGLVQAGGSLRLSCAASGNTISDYATGWFRQAPGKEREFVGSIGRRTGWQVYSDSVKNRFTVSRDSAKMYLQMNSLSPDDTAVYYCAASQDSGFDTPVTESHLYGYWGRGTQVTVSS
seq17871,QVQLVESGGGLVQAGGSLRLSCAASGSTSSINIMAWYRQASGKQRELVANKARGGLPKYADFAKGRFTVSRDNAKNTLYLQMNSLKPEDTAVYYCHALEDWALGEYWGQGIQVTVSS
seq17872,EVQLVESGGGLVQAGGSLRLSCAASGRTYYLNAMGWFRQGPGKDREFVAAIDWSEGNKDYADSVKGRFTISRDNAKNTVYLQMNSLKPEDTAVYYCAADTPPWGPMIYIESYDSWGQGTLVTVSS
seq17873,QVQLQQSGGGLVQAGGFLRFFCAASGSISSINAMGWYRQTPGKQRELVATITIGGSTNYADFVTGRFTISRNGAENAVYLQMNNLKPEDTAVYYCYADPDPTGVGWYDYWGQGTQVTVSS
seq17874,VVQLVESGGGSVQAGGSLRLSCAVSGYTVSSTCMGWFRDVGINERAGVAAISSGGAATWYEESVQGRFTISSDNSKNTIYLQMNNLKPEDSGKYYCAADCDGFPPRSVAAYGRGTQVTVSA
seq17875,QVQLQESGGGLVQAGGSLRLSCAASGQTFDVYGMGWFRQVPGKEREFVAGTSRSGTGSYYADSVKGRFTISRDNAKNTVYLQMNSLKPEETAVYYCAASRSDCLGVGCRRVPYEYWGQGTQVTVSS
seq17876,GGLVQPGGSLRVSCAASGFTFSSLYMSWVRQVPGKGLEWVSTIHTASGSTFYADSVQGRFLVSRDNAKNTLYLQMDSLKPEDTARYYCASAILGWYDYWGQGTQVTVSS
seq17877,EVQLVESGGGLVQAGGSLRLSCVASGITISTEVMGWYRQAPGKQGESVAIIKSDGSTYYPDSVKGRFAISRDNAKNTVYLQMNSLKLEDTGVYYCIIAGRGRGQGTQVTVSS
seq17878,EVQLVESGGGLVQPGGSLRLSCTSRIGTISNIDLMNWYRQAPGKQREFVASLQSTGTTDYADSVRGRFTISRDNAKNTLFLQMNSLNPEDTAVYYCHALLPRSPYNVWGQGTQVTVSS
seq17879,GSKTIVLSGSLRLSCAASERTFSTAAMGWFRQAPGKERDFVAGIYWTVGSTYYADSAKGRFTISRDNAKNTVYLQMDSLKPEDTAVYYCAARRRGFTLAPTRANEYDYWGQGTQVTVSS
seq17880,QVQLQESGGGSVQAGGSLRLSCARSGWPYSTYSMNWFRQAPGKEREAVAGISSTMSGIIFAESKAGQFTISQDNAKNTVYLQMNNLKPEDTAIYYCAARRDYSLSSSSDDFDYWGQGTQVTVSS
seq17881,EVQLLESGGGLVQPGGSLRLSCAVSGDTFSVYGMGWFRQAPGMGREFVAGISWNAGITAYTDTLKGRFTISRDRSKNTMYLQMNSLQPEDTAVYYCAADVTRHYIATRSKVDASMYDYWGQGTLVTVSS
seq17882,DVQLQESGGGLVQAGGSLRLSCAASGRTFSSYYMGWFRQAPGKEREFVAAINGSGGNRISADSVKGRFTISRDNAKNTVYLQLNSLKPEDTAVYYCAASLTYYGRSARYDYWGQGTQVTVSS
seq17883,EVQLVESGGGLVQPGGSLRLSCAASGRTFSSYVVGWFRQAPGKEREFIGAISGSGDSIYYAVSEKDRFTISRDNSKNTLYLQMSSLRPEDTAVYYCTADQEFGYLRFGRSEYWGQGTLVTVSS
seq17884,EVQLVESGGGLVQPGGSLRLSCAASGPTLGSYVMGWFRQAPGKEREFVAAISWSQYNTKYADSVKGRFTISADNSKNTAYLQMNSLKPEDTAVYYCAAQRWRGGSYEWGQGTLVTVSS
seq17885,VQLVESGGGLVQPGGSLKLSCRASGSIVSIYAVGWYRQAPGKQRELLAAITTDGSTKYSDSVKGRFTISRDNAKNTVYLQMNNLKPEDTAIYSCIGDAAGWGDQYYWGQGTQVTVSS
seq17886,LQQSGGGLVQAGNSLTLSCAASGGTFSIYTMGWFRQAPGKEREFVAAISRSGAMTDYADSVKGRFTISRDNAKNTVYLQMNSLKPEDTAVYYCTADKTTFWNIPRDEYDYWGQGTQVT
seq17887,QVQLQESGGGSVQAGGSLRLSCTASGFTVDDSGMGWYRQAPGNECELVSTISSDGSTYYADSVKGRFTISQDNAKNTVYLQMNSLKPEDTAVYYCAAPRVGVGWVRPCDYEYNYWGQGTQVTVSS
seq17888,EVQLVESGGGLVQPGGSLTLSCVASGSIFTTNSMGWHRQGPGKQRELVALIGSAGSTKYADSVKGRFTISRDNAKNSVYLQMNSLRAEDTAVYYCFYYDSRSYWGQGTLVTVSS
seq17889,EVQLVESGGGLVQAGGSLRLSCAASGFTFSSYAMGWFRQAPGKEREFVASITWSGTSTNYADSVKGRFTISADNAKNTVYLQMNSLKPEDTAVYYCAAAAWTIYAYDYWGQGTQVTVSS
seq17890,EVQLVESGGGVVQPGGSLRLSCSASGLLFSRNSAGWYRQAPGKQREFVARIRYGGSINYADSVKGRFTISRDNSKNTVYLQMNSLRPEDTALYYCSGWRTGFYEYWGQGTLVTVSS
seq17891,EVQLVESGGGLVQAGGSLRLSCAASGSTISDRATAWYRQAPGKQRDMVATMNSAGNTNYADTLKGRFTISRDNAKNIVYLQMNSLKPEDTAVYYCNIPYFNSWGQGTQVTVSS
seq17892,EVQLVESGGGLVQPGGSLRLSCAASGFTIDDYAIGWFRQAPGKEREGVSSIRDNGGSTYYADSVKGRFTISSDNSKNTVYLQMNSLRPEDTAVYYCAAVPAGRLRYGEQWYPIYEYDAWGQGTLVTVSS
seq17893,VQLVESGGGLVQPGGSLRLSCAASGFTFSGYVMSWVRQAPGKGLEWVAHIGSGGGYPSYTDSVQGRFTISRDNAKNTLYLQMNNLKPEDTAVYYCEMLGRRGQGTQVTVS
seq17894,EVQLQESGGGLVQAGDSLRLSCLVSGRSFNSYTMGWFRQAPGKEREFVAAILWSGPTTYYADSVKGRFTISRDNAKNTVYLQMNSLKPEDTAVYYCAAALGVLVLAPGNVYSYWGQGTQVTV
seq17895,VQLVESGGGLVQAGGSLRLSCVASGSAFSADVMAWYRQAPGKQRTWVAVIGSAGGTNYADSVKGRFTISRENAKNTVYLQMNSLKAEDTAVYYCNKFPDLRGRNWGQGTQVTVSS
seq17896,QVQLVETGGGSVQAGGSLRLSCVASQTIYTIMAWYRQAPGKERELVASVLRDGRTNHAASVKGRFTISRDNAKNTIYLQMNSLKPEDTAIYYCNVGGFTSSWGQGTRVTVSS
seq17897,EVQLVESGGGLVQAGGSLGLSCAASGRTVSTMGWFRQAPGKEREFVTAITWSGDSTNFADSVKGRFTISRDSAKDTVYLQMNNLKPEDTAVYYCAATTYYSGSYISTLSTSYNYWGQGTQVTVSS
seq17898,EVQLVESGGGLVQPGGSLRLSCAASGIAFRIRTMGWFRQAPGKEREFVASITSGGSTNYADSVKGRFTISADNSKNTAYLQMNSLKPEDTAVYYCARGGPRFGGFRGYFDPWGQGTLVTVSS
seq17899,EVQLVESGGGLVQAGGSLRLSCAASGTSVVINSMGWYRQAPGKQRELVATIDLSGTTNYADSAQGRFTISRDNAENLNLVYLQMNNLNPDDTAVYYCNALLSRAVSGSYVYWGQGTQVTVSS
seq17900,EVQLVESGGGLVQPGGSLRLSCAASGRTYDAMGWLRQAPGKEREFVAAISGSGDDTYYADSVKGRFTISKDNSKITMYLQMNSLRPEDTAVYYCATRRGLYYVWDSNDYENWGQGTLVTVSS
seq17901,DVQLQASGGGLVQAGGSLRLSCVASARTFSSYAMGWFRQAPGKEREFVAAISWSGASTDYADSVKGRFTISRDNAKKTVYLQMNTLKPEDTAVYYCAAHHITPTGSYYYSEPLPVDMVYDYWGQGTQVTVSS
seq17902,EVQLVESGGGLVQAGGSLRVSCAASARTGSYSMGWFRQAPGKEREFVSTISWNGADTVYADSVKGRFTISRDNAKDTVYLQMNSLKPEDTAVYYCAGSITSYVSTWQHDYEYWGQGTQVTVSS
seq17903,QVQLQESGGGLVQTGGSLRLSCSASGGTFETYAMGWFRQAPGKEREFVGSTNWKSERTYVADSVKGRFTISRDNGQYTAYLQMTSLKPEDTAVYFCVARSFGTGQWDYWGQGTQVTVSS
seq17904,QVQLQESGGGSVQTGGSLRLSCAPSTSIYDNNYMAWFSQAPGKGREGVAAIYIDDGRPYYADSVKGRFTISLDSAKNTVYLQMNSLKPEDTAMYYCAAAPGPLSHNYWYTSANYDYWGQGTQVTVSS
seq17905,EVQLVESGGGLVQAGGSLRLSCAASGFILSDYAMGWFRQAPGKEREFVAAISSSEASTYYADSVKGRFTISADNAKNTVYLQMNSLKPEDTAVYYCAAVRFWAGYDSWGQGTQVTVSS
seq17906,EVQLVESGGGLVQPGGSLTLSCAASLSSVSNLSIAWYRQAPGKKRELVAGISTDGSTVYIDSVKGRFTISRDNAKNSVYLQMNSLRAEDTAVYYCYAYSWTTSLPYWGQGTLVTVSS
seq17907,QVKLEESGGGSVQAGGSLRLSCTASGYSTNRCIMAWYRQAPGKERELVSSINTGTTYYAASVKGRFTISQNNAKNTVYLQMNALKPEDTAMYYCNMPSCGEVADGVLGWGDFSFWGQGTQVTVSS
seq17908,NVKLVEKGGNFVENDDDLKLTCRASGRTFSRAAMGWFRQAPNDDSTNVATITWSGRHTRYGDSVKERFDIRRDQASNTVTLSMDDLQPEDSAEYNCAGEGSNTASTSPRPYDYRGQGTDVTVSS
seq17909,AVQLVDSGGGLVQAGDSLRLSCAASGRTFSNYAMAWFRQAPGKEREFVAVISYAGGRTYYADSVKGRFTISRDNAKNTVYLQMNSLKPEDTAVYYCAAVDSPLIATHPRGYDYWGQGTQVTVSS
seq17910,EVQLVESGGGQVQPGGSLSLSCESSVSIWSFKVMGWFRQVPGKQRELVATITTGGSPDYSDSVKGRFTISRDYDKRTLYLQMNSLKPEDTARYYCAGRLWAHITSSGHDVWGQGTQVTV
seq17911,EVQLVESGGGLVQPGGSLRLSCAASGRTFSRYAMGWFRQAPGKEREFVAAISRSGKSTYYADSVKGRFTISADNSKNTAYLQMNSLKPEDTAVYYCAASSVFSDLRYRKNPKWGQGTLVTVSS
seq17912,QVQLVESGGGLVQVGGSLRLSCVVSGSGISGIAMGWYRQAPGKRREMVADIFSGGSTDYAGSVKGRFTISRDNAKKTSYLQMNNAKPEDTGAYYCRLYGSGDYWVQGTQVTVSS
seq17913,QVQLQESGGGSVQTGGSLRLSCAASTSIYSNNYMAWFSQNPGKGREGVAAVYIGDGRPYYADSVKGRFTISLDSAKNTVYLQMNSLKPEDTAMYYCAAAPGPLSRNYWYTSANYDYWGQGTQVTVSS
seq17914,EVQLVESGGGLVQPGGSLRLSCAASGSIESINRMAWYRQAPGKQREFVSRISKGGSTNYPDSVKGRFTISRDNSKNTLYLQMNSLRAEDTAVYYCAAGPVWEQFWGQGTLVTVSS
seq17915,QVQLQESGGGLVQPGGSLRLSCAASGRTFSSYAMGWFRQAPGKEREFVAAIRWSGGYTYYTDSVKGRFTISRDNAKTTVYLQMNSLKPEDTAVYYCAATYLSSDYSRYALPQRPLDYDYWGQGTQVTVSS
seq17916,EVQLVESGGGLVQPGGSLRLSCAASGRTFSSYAMGWFRQAPGKEREFVVAINWSSGSTYYADSVKGRFTISRDNSKNTLYLQMNSLRAEDTAVYYCAAGYQINSGNYNFKDYEYDYWGQGTLVTVSS
seq17917,QVQLQESGGGSVQTGGSLRLSCAASGYTNSIMYMAWFRQAPGKKREGVAAIRFPDDSAYYAGSVKGRFTISHDNAKNTVYLQMNNLNPEDTAMYYCAARSSPYSFAWNDPSNYNYWGQGTQVTVSS
seq17918,QVQLVESGGGLVQAGGSLRLSCAASGISFAINNVAWYRQAPGKQRDLVALIDKYDTGNIADSVKGRFSISRDNAKNTAYLQMNSLKPEDTAVYYCNHLGTWIRAGPYWGQGTQVTVSS
seq17919,EVQLVESGGGLVQPGGSLILSCAVSGFTSDYYVIAWFRQTPGHEREGVSSIRIGDGATYYADSVKGRFSISRDNAKNMVYLQMNSLKPEDTAVYTCAARYDTLLGGGRPREFPYWGQGTQVTVSS
seq17920,LQQSGGRLVQAGGSLSLSCATSGRAFSNYAMGWFRQAPGKEREFVAAISWSGGYTYYADSVKGRFTISRDNAKNTVYLQMNSLKPEDTAVYYCVARDYRLWSPYQYEYDYWGQGTQVT
seq17921,QVQLQESGGGLVQAGGSLRLSCAASGTISYENFMGWYRQAPGKGRKLVAGINDGTNTYYADSVKGRFTISRDNAKNTVYLQMNSLEPEDTAVYYCAVIGASVLGHAYWGQGTQVTVSS
seq17922,EVQLVESGGGLVQAGDSLRLSCTASGSAFSRSVVGWFRQAPGKEREFVTAINWSGARTDYADSVKGRFTISRNNAENTAYLQMNSLKFEDTAVYYCAAGWDRYARVLTEYDYVWWGQGTQVTVSS
seq17923,EVQLQASGGGFVQPGGSLRLSCAASGTTSNGEVMGWFRQAPGKEREFVSAISFGAGSSEYYADSVKGRFTISRDNSKNTVYLQMNSLRAEDTATYYCAASWYHSSIGSMSYWGQGTQVTVSS
seq17924,EVQLLESGGGLVQPGGSLRLSCAASGRIFSLPASGNIFNLLTIAWYRQAPGKGRELVATINSGSRTYYADSVKGRFTISRDNSKKTVYLQMNSLRPEDTALYYCQTSGSGSPNFWGQGTLVKVSS
seq17925,LQESGGGLVQPGGSLRLSCTASGPIFSPNTMAWFRQAPGKQRELVATITYGGGTTYVDSVKGRFTISRDNTKKMMSLQMNSLKPEDTAVYYCALWSQWQSETYWGQGTQVT
seq17926,EVQLVESGGGLVQAGGSLRLSCAASGRAFSDYAMAWFRQAPGKEREFVAGIGWSGGDTLYADSVRGRFTNSKDNAKNRMSLQMNSLKPEDTAVYYCAARQGQYIYSSMRSDSYDYWGQGTQVTVSS
seq17927,EVQLVESGGGLVQPGGSLRLSCAASGGGTFGSYAMGWFRQAPGKERELVAAISSGGSTNYADSVKGRFTISADNSKNTAYLQMNSLKPEDTAVYYCARGDWRYGWGQGTLVTVSS
seq17928,EVQLVESGGGLVQAGGSLRLSCAASGRTFDSYAMGWFRQAPGKEREWVSAISWSGSSTYYADSVKGRFTISADNAKNTVYLQMNSLKPEDTAVYYCAARGGYGRYDSWGQGTQVTVTS
seq17929,QVQLQESGGGLVQPGGSLRLSCAASGIIFSMNVMAWYRQAPGKQREVVAQIAPDGTTMYADSVKGRFTISRDNEKNMMYLQMNSLKPDDTAVYYCNTLLTYYSSNQHWGQGTQVTVSS
seq17930,QVQLVESGGGLVQPGGSLRLSCAASGFTFSNYAMTWVRQAPGKGLEWISDIGSDGRHPAYADSVKGRYTISRDNAKNTLYLQMNSLKPEDTAMYYCLPGWSTVGTFLDAWGQGTQVTVSS
seq17931,EVQLVESGGGLVQPGGSLRLSCAASGFTFNYYPMGWFRQAPGKEREWVATISRGGGTYYADNVKGRFTISADNSKNTAYLQMNSLKPEDTAVYYCSAALDGYSGIWGQGTLVTVSS
seq17932,EVQLVESGGGLVQAGGSLRLSCAASGRTFSSYAMGWFRQAPGKEREFVGAISGSGSNIYYANSMPGRITIFRDNAKNTAYLQMNSLNPEDTAVYYCAAAPTLVEITTTPTYWGQGTQVTVSS
seq17933,QVQLQESGGGLVEAGGSLRLSCVASGNIFGVNPVSWYHQTPGKQRELVATITSDGSTTYSDSVKGRFTISRDNAKKTVDLQMNSLKPEDTGVYDCRWTTNRGMDYWSQGTQVTVSS
seq17934,EVQLVESGGGSVQAGESLRLSCAASGSIFSSNAMAWYRQAPGKRRDLVAAINGVGVTKYADSVKGRFTISRDNAKNTVYLQMNSLKPEDTAVYYCTSDPRRGWDTRYWGQGTLVTVSS
seq17935,QVQLVESGGGSVQAGGSLRLSCAVSGYTGRPYSMAWFRQAPGKEREGVATIYKIGPISYYTNNVKGRFTISQDNAENTVYLQMNSLKPEDTATYYCASRATYNTNHWQDVSAYTYWGQGTQVTVSS
seq17936,VQLQESGGGLVQPGGSLRLSCTASGLTFDDYAMGWFRQAPGKGREGVSLITWSGSSTYYADSVKGRFTVSRDTATNTLVLQMNSLKPEDTAMYYCAADPRSGGYYSSPPPPAVYRYLRFWGQGTQVTVSS
seq17937,EVQLVESGGGLVQAGGSLRLSCAASGSIFRVNHMGWYRQAPGKQREFVAAITSDHITWYADAVKGRFTISRDNAKNTVTLQMNSLRPEDTAVYYCAADPLLFYGVGSADVDYWGQGTQVTVSS
seq17938,QVQLQESGGGLVQPGGSLRLSCAASGFTFSNYGLRWVRQAPGKGLEWVAGVNGRGDVTSYADSVKGRFTISRDNAKNTLYLQMNGLKPEDTAVYYCSFIEIDGSLRKGQGTQVTVSS
seq17939,EVQLVKSGGGLVQAGESLRLSCVASGISISTEVMGWYRQAPGKQGESVAIIKTDGSTYYPDSVKGRFAISRDNAKNTVYLQMNSLKLEDTGVYYCVIPGRGPGQGTQVTVSS
seq17940,QVQLVESGGGSVQAGGSLRLSCIASGLSLTHFCMGWFRQDPGKEREEVATIHPPVDTTYYADSAKGRFTISRDNAKNAVYLQMNSLKPDDTATYYCAACSVCSGLSCGRPVHWGQGTQVTVSS
seq17941,EVQLVESEGGLVQPGGSLRLPCATSKTIFRSNAMGWYRQAPGKKRDLVASISNSGSTNYADSVKGRFTVSRDNDKNTGYLQMNSLKPEDTGVYYCTVDARRGWNTGYWGQGTQVTVSS
seq17942,QVQLQESGGGLVQAGGSLRLSCAISGITFRRPFGISRMGWYRQAPGKERELVATLSRAGTSRYVDSVKGRFTISRDDAKNTLYLQMVSLNPEDTAVYYCYIAQLGTDYWGQGTQVTVSS
seq17943,EVQLVESGGGLVQPGGSLRLSCETSRHTLDHYAIGWFRQAPGKENEGVACISTSTYYADSVKGRFTISRDNAKNTVYLQMNSLKPEDTAVYHCATTGSGYCTLRAFASWGQGTQVTVSS
seq17944,EVQLVESGGGLVQPGGSLRLSCAASGNIDGIITMGWYRQRPGKPREWVGTINSGGDTNYAGSVKGRFTIARDDAKNTMYLQMNGMKPEDTAVYYCKMNRAGIYEYWGQGTQVTVSS
seq17945,QVQLQESGGGLVQAGGSLRLSCAASGHTSDVYTMGWFRQVPGKEREFVATINRSGTDSYYADSVKGRFTISRDNAKNTVYLQMNSLKPEETAVYYCAASRSDCLGIGCRRVPHDYWGQGTQVTVSS
seq17946,EVQLVESGGGLVQAGESLRLSCAASGRSNNINAMGWFRQPPGKQREFVARVAVGGSTNYADSVKGRFTISRDNAKNMVYLQMDSLKVEDTAVYYCYAALKYELGGVYDYWGQGTQVTVSS
seq17947,DVQLVESGGGLVQPGGSLRLSCAVSGITLDDYAIGWFRQAPGKEREGVSAIRSSGGSTYYADSVKGRFTISSDNSKNTVYLQMNSLRPEDTAVYYCAAVPAGRLRYGEQWYPIYEYDAWGQGTLVTVSS
seq17948,EVQLVESGGGLVQAGGSLRLSCAASGRIFSLPASGNIFNLLTIAWYRQAPGKQRELVATINSGSRTNYADSVKGRFTISRDNAQKTVYLQMNNLKPEDTAVYYCQTSGSGSPNFWGQGTQVTVSS
seq17949,EVQLVESGGGLVQPGGSLRLSCAAPGIIFSIHTLGWYRQAPGNERELVARISSSGSTDYADSVKDRFTISRDNAKKTVYLQMDSLKAEDTAVYYCNAYSTFSSTNYWGRGTQVTVSS
seq17950,QVRLTESGGGLVQYGTNLTLTCVASGLISTRNKMGWFRRRSGGQREFVASSTVLSDDVIQDDIAETVKGRFAVARNDYKNILYLQMTAVKPEDTGFYWCASGTSLFGASRREDDFNAWGVGTQVTVSA
seq17951,EVQLVESGGGVVQPGGSLRLSCAASGRTYYLNAMGWFRQAPGKEREFVAAIDWSEGNKDYADSVKGRFTISRDNSKNTVYLQMNSLRPEDTAVYYCAADTPPWGPLIYIESYDSWGQGTLVTVQS
seq17952,QVQLVESGGGVVQTGGSLRLSCAASGSTFSIGAMGWYRQAPGKQRELVATVNRASRTIYADSVRGRFTISRDNAKNLVYLQMNNLKPEDTAVYYCNVIATSASGRGVTSTSWGQGSQVTVSS
seq17953,QVQLQEFGGGLVQAGGSLRLSCAASGRTFSSYAWGWFRQAPGKEREFVARISFSGGHTYYSDSVKGRFTISRDNAKNTVYLQMNSLKPEDTAVYYCAADPTPYGLRNERNYPYWGQGTLVTVSS
seq17954,DVQLVESGGGVVQPGGSLRLSCSASGLLFSRNSAGWYRQAPGKQREFVARIRYGGSINYADSVKGRFTISRDNSKNTVYLQMNSLRPEDTALYYCSGWRTGFYEYWGQGTLVTVSS
seq17955,EVQLVESGGGLVQAGDSLTLSCVASGRTFSNYGMGWFRQAPGKEREFVASINWGDGNTYYANSVKDRFAISKDHAKNTVYLQMNSLKPEDTALYYCAAVSSNTEIFDTWGQGIQVTVSS
seq17956,LQESGGGLVQPGGSLRLSCAASGNVFMIKDIGWYRQAPGKQRELIAAITDGGTTNYADSVKGRFTISRDNAKNTVFLQLNSLKPEDTAVYYCHADSWRIGAKDYWGQGTQVT
seq17957,EVQLVESGGGLVQAGGSLRLSCAGSGFTFNNYAIGWFRQAPGKEREGVACISKNDGGTAYVDSVKGRFTISRDNAKNTVSLQMNSLKPEDTAVYICVRGITSRCNDGMSPYRGQGTQVTVSS
seq17958,EVQLVESGGGLVQPGGSLRLSCAASGFTFDDYGMSWVRQAPGKALEWVSAISWNGNNTYYTESMKGRFTISRDNAKNTLYLQMNSLRPEDTCVYYCVKGSTAIVGVPPTYPDEYDYWGQGTLVTVSS
seq17959,EVQLVESGGGLVQAGGSLRLSCESSISTFSSDAMGWFRQAPGKEREFLSAIGWSGAVTHYSDSVQGRFTISRDNAKNTVYLQMNSLKSEDTGRYYCAEDYDTDVWQYWGQGTQVTVSS
seq17960,EVQLLESGGGLVQPGGSLRLSCAASGRTFNNYNMGWFRQAPGKGREFVAAVSRSGVSTYYADSVKGRFTISRDNSKNTVYLQMNSLRPEDTALYYCAAAYRGTAINVRRSYSSWGQGTLVKVSS
seq17961,VQLQESGGGLVQAGGSLRLSCAASGSIFSSNAMGWYRQAAGKRRELVAGIRSDGNTNYVDSVKGRFTISRDRAKNTVYLQMTSLKPEDTAVYYCNYWPPPLRQGGDYAYWGQGTQVTVSS
seq17962,QVQLVESGGGLVQAGGSLRLSCAASGRTFSTSAMGWFRQAPGREREFVAAITWTVGNTIYGDSMKGRFTISRDRTKNTVDLQMDSLKPEDTAVYYCTARSRGFVLSDLRSVDSFDYKGQGTQVTVSS
seq17963,EVQLQESGGGLVQAGGSLRLSCAVSISRTIFSLYAMEWYRQPPGKQRDLVARIYRSGDTNYADSVKGRFTISRDNAKNTVYLQMNSLKPEDTGVYYCNSPAQDWPWGQGTQVTVSS
seq17964,EVKLQESGGGLVQSGGSLRLSCIASGSTVSGNTMGWYRQAPGKQRELVAVISSVGVSNVAQSVKGRFAISRDNAKNTVYLQMSSLKPEDTDVYYCNALGTGRANWGQGTQVTVSS
seq17965,QVQLQEFGGGLVQAGGVLRLSCVASMTTLGFKTMGWYRQAPGKQRELVATISSIGISTYANSVKGRFTISRDNAKNTVYLQMNSLKPEDTAVYFCHVIRPSWMPQYWGQGTLVTVSS
seq17966,EVQLVESGGGVVQAGETLRLSCAASGRSFSNYEMGWFRQAPGTEREFVGTINRRGSSTYYTDSVKGRFSISRDNAKNTMYLQMSSLKPEDTAVYYCAAGWLFPSSRSRDYDYWGQGTQVTVSS
seq17967,EVQLVESGGGLVQAGGSLTLSCVASGRTFSNYRMGWFRQAPGAEREFVGTIYWSTGRSYYGDSVKGRFIISGDNAKNTIHLQMNSLKPEDTGVYYCASGPENSAFDSWGQGTQVTVSS
seq17968,EVQLVESGGGLVQAGGSLRLSCAASRGTFGTYIMGWFRQAPGKEREFVAAISWRGANTYYGYSVKGRFTISRDNAKNTMYLQMADLKPEDTADYYCGVHLNGTPYYYASGYRYWGQGTQVTVSS
seq17969,EVQLVESGGGLVQPGGSLRLSCAASGRTFSDARMGWFRQAPGKEREFVGAVSWSGGTTVYADSVKGRFTISADNSKNTAYLQMNSLKPEDTAVYYCATTEDPYPRWGQGTLVTVSS
seq17970,EVQLVESGGGLVQPGGSLRLSCAASGFTLDDYAIGWFRQAPGKEREGVSAIRSSGGSTYYADSVKGRFTISSDNSKNTVYLQMNSLRPEDTAVYYCAAVPAGRLRFGEQWYPLYEYDAWGQGTLV
seq17971,QVQLQHSGGGVVEPGEFLRFVCTSSGSIFSINAMGWYRQAPGKQRELVADISSGDSTNYAESVKGRFTISRDFRKRTVYLQMNNLKPEDTAIYYCNARGITDYYREYDELWGQGTQVTVSS
seq17972,QVQLVESGGGSVQAGGSLRLSCAASGYTYSSCTMTWYRQAPGKEREFVSVIDGDGRISYADSVKGRFTISRDNAGNLVYLQMNSLKPEDTAMYYCKASPYSGSRCPIPTNFWGQGTQVTVSS
seq17973,EVQLVESGGGLVQPGGSLTLSCVASGKTSSINAMGWYRRAPGKQRELVAGISSDGSKVYADSVKGRFTISRDNAKNSVYLQMNSLRAEDTAVYYCYYFRTVSGVSMRYWGQGTLVTVSS
seq17974,EVQLQESGPGLVKPSQTLSLTCTVSGGSITSRYYAWSWIRQPPGKGLEWIGVIDYDGDTYYSPSLKSRTSISWDTSKNQFSLHLSSVTAEDTAVYYCARDPDVVTGFHYDYWGQGTQVTVSS
seq17975,EVQLVESGGGSVQAGGSLRLSCKVSGIMFSDKGMGWFRQAPGKERETVAATNWSGGSTYYADSVKGRFTISRDNYKNTLHLQMASLKPEDTGIYYCAAAGDSWNSRRIEDYDYWGQGTQVTVSS
seq17976,QVQLQESGGGLVQAGGSLRLSCVGDGRTFSSYIIGWFRQAPGNEREFVVAITWDGSATTYADSVKGRFTVSRDSAKNTAYLQMNSLKPEDTAVYYCAAVPARGLTMDLENSDIYDHWGRGTQVTVSS
seq17977,QVQLQESGGGLVQPGGSLRLSCAASGSIFSRNAMAWYRQAPGKQRELVAAIAVGGGTTYSGSVKGRFTISRDNAKNTVYLQMNSLKPEDTAVYYCNADAPAGYYPKAYWGQGTQVTVSS
seq17978,EVQLVESGGGLVQPGGSLRLSCAASGRTYDAMGWFRQAPGKEREFVAAISGSGDDTYYADSVKGRFTISKDNSKITMYLQMNSLRPEDTAVYYCATRRGLYYVWDSNDYENWGQGTLVTVSS
seq17979,VQLVESGGGLMQAGGSLRLSCAVSGRTFSTAAMGWFRQAPGKEREFVAAIRWSGGSAYYADSVKGRFTISRDKAKNTVYLQMNSLKYEDTAVYYCAGWRATRSLLSDYATWPYDYWGQGTQVTVSS
seq17980,EVQLVESGGGLVQAGGSLRLSCAASGFTFSSYAMGWFRQAPGKEREFVASITWSGTRTDYADSVKGRFTISADNAKNTVYLQMNSLKPEDTAVYYCAAAAWTIYGYEYWGQGTQVTVSS
seq17981,QVQLQESGGGLVQAGGSLRLSCTASLDIVNINIMGWYRQAPGKQRDLVATMPKRGDSNYADSVKGRFTISRGSAKSTVYLQMDNLKPEDTAVYYCYVQYYIGTKYWGKGTLVTVSS
seq17982,QVQLQQFGGGSVQPGGFLRLSCVVSGFAADYYSIGWFRQAPGKEREGVSCMDTSDDSTWYADSVKGRFTMSRDNAKNTVYFQLNSLQPEDTGIYYCALGGDHGCAGMMVEFGSWGQGTRVTVSS
seq17983,QVQLQESGGGLVQPGGSLRLSCAASGFTFNDYAMSWVRQAPGKGLEWVSGIRSNGGYTNYADSVKGRFTISRDNAKNTLYLQMNSLKSEDTAVYYCAQGYYCSGYGCYPGQGTQVTVSS
seq17984,QVQLQASGGGLVQAGDSLRLSCAAAGRSFSSYAMGWFRQAPGKEREFVAAISRSRGVTYADSVKGRFTISKDNVKNMAYLQMNSLKPEDTGVYYCAATSSGSTRQLSTGRSNYWGQGTQVTVS
seq17985,QVQLQESGGGLVQAGGSLRLSCAASGYIFGHSKMGWYRQAPGKEREFVAGISLGANTYYADSVKGRFTISRDNAKNTVYLQMNSLKPEDTAVYYCAARFFSVLGHYYWGQGTQVTVSS
seq17986,QVQLVETGGGLVQAGGSLRLSCAVSGRTFSSLAMGWFRQAPGKEREFVAAISWSGDSTHYADSMKGRFTISRDNAKNTVYLQMDSLKPEDTAVYYCAADRTYHSGSPYWGAEYWGQGTQVTVSS
seq17987,EVQLVESGGGLVQPGGSLRLSCAASGSIFSINAMGWYRQAPGKQRELVAAITKSNNINYADSVKGRFTISRDNAKNTVYLQMNSLKPEDTAVYYCNGFFTLPGYSSEEFGPWGLGTQVTVSS
seq17988,VQLQESGGGSVQTGGSLRLSCAVSGFTDTYFALGWFRQAPGKEREGVAAIDSDGSTSYADSVKGRFTISKDNAKNTVYLQMNSLKPEDTAMYYCAAAPGPLSRNYWYTSANYDYWGQGTQVTVSS
seq17989,AVQLVDSGGGSVQAGGSLRLSCAASGYTYSDYCMGWFRQAPGKEREGVASINTGAGLTYYADSVKGRFTISQDNAKNTVYLLMNSLKPEDTAIYYCAAGCQGLYSSCRYCSVYHDWGQGTQVTVSS
seq17990,EVQLVESGGGLVQPGGSLRLSCAVSGSVHLLNFLGWYRQAPGKEREMVAHITIADATDYSHFAKGRFTISRDEAKNMVYLQMNSLRPEDTAVYFCRAGSRIYPYDYWGQGTLVTVSS
seq17991,SGGGLVLAGGSTRLTCLASGSISSINVIGWYRQAPGKQRELVAMIGRGEGANYGDFAKGRFTISRDNSKNTVYLQMNSLKPEDTAVYYCYADYEDRDSPLNGSWGQG
seq17992,EVQLVESGGGLVQPGRSLTLSCAASTNIFSKSPMGWYRQAPGKQRELVAAIHGSSTLYADSVKGRFTISRDNAKNSIYLQMNSLRPEDTALYYCNKVPWGDYHPGNVYWGQGTQVTVSS
seq17993,VQLQQSGGGLVQAGDSLTISCASSLFTFSTSTMGWFRQAPGKEREFVAAIKSSGSSMYYADSVQGRFTISRDNAKKTVTLQMNSLKPEDTAVYYCAKGVYGSRRSADFGSWGQGTQVTVSS
seq17994,DVQLQESGGGLVQAGGSLRLSCAASGLSISNYNMAWFRQAPGKERELVAVITWTGGSTYYAEDVKGRLTISRDNAKNTVFLQMNSLKPEDTAIYFCAAGLKGSGRSLSYPDGYDNWGQGTQVTVSS
seq17995,QLQLVESGGGLVQPGGSLKLSCTASETTFEIYPMAWYRQAPGKQRELVAGINMISSTKYIDSVKGRFTISRDNDKNTMYLQMNSLKPEDTAVYYCNLDTTMVEGVEYWGQGTQVTVSS
seq17996,QVQLQESGGGLVQTGGSLRLSCAASGFTFSSYGMSWVRQTPGKGPEWVSAIDSGGGSTSYADSVKGRFTISRDNAKNTLYLQMNSLKPEDTAVYYCAQGYYCSGYGCSDYWGQGTQVTVSS
seq17997,QVQLAESGGGLVQTGGSLRLSCTASGLNFGLYAMGWFRQAPGKEREGVSCINGGGGITVYSDFVKSRFTISRDNAKNTLYLQMNSLKPDDTATYYCAADRSPFGSCSSDWSRSSDWSRMAEKFGYWGQGTQVTVSS
seq17998,EVQLVESGGGLVQAGGSLRLSCAASGFTFGSTTIGWFRQAPGKEREGVSCISTGDGSTYYAESVKGRFTISSDNAKNTVYLQMNSLKPEDTAVYYCALDQAPMWSSWSAPYEYDYWGQGTQVTVSS
seq17999,QVQLVQSGGGLVQAGESLRLSCAASGDRLSAYAMGWFRQGPGKDREFVSAISRTSGRTYYAGSVKGRFTISRDNAKNTVYLQMNSLKAEDTAVYYCAARYGRYDVARMSRVDYWGQGTQVTVSS
seq18000,QVKLEESGGGSAQTGGSLRLTCAASGRTSRSYGMGWFRQAPGKEREFVSGISWRGDSTGYADSVKGRFTISRDNAKNTVDLQMNSLTPEDTARYYCAAAAGSAWYGTLYEYDYWGQGTQVTV
seq18001,EVQLQASGGGFVQPGGSLSLSCAVSGRSFGDDVMGWFRQAPGKEREFVSAIRFRSNSPFYGDPGKGRFTIARDSAKDTVYLHMYRLRPDDTAVYYCAVGDGALVNRASDYTYWGQGTQVTVSS
seq18002,QVQLQESGGGLVQPGGSLRLSCAASGRTFSDHSGYTYTIGWFRQAPKEREFVARIYWSSGNTYYADSVKGRFAISRDIAKNTVDLTMNNLEPEDTAVYYCAARDGIPTSRSVESYNYWGQGTQVTVSS
seq18003,QVQLQQSGGGLVQAGGSLTLSCRVSGTHFPIRPLAWYRQAPGKERELVASISAGHVTNYNVAVEGRFIISRDNYKDTVYLKMNNVKPEDTAVYLCNLGPATMSTDFRPTDFWGQGTQVTVSS
seq18004,QVQLVESGGGLVQAGGSLRLSCAASGRIFGRNAMAWYRQVPGKERELVARITRDGRTMYVDSAKGRFTISRDNAKNTAYLHMDSLKPEDTAVYYCNAQTRLWSYWGQGTQVTVSS
seq18005,QVQLQEFGGGLVQPGGSLRLSCAASGRTGSSYAMGWFRQAPGKEREFVAAISWSGGSTDYADSVKGRFTISRDNAKNTMYLQMNSLKPEDTAVYYCAVDRNLFKLRVAVQEYTNLGQGTQVTVSS
seq18006,QVQLQESGGGLVQAGGSLRLSCAVSGNTLSRYAMGWFRQTPGKEREFVAAIRWNEGATYYADSVEGRFTISRDNAKNTVYLQMNNLQPEDTAVYYCAGRFLGYASSNAYHEALYNYDYWGQGTQVTVSS
seq18007,EVQLVESGGKLVQAGGSLRLSCSASGRTFSFSTSTMGWFRQAPGKELEFVAAIDWSDFNTYYADSVKGRFIISRHNPRNSVYLQLNSLKPEDTAVYYCAAHSETRGGTRYFDRPSLYNYWGQGTQVTVSS
seq18008,EVQLVESGGGLVQPGGSLRLSCAASGRTFRTYGMGWFRQAPGKEREGVAAISWSGNSTSYADSVKGRFTISADNSKNTAYLQMNSLKPEDTAVYYCAARLSKRGNRSSRDYWGQGTLVTVSS
seq18009,QVQLVESGGGLVQPGGSLRLSCRASGAIFSINHMGWYRQAPGKQRELVATITSGGSTNYADSVKGRFTISRDNAKNTVYLQMNSLKPEDTAVYSCNLDWTTGWGSRRDYWGQGTQVTVSS
seq18010,EVQLVESGGGLVQAGGSLRLSCESSISTFSSDAMGWFRQAPGKEREFLAAIGWSGAVTHYSDSVKGRFTISRDNAKNTVYLQMNSLKAEDTGRYYCAEDYDTDVWQYWGQGTQVTVSS
seq18011,EVQLVESGGGLVQPGGSLRLSCAASGFTFGSYDMSWVRQAPGKGSEWVSHINTGGGSTTYADSVKGRFTISRDNAKNTLYLQMSSLKPEDTAVYYCATGLYGGSTDDYWGQGTQVTVSS
seq18012,VQLVESGGGLVQAGGSLRLSCAASGLTLSQYTMGWFRQAPGKERELVAAIHWTSSVTDYADSVKGRFTISRDDARNTGYLQMNSLKFEDTAVYYCAATHYYTHRGSFDYWGQGTQVTVSS
seq18013,EVQLVESGGGLVQAGGSLRLSCAASGSTGSSTAMGWSRQAPGKQREWVASISSAGTIRYVDSVKGRFTISRDNAKNTGYLQMNSLKPEDTAVYYCYVVGNFTTYWGRGTQVTVSS
seq18014,EVQLLESGGGLVQPGGSLTLSCAASVSIFSVNAVDWYRQSPGKERELVAIMTSDGSTNYDDSVKGRFTISRDNSKNTLYLQMNSLRAEDTAVYYCNTVPPRYWGLGTQVTVSS
seq18015,EVQLVESGGGLVQAGGSLRLSCAASGRTLSDHDMGWFRQAPGKEREFVATMRWGTSSTYYADSVKGRFTISSDNTKNTVYLQMNSLTPEDTAVYYCAARSVYSYEYTYWGQGTQVTVSS
seq18016,EVQLVESGGGLVQPGGSLRLSCVASGSIRSIIHMGWYRQAPGNERDLVAVIIDSRTTKYSESVKGRFTISRDNAKNTVYLQMNSLKPEDTAVYYCNALALGTDQSSTFDSWGQGTQVTVSS
seq18017,QVQLQESGGDLVQAGGSLRLACAASGSTFSFNAMGWYRQVPGKQRELVAAIGNDGSTYYVNSVKGRFTISRENAKNTVYLQMNSLKPEDTAVYYCKGRGGLTQYSEHDYWGQGTQVTVSS
seq18018,QVQLVESGGGLVQPGGSLRLSCAASGSIFRLNDMGWYRQPPGKQREMVATITKGGTTNYADSVKARFTISRDNAKNTVYLQMNSLKPEDTAVYYCNADISTYSAFGLFTPPKNYWGQGTQVTVSS
seq18019,EVQLVESGGGLVQPGGSLRLSCAASGFTFSSYAMTWVRQAPGKGLEWVSEITNGGGRTSYADSVKGRFTISRDNAKNTLYLQMNSLKPEDTAVYYCARGDRSWFRVQGENVYRGQGTQVTVSS
seq18020,QVQLQQSGGGLVQRGGSLRLSCTASRRTGSNWSMGWFRQFAGKEPDLLVALNLDYDVPYYADSVKGRFTVSGDSGKNTVYLQMNNLKPEDTAIYYCAARSGGFSSNRALYDGWGQGTTVTVSS
seq18021,DVQLQESGGGLVQAGGSLRLSCAASGATSDVYAMGWFRQVPGKEREFVATINRSGSDSYYADSVKGRFTISRDNAKNTVYLQMNSLKPEETAVYYCAASRSDCIGHGCHRVSQDYWGQGTQVTVSS
seq18022,QVQLVETGGGLVQAGGSLRLSCAASGRTFSSYSMGWFRQAPGKEREYVAAVNSNGDSTFYADSIKGRFTVSRDAAKNTVYLQMNSLKPEDTALYYCAAVYGRYTYQSPKSYEYWGQGTQVTVSS
seq18023,EVQLVESGGGLVQAGDSLRLSCAASGRTRTTYGMGWFRQAPGKEREFVTTITWSGPTNYKYYADSVKGRFTISRDNAKNTAYLQMNSLKPDDTAVYYCAASTVLTDPRVPTEYDYWGQGTQVTVSS
seq18024,EVQLVESGGGLVQPGGSLTLSCVASGSTSSINAMAWYRRAPGKQRELVAGISSDGSKVYADSVKGRFTISRDNAKNSVYLQMNSLRAEDTAVYYCYYFRTKSGSSMRYWGQGTLVTVSS
seq18025,EVQLVESGGGLVQPGGSLTLSCVASGSTSSINAMAWYRRAPGKQRELVAGISSDGSKVYADSVKGRFTISRDNAKNSVYLQMNSLRAEDTAVYYCYYFRTVSGSHMRYWGQGTLVTVSS
seq18026,EVQLVESGGGLVQAGGSLRLSCAASGGTFSSYAIGWFRQAPGKEREFVAAITWIERSTYYADSVKGRFTISRDNAKNTVYLQMNSLEPEDTAVYYCGADDRGDLMSVDFRSWGQGTQVTVSS
seq18027,EVQLVESGGGPVQAGGSLRLSCAASGRTYRGYSMGWFRQAPGKEREFVAAIVWSGGNTYYEDSVKGRFTISRDNAKNIMYLQMTSLKPEDSATYYCAAKIRPYIFKIAGQYDYWGQGTLVTVSS
seq18028,EVQLVESGGGLVQAGGSLSLSCAASGRTFSPYTMGWFRQAPGKEREFLAGVTWSGSSTFYGDSVKGRFTASRDSAKNTVTLEMNSLNPEDTAVYYCAAAYGGGLYRDPRSYDYWGRGTQVTVSS
seq18029,EVQLVESGGGLVQAGGSLRLSCVASGDIQFSWSSMAWFRQAPGKEREFVATISRSGSDVDYADSAKGRFTISRDNAKKMLYLQMNSLKPEDTATYYCAAARGLTAYEFQFWGQGTQVTVSS
seq18030,QVQLQESGGGLVQAGGSLRLSCAASGRTFRNYVMGWFRQAPGKDPEFIAGINRSGAITYYGDSVKGRFTISRDNAKNTVSLQMNSLEPEDTAVYYCAAGETTWSIRRDDYDYWGQGTQVTVSS
seq18031,EVQLQASGGGSVQAGDSLRLSCAASGRPFSSFAMGWFRQAPGKEREFVAAISASGGETYYTGSLKGRFTISRDNAKNTVYLQMDSLKPEDTGVYYCAATINGAARRGQGTQVTVSS
seq18032,EVQLVESGGGLAQPGGSLRLSCAASGFTFSSYAMSWVRQAPGKGLEWVSAINSGGGSTSYADSVKGRFTISRDNAKNTLYLQMNSLKPEDTAVYYCQRGDYEFEPLEYDYWGQGTQVTVSS
seq18033,EVQLVESGGGLVQPGGSLRLSCAASGFTFDDYGMSWVRQAPGKALEWVSAISWNGNNTYYTESMKGRFTISRDNAKNTLYLQMNSLRPEDTAVYYCVKGSTAIVGVPPTYPDEYDYWGCGTLVTVSS
seq18034,QLQASGGGLVQAGGSLRLSCAASGRTFSSDAMGWFRQAPGKEREFVAAISWSGGSTYYADSVKGRFTISRDNAKNTVYLQMNSLKPEDTAVYYCAHDRRRYYSGSYPPSEYDYWGQGTQVTVSS
seq18035,EVQLQESGPGLVKPSQTLSLTCTVSGGSITTRYYAWSWIRQPPGKGLEWMGVIDYDGDTYYSPSLKSRTSISWDTSKNQFSLQLSSVTPEDTAVYYCARDPDVVTGFHYDYWGQGTQVTVSS
seq18036,EVQLVESGGGLVQAGDSLRLSCAASGATLSSYTMGWFRQAPEKEREFVAGSSRDGRTNYYANSVKGRFTISRDNAKNTVYLQMNSLKPEDTAVYYCAAHTTSGVPVFERSYAYWGQGTQVTVSS
seq18037,EVQLVESGGGLVQAGGSLRLSCAVSGGTFDDYAIGWFRQAPGKEREGVSYIGCNDGSTYNAGSVKGRFTISCDYAKNTVYLQMNNLNSEDTAVYYCAAAAQWATIRWIQEYDYDYWGQGTQVTVSS
seq18038,EVQLVESGGGLVQPGGSLRLSCAASGFTFSNYAMTWVRQAPGKGLEWVSDISWDGDITTYAASVKGRFTISRDNAKKTLYLQMNSLKPEDSAVYYCNTYGYDSGRYYSYWGQGTQVTVSS
seq18039,VHLVESGGGSVQAGGSLRLSCVASGYRNCRSTMRWYRQGPGQVRDWVSSIYTDGTTSYTDSVKGRFTIAQDKGKNTVYLQMNSLQPEDTAMYYCRIDLVGCNVAGGSPYWGHGTQVTVSS
seq18040,QVKLEESGGGLVQAGGSLRLSCAASGGTSSTYAMGWFRQAPGKEREFVAAINRSGGSTYYADSVKGRFTISRDNAKNTVYLQMNSLNPEDTAVYYCAAVFLSRNYEIQEYYRYQGQGTQVTVSS
seq18041,EVQLVESGGGLVQPGGSLRLSCAASGFTLNYYGMGWFPQAPGKEREFVAAITSGGAPHYADSVKGRFTINADNSKNTAYLQMNSLKPEDTAVYYCASAYDRGIGYDWGQGTLVTVSS
seq18042,VQLVESGGGSVQPGGSLRLSCAASGSIFHIVVMGWYRQAPGKQRELVAGMSTGGTTNYGDSVKGRFTISRDNAKNTVYLQMNSLKPEDTAVYYCNVLVISGIGSHLEVWGQGTLVTVS
seq18043,QVQLQDSGGGLVQPGGSLRLSCAASGLSLESTVVGWFRQAPGKEREGISCISSGDTNTLYVDSVKGRFTISRDNAKNTVYLDMNRLKPEDTAVYYCATGVDSGYGCPAYEYDSWGQGTQVTVSS
seq18044,QVQLVESGGGLVQPGGSLRLSCAASGFTFSSYRMYWVRQPPGKGLEWVSAISAGGGSTYYGDSVKGRFTISRDNAKNTVYLQMNSLKPEDTALYYCKKSTWADGESDYWGQGTQVTVSS
seq18045,QVQLQDSGGGTVQAGGSLRLSCAASGRTFSNYAVGWFRQAPGKEREFVARIKWSGGSRSYANSVDGRFTVSTDNAKNTVYLQMNSLKPEDTAIYYCALPSNIITTDYLRVYYWGQGTQVTVSS
seq18046,LQESGGGLVQAGGSLRLSCAASGRTFSMGWFRQAPGKEREFVAAINWSDSSTYYTDSVRGRFTISRDNAKNTVYLQMDSLKPVDTAIYYCAAQGSLYDDYDGLPIKYDYWGQGTQVTVSS
seq18047,QVQLVETGGGLVQAGGSLRLSCAASGSIFSINAMGWFRQAPGKEREFVATINRSGGRTYYADSVKGRFTISRDNGKNMVYLQMHSLKPEDTAIYYCAAGTGWSPQTDNEYNYWGQGTQVTVSS
seq18048,LQESGGGLVQAGGSLRLSCAASGRTFSSSAMGWFRQAPGKERNIVAADNWNGGRTYYVDSVKGRFTISRDNAENTVYLQMNNLKPEDTAVYYCAVRKGVFYSTDAMDYAYWGQGTQVT
seq18049,EVQLLESGGGEVQPGGSLRLSCAASGFSFSINAMSWYRQAPGKRREFVAAIESGRNTVYAESVKGRFTISRDNAKNTVYLQMSSLRAEDTAVYYCGLLKGNRVVSPSVAYWGQGTLVTVKP
seq18050,QVQLVESGGGLVQAGGSLRLSCAASGRTFSSYGMGWFRQAPGKEREFVAAVNWSNSSAYYADSVKDRFTISSDNAKSTIYLQMNSLKPEDTAVYYCRPYSDYVTYDPDDYDYWGQGTQVTVSS
seq18051,QVQLQESGGGLVNPGGSLRLSCAASVSTTSTYGMTWYRQAPGKQREWVATINHTGGTNYADSVKGRVAISIDNAKNTVYLQMSDLKPEDTAVYYCSPPVWTGLRPWGQGTQVTVSS
seq18052,EVQLLESGGGEVQPGGSLRLSCAASGSVFSIDAMGWYRQAPGKQRELVAVLSGISSAKYAESVKGRFTISRDNAKNTLYLQMSSLRAEDTAVYYCYADVSTGWGRDAHGYWGQGTLVTV
seq18053,EVQLVESGGGLVQPGGSLRLSCAASGFTLGDYVMGWFRQAPGKEREFVAAIHSGGSTLYADSVKGRFTISADNSKNTAYLQMNSLKPEDTAVYYCAAKEYGGTRRYDRTYNWGQGTLVTVSS
seq18054,QVQLVESGGGSVQSGGSLRLSCAASGFTYGTYAMSWFRQAPGKEREGVACIDIYGRTSYTDPVKGRFTISQDNAKNTLYLQMNSLKPEDTAMYYCAARDFGYCTASWVHEGFSRYWGQGTQVTVSS
seq18055,DVQLQESGGGSVQAGGSLRLSCAASGYTTSRLCMAWFRQFPGKEREGVANVRLGGYKPAYADSVKGRFTLSEDSAKNTVYLEMNSLQPEDTAMYYCAADPGGGGSCPVALVRGDFDYWGQGTQVTVSI
seq18056,QVQLQESGGGLVQAGGSLRLSCAASGRTFSRYGMGWFRQLPGKQRELVTSITRGGTTTYADSVKGRFTISRDNAKNTVYLQMNSLKPEDTAVYYCNARSIWRDYWGQGTQVTVSS
seq18057,EVQLVESGGGPVQAGGSLRLSCANSGRTYRGYSMAWFRQSPGKEREFVAAITWSEGNAYYEDFVKGRFTISRDNAKNTLYLQMTNLRPEDTALYYCAAKIRPYIFKIAGQYDYWGQGTQVTVSS
seq18058,VQLEESGGGLVEPGGSLRLSCAASGNISNILSMGWFRQAPGKRRELVATITNDGNTEYRDSVKDRFTISRDNAEKTYYLQMDRLKLEDTAVYYCNAARWTQPRPSWGQGTQVTVS
seq18059,EVQLVESGGGLVQAGGSLRLSCAASGRAYRGYSMGWFRQVPGKEREFVAAIVWTDGNTYYEDSVKGRFTISRDITKNTMYLQMTSLKPEDSATYYCAAKIRPYIFKIAGQYDYWGQGTQVTVSS
seq18060,EVQLVESGGGLVQAGASLRVSCAASARTGSYTMGWFRQAPGKEREFVSTISWNGASTVYADSVKGRFTISRDNAKNTVSLQMNSLKPEDTAVYYCAGSISSYSSRWQDDYEYWGQGTQVTVSS
seq18061,EVQLVESGGGVVQPGDSLRLSCAASGGTFSTYVMGWFRQAPGKEREFVSAISQNSIHTYYANSVKGRFTISRDNSKNTVYLQLNSLRPEDTALYYCAASRFTSWYTADYEYDYWGQGTLVTVSS
seq18062,EVQLVESGGGLVQPGRSLTLSCAASTNEFSISPMGWYRQAPGKQRELVAAIHGLSTLYADSVKGRFTISRDNAKNSIYLQMNSLRPEDTALYYCNKVPWGAYHPRNVYWGQGTQVTVSS
seq18063,VQLQESGGGLVQPGGSLRLSCAASGFTFSNYAMSWVRQAPGKGLEWVSTINIGGGSTSYADSVKGRFTISRDNAKNTLYLQMNSLKPEDTAVYYCAKTASHIPLSQGTQVTVS
seq18064,QVQLQQSGGGLVQPGGSLRLSCVASGFLFSIYDMNWYRQAPGKEREWIAGITNNGYSTAYTDSVQGRFTISRDNAKNTIYLQMTSLKPEDTAVYYCHADLTKCYDGEYAWGQGTQVTVK
seq18065,EVQLVESGGGLVQPGGSLRLSCAASGRTFGDYIMGWFRQAPGKEREIVAAINWSADYTPYADSVKGRFTISADNSKNTAYLQMNSLKPEDTAVYYCATAPPNTGWHFDHWGQGTLVTVSS
seq18066,EVQLVESGGGLVQPGGSLRLSCAASGFTFGFYAMGWFRQAPGKERELVAAISWSDASTYYADSVKGRFTISADNSKNTAYLQMNSLKPEDTAVYYCALDNRRSYVDYYNVSEYDWGQGTLVTVSS
seq18067,QVQLQESGGGSVQAGGSLRLSCAASGFAISNYCMGWFRQAPGKAREGVAAIDRGGGSTYYADSVKGRFTISHDNAKNTMYLQMNELKPEDTAIYYCAATTLPLYAAIMAMTSRSEADFDYWGQGTQVTVSS
seq18068,HVQLVESGGGSVQAGGSLRLSCTHSGYISSRHCMGWFRQAPGKAREGIAGIRRDGDEYYAGSVKGRFTISQDNAKNIIYLQMSSLTPDDTAMYYCAAGTRIIVGDYCDGITTWGQGTQVTVS
seq18069,CVQLLESGGGLVQAGGSLTLSCEASGLTFSEYVMGWFRQTPGKEREFVAAVAAMNSRTYYTDSVKGRFTISRDNAKNTVFLQMNSLKPEDTAVYYCAVGAYGDYAGPSHFHSWGQGTQVTVSC
seq18070,EVQLVESGGGLVQPGGSLRLSCAASGSIRSVSVMGWFRQAPGKEREAVAAISWSGVGTAYADSVKGRFTISADNSKNTAYLQMNSLKPEDTAVYYCAAYQRGWGDWGQGTLVTVSS
seq18071,EVQLQASGGGLVQPGGSLRLSCAAFGFTFSSYAMSWVRQAPGKGPEWVSAINSGGGSTSYADSVKGRFTISRDNAKNTLYLQMNSLKPEDTALYYCARLGVPGTFDYWGQGTQVTVSS
seq18072,QVQLQESGGGLVQLGGSLTLSCATSEDLFSTRNMAWYRQAPGKQREAVAMITTSGTTNFANSVKGRFTISRDNAKNTVYLQMNSLRPEDTAVYYCNLVHYGINYWGKRNLVTVSS
seq18073,EVQLVESGGGLVQPGGSLRLSCAASGRTFSRLAMGWFRQAPGKEREFVAAISRSGRSTSYADSVKGRFTISADNSKNTAYLQMNSLKPEDTAVYYCAARRSQILFTSRTDYEWGQGTLVTVSS
seq18074,QVQLVESGGGLVQAGGSLRLSCAASGRTSSIYGMGWFRQAPGKEREFVAAISWSAGRTYHADSVKGRFTISRDNAKNMVYLQMDKMKPGDTAVYYCAARRAPELLSDYTQKPEEIGTYHYWGQGTLVTVSS
seq18075,EVQLVESGGGLVQAGGSLRLSCAASGRTVSDYGMGWFRQAPGKLREFVASINWSGIYTRYIDSVEGRFTISRDNTKNTLYLQMNNLKAEDTAVYYCAYFLGPNWYSNYGRPSSYGFYGQGTQVTVSS
seq18076,EVQLVESGGGLVQAGGSLSISCAASGGSLSNYVLGWFRQAPGKEREFVAAINWRGDITIGPPNVEGRFTISRDNAKNTGYLQGTPLNPGAYIYDWSYDYWGRGTQVTVSS
seq18077,EVQLVESGGGLVKPGGSLRLSCAASGRTFSGILSAYAVGWFRQAPGKEREFVSTITSGGSTLSADSVKGRFTISRDNAKNSLYLQMNSLRAEDTAVYYCAVRTWPYGSNRGEVPTENEYGHWGQGTQVTVSS
seq18078,VQLQESGGGLVEAEGSLRLSCAASGRTFGSYAMGWFRQAPGKERELVAAISSGGSTLYAGSVKGRFTISKDNAKNTVYLQMNSLKPEDTAVYYCAARSGGAYYTARVDWPYWGQGTQVTVSS
seq18079,EVQLLESGGGLVQPGGSLSISCAASGGSLSNYVLGWFRQAPGKGREFVAAINWRGDITIGPPNVEGRFTISRDNAKNTLYLQMNSLRPEDTAVYYCGAGTPLNPGAYIYDWSYDYWGQGTLVTVSS
seq18080,AVQLVESGGGSVQTGGSLRLACAASGYTFASHCMAWFRQAPGKEREGVASINSASGSTGYAPSVRDRFTISLDNAKATLYLQMNGLKPEDTAIYYCAVDSARTCVGWLNPSRYDDWGQGTQVTVSS
seq18081,VQLQESGGDLVQPGGSLRVSCVVSGFTFSRYYMSWVRQAPGKGLEWVSSIDSYGYSTYYTDSVKGRFTISRDNAKNTLYLQMNSLKPEDTALYYCARAKTTWSYDYWGQGTQVTVSS
seq18082,EVQLVESGGGLVQPGGSLRLSCAASGFTFDDYALGWFRQAPGKEREGVSCIRCSGGSTYYADSVKGRFTISSDNSKNTVYLQMNSLRPEDTAVYYCAASIVPRSKLEPYEYDAWGQG
seq18083,EVQLVESGGGLVQPGGSLTLSCAASGSSVSFLSMAWYRQAPGKKRELVAGISADGSTLYIDSVKGRFTISRDNAKNSVYLQMNSLRAEDTAVYYCYAYRWTTRYAYWGQGTLVTVSS
seq18084,EVQLVESGGGLVQPGGSLRLSCAASGRSLGIYRMGWFRQAPGKEREFVAAITSGGRKNYADSVKGRFTISADNSKNTAYLQMNSLKPEDTAVYYCAKRTIFGVGRWLDPWGQGTLVTVSS
seq18085,EVQLVESGGGLVQPGGSLSVSCAASGTIFAINAMGWYRQVPGKERELVAVMRNPGGTNYADSVKGRFTISRDNAKNTVYLQMNSLKPEDTAVYYCYLKMYGGNWYTYWGQGTQVTVSS
seq18086,QVQLQESGGGLVQAGGSLRLSCTASGGTFSSYPMGWFRQAPGKEREFVAAISWSGGSTNYADSVKGRFTISRDNAKTTVYLQMNSLKPEDTAVYYCNAEGDSDSPALGMDYWGKGTQVTVSS
seq18087,EMQLVESGGGLVQAGGSLRLSCVASKRTFASYAMGWFRQVPGKERDFVAAISTHSITVYADSVKGRFTISRDNAKNTVYLQMNTLKPEDTAVYYCAAGNREPYLRQYTASNPYDYWGQGTQVTVSS
seq18088,EVQLVESGGGLVQAGESLRLSCAASGSIVSGGAMGWYRQAPGKQRELVAAVDRRASPVYGDSVKGRFTCSGDSARNTVYLQMNSLKPEDTAVYYCTALLGGRLYWGQGAQVTVSS
seq18089,EVQVVESGGGLVQPGGSLRLSCAVSGRGFSEHAMGWYRQSPGKQREFVAGVTSYGGTNYADSVKGRFTISRDNVGNTVFLQMNSLKPEDTAVYYCNYKRGHYPDGVSTYEYWGQGTQVTVSS
seq18090,EVQLLESGGGEVQPGGSLRLSCAASGSVFSIDAMGWYRQAPGKQRELVAVLSGISSAKYAESVKGRFTISRDSAKNAVYLQMDGLKPEDTAVYYCYADVSTGWGRDAHGYWGQGTLVTV
seq18091,QVQLVETGGGLVQPGGSLRLSCAVSGLDLGEHAIGWFRQAPGKEREGVLCISNRGNTADFPTSPVSKGGRFAISRDVAKSVVYLQINDLKLEDTANYSCAATYSFYYCPTHWTDDVYWGQGTQVTVAS
seq18092,QVQLQQSGGGLVQAGDSLRLSCAASGRTFSNYAMGWFRQAPGKDREFLAAISRSGQIPYYAVAVKDRFTISRDTAKNTVYLQMNSLKPEDTAVYYCNAATYFGVQLAWGQGTQVTVSS
seq18093,EVQLVESGGGLVQPGGSLRLSCAASGRTYNMGWFRQAPGKEREWVATIYSRSGGSTTYYADSVKGRFTISADNSKNTAYLQMNSLKPEDTAVYYCATYGYDSGRYYSWGQGTLVTVSS
seq18094,QVQLQESGGGLVQAGGSLRLSCVVSGSFDSRNAMAWYRQALGKERVWVAGIISDGSTNYADAVKGRFTISRDNDKNTVYLQMNSLKPEDTAVYYCNAWPPRIGLGSWGQGTQVTVSS
seq18095,EVQLVESGGGLVQAGGSLRLSCAASARTFSSYAMSWFRQAPGKERDFVAVINWSGGSTYYADSVKGRFTISRDNAKNTVYLEMNSLKPEDTAVYYCASTAFRRRTYYTPESWDYWGQGTQVTVSS
seq18096,EVQLVESGGGLVQPGGSLTLSCVASGSTSSINAMAWYRRAPGKQRELVAGISSDGSKVYVDSVKGRFTISRDNAKNSVYLQMNSLRAEDTAVYYCYYFRTVSGSSMRYWGQGTLVTVSS
seq18097,QVQLVESGGGLVQAGGSLRLSCATSGFTFSDYAMGWFRQAPGKEREFVAAISWSGHVTDYADSVKGRFTISRDNVKNTVYLQMNSLKPEDTAVYSCAAAKSGTWWYQRSENDFGSWGQGTQVTVS
seq18098,QVQLQESGGGLVQPGGSLRLSCEASGFIFSSRAMSWYRQGPGKQREPVAFISTGGDTNYANSVKGRFTISRDNAKNTVDLQMNNLKPEDTAVYYCKTIVEKDYWGQGNQVTVSS
seq18099,QVQLQQSGGGLVQPGGSLRLSCVVSGRFFRIDDMAWYRQAPGTQRELVASITRGGTTKYADSVKGRFTISRDNAKNTMDLQMNNLKSEDTAVYYCNAQGPYSRGSGPFGQGTQVTVSS
seq18100,QVQLQESGGGLVQAGGSLRLSCAASGRTFSSYAMGWFRQAPGKEREFVAAISWSGDSTNYADSVKGRFTISRDNAKNTVYLQMNSLKPEDTAVYYCAADSHYGYSEYIRGLGMDYWGKGTLVTVSS
seq18101,QVQLQESGGGLVQAGGSLRLSCVASGRTLENYRVAWFRQFPGKERELIAVINWSGDRRYYTEAVQGRFNISRDNAENTVYLLMNSLKPEDTAVYYCAAAEMYGSLARRDYRNWGQGTQVTVSS
seq18102,EVQLVESGGGLVQAGGSLRLSCAASGFTFDDYAIGWFRQAPGKEREGVSCVSRDGGSTYYLDSVKGRFTISSDNAKNTVYLQMNSLKPEDAAVYYCAASRYDCSKYLIDYNYRGQGTQVTVSS
seq18103,QVHLVDSGGGLVQPGGSLRLSCAASGSITSRNTMGWYRQVPGKQRELVALIATFVTHYADSVKGRFTISRDNARKMVFLEMNSLQPEDTGAYYCYVDVSPYWGRGTQVTVSS
seq18104,EVQLVESGGGLVQPGGCLRLSCAASGFTFDDYGMSWVRQAPGKALEWVSAISWNGNNTYYTESMKGRFTISRDNAKNTLYLQMNSLRPEDTAVYYCVKGSTAIVGVPPTYPDEYDYWGQGTLVTVSS
seq18105,QLQLVEPGGGVVQPGGSLRLSCLASGSDFSLGAMGWYRQAPGKQRELVAIINRASWTRYADSVKGRFTISRDNSKNLVFLQMNNLKPDDTAVYYCNAIATSASGRGVTSTSWGQGSQVTVSS
seq18106,EVQLVESGGGLVEPGGSLRLRCAASGIIFRLYTMGWYRQAPGKQREMVAGISSGGATNYADSVKGRFTISRDNAKNTVYLQMNSLKLEDTAVYSCSAKGARGYGVWGQGTQVTVSS
seq18107,EVQLVESGGGLVQPGGSLRLSCAASGFNFNWYPMGWFRQAPGKEREFVAAIRWSGGITYYADSVKGRFTISADNSKNTAYLQMNSLKPEDTAVYYCATGPYRSYFARSYLWGQGTLVTVSS
seq18108,EVQLVESGGGLVQAGGSLRLSCAASGNTFSINVMGWYRQAPGKQRELVTIIDNGGTTSYADSVKGRFTISRDNAKNTVYLQMNSLKPEDTARYTCHARRGGTLYTLGDSNYWGQGTQVTVSS
seq18109,EVQLVESGGGLVQAGGSLRLSCAASGFAFDDYAIGWFRQAPGKEREGVSSISSSNGNTYYADSVRGRFTISSDNAKNTVYLQMNGLKPEDTGVYYCAAIWGIFFNEKMPVGAYDYWGQGTQVTVSS
seq18110,EVQLVESGGDLVQPGGSLRLSCAASGSIFSINDMGWFRQAPGKQRELVAGIISRGVTNYADSVKGRFTISGDPAKNTVYLQMNSLKPEDTAVYYCNAHISTGWGRPHNNYWGQGTQVTVSS
seq18111,DVQLVESGGGLVQAGDSLRLSCAASERNLRIYDMAWYRQAPGKEREYVAVISSSGDSTHYSDFVKGRFTISRDNAKNTVSLQMDSLKPEDTAFYYCNVNQIRQWPWGQGTQVTVS
seq18112,DVQLVESGGGLVQPGGSLRLSCAGSGSIFSGNAMGWYRQAPGKQRELVAAITSGGVTNYADSVKGRFTISRDNSKNTVYLQMNSLRPEDTAVYYCAADIRYPTGLVGDYWGQGTLVTVSS
seq18113,EVQLVESGGGLVQPGGSLRLSCAASGRTFNNYAMGWFRQTPGKGREFVSAISWIIGSTYYADSVKGRFTISRDNAKNTLYLQMNGLRPEDTAVYYCAAEGGYSGTYYYTGDFDSWGQGTLVTVSS
seq18114,DVQLTESGGGSVQVGGSLRLSCLAAEYESSSYESSSYGPCMGWFRQVPGKGREGVAAINRPGGITSIADSVKGRFSISLDRAKDTLYLLIFDPKPEDTATYYCATGGRWNTACGSWLGNPEEISAWGRGTQVTVSS
seq18115,QVQLQEFGGGLVQPGGSLRLSCAASGFTFSNFWMYWVRQAPGKGLEWLSDINGPGEVTYYQDSVKGRFTVSRDNAKNMLYLEMNSLTPEDTAVYYCTSPEYEWWGQGTQVTVSS
seq18116,EVQLVESGGGLVQPGGSLRLSCAASGGSLSNYVLGWFRQAPGKEREFVAAINWRGDITIGPPNVEGRFTISRDNAKNTGYLQMNSLRPEDTAVYYCGAGTPLNPGAYIYDWSYDYWGRGTLVTVSS
seq18117,EVQLVESGGGLVQPGGSLRLSCAASGFTFSSYAMSWVRQAPGKGLEWVSGINSGGGSTSYADSVKGRFTISRDNAKNTLYLQMNSLKPEDTAVYYCAKWEVVTLDFGSWGQGTQVTVSS
seq18118,EVQLVESGGGLVQPGDSLKLSCVASGRTSSSYSMGWFRQAQGKEREFVVAISSGGYIYDSVSLQGRFTISRDNTKNTVYLQTPSLKPEDTAVYYCAASRAYGSSRLRLADTYDYWGQGTQVTVSS
seq18119,EVQLVESGGGEVQPGGSLRLSCAASGRPFSSSAMGWFRQAPGKERETVAAVSRNAGSSYYAESVKGRFTISRDNAKNTVYLQMSSLRAEDTAVYYCAARSAAYSRSSETYTEKHDYTYWGQGTLVTVKP
seq18120,EVQLVESGGGLVQPGGSLRLSCIASGLPFSTKSMGWFRQAPGKGREFVARISPGGTSRYYGDFVKGRFAISRDNSKNTTWLQMNSLKAEDTAVYYCASGERSTYIGSNYYRTNEYDYWGTGTLVTVSS
seq18121,EVQLVESGGGLVQPGGSLRLSCAASGRAFRRYTMGWFRQAPGKEREFVASITKFGSTNYADSVKGRFTISADNSKNTAYLQMNSLKPEDTAVYYCAKDRGVLWFGELWYWGQGTLVTVSS
seq18122,EVQLAESGGGSVQAGGSLRLSCAVSGYTSRSNYMGWFRQAPGKEREGVALIYTRGGSTYYASSVKGRFTISQDSAKKTYLQMNSVKPEDTAMYYCALRLDEKMYWGQGTQVTVSS
seq18123,EVQLVESGGGLVQAGGSLRLSCTASGRTFSDYDMGWFRQAPGKERECVAVIDTNGDNTLTVGSVKGRFAISRDNAKNTVYLQMNSLLPEDTAVYTCAAGAWSSLRSTAANYWGQGTKVTVSS
seq18124,EVQLVESGGKVVQPGGSLRLSCSASGRTFSFSTSTMGWFRQAPGKELEFVAAIDWSDFNTYYADSVKGRFTISRHNPRNSVYLQLNSLKPEDTALYYCAAHSETRGGTRYFDRPSLYNYWGQGTLVTVKS
seq18125,EVQLVESGGGLVQPGGSLRLSCAASGFTFSSYAMYWVRQAPGKGPEWVSRISAGGGSTYYGDSVKGRFTISRDNAKNTVYLQMNSLKPEDTAVYYCANRAGWGMGDYWGQGTQVTVSS
seq18126,EVQLVESGGGLVQSGGSLRLSCVASGTIVSINATSWYRQAPGNQRELVATIIGDGRTHYADSVKDRFTISRDAAANLVYLQMNSLKPSDTAIYSCNANGIESYGWGNRHFNYWTVGTQVTVSS
seq18127,QVQLQDSGGGLVQAGGSLRLSCAASGFTFNDYAIGWFRQAPGKEREGVSWISSSDGSTKYADSVKGRFTISSDNAKNTVYLQMNSLQPEDTAVYYCAAAQLFAGSYYYTAPEWYDYWGQGTRVTVSS
seq18128,EVQLVESGGGLVQPGGSLTLSCAASGITSSVYSMGWYRQAPGKQRELVAGSSSDGSTHYVDSVRGRFTISRDNAKNSVYLQMNSLRAEDTAVYYCYANRGFAGAPSYWGQGTLVTVSS
seq18129,QLQVSGGGSVQPGGSLRLSCAAPGFTFSNYAMYWLRQAPGKGIEWVSRIGPGGSHTEYADSVKGRFAISRDNAKNTLSLQMNSLKPEDTAAYYCAITQQGSGRGRGTQVTVSS
seq18130,EVQLVESGGGLVQPGGSLRLSCVASGRALSRYVMGWFRQAPGKEREFVAAITWSGTNTKHAESVKGRFTISVDNAKNTVYLQMNSLEPEDTAVYYCAADFNRYGVGRDPRQYDYWGQGTQVTVSS
seq18131,EVQLVESGGGLVQAGGSLRLSCAASGRTFSGYVAGWFRQAPGKEREFVVALSWSGITYYGDSVKGRFTISRDNGKNTVYLQMNSLKPEDTAVYYCGAGKGYYKDYRGYDYWGQGTQVTVSS
seq18132,EVQLVESGGGQVQPGGSLRLSCESSVSIWSFKVMGWFRQVPGKQRELVATITTGGSPDYRDSVKGRFTISRDYDKRTLYLQMNSLKPEDTARYYCAGRLWAHITSSGHDVWGQGTQVTV
seq18133,QVQLVESGGGLVRTGDSLRLSCTASGRSFGTYAVTWFRQVPGKEREFVAAISNSATTIQYTHSVKGRFTISRDNAKNTVYLQMNSLKPEDTAVYYCHAVAWDYGLDHWGQGTLVTVSS
seq18134,EVQLVESGGGLVQAGGSLRLSCAASGRTFSRSAMGWFRQAPGKEREFVGFITGSGGTTYYGESVKGRFTISRDNAQNPVYLQMNSLKPEDTAVYYCAVYRRTYISSTYNESSEYDYWGQGTQVTVSS
seq18135,VRLVESGGGSVQAGGSLRLSCVASGYTVSAYCMGWFRQVLGKGRERIAFIDAGGATIYADPVKGRFTISKDNAKNTLYLQMNSLKPEDTAMYYCVADRRGRVRRCEYNAWGQGTQVTVSS
seq18136,VQLQESGGGSVQAGETLRLSCTASGFTFDDSDMGWYRQAPGNECELVSTISSDGSTYYADSVKGRFTISQDNAKNTVYLQMNSLKPEDTAVYYCAADKDARGYELGTCESLDYWGRGTQVTVSS
seq18137,EVQLVESGGGLVQAGGSLRLSCEASGRTFSNYATGWFRQAPGKEREFVAAISWSGGSTLYADSVKGRFTISRDNAKNTVYLQMNSLKPEDTAVYYCAAGNGGRNYGHSRARYDYWGQGTQVTVSS
seq18138,VKLVESGGGSVQAGGYLRLSCAASGDTNNLNFRGWFRQAPGKEREGVAVITHSGSTYYAESVKGRFTISQDLAKNTMYLQMNSLKPEDTAMYYCAAADVWRISWSFVPELFSYWGQGTQVTVSS
seq18139,EVQLVESGGGSVQAGGSLRLSCAASGDTYGSYWMGWFRQAPGQEREAVAAINRGGGYTVYADSVKGRFTISRDNAKNTLYLQMNSLRPDDTADYYCAASGVLGGLHEDWFNYWGQGTLVTVSS
seq18140,EVQLVESGGGLVQAGGSLRLSCAAPEMGATINVMAWYRQAPGKQRELVARLPLDNNIDYGDFAKGRFTISRDITRNTVYLQMNNLKPDDTAVYYCNVLLSRQINGAHVHWGQGTQVTVSS
seq18141,DVQLLESGGGVVQPGGSLRLSCAASGRIFSLPASGNIFNLLTIAWYRQAPGKGRELVATINSGSRTYYADSVKGRFTISRDNSKKTVYLQMNSLRPEDTALYYCQTSGSGSPNFWGQGTLVKVSS
seq18142,EVQLVESGGGLVQAGGSLRLSCAASGLTFSRYDMGWFRQAPGEERKFVAGINWSGGRTYYADSVKGRFTISRDNAKETVSLQMSGLKPEDTAVYYCAADQPPSTWLVEYFDYWGQGTRVTVSS
seq18143,QVQLQESGPGLVKPSQTLSLTCTVSGITTSFYAWSWIRQPPGKGLEWMGVIGYDGTTYYNPFLKSRTSISRDTSRNQFSLRLTSVTPEDTAVYYCARATIGISSWYEYGMDYWGKGALVTVSS
seq18144,QVQLVESGGGLVQAGGSLRLSCAFSGRTFSKYAMAWFRQAPGKGRDFVARVGPSGRTTDYADSVKGRFTVSRDNAKNTVSLQMSSLKPDDAALYYCAATSGIYGESYNLYNYWGQGTQVTVSS
seq18145,EVQLVESGGGSVQAGGSLRLSCTASGRTFSDYDMGWFRQAPGKERECVAVIDTNGDNTLTVGSVKGRFAISRDNAKNTVYLQMNSLLPEDTAVYTCAAGAWSSLRSTAANYWGQGTQVTVSS
seq18146,EVQLVESGGGLVQAGGSLRLSCAASGFTFDDYVIGWFRQAPGKEREGVSCISSSEGSTYYAESVKGRFTISSDNAKNTVYLQMNSLKPEDTAVYYCAASTWLDFVHGNEYDYRGQGTQVTVSS
seq18147,EVQLVESGGGEVQPGGSLRLSCAASGFTLDDYTIGWFRQAPGKEREGVSCISSSGGSTYYAESVKGRFTISRDNAKNTLYLQMSSLKSEDTAIYYCATYCPVVVGPELGYDYWGQGTLVTVKP
seq18148,EVQLVESGGGSVQAGESLRLSCAASGSIFSSNAMAWYRQAPGKQRDLVAGINSVGITKYADSVKGRFTISRDNAKNTAYLQMNSLKPEDTAVYYCTSDPRRGWDTRYWGQGTQVTVSS
seq18149,QVQLVESGGGLVQPGGSLRLSCAASGSIFSIASMGWYRQAPGKQRDLVATITSDGSTKYADSVKGRFTISRDNAKNTMYLQMNSVKPEDAAVYYCNADADDLEPGSYDYDYWGQGTQVTVSS
seq18150,EVQLVESGGGLVQAGGSLRLSCAASGRTFSSSPVGWFRQAPGKERDFVATISWNGVDTHYLDSVKGRFTISRDNALNTVHLQMHILKPEDTALYYCAASTSGSAYLPYRVHQYDSWGQGTQVTVSS
seq18151,EVQLVESGGGLVQAGGSLRLSCAASGNIFANNIMGWYRQPPGKEREFVAHVSHDGYSMYAVSVEGRFTISRENATNLYLQMNSLKPEDTAIYFCRLLTIPPQGRMEGFWGQGTQVTVSS
seq18152,GSGQAGGSLRLSCHVSGYKYDNYCVGWFRQAPGKEREWVALIERSGGSTIYAESVKGRFAISQDNTKGTVHLQMNNLEPEDTAKYYCAAGSGDCEMIETALDAWGQGTTVTVSS
seq18153,EVQLVESGGGVVQPGGSLRLSCAASGEIFSINFMRWYRQAPGKQREWVAGFTRDGSTNYPDSAKGRFTISRDNAKNTVYLQIDSLKPEDTAVYYCYMLDTWGQGTQVTVSS
seq18154,EVQLVESGGGLVQPGGSLRLSCAASGRTFSRFAMGWFRQAPGKEREFVAAIRWSGGRTVYADSVKGRFTISADNSKNTAYLQMNSLKPEDTAVYYCAIEPGTIRNWRNRVPFARGNFGWGQGTLVTVSS
seq18155,EVQLVESGGGLVQPGGSLRLSCAASGRTYDAMGWFRQAPGKEREFVASVTSGGYTHYADSVKGRFTISADNSKNTAYLQMNSLKPEDTAVYYCAKFGRKIVGATELDYWGQGTLVTVSS
seq18156,DVQLVESGGGLVQPGGSLRLSCVASGPTFSDYAMGWFRQAPGKEREFVAAISWSGGSTYYADSVKGRFTISRDNSKNTVYLQMNSLRPEDTAVYYCTAARGGGYRASGGPLSEYNYWGQGTLVTVSS
seq18157,EVQLVESGGGLVQAGGSLRLSCAASGRPFSMLAMGWFRQVPGKEREFVAAIGISGGRAVYGDSAKGRFTILRDNAKATVYLHMDSLKPEDTAVYYCAGRTAYYVGRRTYSEKDYEYWGQGTLVTVSS
seq18158,EVQLVESGGGLVQPGGSLRLSCAASGFTLDYYTIGWFRQAPGKGREGVSCISSSDGSTNYADSVKGRFTISRDNAKNTVYLQMNSLKPEDTAVYYCATAAWEYYCSGDGRPQKTDEYDYWGQGTQVTVSS
seq18159,VQLQESGGGLVQAGGSLRLSCAASGRDFATYSMAWFRQAPGKERESVATISWSGQRTRYADSVKGRFTISRDNAKNTVYLQMNSLKPEDTAVYYCAAPRTWGEFPPTQYDSWGQGTQVTVSS
seq18160,EVQLVESGGGLVQPGGSLRLSCAASEFTLDHYNIGWFRQAPGKEREWVSCISSSDGSTGYADSVKGRFTISRDKAKNTVYLQMNSLKPEDTAVYYCAAPFSYYSDLCGVNGYDYWGQGTQVTVSS
seq18161,QLQLVESGGGLVQPGGSLRLSCAASGFPLGDYTVGWFRQAPGKEREGVSCISKGSRGLRYGDSVKGRFTVARDNAKSTVTLQMDSLKPEDTAVYSCAAGPAMFNQCHMVDNYFTYWGQGTQVTVSS
seq18162,GLVQPGDSLRLSCATSGRTVSSNAMGWFRQAPGKEREFVAAISWSGGSTYYADSVKGRFTISRDSAKSTVYLQMNSLKPEDTAIYYCSTKDPGRRDGMDYWGKGT
seq18163,EVQLVESGGGLVQPGGSLRLSCAACGFTFDDYGMSWVRQAPGKALEWVSAISWNGNNTYYTESMKGRFTISRDNAKNTLYLQMNSLRPEDTAVYYCVKGSTAIVGVPPTYPDEYDYWGQGTLVTVSS
seq18164,QVQLQESGGGLVQAGGSLRLACAASGRTFINYGMAWFRQSPGKEREFVAAVSISGAGTAYVEPVKDRFTISRDNTKNTLYLQMNTLKPEDTALYYCAAAKAGHWGRDANYDYWGQGTQVTVSS
seq18165,EVQLVESGGGLVQPGGSLTLSCVASGTTSSINAMGWYRRAPGKQRELVAGISSDGSKVYADSVKGRFTISRDNAKNSVYLQMNSLRAEDTAVYYCYYFRTVWGSSMRYWGQGTLVTVSS
seq18166,DVQLQESGGGLVQPGGSLRLSCVISGMDFSHKPAGWFRQAPGKEREFVASITTRASTHYADSVKGRFTISRDNAKNTVYLEMNSLKPEDTAVYYCNSEYYWGQGTQVTVSS
seq18167,QVQLQESGGGLVQAGGSLRLSCAPSGFTFDGYAIGWFRQAPGKEREKVACINKSDGLTYYEDSVKGRFTISSDTAKNTIHLQMNSLKPDDTAVYYCAAAWECDYAPADFGSWGQGTQVTVSS
seq18168,QVQLVESGGGLVQAGGSLRLSCAASGLTLSQYTMGWFRQAPGKERELVAAIHWTSSVTDYADSVKGRFTISRDDARNTGYLQMNSLKFEDTAVYYCAATHYYTHRGSFDYWGQGTQVTVSS
seq18169,QVQLVESGGGLVQPGGSLRLSCAASGFTFSNYAMSWVRQAPGKGLEWVSGIKSGGGRTYYADSVKGRFTISRDNAKNTLTLQLNSLKTEDTAMYYCAKGARYDSDYDVTWLDSYSGQGTQVTVSS
seq18170,QVQLQESGGGLVQAGGSLRLSCAVSGNTLSRYAMGWFRQTPGNEREFVAAIRWNNAATYYADSVEGRFTISRDSGKNTVYLQMNNLKPEDTAVYYCAGRFLGYASSNAYHEALYNYDYWGQGTQVTVSS
seq18171,EVQLVESGGGLVQAGDSLRLSCAASGRSFSRDTMGWFRQAPGKEREFVAAINWSGGSRSYADSVLGRFTISRDNAKNTVYLQMNRLKPEDTSIYYCATDRGGHFSVGYYYPSDDSWDYWGQGTQVTVSS
seq18172,VQLVESGGGLVQPGGSLRLSCAASGEISSDAMAWYRQAPGKQRELVAGMTRGGSTNYADSVKGRFTISRDFAKNTVDLQMNSLKPEDTAVYYCNAEIYTGTFYPRSYWGQGTLVTV
seq18173,QVQLQESGGGLVQPGGSLRLSCAASGFTFSDWAMSWVRQAPGKGLEWVSSIHYGDHTTHYADFVKGRFTISRDDAKNTLYLQMNSLKPEDTAVYYCEKGTTRGQGTQVTVSS
seq18174,VQLVETGGGLVQPGGSLRLSCAGSGFTLDNYAVGWFRQAPGKEREGVSCISSSDDNTDYSDSVKGRFTISRDNAKDTVYLQMNSLKPEDTAIYYCAAESPTFGFSCTVATDPYDYWGQGTQVTVSS
seq18175,QVQLQESGGGWVQAGGSLRFSCAASGSIASINAMGWYRQAPGKQRDLVAVIVNSGSTNYADPVKGRFTISRDSAQRTVYLQMNSLKPDDTGVYYCAADTQYDSRWSQGYPTYWGQGTQVTVSS
seq18176,EVQLVESGGGLVQPGGSLRLSCAASGSIFSINAMGWYRQAPGKQRELVAHITSGGSTNYADSVKGRFTISRDNAKNTVYLQMNSLKPEDTAVYYCNHRGAGAHRVDDYWGQGTQVTVSS
seq18177,QVQLQESGGGLVQAGGSLRLSCAASSRTFSNYAMAWFRQTPGKEREFLAAITGDTAFTIYADSVKGRFTISRDNPKNTLYLQMNSLKAEDTAVYYCAARQWNPTMRERDYGYWGQGTEVTVSS
seq18178,EVQLQESGPGLVKPSQTLSLTCTVSGGSITSRYYAWSWIRQPPGKGLEWIGVIDYDGDTYYSPSLKSRTTISWDTSKNQFSLKLSSVTPADTAVYYCARDPDVVTGFHYDYWGQGTLVTVSS
seq18179,EVQLVESGGGLVQAGGSLRLSCAASGRTFSNYAMGWFRQAPGKEREFVAAITWSGSSTYYADSVKGRFTISRDNAKNTVYLQMNSLKPEDTAVYYCAAAQRGRYYYLDRNVEYDYWGQGTQVTVSS
seq18180,EVQLVESGGGEVQPGGSLRLSCAASGRTQSAVAMGWFRQAPGKDRDFVAAIRWSGGNTYYAESVEGRFTISRDNAKNTVYLQMSSLRAEDTAVYSCAISLNHFGLYDYWGQGTLVTV
seq18181,QVQLQESGGGLVQAGGSLGLSCAASRSIFNFKVMGWYRQAPGKQRELVASITNSDNTYYADSVKGRFTISREDAKTTMYLEMNSLKPEDTAVYRCYGQNWGLRATTYWGQGTQVTVSS
seq18182,VKLQQSGGGLVQPGGSLRLSCAASESTPSINTMGWYRQAPGKERELVATITSGGMTNYADSVKGRFTISRDNGKNTVYLQMNSLEPGDTAVYYCNLKRRDLQARFGGYWGQGTQVTVSS
seq18183,QVQLVETGGLVQPGGSLRLSCTASGFTLGHHRVGWFRQAPGKEREGVACISATGLSSHYSDFVIGRFTVSRDNDNNVVYLQVNGLKPEDTAVYYCASRFSLNSVDANMCLSEPQYDNWGQGTPVRISS
seq18184,QVQLVESGGGLVQAGGSLRLSCAASGFNFNNYVIGWFRQAPGKEREGVSCFTSADNRTYYAGSVEGRFTISSDNTKNTGYLQMNSLKLEDEAVYSCSVRVYRCTGRKCCDPLGMDYWGKGTPVTVSS
seq18185,QVHLVESGGGSVQAGGSLRLSCEVSGYTGDTTYIGWFRQAPGKEREGVALIYTSGTSEYYADSVKGRFIISRDNAKNTVYLQMNSLKPEDTAMYYCGARSRTMMYWGQGTQVTVSS
seq18186,EVQLVESGGGLVQAGGSLRLSCAASGRTLSDYTMGWFRQAPGKEREFVARINTGGPITSYSDSVKGRFTISRDNAKNTVYLQMNSLKPEDTAVYNCAARLPTKMSPRDYSSYAYRGQGTQVTVSS
seq18187,EVQLVESGGGLVQAGGSLRLSCAASGSTFSNYVSNYAMGWGRQAPGTQRELVASISNGDTTNYADSVKGRFTISRDNAKNTVYLQMNSLKPEDTAVYYCFEHQVAGLTWGQGTQVTVSS
seq18188,EVQLVESGGGLVQPGGSLRLSCAASGFTFSNYWMGWFRQAPGKEREFVGGISRSGVSTSYADSVKGRFTISADNSKNTAYLQMNSLKPEDTAVYYCTTLLYYYDSSGYSFDAFDIWGQGTLVTVSS
seq18189,EVQLVESGGGLVQAGGSLRLSCAASGLTFSSYTMAWYRQAPGKEREVVAAISSGDSIYHEDSVQGRFIISRDNAKNTVYLQMNSLKAEDTAVYYCRANGPGTYWGQGTQVTVSS
seq18190,EVQLVESGGGLVQAGGSLSLSCEASGRIFNLNGMGWYRQAQGKQRELVARILSSISTYYTDSVKGRFTISRDNARNTVYLQMDSLKPEDTAVYYCNFGDYWGQGTQVTVSS
seq18191,GGGLVQPGGSLRLSCAASGFAFSSAWMLWVRHSPGTGLEWVSGINTQTGTTYYADSVKGRFTISRDNAKNTLSLQMNSLKLEDTAVYYCAIVVYTLAPDGYDYWGQGTQLTVSS
seq18192,EVQLVESGGGEVQPGGSLRLSCAASERPFGTYAMGWFRQAPGKERDLVAAVSRNGGASQYAESVKGRFTISRDNAKNTMYLQMSSLRAEDTAVYYCAARSAAYSRSSEVYTGKDEYYYWGQGTLVTVKP
seq18193,EVQLVESGGGLVQAGGSLGLSCAASGSIFSINAMAWFRQAPGKEREFVALISWSGGSTYYEDSVKGRFTISRDNAKNTVYLQMNSLKPEDTAIYYCAADRVDSNWYDYWGQGTQVTVSS
seq18194,EVQLVESGGGLVQAGGSLRLSCVVSEGTFSSYSMGWFRQAPGKDREFVSAITWNGTRTYYRDSVKGRFTISRDNAKNTVQLQMNSLKPEDTAVYYCAVSQPLNYYTYYDARRYDYWGQGTQVTVSS
seq18195,QVQLQESGGGLVQAGGSLRLSCAVSGRTFSTYAVGWFRQAPGKEREFVAAISWSGSTYYEDAVKGRFTISRDNAKNTVYLQMNSLKPEDTAVYYCARRGRPGQGSSSYYKNPIEYEYWGQGTQVTVSS
seq18196,EVQLVESGGGLVQAGGSLTLSCEASGTIFSINGQGWFRQAPGKQREPVAFITSGGMTNYADHVKGRFTISRDNAKNTVYLQMNSLKPEDTAVYYCAAEDSPPNYRCSGEWCFDYWGQGTQVTVSS
seq18197,QVQLQESGGGLVVAGGSLRLSCAASGSSVSFLSMAWYRQAPGKKRELVAGISVDGSTNYADSVKGRFTISRDNAKNTVYLQMNSLQPEDTAVYYCYAYRWVGRDTYWGQGTQVTVSS
seq18198,EVQLVESGGGLVQAGGSLRLSCTASGSTFSNYAMGWFRQAPGKEREFVAAISWGGGSTFYSGSVKGRFTISRDSAKNTVHLQMDSLIPEDTAVYYCAAGPIARWYRGDMDYWGKGTLVTVSS
seq18199,VQLVESGGGLVQPGGSLGLSCVVASERSINNYGMGWYRQAPGKQRELVAQISSGGTTNYADSVEGRFTISRDNVKKMVHLQVNSLKPEDTAVYYCNSLLRTFSWGQGTQVTVSS
seq18200,EVQLVESGGGLVQPGGSLRLSCAASGRTFSDYTMGWFRQAPGKEREWVAAINWSGGTTYYADSVKGRFTISADNSKNTAYLQMNSLKPEDTAVYYCATDPPLFWGQGTLVTVSS
seq18201,EVQLVESGGGLVQAGGSLRLSCAASGGTFSVYHMAWFRQAPGKEREFVAAIRSSGGLFYALSVSGRFTISRDNAKDTMYLQMNVLKPEDTAVYYCAASPVYYIDYSSQYKYGYWGQGTQVTVSS
seq18202,LQESGGGLVQAGGSLRLSCAASGGAFSIYTMGWFRQAPGKEREFVAAITRSGGNTDYAESVKGRFTISGDNAKNTVYLQMNRLKPEDTAIYYCAADKTTYWNIPRDEYDYWGQGTQVT
seq18203,QVQLVESGGGSVQAGGSLRLSCAASRDTYDSHCMGWFRQAPGKEREQVAAHNGGRNTYYADSVKGRFTISQDNAKNTMYLQMNSLKPEDTAIYYCAADMSARRVANTGCRYNYWGQGTLVTVSS
seq18204,EVQLQESGPGLVKPSQTLSLTCTVSGGSITTRYYAWSWIRQPPGKGLEWIGVIDYDGDTYYSPSLKSRVSISWDTSKNQFSLQLSSVTAADTAVYYCARDPDVVTGFHYDYWGQGTQVTVSS
seq18205,EVQLVESGGGLVQAGGSLRLSCAASGRTFSTYATGWFRQAPGKEREFVSAMRGSNGLAYYANSVKGRFTISRDNAKNTVYLQMNSLKPEDTAVYYCASSESRCIGDGCYDEPHEYAYWGQGTQVTVSS
seq18206,QVQLQQSGGGLVPGGGSLRLSCAASGVTFSDYPMAWYRTAPGKQRELVASISAGGGLIKYVDSVKGRFTISRDNAKNTLYLQMNSLKPEDTGVYLCNLKTSYFWPWGQGTQVTVSS
seq18207,EVQLVESGGGVVQAGESLRLSCAASGRSFSDYEMGWFRQAPGTEREFVAAISWRGSSTYYADSVKGRFTISRDNAKNTVYLQMSSLKPEDTAVYYCAAGRLYPSSRSRDYDYWGQGTQVTVSS
seq18208,EVQLVESGGGLVQTGGSLRLSCAASGRTFGTYAMAWFRQSPKNEREFVATLRWSDGSTYYADSVKGRFTIAGDNAKNTVYLQMNNLKPEDTAVYYCAADRWFSYTTYDATDTWHYWGQGTQVTVSS
seq18209,EVQLVQSGGGLVQAGGSLRLSCAASGSTFSSLDMGWFRQAPGKERAFVAAISRSGDNIYYAESVKGRFTISRDNAENTTYLQMNSLKPEDSAVYYCAVDSQPTYSGGVYYPRYGMDVWGQGTQVTVSS
seq18210,EVQLVESGGGEVQPGGSLRLSCAASGSTFSMYHMSWFRQAPGKQREPVATSHHGGTTNYAGSVKGRFTISRDNAKNTVYLQMNSLRPEDTAVYYCKADHGYNGRGYWGQGTLVTVKP
seq18211,EVQLVESGGGLVQAGGSLRLSCAASGRTFNNYGMGWFRQAPGKEREFVTSISWSGSYTAYADNVKGRFTISRDNAKNTVYLQMDSLKPGDTAVYYCAAQSRYSSNYYDHDDKYAYWGQGTQVTVSS
seq18212,EVQLVESGGGLVQPGGSLRLSCAASGRTFSEVVMGWFRQAPGKEREFVATIHSSGSTSYADSVKGRFTISADNSKNTAYLQMNSLKPEDTAVYYCVRVTSDYSMDSWGQGTLVTVSS
seq18213,EVQLVESGGGLVQAGGSLRLSCATSGTIFSNNAMGWYRQAPGKKRDLVASISNSGSTNYADSVKGRFTVSRDNDKNTGYLQMNSLKPEDTGVYYCTVDARRGWNTAYWGQGTQVTVSS
seq18214,VQLVETGGGLVQAGGSLRLSCAVSGRTFSSYAMAWFRQAPGKERDFVAAISWSGGAPHYEDSVKGRFTISRDNAKNMVYLQMNSLKPDDTAVYYCAAAKAGYYSGSYYVGGGMYDYWGQGTQVTVSS
seq18215,EVQLVESGGGLVQPGGSLTLSCVASGSTSSINAMGWYRRAPGKQRELVAGISSDGSKIYADSVKGRFTISRDNAKNSVYLQMNSLRAEDTAVYYCYYFRTVSGSSMRYWGQGTLVTVSS
seq18216,QVQLQESGGGLVQAGGSVRLSCVASGRTFSSYAMGWFRQAPGKEREFVAAIERSGGTASHADSVKGRFTISRDNAKNTVYLQMNSLKPEDTAVYSCAASSYWSRSVAEYDYWGQGTQVTVSS
seq18217,EVQLVESGGGLVQPGGSLRLSCVASGLTFSIHDMGWYRQTPGKQQRESVAIITSRGTTSYSDSVEGRFTISRDNSKNTMHLQMDSLKPEDTALYYCRALALNSWGQGTRVTVSS
seq18218,QVQLQESGGGSVQTGGSLRLSCAASTSIYNNNYMAWFSQAPGKGREGVAAVYIEDGRPYYADSVKGRFTISLDSAKNTVYLQMNSLKPEDTAMYYCAAAPGPLSRNYWYTSANYDYWGQGTQVTVSS
seq18219,QVQLQESGGGLVQPGGFLRFSCAASGNIFSINDMGWYRQAPGKQRELVATITSGGSTKYADSVSGRFTISRDNAKNTAFLQMSSLKPEDTAVYYCTAGRTLGFRGPDYWGRGTQVTVSS
seq18220,EVQLVESGGGLVQAGDSLRLSCTTSGRTFSDDTMGWFRQAPRKEREFVAAILWDSIKTYYADSVKGRFTISRDNAKNTVYLQMDSLKPEDTAVYYCAATPTAYGTDWYRNNYHYWGQGTQVTVSS
seq18221,DVQLQESGGGLVQAGGSLRLSCAVSGYPYSSYCMGWFRQAPGKEREGVAAIDSDGRTRYADSVKGRFTISQDNAKNTLYLQMNRMKPEDTAMYYCAARFGPMGCVDLSTLSFGHWGQGTQVTVS
seq18222,EVQLVESGGGLVQAGGSLRLSCAASGGTFSFYGMGWFRQAPGKEQEFVADIRTSAGRTYYADSVKGRFTISRDNAKNTVYLQMNSLKPEDTALYYCAAEMSGISGWDYWGQGTLVTVKS
seq18223,QVQLQESGGGLVQAGGSLRLSCTASGRAFSVYPMAWFRQAPGKEREFIARLTYTSNTFYADSVKGRFTISRDNAKNTVYLQMNSLKPEDTAVYYCAVENRSSSWSLQSPARYDDWGQGTQVTVS
seq18224,QVQLVESGGGLVQPGGSLRLSCAASGFFFSIYDMNWFRQAPGKGLEWVSGITGNGYTTAYADSVKGRFTISRDNAKNTLYLQLNSLKSEDTAMYYCAQGSNRGRGTQVTVSS
seq18225,LQESGGGLVQAGGSLRLSCAASGRTFSSYTMAWFRQAPGKEREFVSIISWSDGNTYYADSVKGRFTISRDNAKNTVYLQMNSLKAEDTAVYYCAADYSGLTTRWGAYDYWGQGTQVT
seq18226,EVQLMESGGGVVQVGGSLRLSCAASGGTLYSYIVGWFSQAPGQDREFVGAIEYSGGITDYKDSVKGRFTISKDNPKNTVFLQMDSLKPEDTAVYYCGLTRVVGARNPGDYAYWGQGTQVTVSS
seq18227,EVQLVESGGGLVQAGGFLRLSCELRGSIFNQYAMAWFRQAPGKEREFVAGMSWSGAVPHYGEFVKGRFTISRDNAKSTVYLQMSSLKPEDTAIYFCARSKSTYISYNSNGYDYWGRGTQVTVSS
seq18228,EVQLVESGGGLVQPGGSLRLSCVASGFTFSSYWMYWVRQAPGKGVEWVSAISPGGVERYTDSVKGRFTISRDNAKNTLYLQMNSLKSEDTAMYYCARLTSFATPESQGTQVTVSS
seq18229,EVQLVESGGGLVQPGGSLRLSCAASGRAFSDYAMAWFRQAPGQEREFVAGIGWSGGDTLYADSVRGRFTISRDNAKNTLYLQMNSLRAEDTAVYYCAARQGQYIYSSMRSDSYDYWGQGTLVTVSS
seq18230,QVKLEESGGGSAQTGGSLRLTCAASGRTSRSYGMGWFRQAPGKEREFVSGISWRGDSTGYADSVKGRFTISRDNAKNTVDLQMNSLDPEDTAQYYCAAAAGSAWYGTLYEYDYWGQGTQVTVSS
seq18231,EVQLVESGGGSLQAGGSLRLSCAASGNIVSIDAAGWFRQAPGKQREPVATILTGGATNYADSVKGRFTISRDNAKNTVYLQMNSLKPEDTAVYYCYAPMIYYGGRYSDYWGQGTQVTVSS
seq18232,EVQLVESGGGLVQAGGSLRLSCAASERTFSNYPVTWFRQAPGKEREFVAAISWSGGSTTYADSVKGRFTISRDNAKKTVYLQMNSLKPEDTAVYSCAAVRHNNWKIADYWGQGTQVTVSS
seq18233,QVQLQESGGGLVQTGGSLRVSCAASGRSISNYNMGWFRQPPGKEREIVGSIRWDGDSTYYADSVKGRFTISRDNTKNTVYLQMNSLKSEDTADYYCAATVSSFDESKNPRWYPYWGQGTQVTVSS
seq18234,LQESGGGLVQPGGSLRLSCAASGSTFTNYAMGWYREAPGKQRELVARISKVGDTDYAGSVKGRFTISRDKSGNTVFLQMNSLKPEDTAVYYCNTFPAIVGPFTSWGQGTQVT
seq18235,QVKLEESGGGLVQTGGSLRLSCAASGFTFYDYAITWFRQAPGKDREFVAGISWSGGTTDYTDSSEGRFTISRDNAKNTVYLQMNRLTPEDTAVYYCAADKAYYIGGYYKDFRVYDYWGQGTQVTVST
seq18236,DVKLVESGGGLVQPGGSLRLSCAVSGTILGLNMMGWYRQAPGKQRELVASIGFGGNIDYANSVKGRFTISRDGDKNMVSLQMNTLRPEDTAIYYCVARWTFGIQRGDYWGQGTQVTVSS
seq18237,EVQLLESGGGEVQPGGSLRLSCAASGSVFSIDAMGWYRQAPGKQRELVAVLSGISSATYAESVKGRFTISRDNAKNTLYLQMSSLRAEDTAVYYCYADVSTGWGRDAHGYWGQGTLVTV
seq18238,EVQLVESGGGLVQAGGSLRLSCVRSGGYFGSYHIGWFRQAPGNEREFVAAITWNGASTSYADSVKGRFTISRSIAENTVYLQMNKVKPEDTAVYYCAARMYGSDWLPRPEDFDSWGQGTQVTVSS
seq18239,EVQLVESGGGLVQAGGSLRLSCVASGRTLSTTGVGWFRQAPGKGRESVATIFVGGTTYYSDSVKGRFTISRDNAKNAVNLQMSNLKPEDTALHYCTIGSYRGQGTQVTVSS
seq18240,DVQLVESGGGSVQAGGSLRLSCEASSYSYCRYDMSWYRRAPGEEREFVSGIDNDGSTTYADSVKGRFTISQDNAKKTVYLQMNSLKPEDTAMYYCKIHPSGPICPYGLDFWGQGTQVTVSS
seq18241,QVQLVESGGGLVQPGGSLRLHCAASGSIASIYRTCWYRQGTGKQRELVAAITSGGNTYYADSVKGRFTISRDNAKNTIDLQMNSLKPEDTAVYYCNADEAGIGGFNDYWGQGTQVTVSS
seq18242,EVQLVESGGGLVQAGGSLRLTCAASGRTFSMGRVGWFRQDPGKEREFVAAISRSGDTTYYDDSVKDRFTTSRDNAKNTIDLRMNSLKPEDTAVYYCAAATFRAVRQDPSYSASYDYWGQGTQVTVSS
seq18243,QVQLEESGGGSVQAGGSLRLSCVVSGNTRSTTYMGWFRQAPGKEREGVAIVYTGGRDTYYAASVKGRFTISQDNAKTTIYLQMNSLEPEDTAMYYCAARSYEYTYWGRGTQVTVSS
seq18244,EVQLVESGGGLVQPGGSLRLSCAASGNIFGENTMNWYRQAPGKQRELVAGITNLQSAYYPDGVKYADSVKGRFTISRDNAKNAVYLQMNSLKPEDTAVYYCNIFEHRFPPATYWGQGTQVTVSS
seq18245,QVQLQESGGGLVQPGDSLRLSCAASGFTMGNYAIGWFRQAPGKEREGIACIGTSAGITNYADSVKGRFTISRDNAKNTVFLRMISLKPEDTAVYYCHQAVVHGPIGLEYDYWGQGTQVTVSS
seq18246,EVQLVESGGGLVQPGGSLRLSCAASGKIFKDTGTMAWFRQAPGKQRELVAAINSGTTNYADSVKGRFTISRDNAKNTVYLQMSSLKPEDTAVYYCNARVSGWRTRYDYWGQGTLVTVSS
seq18247,QVQLVESGGGSVQAGGSLTLSCVASGYGYSATCMGWFRQAPGKEREGVASISPYGVRTFYADSAKGRFTVSRDNAKNTLYLQMNSLKPEDTSVYYCAAGSGVGVCSLSYPYTYWGQGTQVTVSS
seq18248,EVQLVESGGGLVQAGGSLRLSCLFSGRTFSTNGVGWFRQVPGKEREFVSAINWSGSKTNYAEPVKGRFTISRDNAKNTAYLQMNSLKPEDTAVYYCAAYRTSISRYEYAYWGQGTQVTVSS
seq18249,EVQLVESGGGLVQPGGSLKLSCAASGFDFSSHWMYWVRQAPGKELEWLSEINTNGLITKYGDSVHGRFTVSRNNAANKMYLELTRLEPEDTALYYCARNQKGLNKGQGTQVTVSS
seq18250,QVQLQDSGGGLVQTGGSLRLSCAASGLTTKSRTMGWFRQGPGKERELVTRITSSGDTYYADSVKGRFTISRDDAKNTVYLQMNNLRPEDTAVYNCAARTLLSNEYRYWGQGTQVTVSS
seq18251,EVQLVESGGGLVQAGGSLRLSCAASGSIFSGNVMGWYRRQAPGKEREWVAAIASGGSIYYRDSVKGRFTISRDNAKNTVYLQMNSLKPEDTAVYYCNSHPPTLPYWGLGTQVTVSS
seq18252,EVQLVESGGGEVQPGGSLRLSCAASGSTFSSYHMSWFRQAPGKQREPVATSHHGGTTNYAGSVKGRFTISRDNAKNTVYLQMNSLRPEDTAVYYCKADHGYEGRGYWGQGTLVTVKP
seq18253,VQLQESGGGLVQPGGSTRLSCAASGFTLDIYAIGWFRQAPGKEHEGVSWIVGNDGRTYYIDSVKGRFTISRDNAKNTVYLEMNSLKPEDTAVYYCAAKFWPRYYSGRPPVGRDGYDYWGQGTQVTVS
seq18254,EVQLVESGGGLVQPGGSLTLSCVASGTTSSMNAIGWYRRAPGKQRELVAGISSDGSKLYDESVKGRFTISRDNAKNSVYLQMNSLRAEDTAVYYCYYFRTVKGSGGSYWGQGTLVTVSS
seq18255,EVQLVESGGGLVQPGGSLTLSCAASGSSVSFLSMAWYRQAPGKKRELVAGISADGSTAYIDSVKGRFTISRDNAKNSVYLQMNSLRAEDTAVYYCYAYRWTTRRTYWGQGTLVTVSS
seq18256,QVQLVESGGGLVQAGGSLRLSCAASGRTLRSYIVGWFRQAPGKEREFVAAVTWSDGRRVTADPVKGRFTISRDNAKNTVYLQMDSLKPEDAAVYYCAVSRGGAYEYSRAYEYWGQGTLVTVSS
seq18257,EVQLVESGGGLVLAGGSLRLSCVHSGPTFGTDTMGWFRQAPGKEREFVAAVTWNSGRANYADSVKGRFTVSRDNTRNAAYLQMSGLKDEDTAVYYCTAHRFVVGGGCVKDWRYWGQGTQVTVSS
seq18258,EVQLVESGGGLVQAGGFLRLSCELRGSIFNQYAMAWFRQAPGKEREFVAGMSWGAVPHYGEFVKGRFTISRDNAKSTVYLQMSSLKPEDTAIYFCARSKSTYISYNSNGYDYWGRGTQVTVSS
seq18259,EVQLVESGGGLVQPGGSLRLSCAASGVTLDDYAMGWFRQAPGKEREFVAAINRSGSITYYADSVKGRFTISADNSKNTAYLQMNSLKPEDTAVYYCAAYYTDYDEALEETRGSYDWGQGTLVTVSS
seq18260,EVQLVESGGGLVQAGGSTRLTCKASGSISNINSINVMAWYRQAPGKGRELVAIIGKGGGTNYADFVKGRFTISRDAAKNTVYLQMNSLRPEDTAVYYCYADYEDHDSPHNASWGQGTQVTVSS
seq18261,VQLQESGGGLVQAGGSLRLSCAASGSITSINAMGWYRQAPGKQRELVAAITSGGRLSYADSVKGRFTISRDNAESTVALQMNSLKPEDTAVYSCAAFQSSGIDWGQGTQVTVSS
seq18262,EVQLVESGGGVVQAGDSLTLTCTAPVGTISDYGMGWFRQAPGKEREFVASISWGGMWTDYADSVKGRFTISRDNDKNAVYLRMNSLNAEDTAVYYCGRGRMYRGIGNSLAQPKSYGYWGQGTQVTVSS
seq18263,QVQLVESGGDSVQPGGSLRLSCTASGRIFSINAMGWFRQAPGKERQFVAAIAMTGSTSYGDSVKGRFAISRDGAKNTVYLQMNSLKPEDTAVYYCYATVFLSPPDDEDEGLLELWGQGTTVTVSS
seq18264,EVQLVESGGGLVQPGGSLRLSCAAAGGAFNRQLVAWFRQAPGKKREFVATVTTSGGSSYYADSVKGRFTISRDTAKNTVALQMNSLKAEDAAVYYCAARDSFTVAPYYPPESYAYWGQGTQVTVSS
seq18265,EVQLVESGGGLVQPGGSLTLSCVASGSTTMNNAMAWYRRAPGKQRELVAGISSDSSHVYADSVKGRFTISRDNAKNSVYLQMNSLRAEDTAVYYCYYFRTVSGSGVRYWGQGTLVTVSS
seq18266,AVQLVESGGGLVQPGGSLRLSCAASGSISRFNIMGWYRQAPGKQRELVADITNRGTTNYADSVKGRFTISRDNTKNTVYLQMNSLKPDDTAVYYCHTYYPTTGFDDWGQGTQVTVSS
seq18267,EVQLVESGGGLVQAGGSLRLSCAASGQTSSSYDMGWFRQAPGEGREFVARISGSDGSTYYSDRAKDRFTISRDNTKNMVYLQMDRLKPDDTAVYYCRVPRYENQWSSYDYWGQGTQVTVSS
seq18268,EVQLVESGGGLVQAGGSLRLSCVASGLVSSYYGMGWFRQAPGKEREFVASVNWSGKDTYYGDSVKGRFAVSRDSGKNTGFLQMNSLKSEDTAVYYCARRRGGGTGTGNPSEYDYWGQGTQVTVSS
seq18269,DVQLVESGGGVVQAGGSLRLSCAASGLTFSSYAMGWFRQAPGKERERVVSISRGGGYTYYADSVKGRFTISRDNAENTVYLQMNSLKPEDTATYYCAAARYWATGSEYEFDYWGQGTLVTVSS
seq18270,QVQLQEFGGGLVQAGGSLRLSCAASGRTFNSYAWGWFRQAPGKERGFVARISFSGGHTYYSDSVKGRFTISRDNAKNSVYLQMNSLKPEDTAVYYCAADPTPYGLRNERNYHYWGQGTQVTVSS
seq18271,QVQLQDSGGGLVQAGGSLRLSCEASGRTFSSYAMGWFRQPPGKEREWVSTISRSGSAIYAYPVKGRFTMSRDNAKNTVYLEMNSLKPEDTAVFYCAAARSGVPSSRPTDYDYWGQGTQVTVSS
seq18272,EVQLVESGGGLVQAGGSLRLSCVVSGIPSSIRAMAWYRQAPGRQRDWVATIYSPSGSAVYADSVKGRFTISSDNAKSTIYLQMNSLKPDDTAVYYCRDVNREYWGQGTQVTVSS
seq18273,GGSVQAGGSLTLSCTASGHTWNSYVMGWFRQTPGKEREGVAVISIGFGSTFYADSVKGRFTIREQRGMNTVHLQMNNLKPEDTGMYYCAAVYNQLWLVQLRATEYTHWGQGIQVPISS
seq18274,QVQLQESGGGLVQAGGSLTLSCTYSGLTFDDYNMGWFRQGPGKERERVSAISFRGITYYVDSVKGRFTISRDNAKKTLYLQMNGLTPDDTATYYCAGSRFLSPFVRDGDTKLINDWGQGTQVTVSS
seq18275,QVQLQAFGGGLVQAGGSLRLSCAASGRTFSSYAWGWFRQAPGKEREFVARISFSGGHTYYSDSVKGRFTISRDNAKNTVYLQMNSLKPEDTAVYYCAADPTPYGLRNERNYPYWGQGTQVTVSS
seq18276,QVQLVESGGGLVQAGGSLRLSCAASGRSFSTYRMGWFRQAPGKAREFVATITASGSWTYYSDSVKGRSTISRDNAKNTVYLQMNSLKPGDTAVYYCAAAEILTAITTSSDYDYWGQGTQVTVSS
seq18277,EVQLVESGGGLVQPGGSLRLSCAVSISIFDIYAMDWYRQAPGKQRDLVATSFRDGSTNYADSVKGRFTISRDNAKNTLYLQMNSLKPEDTAVYLCHVSLYRDPLGVAGGFGVYWGKGALVTVSS
seq18278,EVQLVESGGGLVQPGGSLRLSCAASGRTFSSYAMGWFRQAPGKEREFVAAISWSGGSTYYADSVKGRFTISRDNSKNTVYLQMNSLRPEDTAVYYCTAALAVYGPSRYRYGPVGEYQYWGQGTLVTVSS
seq18279,QVQLQQSGGGLVQPGGSLRLSCAASRSGFSFNPMGWYRQAPGKQRELVATITSGGTTNYADSVKGRFTISTDNAKTTVFLQMNSLKPEDTAVYYCNGRGPRRGTAGWFTDDYWGQGTQVTVSS
seq18280,QVQLQESGGGLVQAGGSLRLSCAASGSGRRVGYMAWYRQTPGKQRELVATISRAGATNYADSVKDRFTISRDNAKNTVYLQMNSLKPDDTAVYYCFASIFDAGTYWGQGTQVTVSS
seq18281,QVQLQESGGGLVQAGGSLRLSCAASGRTYGGYGMGWFRQVPGKERELVAAIRWSGTSTYYADSVKGRFTISRDNVKNMVYLQMNNLTAEDTAVYHCAARTVRVVDISSPVGFAYWGQGTQVTVSS
seq18282,VQLQESGGGLVQAGGSLRLSCAASGRTFSTYSMGWFRQAPGKEREFVAIISWSGQRTRYADSVKGRFTISRDNAKNTVYLQMNSLKPEDTAVYYCAAPRTWGEFPPTQYDSWGQGTQVTVSS
seq18283,QVQLQESGGGLVQAGGSLRLSCAPSGRTSSIFGMGWFRQAPGKEREFVASINWSGGSTSYADSVKGRFTISRDNAKNEMYLQMNSLKFEDTAVYVCAAAVLTNKPSWNFWGQGTQVTVSS
seq18284,QVQLQQFGGDLVQAGGFLTFSCAASGFTFDDYAICWFRQAPGKEREGVSYITRTGMTATTADVGGRFAISIDNTKNTVYLQMHSLKPEDTAVYYCAAARSGLVWSDPNMYDYWGQGTQVTVSS
seq18285,EVQLVESGGGLVQPGGSLRLSCAASGRTFSSYHMGWFRQAPGKERELVALISRVGVTSYADSVKGRFTISADNSKNTAYLQMNSLKPEDTAVYYCAAVRTYGSATYDWGQGTLVTVSS
seq18286,QVKLEESGGGLVQAGRSLRLSCAASEHTFSSHVMGWFRQAPGKERESVAVIGWRDISTSYADSVKGRFTISRDNAKKTLYLQMNSLKPEDTAVYYCAARRIDAADFDSWGQGTQVTVSS
seq18287,EVQLVESGGALVQPGGSLRLSCAASGSIVSIDFMGWYRQAPGKQREVVTFITSGGSPNYVDSVEGRFTISRDNAKNTMYLQMNSLKPEDTAVYYCYMQSGTAGSWGQGTQVTVSS
seq18288,EVQLVESGGGLVQAGGSLRLSCAASGGTFSFYGMGWFRQAPGKEQEFVADIRTSAGRTYYADSVKGRFTISRDNAKNTVYLQMNSLKPEDTALYYCAAEMSGISGWDYWGQGTLVQVSS
seq18289,EVQLVESGGRLVQAGESLRLSCAASGSIFSIDAMGWYRQAPGKQRELVAEISDHTTYGDSVKGRFTISRGNAENTVALQMNSLKPEDTGVYYCNVHHQRGWGTPITVTWGQGTQVTVSS
seq18290,EVQLVESGGGLVQPGGSLKLSCAASGFIFDDYAMSWVRQAPGKGLEWVSAINWSGSHRNYADSVKGRFTISRDNAKKTVYLQMNSLQSEDTAVYYCGTGWQSTTKSQGYWGQGTQVTVSS
seq18291,EVQLVESGGGLVQPGGSLRLSCAASGIPFRSRTFSAYAMGWFRQAPGKEREFVAQITRGGSTNYADSVKGRFTISADNSKNTAYLQMNSLKPEDTAVYYCARRHWFGFDYWGQGTLVTVSS
seq18292,EVQLVESGGGLVQPGGSLRLSCAASGRTFSMHAMGWFRQAPGKERELVASITYGGNINYADSVKGRFTISADNSKNTAYLQMNSLKPEDTAVYYCAKEGYYDSTGYRTYFQQWGQGTLVTVSS
seq18293,EVQLVESGGGLVQPGRSLTLSCAASTNQFSISPMGWYRQAPGKQRELVAAIHGKSTLYADSVKGRFTISRDNAKNSIYLQMNSLRPEDTALYYCNKVPWGDYHPRNVVWGQGTQVTVSS
seq18294,QVQLVESGGGLVQPGGSLRLSCAASGNIFSINTMGWYRQAPGKQLELVAAITSGGTTSYTDSVEGRFTISRDNAKNAVYLQMNSLKAEDTAVYYCNTVKVVGGRLDNPDYWGQGTQVTVSS
seq18295,QVQLQESGGGLVRAGGSLRLSCAASGSIFVGNAMGWYRQALGNQRELVAGITSDGTTYYPDSVKGRFTISRDNDKNTIYLQMNSLKPEDTAVYYCNLWPPRIGFASWGQGTQVTVSS
seq18296,QVKLEESGGGLVQAGGSLRLSCAASGRTIDNYAMAWSRQAPGKDREFVATIDWGDGGARYANSVKGRFTISRDNAKGTMYLQMNNLEPEDTAVYSCAMARQSRVNLDVARYDYWGQGTQVTVSS
seq18297,DVQLVESGGGVVQPGGSLRLSCTASGFTFSTADMGWFRQAPGKGREFVARISGIDGTTYYADSVKGRFTISRDNSKNTVYLQMNSLRPEDTALYYCRSPRYADQWSAYDYWGQGTLVTVSS
seq18298,EVQLVESGGGLVQPGGSLRLSCAASGSIDRIGTMGWYRQVPGKQHELVARITNSAITDYADSVKGRFTISRDNAKNTVDLQMNNLKPEDTAVYSCNADIRSRGGLMYNEYWGQGTQVTVSS
seq18299,VQLQESGGGSVQAGGSLRLSCAVQRNISSSYCMAWFRQAPGKQRERVDKILTTPGNTYLADSVKGRFTISQNNAKSTVYLQMNSLKPEDTAMYYCAADSFQKPTCTVVASWPAFQYWGQGTQVTVSS
seq18300,VQLVESGGGLVQTGGSLRLSCAASGRTSSTYAMGWFRQAPGKEREFVGGVNWSGRVLTYGDFVKGRFTISRDNAKNMVYLQMNSLKFEDTAVYYCAADYRTFGPGMNEYWGQGTQVTVSS
seq18301,QVQLQESGGGLVQPGGSLRLSCAASGFTLDYYAIGWFRQAPGKEREGVSCISSSDGSSDGYTYYADSVKGRFTISRDNAKNTVYLQMNSLKPEDMAVYYCAARHYGLCVVDPDYYGKGYWGKGTPVTVSS
seq18302,VQLVESGGGVVQPGRSLRLSCAASGRTITTITMGWFRQAPGKGREFVASHSWTDNNPYYADSVKGRFTISRDNAKNTLYLQMNSLRPEDTAVYYCAATARRSFVGRQWYTEARQYDYWGQGTLVTV
seq18303,EVQLVESGGGLVQAGGSLSLSCTASGGTFRNYGMGWFRQAQGKEREFVAAISRSAGRTYYSDSAKGRFTISKNNAKNIMSLQMNSLKPEDTAVYYCAARFRFDDGTYYYQRAFYDFWGQGTLVTVSS
seq18304,QVQLVESGGGSVQAGGSLRLSCTASGGSEAHVMHKVAPRPSLGWFRQAPGQEREAVAAIASMGGLTYYADSVKGRFTISRDNAKNTVTLQMNNLKPEDTAIYYCAAVRGHLGHGLHRVHFRYWGQGTQVTVS
seq18305,EVQLVESGGGLVQPGGSLRLSCAASGFTFSPSWMGWFRQAPGKEREFVATINEYGGRNYADSVKGRFTISADNSKNTAYLQMNSLKPEDTAVYYCARVDRDFDYWGQGTLVTVSS
seq18306,EVQLVESGGGLVQAGGSLRLSCVVSGTITSAVFMGWYRQLPGKQRELVASINRGGSTNYAPSAKGRFTISRVNANSTMYLQMNSLQPEDTAVYYCYGVINTRSFWGQGTQVTVSS
seq18307,EVQLVESGGGLVQPGGSLRLSCAASGSVHKINFLGWYRQAPGKERELVATITIGDTTDYADYAKGRFTISRDEARNMVYLQMNSLKPEDTAVYFCRAGSRLYPYNYWGQGTLVTVSS
seq18308,KVQLVESGGGSVQAGESLRLSCAASGSIFSSNAMAWYRQAFGKQRDLVALINSVGITKYADSVKGRFTISRDNAKNTVYLQMNSLKPEDTAVYYCTSDPRRGWDTRYWGQGTQVTVSS
seq18309,EVQLVESGGGLVQAGGSLRLSCAASTSIYSITVMAWFRQAPGKESEFVAAITWSAPSSYYADSVKGRFTISRDNAKNTVYLQMNSLKPEDSAIYYCAADRFKGRSIVTRSDYKYWGQGTQVTVSS
seq18310,EVQLVESGGGLVQPGGSLRLSCAAAGGTFRNYVMGWFRQAPGKGREFVTAISTGGSWTGYVDSVKDRFTISRDNTKNTLYLQMASLRPEDTAVYYCAATTPATTYLPRSERQYDYWGQGTLVTVSS
seq18311,EVQLVESGGGLVQPGGSLRLSCAASGRIFSDYAMGWFRQAPGKEREFVATINGDGDSTNYADSVKGRFTISADNSKNTAYLQMNSLKPEDTAVYYCAANTYCNYTYDSWGQGTLVTVSS
seq18312,EVQLVESGGGLVQPGGSLTLSCAASGSRVSFLSMAWYRQAPGKKRELVAGISADGSTSYIDSVKGRFTISRDNAKNSVYLQMNSLRAEDTAVYYCYAYRWTTRYTYWGQGTLVTVSS
seq18313,QVQLQQSGGGLVQAGGSLRLSCSASGRTLTAYGMAWFRQSPGKEREFVAAVSLSGASTAYVEPVKDRFTISRDNTQNTVYLQMNSLKPEDTALYYCAAAKAGQWGRDAKYDYWGQGTQVTVSS
seq18314,EVQLVESGGGLVQAGGSLRLSCAASGFTFSGNWMGWFRQAPGKEREWVSGISSGGGRTYYADSVKGRFTISADNAKNTVYLQMNSLKPEDTAVYYCAADVWYGSTWRNWGQGTQVTVSS
seq18315,EVQLVESGGGLVQPGGSLKLSCAASGAVHKINFLGWYRQTPEKEREMVATITIGDDVDYADSAKGRFTISRDEAKNMVYLQMTSLKPEDTAVYVCRAGSRLYPYNYWGQGTLVTVSS
seq18316,QVQLQESGGGLVQPGESLRLSCAASASIFWVNDMGWYRQAPGKQRELVAQITRRGSTNYADSVKGRFTISRDNAKDEVYLQMNSLKPEDTAVYYCNADLAVRGRYWGQGTQVTVSS
seq18317,LQQSGGGSVQAGGSLRLSCAASGRTASNWAIHWFRQAPGKEREFLAAISSSGGYTYYADSVKGRFTISRDNTKSTVYLQMNSLKPEDTAVYYCAADSVNRAIMLGTSLDYWGQGTQVT
seq18318,LQESGGSLVQPGGSLRLSCVASGSSVSINHMGWYRQAPGKERELVAAITSDGESAYEDSVKGRFAISRDNLKNMVYLQMNTLKAEDTAMYYCNYLRATSAGWELRFGSWGQGTQVT
seq18319,EVQLVESGGGLVQPGGSLRLSCAASGLTLSTYGMGWFRQAPGKEREFVAHIPRSTYSPYYADSVKGRFTISADNSKNTAYLQMNSLKPEDTAVYYCAAIGDGAVWGQGTLVTVSS
seq18320,QVQLQETGGGLVQAGGSLRLSCAASGRTSDVYAMGWFRQVPGKEREFVATINRSGSDSYYADSVKGRFTISRDNAKNTVYLQMNSLKPEETAVYYCAASRSDCIGYGCRRVSQDYWGQGTQVTVSS
seq18321,QVQLQESGGGWVQPGGSLRLSCAATGSIVSINAIGWYRQAPGKQRELVASITNQGIRNYSTSVMGRFTISRDDVKNTVSLQMNSLKPEDSAVYYCKGFAGWGKEDYWGQGTQVTVSS
seq18322,QVQLQESGGGLVQAGGSLRLSCAASASIISIRVMGWYRQAPGKQRELVATMSRGGTINYADSVRGRFTISRDNAKSTVFLEMNSLKPEDTAVYYCTALLDSYYWGQGTQVTVSS
seq18323,VQLQESGGGLVQAGGSLRLSCAASGRTLSSYTIGWYRQAPGKQRELVAAITNQGRRTYADSVKGRFTISRDNAKNTVYLQMDSLKSEDTAVYYCKGFSPTDDFWGQGTQVTVSS
seq18324,EVQLVESGGGLVQTGGSLRLSCAASGRTFSGSRMGWFRQAPGKEREFVAAIRWSGGITWYAESVKSRFTISRDNTKNTIDLQINSLKPEDTAVYYCAADVIYKNIGSGSFDYWGQGTQVTVSS
seq18325,QVQLQESGGGLVQAGDSLRLSCAASGRTYGGYGMGWFRQIPGKERELVAAIRWSGRNTYYADSVKGRFTISRDNVKDMLYLQMNNLTAEDTAVYTCAVRTVRVVDISSPVGFAYWGQGTQVTVSS
seq18326,EVQLLESGGGLVQPGGSLRLSCAASGRIFSLPASGNIFNLLTIAWYRQAPGKGRELVATINSGSRTYYADSVKGRFTISRDNSKKTVYLQMNSLRPEDTAVYYCQTSGSGSPNFWGQGTLVKVSS
seq18327,DVQLVESGGGVVQPGGSLRLSCAASGRTVSSYAMGWFRQAPGKEREFVAGISRSAERTYYVDSLKGRFTISRDNSKNTVYLQMNSLRPEDTALYYCAADLDPNRIFSREEYAYWGQGTLVTVSS
seq18328,EVQLVESGGGLVQPGGSLRLSCAASGFTFDRSWMGWFRQAPGKEREFVAGITSSGIPNYADSVKGRFTISADNSKNTAYLQMNSLKPEDTAVYYCAADVWYGSTWRNWGQGTLVTVSS
seq18329,VQLQESGGGSVQAGGSLRLSCAASGNISSRRCMAWFRQAPGKERERVANILTTTGNTYLADSVKGRFTISQNNAKSTVYLQMNSLKPEDTAMYYCAADSFHDPTCTVVASSGAFQYWGQGTQVTVSS
seq18330,EVQLVESGGGLVQAGGSLRLSCAISGFTLVDYAIGWFRQAPGKEREGVSSIRDNDGSTYYADSVKGRFIISSDNDKNTVYLQMNSLKPEDTAVYYCAAVPAGRLRFGEQWYPIYEYDAWGQGTLVTVSS
seq18331,EVQLVESGGGLVQPGGSLRLSCAASGRHFSDYAMAWFRQAPGQEREFVAGIGWSGGDTHYADSVRGRFTISRDNSKNTLYLQMNSLRAEDTAVYYCAARQGQHIYSSMRSDSYDYWGQGTLVTVSS
seq18332,SGGGSVQAGGSLRLSCTAANYAFDSKTVGWFRQVPGKEREGVAGISGGSTTAYSDSVKGRYTVSLENAKNTVYLLIDNLQPEDTAIYYCAGVSGWRGRQWLLLAETYRFWGQGTQVT
seq18333,EVQLVESGGGLVQPGGSLRLSCAASASIFNIGAMDWYQQAPGKQRELVASITSFGTTSYADSVKGRFTISRDNAVKTVYLQMNSLKAEDTAVYYCHAGSSRQSHRGSYPRKTDYWGQGTQVTVSS
seq18334,QVQLQESGGGLVQAGGSLRLSCAASDRYFSSHTMAWFRQAPGKEREFVARVDWSGGSTEYADSVKGRFTISKDNAKNTVYLQMDSLKPEDAAVYYCAAGPYWGQGTQVTVSS
seq18335,VKLVDSGGGLVQAGGSLRLSCTDSGRTFSKKPMGWFRQAPGMEREFVAAASYTGVSTFYADSVKDRFTIFRDKDKNTMDLQINSLKPEDTGAYYCAGTTRTLWGSKWRDVLEYEYWGQGTQVTVSS
seq18336,QVQLQESGGGLVQAGGFLRFSCVASGSSFSIYAVGWYRRAPGKQRELVATITSSDETNYADSVKGRFTISRDNAKNTVYLQMNSLKPEDTAVYYCAARWDLAPIRDEYDYWGQGTQVTVSS
seq18337,EVQLVESGGGLVQAGGSLRLSCAASGRTFGSSPVGWFRQAPGKERDFVATISWNGVDTHYLDSVKGRFTISRDNAKNTVHLQMHILKPEDTALYYCAASTSGSVYLPYRVYQYDSWGQGTQVTVSS
seq18338,QVQLQESGGGLVEAEGSLRLSCAASGRAFGSYAMGWFRQAPGLERELVAAISSGGTTYYADSVKGRFTISRDNARNTVYLQTNSLKPEDTAVYYCAARTGGAAYTRRIDWPYWGQGTQVTVSS
seq18339,EVQLVESGGGLVQAGGSLRLSCAASGRTFSSYAMGWFRQAPGKEREFVAAIWWSGGSTYYADSVKGRFTMSRDNAKNTVYLEMNNLKPEDTAVYYCAADTDSSNSGSYLYTWAYDYWGQGTQVTVSS
seq18340,EVQLVESGGELVQAGGSLRLSCAASGSIVSISAMAWYRQAPGKQRERVATITRGGTPDYADSAKDRFTISRDNAKNTVSLQMNNLKPEDTAVYYCKAALRTPTHDYNYYDYWGQGTQVTVSS
seq18341,QVQLQESGGGLVQAGGSLRLSCAASGRIFSNSAMGWFRQVLGKEREFVAAISENSSILYYTASVKGRFTISRDNDKNTVYLQMTSLKAEDTAVYYCAGYGSTTIRTTTRPTKWGQGTQVTVSS
seq18342,QVQLQESGPGLVKPSQTLSLTCTVSGGSITSRYYAWSWIRQPPGKGLEWIGVIDYDGDTYYSPSLKSRTSISWDTSKNQFSLQLSSVTAEDTAVYYCARDPDVVTGFHYDYWGQGTLVTVSS
seq18343,EVQLVESGGGLVQAGGSLRLSCAASGRTFSSLAMGWFRQAPGKDREFVVVVSGSGGTTKYADSVKGRFTISRDNNKNAVYLQMNSLKPEDTAVYYCAADPSRYFITTDRRGYDYWGQGTQVTVSS
seq18344,QVQLQESGGGLVQTGGSLRLSCAASQSTFNFDVMGWYRLAPGKQREFLTSITNGGNIYYADSVKGRFTTARDDSKTTMYLEMNSLKPEDTAVYTCYGQTHKPRVTTSWGQGTQVTVSS
seq18345,EVQLVESGGGLVQAGGSLRLSCAASGPTTFGRYTMGWFRQAPGREREFVAAISWIGGRTYYVDVVKGRFTISRDNAKKMVYLQMNSLKPDDTAVYHCAAAFQALGSPREYDYWGQGTQVTVSS
seq18346,DVQLEASGGGLVQAGGSLRLSCAASGRSFSGSTMEWYRQAPGKERKFVAAIRTGSSRTYYVDSVKGRFTISRDSTKNTVYLQLNSLKGEDTAVYYCAARFSGTIGTTSSVDYWGQGTQVTV
seq18347,EVQLVESGGGLVQPGGSLRLSCVASGIRFMSMAWYRQAPGKHRELVARISSGGTTAYVDSVKGRFTISRDNSKNTVYLQMNSLKAEDTAVYYCNTFSSRPNPWGAGTQVTVSS
seq18348,QVQLQDSGGGLVQSGESLRLTCAASGNVFNIGTMAWYRQAPGKQRELVASITSGGNTGYADSVKGRFTISRDNAKNTVYLQMDSLKPQDTAVYYCNAETGWGPTYGDDEYWGQGTQVTVST
seq18349,EVQLVESGGGLVQAGDSLRLSCVASGRTFVTYGMGWFRQAPGKEREFVAAISWSGSMTSYGDSVKGRFAISRDNAKNTVYLQMNSLKPEDTAVYYCAAALGAVVYTTREPYTYWGRGTQVTVSS
seq18350,QVHLMESGGGSVQAGGSLRLSCTASGQTSRYLYMGWFRQTPGKEREGVACIYTGSGSTGYADSVKGRFTISQDNAKNTVYLQTNSLKPEDTAMYYCAASSPHWGGTCRRWSEYKYWGQGTQVTVSS
seq18351,EVQLVESGGGLVQPGGSLRLSCAASGSIVGINAMGWYRQAPGKQRELVATIGNGGNTNYADSAKGRFSISRHNAKNSVYLQMNSLKPEDTAVYFCNLKQPENHAITNYWGQGTQVTVSS
seq18352,VQLQESGGGLVQAGGSLRLSCAASGSTFSITYMAWFRQAPEKQRELVAEMSRRGSTFYADSVKGRFTISRDNTKNTVYLQMNSLEPEDTAVYYCSVGARRDEDDYVYWGQGTQVTVSS
seq18353,EVQLVESGGGLVQPGGSLRLSCAASGDVHKINILGWYRQAPAKEREMVAHITIGDATDYADSAKGRFTISRDEAKNMVYLQMNSLKPEDTAAYFCRAYSRIYPYNYWGQGTLVTVSS
seq18354,EVQLVESGGGLVQAGDSLRLSCAASGRTLANYGMGWFRQAPGKEREFVAGVNWSGSSTYYLDSVKGRFTISRDNAKNTVYLQMNSLKPEDTAVYYCAAAEGSTWYLQPNLYNLWGQGTQVTVSS
seq18355,QVQLQQSGGSLVQAGGSLRLSCAASGLPFINYAMGWFRQAPGKDREIVAAIDWNGDSTYYAVSVKGRFTISRDNAKNTVTLQMNSLKPEDTAIYYCAADYQPYIRVSATRRFEADYWGQGTQVTVSS
seq18356,QVQLQESGGGLVQPGGSLRLSCAASGFPLSVYGIGWFRLAPGKEREGVSCSSVHDGSTYYAESVKGRFTISRDNAKNTLYLQMNSLNSEDTAVYYCATTDCDASSWGTWTNYRGQGTQVTVSS
seq18357,QVQLVESGGELVQAGGSLRLSCVVSGRTFRTRTMGWFRQAPGKEREYVAHISANGPITDYSDSVKGRFAISRDNAKNTVNLQMNSLKPEDTAVYYCALHNGIGVRTVPSQYDSWGQGTQVTVSS
seq18358,EVQLVESGGGLVQPGRSLTLSCAASTNIFSISPMGWYRQAPGKQRELVAAIHGDSTLYADSVKGRFTISRDNAKNSIYLQMNSLRPEDTALYYCNKVPWGKYHPRNVYWGQGTQVTVSS
seq18359,EVQLVESGGGEVQPGGSLRLSCAASGSIFSINAMGWYRQAPGKQRELVAGFTGDGSTKYAESVKGRFTISRDNAKNTVYLQMSSLRAEDTAVYYCAADVQLLNTDYEFYWGQGTLVTVKP
seq18360,DVQLQESGGGSVQAGGSLRLSCAASGYTTSRLCMAWFRQFPGKEREGVANVRLGGYKPAYADSVKGRFTLSEDSAKNTVYLEMNSLQPEDTAMYYCAADPGGGGSCPVALVRGDFDYWGQGTQVTVS
seq18361,QVKLEESGGGLVQAGGSLRLSCTDSGRTFSKKPMGWFRQAPGMEREFVAAASYTGVSTFYADSVKDRFTIFRDKDKNTMDLQINSLKPEDTGAYYCAGTTRTLWGSKWRDVLEYEYWGQGTQVTVSS
seq18362,EVQLVESGGGLVQAGGSLKLSCAASRRISGIYAMGWYRQTPGKERELVAAITTSDHTNYADFVKGRFTISRDKVNNTVYLEMNTLKPEDTAVYYCKQSAWGRNDYWGQGTRVTVSS
seq18363,QVHLMESGGGSVQAGGSLRLSCEASGYTYSRNCMGWFRQAPGKEREGVAAINTGGGSTYYADSLEGRFTISQDNAKNTMYLQMNSLKPEDTAMYYCAAGPDLGGSWCRPVERAFTYWGQGTQVTVSS
seq18364,EVQLVESGGGLVQAGGSLRLSCTASGSAFKSYRMGWFRRTPGKEDEFVASISWTYGSTFYADSVKGRFTMSRDKAKNAGYLQMNSLKPEDTALYYCAAGAQSDRYNIRSYDYWGQGTQVTVSS
seq18365,RLSCAASGSIFSINAMGWYRQAPGKQRELVAAITSGGSTNYADSVKGRFTISRDNAKNTVYLQMNSLKPEDTAVYYCNADTSPPRYFDWLPFDYWGQGTLVTVSS
seq18366,EVQLVESGGGLVQPGGSLRLSCAASGRTFSNAAMGWFRQAPGKEREFVARILWTGASRSYADSVKGRFTISADNSKNTAYLQMNSLKPEDTAVYYCATTENPNPRWGQGTLVTVSS
seq18367,QVKLEESGGGLVQAGGSLRLSCAASERTFSRYPVAWFRQAPGAEREFVAVISSTGTSTYYADSVKGRFTISRDNAKVTVYLQMNNLKREDTAVYFCAVNSKRRRLQDPNEYDYWGQGTQVTVSS
seq18368,EVQLVESGGGLVQPGGSLRLSCAASGSTFGDSDMGWYRQAPGKGCELVSIISSDGRTYYVDSVKGRFTISQDNAKNTVYLQMNSLRPEDTAVYYCAADLRQYCRDGRCCGYWGQGTLVTVSS
seq18369,EVQLVESGGGLVQAGGSLRLSCESSISTFSSDAMGWFRQAPGKGREWLAAIGWSGAVTHYSDSVKGRFTISRDNAKNTVYLQMNSLRAEDTGRYYCAEDYDTDVWQYWGQGTQVTVSS
seq18370,EVQLVESGGGLVQPGGSLTLSCAASESSVSFLSSAWYRQAPGKKRELVAGISTDGSTVYIDSVKGRFTISRDNAKNSVYLQMNSLRAEDTAVYYCYAYSWTTRSRYWGQGTLVTVSS
seq18371,EVQLVESGGGLVQAGGSLNLSCVASGIPFSTRTMAWYRQAPGKPRDWVATIRNGAPVYADSVKGRFTVSRDNAKNTLYLQMNSLKPEDTATYLCRDVNGDIWGQGTQVTVSS
seq18372,EVQLVESGGGLVQRGDSRRLSCAASGRPFSSFAMGWFRQAPGKEREFVAGISRSAGNTDYSDSVKGRFTISRDNAKNTVYLELNNLTPEDTAVYYCAAQIAIGTGSVFQSNTQYMYWGQGIQVTVSS
seq18373,QVQLQESGGGLVQAGGSLRLSCAASGRTFNRYAMGWFRQPPGKEREFVAGITWTTGSTTYADSVKARFTVSKDNAMNTGYLQMNSLKPEDTAVYYCAASRGINSVHWYEYQDYNNWGQGTQVTVSS
seq18374,QVQLQESGGGLVQAGGSLRLSCAASRSTFRFNVMGWYRQAPGKQRELVAAISSRGGSTNYADSVQGRFTISRDNAKNTVSLQMNSLKPEDTAVYYCNVRSFVRTYWGQGTQVTVSS
seq18375,QVQLVESGGGLVQAGGSLRLSCAASGRSFSSYNMVWLRQAPGKEREVVAAVTWSGGGTSYADSVKGRFTISRDNANVRVYLQMTGLKPEDTAIYYCAATQDWYGGSRAFRAASFHSWGQGTLVTVSS
seq18376,QVQLVESGGGSVQAGGSLRLSCVASGYTYSRKCRGWFRQAPGKEREGVATLYTSSGGTYFDTYADSVRGRFTISQDNAKNTVYLQMNNLKPEDSGIYYCAARLSTDFCGPRADFDYWGQGTQVTVSS
seq18377,EVQLVESGGGLVQAGDSLRLSCVATGRTFRASDMGWFRQAPGKEREFVAAINWSGLSTFYTDSVKGRFTISRDNDNGALYLQMNTLKPEDTAVYSCAAGRIPSSSRFSSPAAYASWGQGTQVTVSS
seq18378,QVQLQQSGGGLVQAGGSLRLSCAASGSTFSEYHMVWYRQAPGKRRELVAIISSSGSTSYADSVKGRFTISRDNAKNTVYLQMNSLKPEDTAVYYCNTDEPTYNIDYDYWGQGTQVTVSS
seq18379,QVQLQESGGGLVQAGGSLRLSCAASGSIAYIYTMDWYRQAPGKQRELVATFTRDGNTDYADSVKGRFTISRDNAKNTVYLQMNSLKPEDTAVYYCNTDLRTAVDLIRANYWGQGTQVTVSS
seq18380,QVQLVESGGGLVQAGGSLTLSCAASGSTSRSYALGWFRQAPGKEREFVAHVGQTAEFAQGRFTISRDFAKNTVSLQMNDLKSDDTAIYYCVASNRGWSPSRVSYWGQGTQVTVSS
seq18381,EVQLVESGGGLVQPGGSLRLSCAASGFTFDDYGMSWVRQAPGKALEWVSAISWNGNNTYYTESMKGRFTISRDNAKNTLYLQMNSLRPEDTAVYYCCKGSTAIVGVPPTYPDEYDYWGQGTLVTVSS
seq18382,DVQLVESGGGSVHAGGSLRLSCAVSGYTGSCIAWFRQAPGKEREGVATINSSGGSRYSADSVKGRFTLSQDNAKNTVYLHMNSLKPEDTAIYYCAARRYDCFATSWAYEPAYNYWGQGTQVTVSS
seq18383,VQLVETGGGLVQAGGSLRLSCAASGRSYAMGWFRQGPGKEREFVATISWSSTNTWYADSVKGRFTISRDNAKNTVYLQMNSLKPEDTAVYYCAASHRFSDYPMRSEDGMDYWGKGTLVTVSS
seq18384,LQESGGGLVQAGGSLRLSCAASGRTFSSYAMGWFRQAPGKEREFVAAISWSGTITSYADSVKGRFTISRDNAKNMVYLQMNSLKPEDTAVYYCAAALGYGSRHLDAYAYWGLGTQVT
seq18385,QLQLVESGGGLVQPGGSLRLSCEVSGSRGSIYFSGWYRQAPGKQRELVASITSGGTTNYADSVKGRFTISRDNAKNTVYLQMNSLKPEDTAVYYCNIGRYGLGGSWGQGTQVTVSS
seq18386,EVQLVESGGGLVQAGGSLRLSCAASGITFSINTMGWYRQAPGKQRELVALISSIGDTYYADSVKGRFTISRDNAKNTVYLQMNSLKPEDTAVYYCKRFRTAAQGTDYWGQGTQVTVSS
seq18387,EVQLVESGGGLVQPGGSLRLSCAASGRTHSNYVMGWFRQAPGQEREFVAGISRTYGNTYYRDSVEGRFTISRDNSKNTLYLQMNSLRAEDTAVYYCAADPTRSEVILTTSHRYVYWGQGTLVTVSS
seq18388,EVQLVESGGGLVQPGGSLTLSCAASGSRVSFLSMAWYRQAPGKKRELVAGISADGSTDYFDSVKGRFTISRDNAKNSVYLQMNSLRAEDTAVYYCYAYRWTRRYTYWGQGTLVTVSS
seq18389,QVQLVESGGGFVQAGGSLRLSCVASRSSFRITTMNWYRQAPGKQREMVASITTGGRTVYADSVKGRFTISKSNANNTVYLQMNSLEAEDTAVYYCNAQRRWPLRDYWGQGTLVTVSS
seq18390,EVQLVESGGGLVQAGGSLRLSCTASARRFSTSTMGWFRQAPGNEREFVACISWSGDITFYADSVKGRFTISRDNAKNAVYLQMNSLKPEDSAVYYCAFDARPAPYITNYKDPRAYDYWGQGTQVTVSS
seq18391,EVQLVESGGGLVQAGDSLTLSCAASGSGFSINVMAWYRQAPGKQRDLVASMTIGGRTNYKDSLKGRFTISRDNTKNTAYLQMNSLKPEDTAVYYCYALLDRGIGGNYVYWGQGTQVTVSS
seq18392,GGGLVQPGGSLRLSCVASGSTDSIYAMGWYRQAPGKQRELVATITSADSTNYADSVKGRFTISRDNAKNTVVLQMNSLKPEDTAVYYCNAGSLAGYDYWGQGTQVG
seq18393,EVQLVESGGGLVQAGDSLKLSCVASGRTFTMGWFRQAPGKEREFVAAISWSGGRTYYADSVKGRFTISRENAKNTVYLQMNSLKPEDSAVYYCAAESLASSGSVYSDERYNFRSQGTQVTVSS
seq18394,EVQLVESGGGLVQPGGSLRLSCAASGFTFDDYGMSWVRCAPGKALEWVSAISWNGNNTYYTESMKGRFTISRDNAKNTLYLQMNSLRPEDTAVYYCVKGSTAIVGVPPTYPDEYDYWGQGTLVTVSS
seq18395,EVQLVESGGGLVQAGGSLRLSCAASGFTLDDYAIGWFRQAPGKEREGVSSIRDNDGSTYYADSVKGRFTISSDNDKNTVYLQMNSLKPEDTAVYYCAAVPAGRLRYGEQWYPIYEYDAWGQGTLVTVSS
seq18396,EVQLVESGGGLVQAGGSLRLSCAASGSIDRINAMGWYRQAPGKQRDFLAVITDGDKTLYADSVKGRFTISNDNAKNTVYLQMNSLKPEDTAVYYCNAYQAGWGDYWGQGTQVTVSS
seq18397,EVQLVESGGGLVQAGGSLRLSCAASGFAFDDHLIGWFRQAPGKEREAVSCISRSAGSTYYADSVKGRFTISSDNAKNTVYLQMNSLKADDTAVYYCAAGPAWGRPASPLPYEYDYWGQGTQVTVSS
seq18398,EVQLVESGGGEVQPGGSLRLSCAASEIITSDKSVGWWRQAPGKQRNLVAGISNVGSTNYAESVKGRFTISRDNAKNTLYLQMSSLRAEDTAVYYCYARDFENEYWGQGTLVTVKP
seq18399,QVQLQESGGGSVQTGGSLRLSCTCSTSIYSNNYMAWFSQAPGKGREGVAAVYIGDGRPYYADSVKGRFTISLDSAKNTVYLQMNSLKPEDTAMYYCAAAPGPLSHNYWYTSANYDYWGQGTQVTVSS
seq18400,QVQLQDSGGGLVQVGDRLSLSCAASGFTFSSYDMAWFRQAPGKEREFVAAITTSEGTWYGDAGKGRFTIARVNAKNTVYLHMNRLKPEDTAVYYCAASNQGGSLQISTNYNYWGQGTQVTVSS
seq18401,EVQLLESGGGEVQPGGSLRLSCAASGFSFSINAMGWYRQAPGKRREFVAAIESGRNTVYAVSVKGRFTISRDNAKNTVYLQMSSLRAEDTAVYYCGLLKGNRVVSPSVAYWGQGTLVTVKP
seq18402,DVQLVESGGGLVQPGGSLRLSCAASGFTFSSYYMSWVRQAPGKGPEWVSGIYSDGRNTYYSDSVKGRFTISRDNAKNTVYLQMSSLKPEDTAVYYCATPAYQTVAWVNHFGYWGQGTQVTVSS
seq18403,EVQLVESGGGLVQPGGSLTLSCAASGSSVSFLSLAWYRQAPGKKRELVAGISADGSTAYIDSVKGRFTISRDNAKNSVYLQMNSLRAEDTAVYYCYAYRWRTRYTYWGQGTLVTVSS
seq18404,EVQLVESGGGLVQAGGSLRLSCAASERTYGMGWFRQAPGKERVFVAAINYSGRSINYSDSVKGRFTISRDNAKNTVYLQMNSLKVEDTAIYYCAADKTLWSISSDRDEYDYWGQGTQVTVSS
seq18405,DVQLVESGGGLVQPGGSLRLSCAASGSIFSSTAMAWYRQAPGKRRDLVAAISSVGVTKYADSVKGRFTISRDNSKNTVYLQMNSLRPEDTAVYYCTSDPRRGWDTRYWGQGTLVTVSS
seq18406,QVQLQEFGGGVVQSGGSLRLSCVASGNIFRINAMGWYRQAPGKQRELVAHIISGGSTNYADSVKGRFTISREYAKNMVYLQMNSLKPEDTAVYYCNAERRFGMRQVWGQGTQVTVSS
seq18407,EVQLVESGGGVVRAGGSLKLSCTAAGTDINIVTVGWHRQAPGKHRELVATIVGSGSRTNYADSVKGRFTISRDNPKNTVYLQMNSLKPEDTAVYYCYATSIGWGQGTQVTVSS
seq18408,EVQLVESGGGLVQAGGSLRLSCAASGFTFSTSWMGWFRQAPGKERELVAARNSGGNTNYADSVKGRFTISADNAKNTVYLQMNSLKPEDTAVYYCAADVWYGSTWRNWGQGTQVTVSS
seq18409,EVQLVESGGGLVQAGGSLRLSCVVSGGTFSVYAMGWFRQAPGKLREIVAAISRTGSSIYYADSVKGRFTISRDDAKKTVYLQMNSLKSEDTAVYYCAVDGRANGERPAVAGYNYWGQGTQVTVSS
seq18410,EVQLVESGGGLVQAGGSLRLSCAASGRTFSSDAVGWFRQAPGLERVFVAAIRWSGGSAYYADSAKGRFTISRDNAKNTVYLQMNSLKPEDTAVYYCGATSLFPSSRGSHYDSWGQGTQVTVSS
seq18411,EVQLVESGGGLVQPGGSLRLSCAASGRTLSKYRMGWFRQAPGKEREFVAAIRWSGGITWYADSVKGRFTISADNSKNTAYLQMNSLKPEDTAVYYCAIPHGIAGRITWGQGTLVTVSS
seq18412,QVQLVESGGGSVQAGGSLTLSCAVSGNTYSTNYMGWFRQAPGKEREGVAAILVGGRNTYYADSVKGRFTISQDNAKNLVYLQMNSLKPEDTAMYYCAADTRAAFWNIGPLNSDQYNIWGQGTQVTVSS
seq18413,EVQLVESGGGLVQAGGSLRLSCAASGSIFRLNAMGWFRQAPGKEREGVAAINNFDTTKYADSSKGRFTISADNAKNTVYLQMNSLKPEDTAVYYCAAVRWGPRSDDRWGQGTQVTVSS
seq18414,QVQLQASGGGLVQPGGSLRLSCAASGFTFSDYVMRWYRQRPGEEREFVADISGGGSTTDYTDSVKGRFTISRENAERTVYLQMSSLKPEDTAVYYCNVYVSRYGGDFWGQGTQVG
seq18415,EVQLVESGGGLVQPGGSLTLSCVASGRTFSTDVMGWFRQAPGKEREFVAAHRTSGISTVYAASVKGRFTISRDNAKNTVYLGMKSLKPEDTAVYVCAAGSDASGGYDYWGQGTLVTVSS
seq18416,EVQLVESGGGLVQPGRSLTLSCAASTNIFSSSPMGWYRQAPGKQRELVAAIHGFSTLYADSVKGRFTISRDNAKNSIYLQMNSLRPEDTALYYCNKVPWGDYHPGNVYWGQGTQVTVSS
seq18417,QVQLVESGGDLVQAGGSLRLSCAASGSISRISTMGWYRQAPGKQRELVATISTGGTTNYAESVKGRFTVSRDNAKNTMYLQMNSLKPEDTAVYYCAAGWKVVRGSLEYEYSGQGTQVTVSS
seq18418,EVQLVESGGGSVQAGGSLRLSCTASGRPFDNYAMAWFRQAPGKEREFVAAISWSLSRTHYADSVKGRFTISRDNAKNTAFMQMSSLKPEDTAVYYCAAAPRPKYVSVRYFSTSSNYDYWGQGTQVTVSS
seq18419,EVQLVESGGGLVQAGGSLRLSCTASGRAFSSSVVGWFRRAPGKEREFVTGINWSGARAYYADSVKGRFTISRDNAKNTAYLQMNSLKPEDTAVYYCASGSDRFARELSEYDYVWWGQGTQVTVSS
seq18420,QVQLQESGGGLVQPGGSLRLSCAASGSIAYIYTMDWYRQAPGKQRELVATSTRDGNTDYADSVKGRFTISRDNAKDTVYLQMNSLKPEDTAVYYCNADLRTAVDLIRANYWGQGTQVTVSS
seq18421,VQLVESGGGLVQPGGSLRLSCAASGSSFSRYAMRWYRQAPGKQRELVANINSRGTSNYADSVKGRFTISRDNAKNTVYLQMNSLKPEDTAVYYCNAEWLGRSEPSWGQGTQVTVSS
seq18422,AVQLVESGGGLVQPGGSLRLSCAASGRTFSTYVMGWFRQAPGKEREFVAAISWSGGSTYYADSVKGRFTISRDNSKNTVYLQMNSLRPEDTAVYYCAASRGTSTPSRASGVSRYDYWGQGTLVTVSS
seq18423,EVQLVESGGGLVQPGGSLRLSCAASGITFKRYVMGWFRQAPGKEREFVAAITNGGSTKYADSVKGRFTISADNSKNTAYLQMNSLKPEDTAVYYCARDLSAGPGKAVYWGQGTLVTVSS
seq18424,QVQLQESGPGLVKPSQTLTLTCTVSGDSITTNYYYWSWIRQPPGKGLEWMGTIDYSGRTYYSPSLKSRASVSRDTSKDQFTLQLTSVTPEDTAVYYCARASLIKVVHGKDEYNAWGHGTQVTVSS
seq18425,QVQLVESGGGLVQAGGSLRLSCAASGRSLGFDTYGMAWFRQAPGKEREFVASIDWNGGSTYYADSMKGRFTISRDNAKNTVNLRMNSLKPDDTAVYYCAAARYYTSSTYFPANYWGQGTQVTVSS
seq18426,QVQLQESGGGLVQAGGSLRLSCAASGSIGSMYVMSWYRQAPGKEREPIAALMGSGSTTYADSVKGRFTISRDNEKNTMYLQMNSLTPEDTGVYYCAGTGAEGHYWGQGTQVTVSS
seq18427,DVQLQASGGGVVQAGGSLRLSCTASGSIRSINGMGWSRVAPGKQRDFVARIDSRGSAYYADSVEGRFTISRDNAKNTVYLQVDTLKPEDTAVYYCFAWQGAETYWGLGTQVTVSS
seq18428,VQLQESGGGLVQAGGSLRLSCAASGFSSDDYTIAWFRRAPGKEREGISCFSSSDGSAGYADSVKGRFTVSSDNAKNTVYLQMNSLKPEDTAVYYCAADSNVWSPPICGSTWYGPPPGGMAYWGKGTQVTVSS
seq18429,EVQLVESGGGLVQAGGSLRLSCAASGRAFNTNPMGWFRQSPGKEREFLAAVRWHDGSTYYTDSVKGRFTISRDNAKNTVYLQMNSLKSEDTAVYYCAAGRPWSAYHSPNEYVYWGQGTLVTVSS
seq18430,EVQLVESGGGLVQAGGSLRLSCAASGIIFGANTVGWYRQVPGKERDVVASITSGDSTYYGDSVRGRFTISRDNAKNTMYLQMNSLKPEDTAIYYCRARTTDGSYWGQGTQVTVS
seq18431,QVQLQQSGGGLVHAGESLKLSCAASGRIFRIDLMAWYRQIPGNQREFVASITGNGVTTYSDSVRGRFTISMDGAKNTAYLQMNMLKSEDTAVYYCNARGPYSRGSGPWGQGTQVTVSS
seq18432,QVQLQDSGGGLVQAGGSLRLSCAASTRTFSRYVVGWFRQAPGKEREFVATISWNGEHTYYADSVKGRYTISRDNAKNTVYLQMGSLKPEDTAVYYCAARSFWGYNVEQRDFGSWGQGTPVTVSS
seq18433,QVQLQQSGGGLVQAGGSLRLSCAASGRTSSSSYLGWFRQAPGKEREFVASIRWSDGSTYYRDSVEGRFTISRDNAKNTVYLRMNSLKPEDTAVYYCAAATTDWGPRGPYNYWGQGTLVTVSS
seq18434,QVQLQESGGGLVQPGGSLRLSCAASGRDFATYSMAWFRQAPGKERESVATISWSGQRTRYADSVKGRFTISRDNAKNTVYLQMNSLKPEDTAVYYCAAPRTWGEFPPTQYDSWGQGTQVTVSS
seq18435,QVQLVETGGGLVQAGGTLRLSCAASGRTFTSYYIGWFRQEPGKEREFVASIGWTDDNTYYADSVKGRFTISRDNAETTAYLQMSGLKPEDTAVYYCAADYGSGIRAWYNWIYWGQGTQVTVSS
seq18436,DVQLVESGGGLVQPGGSLRLSCVASGRTFSIYTMAWFRQAPGKEREFVAAISWSSGRTYYADSVKGRFTISRDNSKNTVYLQMNSLRPEDTAVYYCTAYTGPRSGYDYWGQGTLVTVSS
seq18437,EVQLVESGGGLVQAGGSLRLACAASGRTFSTLAMGWFRQAPGKEREFVAAISWSEVNTYYTDSVKGRFTISRNNAENTVYLQMNSLKREDTAVYYCASDRHYTAQQMRVMTGASYMDYWGKGTLVTVSS
seq18438,EVQLVESGGGLVQAGGSLRLSCAASGRPFSMYAMGWFRQAPGKEREFVTVITWSGGSTYYADSVKGRFTISKDIAKNTVYLQMNSLKPDDMAVYYCAAARRYGNLYNTNNYDYWGQGTQVTVSS
seq18439,EVQLVESGGGLVQAGGSLRLSCAASRSIGRLDRMGWYRHRPGEPRELVATITGGSSINYGDSVKGRFTISIDNSKNTVYLQMNSLRPEDTAVYYCNFNKYVTSRDTWGQGTLVTVSS
seq18440,EVQLVESGGGVVQPGGSLRLSCAASRSIGRLDRMGWYRHRPGEPRELVATITGGSSINYGDSVKGRFTISIDNSKNTVYLQMNSLRPEDTAVYYCNFNKYVTSRDTWGQGTLVTVSS
seq18441,QVQLQESGGGLVQAGGSLRLSCAASQFTLESYAIGWFRQAPGKDSEGVACISSSDGSTYYADSVKGRFTISRDNAKNTVYLQMNSLKPEDTAVYHCATSGAGSYCTLRAFGSWGQGTQVTVSS
seq18442,VQLVESGGGSVQAGGSLRLSCAASGYTDRCSMAWYRQAPGKERELVSRISTSGFTNYAASVKGRFTISQDNAKNTVYLQMNSLNPGDTGMYYCAIIVGRTCSLNYWGNGILVTVSS
seq18443,VQLQESGGGLVQPGGSLRLSCAASGLNFRRYTMGWFRQAPGKEREFVGVINWSDDSIYYADSVKGRFAISRDNTKNTVYLQMASLKPEDTAVYYCAASPQWDTRVRQTMRGKYDYWGQGTQVTVSS
seq18444,EVQLVESGGGVVQAGGSLRLSCAASGSIASIHAMGWFRQAPGKEREFVAVITWSGGITYYADSVKGRFTISRDNAKNTVYLQMNSLKPEDTALYYCAGDKHQSSWYDYWGQGTLVKVSS
seq18445,QVQLQQSGGGLAQTGGSLRLSCVASGSISSINAMGWYRQAPGKQRELVAAITSGGSARIKDSLKGRFTISRDNAKNTVYLQMGNLEPDDTAVYYCAADRRDRLGTFYLYPMDYYGKGTLVTVSS
seq18446,EVQLVESGGGLVQPGGSLRLSCAASGFTLDYYNIGWFRQAPGKEREWVSCISSSDGRTNYVDSVKGRFTMSRDNAKNTVYLQMNSLKPEDTAVYYCAAPFNYYSDLCGVNGVDYWGQGTQVTVSS
seq18447,EVQLVESGGGLVQAGGSLRLSCAASGRTLYSYPMGWFRQAPGKEREFVAAISMSGDDTAVATFVKGRFTISRDNARNTVYLHMSSLKPEDTAVYHCAARTSYSGRYDYIDDYSYWGQGTQVTVSS
seq18448,QVQLQESGGGLVQAGGSLRLSCAVSGNTLSRYAMGWFRQTPGNEREFVAAIRWNNGATYYAESVEGRFTISRDNAKNTVYLQMNNLKPEDTAVYYCAGRFLGYASSNAYHEALYNYDYWGQGTQVTVSS
seq18449,QVQLQESGGGEVQPGGSLRLSCAASGGIFAIKPISWYRQAPGKQREWVSTTTSSGATNYAESVKGRFTISRDNAKNTLYLQMSSLRAEDTAVYYCNVFEYWGQGTLVTVKP
seq18450,EVQLVESGGGLVQAGGSLRLSCAASGRSFSDNVMGWFRQAAGKEREFVAHISRGGSRTEYAESVKGRFTISRDNTKKTMYLQMNSLKPEDTAVYYCAASRSVALATARPYDYWGQGTQVTVSS
seq18451,EVQLVESGGGLVQAGDSLRLSCAASGRTLSFDTYAMAWFRQAPGKEREFVASIDYNGGSTDYADSVKGRFTVTRDNAKNTVTLRMNSLKPDDTAVYYCASARYYRSGTSFPVNYWGQGTQVTVSS
seq18452,QVQLQQSGGGLVQPGGFLRFSCAASGGPFTRDVMGWYRQVPGKQREMVATMTGSGQTEYADAVKGRFTISRNNAERTVFLQMNSLKPEDTAVYYCHVPAFRSRAPGYWGQGTQVTVSS
seq18453,LQQSGGGLVQPGGSLKLSCAASGSISRNGMDWYRQVPGKEREWVATITSRGNTNYADSVKGRFTISRDLAKNMVDLQMNSLKPEDTAVYYCRWRGYWGQGTQVT
seq18454,EVQLVESGGGSVQAGESLRLSCAASGSIFSSNAMAWYRQAPGKRRDLVAAIGSVGVTKYADSVKGRFTISRDNAKNTVYLQMNSLKPEDTAVYYCTSDPRRGWDTRYWGQGTLVTVSS
seq18455,EVQLVESGGALVQPGGSLRLSCAASGFPVNRYSMRWYRQAPGKEREWVAGMSSAGDRSSYEDSVKGRFTISRDDARNTVYLQMNSLKPEDTAVYYCNVNVGFEYWGQGTQVTVS
seq18456,VQLQESGGGLVETGGSLRLSCAASGSIFSINAMGWYRQAPGKQRELVAAITDQGRLAYADSAKGRFTISRENARNTLHLQMSSLKAEDTAVYYCTIWDRDRQQYWGQGTQVTVSS
seq18457,EVQLVESGGGLVQAGGSLRLSCAASGRTFSSYGMGWFRQAPGKEHEFVAGISWTLGRTYYADSVKGRFTISGDNAKNTVYLQMNSLKPEDTAVYYCASNESDAYNYWGQGTQVTVSS
seq18458,EVQLVESGGGLVQPGGSLRLSCITSGETFKINIWGWYRQTPGKQRELVASLTIGGATNYADSVKGRFTISEDSAKNTVYLQMNSLKPEDTAVYFCNAKSRLYPYDYWGQGTQVTVSS
seq18459,LQESGGGLVPTGGSLTLSCEVSGNIFSLNTMRWYVQTPGNEREMVASITSRKIPKYADSVEGRFTISRDNALNTIDLQMNSLKPEDTGVYYCNGDVHDGMQLRNYWGQGTQVT
seq18460,QVQLQESGGGLVQAGGSLRLSCTGPGSTFSSYAVGWYRQAPGGNREWVASISSSGEITRYADSVTGRFTISRDNAKNTVDLQMNSLRPEDTAVYYCAIGTMARGKGTLVTVSS
seq18461,VQLQESGGGLVQAGGSLRLSCAASGSIFSINSMGWYRQAPGKQRELVAAITNGGRTTYADSVKGRFTISRDNAKNTVYLQMDSLKPEDTAVYYCKGFSLTDDYWGQGTQVTVSS
seq18462,EVQLVESGGGLVQPGGSLRLSCAASGRTFGDYTMGWFRQAPGKEREFVAAINWTGGYTYYADSVKGRFTISADNSKNTAYLQMNSLKPEDTAVYYCATDPPLFWGQGTLVTVSS
seq18463,VQLVESGGGLVQAGGSLRLSCAASGYAYTYIYMGWFRQAPGKEREGVAAMDSGGGGTLYADSVKGRFTISRDKGKNTVYLQMDSLKPEDTATYYCAAGGYELRDRTYGQWGQGTQVTVSS
seq18464,QVQLQQSGGGLVQPGGSLRLSCAASGFTFSSYAMSWVRQAPGKGLEWVSAINSGGDIISYADSVKGRFTISRDNAKNTLYLQMNSLKPEDTAVYYCAKSPIVRTYGGYDYWGQGTQVTVSS
seq18465,QLQLVESGGGLVQPGGSLRLSCAASGFTFSSYYMSWVRQAPGKGLEWVFSISSDGSNTYYADSVKGRFTISRDNAKNTLYLQMNSLKSEDTAVYYCAKDDNSGSDYEFGYDYWGQGTQVTVSS
seq18466,EVQLVESGGGQVQPGGSLRLSCESSVSIWSFKVMGWFRQVPGKQLELVATITTGGSPDYSDSVKGRFTISRDYDKRTLYLQMNSLKPEDTARYYCAGRLWAHITSSGHDVWGQGTQVTVSS
seq18467,EVQLVESGGGLVQAGGSLRLSCAASGITFSANAMGWYRQAPGDQRELVASSSVSGATNYADSVKGRFTVARDNAKKTVYLQMNSLKPEDTAVYYCNAKQQWPFRVEHWGQGTQVTVSS
seq18468,EVQLVESGGGLVQAGGSLRLSCAASGSTLSIYGMGWFRQAPGKEREGVAAISWSDGSTSYADSVKGRFTISADNAKNTVYLQMNSLKPEDTAVYYCAAVADIGLASDFDYWGQGTQVTVSS
seq18469,QVQLVESGGGSVQAGGSLRLSCAASGYAYSSNCMGWFRQAPGKEREGVAGIYSGGGSTYYADSVKGRFTISQDNAKNTVYLQMNSLKPEDTAMYYCAVHWKAYYNCGMWIAYNNWGQGTQVTVSS
seq18470,QVQLQESGPGLVKPSQTLSLTCTVSGGSITSRYYAWSWIRQPPGKGLEWIGVIDYDGDTYYSPSLKSRTTISWDTSKNQFSLKLSSVTAEDTAVYYCARDPDVVTGFHYDYWGQGTQVTVSS
seq18471,EVQLVESGGGLVQAGGSLRLSCAASGRTFSSYAMGWFRQAPGKEREFVAAISWSGGSTYYADSVKGRFTISADNAKNTVYLQMNSLKPEDTAVYYCAAVPTGRGERDYWGQGTQVTVSS
seq18472,ASGGGLVQAGGSLRLSCAASGFTLDNYAIGWFRQAPGKEREGVSCIKTSDGYTLYSDSAKGRFTISYDNDKNTVYLQMNNLKPEDTAVYYCATEGAIHYCSGDFNGLRGQGTQVT
seq18473,QVQLQESGGGLVQPGGSLRLSCAASGSFFSINAMGWYRQAPGKQRELVAAITNQGRIAYADSVKGRFTISRDNAKNTVYLQMNSLKPEDTAVYYCGRPGWDYWGQGTQVTVSS
seq18474,EVQLQESGGGLVQPGGSLRLSCAASGFTLDYYAIGWFRQAPGKEREGVSCISISGGSTNYADSVKGRFTISRDNAQNTVYLQMNSLKPEDTAVYYCAAGPPCDPTHGLIEYDYWGQGTQVTVSS
seq18475,QVQLQQSGGGLVQTGGSLRLSCAASGRTFGGYAMAWFRQAPGKGREFVAAVTWSAGTTNYAGSVKDRFTVSRDNANNTMYLQMNSLKPEDTAVYICGAASGYRSTDRLSEPAWINYWGQGTQVTVSS
seq18476,EVQLVESGGGLVQPGGSLTLSCVASGSTSSRNAMGWYRRAPGKQRELVAGISSDGSKVTADSVKGRFTISRDNAKNSVYLQMNSLRAEDTAVYYCYYFRTRSGSSMRYWGQGTLVTVSS
seq18477,EVQLVESGGGEVQPGGSLRLSCAASGSMTGANTMGWYRQAPGKQRELVALIGNYVTHYAESVKGRFTISRENAKNTVYLQMSSLRAEDTAVYYCYLYTDNLGTSWGQGTLVTVKP
seq18478,EVQLVESGGGLVQAGGSLRLSCAASGFTFDDYAIGWFRQAPGKEREGVSCISSSDGSTAYADSVKGRFTISSDNAKNTVYLQMNSLKPEDTAVYYCTAVPATRRTPQMVVANVCWLAEYEYDYWGQGTQVTVSS
seq18479,EVQLVESGGGLVQTGGSLRLSCAASGRTFSSSFMAWFRQALGSDREFVGGISPGGRITYYADSRKGRFTISRDNANNTVYLQMDSLKPEDTATYYCAADTQYSGVVLKESTDYDYWGQGTQVTVSS
seq18480,EVQLVESGGGLVQPGGSLRLSCAASGFTFDDYAIGWFRQAPGEERLGVSSISSTYGLTYYADSVKGRFTISSDNSKNTVYLQMNSLRPEDTAVYYCAATPIGLIGLDAYEYDYWGQGTLVTVSS
seq18481,EVQLVESGGGLVQAGGSLRLSCAASGRTFSSYAMAWYRQAPGKEREYVAAIRWSGGTAYYADSVQGRFTISRDNAKNTVYLQMNSLKPEDTAVYYCANRAPDTRLEPYEYDHWGQGTQVTVSS
seq18482,EVQLVESGGGLVQAGGSLRLSCESSISTFSSDAMGWFRQAPGKGLEWLAAIGWSGAVTHYSDSVQGRFTISRDNAKNTVYLQMNSLRAEDTGRYYCAEDYDTDVWQYWGQGTQVTVSS
seq18483,QVQLQESGGGLAQAGGSLRLSCAASGFDFDYYAIGWFRQAPGKEREGVACITDSDGSTIYADSVRGRFTITADNAENTVYLQMNSLKPEDTAEYFCAAECFACSGYACHSWGRGTQVTVSS
seq18484,EVQLVESGGGLVQAGGSLRLACAASGRTFSTLAMGWFRQAPGKEREFVAAISWSEVNTYYTDSVKGRFTISRNNAENTVYLQMNSLKPEDTAVYYCVSDRHATAQHMRVMTGASYMDYWGKGTLVTVSS
seq18485,QLQLVESGGGLVQPGGSLMLSCVVSGVTISNYGMTWVRQAPGKGLEWISTIYSNGHTYYADSVKGRFTASRDNAKNTLYLQMNSLKPEDTAKYYCKLTGETHRGQGTQVTVSS
seq18486,EVQLVESGGGLVQPGGSLRLSCAASGFTFDDYGMSWVRQAPGRGTEWVSAISWNGNNTYYTESMKGRFTISRDNAKNTLYLQMNSLRPEDTAVYYCVKGSTAIVGVPPTYPDEYDYWGQGTLVTVSS
seq18487,VQLQESGGGLVQAGGSLRLSCAASGSIDIRNAMGWYRQAPGTRREWVATITTDGRTNYADSVKARFTISRDNAKNTVYLQMNSLKPEDTAVYYCNLAPPIFGSWGQGTQVTVSS
seq18488,QVQLQESGGGLVQPGGFLRFSCAASGFTFSSYWMYWVRQAPGKGLEWVSSINSGGGTTYYADSVRGRFTISRDNAKDAAYLQMDNLKPEDTAVYYCAASLAPYSDFPNTYDYWGQGTQVTVSS
seq18489,LQESGGRLVEAGGSLRLSCLVSGGTFSWYAMGWFRQAPGKEREFVATVSRGGGSSYYADSVKGRFTISRDNAKNTVYLQMNSLKPEDTAVYYCAAGRGAPSDTGRPDDYDYWGQGTQVT
seq18490,QVQLQESGGGLVQAGGSLRLSCTASGTIFSINRMDWFRQAPGKQRELVALITSDGTPAYADSAKGRFTISRDNTKKTVSLQMNSLKPEDTAVYYCHVSSGVYNYWGQGTQVTVSS
seq18491,EVQLVESGGGLVQPGGSLRLSCAASGRTFNNYAMGWFRRAPGKEREFVAAITRSGVRSGVSAIYGDSVKDRFTISRDNAKNTLYLQMNSLKPEDTAVYTCAASAIGSGALRRFEYDYSGQGTQVTVSS
seq18492,EVQLVESGGGLVQPGGSLCLSCAASGFTFDDYGMSWVRQAPGKALEWVSAISWNGNNTYYTESMKGRFTISRDNAKNTLYLQMNSLRPEDTAVYYCVKGSTAIVGVPPTYPDEYDYWGQGTLVTVSS
seq18493,EVQLVESGGGLVQPGGSLKLSCAASGFDFSSHWMYWVRQAPGKELEWLSEINTNGLITKYGDSVKGRFTVSRNNAANKMYLELTRLEPEDTALYYCARNQKGLNHGQGTQVTVSS
seq18494,QVQLVETGGGLVQPGGSLRLSCAASGRTFNKNPMAWFRQPPGQERDLVAAISWSGDSTNYANSVQGRFTISRNNAQRTVSLSMNNLKPEDTAVYYCAAVGRTDYSPNSLALTAQNYDYWGQGTQVTVSS
seq18495,QVKLVESGGGLVQPGGSLRLSCVASGFAFSSADMSWVRQAPGKGVEAVSVINRDGASTYYADSVKGRFTISRDNAKSTLYLQMNSLKPEDTAMYHCAVVPENEYESGSYNYWGQGTQVTVSS
seq18496,EVQLVESGGGLVQPGGSLRLSCVASGFSLDDYGMTWVRQAPGKGLEWVSSINWSGTHTDYADSVRGRFVISRDNAKNTLFLQMNSLSPEDTAVYYCNQGWKIIPTDRRGHGTQVTVSS
seq18497,EVQLVESGGGLVQAGGSLRLSCAASGRTFSEVVMGWFRQTPGMKREFVAAISGSENVTSYADSVKGRFTISRDNAKNTVTLQMNSLKPEDTAVYYCAAQRWRGGSYEYWGQGTQVTVSS
seq18498,QVQLQEFGGGLVQAGESLRLSCVASGSNISTNVMAWYRRAPGNQRDMVASISTSGTTNYLASVKGRFTISRDNAKNTVSLQMNSLKPEDTAVYTCYAAWPLNTWGQGTLVTVSS
seq18499,EVQLVESGGGLVQAGGSLRLSCVVSGTIFSYTGVAWYRQTSGKQREWVATTTNDGGTKFADSVKGRFTISRDNAKKTVYLQMNNLNAEDTAVYYCKTGRFWGRGTLVTVSS
seq18500,EVQLVESGGGLVQAGGSLRLSCTGSQISFSDNTMNWYRQVPGKQRELVASLSIFGATGYADSVKGRFTISRDIAGNTVYLQMNDLKIEDTAVYYCKLGPVRRSRLEYWGQGTQVTVSS
seq18501,EVQLVESGGGLVQPGGSLRLSCAASGSFFKINAMGWFRQAPGKEREFVAGITRSGGSTYYADSVKGRFTISADNSKNTAYLQMNSLKPEDTAVYYCAAESLGRWWGQGTLVTVSS
seq18502,EVQLVESGGGLVQAGGSLRLSCAASGRSLRNYHMAWFRQAPGKEQEFVGDFRPSGGSPYYANYADSVKGRFTIFRDNAKNTVYLQMNSLKLEDTAVYYCAADSHGGIAFMEPDEYDYWGQGTQVTVSS
seq18503,EVQLVESGGGLVQPGGSLRLSCAASGRTFGNYNMGWFRQAPGKEREFVATINSLGGTSYADSVKGRFTISADNSKNTAYLQMNSLKPEDTAVYYCARVDYYMDVWGQGTLVTVSS
seq18504,VQLEASGGGLVQTGDSLRLSCADSGSTFRNYNIGWFRQTPGQAREFVAAVSRTGISTHVADSLQGRFTISRDNAKNTVYLQMNSLKPEDTAVYSCAAGRPGVGAVNRAMDYDYWGQGTQVTV
seq18505,EVQLVESGGGSVQAGGSLRLSCTASGRPFDNYAMAWFRQAPGKEREFVAAISWSLSRTHYADSVTGRFTISRDNAKNTAFMQMSSLKPEDTAVYYCAAAPRPKWVSVRYFSTSSNYDYWGQGTQVTVSS
seq18506,QVQLQESGPGLVKPSQTLSLTCTVSGGSITTNRYYWSWIRQPPGKGLEWMGAIAYDGSTYYSPSLKSRTAISRDTSKNQFSLQLSSVTPEDTAVYYCTRGGDYSSNDYYGMDYWGKGTLVTVSS
seq18507,EVQLVESGGELVQAGDSLRLSCAASGRTFSSYIMGWFRQAPGKEREFVAAISPSGALTSYADSVKGRFTISRDNAEKMVYLQMSSLKPEDTDAYYCAAARVPWSPRPSLSPYDYWGQGTQVTVSS
seq18508,QVQLQESGPGLVKPSQTLSLTCTVSGASITTDYYYWSWIRQPPGKGLEWMGAIGYSGSTYYSPSLGSRASISRDTSKNRFTLQVSSVTPEDTAVYYCARILSYYSNPLETLYGMDYWGKGTLVTVSS
seq18509,EVQLVESGGGLVQAGGSLRLSCVASGRTFSSYAMGWFRQAPGKERAFVAGISGSASRKYYADSVKGRFTVSRDNARNTVYLQMNSLKPEDTAVYYCAASNSYPKVQFDYYGQGTQVTVSS
seq18510,EVQLLESGGGLVQPGGSLRISCAASGGSLSNYVLGWFRQAPGKGREFVAAINWRGDITIGPPNVEGRFTISRDNSKNTLYLQMNSLRPEDTAVYYCGAGTPLNPGAYIYDWSYDYWGQGTLVTVSS
seq18511,QVKLEESGGGLVQAGGSLRLSCAASGRTSRRYAMGWFRQAPGKEREFVAGISRSGDGTHYAYSVKGRFTISRDNAANTVELQMNSLKPEDTAVYFCAAARTAFYYYGNDYNYWGQGTQVTVSS
seq18512,EVQLVESGGDLVQAGDSLRLSCVVSGSIRDNSVIGWFRQVPGKERKLFTYYYWSGTSTYFVEAVKGRFTISRDKSKNTVYLQMNNLKHEDTALYYCATTSEGIMIDISGQGTQVSFLS
seq18513,GLVQAGGSLRLSCAASGSIFSINAMGWYRQAPGKQRELVAAITSGGSTNYADSVKGRFTISRDNAKNTVYLQMNSLKPEDTAVYYCNADYEDRDSPLNGSWGQG
seq18514,QVHLVESGGGSVQAGGSLTLSCAASGKTYGRCMAWFRQAPGKERELVAATYISGGRPYVADSVKGRFTISRDNAKSTMSLQMNSLRPDDSAMYYCAAGSAGRGPCDRFDQNQYTFWGQGTQVTVSS
seq18515,QVQLQESGGGSVQAGGSLRLSCAASGYTYSSDGMGWFRQTPGKEREGVAAISPTGRRTEYADSVKGRFTISRDNNKNMLSLQMNSLKPEDTGMYYCAREGSWSFSLANSAVRSWGQGTQVTVSS
seq18516,QVQLQESGGGLVQPGGSLRLSCAASGSTFSITAVAWYRQAPGKRRELVAGISGGGVTNYPDSVKGRFTISRDNAKNTVYLQMSSLKPEDTAVYYCNLWPPRASPGGRVYWGQGTQVTVSS
seq18517,EVQLVESGGGLVQAGGSLRLSCAASGFTMSSSWMGWFRQAPGKEREFVATLTSGGSTNYADSVKGRFTISADNAKNTVYLQMNSLKPEDTAVYYCAADVWYGSTWRNWGQGTQVTVSS
seq18518,EVQLQESGGGLVQSGGSLRLSCIASGSTVSDNTMGWYRQAPGKQRELVAVISSVGVTNVAQSVKGRFTISRDNAKNTVTVYLQMSSLKPEDTAVYYCNALGTGQGNWGQGTQVTVSS
seq18519,EVQLVESGGGLVQPGGSLRLSCAASGSIFSNRFMYWYRQAPGKQRELVASITLSGSTNYADSVKGRFTISRDNAKNTVYLQMNSLKPEDTAVYYCNTFLQNSFYWGQGTQVTVSS
seq18520,QVQLVESGGGLVQSGGSLRLSCAASGRTFSDYAMGWFRQAPGKERELVAAITWNGGSTYYADSVKGRFTISRDNAKNTVDLQMNSLKPEDTAVYYCAADPLNSDSAGTYDYWGQGTLVTVSS
seq18521,QVKLEESGGGSVQAGGSLRLSCAASGDTYSSHCMGWFRQAPGKEREGVAAIGGGLTYYADSVKGRFTISQDNRKNTVYLQMTSLKPEDTAMYYCAARGGGCWYPWWDAYNYWGQGTQVTVSS
seq18522,QVKLEESGGGLVQAGGSLRLSCEVSGGTVSPTAMGWFRQAPGKEREFVGHITWSRGTTRVASSVKDRFTISRDSAKNTVYLQMNSLKSEDTAVYYCAASTFLRILPEESAYTYWGQGTQVTVSS
seq18523,EVQLVESGGGLVQPGGSLRLSCAASGNIFTRNVMGWYRQAPGKQRDLVASITPGGNIYYADSVKGRFTISRDGAKNTVYLQMNSLKPEDTAVYYCNARGSILLDPINYWGQGTQVTVSS
seq18524,EVQLVESGGGQAQAGGSLRLSCAVSGFTLDDYAIGWFRQAPGKEREGVSSIRDNDGSTYYTDSVKGRFTISSDNDKNTVYLQMNSLKPEDTAVYYCAAVPAGRLRFGEQWYPIYEYDAWGQGTLVTVSS
seq18525,QVQLVESGGGLVQAGGSLRLSCVASGSIFSISAMGWYRQAPGKQRELVATITSGGTTNYADSVKGRFTISGDTAKNMVYLQMSSLKPEDTAVYYCAADMEVWDYTDGDDDDYWGQGTQVTVSS
seq18526,EVQLVESGGGLVQAGGSLRLSCVVSGSTFSSYAMGWYRQAPGKQRELVAAISSGVSANVADSLKGRFAISRDNAKNAVYLQMNSLKPEDTAVYYCNTLPRSMPYWGKGTLVTVSS
seq18527,QVQLQESGGGLVQAGGSLRVSCAASGRPFSNYAVGWFRQAPGKEREFVAAISRILGNTYYSDSVKGRFTISRDNAKSTVYLQMNSLNPEDTAVYYCAARLDFNPSYSKSDYDYWGQGTQVTVSS
seq18528,EVQLVESGGGLVQPGGSLRLSCAASGITFRFKAMGWFRQAPGKEREFVASISRSGTTYYADSVKGRFTISADNSKNTAYLQMNSLKPEDTAVYYCATDYSAFDMWGQGTLVTVSS
seq18529,EVQLVESGGGLVQPGGSLRLSCAASGRTLWRSNMGWFRQAPGKEREFVASISSFGSTKYADSVKGRFTISADNSKNTAYLQMNSLKPEDTAVYYCARGHGRYFDWLLFARPPDYWGQGTLVTVSS
seq18530,EVQLVESGGGLVQPGCSLRLSCAASGFTFDDYGMSWVRQAPGKALEWVSAISWNGNNTYYTESMKGRFTISRDNAKNTLYLQMNSLRPEDTAVYYCVKGSTAIVGVPPTYPDEYDYWGQGTLVTVSS
seq18531,QVKLEESGGGSVQTGGSLRLTCAASGFTFSSYAMGWFRQAPGKEREFVSGISGSGGSTGYADSVKGRFTISRDNAKNTVDLQMNSLKPEDTAIYYCAAAAGSGGSGGSGSFDYWGQGTQVTVSS
seq18532,EVQLVESGGGLVQAGGSLRLSCAASGPTFSWTMMGWFRQAPGKEREFLAIITDGSKTLYADSVKGRFTISADNAKNTVYLQMNSLKPEDTAVYYCAAQFTLARHLVWGQGTQVTVSS
seq18533,EVQLVESGGGLVQAGGSLRLSCAAAGGTFRNYVMGWFRQAPGKEREFVTAISAGGSWTGYVDSVKDRFTISRDNTKNTVYLQMASLKPEDTAVYYCAATTPATTYLPRSERQYDYWGQGTQVTVSS
seq18534,LQLVESGGGLVQAGGSLRLSCAASGRTFSSYAMGWFRQAPGKEREFVAAISWSGGSTYYTDSVKGRFTINRDNAKNTVYLQMNSLKPEDTAVYYCAAGFSGNYYRTPDYWGQGTQVTVSS
seq18535,AVQLVDSGGGLVQAGGSLRLSCAASGRTFSPYTMGWFRQPPGKVREFVGRINWSGIRNYADSVKGRFTISRDNNNNTVYLQMNRLKPEDTAVYYCAAASQSGSGYDSWGQGTQVTVSS
seq18536,QVQLQESGGGLVQAGGSLRLNCAASGSISTTYLMGWYRQAPGKERKFVATINRGGSTYYAVSVKGRFTISRDNAKNTVYLQMNSLKPEDTAVYYCAVGWPDPDYGLAYHRYWGQGTQVTVNS
seq18537,DVQLVESGGGSVQAGGSLRLSCAASGFIDSFGVMAWFRQTPGKEREGVAAVYRRAGDTYYADSVKGRFTISRDNAKNTVYLQMNSLKPEDSAMYYCAARTYGSVSSWTGYKYWGQGTQVTVSS
seq18538,QVQLQESGGGLAQAGNSLRISCVASGNTFDTRAMGWFRQAPGKEREFVAAISRSSFNTYYSDSVTGRFTISRDNAKNTVYLQMNSLKPEDTAVYYCAAGKYGMKWRDGADYWGQGTQVTVSS
seq18539,QVQLVESGGGLVQPGGSLRLSCAASGFTFSNYWMYWVRQAPGKGLERVSSIYISGGNTYYADSVKGRFTISRDNAKNTLYLQMNSLKSEDTAVYYCVKGDTFGGMDYWGKGTQVTVSS
seq18540,QVQLQESGGGLVQPGGSLRLSCAASRTALRLNSMGWYRQAPGSQRELVATITRGGTTNYADSVKGRFTISREIGNNTVYLQMNSLEPEDTAVYYCNANFGILVGREYWGKGTQVTVSS
seq18541,EVQLVESGGGEVQPGGSLRLSCAASGSMTGANTMGWYRQAPGKQRDLVSLIGNYVTHYAESVKGRFTISRENAKNTVYLQMSSLRAEDTAVYYCYLYTDNLGTSWGQGTLVTVKP
seq18542,EVQLVESGGGLVQPGGSLRLSCVAPRSDFSIINMGWYRQAPGKQRDLVATITSGGSTNYADSVKGRFTISRDNAKNTAYLQMDSLKPEDTAVYYCNARSAWALRKFDYWGQGTQVTVSS
seq18543,EVQLVESGGGLVQPGGSLRLSCAASGFTLDDYTIAWFRQAPGKEREGVSCISSSALITFYADSVKGRFTISRDNAKNTVYLQMNSLKPEDTAVYYCAADRYYYCSGWPDENAYWGQGTQVTVSS
seq18544,EVQLVESGGGLVQPGGSLRLSCAASGFTFDDYAMGWFRQAPGKERESVAAISGSGGSTAYADSVKGRFTISADNSKNTAYLQMNSLKPEDTAVYYCAKIMGSGRPYFDHWGQGTLVTVSS
seq18545,DVQLQESGGGLVQAGGSLRLSCAASGLTFSNYAMGWFRQAPGKEREFVAAISWANGGSTVYGESVKGRFTISRDNAKNTVWLQMNSLKPEDTADYYCAAAAQRIGYIEYYSGSSGKEYDYWGQGTQVTVSS
seq18546,EVQLVESGGGLVQPGGSLRLSCEASGFAFSDTWMYWVRQAPGKGLEWVATITRGDQNTYYTESVKGRFTISRDNAKNTLYLQMNSLKSEDTAVYYCAKEGPIGPPDYWGQGTQVTVSS
seq18547,VQLVESGGGLVHRGGSLRLSCAASGSISSINIMGWYRQAPGKERELVARITNIGLPNYADSVKGRFTISRDNAKSTVYLQMNSLNAEDTAVYYCYLVALKAEYWGQGTQVTVS
seq18548,QVQLQESGGGLVQPGGSLRLSCAASGSISSINAMAWYRQAPGRRRELVAGIDGGGVTNYPDSVKGRFTISRDHAKNTVYLQMSSLKPEDTAVYYCNLWPPRASPGGRVYWGQGTQVTVSS
seq18549,VQLQESGGGLVQAGGSLRLSCAASGRTFSSLDMGWFRQAPGKEREFVAGISRSGISQYYADSMKGRFTISRDNAKNLVYLQMNSLKPEDTAVYYCAAALTFRGSDLPRDSNYWGQGTQVTVSS
seq18550,ASGGGLVQAGGSVRLTCAASGGTSNSYRMGWFRQAPGKEREFVASISRSGGSTLYADAAKGRFTISRDNAKNTAFLQMTSLKPEDTAVYYCAADLTDIWEGIREYDEYAYWGQGTRVT
seq18551,QVQLVESGGGVVQPGGSLTLSCAASGSSFSSYAMSWYRQAPGKERELVAAMTAPGGDIYYADSVKGRFTISRDNARNAVYLRMNSLKPEDTAMYYCNATRPRDDYYYTGGFLYYWGQGTQVTVSS
seq18552,EVQLVESGGGLVQPGGSLTLSCAASGDSVSLLSMAWYRQAPGKKRELVAGISANGSTSYIDSVKGRFTISRDNAKNSVYLQMNSLRAEDTAVYYCYAYNWTSRYRYWGQGTLVTVSS
seq18553,QVQLVESGGGLVQAGGSLRLSCAASGSIFSINAMGWYRQPPGKQRELVARIINGSDSPMYADSAKGRFTISKDNAKNTVYLQMNSLKPEDTAVYSCWAVVNDMGYWGKGTLVTVSS
seq18554,EVQLVESGGGLVQAGGSLRLSCAASGGTFSSYAMGWFRQAPGKERDFVAAIDWSGSTTTYADSVKGRFTISRDNAKNTVYLQMNSLKPEDTAVYYCAADMSHSPIEIDFGSWGQGTQVTVSS
seq18555,EVQLVESGGGVVQPGGSLKLSCVASGTDFSINFIRWYRQAPGKQREFVAGFTATGNTNYADSMKGRFTISRDNTKNAVYLQIDSLKPEDTAVYYCYALDKWGQGTQVTVSS
seq18556,QVQLQESGGGSVQAGGSLRLSCAASEYIYSSYCMAWFRQAPGKEREGVAVIGSDGSTSYADSVKGRFTISKDNAKNTLYLQMNSLKPEDTAMYYCAAIGGYCYQPPYEYQYWGQGTQVTVSS
seq18557,EVQLVESGGGLVQPGGSLRLSCAASGFTLGNYAIGWFRQAPGKEREGVSCVDRDGGSTYYLDSVTGRFTTSRDDAENTVYLQMNSLIPDDTAVYYCATRLYGCSGYGRDYADWGQGTQVTVSS
seq18558,EVQLVESGGGLVQAGGSLRLSCAPSRRTFSTYVMGWFRQAPGMEREFVSAISWSSGSTRYADSVKGRFTISRDSVKNTMYLQMNSLKPEDTAVYYCAAGASFGSIFWESAREYNYWGQGTQVTVSS
seq18559,QVQLVESGGGLVQAGGSLRLSCVASGRTDRITTMGWYRQAPGKQRELVATISNRGTSNYANSVKGRFTISRDNAKNTVYLQMNSLKPEDTAVYYCNARKWGRNYWGQGTQVTVSS
seq18560,QVQLVESGGGLVQPGGSLRLSCAASGFTFSSYVMSWVRQAPGKGLEWVSSIYSDGSHTYYADSVKGRFTISRDNAKNTLYLQMNSLKSEDTAVYYCAKNLEHYSGSYYYTDPRYDYWGQGTQVTVSS
seq18561,EVQLVESGGGLVQPGGSLRLSCAASGTLFKINAMGWYRQAPGKRRELVALITSSDTTDYAESVEGRFTISRDNTWNAVYLQMNSLKPEDTAVYYCHSDHYSMGVPEKRVIMYGQGTQVTVSS
seq18562,EVQLVESGGGLVQAGGSLRLSCAASGSRLRFELMGWYRQAPGKPRDLVALITSSGSANYADSVKGRFTISRDNAKNTLYLQMNSLKPEDTGVYYCNAHTYTDNLWGQGTQVTVSS
seq18563,EVQLVESGGGLVQAGGSLRLSCEASGRTFSNYAMGWFRQAPGKEREFVAVVSRWSGGRTLYADSVKGRFTISRDNAENLVYLQMNSLKPEDTAVYTCVADSTNRNSGAYYYTWAYDHWGQGTQVTVSS
seq18564,EVQLVESGGGLVQPGGSLRLSCAASGFTLDYYTIGWFRQAPGKEREGVSCISSSDGSTNYADSVKGRFTISRDNAKNTVYLQMNSLKPEDTAVYYCATAAWEYYCSGDGRPQKTDEYDYWGQGTQVTVSS
seq18565,QVQLVESGGVSVQTGGSLTLSCAASGTTFSTYTLGWFRQAPGKECESFSLILADGTTHYSDSVKGRFTVSRDNVKNTAYLQMKTLKLDDTAVYYRAADPQVGFRGDPSNWGRCSYGYNYWGQGTQVNVSS
seq18566,EVQLVESGGGLVQAGGSLRLSCAASGRTFTMGWFRQAPGKEREFVAAISLSPTLAYYAESVKGRFTISRDNAKNTVVLQMNSLKPEDTALYYCAADRKSVMSIRPDYWGQGTQVTV
seq18567,EVQLVESGGGAVQPGGSLRLSCAASGIRISRNMMGWFRQAPGKQRDLVARITPGGDTYYVDSVKGRFSISKDNAKNTVYLQMNSLKPEDTAVYYCNSYSTLGSWGQGTLVTVSS
seq18568,QVQLQEFGGGLVQPGGSLRLSCVASGTSFSGNAMGWYRQAPGKQRELVAQINSGGGTNYADSVKGRFTISRDNAQKMMYLQMNNLKPEDTAVYFCNLKQGVFRPTDYWGQGTQVTVSS
seq18569,QVQLQESGGGLVRPGGSLRLTCATSGFSLDYYPIAWFRQAPGKEREGLSCISSSDGGAYYGDAVKGRFTMSRDSAENTVYLHMNSLKPEDTAVYYCATSKRYWRNCDVTDYDYHYWGQGTQVTVSS
seq18570,VQLQESGGGLVQPGGSLRLSCAASGRFFRVNAMGWYRQAPGKQRELVAAITNGGQTAYADSVKGRFTISKESARNTVHLQMSSLKPEDTAVYYCTIWAADYQQYWGQGTQVTVSS
seq18571,QVQLVESGPGLVKPSQTLYLTCTVSGGSITTAYYAWNWIRQPPGKGLEWMGAIAYDGSTYYSPSLKSRSSISRDTSKNQFSLQLSSVTPEDTAVYYCAEAGGAGWGPTFFYWGQGAQVTVSS
seq18572,EVQLVESGGGLVQPGGSLRLSCAASGFTFGSYAMGWFRQAPGKERELVAGIDQSGGITWYADSVKGRFTISADNSKNTAYLQMNSLKPEDTAVYYCAADDYLGGDNWYLGPYDWGQGTLVTVSS
seq18573,EVQLVESGGGSVQAGGSLRLSCAASGSISRIDVMAWYRQAPGKERELVASISSGGSTNYADSVKGRFTISREYFKNMMYLQMNSLKFEDTAVYYCNADSRRGGVGNFFRSWGQGTQVTVSS
seq18574,QVQLQESGGGLVQAGGSLRLSCAVSGNTLSRYAMGWFRQTPGNEREFVAAIRWNNGATYYAESVKGRFTISRDTGRNTVYLQMNNLKPEDTAVYYCAGRFLGYASSNAYHEALYNYDYWGQGTQVTVSS
seq18575,QVQLQESGGGLVQAGGSLRLSCVASGGTDSNYYMGWFRQAPGKEREIVAAISWIGVIERYTDSVKGRFTISRENAKNTVALQMNSLNPEDTAVYYCAAGRNNRGYSNSWSRVASYDYWGQGTQVTVSS
seq18576,EVQLQESGGGLVQPGGSLRLSCAASGFTFSSYWMYWLRQAPGKGLEWVSSIGSSSSSTYYRDSVKGRFTISRDNAKNTLYLQMNSLKSEDTAVYYCAKDPGGYAKGQGTQVTVS
seq18577,EVQLVESGGGLVQSGGSLRLSCAASESIFSINAMGWYRQAPGKQRELVATITGGGRRNYADSVMGRFSISGDNAKRTVYLQMNSLKPEDTAVYYCNAEGQAGWGTALMDYWGKGTQVTVSS
seq18578,VQLQESGGGLVQPGGSLRLSCAVSRNFFSINAMGWYRQAPGKQRELVAAITNGGRIAYGTSVMGRFTISRDDAKNTVDLQMNSLRPEDTAVYYCNAKAIPVYGSTVEDYWGQGTQVTVSS
seq18579,EVQLVESGGGLVQPGGSLRLSCAASGPISGINRMGWFRQAPGKEREFVAVITSNGRPSYADSVKGRFTISADNSKNTAYLQMNSLKPEDTAVYYCVRLSSGYFDFDYWGQGTLVTVSS
seq18580,DVQLQASGGGSVQAGGSLRLSCAASGYTIGPYCMGWFRQAPGKEREGVAAINMGGGITYYADSVKGRFTISQDNAKNTVYLLMNSLEPEDTAIYYCAADSAIYASYYECGHGLSTGGYGYGPWGQGTQVTVSS
seq18581,QVQLQESGGGLVQAGGSLRLSCAASGSMFNINAMGWYRQAPGKQREWVATISSGGITYYDDSVKGRFTISRDNAKNTVYLQMNSLKPEDTAVYFCNAENRRLGDDYWGQGTQVTVSS
seq18582,EVQLVESGGGLVQAGGSLRLSCAASGRTFSSYAMGWFRQAPGKEREFVAAIFWSGGSTYYADSVRGRFTISRDIAKNTVYLQMNSLKPEDTAVYYCAAPSPGSSGYEYDYWGQGTQVTVSS
seq18583,EVQLVESGGGLVQPGGSLRLSCAASGFTFGNYDMSWVRQAPGKGPEWVSGINTGGSTLYADSVKGRFTISRDNAKNTLYLQMNSLKSEDTAVYYCAKDLYGSTWYTDYWSQGTQVTVSS
seq18584,EVQLVESGGGLVHAGASLRLSCVASGLAFSRYAMGWFRQAPGKERESVAAISSSGDNIYYSRSVKGILSISRDNAKSAVYLQMNNLKPEDTAVYYCAAAASTLFVASDYFEASRYDYWGQGTQVTVSS
seq18585,QVQLQESGGGWVQPGGSLRLSCAASGSTFSINAMMWYRQAPGKQRELVASIGSGGNTYYADSVKGRFTISRDNGKSTLYLQMNSLKPEDTAVYYCKMYRPGTYDYWGQGTQVTVSS
seq18586,EVQLVESGGGLVQPGGSLRLSCAASGFTFDIYAMGWFRQAPGKERELVAGISSSGGSTYYADSVKGRFTISADNSKNTAYLQMNSLKPEDTAVYYCAAVLGTYDYWGQGTLVTVSS
seq18587,DVQLVESGGGVVQPGGSLRLSCAASGFILDYYAIGWFRQAPGKEREGVLCIDASDDITYYADSVKGRFTISRDNSKNTVYLQMNSLRPEDTALYYCATPIGLSSSCLLEYDYDYWGQGTLVQVSS
seq18588,EVQLVESGGDLVQPGGSLRLSCAASGSIFSINDMGWFRQAPGKQRELVADIISAGVTNYADSVKGRFTISGDPAKNTVYLQMNSLKPEDTAVYYCNAHISTGWGRPHNNYWGQGTQVTVSS
seq18589,EVQLVESGGGLVQVGDSLRLSCAASGRTFSTYLMVGWFRQAPGKEREFAAGIWSSGGTAYADSVKGRFTVSRDNAKNTVYLQMNSLKAEDTAVYYCAGSYDGNYYIPGFYKDWGQGTQVTVSS
seq18590,EVQLVKSGGGSVQAGESLRLSCAASGSIFSSNAMAWYRQAPGKQRDLVALINSVGITKYADSVKGRFTISRDNAKNTVYLQMNSLKPEDTAVYYCTSDPRRGWDTRYWGQGTQVTVSS
seq18591,EVQLVESGGGLVQAGGSLRLSCESSISTFSSDAMGWFRQAPGKGLEWLAAIGWSGAVTHYSDSVQGRFTISRDNAKNTVYLQMNSLKSEDTGRYYCAEDYDTDVWQYWGQGTQVTVSS
seq18592,VQLLESGGGLVQPGGSLRLSCAASGFTFGNYDMAWVRQAPGKRPEWVSSIDTGGDITHYADSVKGRFTISRDNAKNTLYLQMNSLRPEDTAVYWCATDEEYALGPNEFDYYGQGTLVTVSS
seq18593,EVQLVESGGGLVQAGGSLRLSCAASGFTLDYYAIGWFRQAPGKEREGVSCISSRGGSTYYTDSVKGRFTISRDNAKNTVYLQMNSLKPEDTGVYYCAADPIHNCYSGTYYASPEAVYEYWGQGTQVTVSS
seq18594,QVQLQESGGGLVQAGESLRLTCAVSGISLNAMGWYRQAPGKQLREWVAVIKIGGVSNYAVSVKGRFTISRDNAKNTIYLQMNSLKPEDTGVYYCNTYPPYLNGMDYWGKGTLVTVSS
seq18595,EVQLVESGGGLVQPGGSLRLSCAASGFTFGSHDMSWVRQAPGKGSEWVSGIKSGGGSTLYADSVKGRFAISRDNAKNTLYLQMNSLKPEDTAVYYCATDLYGSTWYPGEDRGTQVTVSS
seq18596,QVQLQESGGGWVQAGGSLRLSCAASGSREISTMGWHRQAPGKQRELAARITSGGITKYADSVKGRFTISRDNAKKTVYLQMNSLKSEDTAVYYCFAYDNINAYWGQGTQVTVSS
seq18597,VQLVETGGGLVQAGGTLRLSCAASGRTFTSYYIGWFRQEPGKEREFVASIGWTDDNTYYADSVKGRFTISRDNAETTAYLQMSGLKPEDTAVYYCAADYGSGIRAWYNWIYWGQGTQVTVSS
seq18598,EVQLVESRGGLVQAGGSLRLSCAASERTYSMGWFRQAPGKEREFVAGSGWDGIPTRYADSVKSRFTISRDNAKNTVSLQMSGLKPEDTAIYYCATGTSVYHYQYWGQGTQVTVSS
seq18599,QVQLQESGGGLVQPGGSLRLSCTASGRSISNIYATTWYRQAPGKQRELVAVFGYSGGTTNYADSVKGRFTISRDDAKNTVYLQMNNLKPEDTAVYYCNAVKYIPGRGEYDYWGQGTQVTVSS
seq18600,VKLEESGGGLVQPGESLRLSCSASGSIFKVFRVFAMSWYRQGPGKQRELVASISSGETTTYADSVKGRFTISRDNAKNTAYLQMDSLKPEDTAVYYCNADHTFTGDFWGQGTQVTVSS
seq18601,EVQLVESGGGLVQPGGSLRLSCAASGFAFGDSWMGWFRQAPGKERELVAAITSGGSTDYADSVKGRFTISADNSKNTAYLQMNSLKPEDTAVYYCARGLLWFGELFGYWGQGTLVTVSS
seq18602,EVQLLESGGGEVQPGGSLRLSCAASGLTFPNYGMGWFRQAPGKEREFLAVIYWSGGTVFYAESVKGRFTISRDNAKNTVYLQMSSLRAEDTAVYYCAVTIRGAATQTWKYDYWGQGTLVTV
seq18603,VQLQESGGGSVQTGGSLRLSCTASGFTFDAADMGWYRQAPGNECELVSIISSDGSTYYADSVKGRFTISQDNAKNTVYLQMNSLKPEDTAVYYCAAPRVGVGWVRPCDYEYNYWGQGTQVTVSS
seq18604,EVQLVESGGGLVQAGGSLRLSCACSGFTSDDYAIGWFRQAPGKEREGVSYISREDGGRYYADSVKGRFTISSDNAKNTVYLQMNSLKPEDTAVYYCAAALLGDYVRWLPEYEYNYWGQGTQVTVSS
seq18605,EVQLVESGGGEVQPGGSLRLSCAASGSMTGANTMGWYRQAPGKQRDLVALIGNYVTHYAESVKGRFTISRENAKNTVYLQMSSLRAEDTAVYYCYLYTDNLGTSWGQGTLVTVKP
seq18606,QVQLVESGGGVVQAGGSLRLSCVASGSVFSIDAMGWYRQAPGNQRELVAAMTNAGSTNYADSVKGRFTISRDNAENTVYLQMNSLKPEDTAVYYCNARSKLIARINNPYEYWGQGTQVTVSS
seq18607,QVQLQESGGGLVQAGGSLRLSCAASRSIFSIGTMGWYRQAPGKRRELVAFITVDHNTYYTDSVKGRFTISTENDKNTVYLQMNSLKPEDTAVYYCNRAPPSTDGDRWGQGTQVTVSS
seq18608,QVQLQESGGGLVQAGGSLRLACVASGNIFTINDMGWYRQAPGKQRELVATITSAGITNYADSVKGRFTISRDNAKNTVFLRMISLKPEDTAVYYCHQAVVHGPIGLEYDYWGQGTQVTVSS
seq18609,QVQLQESGGGLVQPGGSLRLSCAASGFSLDYYAIGWFRQAPGKEREGISCISYKGGSTTYADSVKGRFTISKDNAKNTAYLQMNSLKPEDTGIYSCAAGFVCYNYDYWGQGTQVTVSS
seq18610,IRLLVESGGGLVQPGDSLRLSCAVSGVFTLDDYAIGWFRQAPGKEREGVICMSASDGSTYYSDSVKGRFTISRDDDKNTLYLQMERLKPEDTATYYCAANYLGRVRGSAIRAADYCSGSGSVVYHFWGQGTQVTVSS
seq18611,EVQLVESGGGLVQAGGSLSLSCAASGGTFNGRAVGWFRQAPGEEREFVTGISWSGGSTDYADSVKGRFTISRDNSKNTVSLQMNSLKPEDTAVYYCAASRRFYSGLVYYSVDAYENWGQGTQVTVSS
seq18612,QVQLQQSGGGLVQAGGSLRLSCAASGGTFATSPMGWLRQAPGKGREFVAAISPSGGDRIYADSVKGRFTISRDNAGYFIYLQMNSLKPEDTARYYCAVRRRFDGTSYYTGDYDSWGQGTLVTVSS
seq18613,DVQLVESGGALVQPGGSLRLSCAASGFPVNRYSMRWYRQAPGKEREWVAGMSSAGDRSSYEDSVKGRFTISRDDARNTVYLQMNSLKPEDTAVYYSNVNVGFEYWGQGTQVTVSS
seq18614,QVQLQQSGGGLVQPGGSLRLSCVASGFLFSIYDMNWYRQAPGKEREWIAGITNNGYSTAYTDSVQGRFTISRDNAKNTIYLQMTSLKPEDTAVYYCHADLTKCYDGEYAWGQGTQVTV
seq18615,EVQLVESGGGSVQTGGSLRLSCAASGFPFSSHVMGWFRQAPGKKREGVAAISVDSGSTWYADSVKGRFTISLDSAKNTLYLQMNSLKPEDTAMYYCATRRGVILTLSPETYDYWGQGTQVTVSS
seq18616,EVQLVESGGGLVQAGGSLRLSCAASGRTGSIYAMGWFRQAPGKEREFVAAVTRSRGITKHADSVKGRFTISRGNAKNTVYLQMDSLKPEDTAVYYCAAAEYVCVDYKNCDFRFWGQGTQVTVSS
seq18617,EVQLVESGGGQVQPGGSLSLSCESSVSIWSFKVMGWFRQAPGKQLELVATITTGGSPDYSDSVKGRFTISRDYDKRTLYLQMNSLKPEDTAVYYCAGRLWAHITSSGHDVWGQGTQVTVSS
seq18618,QVQLQDSGGGLVQAGGSLRLSCAVSGNTLSRYATGWFRQAPGNEREFVAAIRWNNGNTYYADSVEGRFTIARDSARDTVYLQMNNLQPEDTAVYYCAARFLPYASSNAYHEALYNYDYWGQGTQVTVSS
seq18619,QVQLQESGGGLVQAGGSLRLSCAASGRAVGNYIIGWFRQAPGKEREFVATTTRDGGSTFYADSVKGRFTISRDNAKNTVNLQMNSLEPEDTAVYYCAAKSWSVPLRPTSADFDSWGQGTQVTVSS
seq18620,QVQLVESGGGLVQTGQSLRLSCAAAGRTFSVYAMGWFRQAPGKEREFVASVSWRTGFPNYADSVKGRFTISRDNAKNTVYLQMNNLIPADAAVYYCASRSGLWVGAPPSDPSHYDYWGQGTQVTVSS
seq18621,QVQLQESGGGLVQAGGSLRLSCAASGFTSDDYAIGWFRQAPGKEREGVSCISSSDGSTYYADSVKGRFTISSDKAKNTVYLQMNNLKPEDTAVYYCVADAKHFDYGLGYYTRPPCYGMDYWGKGTLVNVSS
seq18622,EVQLVESGGGLMQTGGSLRLSCAASGVTYSYYTASWFRQAPGKGREFVAAISPSGNTYYADSVKGRFTISRDNGKNTLYLQMNSLRPEDTAVYFCAIRATDSIYYASSYRHWGQGTLVTVSS
seq18623,QVQLQQSGGGLVRAGGSLRLSCETSGRTFSSYTMGWFRQAPGKEREFVGTIDWWSSSSSYADSVKGRFTISRDNAKNTVYLQMNSLKPEDTAVYYCAASGKYGLAYSRRDYAYWGQGTQVTVSS
seq18624,EVQLVESGGGLVQAGGSLRLSCAASGRTFSSYAMGWFRQAPGKDREFVAAISWIGESTYYADSVKGRFTISRDNAKNTVYLRMNSLKPEDTAVYYCAADLYYTAYVAAADEYDYWGQGTQVTVSS
seq18625,QVQLQESGGGVVQAGDSLRLSCVASGRTFSSLDMGWFRQAPGKEREFVAGISRSGISQYYADSMKGRFTISRDNAKNLVYLQMNSLRPEDTAVYYCAAALTFRGSDLPRDSNYWGQGTQVTVSS
seq18626,EVQLVESGGGSVQAGDSLRLSCAASGRANSINWFGWFRQTPGKEREFVAGIRWTDAYTEYAASVKGRFTISRDNAKNTVGLQMDSLKPEDTAVYYCVLDLSTVRYWGQGSQVTVSS
seq18627,EVQLVESGGGLVQAGGSLRLSCESSISTFSSDAMGWFRQAPGKEREFVAAIGWSGAVTHYSDSVQGRFTISRDNAKNTVYLQMNSLKSEDTGRYYCAEDYDTDVWQYWGQGTQVTVSS
seq18628,QVQLQESGGGSVQAGGSLRLSCAASGRTFSNYAMGWFRQTPGKEREFVATISVSGSSTDYADSVKGRFTISRDNAKKTVYLQINSLKTEDTAVYYCAARLSFDNTALYTSANRYSYWGQGTQVTVSS
seq18629,DVQLVDSGGGLAQAGGSLRLSCTASGRTFSTYFMAWFRQPPGKQRELVAYIRSGGTTNYADSVKGRFTISRDIAKNTVYLQMNSLKPEDTAVYYCNADYSPPGSRFPDLGPWGQGTQVTVSS
seq18630,QVQLQESGGGLVQPGGSLRLSCAASESIVSITPMMWYRQAPGKQREWVAITTRDGAPAYADSVKGRFTISRDSAKNTVYLQMNYLKPEDTAVYFCKARKDSHDYWGQGTQVTVSS
seq18631,EVQLVESGGGLVQPGGSLRLSCTASGFTFGNYDMSWVRRPPGKGPEWVSAINSGGGSTYYADSVKGRFTISRDNAKNTLYLQMNSLKPEDTAVYYCATPRGWGPTGPHEYGYWGQGTQVTVSS
seq18632,EVQLVESGGGLVEAGGSLGLSCSASGLLFSRISAGWYREAPGQQRECVARIRMGGSINYGDSVKGRFTVSRDIAKNTMYLQMNDLKPEHTAKYLCSSWREGFYEYWGQGTQVTVSS
seq18633,EVQLVESGGGLVQAGGSLRLSCAASGSIASIHAMGWFRQAPGKEREFVAVITWSGGITYYADSVKGRFTISRDNAKNTVYLQMNSLKPEDTALYYCAGDKHQSSWYDYWGQGTLVTVQS
seq18634,EVQLVESGGGLVQPGGSLRLSCAASGIITSRYLMRWYRQAPGEQRELVADITSGGSTNYRDSVKGRFTISRDNAKNTVYLQMNSLKPEDTAVYYCKALGFDRWGQGTQVTVSS
seq18635,QVQLQESGGGSVQAGGSLRLSCVASRGTYSTNYMGWFRQAPGKEREGVAAIYTGGRSTDYADAVKGRFTISQDNAKNTVYLQMNSLKPEDTAMYYCAAGFRGLLSRVLSPSNYRYWGQGTQVTVSS
seq18636,QVQLQASGGGLVQPGGSLRLSCAASGSIFSTNAMGWYRQAPGKQREVIASITKFGNTDYADSVKGRFTISRDNAKNIVYLQMNSLKPEDTAVYYCYQNSRGRWYDIFRDYWGQGTLVTVSS
seq18637,LQESGGGLVQTGGSLRLSCTTSGRASSNYALGWFRQAPGKEREFVAAISWSGGYTYYADSVKGRFTISRDNAKNTVYLQMSSLKPEETAIYYCVARDYRLWSPYQYEYDYWGQGTQVT
seq18638,QVQLQESGGGLVQAGGSLRLSCAASGIDLSTKSVAWYRQPPGKQREGVAHSSSGGTTIYADSVKGRFTISRDNSKNTVYLEMNSLKPEDTAVYYCTAPVGYWGQGTQVTVS
seq18639,QVQLQESGGGLVQAGASLRLSCTASGRSFGGFPMGWFRQAPGKEREFVSGLTRSLFTVYADSVKGRFTVSTDNTKNTVYLQMNSLKPEDTAVYYCAARPDLYAYSRDPNEYDYWGQGTQVTVSS
seq18640,LQQSGGGLVQTGGSLRLSCAASGRTASSWAIHWFRQAPGKEREFVAAISSSGEYTYYADSVKGRFTISRDNTKTTVYLQMDSLKPEDTAVYYCAADSSYRAIMLGRSLDYWGQGTQVT
seq18641,EVQLVESGGGLVQPGGSLRLSCAASGTLFKINAMGWYRQAPGKQRELVALITSSDTTDYAEDVKGRFTISRDNSWNTVYLQMNSLRPEDTAVYYCHSDHYSLGVPEKRVILYGQGTLVTVSS
seq18642,EVQLVESGGGLVQAGGSLRLDCAASGRTSYAMGWFRQGTGKEREFVAAISPSGYYTYYEDSVKGRFSIHRDNAKNMVYLQMNSLTPEDTAVYYCAAGRHQTVSGILPDYWGQGIQVTVSS
seq18643,QVQLQESGGGLVQAGGSLRLSCAASTNIATFTTMGWYRQAPGKERELVATTTPWGATTSYADSVKGRFTISNDNAKNTVNLQMNSLKPEDTAVYYCNAQQDIPTTQTYWGQGTQVTVSS
seq18644,EVQLVESGGGLVQPGRSLTLSCAASTNIFSDSPMGWYRQAPGKQRELVAAIHGTSTLYADSVKGRFTISRDNAKNSIYLQMNSLRPEDTALYYCNKVPWGDYHPRNVYWGQGTQVTVSS
seq18645,EVQLVESGGGSVQAGASLRLSCAASGSIFSSNAMAWYRQAPGKQRDLVAVINTVGITKYADSVKGRFTISRDNAKNTVYLQMNSLKPEDTAVYYCTSDARRGWDTRYWGQGTLVTVSS
seq18646,EVQLVESGGGVVQAGGSLSLSCAASGRTLSVYAMGWFRQAPGKEREFVATISVSGVYTYYTDSVKARFTISRDNAKNTVYLQMNSLKPEDTAVYYCAAGSKPTFLGSSYDYWGQGTQVTVSS
seq18647,VQLVESGGGSVQAGGSLRLSCAASGFTDSSYCGAWFRQVPGKEREGVAIIDRYGGTMYKDSVKGRFTISKDTAKNILYLQMNSLKLEDTAMYYCAAAEYRGSSCDAESGYWGQGTQVTVSS
seq18648,EVQLVESGGGLVQAEGSLRLSCVASGTHVMGWFRQASGKEREFVAAINRSGSTDYPDSADSAKGRFTISRDNAKNTVYLQMTSLKPEDTGVYYCAARKAFYFGTSSYPSDYAYWGQGTQVTVSS
seq18649,GGSVQTGGSLGLSCTTSLDGYSSVCMGWFRQTPGKEREGVATIHRAFGDTYYADSVKGRFTISEDSAKNTVYLRMNSLKPEDTGMYYCAAGRPKSGSAWNCRDAEYVYWGQGTQVTVSS
seq18650,EVQLVESGGGVVQPGGSLRLSCVASGRTSSMYSIGWFRQAPGKEREFVAVIGWYSGRTFYTDSMKGRFTISRDNARNTVYLQMNSLKPEDTAVYYCAAANGPLRLSNQADYWGQGTQVTVSS
seq18651,QVQLQDSGGGLVQPGGSLRLSCAASGTIFSPDVLGWYRQAPGKMREWVATIDGGGGTNYVDSVKGRFTISRDNAKKMLYLQMDNLKPEDTAVYYCNLQSHYTSRVYWGKGTQVTVSS
seq18652,QVQLVESGGGLVQAGGSLKLSCAASGRSFSPYAMGWFRQAPGKDREFVAAISNSGGSTYYADAVKGRFSISRDNAKNTVYLQMNNLEPEDTAVYYCTGPVKRYSTDFQGGDYWGQGTQVTVSS
seq18653,EVQLVESGGGLAQAGGSLSLSCAASGRFFSTRVMAWYRQTPGKQREFVASMRGSGSTNYADSARGRFAISRDNAKNTVYLQMNSLKPEDTAVYYCRDINEDQWGQGTQVTVSS
seq18654,QVQLVESGGGSVQAGGSLRLSCSVSGYTYTRYCIFWFRQGRGQEREAVASINSVGGSTYYADSVKGRFTISQDNAKNTVYLQMNSLKPEETDTYYCAVDPSCGGSWDGGRGVLRGYRMHYWGKGILVTTSS
seq18655,EVQLVESGGGLVQPGGSLRLSCAASGRSFSNSVMGWFRQAPGKEREFVARITWNGGSTYYADSVKGRFTISADNSKNTAYLQMNSLKPEDTAVYYCATTENPNPRWGQGTLVTVSS
seq18656,LQQSGGGLVQAGGSLRLSCAASGIIFSVRAMGWYRQAPGKQRELVAVILRGGSTNYADSVKGRFTISRDRAKNTAYVQMNSLKPDDTAVYYCNANVLTRALVSGDYWGQGTQVT
seq18657,VQLAESGGGLVQPGGSLRLSCVASGFTFSSYDMSWVRQAPGKGVEWVSTINSGGGSTYYAESAKGRFTISRDNAKNTLYLQLNSLKTEDTAMYYCVKGFPDDDGPGELSREYNYWGQGTQVTVSS
seq18658,EVQLVESGGGLVQAGGSLRLSCAASGFTFDDYDIGWFRQAPGKEREGVSGISSSDGNTYYADSVKGRFTISSDNAKNTVYLQMNSLKPEDTAVYYCAAEPPDSSWYLEGSPEFFKYWGQGTQVTVSS
seq18659,QVQLQESGGGLVQAGGFLRLSCVSFPHSPTFYRMGWFRQAPGKEREFVAAISSGGGTTYYADFAKGRFTISRDNAMKTVYLEMNSLKPEDTAVYVCAAGQTTGWGRRPYEYDYWGQGTQVTVSS
seq18660,EVQLVESGGGLVQPGGSLRLSCAASGSIFSINAMGWYRQAPGKQRELVAAITSSTNYADSVKGRFTISRANAKNTVYLQMNSLKPEDTAVYYCHLEGQAGWGTALLDYWGKGTLVTVSS
seq18661,EVQLVESGGGLVQPGGSLRLSCTASGFDFDNHWMCWVRQAPGKGLEWVSEINTNGLITKYADFVKGRFTVSRDNAANTLYLQITRLKPEDTALYYCARNQKGLNKGQGTQVTVSS
seq18662,QVQLVESGGGLVQAGNSLRLSCAATGRSFNTYAMAWFRQAPGKEREFVASITWSGASTPYSDSVKGRFTISRDNAKSTVYLQMNSLKREDTAVYYCAASSQYGGAASAPTAYLYWGQGTQVTVSG
seq18663,EVQLVESGGGLVQAGGSLRLSCAASGSIASIHAMGWFRQAPGKEREFVAVITWSGGITYYADSVKGRFTISRDNAKNTVYLQMNSLKPEDTATYYCAGDKHQSSWYDYWGQGTLVKVSS
seq18664,EVQLQASGGGLVQPGGSLRLSCAASASIFSIDGMGWYRQAPGKQRELVAGITSGGSTNYADSVKGRFTISRDNAKNMMFLQMRSLLPENTAVYYCHARTWRDYWGQGTQVTVSS
seq18665,EVQLVESGGGLVQPGGSLRLSCAASGTTFKVNIMAWYRQAPGKGRELVAAIITNGSTTYADSVKGRFTISRDNAKNTLYLQMNSLRPEDTAVYYCAFVTTNSDYDLGRDYWGQGTLVTVSS
seq18666,EVQLVESGGGLVQPGRSLTLSCAASTNIPSISPMGWYRQAPGKQRELVAAIHGESTLYADSVKGRFTISRDNAKNSIYLQMNSLRPEDTALYYCNKVPWGDYHPRNVAWGQGTQVTVSS
seq18667,EVQLVESGGGLVQAGGSLRLSCAASGSIFSIAAMGWYRQATGKQRELVATITDGGTTTYADSVKGRVTISRDRSANTVYLAMNNLKPDDTAVYYCYAYLRYTSRVPGDNYWGQGTQVTVSS
seq18668,QVQLQESGGGLVQAGGSLRLSCAASGLTFGSYAMGWFRQAPGKEREFVAAIMRYSSRTYYTDSVKGRFTISRDNAKNTVNLQMNNLEPEDTAIYYCAAAKRLSIVTLPRQYEFWGQGTQVTVSS
seq18669,GGTVQAGGSLRLSCVGSGYTYREFCMGFFRQAPGKEREGVATIATGSGMANYGDSVKGRFTITLEEAKKTVHLQMTSLKPEDTATYYCAATHDCTWYTTPPLRAYTYWGQGTQVTVAS
seq18670,QVQLVESGGGLVQPGGSLRLACTLSGFTSGSYYMSWYRQAPGKERGFVARIFSAGGSTDYTASVKGRFTISRDNAKNTVYLQMNNLKPEDTAVYYCNARGYWGQGTQVTVSS
seq18671,DVQLVESGGGLVQTGDSLRLSCAASGGTFSTYVMGWFRQAPGKEREFVSAISQNSIHTYYANSVKGRFTISRDNDKNTVYLQLNSLKPEDTAVYYCAASRFTSWYTADYEYDYWGQGTLVTVSS
seq18672,EVQLVESGGGLVQAGGSLRLSCAASGRTFSRNAMGWFRQVPGKAREFVAAIRWNVGRLDYADSVKGRFAISRDNAENTVYLQMNDLKTEDTAVYYCAAYAGLVYSGIPDYWGQGTQVTVSS
seq18673,QVQLVESGGGLVQPGGSLRLSCVASGSIASIATMAWYRQAPGQQRELVAGITRGGSTKYADSVKGRFTISRDNAKNTLYLQMNSLKPDDTAVYYCTDYSRKYYQDYWGQGTQVTVSS
seq18674,QVHLVESGGGSVQAGGSLRLSCAASGYTYSRHCLGWFRQTPGKEREAVATIDSDGSTSYADSVKGRFTISSDNAKNTLYLQMNSLKPEDTAMYYCAIGPNPRYCSGAPNTRGAEHYFGYWAQGTQVTVSS
seq18675,EVQLVESGGGLVQPGGSLRLSCAASGRTFSDDTMGWFRQAPGKEREFVAAINWSGGSTDYADSVKGRFTISADNSKNTAYLQMNSLKPEDTAVYYCATDPPLFWGQGTLVTVSS
seq18676,QVQLVESGGGSVQAGGSLRLSCAVSGISISPDCMGWFRQAPGKKREAVATIFTNTRSTRYGDSVKGRFTSSQGNAKNTLYLQMDSLKLDDTATYYCAARYTGGDCFNLEPVAWRFWGQGTQVTVSS
seq18677,EVQPVESGGGLVQAGGSLTLSCALSGGSSSIANSAWYRQAPGNQRELVARITSNDNTYYADSVKGRFTISKDNAKNTASLQMNSLKPEDTAVYYCFVRTVGTGSLFDYWGQGTQVTVSS
seq18678,QVQLQESGGGLVQAGGSLRLSCAASGRPFSDYVMGWFRQAPGKERDFVAAITWSGGVTYYADSLKGRFTISNDNAKNTVLLQMNSLKPEDTAVYYCAAGYNPFRIGVMNKRAYDTWGQGTQVTVSS
seq18679,EVQLVESGGGLVQAGGSLRLSCAASGRTSSIVAIGWFRQAPGKEREFVSNIGWKFGSTVYVDSVKGRFTISKDNAKNTVYLQMNSLKPEDTAVYRCAARSDGRVYDSWGQGTQVTVSS
seq18680,QVQLQESGGGLVQPGGSLRLSCAASRSGFSFNPMGWYRQAPGKQRELVATITSGGTTNYADSVKGRFTISTDNAKTTVYLQMNSLKPEDTAVYYCNGRGPRRATTGWITDDYWGQGTQVTVSS
seq18681,VQLQESGGGLVQPGGSLRLSCAASGFTFRNYAMSWVRQAPGKGLEWVSTINGGGGITSYADSVKGRFTISRDNAKNTMYLQMNSLKPEDTAVYYCAQTARDSRDSRGQGTQVTVS
seq18682,QVQLQESGGGSVQAGGSLTLSCEVSGYSVNSNSMGWFRQAPGKEREGVAGINEGGVSTYYANFVQGRFTISQDNAKNMVYLQMNSLKPEDTAIYYCAAGAPDPPPLIESIVKYWGQGTQVTVSS
seq18683,LQESGGGLVQPGGSLRLSCAATGGTFSEHYMAWFRQAPGNQRVFVAVINWSRGSTFYADSAKGRFTISRDKGEKTMYLEMNALKPDDTAVYYCAAGSNAGLLTYSDYDYLYEFWGQGTQVT
seq18684,EVQLVESGGGLVQAGGSLRLSCAASGFTFSDYDIGWFRQAPGKEREGVSGISSSDGNTYYADSVKGRFTISRDNAKNTVYLQMNSLKAEDTAVYYCAAEPPDSSWYLDGSPEFFKYWGQGTLVTVSS
seq18685,DVQLVESGGGVVQPGGSLRLSCAASGLTFSSYAMGWFRQAPGKERERVVSISRGGGYTYYADSVKGRFTISRDNSENTVYLQMNSLRPEDTATYYCAAARYWATGSEYEFDYWGQGTLVTVSS
seq18686,QVQLQESGGGLVQAGGSLRLSCAASGRTFSSYAMGWFRQAPGKEREFVAGITWTTGSTTYADSVKGRFTVSRDNAENTAYLQMNSLKPEDTAVYYCAASRAAYSVNWYQDHDYNNWGQGTQVTVSS
seq18687,EVQLVESGGGLVQPGGSLKLSCAASGAVHKINFLGWYRQAPEKEREMVATITIGDEVDYADSAKGRFTISRDEATNMVYLQMTSLKPEDTAVYFCRAGSRIYPYNYWGQGTQVTVSS
seq18688,QVQLQESGGGLVQTGGSLRLSCAASQSTFNFDVMGWYRLAPGKQREFLTSITNGGNIYYADSVKGRFTIARDDSKTTMYLEMNSLKPEDTAVYTCYGQTHKPRVTTSWGQGTQVTVSS
seq18689,EVQLVESGGDLVQPGGSLRLSCAASGDVHKINFLGWYRQAPGKEREMVAHITIADATDYAEFAKGRFTISRDEPKNMVHLQMNSLKPEDTAVYLCRAGSRIYPYNYWGQGTQVTVSS
seq18690,QVQLQESGGGLVQAGGSLRLSCAASGSTLSSYGMGWYRQAPGKQREVVATISATGSISYADSVKGRFTISRDSAKNTMYLQLNSLTPEDTAVYYCNTIYRSTLYWGQGTQVTVSS
seq18691,MAESGGGSVQTGGSLRLSCAYTASSVCMAWFRQAPGKEREGVAVTREGLTKTGYADSVKGRFAISQDYAKKTLYLQMSSLKPEDTARYYCAARPTSPCTVDGELLASTYDYWGQGTQVTVGQ
seq18692,QVQLVESGGGSVQAGGSLRLSCAASGYTCTKFNMGWYRQAPGKERKMVATIRRDGTTYYADSVKGRFTISQDNAKNTVYLQMTSLKPEDSAMYYCSFRCVTPSLPYWGQGTQVTVSS
seq18693,EVQLVESGGGLVQPGGSLTLSCAASGSSVSILSIAWYRQAPGKKRELVAGISDDGSTVYIDSVKGRFTISRDNAKNSVYLQMNSLRAEDTAVYYCYAYVWGTRLPYWGQGTLVTVSS
seq18694,EVQLVESGGGLVQAGDSLTLSCVASGRTFSANGMGWFRQAPGKEREFVASIAWGDGNTYYANSVKDRFAISKDHAKNTVYLQMNSLKPEDTALYYCAAVSSNSETFDTWGQGIQVTVSS
seq18695,VQLVESGGGLVQPGGSLRLSCAAPGFTLDYYAIGWFRQAPGKEREGVSCIRSRGDRTNYADSVKGRFTVSRDNAKNTAYLQMNNLKPEDTGVYFCAAAPRTTVQDLCVTPLLGGADWVSWGQGTQVTVSS
seq18696,LQESGGGLVQPGGSLRLSCAASGFTLDLYTIGWFRQAPGKEREVVSCISSSDGSTYYADSVKGRFTISRDNAKNTVYLQMNSLKPEDTAVYYCATDSNYCSGYGPSDYWGQGTQVT
seq18697,EVQLVESGGGLVQAGGSLRLSCAASGRTFTDYPMGWFRQAPGKERELESFVPINGTSTYYADSDSGRFTISADNAKNTVYLQMNSLKPEDTAVYYCAAALDGYSCSWGQGTQVTVSS
seq18698,QVQLVESGGGLVQPGGSLRLSCAASGFTFSKYDMSWVRQAPGKGLEWVSRISSGGGSTYYADSVKGRFTISRDNAKNTLYLQMNSLKPEDTAVYYCATPTYSSDYRGLPPGQGTQVTVSS
seq18699,VKLVESGGGSVQAGGSLRLSCTASGSDYRWMYIARFRQCPGKEREGVAAIYTDDTDDSSPIYATSAKGRFTISQDKDKNAVYLQMNSPKPEDTAMYYCAARAFGGTWSLSSPDDFSAWGQGTQVTVSS
seq18700,QVQLQESGGGSVQAGGSLRLSCAASGFSYSYYCMGWFRQAPGKEREGVAVISPGGGSTYYADSVKGRFAISRDNAKNTVYLQMNSLKPEDTAIYYCAATTLPLYAAIMAMTSRSEADFDYWGQGTQVTVSS
seq18701,QVQLVETGGGLVQPGGSLRLSCAASGFTFSSYRMSWYRQAAGKERDVVATITANGVPTGYADSVMGRFTISRDNAKNTVYLEMNSLNPEDTAVYYCNAPRLHTSVGYWGQGTQVTVSS
seq18702,EVQLVESGGGLVQAGGSLRLSCAASGFTFDDYAIAWFRQAPGKEREGISCITPSDDRTYYADSVKGRFIISSDNAKNTVYLQMNSLKPEDTADYYCAAVPRLRGLGYWPYPEYEYDYWGQGTQVTVSS
seq18703,DVQLQESGGGLVQAGDSLRLSCAASGATLSSYTIGWFRQAPEKEREFVAGSSRDGRTNYYANSVKGRFTISRDNAKNTVYLQMNSLKPEDTAVYYCAAHTTSGVPVRERSYAYWGQGTQVTVSS
seq18704,EVQLVESGGGLVQAGGSLRLSCAASGFTDGIDAMGWFRQAPGKEREFVASIGRSGNSATNVDSVKGRFTISRDNAKNTMYLQMNSLKPEDTAGYYCAAATRRAYLPIRIRDYIYWGQGTQVTVSS
seq18705,EVQLVESGGGLVQAGGSLRLSCAASGDIPRIAAMGWYRQAPGKQRELVATVSNAATTRYADSAKGRFTISRDNAKTVSLQMDNLKPEDTGVYYCYSLATTVTPSWVNYWGQGTQVTVSS
seq18706,KVQLVESGGGSVQAGGSLRLSCAASGSTFSRRSMNWYRQAPGKQREFVAGISTGRITNYAVSVKGRFTISRDNAEGTGYLQMNSLKPEDTAVYYCNAGGLQGYWGLGTQVTVSS
seq18707,EVQLVESGGGLVQAGGSLRLSCAASGFTFSDYDIGWVRQAPGKEREWVSGISSSDGNTYYADSVKGRFTISSDNAKNTLYLQMNSLKAEDTAVYYCAAEPPDSSWYLDGSPEFFKYWGQGTQVTVSS
seq18708,EVQLVESGGGLVQPGRSLTLSCAASTNIFSSSPMGWYRQAPGKQRELVAAIHGESTLYADSVKGRFTISRDNAKNSIYLQMNSLRPEDTALYYCNKVPWGDYHPRKVYWGQGTQVTVSS
seq18709,EVQLVESGGGLVQAGGSLRLSCACSGFTSDDYAIGWFRQAPGKEREGVSYISREDGSRHYADSAKGRFTISSDYAKNTVYLQMNSLEPEDTAVYYCAAALLGDYVLWLPEYEYKYWGQGTQVTVSS
seq18710,QLQASGGGLVQAGGSLRLSCAASGRTFSSVSMGWFRQAPGKEREFVAAINWRGVSTYYADSVKGRFTISRDNAKNTGYLQMNSLKPEDTAVYYCAARRNFFGNNSAGQYAYWGQGAQVTVSS
seq18711,EVQLVESGGGLVQTGGPLRLSCAASGRLPRDYILGWFRQPPGKEREFVAAVPWTGSLTSYGDSVKGRFTISKNNAENTVYLQMNGLKPEDTAVYYCAATTTSGRINWGRASWGQGTQVTVSS
seq18712,QVQLQQSGGGLVQAGGSLRLSCAASGRTLNNYAMGWFRQAPGAEREFVGAISASGDSTQYTESVQGRFTISKDNAKSTVYLDMNSLKPEDTAVYYCAADRKTLTFYTSRLRSRYDYWGQGTQVTVSS
seq18713,QVQLVQSGGGLVQPGGSLRLSCAASGFTFSVYWFYWVRQAPRQGLEWVSTIASNGSTYYSDSVKGRFTISRDNAKNTVYLQMNSLKPEDTAVYYCVSDPDYYSDYERAYKFWAQGTQVTVSS
seq18714,QVQLVESGGGLVQAGGSLRLSCAASGRTFSDYTMGWFRQAPGKEREFVAGLSTGGSFTRYAASVEGRFTISRDNAKTTVYLQMNNLQPEDTAVYYCAADFTPYGTNWSRFREARDHYWGQGTQVTVSS
seq18715,EVQLVESGGGLVQAGGSLKLSCVASGLILSIHTMGWYRQAPGKQREFVAVASNSGRTNYADSVKGRFTISRDNAKNTVYLQMNNLKPEDTAVYYCNSASQFASWGQGTQVTVSS
seq18716,EVQLVESGGGLVQAGGSLRLSCVASGSIFRSNAMGWYRQAPGKKRDLVASISNSGSTNYADSVKGRFTVSRDNDKNTGYLQMNSLKPEDTGVYYCTIDARRGWNTGYWGQGTQVTVSS
seq18717,QVQLQESGGGLVQAGGSLRLSCAVSGNTLSRYAMGWFRQTPGKEREFVAAIRWNNAATYYAESVEGRFTISRDNAKNTVYLQMNNLQPEDTAVYYCAGRFLGYASSNAYHEALYNYDYWGQGTQVTVSS
seq18718,VKLEESGGGLVQAGGSLRLSCAASSSIFSINMSWYRQAPGNERELVATITRHDSTHYSDSVKGRFTISRDDDKNTIYLQMNSLKPEDTAVYYCSGFFLDGSTWHPYWGQGTQVTVSS
seq18719,QVQLQESGGGLVQTGGFLRLSCTASGRTSDTLVMGWFRQVPGKEREFVAAMSWNGGRTDYADSVKGRFTISRDNDRGTLYFTINNLKPEDTAVYYCHALNRFTSALSYWGQGTQVTVSS
seq18720,DVQLVESGGGSVQTGGSLRLSCTASGRTLNNFVMGWFRQAPGKEREFVAAISLSPTLAYYVESVKGRFTISRDNAKNTVVLQMNSLKPEDTALYYCAADRKSVMSIRPDYWGQGTQVTVSS
seq18721,VQLVESGGGLVQAGESLRLSCVVSESIFRINTMGWYRQTPGKQREVVARITLRNSTTYADSVKGRFTISRDDAKNTLYLKMDSLKPEDTAVYYCHRYPMFRNSPYWGQGTQVTVSS
seq18722,EVQLVESGGGLVQPGGSLRLSCAASGSTFDIYGMGWFRQAPGKEREGVAAITGDGSSTSYADSVKGRFTISADNSKNTAYLQMNSLKPEDTAVYYCAADNDTEYGYWGQGTLVTVSS
seq18723,EVQLVESGGGLVQAGGSLRLSCSASGSIFSINYMAWYRQEPGKEREVVASMSWRGDSTYLADSVQGRFTISRNNAKNTMYLQMNSLKPEDTALYYCKANNYWGQGTQVTVSS
seq18724,QVQLVETGGGLVQAGGSLRLSCAASGSIFSINAMGWYRQAPGKQRELVASISRGGTTSYADSVKGRFTISRDNAKNTVYLQMNSLKPEDTAVYYCNFASFGGVAVVGRYWGQGTQVTVSS
seq18725,EVQLVESGGGLVQPGGSLRLSCAASGFTFSTYGMGWFRQAPGKEREFVAAISWSGVSKHYADSVKGRFTISADNSKNTAYLQMNSLKPEDTAVYYCASSPYGPLYRSTHYYDWGQGTLVTVSS
seq18726,VQTGGSLRLSCSVPRFSLTSSTIGWFRQAPGSGREAVACMTREKEEDRYMNSVAGRFTISKDKTKNMMYLNMTGLKPEDTALYVCAVGWTWDDCLHQETYHYWGQGTQVTVSS
seq18727,EVQLVESGGGLVQTGASLRLSCAASGRTFSNYAMGWFRQAPGKERERVAAITPRAFTTYYADSVKGRFTISRDNAKNTAYLQMVSLKPEDTAVYYCAAQLVGSGSNLGRQESYAYWGQGTLVQVSS
seq18728,VRLVESGGGSVQAGGSLRLSCAASGDMNGYKCMGWFRQAPGKEREAVAGIYTGRGTTYYADSVKDRFTISQDNAKNTVYLQMNSLKPEDTAMYYCAAKYCAVVAEFGGPRLVRYWGQGTQVTVSS
seq18729,EVQLVESGGGLVQAGGSLRLSCAASGRTFSSYVMGWFRQAPGKEREFVATLSRSGDNTYYADSVKGRFTISRDNAKNTVSLQMNSLKPEDTAVYYCAGDPSPRFVISARRHEYDYWGQGTQVTVSS
seq18730,EVQLVESGGGLVQAGGSLSLSCTASGGTFRNFGMGWFRQAQGKEREFVAAISRSGGRTYYSDSVKGRFTISKDNAKNIMSLQMNSLRPEDTAVYYCAARFRFDDGTYYYQRAFYDFWGQGTQVTVSS
seq18731,QVQLQESGGGLVQAGGSLRLSCAASGRTFSKYAMGWFRQAPGKEREFVSAISWSDGSTYYADSVKGRFTISRDNAKNTVYLQVNSLKPEDTAVYYCAATYLVDVWAVHVPIRPYEYDYWGQGTQVSVSS
seq18732,EVQLVESGGGLVQPGGSLTLSCVASGSTSAINAMGWYRRAPGKQRELVAGISSDGSKVYVDSVKGRFTISRDNAKNSVYLQMNSLRAEDTAVYYCYYFRTVSGSSQRYWGQGTLVTVSS
seq18733,QVQLQESGGGLVQAGGSLRLSCAASGRTFSSHAMAWFRQGPGEERQFLAAIRWNGDNIHYSDSAKGRFTISRDLAKNTLYLQMNSLKPEDTAVYYCARGVYDYWGQGTQVTVS
seq18734,QVQLVESGGGLVQAGGSLRLSCAASGRTFSDYTMGWFRQAPGKEREFVAGINGSGGRTYYADSVKDRFTISRDNAKNTVYLQMNNLKLEDTAVYYCNAGRFERLRLISYWGQGTQVTVPS
seq18735,QVQLQQSGGGSVQAGGSLRLSCRASARASSIGAMAWFRQAPGKDRELVAAVTAGADTTYYRDFVKGRFTLSRDNAKNTVYLQMNSLKLDDTAVYYCAAYNTAGWGEPHQSYRYWGQGTQVTVSS
seq18736,MAESGGGSVQTGGSLRLSCAYTASSVCMAWFRQAPGKEREGVAVTREGLTQTGYADSVKGRFAISQDYAKKTLYLQMSSLKPEDTARYYCAARPTSPCTVDGELLASTYNYWGQGTQVTVGQ
seq18737,QVQLQESGGGLAQAGGSLRFSCAVSGSIFNWNVMGWYRQAPGKQRELVAFITPGGTTNYVDSVKGRFTISRDNAKNAVYLQMNSLKPDDTAVYYCNVPAAPYDYWGQGTQVTVSS
seq18738,QVQLVESGGGLVQPGGSLRLSCAASGSIFLINAMGWVRQAPGKGLEWVAVITRGGSANYADSVKGRFTISRDNSKNTLYLQMNSLRAEDTAVYYCNADLNLRSDPFKWYTFWGQGTLVTVSS
seq18739,EVQLVESGGGLVQAGGSLRLSCAVSGRSISTYVAGWFRQGPGKEREFVALISRGGGDIQYSDSVKGRFTISRDNAKNAVYLQMNSLKPADTAVYYCSLDASFGSRLVSRWDYWGQGTQVTVSS
seq18740,EVQLVESGGGLVQAGGSLRLSCAASLPYFSTYAMGWFRQAPGKEREFVARISLSGTGYADSVKGRFTISRSNAKNTVYLQMDSLEPEDTALYYCAAKRLPSRILDTPDYDYWGQGTQVTVSS
seq18741,EVQLVESGGGLVQPGGSLRLSCAASGEVYKINFLGWQRQAPGKEREKVAHITIADVADYADFAKGRFTISRDEAKNMVYLQMNSLKPEDTAVYFCRAGSRIWPYDYWGQGTLVTVSS
seq18742,EVQLVESGGGEVQPGGSLRLSCAASGSTFSMYHMSWFRQAPGKQREPVATSHHGGTTNYAESVKGRFTISRDNAKNTVYLQMNSLRAEDTAVYYCKADHGYNARGYWGQGTLVTVKP
seq18743,EVQLVESGGGLVQAGGSLRLSCAASGRTFSGILSPYAVGWFRQAPGKGREFVSTITSGGSAIYTDSVKGRFTLSRDNAKDTVYLQMNSLKPEDTAVYYCAVRTRRYGSNLGEVPQENEYGYWGQGTQVTVSS
seq18744,QVKLEESGGGSVQTGGDLRLTCAASGRTSRSYGMGWFRQAPGKEREFVSGISWRGDSTGYADSVKGRFTISRDNAKNTVDLQMNSLDPEDTAQYYCAAAAGSAWYGTLYEYDYWGQGTQVTVSS
seq18745,CGSLRLSCAASGRTFSTAAMGWFRQAPGKERDFVAGIYWTVGSTYYADSAKGRFTISRDNAKNTVYLQMDSLCPEDTAVYYCAARRRGFTLAPTRANEYDYWGQGTQVTVSS
seq18746,VQLVESGGALVQPGGSLRLSCAASGFPVNRYSMRWYRQAPGKEREWVAGMSSAGDRSSYEDSVKGRFTISRDDARNTVYLQMNSLKPEDTAVYYCNVNVGFEYWGQG
seq18747,EVQLVESGGGEVQPGGSLRLSCAASGSIFSIYAMGWYRQAPGKQRELVAGFTGDTNTIYAESVKGRFTISRDNAKNTVYLQMSSLRAEDTAVYYCAADVQLFSRDYEFYWGQGTLVTVKP
seq18748,EVQLVESGGGLVQPGGSLRLSCATSGFTLDYYVIGWFRQAPGKEREGVSCMSSSGDSTTYADSVKGRFTISRDTAKNMVYLQMTSLKPEDTAVYYCAADFALGCYSGSYYPRYDYWGQGTQVTVSS
seq18749,QVQLQESGGGLVQPGGSLRLSCAASGGTSIRIGSINALAWYRQALGNQRELVAAVTEGGSTNYADFVKGRFTISRDNAQNMMYLQMNSLKPEDTAVYYCNADKVLYSRGGYYSVANDLWGQGTQV
seq18750,VQLVETGGGLVQAGESLRLSCVASGFTFSRHPMAWYRQAPGKARELVASIASSSGVTDYHASVRGRFTISRDNAKNTVYLQINILKPEDTAAYYCNALPNLPRNYWGQGTQVTVSS
seq18751,LQESGGGLVQPGGSLRLSCAASGSDFSATAMTWYRQPPGKSREYVARIFLSGGTNYADSVKGRFTISRDNAKNTFYLQMNNLKREDTAVYYCNLASYWGQGTQVT
seq18752,EVQLVESGGELVQAGDSLTVSCAASGRTFSVYTMGWFRQAPMKEREFVAAISGGSIRYADSVKGRFAISSDNAGNTVYLQMNNLQPEDTAVYYCAAQGSIVFYSNWDRASQYDYWGQGTQVTVSS
seq18753,EVQLVESGGGLVQAGDSLRLSCVASGRTFVTYGMGWFRQAPGKEREFVAAIAWSGSMTSYGDSVKGRFAISRDNAKNTVYLQMNSLKPEDTAVYYCAAALGAVVYTTREPYTYWGRGTQVTVSS
seq18754,EVQLVESGGGLVQAGDSLRLSCAASGRPLSTYTMGWFRQAPGKDTEFIAAIDWSGGSTRYADSVKGRFTISRDNAKNTVYLQMNSLKPEDTADYYCAASVNNIATRLYDYWGRGTQVTVSS
seq18755,EVQLVESGGGLVQPGGSLRLSCAASGFTFSNYVMGWFRQAPGKEREGVSYISSSDGRTHYADSVKGRFTISADNSKNTAYLQMNSLKPEDTAVYYCAAVLDGYNGSWGQGTLVTVSS
seq18756,KVQLVESGGGLVQAGGSLRLSCAASGRTFSNYAMGWFRQAPGKEREFVAAISWSGASAIYADSVKGRFTISRDNAKNTVYLQMNSLNAEDTAVYYCAAGNGGSYYGHSRARYDYWGQGTQVTVSS
seq18757,DVQLVESGGGLVQAGGSLRLSCESSISTFSSDAMGWFRQAPGKGREFLAAIGWSGAVTHYSDSVKGRFTISRDNAKNTVYLQMNSLKSEDTGRYYCAEDYDTDVWQYWGQGTQVTVSS
seq18758,EVQLVESGGGQVQPGGSLRLSCESSVSIWSFKVMGWFRQVPGKQRELVATITTGGSPDYSDSVKGRFTISRDYDKRTLYLQMNSLKPEDTARYYCAGRLWAHITSSGHDVWGQGTQVTV
seq18759,AVQLVDSGGGLAQTGGSLRLSCAASQGIFTINAMGWYRQVPGKQRELVAEVSSGGRTDYADSVKGRFTISRDNAKNTVYLQMNSLKPEDTGVYYCRVSGWHVFVGDRIVWGQGTLVTVSS
seq18760,QVQLQESGGGLVQPGGSLRLSCTAPGFTLDYYNIGWFRQAPGKERERVSCISSSGGSTNYADSVKGRFTISRDNAKNTVYLQMNSLKPEDTGVYYCAHCMATTEGYEYDYWGQGTQVTVSS
seq18761,AVQLVESGGGSVQAGGSLRLSCVTAGDIDRIRCMAWFRQVPGKEREGVAGILTTNSYTYYQDSVKGRFTISRDSAGITLFLQMNSLQPEDTAMYYCEAANRCTLGSWEGFMYWGQGTQVTVSS
seq18762,EVQLVESGGGLVQAGGSLRLSCAASGRTFSSYAMGWFRQAPGKEREFVAAISWSGGSTYYADSVKGRFTISADNAKNTVYLQMNSLKPEDTAVYYCAAVPTVYGERDYWGQGTQVTVSS
seq18763,EVQLVESGGGLVQPGGSLTLSCVASGSQVSFLSMAWYRQAPGKKRELVAGISADGSTDYFDSVKGRFTISRDNAKNSVYLQMNSLRAEDTAVYYCYAYRWTRRYTYWGQGTLVTVSS
seq18764,QVQLQESGGGLVQSGESLRLSCAASGLRFSSYAMSWVRQAPGKGLERVSAINSDGDKTSYADSVKGRFTISRDNARNTLYLQMSNLKPEDTAVYYCADRDLYCSGSMCKDVLGGARYDFRGQGTQVTVSS
seq18765,EVQLVESGGGLVQAGGSLTLSCANSGRTYRGYSMAWFRQPPGKEREFVAAITWSEGNPYYEDFVKGRFTISRDNAKNTLYLRMTRLEPEDTALYYCAAKIRPYIFKIAGQYDYWGQGTLVTVSS
seq18766,QVQLQESGGGLVQPGGSLRLSCTASGFTLDYYAIGWFRQAPGKEREGVYCISSSDGSSYFAHSVKGRFTISRDYAKNTVYLQMNSLKLEDTAVYYCATLSRGCGSSWSPDFGSWGQGTQVTVSS
seq18767,QVQLQESGGGLVQAGGSLRLSCVASGRTLDNYAMGWFRQAPGAEREFVGAISANGEDTQYTESVQGRFTISKDNAKSTVYLDMNSLKPEDTAVYYCAADRKTLTYYTSRLRSRYEYWGQGTQVTVSS
seq18768,EVQLVESGGGLVQAGGSLRLSCAASGLSFSRYAMGWFRQAPGKQREYVAVISSSDTTYYTNSAKGRFTISRDNAENTVYLQMNSLKPEDTAVYFCAADSFVTALQTLTQINYWGQGTQVTVSS
seq18769,VRLVESGGGSVQAGGSLRLSCAADRYTYSSACMGWFRQAPGKEREGVASIFTGTGGSTYYADSVKGRFTISQDNAKNTVYLQMNSLKPEDTAIYYCAARAFQVGYCYLRTDVYNYWGQGTQVTVSS
seq18770,QVQLVESGGGLVQPGGSLRLSCAASGFTFSSYAMNWVRQAPGKGLEWVSAISGGGSTRYADSVKGRFTISRDNAKNTLYLQMNSLKPEDTAVYYCAKSGFYSDYERRYRYLEVWGQGTLVTVSS
seq18771,QVQLQQSGGGLVQPGGSLRLSCTASGITSSTYAMSWYRQAPGKQREPVASIASSGSTFYAESVKGRFTISRDNAKNMAFLQMNSLEPGDTAVYYCKVPRYGGSDYWGQGTQVTVSS
seq18772,EVQVVESGGGLVQAGGSLRLSCVASGFDFSDSVMGWYRQAPGKQREAVAIISSVGQSNYRDSVQGRFTVSRSNTENTMYLQMDSLKPEDTAIYYCKKFGPGEYWGQGTQVTVSS
seq18773,QVQLQESGGGLVQPGGSLRLSCAASGFTFSNSAMSWMRQAPGNGVEWVSSVNIDGGRRYAEAVAGRFTISRDNAKNTLYLQMNSLKPEDTAVYYCAKGLASTIRGQGTQVTVSS
seq18774,QVHLMESGGGSVQVGGSLRLSCAASGYTVSSYCMGWFRQAPGKEREGVAAIDSDGSVSYADSVKGRFTISKDNAKNTLYLQMNSLKPEDTAMYFCAADLCWVDQDQGEYNTWGQGTQVTVSS
seq18775,EVQLQESGPGLVKPSQTLSLTCTVSGGSITTRYYAWSWIRQPPGKGLEWIGVIDYDGDTYYSPSLKSRVTISWDTSKNQFSLQLSSVTPEDTAVYYCARDPDVVTGFHYDYWGQGTTVTVSS
seq18776,EVQLVESGGGLVQAGGSLRLSCAASGRTFRINDMGWYRQAPGKSRDMVARITSGGNTNYADSVKGRFTISRDNAKNTVYLQMNSLKPEDTAVYYCNADGLRFDSTRYRPFDSWGQGTQVTVSS
seq18777,VQLQEFGGGLVQPGGSLRLSCQASTSVFGNTAMAWYRQAPGKQRELVARITTLGFTYYADSAKGRFTISRDSAMNTVYLQMNSLKPEDTAVYYCRARRALRESHWGQGTQVTVSS
seq18778,EVQLVESGGGLVQTGDSLRLSCVASGRTFSSYSMGWFRQAQGKEREFVVAISNGGYKYDSVSLEGRFTISRDNTKNTVYLQINSLKPEDTAVYYCAASRAYGSSRLRLADTYDYWGQGTQVTVSS
seq18779,VQLQESGGGSVQAGGSLRLSCTASGFTFDDSDMGWYRQAPGNECELVSRISRDGTTYYADSVKGRFTISQDNAKNTVYLQMNSLKPEDTAVYYCADINSGYELGTCESLDYWGRGTQVTVSS
seq18780,QVQLVDSGGGLVQAGGSLRLSCATSTRTVSSAVMAWFRQAPEKVRDFVGFITNSGNILYDDSVKGRFTISRDNAQNTVYLQMNSLKPEDTAVYYCAAKWSFSSGYGDLRRAAMYDYWGQGTQVTVSS
seq18781,EVQLVESGGGLVQPGRSLTLSCAASTNIFSITPMGWYRQAPGKQRELVAAIHGTSTLYADSVKGRFTISRDNAKNSIYLQMNSLRPEDTALYYCNKVPWGRYHPRNVYWGQGTQVTVSS
seq18782,QVQLQESGGGSVQAGGSLRLSCAASGHTSDVYTMGWFRQVPGKEREFVATINRSGSDSYYADSVKGRFTISRDNAKNTVYLQMNSLKPEETAVYYCAASRSDCLGIGCRRVPHDYWGQGTQVTVSS
seq18783,EVQLVESGGGLVQPGGSLRLSCAASGEVYKINFLGWYRQAPGKEREKVAHITIADVADYADFAQGRFTISRDEAKNMVYLQMNSLKPEDTAVYFCRAGSRIWPYDYWGQGTQVTVSS
seq18784,QVQLQESGGGLVQAGGSLRLSCVASGRAFSNYAMAWFRQAPGKEREFVAANWRSGGLTDYADSVKGRFTISRDDAKNTVYLQMNSLKPEDTAVYYCAAGGGSRWYGRTTASWYDYWGQGTQVTVSS
seq18785,EVQLVESGGGLVQPGGSLRLSCAASGRTFSRSAMGWFRQAPGKGREFVGFITGSGGTTYYGESVKGRFTISRDNAQNTLYLQMNSLRPEDTAVYYCGVYRRTYISSTYSESSEYDYWGQGTLVTVSS
seq18786,QVQLQESGGGLVQPGGSLRLSCAASGSISSSYVMGWYRQAPGKQRDLVATITNAGNIHYGDSVKGRFTISRDNAKNTVSLQMNSLKPEDTAVYYCNARALWRAYWGQGTQVTVSS
seq18787,VQLVESGGGLVQPGGSLRLSCAASGSISSINVMGWYRQAPGKERELVARITNLGLPNYADSVEGRFTISRDKDENTVYLEMNTLKPEDTAVYYCYLVGLKAEYWGQGTQVTVS
seq18788,QVQLQESGGGSVQAGGSLTLSCAASGRAASDYAVGWFRQAPGKEREFVAACNWSGEDTVYAYIVKGRFTISRDNAGNTVSLRMSSLEPEDTAVYYCAAAPSFSRSVLDGNLSQIDYWGQGTQVTVSS
seq18789,QVQLVESGGGSVQPGGSLRLSCAAIGSVFTMYTTAWYRQTPGNLRELVASITDEHRTNYAASAEGRFTISRDNAKHTVDLQMTNLKPEDTAVYYCKLEHDLGYYDYWGQGTQVTVSS
seq18790,EVQVQESGPGLVKPSQTLSLTCTVSGGSITTDYSYWSWIRQPPGKGLEWMGAIAFSDTTYYSPSLKSRTSISRDTSKNQFTLQLSSVTPEDTAVYYCARLSTVAGMDYWGKGTLVTVSS
seq18791,EVQLVESGGGLVQAGGSLRLSCAASTSIYSITVMAWFRQAPGKEREFVAAITWSAPTTYSADSVKGRFTISRDNAKNTVYLQMNSLKPEDSAIYYCAADRFKGRSIVTRSDYRYWGQGTQVTVSS
seq18792,QVQLVESGGGLVQPGGSLRLSCAASGGIFSIGVMGWVRQAPGKGLEWVATITSRGSTNYADSVKGRFTISRDNSKNTLYLQMNSLRAEDTAVYYCYADLIRPGDFYGMDYWGQGTLVTVSS
seq18793,EVQLVESGGGLVQPGGSLRLSCAASGLAFSTYVMRWFRQVPGKQRELVAAIHTGGSSNTVDSVKGRFTISRDNAKNTVYLQMNSLKPEDTAVYFCNAYADSRNYWGRGTQVTVSS
seq18794,DVQLVESGGGVVQPGGSLRLSCAASGGTFSTYVMGWFRQAPGKEREFVAAISQNSIHTYYADSVKGRFTISRDNSKNTVYLQMNSLRPEDTALYYCAASRFTSWYTADYEYDYWGQGTLVTVSS
seq18795,VQLAESGGGLVQPGGSLRLSCAASGRALNYYVIGWFRQAPGKEREGVSCIASSEAYTDYADSVQGRFTISRDKALNTVYLDMKRLKPDDTAVYYCAARLRDPNWCGRNADEYDSWGQGTQVTVSS
seq18796,EVQLVESGGGLVQPGGSLRLSCAASGFTFGSYDMSWVRQAPGKGPEWVSAINSGGGSTYYADSVKGRFTISRDNAKNTLYLQMNNLKPEDTAVYSCAIPRGWGPTGPHEYAYWGQGTQVTVSS
seq18797,EVQLVESGGGLVQPGGSLRLSCAASGGTLSGNAMGWFRQAPGKEREWVASIYWSSGNTYYADSVKGRFTISADNSKNTAYLQMNSLKPEDTAVYYCANSNKPKFDWGQGTLVTVSS
seq18798,QVQLQQSGGGLVQAGGSLRLSCVASGSGSINYMAWHRQTPGRQRELVAVINRTGAARYADSVKDRFTISRDNAENTMYLQMNDLKPDDTAVYYCFASALGAGVYWGQGTQVTVSS
seq18799,QVQLVEKGGKRVQPGGSLRLKCAASGFPVNRYSMRWYRQAPGKEREWVAGMSSAGDRSSYEDSVKGRFKIKRDDARNTVYLRMRKLKPEDTAVYYCNVNVGFEYWGQGTRVTVSK
seq18800,EVQLVESGGGQVQPGGSLRLSCESSVSIWSFKVMGWFRQVPGKQRELVATITTGGSPDYSDSVKGRFTISRDYDKRTLYLQMNSLKPEDTAVYYCAGRLWAHITSSGHDVWGQGTQVTV
seq18801,QVKLEESGGGLVQAGGSLRLSCIGSGDISSFNAMGWYRQVPGKQRELVAFISSGGRSKYTDSVKGRFTISGDNAKNTVYLQMIDLKPEDTAVYYCNAGSVVSYETGNYYEPSNYGQGTQVTVSS
seq18802,QLQLVESGGGWVQAGGSLRLSCAASGFTLDYYAIGWFRQAPGKEREGVSCISSSGGRSNYADSVKGRFTISRDNAKNTVYLQMNSLKIEDTGVYYCAAVILDDSWQCGYYYNMDYWGKGTLVTVSS
seq18803,EVQLVESGGGSVQAGGSLRLSCAASGRTIFSDYAMGWFRQAPGKEREFVSAINWSGGSTTYADSVKGRFTISRDNYKNTVYLQMNSLKPEDTAVYYCASRAGGGLWTQTHEYVDWGQGTQVTVS
seq18804,QVKLEESGGGLVQAGGSLRLSCAASGRTFSTYSMGWFRRAPGKEREFVAAISWSGGTTRYTNSVKGRFTISKDNFGNTVYLQMNNLKPEDTAVYYCATRYSYSTTPEEYDLWGQGNQVTVSS
seq18805,QLQLVESGGGLVQPGGSLRLSCAASGFTFSGYWMYWVRQAPGKGLEWVSVINTREGSTYYADSVKGRFTISRDLAKNTLYLQMNSLKSEDTAVYYCANGGAELQPTTYGGLWSPDRSLDAWGQGTLVTVSS
seq18806,EVQLVESGGGLVQPGGSLRLSCAVSGGTFSSVGMGWFRQAPGKGLEFVGAISRSGDSTYYAGSVKGRFTISRDGAKNTVYLQMNSLKDEDTAVYYCAARPAGTPINIRRAYNYWGQGTQVTVSS
seq18807,VQLVESGGGLVQPGGSLRLSCAASGSIFSINAMGWYRQAPGKQRELVAAITFGGGSTNYADSVKGRFTISRDNAKNTVYLQMNSLKPEDTAVYYCNADLLVGGFPRRNVYWGQGTLVTV
seq18808,DVQLVESGGGLVEAGGSLRLSCQASGRSFNSYALGWFRQAPAKEREFVAAISWFGGNTWYADSVKGRFTISRDNAKNTAYLQMNSLKPEDTAVYFCAADRDYRHLVAGLMDTRGKGIQVTVSS
seq18809,EVQLVESGGGLVQGGGSLSLSCAASGRTFSSYAMAWFRQPPGKEREFVASISWSGENTNYRNSVKGRFTISRDNAKNTVYLQMNSLKPEDTAVYYCAAKIAKTYPDNWYWTKSNNYNYWGQGTQVTVSS
seq18810,QVQLQESGGGLVQPGGSLRLSCATSGFTFSDYWMYWVRQAPGKGLEWVSTVNTNGLITRYADSVKGRFTISRDNAKYTLYLQMNSLKSEDTAVYYCTKVVPPYSDDSRTNADWGQGTQVTVSS
seq18811,EVQLVESGGGLVQAGGSLRLSCAASGSIFSIYTMGWYRQAPGEQRELVAAITSGGSTNYADSVKGRFTISRDNAKNTVYLQMNSLKPEDTAVYYCNAIAHEEGVYRWDFWGQGTQVTVSS
seq18812,EMQLVESGGGLVQAGGSLRLSCAASGNFFRVNTMAWYRQAPGKQRELVADITRGDRTNYADTVNGRFTISRDNVRNTVYLQMNGLKPEDTAAYYCYARIELGVLEPRDYWGQGTQVTVSS
seq18813,EVQLVESGGGLVQAGGSLGLSCSASGLLFSRNSAGWYRQAPGKQREFVARIREGGSINYADTVKGRFTISRDNAKNTVYLQMNSLKPEDTAVYYCSSWRTGFYEYWGQGTLVTVSS
seq18814,DVQLVESGGGLVQPGGSLRLSCSASGRTFSFSTSTMGWFRQAPGKELEFVAAIDWSDFNTYYADSVKGRFTISRHNPKNSVYLQMNSLRPEDTAVYYCAAHSETRGGTRYFDRPSLYNYWGQGTQVTVSS
seq18815,QVQLQESGGGLVQAGGSLRLSCAASGRTFPGYVMAWFRQSPGQEREFAAAINWRGGDTYYADSVKGRFTISRDNVKNTVFLQMNSLKPEDTAVYFCAARLTTEYDYAYWGQGTQVTVSS
seq18816,EVQLVESGGGLVQAGGSLRLSCAASGSIFRINAMGWYRQAPGKQRELVAAAISGGSTNYADFVKGRFTISRDNAKNTVYLQMNSLKPGDTAVYYCNALVVSHNYSDYVPFPDDYWGQGTQVTVSS
seq18817,QVQLVESGGGSVQAGGSLRLSCAASGDSPSVNYMGWFRRAPEKQREEVASIYPTGGTFYTDSVKGRFTISRDNAKNTLYLQMTALKPEDTAMYYCAAGKWGTDYWGQGTQVIVSS
seq18818,EVQLVESGGGLVQTGGSLRLSCEASGRTFSSYSMGWFRQAPGKEREFVVAISKGGYKYDSVSLEGRFTISRDNAKNTVYLQINSLRPEDTAVYYCASSRAYGSSRLRLADTYEYWGQGTLVTVSS
seq18819,EVQLVESGGGLVQPGGSLRLSCVASGDVHKINFLGWYRQAPGKEREKVAHITIGDQADYADSAKGRFTISRDEAKNMVYLQMNSLKPEDTAVYFCRAGSRIYPYDYWGRGTLVTVSS
seq18820,VQLQQSGGGLVQAGGSLRLSCAASGSIFAINEINLMGWYRQAPGKQRELVAACASDGNTYYADSVKGRFTISRDNAEKTVYLQMNNLKPDDTAVYYCDANSRGNYYSGQGTQVTVSS
seq18821,EVQLVESGGGLVQPGGSLTLSCVASGSTSLINAMGWYRRAPGKQRELVAGISSDGSKVYADSVKGRFTISRDNAKNSVYLQMNSLRAEDTAVYYCYYFRHVSGSSMRYWGQGTLVTVSS
seq18822,DVQLQASGGGLVQAGGSLRLSCVASGSIFSVNAVAWYRQAPGKQRELVAYIRRSGSTNYADSVKGRFTISRDNAKNTVYLQMNSLKPEDTAVYYCNADFGSDYVVLGSWGQGTQVTVSS
seq18823,EVQLVESGGGLVQPGGSLRLSCAASGFTFSDYAMSWVRQAPGKGLEWVSAINTAGIITNYADSVKGRFTMSRDNAKNTLYLQMNSLKPEDTAKYYCARNRDINNSRPPESQGTQVTVSS
seq18824,EVQLVESGGGLVQAGGSLRLSCAASGFTFDDYAIGWFRQAPGKEREGVSCIRCSDGSTYYADSVKGRFTISSDNAKNTVYLQMNSLKPEDTAVYYCAADFSLAQYKTIHRMPPYGMDYWGKGTLVTVSS
seq18825,QVQLQESGGGLVQAGGSLRLSCAASGFSSDDYTIAWFRRAPGKEREGISCFSSSDGSAGYADSVKGRFTVSSDNAKNTVYLQMNSLKPEDTAVYYCAADSNVWSPPICGSTWYGPPPGGMAYWGKGTQVTVSS
seq18826,EVQLVESGGGLVQAGGSLRLSCESSISTFSSDAMGWFRQAPGKEREFLAAIGWSGAVTHYSDSVQGRFTISRDNAKNTVYLQMNSLRAEDTGRYYCAEDYDTDVWQYWGQGTQVTVSS
seq18827,QVQLQESGGGLVQAGGSLRLSCAVSGNTLSRYAMGWFRQTPGNEREFVAAIRWNNGATYYAESVKGRFTISRDTGKNTVYLQMNNLKPEDTAVYYCAGRFLGYASSNAYHEALYNYDYWGQGTQVTVSS
seq18828,EVQLVESGGGLVHAGASLRLSCVASGLAFSRYAMGWFRQAPGKERESVAAISSSGDNIYYSRSVKGILSISRDNAKSAVYLQMNNLKPEDTAVYYCAAAASTLFIASDYFEASRYDYWGQGTQVTVSS
seq18829,QVQLQESGGGLVQAGGSLRLSCVESTRTLRTYAMGWFRQAPGKEREFVAAINWGTGRTYYEDSVEGRFTISRVNAENTVYLLMNSLKPEDTAVYYCAARDSLLTGLNILRDPARYAYWGQGTQVTISS
seq18830,EVQLVESGGGLVQPGGSLRLSCAASGRTYDAMGWFRQAPGKEREFVAAISGSGDDTYYADSVKGRFTISRDNSKNTMYLQMNSLRPEDTAVYYCATRRGLYYVWDSNDYENWGQGTLVTVSS
seq18831,EVQLVESGGGLVQAGGSLRLSCAASGFTIDDYAIGWFRQAPGKEREGVSCISSSDGSTYYADSVKGRFTISSDNAKNTVYLQMNSLKPEDTAVYYCAAAQGLVVTEMFVGRSYDYWGQGTQVTVSS
seq18832,EVQLVESGGGEVQPGGSLRLSCAASGSIFSINAMGWYRQAPGKQRELVAGFTGDGSTKYAESVKGRFTISRDNAKNTVYLQMSSLRAEDTAVYYCAADVQLLSSDYEFYWGQGTLVTVKP
seq18833,EVQLVESGGGLVQAGGSLRLSCAASGSLFSINAMAWYRQAPGKQRELVAAITSSGSTNYANSVKGRFTVSRDNAKNTMYLQMNSLKPEDTAVYYCVVDEYGSDYWIWGQGTQVTVSS
seq18834,EVQLVESGGGLVQPGGSLRLSCAASGDVHKINILGWYRQAPAKEREMVAHITIGDATDYADSAKGRFTISRDEAKNMVYLQMNSLKPGDTAVYFCRAYSRIYPYNYWGQGTLVTVSS
seq18835,EVQLVESGGGLVQPGGSLRLSCAASGRTFRHYAMGWFRQAPGKEREFVAAISSYGSTDYGDSVKGRFTISRDNSKNTVPLQMNSLRPEDTAVYYCAAADETLGAVPNFRLHEKYEYEYWGQGTLVTVSS
seq18836,EVQLVESGGGLVQPGRSLTLSCAASTNITSVSPMGWYRQAPGKQRELVAAIHGPSTLYADSVKGRFTISRDNAKNSIYLQMNSLRPEDTALYYCNKVPWGDYHPTNVYWGQGTQVTVSS
seq18837,EVQLVQSGGGLVQTGGSLRLSCGASGRTISDYVVGWFRQAPGKERAFVAAISRYGTTYYAASVQGRFTISRDNPRNTVYLQVDSLRPEDTAVYFCAALQNDVRNNHSPTSYDYWGQGTQVTVKP
seq18838,VQLQESGGGLVQAGGSLRLSCAASGRTFSTYAMGWFRQAPGKERGLVAAISWSGGSTYYADSVKGRFTIFRDNAENTVYLQMNSLKPEDTAVYYCAAEAEGSGREGNFYERSWYQGQGTQVTVSS
seq18839,EVQLVESGGGLVQPGGSLKLSCAASGFDFSSHWMYWVRQAPGKELEWLSEINTNGLITQYGDSVKGRFTVSRNNAANKMYLELTRLEPEDTALYYCARNQKGLNKGQGTQVTVSS
seq18840,EVQLVESGGGLVQPGGSLRLSCEASGFTWDYYVIGWFRQAPGKEREGLSCISSDGSTTYADSVKGRFTISRDNAKNMVYLQMNSLKPEDTAVYYCATDPALGCYSGSYYPRYDYWGQGTQVTVSS
seq18841,EVQLVESRGGLVQPGGSLRLSCATSGTIFSNNAMGWYRQAPGKKRDLVASISNSGSTNYADSVKGRFTVSRDNDKNTGYLQMNSLKPEDTGVYYCTVDARRGWNTAYWGQGTQVTVSS
seq18842,EVQLVESGGSLVQPGGSLRLSCAASGFTFDDYAMTWVRQTPGKGLEWVSSINWSGTHTDYTDSVKGRFTISRNNANNTLYLQMNSLKSDDTAVYYCAKNWGDAGTTWFEKSGSAGPGTQVTVSS
seq18843,QVQLVETGGGLVQPGGSLGLSCVVASGRSINNYGMGWYRQAPGKQRELVAQISSGGTTNYAGSVEGRFTISRDNVKKMVYLQMNSLKPEDTAVYYCNSLLRTFSWGQGTQVTVSS
seq18844,DVQLVESGGGLVQPGGSLRLSCAASGSIGGLNAMAWYRQAPGKERELVAGIFGVGSTRYADSVKGRFTISRDNSKNTVYLQMNSLRPEDTAVYYCRMSSVTRGSSDYWGQGTLVTVSS
seq18845,VQLQQSGGGLVQAGGSLILRCRATVSGFSIGTMGWYRQAPGKEREFVANVSPSGAKYFADSVKGRFTISRDNANNTVYLQMNSLKPEDTGVYYCNIRRFSYLSGDWGQGTQVTVSS
seq18846,EVQLVESGGGLVQPGGSLRLSCATSGFTEDYYVIGWFRQAPGKEREGVSCMSSSGDSTTYADSVQGRFTISRDNAKNMVYLQMTSLKPEDTAVYYCAADFALGCYSGSYYPRYDYWGQGTQVTVSS
seq18847,EVKLQESGGGLVQSGGSLRLSCIASGSTVSDNTMGWYRQAPGKQRELVAVISSVGVTNVAQSVKGRFTISRDNAKNTVTVYLQMSSLKPEDTAVYYCNALGTGRGNWGQGTQVTVSS
seq18848,EVQLVESGGGLVQAGGSLRLTCVVSGRTYNNYVMGWFRQAPGKEREFVAGIDWSSSWSSTLYADSVKGRFTISRNNAKKTVSLQMNSLKPEDTAVYYCAANLGSKNPSLRPGREAYNYWGQGTQVTVSS
seq18849,EVQLVESGGGEVQPGGSLRLSCAASGSTFSMYHMSWFRQAPGKQREPVATSHHGGTTNYAGSVKGRFTISRDNAKNTVYLQMNSLRPEDTAVYYCKADHGYGNRGYWGQGTLVTVKP
seq18850,QVQLQESGGGLVQPGGSLRLSCAASGRVFSINTMGWYRQAPGKQRELVASMTRGGSANYADSVKGRFTTSRDNAKNMVYLQMNRLKAEDTAVYYCNAARGWRIYWGKGTLVTVSS
seq18851,EVQLVESGGGLVQAGGSLRLSCAASGRTFTIYTMGWFRQAPGKAREFISALRWSGGSTYTFYADSVKGRFTISRDNAKNTLYLQMNSLKSEDTAIYYCGMVDPRAPYMRPDSTDSYAYWGQGTQVTVSS
seq18852,DVQLVESGGGLVQPGVSLRLSCAASGFTFGRYWIHWVRQAPGKGLEWVSATNTGGSTYYADSVKGRFTISRDNAKNTLYLQMNSLKSDDTALYYCARDQGALGWHMAFWGQGTQVTVSS
seq18853,VQLVESGGESVQAGGSLRLSCAASGRTISNYDMAWSRQAPGKEREFVARISGSGDRTDYADSVKGRFTISRDNAKNTVYLQMNSLKPEDTAIYNCQTQIFGSPNFSGQGTQVTVS
seq18854,QLQVVESGGGLVQPGGSLRLSCAASGFTFSSYYMHWVRQAPGKGLEWVSSIYSDGRGSKTFYADSVKGRFTISRDNAKNTLYLQMNSLKSEDTAVYFCAKDLLVAARGSMDYWGQGTQVTVSS
seq18855,QLQESGGGLVQPGGSLRLSCAASGMRSSLAIMGWYRQAPGKQRELVATITIGGNTNYADSVKGRFAISRDNTKRTVYLQMNSLTPEDTAVYYCNVRSFVRTYWGQGTQVTVSS
seq18856,EVQLVESGGGEVQPGGSLRLSCAASGRTFEYDDMVWFRQAPGKEREEVAGISWSGGSIYYAESVKGRFSISRDNAKNTVYLEMNRLKPEDTAVYYCNVGSYWGQGTLVTVKP
seq18857,QVQLVESGGGLVQAGGSLRLSCAASGRAVSTSVMGWFRQAPGKERAFVAAVAPIGGSTYYGESVKGRFTISRDNAKNTLYLQMNSLKPEDTAVYYCAAGARGNSIYEPEYTYWGQGTQVTVSS
seq18858,EVQLVESGGGSVQAGGSLRLSCVVSGYTCSVYDMIWYRQPPGKEREFVSLINSNGRTTYADSVKGRFTISQNNAKNTVYLQMNSLKPEDTAMYYCHAACYSPSRLNYWGQGTQVTVSS
seq18859,QLQLVESGGGLVQAGGSLRLSCAASGSAFSLYAMGWHRQAPGKQRELVAYITNGDITNYADSVQGRVIISRDNAKNTVYLHMNSLKPEDTAVYYCYAVGGRTFWGQGTQVTVSS
seq18860,QVQLQQSGGGLVQAGGSLRLSCAASGTGFPIITFMGYYRQTPGNQREEVALINRGGVAKYGDSVKDRFTISRDNAKNTVYLEMNNLKPDDTAVYYCYADRFSGSPTWGQGTQVTVSS
seq18861,QVQLQESGGGLVQPGGSLRLSCAASGFTLGYYPIGWFRQAPGKGLEGVSCISGSGGSANYAASVKGRFTISRDNAKNTVYLQMNSLKPEDTAIYYCAADLSSLTTVQAMCVIPRPGFSAKAYDYWGLGTQVTVSS
seq18862,EVQLVESGGGLVQPGGSLRLSCAASESISSDSPMAWYRQAPGKQREMVARILPIGPPDYADAVKDRFSISRENAKNTVYLQMNSLKPEDTAVYYCNLLHLPSGLNYWGQGTQVTVSS
seq18863,EVQLVESGGGLVQPGGSLTLSCVASGSTSSTNAMGWYRRAPGKQRELVAGISSDGSKVYVDSVKGRFTISRDNAKNSVYLQMNSLRAEDTAVYYCYYFRTVSGSSMVYWGQGTLVTVSS
seq18864,ASGGGLVQAGGSLRLSCAVSGFTFDDYAIGWFRQAPGKEREGVSAISVEDGSTYYADSVKGRFTISSDNAKNTVYLQMNSLKPEDTAVYYCAAEDPSMGYYTLEEYEYDYWGQGTQVT
seq18865,EVQLVESGGGLVQPGGSLRLSCAASGSTFRKYAMGWFRQAPGKEREFVAAISSGGGSTNYADSVKGRFTISADNSKNTAYLQMNSLKPEDTAVYYCAAGRYRERDSWGQGTLVTVSS
seq18866,DVQLVESGGGLVQPGGSLRLSCAASGSIFTINAMGWYRQAPGKQREEVAAITSGGSTNYADSVKGRFTISRDNAKNTVYLQMNSLKPEDTAVYYCKAVVVTTPYSDYWGQGTLVTV
seq18867,EVQLVESGGGSVQPGGSLRLSCAASGLIVGRPAMGWYRQAPGKQRELVAIIGSGGNTNYPESVKGRFTIARENANNTVYLQMNSLKPEDTAVYHCNLHGTRFWGQGTQVTVSS
seq18868,EVQLVESGGGLVQPGGSLRLSCTASESIFSIDAMGWHRQAPGKQRELVAHITGGGRSNYADSVKGRFAISGDSAKRTVYLQMNSLKPEDTAVYYCNAEGQAGWGTALMDYWGKGTQVTVSS
seq18869,EVQLVESGGGLVQPGGSLRLSCAASGSTFSINMMAWYCQAPGKQRELVASISSGGGINYADSVKGRFTISRDYAENSVDLQMNSLKPEDTAVYYCNARGTYLNGDHYSTNYNSWGQGTQVTVSS
seq18870,QVQLQESGGRLVEAGGSLRLSCAVSGGTFSWYAMGWFRQAPGKEREFVATVSRGGGASYYADSVKDRFTISRDNAKNTVYLQMNGLKYEDTAVYYCAAGRGAPSDTGRPDEYDYWGQGTQVTVSS
seq18871,QVQLQESGGGLVQAGGSLRLSCAASGRASSGYGMGWFRQVPGKEREFVAAIRWSGKETWYVDSVKGRFTISRDNAKSTVYLQMNSLKPEDTGVYYCAVRPVRVDDISTPDGFVYWGQGTQVTVSS
seq18872,LQESGGGLVQAGGSLNLSCTAVGNIFRINAMGWYRQAPGKQRELVAQISRGSSTNYADSVKGRFTISRDNAKDTVTLQMNSLKPEDTAVYYCNAQGRYYGGTYDPTYDYWGQGTQVT
seq18873,DVQLVESGGGSVQAGETLRLSCTASGFTFAEADMGWYRQAPGHVCELVSTITTEGITSEASSYYADSVRGRFTISRDNAKNMVYLQMNSLKPEDTAVYYCAPDPYAYSTYSDYCSWAQGTQGTQVTVSS
seq18874,EVQLVESGGGLVQPGRSLTLSCAASTNIFMISPMGWYRQAPGKQRELVAAIHGDSTLYADSVKGRFTISRDNAKNSIYLQMNSLRPEDTALYYCNKVPWGRYHPRNVYWGQGTQVTVSS
seq18875,QVQLQESGGGLVQAGGSLRLSCAASGRYHTAWFRQAPEKEREFVGTISSGDSTWYTNSVKGRFAISRDSARNTVYLQMNDLKPEDTAVYYCAAALYYGDSRRAGDYPYWGQGTQVTVSS
seq18876,EVQLVESGGGLVQAGGSLRLSCVASKITFRRYIMDWYRQAPGKQRELVASINSDGSTGYTDSVKGRFTISRDNTKNTLDLQMNSLKPEDTAVYYCHGRWLEIGAEYWGQGTQVTVSS
seq18877,EVQLVESGGGLVQPGGSLRLSCAASGSIFRINAMGWFRQAPGKEREFVAAIHWSGSSTRYADSVKGRFTISADNSKNTAYLQMNSLKPEDTAVYYCAAQDRRRGDYYTFDYHWGQGTLVTVSS
seq18878,DVQLVESGGGLVQPGGSLRLSCAASGSIGGLNAMAWYRQAPGKERELVAGIFGVGSTRYADSVKGRFTISRDNSKNTVYLQMNSLRPEDTALYYCRMSSVTRGSSDYWGQGTLVQVSS
seq18879,LQESGGGLAQAGGSLRLSCAASGRSDSTDTMTWFRQAPGKEREFVASVSWIANTYYADSVKGRFTASRDYTKNTVYLQMNNLTPEDTAVYYCAAADHGSRWWRQVADITTYDYWGQGTQVT
seq18880,AVQLVESGGGLVQTGDSLRLSCVASGGTFSRYAMGWFRQAPGKEREFVARIGYSGRSISYATSVEGRFAISRDNAKNTVYLQMNSLKPEDTAVYYCASLVSGTLYQADYWGQGTQVTVSS
seq18881,EVQLLESGGGLVQPGGSLRLSCAHSGPTFRTDTMGWFRQAPGKGREFVAAVTWNSGRINYADSVKGRFTISRDNSKNAAYLQMSSLRPEDTAVYYCAAHRFVVGGNRVEDWRYWGQGTLVTVSS
seq18882,EVQLVESGGGLVQAGGSLNLSCVLSGRTLWRSNMGWFRQAPGKEREFVGSIDWITTNIYYADSVKGRFTISRDNPKNTFYLQMNSLKPEDTAVYRCASSGPADARNGERWALWGQGTQVTVSS
seq18883,EVQLVESGGGLVQPGGSLRLSCAASGSTFRINVMAWYRQAPGKGRELVAGVINDGSTTYADSVKGRFTISRDNAKNTLYLQMNSLRPEDTAVYYCAFVTTNSDYDLGRDYWGQGTLVTVSS
seq18884,EVQLVESGGGLVQPGGSLRLSCAASGRTFSSIYAKGWFRQAPGKEREFVAAISRSGRSTSYADSVKGRFTISRDNSKNTVYLQMNSLRPEDTAVYYCAAVGGATTVTASEWDYWGLGTLVTVSS
seq18885,QVQLQESGGGLVQAGDSLRLSCAGSGRAFRTYAMGWFRQAPGKEREFVARMTFGGGDTDYAGSVKGRFTISKDYAKNILYLQMNSLNPEDTAVYYCAADRTYRDLLQSRTVDYWGQGTQVTVSS
seq18886,EVQLVESGGGLVQAGGSLRLSCAASGRAFSSYAMGWFRQAPGKERDFVAAITSSGSTNYADSVKGRFTISRDNAKNTVYLQMNSLKPEDTAVYYCGARVNYAAYSRLEHDYHYWGQGTQVTVSS
seq18887,QVQLQDSGGGLVQPGGSLRLSCAASENIASINTMGWYRQAPGKQRELVAEMTEDGTATYLDSVKARFTISRDNPGNTVYLQMHSLKPEDTAVYYCHADRVLYRSGGIYHVGSNYWGQGTQVTVSS
seq18888,QVQLVESGGGLVQAGGSLNLSCAASGRTFSNYAMSWFRQAPGKEREFVAGISRSGGTTSYADSVKGRFTISRDNAKNTVYLQMNSLKPEDTAVYLCASGLRTSAARWYDTPRSYDYWGQGTQVTVSS
seq18889,EVQLVESGGGLVQPGGSLRLSCAASGFLFDSYASMGWFRQAPGKEREFVATIWRRGNTYYANYADSVKGRFTISADNSKNTAYLQMNSLKPEDTAVYYCTETGTAAWGQGTLVTVSS
seq18890,EVQLVESGGGLVQPGGSLRLSCAASGFTLDYYNIGWFRQAPGKEREWVSCISSSDGSTAYADSVKGRFTISRDNAKNTVYLQMNSLKPEDTAVYYCAAPFSYYSSLCGVNEYDYWGQGTQVTVSS
seq18891,EVQLVESGGGLVQPGGSLTLSCAASGSSVKFLSMAWYRQAPGKKRELVAGVSADGSTDYIDSVKGRFTISRDNAKNSVYLQMNSLRAEDTAVYYCYAYEWTTRYTYWGQGTLVTVSS
seq18892,EVQLVESGGGLVQAGGSLGLSCAASGRSFSMYAMGWFRTAPGKEREFVAAISGSGTLTSYADSVKGRFAISRDNAKNTVYLRMNNLNAEDTAVYYCAARSGWGAAMRSADFRSWGQGTQVTVSS
seq18893,MAESGGGSVQTGGSLRLSCAYTASSLCMAWFRQAPGKEREGVAVTREGLPQTGYADSVKGRFAISQDYAKKTLYLQMSSLKPEDTARYYCAARPTSPCTVDGELLASTYDYWGQGTQVTV
seq18894,EVQLVESGGGLVQPGGSLRPSCTASGSAFSGSVVGWFRQAPGKEREFVTAINWSGARTYYADSVKGRFTISRDNAKNTAYLQMNSLKPEDTAVYYCAAARDRYARALTEYEYLWWGQGTQVTVSS
seq18895,QVQLVETGGGLVQPGGSLRLSCAASGFTFSSYAMGWARQVPGKGLEWVSYIYSDGSTEYQDSVKGRFTISRDNAKSTVYLQMNSLKPEDTAVYYCATEGSLGGWGRDFGSWGQGTQVTVSS
seq18896,EVQLVESGGGLVQPGGSLRLSCAASGSIGRFVAMGWYRQAPGKQRELVATITSITSGGRTNYADSVKGRFTISRDNAKNTVYLQMNSLKPEDTAVYYCNVVPYVNDYWGQGTQVTVSS
seq18897,QVQLQESGGGSVQTGGSLRLSCAASTSIISFNYMAWFRRAPGKGREGVAAVYIDDGRPYYADSVKGRFTISLDSAKNTVYLQMGSLRPEDTAMYYCAAAPGPLSRNYWHTPANYDYWGQGTQVTVSS
seq18898,EVQLVESGGGLVQPGGSLRLSCSASGRTFSFSTSTMGWFRQAPGKELEFVAAIDWSDFNTYYADSVKGRFTISRHNSRNSVYLQMNSLRPEDTAVYYCAAHSETRGGTRYFDRPSLYNYWGQGTQVTVSS
seq18899,DVQLVESGGGLVQPGGSLRLSCAASGFAFDDYAIGWFRQAPGEEREGVSSISSTYGLTYYADSVKGRFTISSDNSKNTVYLQMNSLRPEDTATYYCAATPIGLIGLDAYEYDYWGQGTLVTVSS
seq18900,EVQLVESGGGVVQAGESLTLSCAASGRTLSAYIMGWFRQAPGKEREFVAGIWSGGYTHLADSAKGRFSISRDNAKNTVYLQMNGLKPEDTAVYYCAAGLRGRQYSNWGQGTLVKVSS
seq18901,QVQLQESGGGLVQAGGSLRLSCAASGRTFSSYAMGWFRQAPGKEREFVAGISGSGGRTYYEDSVKGRFTISRDNAKNMVYLQMISLKLEDTAVYYCAANTRGYNSGSYYRASDFDSWGQGTQVTVSS
seq18902,QVQLQESGGGLVQVGGSLRLSCTISGFTGNDLAIGWFRQAPGKDQREGISCISNTDSSTYYADSVKGRFTISSDNAKNTVHLQMSSLKPEDTAVYYCAADGNVWSPPICGSAGPPPGGMDYWGKGTQVTVSS
seq18903,EVQLVESGGGLVQPGGSLRLSCAASGTIFRVNVMAWYRQAPGKGRELVAAIITDGTTTYADSVKGRFTISRDNAKNTLYLQMNSLRPEDTAVYYCAFVTTNSDYDLGRDYWGQGTLVTVSS
seq18904,QVKLEESGGELVQPGGPLRLSCAASGNIFSINRMGWYRQAPGKQRAFVASITVRGITNYADSVKGRFTISVDKSKNTIYLQMNALKPEDTAVYYCNAVSSNRDPDYWGQGTQVTVSS
seq18905,QLQVVESGGGLVQPGGSLRLSCAASGFTFDSYWMYWVRQAPGKGLEWLSAINPGGGMTYYADSVKGRFTIARDNAKNTVYLQMNSLKSEDTAVYYCAKELRGSYYYISSEYDYWGQGTQVTVSS
seq18906,QVQLVESGGGLVQAGGSLRLSCAASGRTFSRSSMGWFRQAPGKEREFVASIVWADGTTLYGDSVKGRFTVSRDNVKNMVYLQMNNLKPEDTALYYCADNKFVRGLVAVRAIDYDYWGQGTQVTVSS
seq18907,VQLVETGGGLVQAGDSLRLSCAASGRTLSFNTYAMGWFRQAPGKEREFVASITWNGGSTSYADSVKGRFTITRDNAKNTATLRMNSLQPDDTAVYYCAAARYYVSGTYFPANYWGQGTQVTVSS
seq18908,LQESGGGLVQAGDSLRLSCAASGLTFSSYAMGWFRQAPGKERKFVAAINWSGGSTYYADSVKGRFTISRDNAKNTVYLQMNSLKPEDTAVYYCTSGPGSQLPPSDYWGQGTQVT
seq18909,EVQLVESGGALVQPGGSLRLSCAASGFTFRNYDMSWVRQAPGKGPEWVSSINSGGGSTYYADSVKGRFTISRDNAKNTLYLQMNSLKPEDTAVYYCATGLITTAQAMLEEYDYWGQGTQVTVSS
seq18910,QVKLEESGGGSVQAGGSLRLSCSASGYTFSSYSSNCMGWFRQAPGKEREVVAAISTGGTRTYVADSVKGRFTISQDNAKNTGYLQMNSLKPEDTAMYYCAAELAPSYSGSWCYRVSDFAYWGQGTQVTVSS
seq18911,AVQLVESGGGLVQPGGSLRLSCAVSGIYYSINLMGWYRQAPGKPRELAASITDSGITNYADSVKGRFTISRDNAKNTVHLQMNNLKPEDTAVYYCKPMGVNWGQGIQVTVSS
seq18912,QVQLQEFGGGLVQAGGSLRLSCAASGDAINNYGVGWFRQAPGKERERVATISWDDEITLYADSVKGRFTISSDNATNTVYLQMNSLKPEDTAVYYCAAERWICTIEAGPNGSDYWGQGTQVTVSS
seq18913,QVQLQESGGGLVQPGGSLRLSCAASGSIFSFNAMGWYRQAPGKQRELVAAITRGGSTNYADSVKGRFTISRDNANNTVYLQMNSLKPEDTAVYYCNAESRIFRRYDYWGPGTQVTVSS
seq18914,QLQLVETGGGLVQAGGSLRLSCAASGRTFSSYAVGWFRQAPGKEREFVAAISWSGSYAYYADSVKGRFTISRDNAKNTVYLQMNSLKPEDTAVYYCNGDLEGYSNHETGDYWGQGTQVTVSS
seq18915,QVQLQESGGGSVQTGGSLRLSCAASTSIYSNNYMAWFSQAPGKGREGVAAVYIGDGRPYYADSVKGRFTISLDSAKNTVYLQMNSLKPEDTAMYYCAAAPGPLSRNYWYTSANYDYWGQGTQVTVSS
seq18916,QVQLQESGGGLVQPGGSLRLSCRASESLFSLYAMGWYRQAPGKQPELIATISGGGEGTGNYADPVKGRFTISRNNANNTVFLQMNSLKPEDTAVYYCNVYGTNLAPWGQGTQVTVSS
seq18917,EVQLVESGGGLVQPGGSLRLSCAASGFTFDDYAIGWFRQAPGEEREGVSSISSTYGLTYYADSVKGRFTISSDNSKNTVYLQMNSLRPEDTAVYYCAATPIGLIGLDAYEYDYWGQGTLVTVSS
seq18918,QVQLVESGGGLVQPGGSLRLSCVVSGRTLESYVMAWFRQAPGKEREAVASINWSSGRLIYADFVKGRFTISRDNSKNTLYLQMNSLRPEDTAVYYCAAGRYWGQGTQVTVSS
seq18919,DVQLQASGGGLVQPGGSLRLSCAASGRTLSGYAVAWFRQAPGKEREFVAAISSSDNSSPYYANVVKGRFTISRDNAKNTVYLQMNSLQTEDTALYYCAARYGTKRYVAREYDSWGQGTQVTVSS
seq18920,EVQLVESGGGLVQAGGSLRLSCAASGGIFSDMFMGWFRQAPGKSRESVARISPSGNTFYQDSVRGRFTISTDNAKNTVYLQMNNLKPEDTAVYYCAANVGVTGSYEYWGQGTQVTVSS
seq18921,QVQLQESGGGLVQAGGSLRLSCAASGRSISNYAMGWFRQAPGKEREFLAASVWNNGGNYYADSVKGRFTASRDDAKSTAYLQMSRLRPEDTGIYYCVVARTPETPITSARGANYWGQGTQVTVSS
seq18922,QVQLQESGGGLVQAGGSLRLSCAVSGNTLSRYAMGWFRQTPGNEREFVAAIRWNNGATYYADSVKGRFTISRDTGKNTVYLQMNNLQPEDTAVYYCAGRFLGYASSNAYHEALYNYDYWGQGTQVTVSS
seq18923,EVQLVESGGGLVQPGGSLRLSCAVSGGTFSSVGMGWFRQAPGKGLEFVGAISRSGDSTYYAGSVKGRFTISRDGAKNTLYLQMNSLKDEDTAVYYCAARPAGTPINIRRAYNYWGQGTQVTVSS
seq18924,EVQLVESGGGLVQAGDSLRLSCAASGLTFSGYEMGWFRQAPGKERAFVAAISQSGGTTSYAVSVKGRFTIARDNAKNTVYLQADNMKPEDTAVYYCAAALLLLPTSPSRVDYWGQGTQVTVSS
seq18925,EVQLVESGGGLVQAGGSLRLSCAAPGVIFRLNAMGWYRAAPGKQRELVAIIANGGSTNYADSVKGRFTISRDSAKNAVYLQMNSLKPEDTAVYYCYYNIPGDVYWGQGTRVTVSS
seq18926,AVQLVESGGGLVQAGGSLRLSCAASGSIFSINAMGWYRQAPGKQRELVARISSGGSTNYGDSVRGRFTISRDNAKNTVYLQMNDLKSEDTAVYYCNAERRRPLVGPRLYWGQGTQVTVSS
seq18927,EVQLVESGGGLAQAGGSLRLSCTASGRTFSTYFMAWFRQPPGKEREYVGGIRWSDGVPHYADSVKGRFTISRDNAKNTVYLQMNSLKSEDTAVYFCASRGIADGSDFGSYGQGTQVTVSS
seq18928,GLAQAGGSLRLSCAASGRTFSSYAMAWFRQAPGKEREIVATISWNGDTTDYADSVKGRFTISRDNAKNTVYLQMNSLTPEDTAVYYCAADSTKWVFYDYWGQGT
seq18929,EVQLVESGGGLVQPGGSLRLSCAASGRTFSIYAMGWFRQAPGKERELVSAISTDDGSTYYADSVKGRFTISADNSKNTAYLQMNSLKPEDTAVYYCAAALPDDTYLATTYDYWGQGTLVTVSS
seq18930,EVQLVESGGGLVQPGGSLRLSCAASGTLFKINAMGWYRQAPGKRRELVALITSSDTTDYADSVKGRFTISRDNSWNTVYLQMNSLRPEDTAVYYCHSDHYSLGVPEKRVILYGQGTLVTVSS
seq18931,EVQLVESGGGEVQPGGSLRLSCAASGGTFSSYGMAWFRQAPGKEREWVASNSWIAGSTYYAESVKGRFTISRDNAKNTVYLQMSSLRAEDTAVYYCAADLLATADDEYDYWGQGTLVTV
seq18932,EVQLVESGGGLVQPGGSLTLSCVASGNTSSINAMGWYRRAPGKQRELVAGISSDGSKVYYDSVKGRFTISRDNAKNSVYLQMNSLRAEDTAVYYCYYFRTVRGSSQRYWGQGTLVTVSS
seq18933,QVQLQASGGGLVQPGGSLTLSCAASGFPFLDYALSWYRQTPGKERELVASISRFGSNTNYADSVKGRFTASKDSTTNTVYLQMNSLKPEDTAVYYCKAARVLGYPPIEHWGQGTQVG
seq18934,QVQLQESGGGLVQPGGSLRLSCRASGGIFGINAMRWYRQAPGKQRELVASISSGGTTDYVESVKGRFTISRDNATNTVDLQMSALKPEDTAVYYCNFVRFWFPDYWGQGTQVTVSS
seq18935,VTTSKMSLRLSCAASGRTFSTAAMGWFRQAPGKERDFVAGIYWTVGSTYYADSAKGRFTISRDNAKNTVYLQMDSLKPEDTAVYYCAARRRGFTLAPTRANEYDYWGQGTQVTVSS
seq18936,EVQLVESGGGLVQPGGSLRLSCAASGSVHLLNFLGWYRQAPGKEREMVAHISIADATDYAHFAKGRFTISRDEAKNMVYLQMNSLRPEDTAVYFCRAGSRIYPYDYWGRGTQVTVSS
seq18937,QVQLVQSGGGLVQAGGSLRLSCAASGGTFATSPMGWLRQAPGKGTEFVAAISPSGGDRIYADSVKGRFTISRDNAGYFIYLQMNSLKPEDTAVYYCAVRRRFDGTSYYTGDYDSWGQGTLVTVSS
seq18938,EVQLVESGGGLVQPGGSLRLSCATSGFTFSTSWMYWLRQAPGKGLEWVSTITPRGLTDYTNSVKGRFTVSRDNAKNTLYLQMNSLKSEDTAVYYCTKDKNGPPMGQGTQVTVSS
seq18939,EVQLVESGGGLVQAGGSLRLSCAAPETIFTINSMGWYRQAPGKQRELVAFINLDGNTNYADSAKGRFTISRDNAENTVYLQMDNLKPDDTAVYYCNVLLSRAISGSYVHWGQGTQVTVSS
seq18940,EVQLVESGGGLVQAGDSLRLSCVASGGTFSNYAAWFRQAPGKGRELILSIFRSGSITYTADSVKGRFTGSRVNTKNTAYLQMNNLKPEDTAVYYCASAYNPGIGYDYWGQGTQVTVSS
seq18941,QVQLVESGGGLVQPGGSLRLSCAASGSIFSIATMAWYRQAPGKQRELVAGITRSGSTNYRDSVKGRFTISRDNAKNTMYLQMNSLKPEDTAVYYCTDYSSRYYHDYWGQGTQVTVSS
seq18942,VQLQESGGGSVQAGETLRLSCTASGFTFDDSDMGWYRQAPGNECELVSTISSDGSTYYADSVKGRFTISQDNAKNTVYLQMNSLKPEDTAVYYCAADGHKYELGTCAALDYWGRGTQVTVSS
seq18943,EVQLVESRGGLVQAGGSLRLSCAGSGRTLYSYPMGWFRQAPGKEREFVAAISMSGDDTAVATFVKGRFTISRDNARNTVYLHMTSLKPEDTAVYHCAARTSYSGRYDYIDDYSYWGQGTQVTVSS
seq18944,EVQLVESGGGLVQTRGSLRLSCTLSGLILTYYDIAWFRQAPGKEREGVSCISKYKNTEYADSVKGRFTISRDNAKITVYLQMNDLNLEDTAVYYCAAVRSRYSTCSLTGDMNYWGKGTLVTVSS
seq18945,EVQLVESGGGLVQPGGSLTLSCAASGSISSFNFMSWHRQAPGKERELAGVITRGGATNYADSVKGRFTISRDNAKNSVYLQMNSLRAEDTAVYYCHGRSQLGSTWGQGTLVTVSS
seq18946,EVQLVESGGGLVQAGESLRLSCAGSGFSFDRYSIGWFRQAPGKEREGVACINRNDGGTAYVDSVKGRFTISRDNAKNTVSLQMSSLKPEDTAVYICVRGLTGTCNDGMSPYRGQGTQVTVSS
seq18947,EVQLVESGGGLVQPGGSLRLSCAASGSIFKVNAMGWYRQAPGKGRELVAGIISGGSTNYADSVKGRFTISRDNAKNTLYLQMNSLRPEDTAVYYCAFITADTEYDLGKRFWGQGTLVTVSS
seq18948,LQESGGGLVQPGGSLRLSCAASGFTFDDYAMGWFRQAPGKEREFVAAISWSGGFTYYADSVKGRFTISRDNAKNTVYLQMNSLKPEETAVYYCVARDYRLWSPYQYEYDYWGQGTQVT
seq18949,QVQLQESGGGLVQAGGSLRLSCAASGSIFSLNDMGWYRQAPGKQRELVAAISSGGRLNYADSVKGRFTISRDNAKNTVYLQMNSLKPEDTAVYYCNAVVAGTFSTYDYWGQGTQVTVSS
seq18950,QVKLVESGGGSVQAGGSLRLSCVASTSTYCRYYMRWYRQAPGKEREFVSAMQPDGTTSYSDSVKGRFTMSQDRANNMLYLQMNSLRPEDTAMYYCKRDPMGGSRTPCTSAWGQGTQVTVSS
seq18951,PVQLQESGGGSVQDGGTLQLSCEDSKWSYTYYCMGWFRQAPGKEREPVAHIDSEGTVAYADTVKGRFTISRGDAKHRVYLQMNNLKADDTAIYYCAANGGYCLRPRQLAADYEYWGQGAQVTVSS
seq18952,QVQLVESGGGLVQAGGSLRLSCAVFGNTGAIHAMAWYRQAPGKQREEVARISFGDGRTVYGDSVKGRFTISGDDAKNTMYLQMNILKAEDTAEYYCNAVFLGIGPTGRFEYEYWGQGTQVTVSS
seq18953,QVQLQESGGGLVQAGGSLRLSCAASGTIFSINVMGWYRQAPGKQRELVASITSGGQIKYADSVKGRFTTSRDNAKNTVYLQMNSLKPEDTAVYYCNAASSTWPPRDYDYWGQGTQVTVSS
seq18954,QVQLQQSGGGLVQPGGSLRLSCAASRSIRSADAMAWYRQAPGKQRVWVATITSGGSTYYTDSVKGRFTISRDNAKSTVYLQMSSLKPEDTAVYYCNAVGDRTSYWGQGTQVTVAS
seq18955,EVQLVESGGGLVQAGDSLRLSCAASGRTFSSYVMGWFRQAPGKEREFVAAISSSGALTSYADSVYGRFTISRDNAKKMVYLQMSSLKPEDTDVYYCAAGRGPWSPRPSLLTYDYWGQGTQVTVSS
seq18956,EVQLVESGGGLVQPGGSLTLSCVASGSTSSINAMAWYRRAPGKQRELVAGISSDGSKVYADSVKGRFTISRDNAKNSVYLQMNSLRAEDTAVYYCYYFRTVSGSSMRYWGQGTLVTVSS
seq18957,EVQLVESGGGLVQAGGSLRLSCAASGSISNDNSMGWYRQAPGWQRELVAIKFSGGTTDIAESAKGRFTISRDNAKNTVYLQMNSLRPEDTAVYYCRLFLPSLAMGYWGQGTQVTVSS
seq18958,DVQLVESGGGVVQPGGSLRLSCSASGLLFSRNSAGWYRQAPGKQREFVARIRAGGSINYADSVKGRFTISRDNSKNTVYLQMNSLRPEDTALYYCSSWREGFYEYWGQGTLVTVSS
seq18959,EVQLVESGGGLVQAGGSLSLSCTASRGTFRNYAMGWFRQAQGKEREFVATISRSGGHIYYSDSVKGRFAISKDNAKNMMSLRMNSLKPEDTAVYYCAARFRFDDGTYFYQRAFYDFWGQGTQVTVSS
seq18960,EVQLVESGGGLVQAGQSLRLSCAAAGRTFSVYAMGWFRQAPGKEREFVASVSWRTGFPNYADSVKGRFTISRDNAKNTVYLQMNNLIPADAAVYYCASRSGLWVGAPPSDPSHYDYWGQGTQVTVSS
seq18961,QVQLVESGGGLVQPGGSLRLSCAASGFTFSNYAMSWVRQAPGKGPEWVSGISSGGRSTSYGDSVKGRFTISRDNAKNTLYLQMNSLKPEDTAVYHCAKDLTTWYLAELDYWGQGTQVTVSS
seq18962,EVQVVESGGGLVQAGGSLRLSCAVSGTSVSSNAMGWYRQAPGKQREWVGFIDRIATTTIATSVKGRFAITRDNAKNTVYLQMSGLKPEDTAVYYCNHPLTARWGQGTQVTVSS
seq18963,QVQLVESGGALVQPGGSLRLSCAASGFPVNRYSMRWYRQAPGKEREWVAGMSSAGDRSSYEDSVKGRFTISRDDARNTVYLQMNSLKPEDTAVYYCHYRALMLFHMRVRRRKLYWGQGTQVTVSS
seq18964,VQLQESGGGSVQAGGSLTLSCLMSGHTYYGPCVGWFRQRPGKAREGIAQISPSGGSVSYSGGVKGRFTISRDNSKNTIALIMNDLVPEDTATYYCAADSGGLCSHRERDYDIWGQGTQVTV
seq18965,QVQLQQSGGGLVQPGGSLRLSCAVSGLAFGRYAMAWYRQAPGKERELVARISNGGYTNYADSAKGRFTISRDNVKNTVYLEMNSLKFDDTAVYYCNSGWSGNYWGKGTLVTVSS
seq18966,EVQLVESGGGLVQPGGSLRLSCAASGRTFGDYIMGWFRQAPGKERESVAAINWSGGYTAYADSVKGRFTISADNSKNTAYLQMNSLKPEDTAVYYCATASPNTGWHFDHWGQGTLVTVSS
seq18967,EVQLVESGGGLVQAGGSLRLSCVASGRAFSSYVMGWFRQAPGMEREFVALIRWSDGITGYVDSVKGRFTISRDNAKNTVYLQMNSLKPEDTAVYYCAAAVRPGDYDYWGQGTQVTVSS
seq18968,QVQLVESGGGSVQAGGSLRLACAASGVTLSDYCMGWFRQAPGKEREGVAAIKDRGSISYYADSVKGRFTISKDNAKNTMYLQMNRLNSEDTAMYYCAVTRNSCLGLAKFRPPSYNYWGQGTQVTVSS
seq18969,QVQLQESGGGLVQPGESLRLSCAASGSISSRNAMGWYRQAPGKEREWVAGITSDGITNYADSVKGRFTISRDNAKNTVGLQMNSLKPDDTAVYYCNFWPPLYGRPWGQGTQVTVSS
seq18970,EVQLVESGGGSVQAGGSLRLSCAASGYIISSYCMGWFRQAPGKEREGVAAIDSDGGTSYADSVKGRFTISKDNAKNTLYLQMDSLKPEDTAMYYCAADFCWVDEDRHLYEYNSWGQGTQVTVSS
seq18971,DVQLLESGGGLVQPGGSLRLSCAASGGSLSNYVLGWFRQAPGKGREFVAAINWRDDITIGPPNVEGRFTISRDNSKNTLYLQMNSLRPEDTAVYYCGAGTPLNPGAYIYDWSYDYWGQGTLVTVSS
seq18972,EVQLVESGGGLVQPGGSLRLSCAASGRIFSLPASGNIFNLLTIAWYRQAPGMQRELVATINSGSRTNYADSVKGRFTISRDNAQKTLYLQMNSLRPEDTAVYYCQTSGSGSPNFWGQGTLVTVSS
seq18973,QVQLQESGGGLVQAGGSLRLSCVASGSSGSDYALGWYRQAPGKQREWVAGISRGGDTNYADSVQGRFTISRDNAKNTVYLQMNSLKPEDTAVYYCNMRILPNWNPIVGRWGQGTQVTVSS
seq18974,DVQLQESGGGSVQAGGSLRLSCVASGWTYSSNSLSMAWFRQAPGKEREGVATITSYVGRTYYADSVKGRFTISRDHAKSTVYLQIDSLKPEDTATYYCAAEYLGGSFLSTGAYKYWGQGTQVTVSS
seq18975,QVQLQESGGGLVQAGESLRISCVASGNTFDTRAMGWFRQAPGKEREFVAAISRSSFNTYYSDSVTGRFTISRDNAKNTVYLQMNSLKPEDTAVYYCVAGKYGMKWRDGADYWGQGTQVTVSS
seq18976,EVQLVESGGGLVQAGASLRLSCAASGRAFSTNPMGWFRQSPGQEREFLAAVRWADGNTYYTDSVKGRATISRDNAKKTVYLQLNNLKSEDAAVYYCAAGRPWSAYHAPKEYIYWGQGTLVTVSS
seq18977,EVQLVESGGGVVQPGGSLRLSCAASGGTFSFYGMGWFRQAPGKEREFVADIRTSAGRTYYADSVKGRFTISRDQSKNTVYLQMNSLRPEDTALYYCAAEPSGISGWDYWGQGTLVTVSS
seq18978,EVQLVESGGGLVQAGGSVRLSCAASGGTFRSYSMGWFRQAPGKEREFVGRITWTGSTSYADFVKGRFTISRDNAENMMYLQMNSLKPEDTAIYYCARDRTGLRYLTAQAMRDTNEYEYWGQGTQVTVSS
seq18979,QVQLVESGGGVVQPGGSLRLSCAASDSIDSLVNMGWYRQAPGKQRELVALIANYITHYADFVKGRFTISRDNSKNTLYLQMNSLRAEDTAVYYCYARSIIVDYWGQGTLVTVSS
seq18980,EVEVVASGGGLVQPGGSLRLSCAASGFTFSNYWMYWARQAPGKGLEWVSAIDQSGTTTRYADSVKGQFTISRDNAKHTLYLQMNSLKPEDTALYYCTTSGRYYAMDYWGKGTQVTVST
seq18981,QVQLQESGGGLVQAGGSLRLSCVASGNDFSIYDIGWYRQAPGKPREYVAAVGKGGYTNIAASVKGRFTISRDNAKNTVYLQMNTLKPEDTAVYSCAAAERYGSGRLGDITRYSYWGHGTQVTVSS
seq18982,LQESGGGLVQPGGSLKLSCAASGFTFDDYAIGWFRQAPGKEREGVICINNDGDTHYADFVKGRFTISRDNARNTVYLQMNSLKPDDTAVYHCGMLRSQIWGAPIEEYNHWGRGTQVT
seq18983,QLQLVESGGGLVQPGGSLRLSCAASGFNVNAYHIGWFRQAPGKEREGVSFISSDHSTNYADSVKGRFTISRDSGTVYLQMNRLKPEDTATYYCAATANQLWQVWMGITSWGQGTQVTVSS
seq18984,QVQLVESGGGLVQTGGSLRLSCAASGLTFGVYGMEWFRQAPGKQREWVASHTSTGYVYYRDSVKGRFTISRDNAKSTVYLQMNSLKPEDTAIYYCKANRGSYEYWGQGTQVTVSS
seq18985,DVQLVESGGGLVQAGGSTRLTCKASGSIFNINSINVMAWYRQAPGKQRELVAIIGKGGGTNYADFVKGRFTISRDAAKNTVNLQMNSLKPEDTAVYYCYADYEDHDSPFNASWGQGTQVTVSS
seq18986,EVQLLESGGGLVQPGGSLRLSCAASGRTFNNYNMGWFRQAPGKGREFVAAVSRSGVSTYYADSVKGRFTISRDNSKNTVYLQMNSLRPEDTAVYYCAAAYRGTAINVRRSYSSWGQGTLVKVSS
seq18987,QVQLVESGGGIVQPGGSLRLSCVASESISDIDAMYWHRQAPGKRRELVAGITNDGTEYFADSVKGRFAISRDNTKSSLYLQMNSLKLEDTAMYYCATLPNPPPGYWGQGTQVTVSS
seq18988,EVQLVESGGGLVQAGGSLRLSCAASGLFFSFYNMGWFRQAPGKEREFVAIIRKTGGSTYYADSVKGRFTISRDNAKNTVYLQMDSLKPEDTAVYYCAAASSYYSDSYYYTRSDKYNYWGQGTQVTVSS
seq18989,EVQLLESGGGLVQAGDSLRLSCAASGRTDSLYAVGWVRQAPGKDREFVAAITWIGGAVLYADSVKGRFTISKKFGGNTVYLQMNNLAPEDTAVYSCASTFRRIWDAEESIFDTWGQGTQVTVSS
seq18990,EVQLVESGGGLVQAGGSLRLSCAASGRTFSGYVAGWFRQAPGKEREFVAASSWSGITYYGDSVKGRFTISRDNAKNTVYLQMNSLKPEDTAVYYCGAGKGYYKDYRGYDYWGQGTQVTVSS
seq18991,DVQLQESGGGLVQAGGSLRLSCAASGFTFDEGAIGWFRQAPGKEREAVSCISDSDGSTWYTDSLKGRFTISSDNAKNTVYLQMNSLSPEDTAVYYCAALGSGYGCYLWTTTVDMDYWGKGTLVTVSS
seq18992,QVQLQESGGGLVQTGGSLRLSCAASGSIFVGNAMGWYRQALGNQRELVAGITSDGTTYYPDSVKGRFTISRDNDKNTIYLQMNSLKPEDTAVYYCNLWPPRIGFASWGQGTQVTVSS
seq18993,EVQLVESGGGLVQPGGSLRLSCAASGSIGGLNAMAWYRQAPGKERELVAGIFGVGSTRYADSVKGRFTISRDISKNTVYLQMNSLRSEDTAVYYCAMSSVTRGSSDYWGQGTLVTVSS
seq18994,QVQLVESGGGSVQAGGSLRLSCAASGANGGRSCMGWFRQVPGKEREGVSGISTGGLITYYADSVKGRFTISQDNTKNTLYLQMNSLKPEDTAMYYCATSRFDCYRGSWFNRYMYNSWGQGTLVTVSS
seq18995,DVQLVESGGGSVQPGESLRLSCRVSGDPYMTYCMGWFRQAPGKERGGVAYMNSAGRPTYYADSVKGRFTISQGDARYTMFLQMNSLKPEDTAIYYCAAVKCGSPDIIPSEHDFRYWGQGTQVTVSS
seq18996,EVQLVESGGGLVQAGGSLRLSCAASGSSFSSYTMGAIRWSDESPYYSDSVKGAIRWSDESPIYADSVKGRFTISRDNAKNTLYLQMHSLKPEDTAFYYCAARLVPPGIPIERTLESMRYWGKGTLVTVSS
seq18997,EVQLVESGGGLVQAEGSLRLSCAASGSTFSTYAMAWYRQAPGKQRELVAGISFDGSTHYAESVKGRFTISRDDAKNTVSLQMNSLKPEDAAVYYCYSVHPSTGFGSWGQGTQVTVSS
seq18998,QLQLVESGGALVQPGGSLRLSCAASGFTFDDYAMSWVRQAPGKGLEWVSHISGNGESTFYAESMKGRATISRDNAKNTLYLQMNSLKSEDTAVYYCAKDDYGSGLYAYWGQGTQVTVSS
seq18999,VQLQESGGGLVQAGGSLRLSCVVSGSFDSRNAMAWYRQALGKERVWVAGIISDGSTNYADAVKGRFTISRDNDKNTVYLQMNSLKPEDTAVYYCNAWPPRIGLGSWGQGTQVTVSS
seq19000,EVQLVESGGGLVQTGGSLTLSCSASGLLFSVNSAGWYRQAPGKQRDFVARIRRGGDTNYAESVRGRFTVSRDKAKNTMYLQMNSLKPEDTAVYYCASWRTGSYEYWGQGTQVTVSS
seq19001,AVQLVESGGGLVQPGGSLRLSCAASGSIFSINTMGWYRQAPGKQRDLVAIITSTGNTRYADSVKGRFTISRNNANNTLYLQMNSLKPEDTAVYYCARGSSSRRSWGQGTQVTVST
seq19002,QVQLQESGGGSVQAGGSLRLSCAPWDIKVSSYAMGWFRQAPGKREGVAAHRAKGGYTYYTDSVKGRFTISRDNAKTTVYLQMNSLKPEDTAVYYCAAIDMKHTGIASWQPVFVNMYWGQGTQVTVSS
seq19003,EVQLVESGGGLVQAGGSLRLSCAASGRTFSSYAMAWYRQAPGKEREYVAAIRWSGGTAYYADSVQGRFTISRDNAKNTVYLQMNSLKPEDTAVYYCANRAPDTRLGPYLYDHWGQGTQVTVSS
seq19004,QVQLQESGGGLVQSGGSLRLSCAASGSVFSINAWGWYRQAPGKQRELVAAITNQGRIAYAPSVNGRFTISRDSAKNTVYLQMNSLKPEDTAVYYCNAKPTPVYGSTVGDYWGQGTQVTVSS
seq19005,EVQLLESGGGVVQPGGSLRLSCAASGRTFNNYNMGWFRQAPGKGREFVAAVSRSGVSTYYADSVKGRFTISRDNSKNTVYLQMNSLRPEDTAVYYCAAAYRGTAINVRRSYSSWGQGTLVKVSS
seq19006,VQLVESGGGLVQAGGSLTLSCAASGRTFSSYAMGWFRQAPGKEREFVAADRWSGGNTRYADSVKGRFTISRDNAKNTVYLQMNSLKPEDTAVYYCAATYLSSDYEWGVPPKAYDYDYWGQGTQVTVSS
seq19007,VQLQESGGGLVQPGGSLRLSCAASGFTFSSYAMSWVRQAPGKGLEWVSTINSGGRSANYADSVKGRLTISRDNAKNTLHLQMNSLKPEDTALYYCARPRSVSRNYVPLGYDYLGQGTQVTVSS
seq19008,QVQLESGGGLVQAGGSLRLSCAASGRTFSMHSMGWFRQAPGKEREFVAAVTWSGDTFAYADFVKGRFTISRGIAKNTLYLQMNSLKPEDTAVYYCAAKDDPYRPAYDYWGQGTQVTVSS
seq19009,EVQLVESGGGLVQAGDSLRLSCAASGHTFSRYAMGWFRRVPGKEREFVTHITWNRGSTYYADSVKGRFTISRDKASNTLYLQMNSLKSEDTAVYYCAAQTKYGEITRPEEYSYWGQGTQVTVSS
seq19010,EVQLVESGGGLVQPGGSLRLSCAASGFTLDYYNIGWFRQAPGEEREGVSCVSSSGGSTYYADSVKGRFTISRDNAKNTVYLQMNSLKPEDTAVYYCATLNLFTTCDGPWGYEYDYYGQGTQVTVSS
seq19011,GLVQPGGSLRLSCAASGFTFDDHAMNWVRQAPGKGLEWVSAISWNGGSTYYAESMKGRFTISRDNAKNTLYLQMNSLKSEDTAVYYCAKEVVTGYYYGMDYWGKGT
seq19012,QVQLQESGGGLVQAGGSLRLSCAASGFTFDDYTIAWFRQAPGGKEREGISCISSDGSTGYADSVKGRFTISSDNAKNMVYLQMNSLKPEDTALYYCAADFNVWSPPICSSNWYGPPPRGMDYWGKGTQVTVSS
seq19013,QLQLVESGGGLVQPGGSLRLSCAASGGTFSRYYMSWVRQAPGKGLEWVSSIYKDGSNTYYADSVKGRFTISRDNAKNTLYLQMNSLKSEDTAVYYCAKALRAEYDYWGQGTQVTVSS
seq19014,QVQLQESGGGLVQPGGSLSLSCSASGIIFSDYALTWYRQAPGKQREWVAQITRSQNINYTGSVKGRFTVSRDNAKNTVHLQMNSLKPEDTAVYYCHAYDGRRPPYWGQGTQVTVSS
seq19015,EVQLVESGGGLVQPGGSLRLSCAASGSIFRVNVMGWFRQAPGKERELVAVTWSGGSTNYADSVKGRFTISADNSKNTAYLQMNSLKPEDTAVYYCAAIAYEEGVYRWDWGQGTLVTVSS
seq19016,QVQLVESGGGSVQSGGSLRLSCAASGYSSSRYSVGWFRQAPGKEREGVAGQTPRGTTTYADSVKDRFTISRDNAKNTVYLQMNSLKPEDTAMYYCAAGQALLWASLRQTSYQFWGQGTQVTVSS
seq19017,EVQLVESGGGLVQTGDSLRLSCAVSGRTFSSYSMGWFRQAQGKEREFVVAISKGGYKYDSVSLEGRFTISKDNAKNTVYLQINSLRPEDTAVYYCASSRAYGSSRLRLADTYEYWGQGTLVTVSS
seq19018,EVQLVESGGGLVQAGGSLRLSCAASGTISSINAMGWFRQAPGKEREFVAAIVKGFSWGSGSTIYADSVKGRFTISRDNAQNTMSLQMNSLELEDTAIYYCAHGRRSSGRSGYEYWGQGTQVTVSS
seq19019,QVQLVESGGGLVQAGGSLRLSCAASGSTSSINIMAWYRQAPGKPRELVANKARGGLPKYADFAKGRFTISRDNAKNTVYLQMNSLKPEDTAVYYCNAVEDWRLGDYWGQGTQVTVSS
seq19020,EVQLVESGGGLVQPGGSLRLSCAASGRTFSISAMGWFRQAPGKEREFVAAISRSGTTMYADSVKGRFTISADNSKNTAYLQMNSLKPEDTAVYYCAAQLGYESGYSLTYDYDWGQGTLVTVSS
seq19021,QVQLVESGGGLVQPGGSLRLSCAASEFTFSSSYMSWVRQAPGKGLEWVSGINTDGSFTRYADSVKGRFTISRDNAKNTLYLQMNSLKSEDTALYYCAVGGGLGYGPRGQGTQVTVSS
seq19022,EVQLVESGGGLVQAGGSLRLSCESSISTFSSDAMGWFRQAPGKGREFLAAIGWSGAVTHYSDSVQGRFTISRDNAKNTVYLQMNSLKAEDTGRYYCAEDYDTDVWQYWGQGTQVTVSS
seq19023,EVQLVESGGGLVQTGGSLRLSCTTSGGTFRNYGVGWFRQGPGKDREFVAAISWSPGRTDYGDAVKGRFTISRDNAKNTVYLQMNSLKPEDTAVYYCAADSVSASYYDARNDMAYDYWGRGTQVTVSS
seq19024,EVQLVESGGGLVQAGGSLRLSCAASGRAFSISSMSWFRQAPGKERVVVASIAWSGDSTYYADSVQGRFTISKDNAKNTLSLQMNSLKPEDTAVYYCSAYTQVSVNNRYWGQGTQVTVSS
seq19025,QVQLQESGGGLVQSGDSLRLSCAASGSIYHVNTMGWYRQSPGKQRELVATLTHNNRVTYADSVKGRFTISRDNAKMTVYLQMDSLKPDDTAVYYCYYFVPRNPLFGRRIDFDAWGQGTQVTVSS
seq19026,EVQLVESGGGLVQAGGSLRLSCAASGSIFSLPASGNIFNLLTIAWHRQTPGKQRELVATINSGGRTNYTDSVKGRFTISRDNAQKTVYLQMNNLKPEDTAVYYCQTSGSGSPNYWGQGTQVTVSS
seq19027,QVQLVESGGGSVQAGGSLRLSCAASGYTFSNYRMGWFRQAPGKECELVSTILTDGSTNYADSVKGRFTISRDNAKNTVYLLMNNLKAEDTAVYYCAAGNSRKGYLRRCGGTDFGYWGQGTQVTVSS
seq19028,EVQLVESGGGLVQPGGSLRLSCAASGFTFSDYDIGWFRQAPGKEREWVSGISSSDGNTYYADSVKGRFTISRDNAKNTVYLQMNSLKAEDTAVYYCAREPPDSSWYLDGSPEFFKYWGQGTLVTVSS
seq19029,EVQLVESGGGLVQPGGSLRLSCAASGFTFDDYGMSWVRQAPGKALEWVSAISWNGNNTYYTESMKGRFTISRDNAKNTLYLQMNSLRPEDTAVYYCVKGSTAIVGVPPTYPDEYDYWCQGTLVTVSS
seq19030,QVQLQESGGGLVQAGGSLRLSCAASGNIAYIYTMNWYRQAPGKQRELVATSTHAGNTDYADSVKGRFTISRDNAKNTVYLQMNSLKPEDTAVYYCNVDLRTAVDLIRANYWGQGTQVTVSS
seq19031,QVQLVQSGGGLVQAGGSLTLSCAASVSTFGTSPVGWFRQAPGKEREFVSAIRWDGVGAYYADSVRGRFKNSKDNAKRTAYLQMNRLKPEDTAVYYCALPRRGDSELPSTVKEYGYWGQGTQVTVSS
seq19032,QVQLQESGGGSVQAGGSLRLSCAASGYTYSSYCMGWFRQAPGKEREGVAGIESDGSTSYADSVKGRFSISKDNVKNTLYLQMNTLKPEDTGIYYCAVQSPLPGGSWYSLCGGADFGYWGQGTQVTVSS
seq19033,VQLVESGGGSVQAGGALSLSCAASGYTVRIDYMGWYRQTPGKGREPVATIASNGGTAYADSVEGRFTISQDNAKNSVYLQMNTLKPGDTAMYYCAAGTWPTLTYFGQGTQVTVSS
seq19034,EMQLVESGGGLVQPGGSLRLSCAASGNIPPINAMAWYRQAPGNERELVAAVTSGGGTNYATSVKGRFIISRDDSKNTVDLQMNSLKPEDTAVYYCNLGGWTRTHPFDYWGQGTQVTVSS
seq19035,EVQLVESGGGLVQAGGSLRLSCAASGSIFNFNYMGWFRQAPGKEREFVAAIRWSGSSTYYADSVKGRFTISRDDAKNTVALQMNSLKPEDTAIYYCALRKGIPYSTSDRVIKGVNDYDYWGQGTQVTVSS
seq19036,QVQLQESGGGLVQPGGSLRLSCAASGFDFSTYWMYWVRQAPGKGLEWVATDKTYGVTYYADSVKGRFTISRDNAKRTLYLQMNSLKSDDTAVYYCARDQSGADRGQGTQVTVSS
seq19037,EVQLVESGGGEVQPGGSLRLSCAASGSVTGANTMGWYRQAPGKQRDLVALIGNYVTHYAESVKGRFTISRDNAKNTVYLQMSSLRAEDTAVYYCYLYTDNLGTSWGQGTLVTVKP
seq19038,QVQLQESGGGLVQAGGSLRLSCAASGNIVRMTNMAWYRQAPGKQREFVATISAGGSTTYVDSVKDRFTISRDNTKNTVYLQMNYLKPEDTAVYYCATGSILTNRGAIPGSWGHGTQVTVSS
seq19039,EVQLVESGGGLVQPGGSLRLSCASSGRLFSFSAMGWFRQAPGKEREFVAAFKWSGSTTYYADYVKGRFTISTDNAKNILFLQMNSLKPEDTAIYYCAVDRFYTGRYYSSDEYDYWGQGTQVTVSS
seq19040,DVQLVESGGGLVQAGGSTRLTCKASGSISNINSINVMAWYRQAPGKGRELVAIIGKGGGTNYADFVKGRFTISRDAAKNTVYLQMNSLRPEDTAVYYCYADYEDHDSPFNASWGQGTQVTVSS
seq19041,DVQLVESGGGSVQAGGSLRLSCAASGFTIGHSVMGWFRQAPGKECELVSTIFSDGRTDYVDSVNGRFTVSRDNADNTIHLQMNSLKPEDTAVYYCATLYLIPHLGAPVQCRRAFGDWGQGTQVTVSS
seq19042,EVQLVESGGGLVQPGGSLRLSCAASGNTFSGGFMGWFRQAPGKEREFVAVISSLSSKSYADSVKGRFTISADNSKNTAYLQMNSLKPEDTAVYYCAKVDSGYDYWGQGTLVTVSS
seq19043,VQLAESGGGSVQAGGSLRLSCAASGYTYTSNWLGWFRQAPGKEREEVAIIYTGSGSTHYRSSVKGRFTISQDNAKNTVYLQMNSLKPEDTAMYYCAARFSEYNYWGQGTQVTVSS
seq19044,EVQLVESGGGPVQTGGSLRLSCVAPGRTYRGYSMAWFRQPPGKEREFVAAITWSEGNTYYEDFVKGRFTISRDNAKNTLYLQMTSLKPEDTALYYCAAKIRPYIFKIPGQYDYWGQGTLVTVSS
seq19045,EVQLVESGGGLVQPGGSLRLSCAASESIFSIDAMGWHRQAPGKQRELVAHITGGGRSNYADSVKGRFTISGDSAKRTVYLQMNSLKPEDTAVYYCNAEGQAGWGTALMDYWGKGTQVTVSS
seq19046,QVQLQDSGGGLVQAGESLRLSCGTSGRTFGRRAMAWFRQAPGKERQFVAWIARYDGSTLYADSVKGRFTISRDDNKNTMYLHMNNLTPEDTAVYYCAAGPRGLYYESRYEYWGQGTLVTVSS
seq19047,EVQLAESGGGSVQAGGSLRLSCSASGFTFDDSDMAWYRQAPGDGCDLVSTISSDGSTYYADSVKGRFTISQDNAKNTVYLQMHSLKPEDTAVYYCAADFLTGFYYSDSPHPAPCSASDFGYWGQGTQVTVSS
seq19048,DVQLVESGGGLVQPGGSLRLSCAASGFTFSSYWMHWVRQAPGKGLECVSVINTGNGSPYYADSVKGRFTISTDNAKNTLYLQMNSLKSEDTAVYYCARDIPDPAGRAGGMDYWGKGTQVTV
seq19049,EVQLVESGGGLVQPGGSLRLSCAASGFTFSSYYMNWVRQAPGKGLEWVSSIYNGDGDTDYSDSVKGRFTISRDNAKNTVYLEMSDLKVQDTAIYYCNAYDGTLLRDYWGQGTQVTVSS
seq19050,QVQLQESGGGLVQAGGSLSLSCTASGRTFSTFPVAWFRQAPGKEREFVARINWFTTDTYYADSVKGRFTISRDSAKNTVYLQMNALKPEDTAIYYCAAARSNTGTSRFDYWGQGTQVTVSS
seq19051,QVQLQESGGGLVQTGGSLRLSCAASQSTFNFNVMGWYRLAPGKQREFLPSLTNGGNIYYADSVKGRFTIARDDSKTTTYLEMNSLKPEDTAVYTCYGQTHKPRVTTSWGQGTQVTVSS
seq19052,EVQLVESGGGLVQAGGSLRLSCAPSGRDISSYIMGWFRQAPGKEREFTADINWNGSWRFYAESVNGRFTISRDNAKNTVYLQMNSLKPEDTAVYYCAAKERGSGAYDYWGQGTQVTVSS
seq19053,EVQLVESGGGLVQAGGSLRLSCAASGRTFSSKTMGWFRQPPGNEREFVAAITPTSRTTYYADSVKGRFTISRDNAKNTVSLQMNSLKFEDTAAYYCVAVRRYGSPPHDGSSYEYWGQGTQVTVSS
seq19054,EVQLVESGGGLVQAGGSLRVSCAASGGTFSRYHMGWFRQAPGKEREFVSAITWSGGRTYYADFVKGRFTISRDDARNTVYLQMSSLKPEDTAVYYCALTWAPTPTNRRSDYAYWGQGTQVTVSS
seq19055,QVHLVESGGGSVQAGGSLRLSCAASGYTYNSNYMGWFRQAPGKEREGVALIYTGGGSTYYADSVKGRFTISRDNAKNTVYLQMNSLKPEDTAMYYCSVRTQTRNYWGQGTQVTVSS
seq19056,EVQLVESGGGLVQPGGSLRLSCAASGNIFRIETMGWFRQAPGKEREFVAGIIRSGGETLYADSVKGRFTISADNSKNTAYLQMNSLKPEDTAVYYCARSLYYDRSGSYYFDYWGQGTLVTVSS
seq19057,EVQLVESGGGLVQAGGSLRLSCAASGRTSSGYDMGWFRQAPGKEREFVTAITWSGGSTYSPDSVKGRFTISRDNAKNTVYLQMNNLTPEDTAVYYCASGRIWRSRDYDSEKYYDIWGHGTQVTVSS
seq19058,QVQLQESGGGSVQAGGSLRLSCTASGFTFDDVDMGWYRQAPGNECELVSTISSDGSTYYADSVKGRFTISQDNAKNTVYLQMNSLKPEDTAMYYCAAARYSDYEGMCGYWSQGTQVTVSS
seq19059,VQLQESGGGLVQPGGSLRLSCAASGFTFSSYWMYWLRQAPGKGLEWVSSIYSGSSSTYYRDSVKGRFTISRDNAKNTLYLQMNSLKSEDTAVYYCAKDPGGYAKGQGTQVTVS
seq19060,QVQLVESGGGLVQTGQSLRLSCAASGPIFSDYAMGWFRQAPGKEREFVASVSWSAGFPNYADSVKGRFTISRDNAKNTVYLQMNNLIPADAAVYYCASQSGLWVGAPPSDHSHYDYWGQGTHVTVS
seq19061,QVQLVESGGGLVQAGGSLRLSCAASGRTPRHYILGWFRQAPGKQREFVAAIRESGSSTYYADSVKGRYTISRDNTKNAVDLQMNSLKPEDSATYYCAVDQYPTPEFSTQVGHYDYWGQGTQVTVSS
seq19062,EVQLVESGGGLVQPGGSLRLSCAASGSTFSTYDMSWVRQAPGKGLEWVSGIDSGGGSPMYVDSVKGRFTVSRDNAKNTLYLQMNSLKPEDTAVYYCAKFSTGADGGSWYWSYGMDSWGKGTQVTVSS
seq19063,EVQLVESGGGLVQAGDSLRLSCAASGRTVGSYDMSWVRQGPGKEREWVSSINSGVGKTYYADSVKGRFTIFRDNAKNMVYLQMNNLKPEDTAVYYCATEMDGSRYVEGQGTQVTVSS
seq19064,QVQLQESGGGSVQAGGSLTLSCEASGNTYSTNYMGWFRQAPGKEREEVAVIYTRGGHTYYVDSVRGRFTISQDNAKNTVYLQMNSLKPEDTAMYYCAAASRHRLRLNNPRDYDYWGQGTQVTVSS
seq19065,QVQLVESGGGSVQAGGSLTLSCAVSGNTYSTNAMGWFRQAPGKEREGVAAILGGGRNTYYADSVKGRFTISQDNAKNTVYLQMNSLKPEDTAMYYCAADTRAAFWNIGPLNSDQYNIWGQGTQVTVSS
seq19066,EVQLVESGGGLVETGGSLRLSCAASGGTFSNYAMGWFRQAPGKEREFVAVMYSSTYYTDSVKGRFTISRDNAKNTVYLQMNSLKPEDTALYYCAADYRRGYYGTSRTARDYDYWGPGTQVTVSS
seq19067,EVQLVESGGGLVQPGGSLTLSCAASLSSVSVLSIAWYRQAPGKKRELVAGISTDGSTVYIDSVKGRFTISRDNAKNSVYLQMNSLRAEDTAVYYCYAYSWTTSLPYWGQGTLVTVSS
seq19068,LQESGGGLVQAGGSLRLSCAASGFSLDDYDIGWFRQAPGKQRELVASISFLGHTTNYADSVKGRFTISRDIAKNSVYLQMNSLKPEDTAVYYCNARREAPPYAYWGQGTQVT
seq19069,QVQLQESGGGLVQPGGSLRLSCAASGMRSSLAIMGWYRQAPGKQRELVATITIGGNTNYADSVKGRFAISRDNTKRTVYLQMNSLTPEDTAVYYCNVRSFVRTYWGQGTQVTVSS
seq19070,VKLEESGGGLVQAGGSLRLSCEASGNVFTIAAMGWFRQAPGKERELVAGITTGGSTNYADSVKGRFTISRDNAQNTMYLQMNSLRPEDTAAYSCNAVTKWAARVGGSAEYEYWGQGTQVTVSS
seq19071,QVQLQQSGGGLVEPGGSLRLSCAASGSISEITYMGWHRQAPGEQRELVALIARVGTTRYADSVKGRFTISRDNAKNTVYLQMNNLKPEDTALYYCYVDQRGVVPTWGQGTQVTVSS
seq19072,EVQLVESGGGLVQAGGSLRLSCAASGRTFSSYAMGWFRQAPGKEREFVAAISWDGRAIVYADAVKGRFTISRSHYKKTLYLQMNSLVPEDTAVYYCAREDGPYGAGPQTTRGYDYWGRGTQVTVSS
seq19073,EVQLVESGGGLVQPGGSLRLSCAASGRTFSNYAMGWFRQAPEKEREFVAAISGGRTYTRYANSVKGRFTISRDNAKNTVYLQMNSLEPEDTAVYYCSASQVGSGLAPTTRDRYAVWGQGTQVTVSS
seq19074,QVQLQESGGGSVQAGGSLRLSCAPSRYSGALMGWFRQAPGKEREGVAVISRSGLTTYYADSVKGRFTISQDTAKNTIYLQMNSMKPEDTAMYYCVAGWHVGGTWSETSSYDYWGQGTQVTVSS
seq19075,EVQLVESGGGLVQPGGSLRLSCAASGFTFDDYGMSWVRQAPGKALEWVSAISWNGNNTYYTESMKGRFTISRDNCKNTLYLQMNSLRPEDTAVYYCVKGSTAIVGVPPTYPDEYDYWGQGTLVTVSS
seq19076,QVQLQESGGGLVQPGGSLRLSCAASGSISSINAMGWYRQAPGKQRELVASITSGGSTNYADSVKGRFTISRDNAKNTVNLQMNSLKPEDTAVYYCSAGPWYRRSWGRGTQVTVSS
seq19077,QLQLVESGGGLVQPGGSLRLSCAASGSISRIVTMGWYRQASGKERELVAVIGNYGNTNYADSVKGRFTVSRDNAKDTAYLQMNGLNVEDTAIYYCKTSTTTPPYEYWGQGTQVTVSS
seq19078,QVQLVESGGGLVQAGGSLRLSCAASGRTFSTYRMGWFRQGPGKEREFVAAITATGVKTYYTDSVKGRFTISRDNAKNTVYLQMNSVQPEDTAVYSCAARIKAIFTAQQAATITDYDYWGQGTQVTVSS
seq19079,EVQLVESGGGLVQPGGSLRLSCAASGITFRFKAMGWFRQAPGKEREFVAAVSWDGRNTYYADSVKGRFTISADNSKNTAYLQMNSLKPEDTAVYYCASDYYYMDVWGQGTLVTVSS
seq19080,QVQLVESGGGLVQPGGSLRLSCAASGSIFSINTMGWYRQRPGKQRELVAAITRGGNTNYADSVKGRFSISRDNAKNTMYLQMNSLKPEDTAVYYCTDYSRRYYQDDWGQGTQVTVSS
seq19081,EVQLVESGGGSVQAGGSLRLSCAYSGSIFSIKTMGWYRQAPGKQRELVGRITSGDSTNYADSVKGRFTISRDKAKTTVYLQMNNLKPEDTAVYYCAARRPWPRSDVWGQGTQVTVSS
seq19082,EVQLVESGGGLVQPGGSLRLSCAASGFTFSTSWMGWFRQAPGKERELVVSVTSGGYTNYADSVKGRFTISADNSKNTAYLQMNSLKPEDTAVYYCAADVWYGSTWRNWGQGTLVTVSS
seq19083,QVKLEESGGGLVQAGGSLRLSCAASGGTFSSYPMGWFRQAPGKEREFVTGISQSGGSTAYSDSVKGRFTISRENAKNTVYLQMNSLKPEDTAVYYCAARGRTIALRNYAYTTEVGYDDWGQGTQVTVSS
seq19084,QVQLVESGGGLVQPGGSLRLSCAASGFTFSGYLMSWVRQAPGKGLEWVATIGSGGGITSYADSVKGRFTISRDNAKNTLYLQMNNLKHEDTAVYYCETVIKRGQGTQVTVSS
seq19085,EVQLVESGGGSVQPGGSLRLSCAASGSVHKINFLGWYRQAPGKERGMVATITIGDATDYADSAKGRFTISRDEAKNMVYLQMNSLSPEDTAVYFCRAGSRLYPYNYWGQGTQVTVSS
seq19086,LQESGGGLVQAGGSLRLSCAASGSIFSINTMRWYRQAPGKHRELVATITSGGSTNYADSVKGRFTISRDNAKNTVYLQMNSLKPEDTAVYYCNADGIHYYSDYDAPPIREYDYWGQGTQVT
seq19087,QVQLVESGGGLVQAGGSLRLSCVAYGVASVTTVMGWFRQSPGKEREFVAAIGPSGGTHYGDSAKGRFTISRDNAKNTVYLQMNSLKPEDTAVYDCAADLRGGGMWASSGRYEYWGQGTQVTVSS
seq19088,EVQLVKSGGGLVQAGGSLRLSCAASGSIFSIYDMGWYRQAPGKQRELVAAITSGGSTNYADSVKGRFTISRDNAKNTVYLQMNSLKPEDTAVYYCNAIAYEEGVYRWDFWGQGTQVTVSS
seq19089,EVQLVESGGGQVQPGGSLSLSCESSVSIWSFKVMGWFRQVPGKQRELVATITTGGSPDYSDSVKGRFTISRDYDKRTLYLQMNSLKPEDTAVYYCAGRLWAHITSSGHDVWGQGTQVTV
seq19090,EVQLVESGGGLVQPGGSLRLSCAASGLTLDYYALGWFRQAPGKEREGVSCISSADHSTTYADSVKGRFTISWDNAKNTVYLQMNSLKPEDTAVYYCAADPALGCYSGSYYPRYDYWGQGTQVTVSS
seq19091,EVQLVESGGGLVQAGGSLRLSCAASGRTFSSYAMGWFRQAPGKEREFVAHINWNGGNTYYADSVRGRFIISRDNAKNTLYLQMNRLKPEDTAVYYCAARPDRVIVKWDEYDYWGQGTQVTVSS
seq19092,DVQLVESGGGLVQPGGVSETLLCSLWKHLHYQCHGWYRQAPGKQREEVAAITSGGSTNYADSVKGRFTISRDNAKNTVYLQMNSLKPEDTAVYYCKAVVVTTTPYSDYWGQGTLVTVSS
seq19093,QVQLQESGGGLVQAGGSLRLSCAASGRTFSMGWFRQAPGKEREFVAAINWSDSSTYYTDSVRGRFTISRDNAKNTVYLQMDSLKPVDTAIYYCAAQGSLYDDYDGLPIKYDYWGQGTQVTVSS
seq19094,QVQLQESGGGLVQAGDSLRLSCAISGRTYMSLAMGWFRQAQGKGREFVSAISWSGKKTLYADSVKGRFTISIDNAKNMVFLQMNSLTPEDTAVYYCAADENLPFDPETGLYGYDYWGQGTQVAVSS
seq19095,QVQLQESGGGLVQTGGSLTLSCRAYGRAFDNYHFGWFRQAPGKDREFVASISWKGGSTYRANFALGRFTSSVNRGESSVYLHMSGLTPEDTATYYCAAHDGGDWNYHTGMDYWGKGILVTVSS
seq19096,DVQLLQSGGGLVQPGGSLRLSCAASGFTFGNYDMAWVRQAPGKRPEWVSSIDTGGDITHYADSVKGRFTISRDNAKNTLYLQMNSLRPEDTAVYWCATDEEYALGPNEFDYYGQGTLVTVSS
seq19097,EVQLVKSGGGLVQAGDSLRLSCAASGRTSSSVTMGWFRQAPGKERDFVAAISWSGGSTYYADSVKGRFTISRDNAKNTVYLQMNSLKPEDTAVYYCAAVVPSDPIIYYTDYVDYDYWGQGTQVTVSS
seq19098,EVQLVESGGGLVQAGDSLRLSCLASGRSFKDDAMGWFRQAPGKEREFVSGIDWRGNIVDAESVKGRFTISRENAKNTLYLQMNHLKPEDTAVYYCAASSVFSDLRYRKNPKYWGQGTQVTVSS
seq19099,QVQLVESGGGSVQAGGSLRLSCAYSGAAFRSSRMAWFRQAPGKECEWVSTIGTDASTNYPDSVKGRFTISRDNAKNTVYLQMSSLKPEDTAVYYCEKLPTSFTCGGQGTQVTVSS
seq19100,QVQLQDSGGGLVQAGGSLRLSCVEPTRTISTYAMGWFRQAPGKEREFVAAINWRTGRTYYEDSVEGRFTISRVNAENTVYLLMNSLKPEDTAVYYCAARDSQLTGLNILRDPARYAYWGQGTQVTVSS
seq19101,EVQLVESGGGLVQAGGSLRLSCAASGFTFRRYVMGWFRQAPGKEREFVAAISRDGDRTYYADSVKGRFTISADNAKNTVYLQMNSLKPEDTAVYYCASTRLAGRWYRDSEYKWGQGTQVTVSS
seq19102,DVQLVESGGGLVQAGGSLRLSCTASGLTISTYNIGWFRQAPGKEREFVGIIIRNGDTTYYADSVKGRFTISRDNAKNTVYLQMNSVKPADAAVYSCGATVRAGAAAEQYNSYIFRGQGTQVTV
seq19103,QVQLQDSGGGLVQLGGSLRLSCAISGRILGSYAVGWFRQAPGKERQFVAAIGWSYGNTYYADSVKGRFTISRDNAKNTVYLQINSLKPEDTAVYYCAAGDTYLTGRPNEYAYWGQGTQVTVSS
seq19104,EVQLVESGGGLVQAGGSLRLSCAASGLTFGSAPMGWYRQAPGKERELVAYISGDERIWYGDSVKGRFTISRDTTKNTLYLQMNSLKPEDTAVYYCVSDVKVRHWGQGTQVTVSS
seq19105,VDQLQESGGGLVQPGGSLRLSCAASGRTFSSYAMGWFRQAPGKQREFVAAIRWSGGYKYYTDSVRGRFTISRDNAKTTVYLQMNSLKPEDTAVYYCAATYLSSDYSRYALPQRPLDYDYWGQGTQVTVSS
seq19106,QVQLQESGGGSVQAGGSLRLSCTVSGTIFSVTVMGWYRQAPGKQRELVAGFTNTRNTNYVDSVKGRFTISKDSAKNTMYLQMNSLKPEDTAVYYCNVRRWGGTNWNDYWGQGTQVTVSS
seq19107,EVQLVESGGGLVQPGGSLRLSCVASGRPLTGSTMAWFRQAPGKECEFVARISGSGTINYADSLRGRFTISRDVPKNTVWLQMDSLKPDDTAVYYCAAVKVAGSYEYWGQGTQVTVSS
seq19108,QVQLQESGGGLVQAGGSLRLSCVASGITLRMYQVGWYRQAPGKQRELVAEISSRGTTMYADSVKGRFTISRDGAKNIVYLQMNSLEPEDTAVYYCNARAFAFGRNSWGQGTQVTVSS
seq19109,DVHLQDSGGGSVHAGGSLTLSCLMSGHTYYGPCGGGFPRPPGKGREGIAQIIPIGGSVIYIGGVKGRFTISRYNSKNTIALIMNDLVPEDTATYYCATDSGGLCSHRERDYDIWGQGTQVTV
seq19110,QVQLQASGGGLVQAGGSLRLSCAASGRTFNSYAWGWFRQAPGKERGFVARISFSGGHTYYSDSVKGRFTISRDNAKNSVYLQMNSLKPEDTAVYYCAADPTPYGLRNERNYHYWGQGTQVTVSS
seq19111,EVQLVESGGGLVQAGGSLSISCAASGGSLSNYVLGWFRQAPGKEREFVAAINWRGDITIGPPNVEGRFTISKDNAKNTGYLQMNSLAPDDTAVYYCGADTPLNPGAYIYDWSYDYWGRGTQVTVSS
seq19112,DVQLQASGGGLVQAGESLRLSCGGFGSFSRFNVVGWYRQAPGRQRELVANMNSGGSTNYSPSVKGRFTISRDNAKNTVYLQLNSLKPDDTAVYYCRYVHTRVIIQQSYWGQGTQVTVSS
seq19113,EVQLVESGGGLVQAGGSLRLSCAASGRTFSNYAMGWFRQAPGKEREFVAAITWSGTRTDYADSVKGRFTISADNAKNTVYLQMNSLKPEDTAVYYCAAAAWTIYEYDYWGQGTQVTVSS
seq19114,EVQLVESGGGSVQPGDSLRLSCAASGRANSINWFGWFRQAPGKEREFVAGIRWSDAYTEYANSVKGRFTISRDNSKNTVDLQMDSLRPEDTAVYYCVLDLSTVRYWGQGTLVTVSS
seq19115,QLQLVESGGGLVQPGGSLRLSCAASGFTFSGYAMSWVRQAPGKGLEWVSGINSDGGNTYHVDSVKGRFTISRDNAKNTVYLQMNSLKPEDTAVYYCATTIVPGYWVQGTQVTVSS
seq19116,QVQLAESGGGLVQPGGSLRLSCAASGRALNYYVIGWFRQAPGKEREGVSCIASSEAYTDYADSVQGRFTISRDKALNTVYLDMKRLKPDDTAVYYCAARLRDPNWCGRNADEYDSWGQGTQVTVSS
seq19117,VQLQESGGGSVQAGDSLRLSCVASGRTFSSLDMGWFRQAPGKEREFVAGISRTGISAYYADSMKGRFTISRDNAKNLVYLQMNSLKSEDTAVYYCAAALTFRGSDLPRDSNYWGQGTQVTVSS
seq19118,KVQLVESGGGPVQAGDSLRLSCAASGRTYRGYSMGWFRQVPGKEREFVAAIVWTDGNTYYEDSVKGRFTISRDNTKNTMYLQMTSLKPEDSATYYCAAKIRPYIFKIAGQYDYWGQGTLVTVSS
seq19119,EVQLVESGGSLVQPGGSLRLSCAASGFTFDDYALSWVRQAPGKGLEWISSINWSGTHTDYADSVKGRFTISRNNANNTLYLQMNNLKFEDTAVYYCAKNWRDAGTTWFEKSGSAGQGTQVTVSS
seq19120,EVQLVESGGGLVGTGGSLRLSCAASGNIADLGVMGWYRQAPAKKGELVATMPRTGSKWYQDSVKGRFTIHRDNSKSTVDLEMGSLKPEDTAVYYCVASRMFQTILKPNYWGQGTLVTVSS
seq19121,QVQLQESGGGLVQAGGSVRLSCAISGRTFINDMGWFRQAPGKEREFQAGITWFGGSTYYADSVKGRFTISRDNTKNTLYLQMNSLKPEDTAIYYCAAGLKRIGDQREADYWGQGTQVTVSS
seq19122,QVQLVESGGGMVQPGGSLRLSCKGSGSVFMFYDMGWYRQAPGNQRELVAVMGPGGNTNYADAVKGRFTVARNIDEDTVSLLMTNLEPEDTAVYYCAADFDTPWGASGRYDYWGQGTQVTVSS
seq19123,QVQLQESGGGLVQAGGSLRLSCAASGSTFTSNVMGWHRQAPGKQRELVANMHSGGSTNYADSVKGRFTISRDNAKNIVYLQMNNLKIEDTAVYYCRWYGIQRAEGYWGQGTQVTVSS
seq19124,QVQLQESGGGLVQAGGSLRLSCAASGNIFSRATMGWYRQAPGKEREFVAGIGYGGNTYYADSVKGRFTISRDNAKNTVYLQMNSLKPEDTAVYYCAVRVYGAFGHVYWGQGTQVTVSS
seq19125,QVQLQESGGGLVQAGGSLRLSCAASGNIFRGRVMGWYRQAPGKEREFVAGIDYGASTNYADSVKGRFTISRDNAKNTVYLQMNSLKPEDTAVYYCAARLSERRRLEGYWSAVHVYWGQGTQVTVSS
seq19126,VQLQESGGGLVQAGGSLRLSCKASGGTFSGYIMGWFRQAPGKEREFVAANTWSGGPTYYSDSVKGRFTISRDNAKNTVYLQMNTLKPEDTAVYQCAARDYRGIKDLDLKGDYDYWGQGTQVTVSS
seq19127,QVQLVESGGGLVQTGGPLRLSCAVSDRTDSNYAMGWFRQAPGKEREFVAAISGTGYVTGYADSARNRFTLSRDNGKNAVYLQMNSLEPADTAVYYCAATSDQRYPGPRSSGYDYWGQGTQVTVSS
seq19128,QVKLEESGGGLVQAGGSLRVSCTASVSTFSINALGWYRQAPGKARELVAAIGSDGTVYYTDSVKGRFTISRDNAKNTVSLQMSSLKPEDTAVYYCNAAGKRIGSDGSIWFAVASFGSWGQGTQVTVSS
seq19129,QVQLQESGGGLVQAGGSLRLSCAASGSIFSRDNMAWYRQVPGEQRELVALITNFGGTNHADSVKGRFTISRDNAKNTVYLQMNSLKPEDTAVYYCAAGLVSLLTHTWEYWGQGTQVTVSS
seq19130,EVQLVESGGGLVQAGGSLRLSCAASGFTSDDYAIGWFRRAPGKEREGVSYISIEDGSMYYANSVKGRFTISSDNAKKTVYLQMNSLKVEDTAIYYCAAAIFGDSVRWLSEYEYNYWGQGTQVTVSS
seq19131,IRLLVESGGGLVQAGGSLRLSCAASGVLTFDDYDIGWFRQAPEKDREGVSCISATDNTTYYSDSVKGRFTISSNNAENTVYLQINSLQPEDTAVYHCAAVRSWVKSIYSRTWCTDLYLEVWGQGTLVTVSS
seq19132,QVQLQESGGGLVQPGGFLRFSCAASGSIFRDYTMGWFRQAPGKQRELVASITPWQSTNYADSVKGRFTISRDNAKNSLYLQMNSLKPEDTAVYYCNRQKSPLNSGYWGQGTQVTVSS
seq19133,EVQLVESGGGLVQPGRSLRLSCTASGFDFSSHWMYWVRQAPGKGLEWVSEINTNGLITKYADFVKGRFTVSRDNAANTLYLEITRLEPEDTALYYCARNQKGLNKGQGTQVTVSS
seq19134,EVQLVESGGGLVQPGGSLRLSCAASGSVFRINAMAWYRQAPGKGRELVAGFVTGGSSNYADSVKGRFTISRDNAKNTLYLQMNSLRPEDTAVYYCAFVTTNSDYDLGRDYWGQGTLVTVSS
seq19135,QVQLQESGGGLVQAGGSLRLSCAASGSIFSLNDMGWYRQAPGKQRELVAAITSGGSTNYADSVKGRFTISRDNAKNTVYLQMNSLKPEDTAVYYCNAKVAGTFSIYDYWGQGTQVTVSS
seq19136,QVQLQDSGGGLVQPGGSLRLSCAASGSIFSFSTMGWYRQAPGKQRELVAAITRTGTTNYADSVKGRFTISRDNTKNTVYLQMNSLKPEDTSAYYCKLTHPVYLVWGQGTQVTVSS
seq19137,QVQLVESGGGLVQPGGSLRLSCAASGFTFSSYAMSWVRQAPGKGLEMVSSIYSYSSNTYYADSVKGRFTISRDNAKNTLYLQMNSLKSEDTAVYYCAKTTLSRLTYSDYRYDYWGQGTQVTVSS
seq19138,QVQLQESGGGLVQPGGSLRLSCAASGFTFSNSPMSWMRQAPGKGVEWVSSINIGGDTRRYAESVAGRFTISRDNAKNTLYLQMNSLKSEDTAVYYCAKGLASTIRGQGTQVTVSS
seq19139,EVQLVESGGGLVQAGGSLRLSCAASGRTFSNYAMGWFRQAPGKEREFVAAISWSDGSTYYADSVKGRFTISRDNAKNTVYLLMNSLNPEDTAVYYCAADLLAEDPAAPSRGYDYWGQGTQVTVSS
seq19140,QVQLQASGGGLVQPGGSLRLSCAASGRTFSSYNMGWFRQAPGKGLEWISTISTDGRTTYYADSVKGRFTISRSNAENTLYLQMNTLKPEDTAVYYCNGRASSGTALYTRNRDYWGQGTQVG
seq19141,EVQLLESGGGLVQPGGSLRLSCVHSGPTFRTDTMGWFRQAPGKGREFVAAVTWNSGRINYADSVKGRFTISRDNSKNTVYLQMNSLRPEDTAVYYCAAHRFVVGGNRVEDWRYWGQGTLVTVSS
seq19142,GGLVQAGGSLRLSCSGSGLGFDRFAIGWFRQAPGKEREAVACIQYSNGSTYYTESVKGRFTISSDTAENAVSLQMNNLEPEDTAVYYCAVRGLCGPCSEHGCLRAFFWGRGTQVAVSS
seq19143,EVQLVESGGGLVQPGGSLTLSCAASGSSVSFLSSAWYRQAPGKKRELVAGISADGSTLYIDSVKGRFTISRDNAKNSVYLQMNSLRAEDTAVYYCYAYRWTTRSTYWGQGTLVTVSS
seq19144,EVQLVESGGGSVQAGGSLRLSCAASGSIFSSNAMAWYRQAPGKQRDLVAAINSVGITKYADSVKGRFTISRDNAKNTVYLQMMSLKPEDTAVYYCTSDPRRGWDTRYWGQGTLVTVSS
seq19145,QVQLVESGGGLVQAGGSLSLSCAASGRSLSFDTYAMSWFRQAPGKEREFVASIDWNGGSTSYADSMKGRFTISRDNAKNTVNLRIRSLKPDDTAVYFCASARYYIGGTYFPANYWGQGTQVTVSS
seq19146,EVQLVESGGGLVQAGGSLTLSCALSGGSSSIANSAWYRQAPGNQRELVARITSNDNTYYADSVKGRFTISKDNAKNTASLQMNSLKPEDTAVYYCFVRTVGTGSLFDYWGQGTQVTVSS
seq19147,QVQLQESGGGLVQPGGSLRLSCAASGFPFSSYVMKWYRQAPGKERELVAEISSRGGTTNYADSVKGRFTISRDNIKNMVYLQMNSLKPEDTAVYYCNRPHPDYWGQGTQVTVSS
seq19148,EVQLVESGGGLVQAGGSLRLSCAASGRTFSSYVVGWFRQAPGKEREFIGAISGSGDSIYYAVSEKDRFTISRDNGKNTLYLQMSSLKAEDTAVYYCTADQEFGYLRFGRSEYWGQGTQVTVSS
seq19149,QVQLVESGGGSVEAGGSLRLSCTVSGYVYTEYCMGWFRQAPEKKREGVACIRRDSGSSYYDDFVAGRFTISQDNAKATVYLQMDTVKPEDTASYVCAIGIRVPDGSCLSENTIWTHWGQGTQVTVSS
seq19150,EVQLVESGGGLVQPGGSLRLSCAASGRTLSFYAMGWFRQAPGKEREFVAAINRGGRISHYADSVKGRFTISADNSKNTAYLQMNSLKPEDTAVYYCAAGRRYGSPPHDGSSYEWGQGTLVTVSS
seq19151,QVQLQESGGGSVQTGGSLRLSCVASGYSGYMAWFRQAPGKEREGIAAIYRGDKITYYAHSVQGRFTISQANAKNTVYLLMNSLKPEDTAIYYCAARRVVADSPLLSKTYAYWGQGTQVTVSS
seq19152,EVQLVESGGGSVQAGGSLRLSCAASQRTFSRDVMGWFRQAPGKERDFVAYSHRSGTTYYADSVKGRFTISRDNAKSTVYLQMNSLKPEDTAVYHCAAGRYGSTSDTLYDYWGQGTQVTVSS
seq19153,QVQLQESGGGSVQTGGSLRHSCAASTSIYSNNYMAWFSQAPGKGREGVAAVYIDDGRPYYADSVKGRFTISLDSAKNTVYLQMNSLKPEDTAMYYCAAAPGPLSHNYWYTSANYDYWGQGTQVTVSS
seq19154,EVQLVESGGGLVQAGDSLSLSCTASRGTFRNFGMGWFRQAQGKEREFVAAISRSGGRKYYSDSVKGRFTISKDNAKNMVSLQMNSLKPEDTAVYYCAARFRFDDGTSYYQRAFYDFWGQGTLVTVSS
seq19155,EVQLVESGGGLVQAGGSLRLSCAAAGYTFRAYVMGWFRQAPGKEREFVAGISTGGTWTGYVDSVKDRFTISRDNTKNTVYLQMASLKPEDTAVYYCAATTPVTSYLPRSERQYEHWGQGTQVTVSS
seq19156,EVQLVESGGGSVQSGGSLRLSCAVSGSGYSYNRGCFAWFQQRPGKEREGVAIINSDGHTTYGDSVQGRFIISQDKAKNTLDLQMNSLKPDDTAMYYCAYDRNQCYVLRDRLRLPDTFTDWGQGTQVTVSS
seq19157,EVQLVESGGGLVQAGGSLRLSCAASGLIFTYYHMGWFRQAPGKEREFVATIRRKGNTYYADSAKGRFTISRDNAKNTVYLQMNSLVLEDTAVYYCAADRDVTDYAALSEYDYWGQGTQVTVSS
seq19158,QVQLVESGGGLVEPGGSLRLSCAASGIIFKINDMGWYRQAPGKRREWVAASTGGDEAIYRDSVKDRFTISRDAKNSVFLQMNSLKPEDTAVYYCTAVISTDRDGTEWRRYWGQGTQVTVSS
seq19159,EVQLVESGGGLVQPGGSLRLSCAASGRTFSTYVMGWFRQAPGKEREFVAAINWSGSRTYYADSVKGRFTISRDNSKNTVYLQMNSLRPEDTAVYYCAASRSSYAGRTYYELYDYWGQGTLVTVSS
seq19160,QVQLQESGGGLVQAGEFLRFSCAASGSIFSIGSMGWYRQAPGKERELVADITSGGNINYADFVKGRFAISADNAKKMVFLQMNSLKPEDTAVYYCHGHRVHTIEGLFTLWGQGTQVTVSS
seq19161,EVQLVESGGGLVQPGGSLRLSCAASGRSLSNYYMGWFRQAPGKGRELLGNISWRGYNIYYKDSVKGRFTISRDDSKNTIYLQMNSLKTEDTAVYYCAASILPLSDDPGWNTYWGQGTQVTVSS
seq19162,QVQLQESGGGLVQAGDFLRFSCAALGARFSSDVMGWFRQAPGKEREFVAASSWNGDTTHYSDSVEGQFTISRDIAKNTSYLQMNRLQPEDTAVYYCRWCRPPRPKYWGQGTQVTVSS
seq19163,EVQLVESGGGLVQPGGSLRLSCAASGFTFSSFRMGWFRQAPGKEREFVAGISRGGSTNYADSVKGRFTISADNSKNTAYLQMNSLKPEDTAVYYCARASGLWFRRPHVWGQGTLVTVSS
seq19164,VQLVESGGGSVQPGGSLRLSCAASGFTFSSYALGWARQVPGKGLQWVSGVYSNGNTYYADSVKGRFTISRDNAKNTVYLQMDSLKPEDTAVYHCAVGGRGACTYSDGSLHCPNEYWGQGKQVTVSS
seq19165,EVQLVESGGGLVQPGGSLTLSCVASGSTSSINAMGWYRRAPGKQRELVAGISSDGSKVYSDSVKGRFTISRDNAKNSVYLQMNSLRAEDTAVYYCYYFRTVSGSSSRYWGQGTLVTVSS
seq19166,DVQLVESGGGLVQAGGSLSISCAASGGSLSNYVLGWFRQAPGKEREFVAAINWRGDITIGPPNVEGRFTISRDNAKNTGYLQMNSLAPDDTAVYYCGAGTPLNPGAYIYDWSYDYWGRGTQVTVSS
seq19167,QVQLVESGGGLVQPGGSLRLSCAASGYTYSSYCMGWFRQAPGKEREGVAAIDSDGRTSYADFVKGRFTISRDNSKNTLYLQMNSLRAEDTAVYYCATEQRIGGSWYDLCGGADFGYWGQGTLVTVSS
seq19168,QVQLVESGGGLVQAGGSLRLSCAASGFTFDDYVIGWFRQAPGKEREGVSCISSSDGSTYYADSVKGRFTISSDNAKNTVYLQMNSLKPEDTAVYYCAEGPTVLDGCIVDSGSYYFSWGQGTQVTVSS
seq19169,QLQASGGGFVQPGGSLRLSCAASGTSWKDYTMGWFRQAPGKEREFVSAISEGPGAQYYYADSVKGRFTISRDNSKNVYLQMNSLRAEDTATYYCAYSSWQPYVSYWGQGTQVTVSS
seq19170,EVQLVESGGGLVQAGGSLRLSCAASGMTTIGPMGWYRQGPGKQRELVARITGGGSTNYVDSAKGRFTISRDNAKNMGYLQMNNLKLDDTAIYYCYAYGSGSDYLPTDYWGQGTQVTVSS
seq19171,EVQLVESGGGLVQPGGSLRLSCAASGDIFNINAMGWFRQAPGKEREPVAAISPAALTTYYADSVKGRFTISADNSKNTAYLQMNSLKPEDTAVYYCAATPIERLGLDAYEYDWGQGTLVTVSS
seq19172,QVQLVESGPGLVKPSQTLSLTCAVSGGSITTNYYYWSWIRQSPGKGLEWMGVIAYDGSTDYSPSLKSRTSISRDTSKNQFSLQLSSVTPEDTAVYYCARDVRVIATGWATANALDAWGQGTQVTVSS
seq19173,QVQLQEFGGGLVQAGGFLRFSCAASGSIFRINAMGWYRQASGKERELVATVTSRDSPNYADSVKGRFTVSRDYAKNTVYLQLDSLKVEDTAVYYCNVKRVIDDDPYRYFEVWGQGTLVTVSS
seq19174,EVQLVESGGGLVQAGGSLRLSCAASGRTFSSYGMGWFRQAPGKERDFVAAVSKSGGSTYYTASVKGRFTVSRDNAKNTVYLQMNSLKPEDTAVYYCAAGRWESGSRPGSTWYGERTYDYWGQGTQVTVSS
seq19175,EVQLVESGGGLVQAGGSLRLTCVVSGRTYNNYVMGWFRQAPGKEREFVAGIDWSSSWTSTTLYADSVKGRFTISRNNAKKTVSLQMNSLKPEDTAVYYCAANLGSKNPSLRPGRETYNYWGQGAQVTVSS
seq19176,LQESGGGLVQAGGSLRLSCAASRSVASINVMGWFRQVPGREREFVGAIGLSGGNTYYHHSVKGRFTVSRDRAKNTVYLQMDSLKSEDTAIYYCAADTGLAYFSYEYSRRPSDYGYWGQGTQVT
seq19177,EVQLVESGGGPVQAGGSLRLSCAASGRTYRGYSMGWFRQAPGREREFVAAIVWSDGNTYYEDSVKGRFTISRDNAKNTMYLQMTSLKPEDSATYYCAAKIRPYIFKIAGQYDYWGQGTLVTVSS
seq19178,EVQLVESGGGLVQAGASLRLSCAASGRSFDSNVMGWFRQYPGKLREFVAAIWWSAGTTKYADSVKGRFTISRDNAKNTVHLQMNSLELEDTALYYCAADRVSSSIQTMAGTYDYWGQGTQVTVSS
seq19179,QVQLQETGGGLVQTGGTLRLSCTASGNTNGIHDMGWFRQAPGNQRELVATISSGGTIRYADYVKGRFAISRDNAETTVYLQMNSLKPEDTAVYYCYVDRAWVNYWGQGTQVTVSS
seq19180,QVQLVESGGGLVQPGGSLRLSCAASGVDISSDVMAWYRQAPGKQREFVSGLTRGGSINYADSVKGRFTISRDNSKNTLYLQMNSLRAEDTAVYYCNAEIYTGTFYPRSYWGQGTLVTVSS
seq19181,QVQLQESGGGLVQPGGFLRLSCAASGFTFSIYGMRWIRQAPGKGLEWVSTSGGTTTYSDSVKGRFTISRDNAKNTLYLQMDSLTPEDTALYYCATNVQYGSIWWLYDYWGQGTQVTVSA
seq19182,VQLVESGGGLVQAGGSLRLSCTSSTVTFTPYQMGWYRQAPGKQRALVADISTGGSRTNYADFAKGRFTISRDDVKNTVYLQMNNLKPEDTAVYYCNTYYAMIGHARNWGQGTQVTVSS
seq19183,EVQLVESGGGLVQPGGSLRLSCAASGRTFEKDAMGWFRQAPGKEREMVAAIRWSGGITCYADSVKGRFTISADNSKNTAYLQMNSLKPEDTAVYYCAAYGSLPDDYDGLECEYDWGQGTLVTVSS
seq19184,EVQLVESGGGLVQPGGSLRLSCAASGFTLDYYDMGWFRQAPGKEREFVALISWSGGSTYYADSVKGRFTISADNSKNTAYLQMNSLKPEDTAVYYCATDFYGWGTRERDAFDIWGQGTLVTVSS
seq19185,QVKLEESGGGLVQAGGSLRLSCAASGRTFDSYDMGWFRQAPGKERDFVAFISWTGGRTVYADSVKGRFTISRDNAKNTVYLQMNSLKPEDTALYYCAASKGAWPLYSLSSRYDYWGQGTQVTVSS
seq19186,DVQLQASGGGLVQAGGSLRLSCAASGFTFDDYVIGWFRQAPGKEREGVSSISSSGSIYYADSVKGRFTISSDNAKNTVYLQMNSLKPEDTAVYFCAADVTLNPFTGWDTRSGPMYRYEYDYWGQGTQVTVSS
seq19187,QLQLAETGGGLVQPGGSLRLSCAASGATLDTYIITWFRQAPGKEREAVSCINRSGSTTYSDSVKGRFTISRDNAQKTVYLQMNSLNPEDTAIYYCAADASYRTCGGSWWNWAYWGQGTQVTVSS
seq19188,QVQLVESGGGSVQAGGSLRLSCAASGYGYSTDCMGWFRQAPGKEREGVAAIHGTSITYYADSLKGRFTISRDNARNTLYLQMNSLKPEDTAMYYCALEAGVYPYCSGAWDRRSAYNYWGQGTQVTVSS
seq19189,VQLVESGGGLVQAGGSLRLSCAGSGRSFSAAVMGWFRQAPGKEREFVAALRQIIGSTHYADSVKGRFTISRDNAKNMLYLDMNSLKPTDTAAYYCTAGPPTMLDVSTDREYDTWGQGTQVAVSS
seq19190,QVKLEESGGGSVQTGGSLRLTCAASGRTSRSYGMGWFRQAPGKEREFVSGISWRGDSTGYADSVKGRFTISRDNAKNTVDLQMNSLKPEDTAQYYCAAAAGSAWYGTLYEYDYWGQGTQVTVSS
seq19191,QVQLVESGGGLVQAGGSLRLSCAASGRTFTMGWFRQAPGKEREFVAAISLSPTLAYYAESVKGRFTISRDNAKNTVVLQMNSLKPEDTALYYCAADRKSVMSIRPDYWGQGTQVTVSS
seq19192,QVQLQESGGGLVETGGSLRLSCAASGRTISSYTIGWFRQAPGKEREFVSHHFASGGVTDYADSVKGRFTISRDNAKNTVYLEMNSLKPEDTAVYYCAASTFTISGYRALKAAYEYDYWGQGTQVTVSS
seq19193,EVQLVESGGGLVQAGGSLRLSCAASGSIFSISDMGWFRQAPGKEREFVGAINWLSESTYYADSVKGRFTISADNAKNTVYLQMNSLKPEDTAVYYCAAQGGVLSGWDWGQGTQVTVSS
seq19194,EVQLVESGGGLVQPGGSLRLSCAASGFTFDYYTIGWFRQAPGKEREGVSCISSRDGDSYYADSVKGRFTISRDNAKNTAYLQMNSLKPEDTAVYYCAASASDYGLGLELFHDEYNYWGQGTQVTVSS
seq19195,QIQLVESGGGSVQAGGSLRLSCVASGYIGGHYYMGWFRQAPGKEREGVAAIDIDSDGRTRYAGSVQGRFTISQDNAKNTLHLQMSSLKPEDTGMYYCAVGVGWVPARLTPQAVSYWGKGTLVTVSS
seq19196,QVQLAESGGGLVQAGGSLRLSCSASGRTISNYAMGWFRQAPGQEREFVAAVSWTGHGTFHATAVKGRFTISRDNAENTVFLQMNSLKLEDTAVYYCAADGKNFSNRWWSRDEYKYWGQGTQVTVSS
seq19197,EVQLVESGGGLVQAGGSLRLSCAASGSIFSLNAMGWYRQAPGKQRELVAGITSSTSTYYADSVKGRFTISRDNTKNTVYLQMNSLKPEDTAVYYCNVDCPDYYSDYECPLEDRGQGTQVTVSS
seq19198,QVQLVESGGGSVQAGGSLRLSCAASGRTFGRHVMAWFRQAPGREREFVAAISGNGRVTNYALSMKGRFTISRDNANDMVYLQMDGLKPEDTAVYSCATRMAFDSDSNFPATYDVWGQGTQVTVSS
seq19199,DVQLVESGGGVVQPGGSLRLSCAASGGTFSTYVMGWFRQAPGKEREFVSAISQNSIHTYYANSVKGRFTISRDNSKNTVYLQMNSLRPEDTALYYCAASRFTSWYTADYEYDYWGQGTLVTVSS
seq19200,EVQLVESGGGLVQPGGSLRLSCAASGIPFRSRTMGWFRQAPGKEREFVAGITRNSIRTRYADSVKGRFTISADNSKNTAYLQMNSLKPEDTAVYYCAAAPRRPYLPIRIRDYIWGQGTLVTVSS
seq19201,EVQLVESGGGLVQPGGSLRLSCAASGRTYYLNAMGWFRQGPGKDREFVAAIDWSDGNKDYADSVKGRFTISRDNSKNTVYLQMNSLRPEDTAVYYCAADTPPWGPMIYIESYDSWGQGTLVTVSS
seq19202,QVQLVESGGGSVQAGGSLRLSCSASGFAYTSYCLGWFRQVPGKEREGVARIVPSSGATTYPDSTKGRFTISQNDAWYTVYLQMNDLKPEDTATYYCSAGHCKFWYPRLVASWGQGTQVTVSS
seq19203,QVQLQESGGGSVQAGGSLRLSCAHSNTYPTYMGWFRQAPGKEREGVAAIYTGDGTTYYGDSVKGRFTISQDNAKNTVYLQMNSLKPEDTAIYYCAAALSRVPGFFPLFPSQYNYWGQGTQVTVSS
seq19204,EVQLVESGGGLVQPGGSLRLSCAASGEVHKINILGWYRQAPGKERDMVATITIGDETQYADSAKGRFTISRDEAKNMVYLQMNSLKPEDTAVYFCRALSRLYPYNYWGQGTLVTVSS
seq19205,EVQLVESGGGLVQAGGSLRLSCAASGRTFDIYAMGWFRQAPGKEREWVSTISWSGGRTYYADSVKGRFTISADNAKNTVYLQMNSLKPEDTAVYYCAARPVYRTYGSWGQGTQVTVSS
seq19206,EVQLVESGGGLVQAGGSLRLSCAASGNIFSRYIMGWFRQAPGKEREWVAGISNGGTTKYADSVKGRFTISADNAKNTVYLQMNSLKPEDTAVYYCAQGWKIRPTIWGQGTQVTVSS
seq19207,EVQPVESGGGPVQAGGSLRLSCAASGRTYRGYSMAWFRQAPGKEREFVAAIVWSDGNTYYEDFVKGRFTISRDSAKNTLSLHMTNLKPEDTAVYYCAAKIRPYIFKIAGQYDYWGQGTQVTVSS
seq19208,QVQLVESGGGLVQAGGSLRLSCAASGSIFSINAMGWYRQAPGKQRDFLAVISSSGSTNYADSVKGRFTISRDNAKNTAYLQMNSLKVEDTAVYYCAAHVAGFDEYNYWGQGTQVTVSS
seq19209,LQESGGGLVQAGGSLRLSCAASGLSFSRHVMGWFRQTPGKERDFVASISWGGSSTAYADSVKGRFTISRDNGKNTVYLEMNSLKPEDTAVYYCAADPAPMNALAAFEYDYWGLGTQVT
seq19210,EVQLVESGGGLVQAGGSLTLSCAASGRTFSTYAMGWFRQAPGKEREFVAAISRTDGATDYADSVKGRFTISRDNAKNTVYLQMNSLKPEDTAVYYCAAPPRISYDGTSHRRYPTYPYWGQGTQVTVSS
seq19211,EVQLVESGGSLVPPGGSLRLSCAVSGFTFDDYAMSWVRQAPGKGLEWVSSINWSGTHTDYTDSVKGRFTISRNNANNMLYLQMNSLKSEDTAVYYCAKNWRDAGTTWFEKSGSAGQGTQVTVSS
seq19212,QVQLVESGGGLVQPGGSLRLSCAASAGNLDYYAIGWFRQAPGKEREGVSCISSSDGSTVYTDSVKGRFTISRDNTKNTVDLQMDNLKPEDTAVYYCATVVNYYCTAGGSIHASPYEIWGQGTQVTVSS
seq19213,EVQLVESGGGLVQAGGSLRLSCGASGFSLDYYAIGWFRQAPGKEREGVSCISGRGSNTYYLDSVKGRFTISRDNAKNTVYLQMNSLKPEDTAVYYCAADPIHNCYGGSYYASPEAVYEYWGQGTQVTVSS
seq19214,QVQLVESGGGLVQPGGSLRLSCAASGSIESINRMAWYRQAPGQQREFVARISKGGSTNYPDSVKGRFTISRDNAKNTVYLQMNSLRAEDTAVYYCAAGPVWEQFWGQGTLVTVSS
seq19215,EVQLVESGGGLVQPGGSLRLSCAASATISSIVMLGWYRQAPGKQREWVASITIGSRTNYADSVKGRFTISRDNAKNTVYLQMNSLKPEDTAVYFCNAVPPRDDYWGQGTQVTVSS
seq19216,EVQLVESGGGLVQAGGSLRLSCDASGRGFSYYRMGWFRQAPGKEREFVAAIGKSGRNTYYGDYVKGRFTVSRDNAKNTVYLQMTSLKPEDTAVYTCAASLRGWDTTWIDYEYWGQGTQVTVSS
seq19217,QVQLQESGGGLVQAGDSLKLSCEASGDSIGTYVIGWFRQAPGKERIYLATIGRSDFYTRYADSVKGRFAVSRDNAKNTVNLQMNSLKPEDTAVYYCAAKTTTWGGNDPNNWNYWGQGTQVTVSS
seq19218,EVQLVESGGGLVQAGGSLRLSCAASGFTFDDYAIGWFRQAPGKEREGVSCISMSDGSTYYADSVKGRFTISSDNAKNTVYLQMNSLKPEDTAVYYCAADRLAFGLDSNFYDYWGQGTQVTVSS
seq19219,QVQLQESGGGSVQAGETLRLSCTASGDTFDDSGVGWFRQVSGNECDLVSSINRDGTTYYAPSVAGRFTISQNNAKNTVYLQMNSLKPDDTAVYYCATVPAVGIVVRITCRGPFGYWGQGTQVTVSS
seq19220,EVQLVESGGGLVQAGGSLRLSCSASGLLFSVNSAGWYRQAPGKQRDFVARIRSGGSTNYADSVKGRFTISRDKATNTVHLQMNSLKPEDTAVYYCGSWRTGAYEYWGQGTLVTVSS
seq19221,EVQLLESGGGEVQPGGSLRLSCAASGSVFSIDAMGWYRQAPGKQRELVSALSGISSATYAESVKGRFTISRDNAKNTLYLQMSSLRAEDTAVYYCYADVSTGWGRDAHGYWGQGTLVTV
seq19222,QVQLQESGGGSVQAGGSLRLSCVASGLVYSLKAYDWGWARQAPGKECELVGRIMPNGATVYIDSVKGRFIISRENSNNTVYLQMNSLKFEDTAVYYCARVGDPSGGWCKGQGTQVTVSS
seq19223,EVQLVESGGGLVQAGGSLRLSCAASGIDGDINVMAWYRQAPGKQRELVASITIGGNTNYADSVKGRFTIARDNAKNRMSLEMNSLKSEDTAVYYCNTLLSRVHDGQYVFWGQGTQVTVSS
seq19224,EVQLLESGGGLVLPGGSLRLSCVHSGPTFRTDTMGWFRQAPGKGREFVAAVTWNSGRINYADSVKGRFTVSRDNTRNAAYLQMSGLKDEDTAVYYCAAHRFVVGGNRVEDWRYWGQGTLVTVSS
seq19225,EVQLVQSGGGLVQAGGSLRLSCAASGSILSINAMGWYRQPPGKQREMVAGFTGDGNTIYADSVKGRFTISRDNAKNTVYLQMNSLKPEDTAVYYCAADVQLFSRDYEFYWGQGTQVTVKP
seq19226,QLQVVESGGGLVQPGGSLSLSCATSGFTFSNYEMNWVRQAPGKGFEWVSLINSGGSYTRYTDSVKGRFTISRDNAKKTLYLQMNSLKPEDTAVYYCANIVNDYWGQGTQVTVSS
seq19227,QVQLVETGGGLVQAGGSLRLSCAASGRSYAMGWFRQGPGKEREFVATISWSSTNTWYADSVKGRFTISRDNAKNTVYLQMNSLKPEDTAVYYCAASHRFSDYPMRSEDGMDYWGKGTLVTVSS
seq19228,QVQLQESGGGLVQAGGSLRLSCAASGIIFRNKAIGWYRQAPGKQRELVARIDSYDSTVYADSVKGRFSISRDNAKNTVYLQMNNPKSEDTAVYYCNLRGSNYWGQGTQVTVSS
seq19229,EVQLVESGGGLAQAGGSLSLSCTASGGNFRNFGMGWFRQVQGTEREFVAAISRTGGRTYFSDSVKGRFTISRDNAKNMVSLQMNSLKPEDSAVYYCAARFRFGDGTYYYQRNFYDFWGQGTQVTVSS
seq19230,EVQLVESGGKLVQAGGSLRLSCSASGRTFSFSTSTMGWFRQAPGKELEFVAAIDWSDFNTYYADSVKGRFTISRHNPRNSVYLQLNSLKPEDTAVYYCAAHSETRGGTRYFDRPSLYNYWGQGTQVTVSS
seq19231,QVQLQESGGGSVRTGGSLRLSCAASPSIYSNNYMAWFSQAPGKGREGVAAVYIDDGRPYYADSVKGRFTISLDSAKNTVYLQMNSLKPEDTAMYYCAAAPGPLSRNYWYTSANYDYWGQGTQVTVSS
seq19232,QVQLQESGGGLVQAGSSLRLSCAVSGGTFGRVGVGWFRRAPGKEREFVAAVNWSGIDTYYADSVKGRFTISRDNNKHTVDLRMNSLKPEDSAVYFCATDFRFNAPMNGAEYDYWGQGTQVTVSS
seq19233,DVQLQASGGGLVQAGGSLRLSCAASVSTFSIGAIGWYRQAPRKQRELVAGISGGGSTYYTDSVKGRFTISRDNARNTVYLQMNNLKPEDTAVYYCNAILAGGLLAFWGQGTQVTVSS
seq19234,EVQLVESGGGLVQAGDSLRLSCAASGRTFLSYAVGWFRQAPGTEREFVAGIRWSGGSTDYADSVKGRFTISRDNAKNTVYLQMNSLKPEDTAVYYCAAHRTIATVPNKYEYDTWGQGTQVTVSS
seq19235,EVQLVESGGGLVQAGGSLRLSCAASGRTFSSYAMGWFRQAPGKEREFVAGISWSGGSTYYADSVKGRFTISRDNAKNTVYLRMNSLKPEDTAVYYCAADPVGRADLYEYDYWGQGTQVTVSS
seq19236,QVQLQESGGGLVQPGGSLRLSCAASGSSISNYAMAWYRQAPGKQREWVAGISQRMDTIYADSVKGRFTISRDNAKNTVSLQMNSLKPEDTAVYYCNIRILPTWATTVGSWGQGTQVTVSS
seq19237,EVQLVESGGGLVQPGGSLRLSCAASGFTFDDTGMGWFRQAPGKEREFVAAIRWSGKETWYADSVKGRFTISADNSKNTAYLQMNSLKPEDTAVYYCAAEDPSMYYTLEEYEYDWGQGTLVTVSS
seq19238,QLQLVESGGGLVQPGGSLRLSCAASGFTFSFSEYVMSWVRQAPGKGLEWVSDINSGGEITAYADSVKGRFTVSRDNTKNTVYLQMNSLKPEDTAVYYCAQGSFGAWGQGTQVTVSS
seq19239,VQLVESGGGLVQPGGSLRLSCAASGSIFGFNDMAWYRQAPGKQRELVALISRVGVTSSADSVKGRFTISRVNAKDTVYLQMNSLKPEDTAVYYCYMDQRLDGSTLAYWGQGTQVTV
seq19240,AVQLVESGGRLVKAGASLRLSCAASGRTFSSLPMAWFRQAPGKEREFVAFIGSDSSTLYTSSVRGRFTISRDNGKNTVYLQMMNLKPEDTAVYYCAARSSAFSSGIYYREGSYAYWGQGTQVTVSS
seq19241,EVQLVESGGGLVQPGGSLRLSCAASGFTFDDYGMSWVRQAPGRGLEWVSAISWNGNNTYYTESMKGRFTISRDNAKNTLYLQMNSLRPEDTAVYYCVKGSTAIVGVPPTYPDEYDYWGQGTLVTVSS
seq19242,VKLEESGGGLVQAGGSLSLSCEDSGRSFSVKPMAWFRQAPGLEREFVAAASFTGVSTFYADSVKDRYTIFREKDNNTVYLQMNSLQPEDTGAYYCAGTLRTLWGSKWRDRREYEYWGQGTQVTVSS
seq19243,DVQLVESGGGLVQPGGSLRLSCAASGRASSINWMGWFRQAPGKEREFVAGIRWSDAYTEYADSVKGRFTISRDNAKNTVYLQMNSLRPEDTAVYYCVLDLSTVRYWGQGTLVTVSS
seq19244,QVQLVESGGGLVQAGDSLRLSCAASGRAYATMAWFRQAPGKEREFVAHLRVSGDTTYYTDSVKGRFTISRDNAKNTAYLQMNMLKPEDTAVYYCAAGPYGILAAARVSNPGNYDYWGQGTQVTVSS
seq19245,EVQLVESGGGLVQAGGSLRLSCAASGFTFDDYAIGWFRQAPGKERDGVSCISSSDGSTYYADSVKGRFTISSDNAKNTVYLQMNSLKPEDTAVYYCAVEVPSSCGYYRGSSYYTDEELAYWGQGTQVTVSS
seq19246,EVQLLESGGGLVQPGGSLRLSCAASGRTYAMGWFRQAPGKEREFVAHINALGTRTYYADSVKGRFTISRDNSKNTVYLQMNSLRPEDTAVYYCTAQGQWRAAPVAVAAEYEFWGQGTLVTVSS
seq19247,EVQLVESGGGLVQAGGSLSLSCTASGGTFRNFGMGWFRQVQGKEREFVAAISRSGGHIFYSDSVKGRFTISKDNAKNILFLQMNSLKPEDTAVYYCAARFRFDDGTYYYQRAFYDFWGQGTQVTVSS
seq19248,EVQLVESGGGEVQPGGSLRLSCAASGSVTGANTMGWYRQAPGKQRDLVSLIGNYVTHYAESVKGRFTISRDNAKNTVYLQMSSLRAEDTAVYYCYLYTDNLGTSWGQGTLVTVKP
seq19249,QVQLQESGGGLVQPGGSLRLSCAASGFTLDLYTIGWFRQAPGKEREVVSCISSSDGSTYYADSVKGRFTISRDNAKNTVYLQMNSLKPEDTAVYYCATDSNYCSGYGPSDYWGQGTQVTVSS
seq19250,EVQLLESGGGSVQPGGSLRLSCAASGRPFSNYAMGWFRQAPGKEREFVAAISWSGGSTSYADSVKGRFTISRDNSKNTLYLQMNSLRAEDTAVYYCAAQFSGADYGFGRLGIRGYEYDYWGQGTLVTVSS
seq19251,QVQLVESGGGLVQAGGSLRLSCAASGRTFITYAIGWFRQAPGKEREFVSAIAWSGSMTSYADSVKGRFTISRDNAKNTVYLQMNGLKPEDTAVYYCAAHRGAIAPIAQSVYTNWGQGTQVTVSS
seq19252,EVQLVESGGGLVQAGGSLRLLCAASGSFFRVNNMAWYRQAPGKQRELVADITRGDRTNYADSVNGRFTISRDNVRNTVYLQMNGLKPEDTAVYSCYARIELGILEPRDYWGQGTQVTVSS
seq19253,LQESGGGLVQAGGSLKLSCAASGFTFDDYNIGWFRQAPGKEREGVSCINDSDDSTYYAYSVKGRFTISSDNAKNTVYLQMNSLKPEDTAVYYCAALRGCWATVTLYYYGMDYWGKGTLVT
seq19254,DVQLVESGGGVVQPGGSLRLSCVASGYVHKINFYGWYRQAPGKEREKVAHISIGDQTDYADSAKGRFTISRDESKNTVYLQMNSLRPEDTAAYYCRALSRIWPYDYWGQGTLVTVSS
seq19255,QVQLQESGGGSVQAGGSLRLSCESSGMTFSVYNLGWLRQAPGQECELVSTITRDGSTDYADSMKGRFTISRDNAKNTMYLQMTSLKPDDTAVYYCAAGVGVVDCTEGQGTQVTVSS
seq19256,QVQLQESGGGLVQAGDSLRVSCAASERSPTLLLMGWFRQAPGKEREFVASIIWSTGTTFYADSVKGRFSISKDNGKNTVYLQMNSLRPDDTAVYYCAASPYYTGGYVRTIDFDSWGRGTQVTVSS
seq19257,QVQLQESGPGLVKPSQTLSLTCTVSGGSITTRYYAWSWIRQPPGKGLEWIGVIDYDGDTYYSPSLKSRTTISWDTSKNQFSLQLSSVTPEDTAVYYCARDPDVVTGFHYDYWGQGTMVTVSS
seq19258,QVQLQESGGGLVQAGGSLRLSCAASGSIFSINAMGWYRQAPGKQRELVAASTSGDITNYADSVKGRFTISRDNAKNTVYLQMNSLEPEDTGVYYCNARGIYSDYAFADFNSWGQGTQVTVSS
seq19259,EVQLVESGGGLAQAGGSLRLSCAASGFTFDDYAIGWFRQAPGKEREGVSCISSSDGSTHYADSVKGRFTISRDNARNTVTLQINSLKPEDTAVYYCATPWVTYCPENLLFSYWGQGTQVTVSS
seq19260,EVQLVESGGGLVQPGGSLRLSCAASGRTFSSYTMGWFRQAPGEEREFVSAISWSSDGTYYKYYTDTVKGRFTISRDNAETTVHLQMNSLKPEDTAVYYCAASSSGTYGDPRSEREYRYWGQGTLVTVSS
seq19261,EVQLVESGGGLVQAGGSLRLSCAASGSTFRRVAMGWYRQAPGKQRYVVAVISRDGSTNYADSVKGRFTISRDNAKNTVSLQMNSLKPEDTAVYYCNNKYYTSSGYVDYWGQGTQVTVSS
seq19262,QVKLEESGGGLVQAGGSLRLSCEASGITYPSCCMSWYRQLPGKERELVATISADGGNRRYADSARGRFTISKGNAKNSLYLQMNSLKPEDTAVYYCAADQACGSWTGPCHANYGAWGQGTQVTVSS
seq19263,QVQLQESGGGLVQAGGSLKLSCTASRRTFSRYNMGWFRQAPGKEREFVAAIRWNDGGADYADSVKGRFTISRDADGTLYLQMNSLKPEDTAVYYCALDDIFATPGKYDYWGQGTQVTVST
seq19264,EVQLVESGGGLVQPGRSLTLSCAASTNIFSIRPMGWYRQAPGKQRELVAAIHGFSTVYADSVKGRFTISRDNAKNSIYLQMNSLRPEDTALYYCNKVPWGDYHPRNVYWGQGTQVTVSS
seq19265,QVQLQESGGGLVQAGGSLRLSCATFGRTFSKYAMAWFRQAPDKERAFVAIISDNGKSQTYADAVKGRFTIFRDNDKSAVYLQMNGLKSEDTAVYYCGFYSGNGDWKMKYAYDYWGQGTQVTVSS
seq19266,EVQLVESGGGLVQAGDSLTLSCTASGRTFDNYAMGWFRQAPGKEREFVAAISWSLSRTHYADYVKGRFAISRDNAKNTVLLQMSSLKPEDTAVYYCAAAPRPKRISVSYFSTTSNYDYWGQGTQVTVSS
seq19267,IRLLVESGGGLVQAGDSLRLSCAASGRTFTNYAMGWFRQAPGKEPEFVARISRVGSSTFYTDSVKGRFTISRDNAKNTMYLQMNSMKAEDTAVYYCAADSDYGPGRRSSEYDYWGQGTQVTVSS
seq19268,EVQLVESGGGLVQAGESLRLSCAASGSIFSIDAMGWYRQAPGKQRELVAEISDHTTYGDSMKGRFTISRGNAENTVALQMNSLKPEDTGVYYCNVHHQRGWGTSITVTWGQGTQVTVSS
seq19269,EVQLVESGGGLVQAGASLRLSCGASGRTLNMYTMGWFRQAPGKERDFVAAITPINWGGRGTHIADSVKGRFTIFRDNTKNTIILQMNNLNPEDTAVYYCAAESHGSTSPRNPLQYDYWGQGTQVTVSS
seq19270,VQLQESGGGSVQAGGSLRLSCVASGYTNCRYDMSWYRQAPGKEREFVSSIDSEGVARHADSVKGRFGISQDNAKSTLYLQMNSLKPEDTAMYYCKMDYIRCRFGSWSESTWGQGTQVTVSS
seq19271,VQLQESGGGLAQPGGSLQLSCAASGRAFSTNSMGWYRQASGKQRELVAAITSQGRITLADSVKGRFTISSDNTKNTVFLQMNSLKPEDTAVYYCNAWTTLGTFGGQGTQVTVSS
seq19272,VQLVETGGALVQAGGSLRLSCAASETSSVSLSWMGWYRQAPGKERELVAGINRDRPKYKESVKGRFTISRDNAQNTVYLQMNSLKPEDTAVYYCNTVPPRGDYWGQGTQVTVSS
seq19273,QVQLVESGGGSVQAGGSLRLSCAASGYTYSNFCMAWFRQAPGQAREGVAYIYTGGNSYYADSVKGRFTISQDNAKNTVYLQMNSLKPEDTAIYYCAADNGPGTCIGRPEYLFRYWGRGTQVTVSS
seq19274,EVQLVESGGGSVQAGGSLRLSCTASGRPFDNYAMAWFRQAPGKEREFVAAISWSLSRTHYANSVEGRFTISRDNAKNTAFMQMSSLKPEDTAVYYCAAAPRPKRVSVQYFVTSSNYDYWGQGTQVTVSS
seq19275,EVQLVESGGGLVQPGGSLRLSCAASGRTFSNNAVGWFRQAPGKERQFVAAISWTAGTTYYADSVKGRFTISRDNATNTVYLQLNSLKPEDTAVYFCAAGAGRDRGFSRAQYAYWGQGTQVTVSS
seq19276,EVQLVESGGGLVQPGGSLRLSCAASGSIFSINAMGWFRQAPGKEREFVAAVSGSGDDTYYADSVKGRFTISADNSKNTAYLQMNSLKPEDTAVYYCAAVQAYSSSSDYYSQEGAYDWGQGTLVTVSS
seq19277,EVQLVESGGGLVQPGGSLRLSCAASGFTFRTYYMGWFRRAPGKEREFVGVTRSSDDVTYYADSVKGRFTISRDNAKDTVYLQMSRLKPEDTAVYYCAAKPVPITRYSFPQIGEEYDYWGQGTLVTVSS
seq19278,EVQLVESGGGVVQPGGSLRLSCAASGGTFSFYGMGWFRQAPGKEREFVADIRTSAGRTYYADSVKGRFTISRDASKNTVYLQMNSLRPEDTALYYCAAEPSGISGWDYWGQGTLVTVSS
seq19279,QVQLQESGGGSVQAGGSLRLSCASSGYSRTSRWMAWFRQAPGKEREGVAAIYTGGSSTLYANSMADRVTISQDNAKNTVYLRMNNLKPEDTAMYYCAADKLAGDFWLVDRWRAWGQGTQVTVSS
seq19280,EVQLVESGGGLVQPGGSLRLSCAASGTTFKINVMAWYRQAPGKGRELVAAIITGGTTTYADSVKGRFTISRDNAKNTLYLQMNSLRPEDTAVYYCAFVTTNSDYDLGRDYWGQGTLVTVSS
seq19281,EVQLVESGGGLVQAGGSLRLDCAASGRTSYAMGWFRQGTGQEREFVAAISPSGYYTYYEDSVKGRFNIHRDNTKNMVYLQMNSLTPEDTAVYYCAAGRHKTVSGILPDYWGQGIQVTVSS
seq19282,QVQLQESGGGLVQPGGSLRLSCAASGKIFSGNDMGWYRQAPGKQRELVGIITSGGITDYADAVKGRFTISRDNAKNMMYLQMNSLKPEDTAVYYCNMRDRTIWWGQGTQVTVSS
seq19283,QVQLQESGGGSVQTGGSLRLSCAASTSIYSNNYMAWFRQAPGKGREGVAAVYIDDGRPYYADSVKGRFTISLDSAKNTVYLQMNSLKPEDTAMYYCAAAPGPLSRHYWYTSANYDYWGPGTQVTVSS
seq19284,QVQLQESGGGSVQAGGSLRLSCAAPGLPYRVVFMGWFRQGPGKEREGVAVINADGVSTYYADSVKGRFTISQDNAKNTVYLQMNSLKPEDTAIYYCAANHFFDYSRDPLATAEYNYWGQGTQVTVSS
seq19285,EVQLVESGGGLVQPGGSLRLSCESSISTFSSDAMGWFRQAPGKEREFLAAIGWSGAVTHYSDSVQGRFTISRDNAKNTVYLQMNSLKSEDTGRYYCAEDYDTDVWQYWGQGTQVTVSS
seq19286,EVQVQESGGGLVQPGGSLRLSCAASGNIFRIDTMGWYRQAPGKQRELVAGISRGGTTTYAHSVKERFTISRDNAKNTMYLQMNSLKSEDTAGYYCNAQAWDPGTFRYLEVWGQGTLVTVSA
seq19287,EVQLVESGGGLVQPGGSLRLSCAASGRTYYLNAMGWFRQAPGKEREFVAAIDWSEGNKDYADSVKGRFTISRDASKNTVYLQMNSLRPEDTAVYYCAADTPPWGPLIYIESYDSWGQGTLVTVSS
seq19288,EVQLLESGGGVVQPGGSLRLSCAASGRTFNNYNMGWFRQAPGKGREFVAAVSRSGVSTYYADSVKGRFTISRDNSKNTVYLQMNSLRPEDTALYYCAAAYRGTAINVRRSYSSWGQGTLVKVSS
seq19289,DVQLVESGGGLVQPGGSLRLSCAASGFALDYYAIGWFRQAPGKEREGVSCISSSDGITYYADSVKGRFTISRDNSKNTVYLQMNSLRPEDTAVYYCATDSGGYIDYDCMGLGYDYWGQGTLVTVSS
seq19290,EVQLVESGGGLVQPGGSLRLSCAASGDVHKINILGWHRQAPAKEREMVAHITIGDATDYADSAKGRFTISRDEAKNMVYLQMNSLKPEDTAAYFCRAYSRIYPYNYWGQGTQVTVSS
seq19291,EVQLVESGGGLVQPGGSLRLSCATSGFTLDYYVIGWFRQAPGKEREGVSCMSSSGDITTYAPSVKGRFTISRDNAKNMVYLQMTSLKPEDTAVYYCAADFALGCYSGSYVPRYDYWGQGTQVTVSS
seq19292,LQESGGGLVQAGGSLRLSCVVSGSTSTVNGMGWYRQTPGNQRELVALQSTGGTTTYADSVKGRFTISRDNAKNTVYLQMDSLKPEDTAVYYCNYKNTIPYKEFWGAGVQVT
seq19293,VQLVESGGGLVQPGGSLRLSCAASGFTFSTYWMYWVRQAPGKGLDWVSAINAGGDSTYYADPVKGRFTISRDNNKNTLYLQMNSLKPEDTALYYCATVRGTARDLDYWGQGTQVTVSS
seq19294,QVQLQESGGGLVQAGGSLRLSCAHSGGIFTIGPLGWYRQAPGSQRELVATVTNGGGTYYADSVKGRFTISRDNAKNTVYLQMNSLKPEDTAVYYCNAAVVTAKGMGAIQSRGYWGQGTQVTVSS
seq19295,QVQLVESGGGSVQAGGSLRLSCTASEDLSIYGYNCMGWFRQAPGKEREAVAAIYTGRGTTYYADSVKGRFTISQDNAKNTVYLQMNSLKPEDTAMYYCASKYCAVVADFGNSRLVRYWGQGTQVTVSS
seq19296,LQQSGGGLVQAGGSLRLSCAASGFSSDDYTIAWFRQAPGKEREAVSCITSSDGSTYYRDSVKGRFTISSDNAKNTVFLQMNSLKPEDTAVYYCAATFDDLYVPWVDTDTYDYWGQGTQVT
seq19297,QVQLQESGGGLVQAGGSLRVSCAASGRTLSNYAVGWWRQAPGKQREFVAAINWSSGGISYSNSAKGRFALSRDNAKNTVYLQMDSLKPEDTAVYYCAAASSVLSGTVDYWGQGTQVTVSS
seq19298,QVQLVESGGGLVQPGGSLRLSCAASGKMSSRRCMAWFRQAPGKERERVAKLLTTSGSTYLADSVKGRFTISRDNSKNTVYLQMNSLKAEDTAVYYCAADSFEDPTCTLVTSSGAFQYWGQGTLVTVSS
seq19299,AVQLVESGGGSVQTGGSLRLSCVASGYTYSSARIGWFRQAPGKEREGVAAILTDGVTTYYADAVKGRFTISRDNAKNTVYLQMNSLKPEDTAMYYCAIRTSPYSGGWFRVSQYNGWGQGTQVTVSS
seq19300,VQLVESGGGLVQPGGSLRLSCAASGFTFSGYVMSWVRQAPGKGLEWVASIGSGGGYPSYTGSVEGRFTISRDNAKNTLYLLMNNLKPDDTAVYYCEMLGRRGQGTQVTVS
seq19301,QVQLQESGPGLVKPSQTLSLTCTVSGGSITTRYYAWSWIRQPPGKGLEWMGVIDYEGDTYYSPSLKSRVSISWDTSKNQFSLQLSSVTAEDTAVYYCARDPDVVTGFHYDYWGQGTQVTVSS
seq19302,QVQLQQSGGGLVQAGGSLRLTCAATGPIYAVNRMGWYRQAPGKQRELVATITNGGTIKYGDSVRGRFTISREKLNNTVYLQMDNLIPEDTAIYYCTAESLRVAVDDYWGQGTQVTVSS
seq19303,QLQLVESGGGLVEVGESLRLSCVALGFTLDGYAIGWFRQAPGKEREKISCISSTGDSTNYDDSVKGRFTISRDTAKSTVFLQMNNLIPEDTAIYYCGADLLARCGRVWYFPPDLNYRGQGTQVTVSS
seq19304,GLVQAGGSLRLSCAASGRTFSSYAMGWFRQAPGKEREIVASISWNGGSTDYADSVKGRFTISRDNAKNTVYLQMNSLKPEDTAVYYCAADSTNWVFYDYWGQGT
seq19305,EVQLVESGGGLVQPGGSLRLSCAASGRTFSSFAMGWFRQAPGKERELVAAISSGGSTNYADSVKGRFTISADNSKNTAYLQMNSLKPEDTAVYYCARGDWRYGWGQGTLVTVSS
seq19306,VKLEESGGGLVQPGGSLRLSCAASGLVFSANTMAWYRRAPGKQRELVARISTDGRTNYADSVKGRFTISRDNREKTVFLQMNRLNPDDTAVYYCNANWLSKFDYWGQGTQVTVSS
seq19307,QVQLQESGGGLVQAGGSLRLSCADSGSTFGLGAMGWYRQSPGKQRELVASITSGGRTNYADSVKGRFTISRVNAKRTVYLQMNSLKPEDTAVYVCNARFGIRDFWGQGTQVTVSS
seq19308,EVQLVESGGGLVQAGGSLRLSCAASGNIFDDNTMGWTWNRQPPGKQRELVAIIATDGSTNYADSVKGRFTISRDNAKNTVYLQMNSLKPEDTAVYYCNLFSLRLGRDYWGQGTQVTVSS
seq19309,EVQLVESGGGLVQPGGSLRVSCAASGFTFNDYIMGWFRQAPGKERMFIAAISGTGTIKYYGDLVRGRFTISRDNAKNTVYLRIDSLNPEDTAVYYCAARQDYGLGYRESHEYDYWGQGTQVTVSS
seq19310,EVQLVESGGGLVQPGGSLRLSCAASGRTFSIYNMGWFRQAPGKEREFVAAISRSGSSTYYGDSVKGRFTISRDNAKKTVYLQMNSLKPEDTAVYHCAAARFGTPINTRGSYDYWGQGTQVTVSS
seq19311,QVQLQAFGGGMVQAGESLRLSCVASGNDISGSAMAWYRAHLGAERELVAVDAPRERPFYIDPVIGRFTISRDDRNKMLYLQMNDLRPDDTATYWCGPSLRTFHGREWYRPPWFTSWGQGTQVTVSS
seq19312,EVQLVESGGGLVLAGGSTRLTCLASGSISSINVIGWYRQAPGKQRELVAMIGRGEGANYGDFAKGRFTISRDNSKNTVYLQMNSLKPEDTAVYYCYADYEDRDSPLNGSWGQGTQVTVSS
seq19313,EVQLVESGGGLVQAGASLNLSCAASGRTTSRYSMAWFRQAPGKEREFVSAMRWSGDTLYADSVKGRFTISSDNAKNTVFLQMNSLGPEDTAVYYCARRESAVIYYQAPKWDYWGQGTQVTVSS
seq19314,QVQLQESGGGLVQPGGSLRLSCADSGSTFSINSMGWYRQAPGKRRDWVAGITTDGITKYPDSLKGRFTISRDNAKNTVYLQMNSLKPEDTAVYYCNLWPPRASPSGRLYWGQGTQVTVSS
seq19315,EVQLVESGGGLVQPGGSLRLSCAASGGTFGSYGMGWFRQAPGKEREFVAAIRWSGGITYYADSVKGRFTISADNSKNTAYLQMNSLKPEDTAVYYCARERYWNPLPYYYYGMDVWGQGTLVTVSS
seq19316,QVQLQESGGGLVQAGGSLRLSCAASGNISSISDMGWYRQAPGKERELVAGIGGGANTYYADSVKGRFTISRDNAKNTVYLQMNSLKPEDTAVYYCAAHGYWGWTHEYWGQGTQVTVSS
seq19317,EVQLVESGGGLVQAGGSLRLSCAASGSFFRVNNMAWYRQAPGKQRELVADITRGDRTNYADSVNGRFTISRDNVRNTVYLQMNGLKPEDTAVYYCYARIELGVLEPRDYWGQGTQVTVSS
seq19318,EVQLVESGGGVVQPGGSLRISCAASGSIYLINYMGWYRQAPGKQRELVATLTSGGSTNYAGSVKGRFAISRDNAKNTVYLQMNSLKPEDTAVYYCNIGGTLYDRRRFESWGQGTLVKVSS
seq19319,VQLQESGGGSVQAGGSLRLSCAASGQTAFMAWFRQAPGQEREGVAAIDTRALSTYYGDSVKGRFTISKDIFKNTLYLQMNSLKPEETAMYYCAARKKPGSSLLQPQSYVYWGQGTQVTVSS
seq19320,EVQLVESGGGLVRHGDSLRLSCAASRRTTSVYATGWFRQAPGKEREFVAAISWSGGYTNYADSVKGRFTISRDNAKNTVFLQMNSLKPEDTAVYYCAADRNPYRGSNNANAYDYWGQGTQVTVSS
seq19321,EVQLVESGGGLVQAGGSLRLSCAASGTISSINVMGWFRQAPGKEREFVAALVKGFSWGSGSSIYADSVRGRFTISRDNAKNTQSLQMNSLELEDTAIYYCAAGRRSSARSGYEFWGQGTQVTVSS
seq19322,QVQLQDSGGGLVQAGGSLRLSCAASGRTFSSYAMGWFRQAPGKEREFVAAISFSGDSTAYADSVKGRFTISRDNAKNTVYLQMNSLKPEDTAVYYCAADSHYGYSEYIRGLGMDYWGKGTLVTVSS
seq19323,QVQVQESGPGLVKPSQTLSLTCTVSGGSITARYYSWSWIRQPPGKGLEWMGVIAYDGSTYYSPSLKSRTSISRDTSKNQFSLHLSSVTPDDTAVYYCARGSSRVAAAFDSWGQGTQVTVSS
seq19324,EVQLVESGGGLVQAGDSLRLSCAASGRTLTTYGMGWFRQAPGKEREFVATIKWSGSTNYKYYADSVKGRFTISRDNAKNTVYLQMNSLKPEDTAVYYCAAGTVLGDPRVLNEYDYWGQGTLVTVSS
seq19325,EVQLVESGGGLVQPGGSLTLSCVASGETSSINAMAWYRRAPGKQRELVAGISSDYSKLYADSVKGRFTISRDNAKNSVYLQMNSLRAEDTAVYYCYYFRTVSGSSRGYWGQGTLVTVSS
seq19326,QVQLQESGGGLVQTGESLSLSCAVASGSIISINSMGWYRQAPEKQRELVAAITVDGRLAYADSAKHRFTISKESARNTVHLHMSSLKPEDTAVYYCTIWVRDGQQYWGQGTQVTVSS
seq19327,QVQLQESGGGWVQPGDSLRLSCAASGSTFSDYAVGWFRQAPGKEREFVARITRLGNGPYYSASVKGRFTISRDNARDMAYLKMDALTPEDTATYYCAAGRTLASTHDTKTSPQTYDYWGQGTQVTVSS
seq19328,EVQLVESGGGLVQAGGSLRLSCAASGTIFRIENMYWFRQAPGNQREWVARISRESGTSYADSVKDRFTISRDNAKNTVYLQMNSLKPGDTAVYYCTADVQTNSRGAQQIFRGQGTQVTVS
seq19329,QVKLEESGGGLVQAGGSLRLSCAASGRTFNNYNMGWFRQAPGKEREFVAAISWNGGSTYYDDSVKGRFTISRDNANNLVYLQMNSLNFEDTAVYYCACAANPYGIPQYRENRYDFWGQGTQVTVSS
seq19330,EVQLVESGGGLVQAGGSLRLSCAASGVTFSNYGMAWFRQAPEKEREFVARISSNGRRTEYADGVSGRFTISRDNAKNTVYLQMNGLKPEDTAVYYCARAAGPSGFHEQSIYDDWGQGTQVTVSS
seq19331,VQLVESGGGLVQPGGSLRVSCAASGFTFSSYFMSWVRQAPGKQRELVATIGDRGNTNYADSVKGRFTISRDNAKNTVYLQMNSLKPEDTAVYYCYSRNRILQHYWGQGTQVTVSS
seq19332,EVQLVESGGGLVQPGGSLTLSCVASGITSSINAMGWYRRAPGKQRELVAGISSDGSKVYAGSVKGRFTISRDNAKNSVYLQMNSLRAEDTAVYYCYYFRTVRGSSMRYWGQGTLVTVSS
seq19333,QVQLQESGGGLVQAGGSLRLSCAVSGNTLSRYAMGWFRQTPGNEREFVAAIRWNNGATYYAESVKGRFTISRDSGKNTVYLQMNNLQPEDTAVYYCAGRFLGYASSNAYHEALYNYDYWGQGTQVTVSS
seq19334,EVQLVESGGGLVQPGGSLRLSCAASGGIFSINVMGWFRQAPGKEREWVSAIRWNGGNTAYADSVKGRFTITADNSKNTAYLQMNSLKPEDTAVYYCAGFDGYTGSDWGQGTLVTVSS
seq19335,EVQLVESGGGLVQPGGSLRLSCAASGRTFIAYAMGWFRQAPGKEREFVSAITNFAGGTTYYADSVKGRFTISRDNSKNTLYLQMNSLRAEDTAVYYCAADRSAQTMRQVRPVLPYWGQGTLVTVSS
seq19336,EVQLVESGGGLVQAGGSLRLSCAADGRTFSTYGMTWFRQVPGKEREFVAHIPRSTYSPYYANSVKGRFTIARDDAKSTVYLQMNSLKPEDTAVYYCAVFTGGTYYVPTAYDYWGQGTQVTVSS
seq19337,EVQLVESGGGLVQPGGSLSLSCTASAGTFRNFGMGWFRQARGEEREFVATISRSARHTYYSDSVKGRFTISRDNAKNMVSLQMNSLKPEDTAVYYCAARFRSDDGTYYYQRAFYDFWGQGTQVTVSS
seq19338,GGSVQAGESLRLSCVASGNIFGLNAVGWYRQAPGSQRELVARINSDSNTIYADSVKGRFTISRNNAKNTVYLQMNSLKPEDTAVYYCNVVQRGRYGYEGDRNYWGQGTQVTVSS
seq19339,QVTLRESGGGLVQAGGSLRLSCKGSGRAINTYAMGWFRQAPGKEREFVAAISWNGGHTRYADSVQGRFAISRDNADNTMYLQMNSLKPEDTAVYHCAAYSDYHRIATMEADADSWGQGTQVTV
seq19340,QVQLQEFGGDSVQAGGSLRLSCAASGDTSSANYMGWFRQAPGKEREGVASMRTDGGRVYYADSVKGRFTISQDNAKNTVYLQMNSLKPEDTAMYYCAARRRYGGSWYGDLQEKTFDYWGQGTQVTVSS
seq19341,EVQLVESGGGLVQPGGSLRLSCAASGRTFSYNPMGWFRQAPGKGRDVVAAISRTGGSTYYARSVEGRFTISRDNAKRMVYLQMNSLRAEDTAVYYCAAAGVRAEDGRVRTLPSEYNFWGQGTQVTVSS
seq19342,EVQLVESGGGLVQAGGSLRLSCTASGSAFSSSVVGWFRQAPRKEREFVTAINWSGARTDYADSVKGRFTISRDNAKNTAWLQMNSLKPEDTAVYYCAAGSDRYARVLTEYEYVWWGQGTQVTVSS
seq19343,QVQLQESGGGLVQPGGTLRLSCVASGSFRSINAMGWYRQAPGKQRELVATVDSGGYTNYADSVKGRFTISRDNAKNTVYLQMSSLTPEDTAVYYCYAGIYKWPWSVDARDYWGQGTQVTVSS
seq19344,EVQLVESGGGLVQPGGSLRLSCVGSGDGFSISAVAWYRQTPGKQREWVGVIFSSGSTDYADSVKGRFTISRDNAKNTVYLQMNSLKPEDTAVYYCNAGVTTNRGVHHESNYWGQGTQVTVSS
seq19345,EVQLVESGGGLVQPGGSLKLSCAASGASFMDYAIGWFRQAPGKEREGVSYIGCEDGAQYYAGSVKGRFTISCDYAKNTVYLQMNSLKPEDTAVYYCAAAKQWETIRWVHEYDYHNWGQGTQVTVSS
seq19346,QVQLQESGGGLVQAGGSLRLSCAVSGNTLSRYAMGWFRQTPGKEREFVAAIRWNNAATYYAESVEGRFTISRDTGKNTVYLQMNNLKPEDTAVYYCAGRFLGYASSNAYHEALYNYDYWGQGTQVTVSS
seq19347,QVQLVESGGGSVQAGGSLRLSCAASVITYSNNCMAWFRQAPGKEREGVAAIYTSDGSTHYADSMKGRFTMSQDNAKNTVYLQMNSLKPEDTALYYCVARKGGAGPCGGNWAANLGRFGYWGQGTQVTVSS
seq19348,QVQLQESGGGLVQAGGSLRLSCAVSGNTLSRYAMGWFRQTPGKEREFVAAIRWNNGATYYADSVEGRFTISRDTGKNTVYLQMNNLQPEDTAVYYCAGRFLGYASSNAYHEALYNYDYWGQGTQVTVSS
seq19349,QVQLQESGGGLVQAGGSLRLSCAASGRTFSTYSMGWFRQVPGKEREFVAAIRWSGGSRTYADSVKGRFTISRDNTKNVVYLQMTSLKPEDTAVYYCAADRDGYSSYAHQYDYWGQGTQVTVSS
seq19350,QVQLQESGGGLVQAGGSLRLSCAASGRTFSSYSMAWFRQAPGKERESVAAITYSGISTAYTDSVKGRFTISRDNAKNTVYLYMNSLKPEDTAVYYCAASYSASRSYPFGEYDYWGQGTQVTVSS
seq19351,EVQLVESGGGLVQPGGSLRLSCAASGFSFSRNWMYWVRQAPGKGLEWVGDISMEGTNTYYRDSVQGRFTISRDNAKNILYLQMNSLKSEDTAVYYCARAKNEGFVPGGYDFDYRGQGTQVTVSS
seq19352,GSKTIVLSGSLRLSCAASGRTFSTAAMGWFRQAPGKERDFVAGIYWTVGSTYYADSAKGRFTISRDNAKNTVYLQMDSLKPEDTAVYYCAARRRGFTLAPTRANEYDYWGQGTQVTVSS
seq19353,LQASGGGLVQPGGSLRLSCAASGSIFSNHAMGWYRQPPGKQREFVANIFSGGRINYADFVKGRFTISRDNAKNTVYLQMNKLKPEDTAVYLCNAWRLGYDYWGQGTQVTVSS
seq19354,DVHLQDSGGGWVHPGGSLTLSCLMSGSEYYGSPVGWFPQPPGKGREEIAEIVPIGGSVIYIGGVEGRFTISRDNSKNTIALIMNDLLPEDTATYYCAADSGGLCSHRERDYDIWGQGTQVTVCS
seq19355,QVQLQESGGGLVRTGGSLRLSCVASGFALANYGIGWFRQAPGKEREGVSCSNVRDGSTYYRDSVKGRFTISRNNIENTVYLQMSTLKPEDTALYYCATTDCEASSWGTWINYRGQGTQVTVSS
seq19356,QVQLQESGGGLVQAGGSLRLTCALSERTSTSYAQGWFRQPPGKEREFVASLRTHDGNTHYTDSVKGRFTISRDNAENTLYLQMNSLKTEDTAVYYCAASLGYSGAYASGYDYWGQGTQVTVSS
seq19357,EVQLVESGGRLVQPGDSLRLSCAASGRTFSDNAMGWFRQAPGKERRFVAGISWAGGSTYYSDSVKGRFTISRDNAKNTVYLQMNSLKPEDTAVYYCAAGLRAWVQRMPKDYNYWGQGTQVTVSS
seq19358,QVQLQESGGGLVRPGDSLTLSCTYSGQTFTNSGMAWFRQRPGKEREFVAAVSRSGLGRRYADSVRGRFTITRDNGKNTANLQMDSLKPEDTAVYSCAATTLDWGPRGPYRYWGQGTQVTVSS
seq19359,VQLQASGGGFVQPGGSLRLSCAASGGTSKQYGMGWFRQAPGKEREFVSAISRQEGETIYYADSVKGRFTISRDNSKNTVYLQMNSLRAEDTATYYCAYRHVWPYPEYWGQGTQVTVSS
seq19360,QVQLQESGGGLVQAGGSLRLSCVASGSISSIIVMGWSRQAPGKQRESVATITRDGTRNYADSLKGRFTISRDNAKNTSYLQINSLKPEDTAVYSCYARYGDINYWGKGTQVTVSS
seq19361,EVQLVESGGGLVQPGGSLRLSCAASGFTFDDYAIGWFRQAPGKEPEGISCISSSGGITYYADSVKGRFTISRDNAKSTVYLQMNSLKPEDTAVYYCATPGIAACRGIHYTGQGTQVTVSS
seq19362,DVQLQESGGGLVQPGGSLRLSCAASGFTFDDFGMSWVRQAPGKGLEWVSSITWSGGSTYYADSVKGRFTISRDNAKNTVYLQMNSLKPEDTAIYYCNADHPQGYWGQGTQVTVSS
seq19363,QVQLVEFGGGLVQAGDSLRLSCAASGRSLGIYKMAWFRQVPGKEREFVAAISWSGGTTRYIDSVKGRFTLSRDNTKNMVYLQMNSLKPDDTAVYYCAVDSSGRLYWTLSTSYDYWGQGTQVTVSS
seq19364,DVQLQESGGGLVPAGGSLRLSCAASGSTFSTYHMAWFRQAPGKEREFVAGISWTGAATYYTDSVKGRFTISRDNAKNTVYLQMNSLTPDDTAVYYCAAYPSDSRQVAPNFKYWGQGAQVTVSS
seq19365,QVQLVESGGGLVQPGGSLRLSCAASKSFFNIYDLAWYRQAPGKQRELVASITKVGSTNYADSVKGRFTTSRDNAKKTVYLQMNSLKPEDTAVYYCNLVSPGGVYNYWGQGTQVTVSS
seq19366,EVQLVESGGGLVQPGGSLRLSCAASGRTFDNHAMGWFRQAPGKEREGVAAIGSDGSTSYADSVKGRFTISADNSKNTAYLQMNSLKPEDTAVYYCAVVRWGVDWGQGTLVTVSS
seq19367,EVQLVESGGGLVQPGGSLRLSCAASGRTFSTFNTYSMGWFRQAPGKEREFVAAISRSGNVTPYADSVKGRFAISRDNAKNTLTLQMNSLKPEDTAVYYCAASKIGIASTIRYYDYWGQGTQVTVSS
seq19368,QVQLQESGGGLVQAGGSLRLSCVASGTISSGAMGWYRQVPGKQREWVAGITGSRTTMYTESVKGRFTISRDNAENTVFLQMNNLKSEDTAVYYCNLWPPSRPDYWGQGTQVTVSS
seq19369,EVQLVESGGGSVQAGGSLRLSCVASTYTGCMGWFRQAPGKEREGVAALSSRGFAGHYTDSVKGRFSISRDYVKNAVYLQMNTVKPEDAAMYYCAAREGWECGETWLDRTAGGHTYWGQGTLVTVSS
seq19370,LQLVESGGGLVQAGGSLRLSCAASGRTFSSYAMGWFRQAPGKEREHVAAISWSGGYTYYANSVKGRFTISRDNAKNTVYLQMNSLKPEDTAVYYCNGVQDHSDSLQNWGQGTQVTVSS
seq19371,QVQLQESGGGLVQAGGSLRLSCADSGSTFGLGAMGWYRQSPGKQRELVASITSGGRTNYSDSVKGRFTISRVTPKRIVYLQMNSLKPEDTAVYVCNARFGIRDFWGQGTQVTVSS
seq19372,VQLVESGGGLVQAGDSLRLTCTASGRAFSTYFMAWFRQAPGKEREFVAGIAWSGGSTAYADSVKGRFTISRDNAKNTVYLQMNSLKSEDTAVYYCASRGIEVEEFGAWGQGTQVTVSS
seq19373,EVQLVESGGGLVQPGGSLRLSCAASGDTFSANRMGWFRQAPGKEREFVASITWSSANTYYADSVKGRFTISADNSKNTAYLQMNSLKPEDTAVYYCATFNWNDEGFDFWGQGTLVTVSS
seq19374,QVQLQESGGGLVQAGGSLRLSCAASGLYVSANDMGWFRQAPGKEREFVAAITWSGTDTTYADSVRGRFTISRDNARNTVYLQMNSLKPEDTGVYSCAAGHTYGAIMTAPGSFGSWGQGTQVTVSS
seq19375,VQLQESGGGSVQAGGSLRLSCAASGYTYTGYCMGWFRQAPGKEREGVATIDSDGDTSYADSVKGRFTISKDNAKNTLYLQMNSLKPEDTAMYYCAADFRRWHLCSSSFREDGMDYWGKGTQVTVSS
seq19376,QVKLEESGGGSVQTGGSLRLTCAASGRTSRSYGMGWFRQAPGKEREFVSGISWRGDSTGYADSVKGRFTISRDNAKNTVDLQMNSLKPEDTATYYCAAAAGSAWYGTLYEYDYWGQGTQVTVSS
seq19377,QVQLQESGGGLVQPGGSLRLSCAASGFTFSSYAMSWVRLAPGKGLEWVSTINIAGGITSYADSVKGRFTISRDNAKNTLYLQMNSLKPEDTAVYYCAKTAANWSAQRGQGTQVTVSS
seq19378,QVQLQESGGGLVQAGGSLRLSCAASGYISYTSYMGWYRQAPGKERELVATINQGAITNYADSVKGRFTISRDNAKNTVYLQMNSLKPEDTAVYYCAVRSPFVRRLDELGRRYHVYWGQGTQVTVSS
seq19379,QVKLEESGGGLVQAGGSLRLSCAASGRTPRHYILGWFRQAPGKLPEFVAAVREPGSSTYYADSVKGRDTISKDHTKNAVDLQMNSLKPEDSATYYCAVDPYPTPEFTTHVGHYDYWGQGTQVTVSS
seq19380,QVQLVESGGGLVQPGGSLRLSCAASGSIFSIPVMTWYRQALGKEREFVAGISKGGTSNYADSVKGRFTVSRDNAKNTVYLQMNSLKSEDTAVYYCNAQASSFGWMPLSDYWGQGTQVTVSS
seq19381,EVQLVESGGGLVQPGGSLTLSCAASGSSVSFLSMAWYRQAPGKKRELVAGISIDGSTDYIKSVKGRFTISRDNAKNSVYLQMNSLRAEDTAVYYCYAYRWTTRYRYWGQGTLVTVSS
seq19382,QVQLQESGGGLVQVGGSLRLSCAASGSTFSINNAMGWYRQAPGKRREWVAGISSGGVTHYPDSVKGRFTISRDNAKNIVYLQMNSLKPEDTAVYYCNLWPPRASPSGSIYWGQGTQVTVSS
seq19383,VKLEESGGGLVQPGGSLRLSCAASGFTFDDYAIGWFRQAPGKEREGVSCITSSDGSTYYADSVKGRFTISRDNANNTVHLQISNLKPEDTAVYYCATPWVTYCPENLLFSYWGQGTQVTVSS
seq19384,VQLQESGGGLVQPGGSLRLSCAASGRTFSSLDMGWFRQAPGKEREFVAGISRSGISQYYADSMKGRFTISRDNAKNLVYLQINSLKPEDTAVYYCAAALTFRGSDLPRDSNYWGQGTQVTVSS
seq19385,EVQLVESGGGLVQAGESLKLSCAASGRPFSTYTMGWFRQAPGKEREIVAASNWSGGSKYYSDSVKGRFTISRDNAKNTVYLQMNSLKPEDTAVYYCATRESGELRIREYEYDYWGQGTQVTVSS
seq19386,LQESGGGLVQAGGSLRLSCAASGRDFSTYALAWFRQAPGKEREFVAAITWTGGSTYYADSVEGRFTISRDNAKNTVYLQMNSLKPEDTAVYYCAADLPPYGSSWYPPRYDYWGQGTQVT
seq19387,EVQLVESGGGLVQAGGSLTLSCAASGRTFSSYRLGWFRQAPGNEREFVASITWSSANTYYADSVKGRFTISRERAKNTMYLQMDSLRPEDTAVYYCAKEDVGKPFDSWGQGTQVTVSS
seq19388,VQLVQSGGGLVQAGGSLRLSCAPSGSIFGIRTMDWYRQAPGKERELVARITMDGRVFHADSVKGRFSGSRDGASNAVYLQMNSLKPDDTAVYYCRYSGLTSREDYWGPGTQVTVSS
seq19389,EVQLVESGGGPVQAGGSLRLSCAASGRTYRGYSMGWFRQAPGKEREFVAAIVWSGGNTYYEDSVKGRFTISRDNAKNTMYLQMTSLKPEDSATYYCAAKIRPYIFKIAGQYDYWGQGTQVTVSS
seq19390,KVQLVESGGGLVQAGGSLRLSCAASGSIFSISLVGWYRQAPGKQREFVAHIYSDGSINYGNSVKGRFTISRDNAKNTVDLQMNNLKPEDTAVYYCRLLDTARGVGYWGQGTQVTVSS
seq19391,QVQLQESGGGLVQAGGSLRLSCAASGRSFSSYTLAWFRQAPGKEREFVASITWGGGNTYYPDSVKGRFTISRDDAKNTVYLQMNSLKPEDTAVYYCAAKGLRNSDWDLRRGYEYDYWGQGTQVTVSS
seq19392,DVQLVESGGGLVQPGGSLRLSCAASGGSLSNYVLGWFRQAPGKEREFVAAINWRGDITIGPPNVEGRFTISRDNAKNTGYLQMNSLAPEDTAVYYCGAGTPLNPGAYIYDWSYDYWGQGTLVTVSS
seq19393,QVQLQESGGGLVQAGGSLRLSCAVSGSIISHNVMAWYRRAPGKQRDKVACISGSGFTNYIASVKGRFTISRDNAKNTVSLQMNNLKPEDTAVYSCYTAWPNTWGQGTQVTVSS
seq19394,QVQLQESGGGLVQAGGSLRLSCAVSGFTFDNYAIGWFRQAPGKEREGVSSISRSDGSTYYADSVRGRFTISSDNAKNTVYLQMNSLKPEDTAVYYCAAETSADSGEFRFGWVLKPSLYDYWGQGTQVTVSS
seq19395,AVQLVESGGGSVQAGGSLKLSCAVSGYTYSSGCMGWFRQAPGKEREGVATIDSGGGNAFYADSVKGRFIISQDHVQNTVYLQMNNLKPEDTAIYYCAADPKLVCGSVAPTILLFRLLSSYWGQGTQVTVSS
seq19396,EVQLVESGGGLVQAGGFLRLSCELRGSIFNQYAMAWFRQAPGKEREFVAGMGAVPHYADSVKGRFTISRDNAKSTVYLQMSSLKPEDTAIYFCARSKSTYISYNSNGYDYWGRGTQVTVSS
seq19397,EVQLVESGGGLVQAGGSLRLSCAASGRAFSYYNMGWFRQAPGKEREGVSWISSSDGSTYYADSVKGRFTISADNAKNTVYLQMNSLKPEDTAVYYCAAVLDGCSGSWGQGTQVTVSS
seq19398,QVQLVESGGGLVQAGGSLRLSCVSSERNPGINAMGWYRQAPGSQRKLVAIWQTGGSLNYADSVKGRFTTSRDNLKNTVYLQMNSLKPEDTAVYYCYLKKWRDQYWGQGTQVTVSS
seq19399,EVQLVESGGGLVQAGESLRLSCAASGSISAINAMGWYRQAPGKQREFVADITRAGVSDYADAVKGRFTISRDNAKNTFYLQMNDLKPEDTAVYYCDALLIAGGVYWGQGTQVTVSS
seq19400,QVQLVESGGGLVQPGGSLRLSCAASGYTYSDVCMGWFRQAPGKEREGVAAIDSVGNTNYADSVKGRFTISKDNSKNTLYLQMNSLRAEDTAVYYCAAQRCLGWVPLVPHEYGYWGQGTLVTVSS
seq19401,EVQLVESGGGLVQPGGSLRLSCAASGRTFSDDTMGWFRQAPGKEREFVAAVNWSGGSTYYADSVKGRFTISADNSKNTAYLQMNSLKPEDTAVYYCATDPPLFWGQGTLVTVSS
seq19402,QVQLQESGGGLVQPGGFLRFSCVASGFKLDPYTIGWFRQAPGKEREAVSCISGSSGSTYYADSVKGRFTISRDNAKNIVYLQMNNPKPEDTAVYHCGRATYYSDYHMVLDDYNNWGQGTQVTVSS
seq19403,EVQLVESGGGLVQPGGSLRLSCAASGFAFDDYAIGWFRQAPGEERLGVSSISSTYGLTYYADSVKGRFTISSDNSKNTVYLQMNSLRPEDTAVYYCAATPIGLIGLDAYEYDYWGQGTLVTVSS
seq19404,QVQLVESGGGLVQAGGSLRLSCAASGRTFGSDAAGWFRQASGKEREFVASISWSGGYTYYADSVKGRFTISSDNVKNTVYLQMNSLTPEDTAVYFCATGNRYSDYRISLVTPSQYEYWGQGTLVTVS
seq19405,EVQLVESGGGLVQAGGSLRLSCAASGRTYYLNAMGWFRQGPGKDREFVAAIDWSDANKDYADSVKGRFTISRDNAKNTVYLQMNSLKPEDTAVYYCAADTPPWGPMIYIESYDSWGQGTLVTVSS
seq19406,DVQLQESGGGLVQAGGSLRLSCAASGATSDVYAMGWFRQVPGKEREFVATINRSGSDSYYADSVKGRFTISRDNAKNTVYLQMNSLKPEETAVYYCAASRSDCIGYGCRHVSQDYWGQGTQVTVSS
seq19407,EVQLVESGGGLVQPGRSLTLSCAASTNITSISPMGWYRQAPGKQRELVAAIHGFETLYADSVKGRFTISRDNAKNSIYLQMNSLRPEDTALYYCNKVPWGDYHPGNVYWGQGTQVTVSS
seq19408,QVQLQESGGGLVQPGGSLRLSCAASGNIFSINAIGWYRQAPGKQRELVATITLSGSTNYADSVKGRFSISRDNAKNTVYLQMNSLKPEDTAVYYCNANTYSDSDVYGYWGQGTQVTVSS
seq19409,LQESGGGLVQPGGSLRLSCAASGSIFSIHDMGWYRRRPGKQRELVAAITSGGSTNYADSVKGRFTISRDNAKNTVSLQMNSLKPEDTAVYYCNAWGEDYGLGEYDSWGQGTQVTVSS
seq19410,VQLQESGGGLVQAGGSLRLSCAASGFSSDDYTIGWFRQAPGKEREGISCFSSSDGSTGFADSVKGRFTISSDNATNTVYLQMNSLKPEDTAVYYCAADFNVWSPPICGSSWYGPPPGGMEYWGKGTQVTVSS
seq19411,EVQLVESGGGLVQAGGSLTLSCAASGRTFNTMGWFRQAPGKEREFVASIAWVGGSVFKSDSTKGRFTVSGDNAKNTVRLQMNSLKPEDTAVYYCAARSGGTFDVWGQGTQVTVSS
seq19412,EVQLVESGGGLVEAGGSLKLSCAASGRTFSTDVMGWFRRVSGEEREFVAGISWRGDNTDYADSVKGRFTITRDNAENAVYLQMTNLKPEDTAVYYCAADTAHANLVFAFRSEYDYWGQGTQVTVSS
seq19413,QVKLEESGGGLVQPGGSLRLSCAASGFTFDDYAIGWFRQAPGKEREGVSCITSSDGSTYYADSVKGRFTISRDNANNTVHLQISNLKPEDTAVYYCATPWVTYCPENLLFSYWGQGTQVTVSS
seq19414,QVQLQESGGGLVQPGGSLRLSCAASGSIFSIHDMGWYRRAPGKQRELVAAITSGGSTNYADSVKGRFTISRDNAKNTVSLQMNSLKPEDTAVYYCNAWGEDYGLGEYDSWGQGTQVTVSS
seq19415,EVQLLESGGGEVQPGGSLRLSCAASGRSISNYAMGWFRQAPGKEREFVSASVWNNGGNYYAESVKGRFTISRDDAKSTLYLQMSSLRAEDTAVYYCVVARTPETPITSARGANYWGQGTLVTVKP
seq19416,EVQLVESGGGLVQAGGSLRLSCAASGFTFDDYAIGWFRQAPGKEREWVSCISRSDGSTYYADSVKGRFTISSDNAKNTVYLQMNSLKPEDTAVYHCAADAIGSFPCPAGVYDYWGQGTQVTVSS
seq19417,DVQLQASGGGLVQAGGSLRLSCAASTSRFSSYAMGWSRQAPGKQRELVASISSSGLTTNYADSVKGRFTISRDNAKNTVYLQMNSLKPEDTAVYYCKADGRRYSLNEYWGQGTQVTVSS
seq19418,QVQLQESGPGLVKPSQTLSLTCTVSGGSITTRYYAWSWIRQPPGKGLEWIGVIDYDGDTYYSPSLKSRTTISVDTSKNQFSLKLSSVTAADTAVYYCARDPDVVTGFHYDYWGQGTQVTVSS
seq19419,EVQLVESGGGLVQPGGSLRLSCAASGFTRDYYTMGWFRQAPGKEREFVAAISRSGSLTSYADSVKGRFTISADNSKNTAYLQMNSLKPEDTAVYYCANLAYYDSSGYYDYWGQGTLVTVSS
seq19420,RLSCAASGSIFSSNAMGWSRQAPGKQRELVAAITSGGSTNYADSVKGRFTISRDNAKNTVHLQMNSLKPEDTAVYYCNAGNTMVRGVIIKYRFDYWGQGTLVTVSS
seq19421,AVQLVESGGGLVQGGGSLRLACAASERIFDLNLMGWYRQGPGNERELVATCITVGDSTNYADSVKGRFTISMDYTKQTVYLHMNSLRPEDTGLYYCKIRRTWHSELWGQGTQVTVSS
seq19422,EVQLVESGGGLVQPGGSLRLSCAASGRTFGDYIMGWFRQAPGKEREIVAAINWSAGYTAYADSVKGRFTISADNSKNTAYLQMNSLKPEDTAVYYCATATPNTGWHFDHWGQGTLVTVSS
seq19423,EVQLVESGGGLVQPGGSLRLTCAASGSIFSIDAMGWYRQAPGKQRELVASITSTTNYAESVKGRFTISRANAKNTVYLQMNSLKPEDTAVYYCSVKGQTGWGTALMDYWGKGTLVTVSS
seq19424,GGSLRLTCVTSGSTFNNPAITWYRQPPGKQREWVASLRSGDGPVYRESVKGRFTIFRDNATDALYLRMNSLKPEDTAVYHCNTASPASWLDWGQGTQVTVSS
seq19425,VQLQESGGGSVQAGGSLKLSCAISGYDNDNYCMGWFRQTPGKEREKVAALNIGGGSPVYADFVRGRFTISLDSSKDTLYLLMNAVTPEDTAMYYCAAIRKPQFYTCRMWKPRADFDIWGQGTQVTVS
seq19426,QVQLQESGGGLVQPGGSLRLSCTASGSISSINAMGWYRQAPGSKREFVAHITNTGVTEFADSVKGRFTISRDNAKTTVDLQMNSLKPEDTAVYYCAATDWGTLLIKGIDHWGKGTQVTVSS
seq19427,EVQLVESGGGLVQPGGSLRLSCETSRHTLDRYAIGWFRQVPGKEGEGVACISTSTYYADSVKGRFSISRDNAKNTVYLQMNDLKPEDTAVYHCATTGSGYCTLRAFDSWGQGTQVTVSS
seq19428,EVQLVESGGGLVQAGGSLRLSCAASGRTFSTDDVGWFRQAPGKEREFVAVIRWSTGGTYTSDSVKGRFTLSRDNAKNTMYLQMNSLKPEDTAVYYCAARSRPLGAGAWYTGETRYNYWGQGTQVTVSS
seq19429,QVKLEESGGGLVQAGGSLRLSCAASERTFSRYPVAWFRQAPGAEREFVAVISSTGRSTYYADSVKGRFTISRDNAKVTVYLQMNNLKREDTAVYFCAVNSKRKRLQDPNEYDYWGQGTQVTVSS
seq19430,QVQLQESGGGLVQPGGSLRLSCTASGTIFRSKSMAWYRQAPGQGRETVAHISGLGHTNYVESVKGRFTVSRDDAKNAVYLQMSSLKPEDTAVYYCNTFTAAFSWGQGTQVTVSS
seq19431,EVQLVESGGGLVQPGGSLKLSCAASGAVHKINFLGWYRQAPEKEREMVATITIGDEVDYADSAKGRFTISRDEAKNMVYLQMTSLKPEDTTVYVCRAGSRLYPYNYWGQGTQVTVSS
seq19432,EVQLVESGGGLVQPGGSLRLSCAASGDTYGSYWMGWFRQAPGKEREFVATITSDDRTNYADSVKGRFTISADNSKNTAYLQMNSLKPEDTAVYYCARVTSSLSGMDVWGQGTLVTVSS
seq19433,QVQLQDSGGGLVQAGESLRLSCAASERTFSTYAMGWFRQAPGKEREFVAGISGSGGRTYYEDSVKGRFTISRDNAKSMVYLQMNSLKLEDTAVYYCAAANPRGYNSGTYYRASDFDSWGQGTQVTVSS
seq19434,EVQLVESGGGLVQAGGSLRLSCAASETFSIRAMGWYRQAPGKQRELVAYITSGGSTNYADSVKGRFTISRDNDRNTVSLQMNSLKPEDTAVYYCYQAPRSGYDPVYWGQGTQVTVSS
seq19435,EVQLVESGGGSVQPGGSLRLSCAASGSVHKINFLGWYCQAPGKEREMVATITIGDATDYADSAKGRFTISRDEAKNMVYLQMNSLSPEDTAVYFCRAGSRLYPYNYWGQGTQVTVSS
seq19436,QVQLVESGGGLVQPGGSLRLSCAASGFTFSSYVMSWVRQAPGKGLEWVSAINSGGSSSSYPESVKDRFTVSRDNAKNTLYLQMNSLKPEDTAVYFCAAKNVPGFYYSDYANHEYDYWGQGTQVTVSS
seq19437,EVQLVESGGGLVQPGRSLTLSCVASTNIFSTSPMGWYRQAPGKQRELVAAIHGFSTLYADSVKGRFTISRDNAKNSIYLQMNSLRPEDTALYYCNKVPWGDYHPGNVYWGQGTQVTVSS
seq19438,EVQLVESGGGVVQPGGSLRLSCAASGSVFSINDMGWFRQAPGKQRELVADIISRGVTNYADSVKGRFTISGDPSKNTVYLQMNSLRPEDTALYYCNAHISTGWGRPHNNYWGQGTLVTVSS
seq19439,QLQLVESGGGLVQAGGSLRLSCAASGRTFSSYAMAWFRQGPGKEREFVATISWSGGSTHYADSVKGRFTISRDNAKNTVYLQMNSLKPEDTAVYYCATGERYYQMYGLNPGDYDYWGQGTQVTVSS
seq19440,EVQLVESGGGLVQPGGSLRLSCAASGSIFSDNVMGWFRQAPGKEREMVAAIRWSGGITWYADSVKGRFTISADNSKNTAYLQMNSLKPEDTAVYYCATDLSGRGDVSEYEYDWGQGTLVTVSS
seq19441,QVQLQESGGGSVQTGGSLRLSCTASTSIYSNNYMAWFSQSPGKGREGVAAVYMDDGRPYYADSVKGRFTISLDSAKNTMYLQMNSLKPEDTAMYYCAAAPGPLSRNYWYTSANYDYWGQGTQVTVSS
seq19442,QVQLVESGGGLVHPGGSLRLSCAASGFTFSSYAMSWVRQAPGKGPEWVSRISSGGGSAYYADSVKGRFTISRDNAKNTLYLQMNSLKPEDTAVYYCANRAGWGMGDYWGQGTQVTVSS
seq19443,EVQLVESGGGSVQAGESLRLSCAASGSIFSSNAMAWYRQAFGKQRDLVALINSVGITKYADSVKGRFTISRDNAKNTVYLQMNSLKPEDTAVYYCTSDPRRGWDTRYWGQGTQVTVSS
seq19444,EVQLVESGGGLVQPGGSLRLSCAASGSTFSINRMGWFRQAPGKEREWVATIVHSGGHSGGTSYYADSVKGRFTISADNSKNTAYLQMNSLKPEDTAVYYCAARPYTRPGSMWVSSLYDWGQGTLVTVSS
seq19445,ELQLVESGGGLVQPGGSLRLSCAASGFTFRDYSMSWVRQAPGKGLEWVSAISWNGDSTYYAESMKGRFTISRDNAKNTLYLQMNSLKSEDTAVYYCAKSWATPIESLYYYGMDYWGKGTLVTVSS
seq19446,KVQLVESGGGLVQPGGSLRLSCVASGSIFRSNAMGWYRQGPGKWRELVARITSGGSTHYADSVKGRFTISRDNAKNTVYLQMASLKPEDTAVYYCNTVATALIPWGQGTQVTVSS
seq19447,KVQLVESGGGLVQAGGSLRLSCAASGFAFDDHLIGWFRQAPGKEREAVSCISRSAGSTYYADSVKGRFTISSDNAKNTVYLQMNSLKADDTAVYYCAAGPAWGRPASPLPYEYDYWGQGTQVTVSS
seq19448,EVQLVESGGGLVQPGGSLRLSCAASGRTFSGYAMGWFRQAPGKEREFVTGISRSGGRTTYADSVKGRFTISRDNAKSTVYLQMNSLKPEDTAVYYCAASYYRTQGYNYWGQGTRVTVSS
seq19449,QVQLQESGGGSVQAGGSLKLSCTASGRRFSTYAVGWFRQAPGQDREFVATISWTNSTDYADSVKGRFTISRDNAKNTGYLQMNSLKPEDTSVYVCAADKWSSSRRSVDYDYWGQGTQVTVSS
seq19450,EVQLVESGGGFVQAGESLTLSCTSSTLSCTSSTLTFTPYRMAWYRQAPGKQRDLVADISSGDGRTTNYADFAKGRFTISRDNIKNTVFLRMTNLKPEDTAVYYCNTFVSFVGIARSWGQGTQVTVSS
seq19451,QVQLQESGGGLVQIGGSLRLSCADSGSTFSINNAMGWYRQAPGKRRDWVAGITSSGVTNYPDSVKGRFTISRDNAKNTVYLQMNSLKPEDTAVYYCNLWPPRASPSGTIYWGQGTQVTVSS
seq19452,QVQLQESGGGLVQPGGFLRFSCAASGTIFSINTMGWYRQAPGAQRVLVATMASGGWTNYADSVKGRFTISRDNAKNTVYLQMNSLKPEDTAVYYCAADAMSGSSYHIAAQYDYWGQGTQVTVSS
seq19453,EVQLVESGGGLVQAGGSLRLSCAASGTISSINAMGWFRQAPGKEREFVAAIVKGFSWGSGSTIYADSVKGRATISRDNAKNTMSLQMSSLELEDTAIYYCAHGRRSSGRSASGYEYWGQGTQVTVSS
seq19454,EVQLVESGGGLVQPGGSLRLSCAANGTTFKVNVMAWYRQAPGKGRELVAGVITGGTTNYADSVKGRFTISRDNAKNTLYLQMNSLRPEDTAVYYCAFVTTNSDYDLGRDYWGQGTLVTVSS
seq19455,QVQLQESGGGLVQPGGSLRLSCAASGFTFSTFAMSWVRQAPGKGPEWVSSINSEGDRTSYVDSVKGRFTISRDNAQKTMYLQMNNLKPGDTAVYYCAKCYVGSIPCRVEPGDGHQDPYDRWGPGTQVTVSS
seq19456,EVQLVESGGGLVQPGGSLRLSCAASGGIFRFNAMGWFRQAPGKERELVAAISPAALTTYYADSVKGRFTISADNSKNTAYLQMNSLKPEDTAVYYCAAYLPSPYYSSYYDSTKYEWGQGTLVTVSS
seq19457,LQESGGGLVPAGGSLRVSCAASGGTASSYHMAWFRQAPGKQREFVAAITSGGTTHYADSVKGRFTISRDNAKNTVYLQMNNLKPEDTAIYYCAAGRRSSTYYYPLSYDYWGQGTQVT
seq19458,QVQLQESGGGSVQAGDSLRLSCAASGRTFSGYAMGWFRQAPGKEREFVATISTSGSSTYYADSVKGRFTISRDNAKKSVYLQINSLKTEDAAVYYCAARLSFDNTAFYTSAIRYSYWGQGTQVTVSS
seq19459,EVQLVESGGGLVQAGGSLELSCVASGLTFDTYVTGWFRQAPGKEREFVATISGSGLITSYEDSVKDRVTISRDNAKNTVYLQMNSLKPGDTAVYYCAARLSGWTSSRDYDYDYWGQGTQVTVSS
seq19460,QVQLVESGGGLVQPGGSLRLSCAASGRTISLYAVGWFRQAPGKEREFVAAISWTDSSTYYADSVKGRFTISRDNSKNTLYLQMNSLRAEDTAVYYCAADVSIRGLQKYEYDYWGQGTLVTVSS
seq19461,EVQLVESGGGLVQPGGSLRLSCAASGFTLSGNWMGWFRQAPGKEREFVAIITSGGRTNYADSVKGRFTISADNSKNTAYLQMNSLKPEDTAVYYCAGHATFGGSSSSYYYGMDVWGQGTLVTVSS
seq19462,EVQLVESGGGLVQAGGSLRLSCAASGRTFSTYASMWWFRQAPGKEREFLAIITDGSKTLYADSVKGRFTISADNAKNTVYLQMNSLKPEDTAVYYCAGSWSYPGLTWGQGTQVTVSS
seq19463,QVQLQESGGGLVQAGGSLRLSCAASGSIFSRNIILWHRQAPGKQRELVGGINTGGRTNYESSVKGRFTISRDNAKNTVYLQMDRLKPEDTAVYYCNAPSLGYWGQGTQVTVSS
seq19464,QVQLQESGGSLVQPGGSLRLSCAASGSIFRLNDMRWYRQAPGKQREMVATITSGGTTNYADSVKARFTISRDNAKSTVYLQMNSLKPEDTAVYYCNADISLYSAFGLFSPPKNYWGQGIQVTVSS
seq19465,VQLEESGGGSVQAGGSLRLSCVASGYTYGSTFMGWFRQNPGKEREGVAVIYTGGGSTWYASSVKGRFTISQDNAKNTVYLQMNSLKPEDTAMYYCAARYGSGNVNYWGQGTQVTVSS
seq19466,QVQLQQSGGGLVQAGGSLRLACTTSGGIFNIRPISWYRQPPGMQREWVATIASGGATNYANSIKGRFTASRDNAKNTVYLQMNGLKPEDTAVYYCNTLNFWGRGTQVTV
seq19467,QVQLVESGGGLVQAGNSLRLSCTASGVIFSIYTMGWFRQAPGKEREFVAAIGVADGTALVADSVTGRFTISRDNAKNTVYLHMNSLKPEDTAVYSCAAYLSPRVQSPYITDSRYQLWGQGTQVTVSS
seq19468,EVQLVESGGGLVQPGGSLRLSCAASGRTFGDDIMGWFRQAPGKEREFVAAIHWSAGYTRYADSVKGRFTISADNSKNTAYLQMNSLKPEDTAVYYCATDPPLFWGHVDLWGQGTLVTVSS
seq19469,QVQLQESGGGLVQPGGSLRLSCAASGFTFGDSGMGWYRQAPGNECELVSSVSSDGSTYYADSVKGRFTISQDNAKNTVYLRMNSLKPEDTAVYYCAADDHKYELGTCEALDYWGRGTQVTVSS
seq19470,VQLQESGGGLVQAGESLRLSCVVSGRTFSINAMGWYRQAPGKQRELVAAITNQGRLSYVDSVKGRFTISRDNAANTVYLQMNSLKPEDTAVYYCAAFQSSGIDWGQGTQVTVSS
seq19471,EVQLVESGGGPVQTGGSLRLSCVASGRTYRGYSMAWFRQPPGKERGFVAAITWSEGNTYYEDFVKGRFTISRDNAKNTLYLQMTSLKPEDTALYYCAAKIRPYIFKIPGQYDYWGQGTLVTVSS
seq19472,DVQLQASGGGLVQPGGPLRLSCEASGDRLDYYAVGWLRQAPGKEREGIVCASSSGASPWYAKAVKGRFTISRDKAKNMVFLEMNSLKVEDTGVYYCGICWAGVRGYDYEDYTQGTQVTVSS
seq19473,DVQLVESGGGLVQAGGSLRLSCAASESISTINVMAWYRQAPGKQRELVAEITRSGRTNYVDSVKGRFTISRDNAKNTMYLQMNSLNLEDTAVYYCRTIDGSWREYWGQGTQVTVSS
seq19474,DVHLQDSGEGWGHAGGSLTLSCLMSGHTYYGPCGGGFPQPPGKAREGIPQMIPIGGSVIYIGGVKGRFTISRDNSKNTIALIMNDLVPEDTATYYCATDSGGLCSHRERDYDIWGQGTQVTVCS
seq19475,DVQLQESGGGLVQAGDSLRLSCAASGATLSSYTMGWFRQAPEKEREFVAGSSRDGRTNYYANSVKGRFTISRDNAKNTVYLQMNSLKPEDTAVYYCAAHTTSGVPVRERSYAYWGQGTQVTVSS
seq19476,QVQLVESGGGSVQAGGSLRLSCAASGYTAGSLCMGWFRQAPGKEREGVAAIYTGGGSTYYADSVKGRFTISQDNAKNTVYLQMNSLKPEDTAQYYCGAGSREDYCDRGYIYDHWGQGTQVTVSS
seq19477,EVQLVESGGGLVQPGGSLRLSCAASGRTFRSYPMGWFRQAPGKGREFVSSITGSGGSTYYADSVKGRFTISRDNAKNTLYLQMNSLRPEDTAVYSCAAYIRPDTYLSRDYRKYDYWGQGTLVTVSS
seq19478,EVQLVESGGGLVPPGGSMRLSCTASGVTVSALNAMAMGWYRQRPGERRVMVAAVSERGNAMYRESVQGRFTVTRDFTNKMVSLQMDNLQPEDMAVYYCHVLEDRVDSFHDYWGQGIQVTVSS
seq19479,EVQLVESGGGLVQAGGSLGLSCVFSGRPYSYDAMAWFRQAPGKEREFVAVITWSGGTTVYADSVQGRFTISRDIAKNTMNLQMNSLKPDDTAVYYCAGSAGARYGVGWWRNGQNYQNWGQGTQVTVSS
seq19480,VQLLESGGGEVQPGGSLRLSCAASGGIFAIKPISWYRQAPGKQREWVSTTTSSGATNYAESVKGRFTISRDNAKNTLYLQMSSLRAEDTAVYYCNVFEYWGQGTLVTV
seq19481,EVQLVESGGGLVQPGGSLRLSCAASGFTLDYHNIGWFRQAPGKEREWVSCISSSGGSTAYADSVKGRFTISRDNAKNTVYLQMNSLKPEDTAVYYCAAPFSHYSDLCGVNAIDYWGQGTQVTVSS
seq19482,EVQLVESGGGLVQPGGSLTLSCVASGSTSSINAMGWYRRAPGKQRELVAGISSDGSLVYADSVKGRFTISRDNAKNSVYLQMNSLRAEDTAVYYCYYFRILSGSSMRYWGQGTLVTVSS
seq19483,EVQLVESGGGLVQPGRSLTLSCAASTNIFSTSPGGWYRQAPGKQRELVAAIHGFSTIYADSVKGRFTISRDNAKNSIYLQMNSLRPEDTALYYCNKVPWGDYHPGNVYWGQGTQVTVSS
seq19484,EVQLVESGGGSVQAGDSLRLSCAASGRANTINWFGWFRQTPGKEREFVAGIRWSDAYTEYANSVKGRFTISRDNAKNTVDLQMDSLKPEDTAVYYCVLDLSTVRYWGQGTQVTVSS
seq19485,QVQLQESGGGLVQPGGSLRLSCAASGNMFSINAMGWYRQAPGKQRELVASITYLGRTNYTDSVKGRFTISRENAKNTVYLQMSSLKPEDTAIYYCNAEATRGWGELRGRRHDYWGQGTQVTVSS
seq19486,VQLQESGGGLVQAGGSLRLSCAVSGIISSMNAMGWYRQAPGKRRELVAGLGSGVSTTYADAVKGRFTISRDNAKNTLYLQMNSLKPEDTAVYYCNRWPPPYDYWGQGTQVTVSS
seq19487,QVQLQQSGGGSVQAGGSLRLSCAASGGTFATSPMGWLRQAPGKGLEFVAAISPSGGDRIYADSVKGRFTISRDNAGYFIYLQMNSLKPEDTARYYCAVRRRFDGTSYYTGDYDSWGQGTLVTVSS
seq19488,QVQLQESGGGLVQPGGSLRLSCSASGNRFSSSYVLGWYRQAPGKQRELVATVTSGGLTHYGDSVKGRFTISRDNAKNTVYLQMNSLKPEDTAVYYCNARILLTNYWGQGTQVTVSS
seq19489,EVQLVESGGGLVQAGDSLRLSCAASGRAFTYYIMAWFRQAPGKERVFVAATSWSGGSRDYADSVKGRFTISRDNAKNTLYLEMNSLKPEDTAVYYCAARLDTVRPIPRAMNEYDYWGQGTQVTVSS
seq19490,EVQLVESGGGLVQPGGSLRLSCAASGFTFSDYDIGWFRQAPGKGREGVSGISSSDGNTYYADSVKGRFTISSDNAKNTVYLQMNSLRPEDTAVYYCAAEPPDSSWYLDGSPEFFKYWGQGTLVTVSS
seq19491,EVQLVESGGGEVQPGGSLRLSCAASGSIFSISIMGWYRQAPGKERELVASTTSSGTTNYVESVKGRFTISRDNAKNTLYLQMSSLRAEDTAVYYCHAYIATTTDRGYRGYWGQGTLVTV
seq19492,VQLLQSGGGLVQPGGSLRLSCAASGFTYGNYDMAWVRQAPGKRPEWVSSIDTGGDITHYADSVKGRFTISRDNAKNTLYLQMNSLRPEDTAVYWCATDEEYALGPNEFDYYGQGTLVTVSS
seq19493,LQQSGGGLVQAGGSLRLSCAASGDTFSIYTIGWFRQAPGKEREFVAAINWSGGQTDYADSVKGRFTISSDNAKNTVYLQMNSLKPEDTAVYYCAADKTTFWNIPRDEYDYWGQGTQVT
seq19494,DVQLVESGGGLVQPGGSLRLSCAASGSIFRINAMGWYRQAPGKQRELVAAIISGGTTYYADSVKGRFTISRDNSKNTVYLQMNSLRPEDTAVYYCYADIGWPYVLDYDFWGQGTLVTVSS
seq19495,QVQLVETGGLVQPGGSLRLSCAASGLTFSSTAMAWFRQAPGKEREFVARISGAGITIYYSDSVKDRFTISRNNVENTVYLQMNSLKTEDTAVYYCAARRNTYTSDYNIPARYPYWGQGTQVTVSS
seq19496,EVQLVESGGGLVQAGGSLRLSCAASGRTFSSYAMGWFRQAPGEEREFVAAISRTGSATDYTDSVKGRFTINRDNAKNTVYLQMNSLKPEDTAVYYCAAAPRISYDGTNHRQYPTYPYWGQGTQVTVSS
seq19497,QVQLVQSGGGLVQDGDSLRLSCKASGGTFSSYAMGWFRQAPGQEREFVAAISSEGGSTYYADNMEGRFTTSRDNAKNTVYLQMNSLKPEDTAVYYCAVKGVGWPQEQASYDYWGQGTQVTVKP
seq19498,EVQLVESGGGLVQPGRSLTLSCAASTNIPSISPMGWYRQAPGKQRELVAAIHGDSTLYADSVKGRFTISRDNAKNSIYLQMNSLRPEDTALYYCNKVPWGDYHPRNVYWGQGTQVTVSS
seq19499,EVQLVESGGGLVQPGGSLRLSCAASGFTLDYHNIGWFRQAPGKEREWVSCISSSDGRTAYADSVKGRFTISRDNAKNTVYLQMNSLKPEDTAVYYCAAPFTHYSDLCGVNEYDYWGQGTQVTVSS
seq19500,QVKLVESGGGSVQAGGSLILSCTASGSDYRWMYIARFRQCPGKEREGVAAIYTDDTDDSSPIYATSAKGRFTISQDKDKNAVYLQMNSPKPEDTAMYYCAARAFGGTWSLSSPDDFSAWGQGTQVTVSS
seq19501,QVQLVETGGGLVQAGGSLRLPCSFSGFPFDNYFVGWFRQAPGKEREGVSCISSSDGSTYYADSVKGRFTISRDNAKNTVYLQMNSLKPEDTAVYYCGADFLTPHRCPALYDYWGQGTQVTVSS
seq19502,VQLVESGGGLVQTGGSLRLSCAASGRTSSTYAMGWFRQAPGKEREFVGGVNWSGRVLTYGDFVKGRFTISRDNAKNMVYLQMNSLKFEDTAVYYCAADYRTFGPGMNEYWGQGTQVTVSA
seq19503,EVQLVESGGGLVQAGGSLGLSCSASGLLFSRNSAGWYRQAPGKRRELVARIRMGGSINYADSVKGRFTVSRDNAKNMMYLLMNDLNREYTAVYFCSGWREGFFEYWGQGTQVTVSS
seq19504,EVQLVESGGGLVQSGGSLRLSCAASGFTLDYYTVGWFRQAPGKEREGVSCINSSDGRTLYADSVKGRFTISRDNAKNTVYLQMNSLKPEDTAVYYCAAEKPGLTSYYYPCPPPGEYDYSGQGTQVTVSS
seq19505,QVQLQESGGGLVQAGGSLRLNCAANGSISTTYLMGWYRQAPGKEREFVATINRGGSTYYAISVKGRFTISRDNAKNTVYLQMNSLKPEDTAVYYCAVGWPDPDYGLAYHRYWGQGTQVTVSS
seq19506,DVQLVESGGGLVQPGGSLRLSCAASGPTFSRYAMGWFRQAPGKEREFVAAITWSSGGRTYYADSVKGRFTISRDNSKNTVYLQMNSLRPEDTAVYYCAAARIPVRTYTSEWNYWGQGTLVTVSS
seq19507,DVQLQESGGGLVQAGGSLRLSCAASGATSDVYAMGWFRQVPGKEREFVATINRSGSDSYYADSVKGRFTISRDNAKNTVYLQMNSLKPEETAVYYCAASRSDCIGYGCRRVSQDYWGQGTQVTVSS
seq19508,EVQLVESGGGLVQAGGSARLSCAASGIPGTLNDTAWFRQTPGEQREVVAIRRSGGNISYADFVKGRFTISRDNAQDSVYLQMNGLKPEDTAIYYCAIAVFSRDFPPKRYEYWGQGTQVTVSS
seq19509,QVKLEESGGGLVQAGRSLRLSCAASEHTFSSHVMGWFRQAPGKERESVAVIGWRDISTSYADSVKGRFTISRDNAKKTLYLQMNSLKPEDTAVYYCAARRIDAADFDSWGQGTQV
seq19510,EVQLVESGGGLVQAGGSLRLSCAASGGTLNNNPMAMGWFRQAPGKEREFVVAIYWSNGKTPYADSVKRRFTISADNAKNTVYLQMNSLKPEDTAVYYCAAALDGYSGAWGQGTQVTVSS
seq19511,EVQLVESGGGSVQAGGSLRLSCTASGRPFDNYAMAWFRQAPGKEREFVAAISWSLSRTHYANSVEGRFTISRDNAKNTAFMQMSSLKPEDTAVYYCAAAPRPNRVSVRYFSTSSNYDYWGQGTQVTVSS
seq19512,LQLVETGGGLVQAGGSLRLSCAASGRTFSSYAVGWFRQAPGKEREFVAAISWSGSYAYYADSVKGRFTISRDNAKNTVYLQMNSLKPEDTAVYYCNGDLEGYSNHETGDYWGQGTQVTVSS
seq19513,QVTLKESGGGLVQAGGSLRLSCAASGRTEIIYAMGWFRQAPGKEREFVAGIGWSGGTTYYADSVEGRFTISRDSAKNTVYLQMRSLKPEDTAVYYCAAQDSVAGTLGDYWGQGTQVTVKP
seq19514,EVQLVESGGGLVQPGGSLRLSCAVSGITLDDYAIGWFRQAPGKEREGVSAIRESGGSTYYADSVKGRFTISSDNSKNTVYLQMNSLRPEDTAVYYCAAVPAGRLRYGEQWYPIYEYDAWGQGTLVTVSS
seq19515,EVQLVESGGGLVQAGGSLRLSCVASGRSLSTVNMGWFRQAPGKERDIVARISGSSISTYYAESVRGRFTISRDNAKNTVYLQMNSLRPEDTAVYYCVADSPGGRSYEFWGQGTQVTVSS
seq19516,EVQLVESGGGEVQPGGSLRLSCAASGFTFDDYAIGWFRQAPGKEREGVSTISSSDGSTYYAESVKGRFTISRDNAKNTVYLQMSSLRAEDTAVYYCALREGLPLLLDTLWRQPVEYDYWGQGTQVTV
seq19517,LSLRLSCAASGRTFSTAAMGWFRQAPGKERDFVAGIYWTVGSTYYADSAKGRFTISRDNAKNTVYLQMDSLKPEDTAVYYCAARRRGFTLAPTRANEYDYWGQGTQVTVSS
seq19518,QVQLQESGGGLVVAGGSLRLSCAASGSSVSFLSMAWYRQAPGKKRELVAGISVDGSTNYADSVKGRFTVSRDNAKNTVYLQMNSLQPEDTAVYYCYAYRWVGRDTYWGQGTQVTVSS
seq19519,QVQLVESGGGLVQAGDSLRLSCAASGRTFTTSLMQWHRQAPGKEREFVASITWSTGNTHYADSVKGRFTISRDNARNTVYLQMNSLKPEDTAIYTCRVLAIHGDYWGQGTQVTVSS
seq19520,QVKLEESGGGLVQAGGSLRVSCTASVSTFSINALGWYRQAPGKARELVCAIGSDGTVYYTDSVKGRFTCSRDNAKNTVSLQMSSLKPEDTAVYYCNAAGKRIGSDGSIWFAVASFGSWGQGTQVTVSS
seq19521,EVQLVESGGGLVQPGGSLRLSCAASRFTFGTSGMTWVRQAPGKGLEWVSTINSGGLTTSADSVKGRFTISRDNGKNTLYLQMDSLKPDDTAVYYCANLLELGHWGRGTQVTVSS
seq19522,EVQLVESGGGLVQAGGSLRLSCAASGRTFSSYAMGWFRQAPGKEREGVTAISTSDGSTYYADSVKGRFTISADNAKNTVYLQMNSLKPEDTAVYYCAAARDGYSGSWGQGTQVTVSS
seq19523,EVQLVESGGGLVKPGGSLRLSCAASGRTLYIMGWYRQAPGKEREFVAGISRYGDITYAADSVKGRFTISRDSVKNTVYLRMNSLKPDDTAVYYCAANGGYCSGYGCYEDSGQYDYWGQGTQVTVSS
seq19524,HVQLVESEGGSVQAGGSLRLSCAASGANGGRSCMGWFRQVPGKEREGVSGISTGGLITYYADSVKGRFTISQDNTKNTLYLQMNSLKPEDTAMYYCATSRFDCYRGSWFNRYMYNSWGQGTLVTVSS
seq19525,EVQLVESGGGLVQPGGSLTLSCAASGSSVKFLSMAWYRQAPGKKRELVAGISADGSTDYIHSVKGRFTISRDNAKNSVYLQMNSLRAEDTAVYYCYAYRWTRRYTYWGQGTLVTVSS
seq19526,QVQLVETGGGLVQAGGSLRLSCAASGRTFSNYAMGWFRQAPGKEREFVAAISWSGAHTYYADSVKGRFTISRDNAKSTMYLQMNSLKPEDTAVYYCNADLERYSDFGREVDDYWGQGTQVTVSS
seq19527,VQLVESGGGLMQAGGSLRLSCAVSGRTFSTAAMGWFRQAPGKEREFVAAIRWSGGSAYYADSVKGRFTISRDKAKNTVYLQMNSLKYEDTAVYYCAQTDNVRALLSDYATWPYDYWGQGTQVTVSS
seq19528,VQLQESGGGLVQPGGSLRLSCAASGRFFRVNAMGWYRQAPGKQRELVAAITNGGQIVYADSVKGRFTISRDSAKNTVYLQMNSLKSEDTAVYYCNAKAAASYVSTVADYWGQGTQVTVSS
seq19529,QVQLQESGGGLVQAGGSLRLSCATSGFTFDRYAIGWFRQAPGKEREGISCIDSVGRTWYTDSVKGRFTISSDNAKNTVYLQMNSLKPEDTAIYYCSVDKWGSSEYGVGEWYDYWGQGTQVTVSS
seq19530,LQASGGGSVQAGGSLRLSCSVSGSTLSRYSMGWFRQGPGKEREFVAALLWSGGRTLYGDAVKGRFTVSTENAKKMVYLEMTNLTPEDTAVYYCNAVRLGDSTVDEYWGQGTQVT
seq19531,QVQLVQSGGGLVHPGGSLRLSCAASGIDLSLYRMRWYRQAPGKERDLVALITDDGTSYYEDSVKGRFTITRDNPSNKVFLQMNSLKPEDTAVYYCNAETPLSPVNYWGQGTQVTVS
seq19532,VQLQESGGGLVQPGGSLKLSCAASGFTFNWYTMAWYRQVPGEERKMVATITGASGDTKYADSVKGRFTISRDNAKNTVTLQMNSLKPGDTAVYYCHAYLTYDSGSAKGVNYWGQGTQVTVS
seq19533,EVQLVESGGGLVQAGGSLRLSCAASGRTFSSYAMGWFRQAPGKERAFVAAIRWSGGNTYYADSVKGRFTISRDNAKNTVYLQMNSLKPEDTAVYYCAADTFTLSTLSHEYDYWGQGTQVTVSS
seq19534,EVQLVESGGGLVQPGGPLRLSCAASGFTFGSYDMSWVRQAPGKGPEWVSSIDTGGDITHYADSVKGRFTISRDNANNMLYLQMNSLKPEDTAVYWCATDEDYALGPNEYDYYGQGTQVTVSS
seq19535,EVQLVESGGGLVQPGGSLRLSCAVSGISVRSSVVNWYRQAPGKQRELVALIMGGAITKYADDVKGRFTISSDSARNTVYLQMNSLRPEDTAVYSCSALEYWGQGTQVTVSS
seq19536,EVQLVESGGGLVQPGGSLTLSCAASGRSVSFLSMAWYRQAPGKKRELVAGISADGSTIYIDSVKGRFTISRDNAKNSVYLQMNSLRAEDTAVYYCYAYRWTTRYTYWGQGTLVTVSS
seq19537,EVQLVESGGGLVQAGGSLRLSCAASGGTFSPYVMAWFRQAPGNEREFVARIRWSSINTAYDDSVKGRFTISRDNAKSTVYLQMDSLKPEDTAVYYCAAATYGYGSYTYQGSYDHWGQGTQVTVSS
seq19538,QVQLQESGGGLVQPGGSLRLSCAASGSTLRLYDMGWYRQADGKQRELVAEITSGGSTNYANSVKGRFTISRDNAENTVSLQMNSLKPEDTAVYYCNAEHTFMGAYWGQGTQVTVSS
seq19539,VQLQESGGGFVQAGGSLRLSCAASGSIFSINYGNWYRQAPGKQRELVAGISRGGRTKYADSVKGRFTISRDSAKTLTLQMTSLKPEDTAIYSCNARSFVRTYWGQGTLVTVSS
seq19540,EVQLVESGGGLVQAGGSLRLSCVASGGTFSTYGMGWFRQAAGKEREFAVAISRSGANIYYGTSTQGRFTISRDNAKNTLYLQMNSLEPEDTAVYYCAASKEWDISASGDDYDYWGQGTQVTVSS
seq19541,EVQLLESGGGLVQPGGSLRLSCAASGRTFSIYTIGWFRQAPGKEREFVAEITWSGGSTYYADSVKGRFTISRDNSKNTLYLQMNSLRAEDTAVYYCAAITYTRGIYKYWGQGTLVTV
seq19542,EVQLVESGGGLVQVGDSLRLSCAASGRTFSTYLVVGWFRQAPGKEREFAAAIWSSGDTAYADSVKGRFTISRDNAKNTVYLQMNSLKAEDTAVYYCAGSYGGNYYIPGFYEDWGQGTQVTVSS
seq19543,QVQLQQSGGGSVTPGGSLRLSCAASGSISDFAAMAWYRQAPGKERDWVFGTIFSAGALLYAEPVKGRFTISRDNAKNTVYLQMNSLKPEDTAVYYCRLYAKAIYWGQGT
seq19544,EVQVVESGGGLVQAGGSLRLSCAASGSTFSSYAMTWYRQAPGKQRELVAAISSGGSTNYAASVKGRFTISRDNAKNTLYLQMNTLKPEDTAVYYCNTDWGNGFSAEYDYWGQGTQVTVSS
seq19545,QVQLQQFGGGLVQAGGFLRFSCAASGFTFDDYALGWFRQAPGKERAGISCVSTKDGTAYYADSVKDRFTISTDKAKNMVYLQINNLQPEDTAVYYCTKYMSSSWVYGMDSWGKGTLVTVSS
seq19546,QVQLQESGGGLVQAGGSLRLSCAASGNISAYYDMGWYRQAPGKEREFVASIGVGAITNYADSVKGRFTISRDNAKNTVYLQMNSLKPEDTAVYYCAAHWVKRPLAFVYLVYWGQGTQVTVSS
seq19547,QVQLLQSGGGLVQAGGSLILSCAVSGRPFSSSAMGWFRQAPGKERETVAAVSRNGGSSYYADFVKGRFTISRDNDKNTVYLQMNSLKPEDTAVYYCAARSAAYSRSSETYTEKHDYTYWGQGTQVTVKP
seq19548,QVQLQESGGGVVQAGDPLRLSCVASGRTFSSLDMGWFRQAPGKEREFVAGISRSGISQYYADSMKGRFTISRDNAKNLVYLQMNSLKPEDTAVYYCAAALTFRGSDLPRDSNYWGQGTQVTVSS
seq19549,QVQLQQSGGGLVQAGGFLRLSCAASGRSFNTYAVGWFRQAPGKEREFVAGITRSGTATDYADSVKGRFTISRDNARNTVYLQMNRLKPEDSAVYYCAAHASYDRMINSEYKYWGQGTQVTVSS
seq19550,EVQLVESGGGLVQAGGSLRLSCAASGRVDSMAWFRQAPGKEREFVATITWSDSKIYYADSVKGRFTISGERAKNTMYLQMNTLRPEDTAVYYCAAAHRPYRSGYYYMQSRYDYWGQGTQVTVSS
seq19551,EVQLVESGGGLVQPGGSLRLSCADAGSIFSINTMGWYRQAPGKQRELVAAITSGGSTNYADSVKGRFTISRDNAKNTVYLQMNSLKPEDTAVYYCNADYRDFGLSMERFTDFGSWGQGTQVTVSS
seq19552,QVQLQESGGGLVQAGGSLRLSCAASGITFSNDASGWSRQAPGKQLDFIARIRSGGTTVIADSVKGRFTISRDDAKNTVYLHMNSLKPEDTAVYFCNADSNGRTYWGQGTQVTVSS
seq19553,QVQLQESGGGLVQAGGSLRLSCAASGSIFSLNDMGWYRQAPGKLRELVAAITSGGSTKYADSVKGRFTISRDNAKNTVYLQMNSLKAEDTAVYYCNAKVAGTFSIYDYWGQGTQVTVSS
seq19554,KVQLVESGGGWVRTGGSMRLSCAASGRTSSGSAMGWFRQAPGKERVFVAAISWGGAYTDYADSVKGRFTISRDNWRNTVDLQMNNLKPEDTAVYYCADGGSTWYEPTESDFGSWGQGTQVTVSS
seq19555,QVQLQQSGGGLVQAGGSLRLSCAASGSAFSINTMGWYRQAPGKQRELVAVISSGSGGSTNYADSVKGRFTISRDNAKNTVYLHMNSLKPEDTAVYYCNAGSRFNPFGSAYDYWGQGTQVTVSS
seq19556,QVQLQESGGGLVQTGDSLRLSCTQSRRIFGSVGRGWFRQAPGKEREFVAAITWRDGNTDYADFTEGRFTISRDSAKNTIYLQMNSLKPEDTAVYYCAGKTLTGDSRDIGKYTYWGQGTRVTVSS
seq19557,QVQLQESGGGLVQTGGSLTLSCTASGGIFSINDMVWYRQAPGKQREWVATITRIFSEIYADSVKGRFTISRDNAKNIMYLQMNSLRPEDTAVYYCSAPTGNYWGWGQGTQVTVSS
seq19558,QVQLQESGGGLVQPGGSLRLSCAASGFTFDDYAIGWFRQAPGKEHEGVSCISRSDGSTYYDDSVKGRFTISSDNAKNTVYLQMNSLKPEDTAVYYCAAEVPSTYSCSGFREDYKGKGTQVTVSS
seq19559,EVQLVESGGGLVQPGGSLRLSCAASGDVHKINILGWYRQAPAKEREMVAHITIGDATDYADSAKGRFTISRDEAENMVYLQMNSLKPEDTAVYFCRAYSRIYPYNYWGQGTLVTVSS
seq19560,EVQLVESGGGLVQAGGSLRLSCAASGSIFSGNVMGWYRRQAPGKEREWVAAIASGGSIYYRDSVKGRFTISRDNAKNTVYLQMNSLKPEDTAVYYCNSHPPTLPYWGQGTLVTVSS
seq19561,EVQLVESGGGLVQPGGSLRLSCAASGISSSKRNMGWFRQAPGKEREFVAGISWTGGITYYADSVKGRFTISADNSKNTAYLQMNSLKPEDTAVYYCAIAGRGRWGQGTLVTVSS
seq19562,EVQLVESGGGLVQPGGSLRLSCAASGFTFSSYRMAWVRQAPGKGLEWVSSTSTGGEMTNYADSVKGRFTISRDNAKNTLHLQMNSLKPEDTALYYCAAGTSAGHWSTGGQGTQVTVSS
seq19563,EVQLVESGGGLVQAGGSLRLSCAASGSSFRFRAMAWYRQAPEKQRDFVATINSLGETTYATAVEGRFTISRDNAKNTVYLQMDSLKPEDTAVYYCNEPRGNYWGQGTQVTVSS
seq19564,EVQLVESGGGVVQPGGSLKLSCVASGTDFSINFIRWYRQAPGKQREFVAGFTATGNTNYADSMKGRFTISRDNTKNAVYLQIDSLKPEDTAVYYCYMLEKWGQGTQVTVSS
seq19565,EVQLVESGGGLVQPGGSLRLSCAASGFTFSRNAMSWVRQAPGKGLEWVSAINSGGGSTSYADSVKGRFTISRDNAKNTLYLQMNSLKPEDTAVYYCAKEGYTGWKDPMYDYWGQGTQVTVSS
seq19566,EVQLQAGGGLAQPGGSLRLSCEASGFSLVNLDTIGWFRQAPGKEREGVSCVSESDGKEYYTDSVKGRFTISRDNAKNTMYLQMDSLNAEDTAVYYCVADSFAQCQPPYSGWNEDEYDYWGQGTQVTVSS
seq19567,EVQLVESGGGLVQPGGSLRLSCAASGFTFGSYDMSWVRQAPGKGPEWVSAINSGGGTTYYADSVKGRFTISRDNAKNTLYLQMNSLKPEDTAVYYCATGRPLWDYSDYADFGSWGQGTQVTVSS
seq19568,QVQLQESGGGLVQAGGSLRLSCAASGRTFSGRTMAWFRQAPGKEREFVAAITWSGGTTYYPDSVKGRFTISRDIPKNTLYLQMNSLKSEDTAVYYCASDGPWRATTPDAYDYWGQGTQVTVSS
seq19569,VQLVESGGGSVQAGGSLRLSCVASGYTYSRKCRGWFRQAPGKEREGVATLYTSSGGTYFDTYADSVRGRFTISQDNAKNTVYLQMNNLKPEDSGIYYCAARLSTDFCGPRADFDYWGQGTQVTVSS
seq19570,QVQLQESGGGLVQAGGSLRLSCAASGFNLDPYAIAWFRQAPGKEREEVSCISSSDVGTYYADSVKGRFTISRDNAKKTVYLQMNSLKPEDTAVYYCATDGYYYCSDYPHPLYWGQGTQVTVSS
seq19571,QVQLVESGGGLVQAGDSLRLSCAASGRTLSFDTYAMGWFRQAPGKEREFVASIDWSGGTTYYADSVKGRFTVTRDNAKNTVTLRMNSLKPADTAVYYCAAAQYYRSGTSFPANYWGQGTLVTVSS
seq19572,EVQLVESGGGLVQPGGSLRLSCAASGRIFSLPASGNIFNLLTIAWYRQAPGMQRELVATINSGSRTNYADSVKGRFTISRDNAKKTLYLQMNNLRPEDTAVYYCQTSGSGSPNFWGQGTLVTVSS
seq19573,EVQLVESGGGSVQTGGSLRLSCAASGRLPRDYILGWFRQPPGKEREFVAAVPWTGSLTSYGDSVKGRFTISKNNAENTVYLQMNGLKPEDTAVYYCAATTTSGRINWGRASWGQGTQVTVSS
seq19574,QVQLQESGGGLVQAGGSLRLSCAASGNISSSTDMGWYRQAPGKERELVATISLGGNTYYADSVKGRFTISRDNAKNTVYLQMNSLKPEDTAVYYCAVFEKLGLEDPLYLKYWGQGTQVTVSS
seq19575,EVQLVESGGGLVQPGGSLRLSCAASGFALDYYAIGWFRQAPGKEREGVSCISSSGGITYYADSVKGRFTISRDNSKNTVYLQMNSLRPEDTAVYYCATDSGGYIDYDCQGLGYDYWGQGTLVTVSS
seq19576,QVQLQESGGGLVQAGGSLRLSCAASGSIDSRNTMGWYRQAPGKRREWVATITTGGRTNYADSVKARFTISRDNAKNTVYLQMNSLKPEDTAVYYCNLAPPIFNSWGQGTQVTVSS
seq19577,LQESGGGLVQAGGSLRLSCAASGRTFSNYAMGWFRQAPGKEREFVAGISRSGTMTYYADFVKGRFSISRENVKNTVYLQMNSLKPEDTAVYFCNADSTKGWDLRDHDFWGRGTQVT
seq19578,EVQLVESGGGLVQPGGSLRLSCAASGVTLDLYAMGWFRQAPGKEREFVAGIRWTDAYTEYADSVKGRFTISADNSKNTAYLQMNSLKPEDTAVYYCAVDIDYRDWGQGTLVTVSS
seq19579,QVQLQESGGGLVQPGGSLRLSCAASGSIVSINAMGWYRQAPGKQRELVALVTGSGRTNLADSVKGRFTISRDNAKNTVYLQMNSLKPEDTAVYYCNVLVIGPLEGYDYWGQGTQVTVSS
seq19580,VHLVESGGGSVQAGGSLRLSCAASGDRVSTGCMGWFRQGPGEEREGLAQIHNYNIAKYADSVKGRFTISKDNAKNILYLQMNSLKPEDTGLYICTAPVDCSWSMFLQDPLALSPPRGQGTQVTVSS
seq19581,EVQLVESGGGLVQAGGSLGLSCSASGLLFSRNSAGWYRQAPGKQREFVARIRPGGSINYADTVKGRFTISRDNAKNTVYLQMNSLKPEDTAVYYCSSWRTGFYEYWGQGTLVTVSS
seq19582,EVQLVESGGGLVQPGGSLRLSCAASGFTFSNYAMGWFRQTPGKGREFVAAISWIIGSTYYADSVKGRFTISRDNAKNTLYLQMNGLRPEDTAVYYCAAEGGYSGTYYYTGDFDSWGQGTLVTVSS
seq19583,EVQLVESGGGLVQPGGSLTLSCVASGSTSSINAIGWYRRAPGKQRELVAGISSDGSKVYIDSVKGRFTISRDNAKNSVYLQMNSLRAEDTAVYYCYYFRTVSGSSYRYWGQGTLVTVSS
seq19584,EVQLVESGGGLVQPGGSLRLSCEASGFTWDYYVIGWFRQAPGKEREGLSCISSSDGSTTYADSVKGRFTISRDNAKNTVYLQMNSLKPEDTAVYYCAVDPALGCYSGSYYPRYDYWGQGTQVTVSS
seq19585,DVQLVESGGGSVQAGGSLRLSCVASTYTGCMGWFRQAPGKEREGVAALSSRGFAGHYTDSVKGRFSISRDYVKNAVYLQMNTVKPEDAAMYYCAAREGWECGETWLDRTAGGHTYWGQGTQVTVSS
seq19586,EVQLVESGGGVVQAGGSLRLSCAASGGTFSFYGMGWFRQAPGKEQEFVADIRTSAGRTYYADSVKGRFTISRDNAKNTVYLQMNSLKPEDTALYYCAAEMSGISGWDYWGQGTQVTVSS
seq19587,QVQLQESGGGLVQAGDSLRLSCAASGRTFSSYAMGWFRQAPGKEREFVATISRSGGSTYYADSVKGRFTISRDNAKNTVYLQMNSLKPEDTAVYYCAANPYGSSSYQGQYASWGQGTQVTVSS
seq19588,QVQLQESGGGLVQAGGSLRLSCAASGSIFSGNVMGWYRQVPGKQRDLVATITGGGITRYADSVKGRFTISRDNAKNTVYLQMNSLKPEDTAVYYCNYRRIMQQYWGKGTLVTVSS
seq19589,EVQLVESGGGLVQPGGSLRLSCAASGFTFRGFGMSWVRRAPGKEFEWVSSINGGGEDTRYSDSVKGRFTISRDNARNTLYLQMNSLKPEDSAVYYCAIGGPGATPSGPGTQVTVSS
seq19590,EVQLVECGGGLVQPGGSLRLSCVASGSIASIATMAWYRQAPGQQRELVAGITRGGSTKYADSVKGRFTISRDNAKNTLYLQMNSLKPEDTAVYYCTDYSRGYYQDYWGQGTQVTVSS
seq19591,EVQLVESGGGLVQAGGSLRLSCAASGSIFRINAMGWFRQAPGKEREGVASINIFGTTKYADSVKGRFTISADNAKNTVYLQMNSLKPEDTAVYYCSAVGWGPHNDDRYDWGQGTQVTVSS
seq19592,EVQLVESGGGLVQAGGSLRLSCAASSRTFNHYNIGWFRQAPGKEREFAAAITWNGRSTLYADSVKGRFTISRDNAKNTVYLQMNSLKPEDTAVYYCATLTTWEHKWEYNSQGQGTQVTVSS
seq19593,EVQLVESGGGLVQAGGSLRLSCAASGRTFSSYAMGWFRQAPGKDREFVAAISWIGESTYYADSVKGRFTISRDNAKNTVYLRMNSLKPEDTAVYYCAADLYYTAYVAAADEYDYWGQGTLVTVSS
seq19594,EVQVVESGGGLVQAGGSLRLSCAASGRTFTTYRMGWFRQAPGKEREFVAAIRWSGGRTLYADSVKGRFTISRDNAKNTAYLQMNNLRPEDTAVYYCAADLAEYSGTYSSPADSPAGYDYWGQGTQVTVSS
seq19595,QVQLQESGGGLVQPGGSLRLSCAASGFTFDYYAIGWFRQAPGKEREEVSCISGSDSSTYYADSVKGRFTIVRDNAQNTVYLQMNSLKPEDTAIYYCAVTGWRTCRGLNEYDYWGQGTQVTVSS
seq19596,VQLQEFGGGVVQSGGSLRLSCVASGNIFRINAMGWYRQAPGKQRELVAHIISGGSTNYADSVKGRFTISREYAKNMVYLQMNSLKPEDTAVYYCNAERRFGMRQVWGQGTQVTVSS
seq19597,QVQLQESGGGLVQAGGSLRLSCAVSGNTLSRYAMGWFRQTPGKEREFVAAIRWNNGATYYAESVEGRFTISRDSGKNTVYLQMNNLKPEDTAVYYCAGRFLGYASSNAYHEALYNYDYWGQGTQVTVSS
seq19598,EVQLVESGGGLVQTRGSLRLSCTLSGLILTYYDIAWFRQAPGKEREGVSCISKYKNTEYADSVKGRFTISRDNAKITVYLQMNDLNLEDTAVYYCAAVRSRYSTCSLTGDMNYWGKGTLVTVSA
seq19599,QVQLQESGGGLVQPGGSLRLSCAASGSVFSIDSMSWFRQAPGNERELVALITGGRTTTYADSVKGRFTISRASAPNTVYLQMNSLKPEDTAVYYCNAVVSTGWGRNADDYWGQGTQVTVS
seq19600,EVQLVESGGGLVQAGGSLRLSCAAPEMGATINVMAWYRQAPGKQRELVARLPLHNNIDYGDFAKGRFTISRDITRNTVYLQMNNLKPDDTAVYYCNVLLSRQINGAYVHWGQGTQVTVSS
seq19601,EVQLVESGGGLVQPGGSLRLSCAASGRTFSNYRMAWFRQAPGKEREFVAVISRGGGGADYADSVKGRFTISRDNAKNTVYLQMNSLRPEDTAVYYCAARISGFSYYTSVDRYDYWGQGTLVTVSS
seq19602,DVQLVESGGGLVQAGGSLRLSCAASGRTFRHYAMGWFRQAPGKEREFVAAISSYGSTDYGDSVKGRFTISRDDAKNTVPLQMNSLKPEDTAVYYCAAADETLGAVPNFRLHEKYEYEYWGQGTLVTVSS
seq19603,QVQLQESGGGLVQAGGSLRLSCARSGGTFSPYAMGWFRQAPGEERQFVAAITWSSDSPWYGDSAKGRCTIARDITKNTVYLNIFGLKPEDTAVYYCAESSGATYGLALPSAYEHWGRGTQVTVSS
seq19604,EVQLVESGGGLVQPGGSLRLSCTASGGVFNGAAMAWYRQAPGKQRDFVATINSSGSTNYADSVKGRFTISRDNPKRTVNLQMNSLKPEDTAVYYCNRPRDNTWGQGTQVTVSS
seq19605,EVQLVESGGGLVQPGGSLTLSCVASGSTSSINAMGWYRRAPGKQRELVAGISSDGSKVDADSVKGRFTISRDNAKNSVYLQMNSLRAEDTAVYYCYYFRTVSGSSMRYWGQGTLVTVSS
seq19606,QVQLQEFGGGLVQAGGSLRLSCAASGSIFAINEINLMGWYRQAPGKQRELVAACASDGNTYYADSVKGRFTISRDNAEKTVYLQMNNLKPDDTAVYYCDANSRGNYYSGQGTQVTVSS
seq19607,QVQLVESGGGSVQAGGSLRLTCTGSGRSFALYYMAWFRQAPGKEREFVAAISHNSLSAIVADSLKGRFTISRDNARNQVVLQMNSLKPEDTAVYYCAADFSPSTYNTNYYRTGSYQYWGQGTQVTVSS
seq19608,AVQLVESGGGSVQAGGSLRLSCTASGVGFSFYTMAWFHQAPGKECELVSIISLDGTTNYADSVKGRFTISRDNGKNTADLQMNSLILEDTGVYYCAAGVVSGTVVLDTCPPRSHESAYWGQGTQVTVSS
seq19609,EVQLVESGGGLVQPGGSPRLSCVASGDVHKINFLGWYRQAPGKEREKVAHITIGDQADYADSAKGRFTISRDEAKNMVYLQMNSLKPEDTAVYFCRAGSRIYPYDYWGQGTLVTVSS
seq19610,EVQLVESGGGLVQAGGSLSLSCTASGGTFRNFAMGWFRQAQGKEREFVATISRSGGHIYYSDSVKGRFTISRDNAKNMVSLQMNSLKPEDTAVYYCAARFRFDDGTSYYQRAFYDFWGQGTLVTVSS
seq19611,QVQLVESGGGSVQAGGSLRLSCKDPDRSNCMGWFRQAPGKEREGVAAIYTGGGSTYYADSVKGRFTISQDNAKNTVYLQMNSLKPEDTAMYYCAAVALVVSATGCYSFEEGYFGYWGQGTQVTVSS
seq19612,QVQLQESGGGLVQAGGSLRLSCTASRRTGSNWSMGWFRQLAGKEREFVVALNLDYDIPYYADSVKGRFTVSTDSGKNTVYLQMNSLKPEDTAIYFCAARSGGFSSNRTYYDYWGQGTQVTVSS
seq19613,QVQLQESGGGLVQPGGSLRLSCAVSGAPFRESTMAWYRQTPGKERETVAFITSGGSKTYGVSVQGRFTISRDSDRRTVLLQMNNLQPEDTAVYYCHRALSNTWGQGIQVTVSS
seq19614,VQLQESGGGSVQAGGSLRVSCAASGSTSYRYCMAWFRQAPGKEREAVASIRPRSGRAYYADSVKGRFTISLDNAKNTLYLQMNSLKPEDTAMYYCAASDNDGNCQDYWGKGTQVTVSS
seq19615,EVQLVESGGGLVQPGGSLRLSCAASGFTFDDYGMSWVRQAPGKALEWVSAISWNGNNTYYTESMKGRFTISRDNAKNTLYLQMNSLRPEDTAVYYCVKGSTAIVGVPPTYPDEYDYWGQGTLVCVSS
seq19616,EVQLVESGGGLVQAGGSLRLSCAASRSIFSLNAMGWYRQAPGKQRELVAAIFSSGNTRYADSVNGRFTISRDYTKNTVYLQMNTLKPEDTAVYYCNADSALWGNYWGQGTQVTVSS
seq19617,EVQLVESGGGSVQAGGSLRLSCAASGRTFSDYAMGWFRQAPGKEREFVAGISRSGSTTGYAGSVKGRFSISRDNAKNAVYLQMNSLKPEDTAVYYCASKRSPYTGIYYSDLSQSEDWGQGTQVTVSS
seq19618,LQQSGGGLVQAGGSLRLSCTASGRTFSDYIMGWFRQAPGKERERVATINWTGAITYVVDAVKGRFSISRDNAKNTVYLQMNGVKPEDTAVYYCAAGRSGVTVRNSESWGQGTQVT
seq19619,EVQLVESGGGLVQPGGSLRLSCAASGFSFDRWAMGWFRQAPGKEREWVASLATGGNTNYADSVKGRFTISADNSKNTAYLQMNSLKPEDTAVYYCARVTNYDAFDIWGQGTLVTVSS
seq19620,QVQLQESGGGSVQAGGSLRLSCAASGRYQMAWFRQAPEKEREFVGTISSGDSTWYTNSLKGRFAISRDSARDTVYLQMNDLKPEDTAVYYCAAALYYRDSRRAADYPYWGQGTQVTVSS
seq19621,DVQLVESGGGLVQPVGSLRLSCAASGSIFTINAMVWYRQAPGKKREEVAAITRGGSTNYADSVKGRFTISRDNAKNTVYLQMNSLKPEDTAVYYCKAVVVTTTPYSDYWGQGTLVTVSS
seq19622,EVQLVESGGGLVLAGGSLRLSCVHSGPTFRTDTMGWFRQAPGKEREFVAAVTWNSGRINYADSVKGRFTVSRDNTRNAAYLQMSGLKDEDTAVYYCTAHRFVVGGVMVEDWRYWGQGTQVTVSS
seq19623,EVQLVESGGGLVQPGGSLRLSCAASGRTFNNYAMGWFRQAPGKERELVAAITSGGSTDYADSVKGRFTISADNSKNTAYLQMNSLKPEDTAVYYCARGDWRYGWGQGTLVTVSS
seq19624,QVQLQESGGGLVQAGDSLRLSCTASERTFSNYAMGWFRLAPGKERKFVAAISTSGGTTDYVDSVKGRFTISRDNAKNTVYLQMNSLKPEDTAVYYCAARLDFSSTDLYTTAPRYPYWGQGTQVTVSS
seq19625,QVQLQESGGGLVQAGGSLRLSCAVSGNTLSRYAMGWFRQTPGNEREFVAAIRWNNGATYYADSVKGRFTISRDSGKNTVYLQMNNLQPEDTAVYYCAGRFLGYASSNAYHEALYNYDYWGQGTQVTVSS
seq19626,QVQLVESGGGSVQAGGSLRLSCAASGYTYIPNCMAWFRQAPGKEREGVTLIFTGDGTSTYVDSVKGRFTISQDNAKNTVYLQMNSLKPEDTALYYCAAAERCSGSNDRISFWGISYWGQGTQVTVSS
seq19627,VQLVETGGGLVQPGGSLRLSCAASGFTLDYSSIGWFRQAPGKEREGVSCISSSGDSTKYADSVKGRFTTSRDNAKNTVYLQMNSLKPDDTAVYYCAAFRATMCGVFPLSPYGKDDWGKGTLVTVS
seq19628,DVQLTESGGGSVQVGGSLRLSCLAAEYESSSYGPCMGWFRQVPGKGREGVAAINRPGGVTSIADSVKGRFSISLDRAKDTLYLLIFDPKPEDTATYYCATGGRWNTACGSWLGNPEETSAWGRGTQVTVSS
seq19629,EVQLVESGGGLVQPGGSLRLSCAASGNIVSIDAAGWFRQAPGKQREPVATILTGGATNYADSVKGRFTISRDNAKNTVYLQMNSLKPEDTAVYYCYAPMIAYGGRYSDYWGQGTQVTVSS
seq19630,EVQLVESGGGLVQAGGSLRLSCAASGFTFDDYAIGWFRQAPGKEREGISCISSSDGSTYYADSVKGRFTISSDNAKNTVYLQMNSLKPEDTAVYYCAAEPPDSSWILDGSPEFFKFWGQGTQVTVSS
seq19631,AVQLVESGGGSVQTGGSLRLTRALSGNMGRFNSMGWIRQAPGKGREAVACIHTGGGSAWYADSVKGRFTISQDNTKNTMNLNMNTLKPEDTAIYYCAADRYNCEYIRRGGEFESRGQGTQVTVSS
seq19632,QVQLQEFGGGLVQAGGFLRFSCAASGSIASINYMGWFRQAPGNQREFVARITSGGMTNYRDSVKGRFTISRDSAKNTVELQMNSLKPEDTAVYYCTFIAAGGENNWGQGTQVTVSS
seq19633,EVQLVESGGGLVQPGGSLTLSCVASGKTSSINAMAWYRRAPGKQRELVAGISSDGSKVYTDSVKGRFTISRDNAKNSVYLQMNSLRAEDTAVYYCYYFRTVSGSSARYWGQGTLVTVSS
seq19634,EVQLVESGGGLVQAGGSLRISCAASGRTFSIYSMGWFRQAPGKEREFVATIGWNSGRTFYADSMKERFTISADNARNTLYLQMNSLKFEDTAVYYCAAAKGPLRLSSQADYWGQGTQVTVSS
seq19635,EVQLVESGGGLVQAGGSLRLSCAAAVSATRINAFGWYRQAPGKQRELVATILSDGNTNYADSVKGRFTISRDNTRNTVYLQMNGLKPEDTAVYVCNAELYYSDYLPTQTAWGQGTQVTVSS
seq19636,VQLQESGGGSVQTGGSLRLSCAASTSIYSMNYMAWFSQAPGKGREGVAAVYIEDGRPYYADSVKGRFTISPDRAKNTVYLQMNSLKPEDTAMYYCAAAPGPLSRNYWYTSANYDYWGQGTQVTVSS
seq19637,LQQSGGGLVQAGGSLRLSCAASGGTFTMYAIDWLRQAPGKEREFVGSISAGGGSTFYAESVKGRFTISRDNSKNTVSLQMNNLKPEDTAVYYCAARRGIATMAPTSYATWGQGTQVT
seq19638,QVQLQESGGGLVQAGGSLRLSCAASGRTFSSYAWGWFRQAPGKEREFVARISFSGGHIYYSDSVKGRFTISRDNAKNTVYLQMNSLKPEDTAVYYCAADPTPYGLRNERNYHYWGQGTLVTVSS
seq19639,EVQLVESGGGLVQPGGSLRLSCAASGRTFRHYAMGWFRQAPGKEREFVAAISSYGSTDYADSVKGRFTISRDDSKNTVYLQMNSLRPEDTAVYYCAAADETLGAVPNFRLHEKYEYEYWGQGTLVTVSS
seq19640,EVQLVESGGGLVQPGGSLRLSCAASGRTFSSLPMGWFRQAPGKERELVAIRWSGGSTVYADSVKGRFTISADNSKNTAYLQMNSLKPEDTAVYYCAAIAYEEGVYRWGQGTLVTVSS
seq19641,EVQLVESGGGVVQAGGSLRLSCAASGGTFSFYGMGWFRQAPGKEQEFVADIRTSAGRTYYADSVKGRFTISRDNAKNTVYLQMNSLKPEDTAVYYCAAEMSGISGWDYWGQGTQVTVKS
seq19642,EVQLVESGGGLAQAGGSLRLSCAASGRSLSNYAMGWFRQAPGKEREIVCAISRSGSITTYADSVKGRFTIAKDNAANTVYLQMNSLKPEDTAAYYCAADPMYYGIPDQNWDYWGQGTQVTVSS
seq19643,DVQLVESGGGLVQPGGSLRLSCAASGRTFSSYSMGWFRQAPGKEREFVVAISKGGYKYDAVSLEGRFTISRDNAKNTVYLQMNSLRPEDTAVYYCASSRAYGSSRLRLADTYEYWGQGTLVTVSS
seq19644,EVQLVESGGGSVQAGGSLRLSCAASGYTSGRNYMAWFRQAPGKEREGVGRIYSTGGSARYADSVKGRFTISQDLSNDTMYLQMNNLKPEDTGMYYCAAGKPYGDMLDARGYKYWGHGTQVTVSS
seq19645,QVKLEESGGGLVQAGGSLRLSCAASGRAFIAYAMGWFRQGPGKEREFVAAISSYSGTNTNYADSVRGRFTISRDNVENMVYLQMNNLKPEDTAVYYCAADRRVLTSTSPFWGQGTQVTVSS
seq19646,EVQLVESGGGLVQPGGSLRLSCVASGFDFSSHWMYWVRQAPGKGLEWVSEINTNGLITKYADSTKGRFTVSRDNAANMLNLEMTSLEPEDTALYYCARNERGLNKGQGTQVTVSS
seq19647,QVQLVESGGGLVQAGGSLRLSCTPSGRSFSPYTMGWFRQAPGKEREFVAASSASGGSTTYASSGKDRFTISRDRAKNTVYLQMNSLKPEDTAVYYCYVNIWNGGDYWGQGTLVTVSS
seq19648,EVQLVESGGGLVQPGGSLRLSCAASGRTFSDDTMGWFRQAPGKEREWVGSINWSGGSTYYADSVKGRFTISADNSKNTAYLQMNSLKPEDTAVYYCATDPPLFWGQGTLVTVSS
seq19649,QVQLQESGGGLVQPGGSLRLSCAASGFTFSSFAMSWVRQVPGRTLEWVSDINTGGDSTDYANSVKGRFTISRDNAKNTLYLQMNSLKPDDTAVYYCANVPKELVFSFASWGRGTQVTVSS
seq19650,QVKLEESGGGLVQAGGSLRLSCAASGRTFSSYRLGWFRQAPGKEREFVAAISWKDDTTYYADSVKGRFTISRDNAKNTVYLQMNSLTPEDSAVYSCAARGYSRSWNPWSEYDYWGQGTRVTVSS
seq19651,EVQLVESGGGQVQPGGSLRLSCESSVSIWSFKVMGWFRQVPGKQRELVATITTGGSPDYSDSVKGRFTISRDYDKRTLYLQMNSLKSEDTARYYCAGRLWAHITSSGHDVWGQGTQVTVSS
seq19652,EVQLVESGGGLVQAGGSLRLSCAASGSISEFNVIGWHRQAPGKERELVASITGHDSTYYTGSVKGRFTISRDNAKTTVYLQMNSLKPEDTAVYYCAVRQILRREYDYWGQGTQVTVSS
seq19653,VQLQESGGGSVQAGGSLRLSCTASGFTVDDSGMGWYRQAPGNECELVSTISSDGSTYYADSVKGRFTISQDNAKNTVYLQMNSLKPEDTAVYYCAAPRVGVGWVRPCDYEYNYWGQGTQVTVSS
seq19654,VQLVESGGGLVQAGESLRLSCVVSESIFRINTMGWYRQTPGKQREVVARITLRNSTTYADSVKGRFTISRDDAKNTLYLKMDSLKPEDTAVYYCHRYPLIFRNSPYWGQGTQVTVSS
seq19655,EVQLVESGGGVVQTGGSLRLSCAASGRTFSMYTMGWFRQAPGEDREFVAAISRSGGLKAYADSVLGRFTISRDNANEMAYLQMNSLNPEDTAVYYCAAAPVPWGTRPSHFTYDSWGQGTQVTVSS
seq19656,QVQLQESGGGLVQPGGSLRLSCADSGSTFTINAMAWYRQAPGKRRELVAGISGGVTNYPDSVKGRFTISRDNAKNTVYLQMSSLKPEDTAVYYCNLWPPRASPDGRVYWGQGTQVTVSS
seq19657,EVQLVESGGGLVLSGRSDNHQAGKSLRLSCAASGSIFSIHAMGWFRQAPGKEREFVAAITWSGGITYYEDSVKGRFTISRDNAKNTVYLQMNSLKPEDTAIYYCAADRAESSWYDYWGQGTQVTVSS
seq19658,QVQLQESGGGLVQAGGSLRLSCAASGSIAYIYTMDWYRQAPGKQRELVATSTRDGNVDYAESVKGRFTISRDNAKNTVYLQMNSLKPEDTAVYYCNADLRTAVDLIRANYWGQGTQVTVSS
seq19659,EVQLVESGGGLVQPGGSLTLSCAASGSRVSFLSMAWYRQAPGKKRELVAGISARGSTDYIDSVKGRFTISRDNAKNSVYLQMNSLRAEDTAVYYCYAYRWSTRYTYWGQGTLVTVSS
seq19660,EVQLVESGGGLAQAGGSLRLSCAASGSITSFNAVGWWRQAPGTQREWVASISTSGSTITPYVDSVKGRFTISKDNTKNTVYLQMNSLKPEDTAVYYCCATERMHHSYCGQGTQVTVSS
seq19661,EVQLVESRGGLVQPGGSLRLSCAASGFTFGSYDMSWVRQAPGKGPEWVSAINSGGGSTYYADSVKGRFTISRDNAKSTLYLQMNSLKPEDTAVYYCAIPRGWGPTGPIEYAYWGQGTQVTVSS
seq19662,EVQLVESGGGLVQAGGSLRLSCVVSGGTFNVYAMGWFRQAPGKLREIVAAISRTGSSIYYADSVKGRFTISRDDAKKTVYLQMNSLKSEDTAVYYCAVDGRANGERPAVAGYNYWGQGTQVTVSS
seq19663,EVQLQASGGGLVQAGGTLRLSCAHSGRTSSTQFWGWFRQAPGKEREFVAGMSRSGLSTFYADSVKGRFAISRDNGKNTVYLQMNSLKPEDTAVYFCASSPFIGEHYYSSTKYHYWGQGTQVTVSS
seq19664,EVQLVESGGGLVQPGGSLRLSCATSGTIFSNNAMGWYRQAPGKKRDLVASISNSGSTNYADSVKGRFTVSRDNDKNTGYLQMNSLKPEDTGVYYCTVDARRGWNTAYWGQGTQVTVSS
seq19665,EVQLVESGGGEVQPGGSLRLSCAASGSIFSINAMGWYRQAPGKQRELVAGFTGDGMTKYAESVKGRFTISRDNAKNTVYLQMSSLRAEDTGVYYCAADVFTDRDHVDWYWGQGTLVTVKP
seq19666,AVQLVDSGGGLVQAGGSLRLSCAASGGTFTSYPMGWFRQAPGKERKFVAGISQSGGSTAYSDSVKGRFTISRENAKTTVYLQMNSLKPEDTAVYYCAARGRTLFLRDYAYTTEVGYDDWGQGTQVTVSS
seq19667,EVQLVESGGGLVQPGGSLTLSCAASSSPVSNLSLAWYRQAPGKKRELVAGISPDGSTAYMESVKGRFTISRDNAKNSVYLQMNSLRAEDTAVYYCYAYRWPNRRGYWGQGTLVTVSS
seq19668,EVQLVESGGGLVQAGGSLRLSCAASGSIFRLNYMAWYRQAPGKEREVVASMSRRSDSTYLADAVQGRFTISMNNAGNTMYLQMNSLKPEDTALYYCKANDYWGQGTQVTVSS
seq19669,EVQLVESGGGLVQPGGSLRLSCAASGKIFKDTGTMAWFRQAPGKQRELVAAINSGTTNYADSVKGRFTISRDNAKNTVYLQMSSLKPEDTAVYYCNARVSGWRTRYDYWGQGTQVTVSS
seq19670,EVQLVESGGGLVQAGGSLRLSCAASERTYSMGWFRQAPGKEREFVAGSGWDGIPTRYADSVKGRFTISRDNAKSTVSLQMSGLKPEDTAIYYCATGTSVYHYQYWGQGTQVTVSS
seq19671,DVQLVESGGGVVQPGGSLRLSCAASGRTFRHYAMGWFRQAPGKEREFVAAISSYGSTDYGDSVKGRFTISRDDAKNTVPLQMNSLKPEDTALYYCAAADETLGAVPNFRLHEKYEYEYWGQGTLVKVSS
seq19672,QVQLVESGGGLVQAGDSLALSCAGSGDTFSNYAMGWFRQAPGKEREFVADISWYSANIGYADSVKGRFTISRDNAKNMVTLRMNSLKPEDTAVYYCAADRNHWPVKGDYWGQGTQVTVSS
seq19673,EVQLVESGGGLVQAGGSLRLSCAASGNTFSSYAMGWFRQAPGKEREFVAIISRSGGRTYYADSVKGRFTISADNAKNTVYLQMNSLKPEDTAVYYCAAAPYNETNSWGQGTQVTVSS
seq19674,QVQLQESGGGLVQPGGSLRLSCATSGFTFGDYDMSWVRQAPRQGPEWVSTIRRDGSSAYYEDSVKGRFTISRDNAKNTVYLQMNSLKPEDTAVYSCAAGRDYGMGYTTGPLRSSDFGSWGQGTQVTVSS
seq19675,EVQLVESGGGSVQAGGSLRLSCAVSGYTHCDYDMSWYRQAPGKEREFVSSFDSDGSVNYADSVKGRFTISQDNAKNTVYLQMNSLKPEDTAMYYCKIHGVTWSASRGGRWQDCQSGLNFWGQGTQVTVSS
seq19676,EVQVVESGGGLVQAGGSLRLSCAASGFTFTRYAMGWFRQAPGKERSFVAAISWSGSSAGYGDSVKGRFTISRDNAKNTLYLQMNSLKPEDTAVYYCAADPFNQGYWGQGTQVTVSS
seq19677,EVQLVESGGGLVQTGGSLRLSCEVSGRTFSSYSMGWFRQAPGKEREFVVAISKGGYKYDSVSLEGRFTISKDNAKNTVYLQINSLRPEDTAVYYCASSRAYGSSRLRLADTYEYWGQGTLVTVSS
seq19678,EVQLVESGGGLVQPGGSLRLSCVVSGFTISNYGMSWVRQAPGKGPEWEWVSAINSGGDSTRYADSVKGRFTISRDNAKNTLYLQMNSLKPEDAAVYFCTREKTAYYCSGSGCYDPRYEFDYWGRGTQVTVSS
seq19679,QVQLVQSGGGLVQPGGSLRLSCAASGWAFDNYGMAWFRQAPGKEREFIGRLAWNGGSTDYADSVKGRFTISRDNPKNTLYLQMNSLKPEDTAVYYCARQRSYSRYGIRAPQTYDYWGQGTQVT
seq19680,QVQLQESGGGLVQPGGSLRLSCAAFGFALANYGIGWFRQAPGKDRERVSCDSVDDGSTHYSNSVQGRFTIIRDNAKNTVFLQMNSLKAEDTAVYYCATTDCDATTWGTWINYRGQGTQVTVSS
seq19681,QVQLVESGGGSVQAGGSLRLSCVAASGYTGCTYDMRWYRQAPGKEREFVSGIDSDGRATYADSVKGRFTISQSNAKIAVYLQMDSLKLEDTAMYYCNLQCLRYPGEYYWGQGTQVTVSS
seq19682,EVQLVESGEGLVQAGDSLRLSCAASGRTISSYAMGWFRQAPGKEREFVAAVSMSGGRTLYADSVKGRFTISKDNTKNTVYLQMNSLKPEDTAVYYCAAKWGYFDVALYAQERDYNYWGQGTQVTVSS
seq19683,QVQLVESGGGSVQAGGSLRLSCAASGYTLSSYCMGWFRQAPGKEREGVAAIDSDGSTSYADSVKGRFTISKDNAKNTLFLQMNGLKPEDTAVYYCAPLCWVDYPLPSGPYWGQGTQVTVSS
seq19684,EVQLVESGGGLVQSGGQLRLSCAASGSIASIRDMAWYRQAPGKQRELVAIFARGGTTHYADSVKGRFTISRDNAKNTVYLQMNSLEPEDTAAYYCNAEVATMFQPGFRDYWGRGTLVTVSS
seq19685,EVQLVESGGGVVQPGGSLRLSCAASGRTFSSYRMGWFRQAPGKEREFVAALSGDGYSTYTANSVKGRFTISRDNSKNTVYLQMNSLRPEDTALYYCAAKLQYVSGWSYDYPYWGQGTLVTVSS
seq19686,EVQLVESGGGLVQPGGSLRLSCAASGNIVSIDAAGWFRQAPGKQREPVATILTGGATNYADSVKGRFTISRDNAKNTVYLQMNSLKPEDTAVYYCYAPMIYYGGRYSDAWGQGTQVTVSS
seq19687,QVQLQESGGGLVQAGGSLRLSCAVSGNTLSRYAMGWFRQTPGKEREFVAAIRWNNGATYYADAVKGRFTISRDSGKNTVYLQMNNLQPEDTAVYYCAGRFLGYASSNAYHEALYNYDYWGQGTQVTVSS
seq19688,DVQLQASGGGLVQAGGSLRLSCAASGFKITHYTMGWFRQAPGKEREFVSRITWGGDNTFYSNSVKGRFTISRDNAKNTVYLQMNSLKPEDTADYYCAADAGSTGSYGSFDYWGKGTQVTVSS
seq19689,EVQLVESGGDLVQVGGSLRLSCAFPGSMSSRNSVNWYRQPPGKQREWVATISVSGFTQYADSAKGRFTISRDSAKNTVHLQMNSLKPEDTGVYYCNYMDYWGQGTQVTVSS
seq19690,EVQLVESGGGLVQPGGSLRLSCAASRSIFSRNAMAWYRQAPGKQREPVAIITSNHGTNYVDPVKGRFTISRDNAKNTLYLQMNSLKPEDTGVYYCNKIPHYTVDSWGQGTQVTVSS
seq19691,VQLQESGGGLVQAGGSLRLSCATFGFSFDDYAIAWFRQAPGKEREGISCISNTDSSTFYADSVKGRFTISSDNAKNTVHLQMSSLKPEDTAVYYCAADGNVWSPPICGSAGPPPGGMDYWGKGTQVTVSS
seq19692,GGGSVQAGGSLRLSCASSKYMPCTYDMTWYRQAPGKEREFVSSINIDGKTTYADSVKGRFTISQDSAKNTVYLQMNSLKPEDTAMYYCKIDSYPCHLLDVWGQGTQVTVSS
seq19693,EVQLVESGGDSVQAGGSLQLSCKASGYTYNSRVDIRSVGWFRQYPGKEREGVATINIRNSVTYYADSVKGRFTISQDNAKNTVYLQMNALKPEDTAMYYCALSDRFAAQVPARYGIRPSDYNYWGEGTQVTVSS
seq19694,EVQLVESGGGEVQPGGSLRLSCAASGSTFSMYHMSWFRQAPGKQREPVATSHHGGTTNYAGSVKGRFTISRDNAKNTVYLQMNSLRPEDTAVYYCKADHGYNRGGYWGQGTLVTVKP
seq19695,VQLVESGGGLVQPGDSLRLSCAASGRTFSSYAMGWFRQAPGKEREFVAAISWSDGSTYYADSVKGRFTISRDNAKNTVYLQMNSLRPEDTAVYYCAADLTSTNPGSYIYIWAYDYWGQGTLVTVSS
seq19696,EVQLVESGGGLVQPGGSLRLSCAASGGTFGVYHMGWFRQAPGKEREFLASVTWGFGSTYYADSVKGRFTISADNSKNTAYLQMNSLKPEDTAVYYCAATTTRSYDDTYRNSWVYNWGQGTLVTVSS
seq19697,VQLVESGGGSVQAGGSLRLSCAASGANGGRSCMGWFRQVPGKEREGVSGISTGGLITYYADSVKGRFTISQDNTKNTLYLQMNSLKPEDTAMYYCATSRFDCYRGSWFNRYMYNSWGQGTQVTVSS
seq19698,QVQLQESGGGLVQPGGSLRLSCAASGFFLEYYDIGWFRQAPGEEREGVSCLSAYGHMPRYADAVKGRFTISRDNNKNTVYLQMNSLKPDDTAIYYCARNCYTTTGHGGTVIRSSTSSTSWGQGTQVTVSS
seq19699,EVQLVESGGGLVQPGGSLRLSCVASGDVHKINILGWYRQAPGKEREKVAHISISDQTDYAESAKGRFTISRDESKNMVYLQMNSLKPEDAAVYLCRAFSRIYPYDYWGQGTQVTVSS
seq19700,EVQLVESGGGLVQPGGSLRLSAAASGFILDYYAIGWFRQAPGKEREGVLCIDASDDITYYADSVKGRFTISRDNAKNTVYLQMNSLKPEDTGVYYSATPIGLSSSCLLEYDYDYWGQGTLVTVSS
seq19701,QVQLVESGGGLVQPGGSLRLSCAASGFTFSSYYMTWVRQAPGKGLEWVSSIYSDGSNTYYADSVKGRFTISRDNAKNTLHLQMNSLKSEDTAVYYCAKDLKARYSGSYHDEGYDYWGQGTQVTVSS
seq19702,EVQLVESGGGLVQPGGSLRLSCAFSGRTFSSYSMGWFRQAQGKEREFVVAISSGGFIYDAVSLEGRFTISRDNTKNTVYLQTPSLKPEDTAVYYCAASRAYGSSRLRLADTYDYWGQGTQVTVSS
seq19703,EVQLVESGGGLVQPGGSLRLSCAASGEVYKINFLGWYRQAPGKEREKVAHITIADAADYADFAKGRFTISRDEAKNMVYLQMNSLKPEDTAVYFCRAGSRIWPYDYWGQGTQVTVSS
seq19704,QVQLQQSGGGLVQPGGFLRFSCAAFGTPFSADVMGWYRQVPGKQRELVAIITDDGDTNYSDSVKGRFTISGDNAKKLVYLQMNSLKPEDTAVYYCYMNVMVVPLRPSRDYWGQGTQVTVSS
seq19705,EVQLVESGGGLVQPGGSLRLSCAASGSTLRDYAMGWFRQAPGKERESVAAITWSGGSTAYADSVKGRFTISADNSKNTAYLQMNSLKPEDTAVYYCASLLAGDRYFDYWGQGTLVTVSS
seq19706,EVQLLESGGGLVQPGGSLRLSCAASGTFDKINNMGWYRQAPGKQRDLVAQITPGGITDYADSVKGRFTISRDNSKNTLYLQMNSLRPEDTAVYYCNAEILKRAYIDVYVNYWGQGTLVTVSS
seq19707,EVQLVESGGGLVQPGGSLTLSCAASGSSVSNLSMAWYRQAPGKKRELVAGISADGSTAYIDSVKGRFTISRDNAKNSVYLQMNSLRAEDTAVYYCYAYRWTTRRTYWGQGTLVTVSS
seq19708,EVQLVESGGGLVQPGGSLRLSCAASGFAFSRYGMYWVRQAPGKGLEWVSTINSGGDYIIYADSVKGRFTISRDNAKNTLYLQMNSLKPEDTAVYYCAEGYRGSEWPPPAFTLQRADFASWGQGTQVTVSS
seq19709,EVQLVESGGGLVQPGGSLRLSCAASGFSFDDYAMGWFRQAPGKERELVAAVRWSGGITWYADSVKGRFTISADNSKNTAYLQMNSLKPEDTAVYYCAAGDTGGAAYGWGQGTLVTVSS
seq19710,GLVQAGGSLRLSCAASGRTFSSYAMAWFRQAPGKEREIVATISWNGGTTDYADSVKGRFTISRDNAKNTVYLQMNSLKPEDTAVYYCAADSTNWVFYDYWGQGT
seq19711,EVQLVESGGGLVQAGGSLTLSCAASGSTSSLDIMAWYRQAPEKQRELVASVSGGGNSDYASSVKGRFTISGDTAKSTLYLQMNSLKPEDTAMYYCYGRDYYYMPFWGQGTQVTVSS
seq19712,QVHLVESGGGSVQAGGSLRLSCAASGYTYFMGWFRQAPQKEREWVATIGTGDIFNGAAYYVDSVKGRFAISQDNAKNTVYLQMNSLKPEDTAVYVCAAVQSKSSNYVLRDASTYNYWGQGTQVTVSS
seq19713,VKLEESGGGSVQAGGSLRLSCAVSGSIFSGDAMGWYRQAPGKKREYVALIGKEGDTVYADSVKGRFTISRDNAKNTFYLQMNNLEPEDTARYICATFEERPQPSYVYWGPGTQVTVSS
seq19714,VQLQESGGGLVQAGGSLRLSCAASGRTSGRTFSSYTMGWFRQAPGKEREFVATITWGGGSTYYADSVKGRFTISRDNANNTVYLQMNSLKPEDTAVYYCAASVKVVAGSGIDISGSRNYDYWGQGTQVTVSS
seq19715,AVQLVESGGGLVQPGGSLRLSCLASGRIFSIGAMGMYRQAPGKQRELVATITSGGSTNYADPVKGRFTISRDGPKNTVYLQMNSLKPEDTAVYYCYANLKQGSYGYRFNDYWGQGTQVTVSS
seq19716,QVQLQESGGGLVQPGGSLRLSCAASGFFLEYYDIGWFRQAPGEEREGVSCLSAYGHMPRYADAVKGRFTMSRDNNKNTVYLQMNSLKPDDTAIYYCARNCYTTTGHGGTVIRSSTSSTSWGQGTQVTVSS
seq19717,EVQLVESGGGLVQPGGSLRLSCAASGSIFSINSMGWFRQAPGKEREFVAALSWIIGSTYYADSVKGRFTISADNSKNTAYLQMNSLKPEDTAVYYCAVNGRWRSWSSQRDWGQGTLVTVSS
seq19718,EVQLVESGGGLVQPGRSLTLSCAASTNIFSNSPMGWYRQAPGKQRELVAAIHGGSTLYADSVKGRFTISRDNAKNSIYLQMNSLRPEDTALYYCNKVPWGDYHPRNVHWGQGTQVTVSS
seq19719,QVQLQESGGGLVQAGGSLRLSCAVSGTNFDDYAIGWFRQAPGKRREAVACISKTDGVTRYGNGVKGRFTISSDEARNTVFLQMNDLKDEDTAIYYCIGDFKSCGMGYKPIDHWGRGIQVTVSS
seq19720,EVQLVESGGGLVQAGGSLRLSCAVSGITLDDYAVGWFRQAPGKEREGVSTIRDNDGSTYYADSVKGRFTISSDNDKNTVYLQMNSLKPKDTAVYYCAAVPAGRLRFGEQWYPIYEYDAWGQGTLVTVSS
seq19721,DVQLVESGGGLVQPGGSLRLSCAASRSIGRLDRMGWYRHAPGEPRELVATITGGSSINYGDFVKGRFTISRDNSKNTVYLQMNSLRPEDTAVYYCNFNKYVTSRDTWGQGTLVTVSS
seq19722,QVQLQESGGGSVQAGGSLRLSCVASGDTYSSACMGWFRQAPGKEREGVATICTSTSMRTRYYADAVKARFTISQDNAKNTVYLQMNSLKPEDIAMYYCATGHTVGSSWRDPGAWRYWGQGTQVTVSS
seq19723,EVQLVESGGGLVQAGGSLRLVCSASGIDFSINAMAWYRQAPGKQREWVAFMINDSSTDYTDSVKGRFTISRDSTKNILYLQMNNLNVEDTAVYYCNTAYEQHTYWGQGTQVTVSS
seq19724,DVQLVESGGGLVQPGGSLRLSCAASRSIGRLDRMGWYRHRTGEPRELVATITGGSSINYADFVKGRFTISRDNSKNTVYLQMNSLRPEDTAVYYCNFNKYVTSRDTWGQGTLVTVSS
seq19725,EVQLVESGGGLVQAGGSLRLSCAASRSRSSFDDMGWYRQAPGKQREFVAGITLGGSTIYADSVKGRFTISMDSARNTGYLQMSSLKPEDTAVYYCNAVLDGYSGSSWGQGTQVTVSS
seq19726,EVQLVESGGGLVQPGGSLTLSCAASGSSVRFLSMAWYRQAPGKKRELVAGISAHGSTDYIDSVKGRFTISRDNAKNSVYLQMNSLRAEDTAVYYCYAYRWSTRYTYWGQGTLVTVSS
seq19727,QVQLQESGGGLVQPGGSLRLSCAASGFTLDYYAIGWFRQAPGKEREGVSCISSSDGSTAYADSVKGRFTISRDNAKNSVYLQMNSLKPEDTAVYYCAEAVYYAGVCVAMYDSWGQGTQVTVSS
seq19728,EVQLVESGGGLVQPGGSLRLSCAASGRTFGDYIMGWFRQAPGKEREFVAAINWSGGYTPYADSVKGRFTISADNSKNTAYLQMNSLKPEDTAVYYCATDPPLFWGQGTLVTVSS
seq19729,EVQLVESGGGLVQAGGSLRLSCTASGFKLDYYVIGWFRQAPGKEREGVSCTSSSGGSTYYADSVKGRFTISRDNAKNTVYLQMHSLKPEDTAVYYCAADSFACDYGKMIYDYWGQGTQVTVSS
seq19730,QVQLQESGGGMVQPGGSLRLSCAASGSREISTMGWHRQAPGKQRELAARITSGGITKYADSVKGRFTISRDNAKKTVYLQMNSLKSEDTAVYYCFAYDNINAYWGQGTQVTVSS
seq19731,EVQLVESGGGSVQAGESLRLSCAASGSIFSSNAMAWYRQALGKQRDLVALINSVGITKYADSVKGRFTISRDNAKNTVYLQMNSLKPEDTAVYYCTSDPRRGWDTRYWGQGTLVTVSS
seq19732,VQLVESGGGLVQAGGSLRLSCAASGRAFNYYVMAWFRQAQGKEREFVAAISTRGSMTKYSDSVQGRFTISRDNAKNTVYLHMNSLKPEDTAVYYCAADPRGSSWSFSSGGYDYWGQGTQVTVSS
seq19733,EVQLVESGGGLVQAGGSLRVSCAASGRTFSSYAMGWFRQAPGKEREFVAAISWSGGSTVYADSVKGRFTISRDNAKNTVYLQMNSLKPEDTAVYYCATDESRLYGGKRPKMLYDYWGQGTQVTVSS
seq19734,GSLRLSCAASGRTSSNNHMAWFRQGPRKEREFVAAISWSRDFTKYADSVEGRFIISRDNAKNTVYLQMNSLSPEDTAVYYCAAAPWGTNWRVKESEYDYWGQGTQVTVSS
seq19735,QVQLQQSGGGLVQAGGSLRLSCAASGSTFSITYMAWFRQAPGKQRELVAEISSRGSVFYADSVKGRFTISRDNAKKTVYLQMNSLETEDTAAYYCSVGARRDEDDYVYWGQGTLVTVSS
seq19736,EVQLVESGGGSVQAGGSLRLSCVASGSVYSMAWFRQAPGKQREGVATVYPGSRIQYYADSVKDRFTASQDRAKRTMYLQMNSLEVEDTGMYYCAVREEYAPGHWAQTSTYHNWGQGIQVTVSS
seq19737,EVQLVESGGGQVQPGGSLRLSCESSVSIWSFKVMGWFRQVPGKQRELVATITTGGSPDYSDSVKGRFTISRDYDKRTLYLQMNSLKSEDTARYYCAGRLWAHITSSGHDVWGQGTQVTV
seq19738,EVQLVESGGGLVQPGGSLRLSCAASGNIVSIDAAGWFRQAPGKQREPVATILTGGATNYADSVKGRFTISRDNAKNTVYLQMNSLKPEDTAVYYCYAPMIYYGGAYSDYWGQGTQVTVSS
seq19739,QVQLQESGPGLVKPSQTLSLTCTVSGGSITTTAYAWSWIRQPPGKGLEWMGAIRFDGTTDYSPSLKSRISISRDTSNNQFSLRMSSVTPEDTAVYYCARYGVVSDHGGLDYWGQGTQVTVSS
seq19740,QVQLQESGGGLVQAGGSLRLACAASGETVDDLAIGWFRQAPGKEREEISCISGSDGSTYYADSLSGRFTISRDNVKNTVYLQMNSLKLEDTAVYYCYAEIYDRRWYRNDYWGQGTQVTVSS
seq19741,QVQLQESGGGLVQAGKSLRLSCAASGSIASIHAMGWFRQAPGKEREFVAVITWSGGITYYADSVKGRFTISRDNAKNTVYLQMNSLKPEDTAIYYCAGDKHQSSWYDYWGQGTQVTVSS
seq19742,QVQLQESGGGLVQPGGSLKLSCAASGFAFSFLRMGWYRQAPGKQRELVAYITSGGSTNYIDSVKGRFTISRDNAKNTMYLQMNSLKPEDTARYYCNEYPQSNSWGQGTQVTVSS
seq19743,EVQLVESGGGLVQPGGSLRLSCATSGFTMDYYVIGWFRQAPGKEREGVSCMSSSGDSTTYAPSVKGRFTISRDNAKNMVYLQMTSLKPEDTAVYYCAADFALGCYSGSYYPRYDYWGQGTQVTVSS
seq19744,QVQLQESGGGLVQPGGSLRLSCAASGSIFSTYVMGWYRQAIGKQRELVATITSSGKTNYAASVKGRFTVSRDITKNTMYLQMNSLKPEDTAVYYCGADRWVLTRWSNYWGQGTQVTVSS
seq19745,QVQLVESGGSLRLSCAASRSLFSGNTMGWYRQAPGNEREVVARITPDGRRNYADSVKGRFTISRDNAKNTMYLEMNNLKVDDTATYYCNSVAAVLRRTASWGQGTQVTVSS
seq19746,QVQLQESGGGLVQAGDSLKLSCATSGRSFSSYTIAWFRQAPGKEREGISCISSDGSTGYADSVRGRFTISSDNAKNTVYLQMNSLKPEDTAVYYCAADFNVWSPPICGSIWYGPPPRGMDYWGKGTQVTVSS
seq19747,QVQLVESGGGSVQAGGSLNLACKASQSIDNGYCIAWFRQAPGEEREVVAVIEGGGGSSEYAGSMTGRVTISQDTTKTTVFLEMSSLRPDDTAIYYCAARRRVAICSPGVGWTAYGDWGQGIQVNVSS
seq19748,VQLQESGGGLVQAGDSLRLSCAASGRTFSRGVMGWFRRAPGKEREFVAIFSGSSWSGRSTYYSDSVKGRFTISRDNAKNTVYLQMNGLKPEDTAVYYCAAGYPEAYSAYGRESTYDYWGQGTQVTVS
seq19749,EVQLVESGGGLVQPGGSLRLSCAASGFTFDDYALGWFRQAPGKEREGVSCIRCSDGSTYYADSVKGRFTISSDNSKNTVYLQMNSLRPEDTAVYYCAASIVPRSKLEPYEYDAWGQGTLVTVSS
seq19750,DVQLVESGGGLVQPGGSLRLSCAASGFTFSNYWMYWVRQAPGKGLEWVSTISPRAAVTYYADSVKGRFTISRDNAKNTLYLQMNSLEPDDTALYYCARSLKYWHRPQSSDFASWRRGTQVTVSS
seq19751,EVQLVESGGGLVQAGGSLRLSCAASGRTINTYVMGWFRQAPGKEREFVARIDWSGSSTDYADSVKGRFTISRDNAKNTVYLQMNSLKPEDTAVYYCAGSAYYSGYVTHRDFGSWGQGTLVTVSS
seq19752,EVQLVESGGGLVQAGGSLRLSCVASGRTLSTVNMGWFRQAPGKERDIVARISGSSISTYYAESVRGRFTISRDNAKNTVYLQMNSLRPEDTAVYYCVADSPGGRSYEYWGQGTQVTVSS
seq19753,QVQLVESGGGLVQPGGSLRLSCAASGFLLRSNTMGWYRQAPGKERELVAFIRPSGLTNYNDAVQGRFTISRDNSKNTLYLQMNSLRAEDTAVYYCHTRPPFQRDSWGQGTLVTVSS
seq19754,EVQLVESGGGLVQPGGSLTLSCAASGSSVRFLSMAWYRQAPGKKRELVAGISANGSTDYIDSVKGRFTISRDNAKNSVYLQMNSLRAEDTAVYYCYAYRWTNRYTYWGQGTLVTVSS
seq19755,QVQLQESGGGLVQPGGSLRLSCAASGFTFSVYDMNWYRQTPGKEREWVAGISNNGFSTAYAGSVKGRFTISRDNAENTVYLQMNSLKSEDTAVYYCNLDVHGRVGAQGDYWGQGTQVTVK
seq19756,QVQLVESGGGSVQAGGSLRLSCVITEYSYSTYCMGWFRQAPGKDREGVASINSATGTTYYADSVKGRFTITQIKNTVYLQMTSLTPEDTAIYYCAADSASSVGFCSNPLEDMDYWGKGTLVTISS
seq19757,EVQLVESGGGLVQAGGSLRLSCAASRRISGIYAMGWYRQSPGKERELVAAITTSDHTNYADFVKGRFTISRDKVNNTVYLEMNTLKPEDTAVYYCKQSAWGRNDYWGQGTRVTVSS
seq19758,GSLRLSCAASGGTFSISAMGWFRQAPGKEREFIALISWNVGRPYYEDSVKGRFTISRDNAKNTMFLQIHSLKPEDTAVYYCAGRRAGYFGMPTREYEYEYWGQGTQVTVSS
seq19759,EVQLVESGGGLVQPGGSLTLSCAASGSSVRFLSMAWYRQAPGKKRELVAGISRDGSTVYIDSVKGRFTISRDNAKNSVYLQMNSLRAEDTAVYYCYAYRWTTRGTYWGQGTLVTVSS
seq19760,QVQLQESGGGLVQAGGSLRLSCSASGDAFSRYVMGWYRQAPGKQRELVATITSGGSTIYADSVKGRFTVSRDNAKNTVYLQMNSLKSEDTAVYYCHARRLWNTYWGQGTQVTVSS
seq19761,QVQLQESGGGLVQAGASLRLSCAASGLTFSGYGVAWFRQPPGKEREFVAAVSWSGGRTYYTDSVEGRFTISKDSAKNTVYLQMNSLKPEDTAVYYCARRDKYGRDYTNLDEYPYWGQGTQVTVST
seq19762,EVQLVESGGGSVQPGGSLTLSCGTSGRTFNVMGWFRQAPGKEREFVAAVRWSSTGIYYTQYADSVKSRFTISRDNAKNTVYLEMNSLKPEDTAVYYCAADTYNSNPARWDGYDFRGQGTQVTVSS
seq19763,EVQLVESGGGLVQPGGSLRLSCAASGIPSTLRAMGWFRQAPGKEREFVAAVSSLGPFTRYADSVKGRFTISADNSKNTAYLQMNSLKPEDTAVYYCAAKPGWVARDPSEYNWGQGTLVTVSS
seq19764,EVQLVESGGGVVQPGGSLRLSCAASGRTFRHYAMGWFRQAPGKEREFVAAISSYGSTDYGDSVKGRFTISRDDAKNTVPLQMNSLKPEDTALYYCAAADETLGAVPNFRLHEKYEYEYWGQGTLVKVSS
seq19765,QVQLQESGGGLVQAGGSLRLSCAASGRATSGYGMGWFRQVPGKEREFVAAIRWSGKETWYKDSVKGRFTISRDNAKTTVYLQMNNLTAEDTAVYYCAARPVRVDDISLPVGFDYWGQGTQVTVSS
seq19766,EVQLVESGGGLVQAGGSLRLSCAASGRTFNNYAMGWFRRAPGKEREFVAAITRSGVRSGVSAIYGDSVKDRFTISRDNAKNTLYLQMNSLRPEDTAVYTCAASAIGSGALRRFEYDYSGQGTQVTVSS
seq19767,DVQLVESGGGLVQPGDSLRLSCAASGRTFSSYAMGWFRQAPGKEREFVAAISWSDGSTYYADSVKGRFTISRDNAKNTVYLQMNSLRPEDTAVYYCAADLTSTNPGSYIYIWAYDYWGQGTLVTVSS
seq19768,EVQLVESGGGLVQPGGSLRLSCAASGRTFGDYIMGWFRQAPGKEREMVAAINWIAGYTADADSVRRLFTITADNNKNTAHLMMNLLKPENTAVYYCAEPSPNTGWHFDHWGQGTLVTVSS
seq19769,EVQLVESGGGLVQPGGSLRLSCLVSGRGVSLDAVGWSRVAPGKQRDFVARIDSRGSAYYADSVEGRFTISRDNAKNTVYLQVDTLKPEDTAVYYCFAYYGAQISFGPWGQGTQVTVSS
seq19770,EVQLVESGGGLVQPGGSLRLSCAASGLTFWTSGMGWFRQAPGKEREYVAAISRSGSLKGYADSVKGRFTISADNSKNTAYLQMNSLKPEDTAVYYCATVATALIWGQGTLVTVSS
seq19771,EVQLVESGGGLVQPGGSLTLSCAASGSSVKFLSMAWYRQAPGKKRELVAGISTDGSTDYIDSVKGRFTISRDNAKNSVYLQMNSLRAEDTAVYYCYAYKWTTRYTYWGQGTLVTVSS
seq19772,EVQLVESGGGAVQAGESLRLSCAASGRSFSNYEMGWFRQAPGTERAFVGTISRRGSSTYYADSVKGRFTISRDNAKNTVYLQMSSLKPEDTAVYYCAAGQLFPSSNSRDYDYWGQGTQVTVSS
seq19773,EVQLVECGGGLVQPGGSLRLSCAASGSIASINTMAWYRQAPGQQRELVAGITRGGSTNYADSVKGRFTISRDNAKNTLYLQMNSLKPEDTAVYYCTDYSRGYYQDYWGQGTQVTVSS
seq19774,EVQLVESGGGEVQPGGSLRLSCAASGRSFGDYTVGWFRQAPGKERDFVAGLSWLGGTIYYAESVKGRFTISRDNAKNTVYLQMTTLKPEDTAVYYCAASRSAISRKATDFGSWGQGTLVTVKP
seq19775,VQLQESGGGLVQAGGSLRLSCEVSGLSSDDYTIGWFRQAPGKKREGFSCFSSRDGSTGYADSVKGRFTISSDNAKNTVYLQMNSLKPEDTAVYYCAADFNVWSPPICGSRWYGPPPGGMDYWGKGTQVTVSS
seq19776,EVQLVESGGGLVPAGGSLRLSCAGSGRTFSRLAMGWFRQAPGKEREFVAAISWLGESTYYDDSVKGRFTISRDNAKNTVYLQMNSLKPEDTAVYYCASDRFATAQAMGAMGSLDYWGQGTQVTVSS
seq19777,QVQLQESGGGLVQAGGSLRLSCAASRNIYGINVIAWYRQAPGKQREMVARSANGGTTRYADSVKGRFTISRDNVKNIVYLQMSSLKPEDTAAYYCKAELYTLQHNYEYWGQGTQVTVSS
seq19778,QVQLVESGGGSVQAGGSLRLACAASASGYTESVKWMGWFRQAPGQEREGVAVISIPGGSTYYDDDVKGRFTISQDNAKNTVYLQMNSLKPEDTAMYYCAARNAGGRFRPSAAGGYNYWGQGTQVTVSS
seq19779,QVQLVESGGASAQAGESLRLSCTASGFDFADSDMGWYRQVPGNECELASSISSAGIPLYADSVKGRFTISRDNAKNAVYLQMNSLKVGDTGMYYCAADRIRLGFPRQTPACTDLRAFSDWGQGTQVTVSS
seq19780,EVQLQASGGGFVQPGGSLRLSCAASGRTSWSEIMGWFRQAPGKEREFVSAISRYTDDYSYYADSVKGRFTISRDNSKNTVYLQMNSLRAEDTATYYCATYHYQYGGDQTFYWGQGTQVTVSS
seq19781,QVQLQESGGGSVQTGGSLRLSCAASGRDFSTYSMGWFRQAPGKERESVATISWSGQRTRYADSVKGRFTISRDNAKNTVYLQMNSLKPEDTAVYYCAAPRTWGEFPPTQYDSWGQGTQVTVSS
seq19782,EVQLVESGGGLVQPGGSLRLSCAASGRAFSDYAMAWFRQAPGQEREFVAGIGWSGGDTLYADSVRGRFTISRDNSKNRLYLQMNSLRAEDTAVYYCAARQGQYIYSSMRSDSYDYWGQGTLVTVSS
seq19783,EVQLQQSGGAVVQPGGSLRLSCAASGSIFSISIMGWYRQAPGKERELVASTTSSGTTNYVDSVKGRFTASRDNAKNTVYLQMNSLKPDDTAIYHCHAYIATTTDRGYRGYWGQGTQVTV
seq19784,ESGGGSVQTGGSLRLSCIVSGYTYSRKTVGWFRQAPGKEREGVAAVYSAGGTSTTYYTDSVKGRFTISLDTTKNTIYLQMNSLRYEDTAMYYCATGFGGANYYDKARYKYWGQGTQVTVSS
seq19785,QVQLVESGGGLVQAGGSLRLSCAASGRTISSFRMGWFRRAPGEEREFVAFVRSNGTSTYYADSVEGRFTITRDNAKNTVYLRMDSLKPEDTAVYYCAAATRDYGGSFDYWGQGTQVTVSS
seq19786,AVQLVESGGGLVQTGGSLRLSCAASGRTFSSYTMGWFRQAPGKDREYVAAISRSGSLKGYADSVKGRFTISRDNAKNMAYLQMNSLKPEDTAVYYCAAAPVPWGTRPSLLTYDSWGQGTQVTVSS
seq19787,EVQLVESGGGLVQPGGSLRLSCAVSISIFDIYAMDWYRQAPGKQRDLVATSFRDGSTNYADSVKGRFTISRDNAKNTLYLQMNSLKPEDTAVYLCHVSLYRDPLGVAGGMGVYWGKGALVTVSS
seq19788,DVQLVESGGGSVQAGGSLRLSCAASGYSFNSYCMGWFRQAPGKEREGVAAISSGGISTNYADSVKGRFTISRDNGVNTMSLLMNNLKSEDTAIYYCARCRPGRSYNSPLSANVYDYWGQGTLVTVSS
seq19789,EVQLVESGGGLVQAGGSLRLSCAASGFTFDDYAIGWFRQAPGKEREGVSCISNSDGSTYYADSVKGRFTISSDNAKNTVYLQMNSLKPEDTAVYYCAASRRGGSRWYGLSGSCYYGMDYWGKGTLVTVSS
seq19790,EVQLVESGGALVQPGGSLRLSCAASGFTFDDYAMSWVRQAPGKGLEWVSAISWNAGTTYYAESIQGRFTISRDNAKNTLYLQMNSLKPEDTAVYYCVQDRLYGSNWSDLLDEYDYWGQGTQVTVSS
seq19791,QVQLQESGGGLVQPGGSLRLSCAASGRTFNSYAWGWFRQAPGKERGFVARISFSGGHTYYSDSVKGRFTISRDNAKNSVYLQMNSLKPEDTAVYYCAADPTPYGLRNERNYHYWGQGTLVTVSS
seq19792,EVQLVESGGGLVQAGGSLRLSCAASGRTFSSYAMAWFRQAPGKEREYVAAIRWSGGTAYYADSVQGRFTISRDNAKNTVYLQMNSLKPEDTAVYYCANRAPDTRLRPYLYDHWGQGTQVTVSS
seq19793,EVQLVESGGGLVQAGGSLRLSCAASGFTLDDYAIGWFRQAPGKEREGVSAIRDNDGSTYYADSVKGRFTISSDNDKNTVYLQMNSLKPEDTAVYYCAAVPAGRLRFGEQWYPLYEYDAWGQGTLVTVSS
seq19794,EVQLVESGGGSVQAGGSLRLSCETLESYNMHCMGWFRQTTGEEREGLASIYTGAGEVWYVDSVKGRFTISHDNAKKMLYLEMNNLQPEDTATYYCAADIAPCSGGYCVCSTRQKKYNIWGQGTQVTVSS
seq19795,EVQLVESGGGSVQAGGSLRLSCVASGPTICITDISWHRQAPGKEREFLSSIVASGSTRYAESVKGRFTVSRDSATNTVYLDMNSLTPDDSAMYTCQSTRVGGFCYDGTWGQGTQVTVSS
seq19796,QVQLQESGGGLAQAGNSLRISCVASGNTFDTRAMGWFRQAPGKEREFVAAISRSSFNTYYSDSVTGRFTISRDNAKNTVYLQMNSLKPEDTAVYYCVAGKYGMKWRDGADYWGQGTQVTVSS
seq19797,ESGGGSVQAGGSLRLSCVASGFIYTYSSYCMGWFRQAPGKEREGVATIDRDRSTTYADSVKGRFTISQDNAKNTLYLQMNSLKPEDTAMYYCAAVRSSGYCYIAQWYKYWGQGTQVTVSS
seq19798,QVHLMESGGGSVQAGGSLRLSCAASGVPASSYCMGWFRQAPGKEREGVAGIVSDTTTTYADSVKGRFTISKDNAKNTLYLQMNSLKPEDTATYYCAASHFLLCARKPRWDDLIKYEYWGQGTQVTVSS
seq19799,DVQLVESGGGLVQPGGSLRLSCAASGSTSSDWAMAWYRQAPGKRRELVAGISGGGATNYPDSVKGRFTISRDNSKNTVYLQMSSLRPEDTAVYYCNLWPPRASPGGGVYWGQGTLVTVSS
seq19800,QVQLQESGGGLVQAGGSLRLSCAASGRTFNSYAMGWFRQAPGKEREFVAAITRSGGSTFYEDLVKGRFTISRDNAKNTVYLQMNSLKPEDTAVYFCAAKAQDLRYNSRSYYYTDYDYWGQGTQVTVSS
seq19801,AVQLVESGGGSVQAGGSLRLSCAASGYTSSVYCMGWFRQAPGKEREGVAAINSGGGSTYIADSVKGRFTISHDNAKNTVYLQMNNLKPEDTAIYYCAAHPGRNLAIQYLNALPGGGGYWGQGTQVTVSS
seq19802,VQLQESGGGSVQAGQSLRLSCTASGYTDSRYCMGWFRQAPGKERERVTTIHTGTGITYYADSVKGRFSISQDNAQNTMYLQMNSLEPEDTAMYYCATTDYVYSASASWCNGYGVFNNWGQGTQVTVSS
seq19803,QVQLQESGGGLVQAGDSLRLSCAASGRSFSSYGMGWFRQAPGKEHEFVAGIWRSGVSLYYADSVKGRFTISRDDAKMTVSLQMNGLKPEDTAVYYCAAEATFPTWNRGSFADYDYRGQGTQVTVSS
seq19804,QVQLVESGGDLVQAGGSLRLSCAASGHTFDSYGMGWFRQRPGKGREFVAAITMIGGSTHYADSAKGRFTISRDNTKNTISLQMNSLKPEDTAVYYCHAFSRSRFEGYWGQGIQVTVSS
seq19805,QVQLQESGGGLVQPGGSLRLSCAASGFTFSRNYMSWVRQAPGKGLEWVGSIYSDDSTNYAPSVKGRFTISRDNAANTLYLQMNSLKSEDTAVYYCSKEGGLRGQGTQVTVSS
seq19806,QVQLQESGGGLVQAGGSLRLSCAASGDTFSTYAMGWFRQAPGKEREFVGRIVRGTESTYLIDSVKGRFAISRDNAQNTVYLQMTSLKPEDTAVYFCVARSFGAGQWDYWGQGTQVTVSS
seq19807,EVQLVESGGGLVQAGSSLRLSCAASGRTFSTFRDYVMGWFRQAPGKEREFVAVISRGGGRTDYDDSVKGRFTISRDNVNNMVYLQMNSLNSEDTGVYYCAADQDRSYGSIGMLPNEYDYWGQGTQVTVSS
seq19808,DVQLVESGGGLVQPGGSLRLSCEASGFAFGTRTMNWYRQAPGKGLEWISTINHSGGFTSYADSVQDRFTISRDNAKNTVHLQMNSLNTEDTATYYCNADARITLYSGFRDYWGQGTQVTVSS
seq19809,DVQLVESGGGLVQPGGSLRLSCAASGRTFRHYAMGWFRQAPGKEREFVAAISSYGSTDYGDSVKGRFTISRDDSKNTVPLQMNSLRPEDTAVYYCAAADETLGAVPNFRLHEKYEYEYWGQGTLVTVSS
seq19810,EVQLLESGGGLVQPGGSLRLSCAASGRTYAMGWFRQAPGKEREFVAAINALGTRTYYADSVKGRFTISRDNSKNTLYLQMNSLRAEDTAVYYCTAQGQWRAAPVAVAAEYEFWGQGTLVTVSS
seq19811,QVQLVESGGRLVQDGGSLRLSCAASGLTFSDYSMGWFRQVPGKEREFVAVIRRSNDSTYYADFVKGRFTISRDNAKNTVYLQMNSLQPEDTAVYSCAADRGGVGLTSAQTYAYWGQGTQVTVSS
seq19812,EVQLVESGGGLVQAGGSTRLTCKASGSISNINSINVMAWYRQAPGKGRELVAIIGKGGGTNYADFVKGRFTISRDAAKNTVNLQMNSLRPEDTAVYYCYADYEDHDSPHNASWGQGTQVTVSS
seq19813,VQLQESGGGLVQAGGSLRLSCEVSGLSSDDYTIGWFRQAPGKEREGFSCFSTRDGNAGYADSVKGRFTISSDNAKNTVYLQMNNLKPEDTAVYYCAADFNVWSPPICGSRWYGPPPGGMDYWGKGTQVTVSS
seq19814,EVQLVESGGGLVQAGGSLRLSCAANGLTFRRYDMGWYRQAPGQQREWVAAISGAGDINYADSVKGRFTMARDNANHTVHLQMNSLKPEDTAVYYCNANWKMLLGVENDYWGQGTQVTVSS
seq19815,IQLVESGGGSVQAGGSLRLSCVASGYIGGHYYMGWFRQAPGKEREGVAAIDIDSDGRTRYAGSVQGRFTISQDNAKNTLHLQMSSLKPEDTGMYYCAVGVGWVPARLTPQAVSYWGKGTLVTVSS
seq19816,QVQLQESGPGLVKPSQTLSLTCTVSGGSITSRYYAWSWIRQPPGKGLEWIGVIDYDGDTYYSPSLKSRVTISWDTSKNQFSLKLSSVTPEDTAVYYCARDPDVVTGFHYDYWGQGTQVTVSS
seq19817,NVKLVEKGGNFVENDDDLKLTCRASGRTFSSRTMGWFRQAPNDDSTNVATIRWNGGSTYYTNYGDSVKERFDIRVDQASNTVTLSMDDLQPEDSAEYNCAGTDIGDGWSGRYDYRGQGTDVTVSS
seq19818,VQLQESGGGLVQAGGSLRLSCAASGRTFSSDTMGWFRQAPGKEREFVGAIMWSGAFTHYADSVKGRFTISRDNAKNTVYLQMNALKPEDTAVYYCAVIPGRGSALPIDVGKSDEYEYWGQGTQVTVSS
seq19819,KVQLVESGGGLVQPGGSLRLSCAASGFTFSMYAMKWVRQAPGKGLEWVSGINSSGGRTNYAGSVKGRFTISRDNAKNTLYLQMNSLKPEDTAVYYCATDFLGGRNSRGQGTQVTVSS
seq19820,EVQLVESGGGLVQAGGSLRLSCAASGSIFSIYDMGWYRQAPGKQRVLVATITSGGSTNYADSVKGRFTISRDDAKNTVYLQMNSLKPEDTAVYYCNAIAHEEGVYRWDFWGQGTQVTVSS
seq19821,EVQLVESGGGLVQAGGSLSLSCAASGLIFRLSGMAWYRQAPGRQREWVAVLTKDGTLHYADPVKGRFTISRNNAENTWYLQMNSLKPEDTAIYYCNTGRYWGQGTQVTVSS
seq19822,SGGGMVQPGGSLRLSCAASGFTFSTYDMSWVRQAPGKGPEWVSIINAGGGSTYYAASVKGRFAISRDNAKNTLYLQMNNLKPEDTALYYCARVASYYCRGYVCSPPEFDYWGQGTQVTVSS
seq19823,EVQLVESGGGLVQPGGSLRLSCAASGFNLDDYADMGWFRQAPGKEREFVAAIGWGGGSTRYADSVKGRFTISADNSKNTAYLQMNSLKPEDTAVYYCAREILWFGEFGEPNVWGQGTLVTVSS
seq19824,EVQLVESGGGLVQAGGSLRLSCAASGFTFDDYAIGWFRQAPGKEREGVSCISSSDGRTYYADSVKGRFTISSDNAKNTVYLQMNSLKPEDTAVYYCAADRLAYGLDPNFYDYWGQGTQVTVSS
seq19825,EVQLVESGGGLVQPGGSLRLSCVASGFTLDYYAIGWFRQVAGKEREGVSCISSSSSDGSTIYADSVKGRFTISRDNVKNTVYLQMNSLKPEDTAVYYCATEVGNGFCSDFDPYEYDYWGQGTQVTVSS
seq19826,QVQLVQSGGGSVQAGGSLRLSCAASGYTYDSYCMGWFRQAPGKEREGVAVINNPGGTTYYADSVKGRFTISQDNTKNTVYLQMNSLKPEDTAIYYCAADPRFCGLNRRGFNYWGQGTQVTVSS
seq19827,EVKLQQSGGGLVQSGGSLRLSCIASGSTVSDNTMGWYRQAPGKQRELVAVISSVGVTNVAQSVKGRFTISRDNAKNTVTVYLQMSSLKPEDTAVYYCNALGTGRANWGQGTQVTVSS
seq19828,QVQLQESGGGLVQPGGSLRLSCAASGFPLVLYGMGWFRQAPGKKREAVSCSSVNDGGTYYAESVKGRFTLFRDNGANALYLQMNSLEPEDTAVYYCATTDCEATGWGTWTNYRGQGTQVTVSS
seq19829,VQLQESGGGLVQAGGSLRLSCAASGFSSDDYTIAWFRRAPGKEREGISCISSSDGSTGYADSVKGRFTITSDSAKNTVYLQMNSLKPEDTAVYYCAADSNVWSPPICGRTWYGPPPGGMDYWGKGTQVTVSS
seq19830,QVQLVESGGGLVQAGGSLRLSCAASERTYSRYAMAWFRQAPGKEREFVAAISWSGTAYRDSVKGRFTISGDNAKNTVYLQMNSLNVEDTAVYYCAYGYYSGAANYRDLASSTYRYWGQGTQVTVSS
seq19831,EVQLVESGGGSVQPGGSLRLSCAARGYDFSANNLYWLRQAPGKECEFVSSIDSDGTTDYADSVKGRFTISRDNAENKVYLQMNSLKPEDTAVYYCAADISAPPGIGGTCAFLGDYYGQGTQVTVSS
seq19832,EVQLVESGGGLVQPGGSCRLSCAASGFTFDDYGMSWVRQAPGKALEWVSAISWNGNNTYYTESMKGRFTISRDNAKNTLYLQMNSLRPEDTAVYYCVKGSTAIVGVPPTYPDEYDYWGQGTLVTVSS
seq19833,EVQLVESGGGLVQPGGSLTLSCAASADSVSFLSIAWYRQAPGKKRELVAGISDDGSKHYFDSVKGRFTISRDNAKNSVYLQMNSLRAEDTAVYYCYAYRWEESRQYWGQGTLVTVSS
seq19834,EVQLVESGGGLVQPGGSLRLSCAASQSTLESYAIGWFRQAPGKDSEGVACISSSTYYADSVKGRFSISRDNAKNTVYLQMESLKPEDTAVYHCATSGAGSYCTLRAFGSWGQGTQVTVSS
seq19835,EVQLVESGGGLVQAGGSLRLSCAASGRTINGYVMGWFRQAPGEEREFVARIDWSGSSTDYADSVKGRFTISRDNAKITVYLQMNSLKPEDTAVYYCAGSAYYSGYVTHRDFGSWGQGTLVTVSS
seq19836,EVQLVESGGGLVQAGGSLRLSCVVSGRAIDRNAMGWFRQAPGKERESVAAISASSGNTYYSDSVTGRFTISRDNTKNTVYLQMNSLKPEDTAVYYCAAGSRGSWYLFDRREYDYWGQGTQVTVSS
seq19837,EVQLVESGGGLVQAGGSLRLSCAASGFTFDDYTIGWFRQAPGKEREGVSCISSSDGSTYYADSVKGRFTISSDNVKNTVYLQMNSLKPEDTAVYYCAASLGFLTAQCMGVMSIGLSEYDYWGQGTQVTVSS
seq19838,VQLQESGGGLVQAGGSLRLSCAASGSIFVGNAMGWYRQALGNQRELVAGITSDGTTYYPDSVKGRFTISRDNDKNTIYLQMNSLKPEDTAVYYCNLWPPRIGFASWGQGTQVTVSS
seq19839,EVQLVESGGGLVQPGGSLTLSCAASGSSVSFLSMAWYRQAPGKKRELVAGISADGSTDYIDSVKGRFTISRDNAKNSVYLQMNSLRAEDTAVYYCYAYRWTTRYTYWGQGTLVTVSS
seq19840,QVQLVETGGGLVQAGASLRLSCAASGRTFSTDHMGWFRQAPQKEREFVAAINAWSGLSIYYADSVKGRFTISRDNDKKTAYLQMNSLKPEDTAVYYCAAKEMGRGWVPQSSDDYDAWGQGTQVTVSS
seq19841,QVQLQESGGGSVQTGGSLRLSCAASTSIYSNNYMAWFRQAPGKGREGVAAVYIGDGRPYYADSVKGRFTISLDSAKNTVYLHMNSLKPEDTAMYYCAAAPGPLSRHYWYTSANYDYWGPGTQVTVSS
seq19842,EVQLVESGGGLVQPGGSLRLSCAASGFTLDDYAIGWFRQAPGKEREGVSAIRSSGGSTYYADSVKGRFTISSDNSKNTVYLQMNSLRPEDTAVYYCAAVPAGRLRFGEQWYPLYEYDAWGQGTLVTVSS
seq19843,QVQLVESGGGLVQAGGSLRLSCVASASTLDIYTYAMAWFRQAPGKRREFVAAISRNGYSTYYADSVKGRFTISKLNAKNTLYLQMNSLEPEDTAAYYCAADRTTEVVDREDDYGYWGQGTQVTVSS
seq19844,LQESGGGLVQAGDSLRLSCAASGRTGNINTMTWFRQAPGKEREFVAGVTWGGGTTDYADSVKDRFTISRDGAKNTMYLQMNSLKFEDTAVYYCAADSKYYTVYRSRVTYEYWGQGTQVT
seq19845,EVQLVESGGGLVQAGGSLRLSCTASGRTFSTSAMAWFRQAPVKEREFVAAVIGSSGITDYADFVKGRFTIFIDNAKNTAYLQMNSLKPEDTAVYYCAAGFGSTSILRTQDDYDYWGQGTQVTVSS
seq19846,EVQLVESGGGLVQAGGSLRLSCAASGDTFSNYAMGWFRQAPGKEREFVAAINWSSRSTVYADSVKGRFTISRDNAKNTVYLQMNSLKPEDTAVYYCAAGASYVAGVRRRNAEYLYWGQGTQVTVSS
seq19847,EVQLVESGGGLVQPGGSLGLSCSASGLLFSRNSAGWYRQAPGKQREFVARIRMGGSINYADSVKGRFTTSRDNAKNTIYLQMNSLKPEDTAVYYCSSWREGFYEYWGQGTLVTVSS
seq19848,DVQLVESGGGVVQPGGSLRLSCAASGLTFSSYAMGWFRQAPGKEREFVVSISRGGGYTYYADSVKGRFTISRDNSKNTVYLQMNSLRPEDTALYYCAAARYWATGSEYEFDYWGQGTLVTVSS
seq19849,VKLEESGGGLVQPGGSLRLSCAASGLVFSANKMGWYRQAPGKQRELVARISTDGRTNYADSVKGRFTISRDNAEKTVFLQMNSLNPDDTAVYYCNANWLDKYDYWGQGTQVTVSS
seq19850,EVQLQASGGVFVQSGGSLRLSCAASGATSTFDGMGWFRQAPGKEREFVSAISYEQGSYTYYADSVKGRFTISRDNSKNMVYLQMNSLRAEDTATYYCAPAYEGDLYAFDSYGEQGTQVTVSS
seq19851,LQESGGGLVQPGGSLRLSCAASGNISSVSFMAWYRQTPGTQRELVAQIPSGGYPVYTDSVKGRFTISRDNAKNTLYLQMNGLKPEDTAVYYCYAAARTWFYNYNYWGQGTQVT
seq19852,QVKLEESGGGLVQAGDSLRLSCAASGRTVNAFRMGWYRQAPGKQRERVAVITAGGTTSYIDSVKGRFTISRDNAKNTVYLQMNSLKPEDTAVYYCAAIDYDSRGQGTQVTVSS
seq19853,EVQLVESGGGLVQAGGSLRLSCESSISTFSSDAMGWFRQAPGKGREFLAAIGWSGAVTHYSDSVQGRFTISRDNAKNTVYLQMNSLRSEDTGRYYCAEDYDTDVWQYWGQGTQVTVSS
seq19854,MAESGGGSVQTGGSLRLSCAYTASSVCMAWFRQAPGKEREGVAVTRDGLPKTGYADSVKGRFAISQDYAKKTLYLQMSSLKPEDTARYYCAARPTSPCTVDGELLASTYNYWGQGTQVTV
seq19855,EVQLVESGGGLVQTGGSLRLSCAASGFTLDDYAIAWFRQAPGKEREGVSILSSIGKTFYADSVKDRFSITADGAKTTVFLQMNSLKPEDTAIYYCVAGHFVYNDGAISLNTARGSGFWGQGTQVTVSS
seq19856,VKLEESGGGLVQAGGSLRLSCTDSGRTFSKKPMGWFRQAPGMEREFVAAASYTGVSTFYADSVKDRFTIFRDKDKNTMDLQINSLKPEDTGAYYCAGTTRTLWGSKWRDVLEYEYWGQGTQVTVSS
seq19857,QVSLVESGGGLVQAGGSLRLSCAASGRTFRRSAMGWFRRPPGKEREFVAAITSSGGSIYDPDIAKDRFTISRDNSKTSVYLQMNNLKPEDTAVYYCSLKTTYSGGPYDYTKGPEYDYWGQGTQVTVSS
seq19858,EVQLVESGGGLVQPGGSLRLSCIASGLPFSTKSMGWFRQAPGKGREFVSRISPGGTSRYYGDFVKGRFAISRDNAKNTTWLQMNSLKAEDTAVYYCASGERSTYIGSNYYRTNEYDYWGTGTLVTVSS
seq19859,VQLVETGGGLVQAGGSLRLSCAASGRTFSSYSMGWFRQAPGKEREYVAAVNSNGDSTFYADSIKGRFTVSRDAAKNTVYLQMNSLKPEDTALYYCAAVYGRYTYQSPKSYEYWGQGTQVTVSS
seq19860,QVQLVDSGGGLVQPGGSLRLSCAASGSSGRIDAMGWSRVAPGKQRDFVARLGSNGFTQYDISVEGRFTISGDVAKNTIYLQMDTLKPEDTAVYYCFAWLGQDTVWGQGTQVTVSS
seq19861,EVQLVESGGGLVQAGGSLRLSCAASGRTISRYTMGWFRQAPGKEREFVAAISWSGDNTNYADSVKGRFTISRPNTKNTMYLQMNSLKPEDTAVYYCAADYRSGSYYQASEWTRPSGYDYWGQGTLVTVSS
seq19862,EVQLVESGGGLVQPGGSLRLSCAASGRTLSVYAMGWFRQAPGKEREFVAAVRWSGGITWYVDSVKGRFTISADNSKNTAYLQMNSLKPEDTAVYYCAAFDGYSGSDWGQGTLVTVSS
seq19863,QVQLQESGGGLVQAGGSLRLSCAASGTISYENFMGWYRQAPGKERELVAGINDGTNTYYADSVKGRFTISRDNAKNTVYLQMNSLKPEDTAVYYCAVIGTSVLGHAYWGQGTQVTVSS
seq19864,EVQLVESGGGLVQAGGSLTLSCTASGRTFDNYAMGWFRQAPGKEREFVAAISWSLSRTHYADSVKGRFTISRDNAKNTVLLQMSSLKPEDMAVYYCAAAPRPKWISVSYFSTSSNYDYWGQGTQVTVSS
seq19865,EVQLVESGGGLVQPGGSLTLSCVASGSPSSINAMGWYRRAPGKQRELSAGISSDGSKVYADSVKGRFTISRDNAKNSVYLQMNSLRAEDTAVYYCYYFRTVRGSSMSYWGQGTLVTVSS
seq19866,EVQLVESGGGLVQPGRSLTLSCAASTNISSISPMGWYRQAPGKQRELVAAIHGHSTLYADSVKGRFTISRDNAKNSIYLQMNSLRPEDTALYYCNKVPWGRYHPRNVYWGQGTQVTVSS
seq19867,QVQLQESGGGLVQPGGSLGFSCAASGSIFSINAMGWYRQAPGKQRELVATITSSGSTNYADSVKGRFAISRDNAKNTVYLQMNSLKPEDTAVYYCNAFINLGAYWGRGTQVSVSS
seq19868,EVQLVESGGGLVQAGGSLRLSCAASGRTFSTYAMGWFRQAPGKEREFVAAISKGGGITYYSDSVRGRFTISKENAKNTVYLQMNSLKPEDTAVYYCAADPVSSVAKSPVAYPYWGQGTQVTVSS
seq19869,EVQLVESGGGLVRAGGSLRLSCAASGSRFRFEIMGWYRQAPGSARDLVALITNSGSANYADSVKGRFTISRDNAKNTFYLQMNSLKPEDTGVYYCNAHTYTDNLWGQGTQVTVSS
seq19870,QVQLVESGGGSVQAGGSLRLSCAASGYYNRYCLGWFRQTPGKEREAVATIDTDGSTSYADSVKGRFTISFDNAKNTLYLQMNSLKPEDTAMYYCAAGPNPRYCSGAVNTRGAEHYFGYWAQGTQVTVSS
seq19871,EVQLVESGGGLVQPGRSLTLSCAASTNIFSISPMGWYRQAPGKQRELVAAIHGFSTLYADSVKGRFTISRDNAKNSIYLQMNSLRPEDTALYYCNKVPWGDYHPRNVYWGQGTQVTVSS
seq19872,EVQLVESGGGLVQAGGSLRLSCAASGRTFSSYVVGWFRQAPGKEREFIGAISGSGGSIYYAVSEKDRFTISRDNGKNTLYLQMSSLKAEDTAVYYCTADQEFGYLRFGRSEYWGQGTQVTVSS
seq19873,QVQLQESGGGLVQAGGSLRLSCAASGVTFSSYAMGWFRQAPGKEREFVASITWTGTGTYYADSVKGRFTISRDHAGTTVYLQMNSLKPEDTAVYYCAVDRRSSTYYLMKGEYDYRGRGTQVTVSS
seq19874,QVKLEESGGGLVQAGDSLRVSCAASGRDFSDYVMGWFRQAPGKGLEFVAAISRNGLTTRYADSVKGRFTISRDNDKNMLYLQMNSLRAEDTAVYYCAVNSAGTYVSPRSREYDYWGQGTLVTVSS
seq19875,QVQLQESGGGLVQAGGSLRLSCAASGFTFNNYIMGWFRQAPGKERESLASIGGSGTYTDYADSVKGRFTVSRDNAKNTVYLQMNSLKPEDTAIYYCAAGGRDTYGYRLPTTRVEYWGKGTLVTVSS
seq19876,VQLQESGGGSVQAGGSLRLSCTVSGFSFDDSDMGWYRRAPGNECELVSGISRDGSTYYADSVKGRFTISQDNAKNWVYLQMNSLKPEDTAVYYCAAATYSDYVCDYWTQGTQVTVSS
seq19877,QVQLVESGGGLVQAGGSLRLSCAASGRTFSMFIMGWFRQAPGKERELVAAISRNSNLTYYFQSVKGRFTISRDNAKNTVYLQMNSLKLEDTAVYYCNADYGPPVSIGPWGQGTQVTVSS
seq19878,ASGGGLVQAGGSLRLSCAASGLIFSSYAMGWFRQAPGKEREFVAAINRGGKIRHYADSVKGRFTISRDDAKNTLYLQMNSLQPEDTAVYFCAADDIGGGWMYERSWAQ
seq19879,EVQLVESGGGLVQPGGSLRLSCAASGRTFSDDTMGWFRQAPGKEREWVASINWSGGSTYYADSVKGRFTISADNSKNTAYLQMNSLKPEDTAVYYCATDPPLFWGQGTLVTVSS
seq19880,QVQLVESGGGLVQAGDSLRLSCAASGRTFSSYAMGWFRQAPGKEREFVAGISWSGGNTYYSDSVKGRFTISRDNTKNTVYLQMNSLKPEDTAVYSCNAGTYYKNYWGQGTQVTVSS
seq19881,AVQLVESGGGSVQSGQSLRLSCTVFRYTNDNYCVAWFRQAPGKEQEAVAGLTVGGGKTWYADSVKGRFTISQDHARSAKYLQMDSLKPEDTAMYYCAAGSTWETCTDYWGQGTQVTVSS
seq19882,QLQLVESGGGLVQPGGSLRLSCEASGFTLDYYGIGWFRQPPGKEREAVSYISASARTILYADSVKGRFTISRDNAKNAVYLQMNSLKPEDTAVYYCARRRFSASSVNRWLADDYDVWGRGTQVAVSS
seq19883,LQESGGGLVQAGDSLSISCATSGLIFSNYVTGWFRQAPGKDREFVASISRSGVSTDYTDSVKGRFTISRDNAKNTVYLQMNSLKPEDTAVYICAAGGGGTYYQQNYKYDYWGQGTQVT
seq19884,QVQLQESGGGLVQAGGSLRLSCAASGTISGDLFMGWYRQAPGKEREFVAAIGAGGNTNYADSVKGRFTISRDNAKNTVYLQMNSLKPEDTAVYYCAVHHGQTGRFNQVYFRLYNYWGQGTQVTVSS
seq19885,QVQLQESGGGLVQPGGSLRLSCAASGGTFSWYAMGWFRQAPGKEREFVATVSRGGGSTYYADSVKGRFTISRDNAKNTVYLQMNSLKPEDTAAYYCAAGRGSPSDTGRPDEYDYWGQGTQVTVSS
seq19886,DVQLQESGGGLVQPGGSLRLSCVISGMDFSHKPAGWFRQAPGKEREFVASITTRASTHYADSVKGRFTISRDNAKNTVYLEMNSLKPEDTAVYSCNSEYYWGQGTQVTVSS
seq19887,QVHLVESGGGSVQTGGSLRLSCTASGLSFSTYTVAWFRQAPGKEREGVAAIPYTSQHMVYTDSVKGRFTISRDNTKNMVYLQMNSLKPEDTAMYYCATDRRPGTSMLAINGYNRWGQGTQVTVSS
seq19888,EVQLVESGGGLVQPGGSLRLSCITSGETFKINIWGWYRQAPGKQRELVASLTIGGATNYADSVKGRFTISEDSAKNTVYLQMNSLKPEDTAVYFCNAKSRIYPYDYWGRGTQVTVSS
seq19889,VQLQESGGGLVQAGGSLRLSCAASGFAFDGYAIGWFRQAPGKEREGVSCISSKEGSTYYADSVKGRFTISSDNAKNTVYLQMSSLKPEDTAVYYCAADGNVWSPPICGSAGPPPGGMDYWGKGTQVTVSS
seq19890,EVQLVESGGGLVQPGGSLRLSCAASGTIFSISTMGWYRQAPGKQREVVAVTSGFSTNYSSAVKGRFTLSRDPAKNTVFLQMNSLQPEDTATYYCNAYLSLAWRDPDRDYWGQGTLVTVSS
seq19891,EVQLVESGGGLVQPGGSLRLSCAASGFTFSSYSMGWFRQAPGKEREFVAAISSYSHTAYADSVKGRFTIIADNSKNTAYLQMNSLKPEDTAVYYCALQPFGASSYRWGQGTLVTVSS
seq19892,EVQLVESGGGLVQPGGSLRLSCAASGEVYKINFLGWYRQAPGKEREKVAHITIADVADYADFAKGRFTISRDGAKNMVYLQMNSLKPEDTAVYFCRAGSRIWPYDYWGQGTLVTVSS
seq19893,QVQLVESGGGLVQAGGSLRLSCAASGRTFSTSAMAWFRQAPGKEREFAAGITWISSSTYYTDSVKGRFTISRDNAKNTVYLQMNSLKPEDTAVYYCAAKSEGYFGFPRVENEYPYWGQGTQVTV
seq19894,EVQLVESGGGLVQPGGSLRLSCVASGSIFSINVMGWYRQAPGKQRELVAAITRGDSIDYTDSVKGRFTFSRDNAKNTVYLQMSSLKPEDTAVYYCNARLFDRIGRKYDYWGQGTQVTVSS
seq19895,DVQLQESGGGLVQAGDSLRLSCAASGPHFNNYAIGWFRQAPGKEREFVAGISWSSGSLLYSDSVKGRFTISRDNDKNTAYLQMNSLKPEDTALYYCAAQYQERYYSDFSLKEKGMEYWGKGTLVTVSS
seq19896,EVQLVESGGGLVQAGGSLRLSCAASGFTFADYDYDIGWFRQAPGKEREGVSCISNRDGSTYYTDSVKGRFTISSDNAKNTVSLQMNSLKPEDTAVYYCAVEIHCDDYGVENFDFDPWGQGTLVTVSS
seq19897,QVQLVESGGGSVQPGGSLRLSCAVSGFAFSTYTMMWIRQAPGKGLEWVSAISPDGRSPSYADSVKGRFTVSRDNAKNTAVLQLNSLKTEDTAMYYCAPVVGTPVAYWGQGTQVTVSS
seq19898,EVQLVESGGGLVQPGGSLRLSCAASGRTFSSYAMAWYRQAPGKEREYVAAIRWSGGTAYYADSVKGRFTISRDNAKNTVYLQMNSLRPEDTAVYYCANRAPDTRLAPYEYDHWGQGTLVTVSS
seq19899,EVQLVESGGGLVQAGGSLRLSCGASGGTFSSYATGWFRQAPGKEREFVAVLRWSDGHTAYADSVKGRFTISRDGAKNTMYLQMSSLKPEDTAIYYCTTATRPGEWDYWGQGTQVTVSS
seq19900,EVQLVESGGGLVQPGGSLTLSCAASDPSVWNLSMAWYRQAPGKKRELVAGISPDGSTDYVDSVKGRFTISRDNAKNSVYLQMNSLRAEDTAVYYCYAYKWSNRLPYWGQGTLVTVSS
seq19901,EVQLVESGGGLVQPGGSLRLSCAASGFTFSDYWMYWVRQAPGKGLEWVSEINTNGLITKYPDSVKGRFTISRDNAKNTLYLQMNSLKPEDTAVYYCARSPSGFNRGQGTQVTVSS
seq19902,QVQLQESGGGLVQAGGSLRLSCADSGSTFGLGAMGWYRQSPGKQRELVASITSGGRTNYADSVKGRFTISRVSAKRTVYLQMNSLKPEDTAVYVCNARFGIRDFWGQGTQVTVSS
seq19903,EVQLVESGGGLVQAGGSLRLSCAASGSISSINVMGWYRQAPGKQRDLVATITRALNTAYATSVKGRFTISRDNFTNTVYLQMNSLEPEDTAVYYCNAGGYYTNLRTGGNYWGQGTQVTVSS
seq19904,EVQLVESGGGLVQAGGSLRLSCAASGSIASIHAMGWFRQAPGKEREFVAVITWSGGITYYADSVKGRFTISRDNAKNTVYLQMNSLKPEDTAIYYCAGDKHQSSWYDYWGQGTLVTVSS
seq19905,DVQLQASGGGLVQAGGSLRLSCAASGRTNSWYSMGWFRQAPGKEREFVAAISWNGDAIYYTDSVKGRFTISRDNTKNTVYLQMNSLKPEDTAVYICAAHAAAFTEAAHIPGYEYWGQGTQVTVSS
seq19906,DVQLQASGGGLVQAGGSLRLSCVASGLTFSLYRMGWFRQGPGKAREFVATITSGGDFTHYADSAKGRFTIFRDNAKNTVYLQMNSLNAEDTAIYSCAAGFTTTSGYNYWGQGTQVTVSS
seq19907,AVQLVESGGGSVQAGGSLRLTCAASGRTSRSYGMGWFRQAPGKEREFVSGISWRGDSTGYADSVKGRFTISRDNAKNTVDLQMNSLKPEDTAIYYCAAAAGSTWYGTLYEYDYWGQGTQVTVSS
seq19908,DVQLQESGGGSVQEGGSLRLSCAASEYTAITYCMAWFRQAPGKEREGVAAINRGGGSTYYADSVKGRFTISQDNAKNTVYLLMNSLKPEDTGMYYCAYKQTGDCGIFQFFGNYGQGTQVTVSS
seq19909,QVQLVESGGGLVQAGGSLRLSCAASGRSFSLYGMGWFRQAPEKEREFVAAISGSGLATSYVDSVKGRFTISRDNAKNTVYLQMNSLKPEDTAVYYCAQRWTSGTIARATGEYGYWGQGTQVTVSS
seq19910,LQESGGGLVQAGGSLRLSCAASGRTFSSYAMGWFRQAPGSEREFVARISWSGGSTYYADSVKGRFTISRDNAKNTVYLQMNSLKPEDTAVYYCTAGFALPPSDYWGQGTQVT
seq19911,EVQLVESGGGLVQPGGSLRLSCAASGFTMSSSWMGWFRQAPGKEREFVGGISSGGSTYYADSVKGRFTISADNSKNTAYLQMNSLKPEDTAVYYCAADVWYGSTWRNWGQGTLVTVSS
seq19912,EVQLVESGGGLVQPGDSLTLSCAASMSTVSVLSMAWYRQAPGKKRELVAGISSDGSTVYIDSVKGRFTISRDNAKNSVYLQMNSLRAEDTAIYYCYAYSWDDAHPYWGQGTLVTVSS
seq19913,QVQLQESGGGLVQAGGSLRLSCAASGRTGSTYDMGWFRQAPGKERESVAAINWDGARTYYASSVRGRFTISRDNAKKTVYLQMNSLKPEDTAVYTCGAGEGGTWDSWGQGTQVTVSS
seq19914,QVQLQESGGGSVQTGGSLTLSCTTSGSIFGRSDMGWYRQAPGKQRELVATITRRSRTNYAEFVKGRFTISRDSAKNLVTLQMNSLKPEDTNVYYCNARWGAGGIFSTWGQGTQVTVSS
seq19915,QVQLVESGGGLVQPGGSLRLSCAASGFPLNSYAIGWFRQAPGKEREGVSCISVSDDSTYYTDSVKGRFTISRDNAKNTVYLQMNSLKPEDTAVYYCAVDSAPLYGDYVCKPLENEYDFWGQGTQVTVSG
seq19916,EVQLVESGGGLVQAGGSLRLSCAASGRTFSNYAMGWFRQASGKEREFVAAISWTGGSTVYADSVKGRFTISRDNAKNLLYLQMNSLKPEDTAVYYCAAGNGGRTYGHSRARYEYWGQGTQVTVSS
seq19917,EVQLVESGGGLVQAGDSLTLSCVASGRTFNNYGMGWFRQAPGKEREFVASINWGNGKTYYANSVKDRFAISKDHAKNTVYLQMNSLKPEDTALYYCAAVSSNTETFDTWGQGIQVTVSS
seq19918,AVQLVESGGGLVQPGGSLRLSCAASGFTFSNYGMIWVRQAPGKGLERVSGISDGGRSTSYADSVKGRFTISRDNAKSTLYLRMNSLKPEDTAVYYCARAYGRGTYDYWGQGTQVTVSS
seq19919,VQLQESGGGSVQAGETLRLSCTASGDTFDDSGVGWFRQVSGNECDLVSSINRDGNTYYTPSVAGRFTISQNNAKNTVYLQMNSLKPDDTAVYYCATDPAVGIVVRTTCRGPFGYWGQGTQVTVSS
seq19920,QVQLQQSGGGLVQAGGSLRLSCAASGSTFSITYMAWFRQAPEKQRELVAEMSRRGSTFYADSVKGRFTISRDNTKNTVYLQMNSLEPEDTAVYYCSVGARRDEDDYVYWGQGTQVTVSS
seq19921,EVQLVESGGGLVQPGGSLRLSCSASGRTFSFSTSTMGWFRQAPGKELEFVAAIDWSDFNTYYADSVKGRFTISRHNPRNTVYLQMNSLRPEDTAVYYCAAHSETRGGTRYFDRPSLYNYWGQGTQVTVSS
seq19922,EVQLVESGGGLVQAGGSLNLSCVASGIPFSTRTMAWYRQPPGNERDWVATIRSGAPVYADSVKGRFTVSRDNAKNTLYLQMNSLEPEDTATYYCWDVNGDIWGQGTPVTVSS
seq19923,EVQLVESGGGLVQPGGSLRLSCAASVGTISDYGMGWFRQAPGQEREFVASISWGGMWTDYADSVKGRFTISRDNSKNTLYLQMNSLRAEDTAVYYCGRGRMYRGIGNSLAQPKSYGYWGQGTLVTVSS
seq19924,DVQLVESGGGSVEAGGSLRLSCVASFSPYCMGWFRQAPGGSQEGIAAVNRRGISTFDSDHLKGRFTITQDNAENTVYLIMNSLIPEDTAIYYCAADNRVLYCGEGMLGPTEYNYRGQGTQVTVSS
seq19925,QVQLVESGGGLVQPGGSLKLSCVASGFTDKPTYWSWYRQPPGKDRELVARMHTGGLGTAYPDSVAGRFTISTVNDKNTVYLQMNSLKPEDTAVYYCNAEISGGPDYWGQGTQVTVSS
seq19926,EVQLVESGGGLVQAGGFLRLSCVLRGSIFNQYAMAWFRQAPGKEREFVAGMGAVPHYGEFVKGRFTISRDNAKSTVYLQMNSLKPEDTAIYFCARSKSTYISYNSNQYDFWGQGTQVTVSS
seq19927,QVQLVDSGGGLVKAGASLRLSCAASGDALFNYAMGWFRQGPGKERDFVASVTRSGDNTYYKDSAKGRFTISRDDAKNTVYLQMNSLKPEDTAVYFCAADKSSFRLRGPGVYDYRGQGTQVTVSS
seq19928,EVQLVESGGGLVQPGGSLRLSCAASGFTFSGNWMGWFRQAPGKEREFVASISSSGISTYYADSVKGRFTISADNSKNTAYLQMNSLKPEDTAVYYCAADVWYGSTWRNWGQGTLVTVSS
seq19929,EVQLVESGGGLVQAGGSLRLSCAASGRTSASYSMGWFRQAPGKEREFVAAISWSGDETSYADSVKGRFTIARGNAKNTVYLQMNSLKSEDTAIYYCAGDRWWRPAGLQWDYWGQGTQVTVSS
seq19930,LQESGGGLVQPGGSLTLSCSASGLSFSNYAMGWFRQGPGKEREFVAAISRSGGGIYYADSVLGRSTISRDNAKHTVYLQMNSLKPDDTAVYYCAGGNIYPSSNYDLNNSRMYGYWGQGTQVTVSS
seq19931,EVQLVKSGGGLVQAGGSLRLSCAASGRTFSNYAMGWFRQAPGKEREFVGAINWSGGSTIYADSVKGRFTISRDNAENTVYLQMNSLKPEDSAVYYCAAGNGGRNYGHSRARYEYWGQGIQVTVSS
seq19932,EVQLQASGGGLAQAGGSLRLSCAASGGTFTDYAMGWFRQAPGKEREFVAAINWGGYSTYYSDAVKGRFTISRDNDKNMSYLQMNNLKPEDTAVYFCAADPQLITTPEYNYWGQGTQVTVSS
seq19933,EVQLVESGGGLVQAGASLRLSCAASGLAFSRYAMGWFRQAPGKERESVAAISSSGDNIYYADSVKGQFTMSRDNAKSSVYLQMINLKPEDTAVYYCAATSPLFVASDYFEASRYGYWGQGTQVTVSS
seq19934,QLQLVESGGGLVQPGGSLRLSCAASGFSFSHYAMSWVRQAPGKGLEWVSGDNTYDGGTRYQDSVKGRFTISRDNGKNTLYLQMNSLKPEDTAVYYCAKDTGRGIMGEYGMDYWGKGTLVTVSS
seq19935,QVQLQESGGGLVQPGGSLRLSCAASGPGFKLDYYAIAWFRQAPGKEREGVSCIGGSGSGLTTYVENSVKDRFTISRDNAQNTVYLHMNSLKPEDTGIYYCAADTYYYCSKRVWRNDYGSWGQGTQVTVSS
seq19936,EVQLVESGGGLVQAGGSLRLSCAASGNTFSGGFMGWFRQAPGKEREWVASVLRGGYTWYADSVKGRFTISADNAKNTVYLQMNSLKPEDTAVYYCATGWQSTTKSQGWGQGTQVTVSS
seq19937,EVQLVESGGGLVQAGGSLSLSCTASGGTFRSYGMGWFRQAQGKEREFVAAISRTGGHTYYSDSVKGRFTISKNNAKNIMSLQMNSLKPEDTAVYYCAARFRFGDGTYYYQRAFYDFWGQGTQVTVSS
seq19938,QVQLVESGGGLVQAGGSLRLSCVASGNTSGINLMAWYRQAPGKQRELVANKARGGLPKYADFAKGRFTISRDNAKNTVYLQMNMLKPEDTAVYYCNALWDWRLGEYWGQGTQVTVSS
seq19939,EVQLVESGGGLVQAGGSLRLSCAASGRTFSSYAMAWYRQAPGKEREYVAAIRWSGGTAYYADSVQGRFTISRDNAKNTVYLQMNSLKPEDTAVYYCANRAPDTRLRPYLYDYWGQGTQVTVSS
seq19940,VQLVESGGGSVQAGGSLKLSCAVSGDTVQTNCMAWFRQAPGKEREAVASILSLYSSGGKTVYADSVKGRFTISPDNAQNTVSLQMNNLKPEDTAMYYCATVRVTVTWAEKLRRCTGFSGMDYWGKGTLVTVSS
seq19941,QVQLVESGGGLVQAGGSLRLSCAASEGTLSGYILGWFRQAPGKEREFVGAVSWSGGTIVYADSVKGRFEISRDNARNTVYLQMDSLKSEDTAVYYCAARPYQRFNWASASYNVWGRGTQVTVSS
seq19942,EVQLVESGGGLVQAGGSLTLSCAVSGSSFRINTMGWYRRAPGKQRELVAARDRGGYINYVDSVKGRFTVSRDNAKPTMYLQMNSLKPEDTAVYYCHAGTQDRTGRNFDHWGQGTQVTVSS
seq19943,QVQLVESGGGLVQPGGSLRLSCTTSGLDFGIHWMYWFRQAPGKELEWVAEINTNALITKYADSVKGRFTISRDNAKNTLFLQMNDLKSEDTAVYYCSNTQNGAAKGQGVQVTVSS
seq19944,EVQLVESGGGLVQAGGSLRLSCAASGSTFSINAMGWYRQAPGKQRELVAAISSGGRTKYADSVKGRFSISRDNAKNTVYLEMNNLTPEDTAVYYCNAKFPFIIRNYWGQGTQVTISS
seq19945,EVQLVESGGGEVQPGGSLRLSCAASGRMFSNYAMGWFRQAPGKEREFVAAINYRRDAADYAESVKGRFTISRDNAKNTVYLQMNSLRAEDTAVYYCGFTYAGWASSRRDDYNYWGQGTLVTVKP
seq19946,EVQLVESGGGLVQPGGSLRLSCAASGIPFSTRTMGWFRQAPGKEREFVAAISWSQYNTKYADSVKGRFTISADNSKNTAYLQMNSLKPEDTAVYYCAARHWGMFSRSENDYNWGQGTLVTVSS
seq19947,VQLVESGGGLVQPGGSLRLACEAPGSGNSINAMGWYRQTPGKRRELVATITRGGSTNYGPSVKGRFTITRDNVKNTVHLQMNSLKPDDTAVYYCNAERLDGSGYGYEYDYWGQGTQVTVSS
seq19948,QVQLQESGGGLVQPGGSLRLSCAASGGIFSINAMGWYRQDPGKQREMVATITSGANTNYTDSVKGRFTISRDNAKNTVYLQMNSLKPEDTAVYYCNAVGRRWYGGYVELWGQGTQVTVSS
seq19949,EVQLVESGGGLVQPGGSLRLSCAASGFTLDDYAIGWFRQAPGKEREGVSFISSSGGSTYYADSVKGRFTISRDNAKNTVYLQMNSLKPEDTAVYYCAADRRAGDLVRYEYDYRGQGTQVTVSS
seq19950,QVQLQESGGGLVQAGGSLRLSCAAAGISGSVFSRTPMGWYRQAPGKQRELVAGILSSGATAYAESVKGRFTISRDNAKNTVYLQMNSLSPEDTAEYYCNTYPTWVLSWGQGTQVTVSS
seq19951,VQLQESGGGSVQAGETLRLSCTASGFTFDDSDMGWYRQAPGNECELVSTISSDGSTYYADSVKGRFTISQDNAKNAVYLQMNSLKPEDTAVYYCAAHPLHYELGTCAALDYWGRGTQVTVSS
seq19952,SGGGLVQPGGSLSVSCAASGSIARPGAMAWYRQAPGKERELVASITPGGLTNYADSVTGRFTISRDNAKRTVYLQMNSLQPEDTAVYYCHARIIPLGLGSEYRDHWGQGTQVTVSS
seq19953,QVQLQESGGGLVQPGGSLRLSCEASPRTFSTYSMAWFRQAPGKERSFVAAINWSGGNTSYADSVKGRFTISRDNSKNTLYLQMNSLRAEDTAVYYCAAGGVLAHHNYEYDYWGQGTLVTVSS
seq19954,EVQLVESGGGLVQPGGSLRLSCAASGSIFSIATMAWYRQAPGKGLELVAGITRSGSTNYRDSVKGRFTISRDNSKNTMYLQMNSLRAEDTAVYYCTDYSSRYYHDYWGQGTLVTVSS
seq19955,QVQLQESGGGLVQAGGSLRLSCAASGSNISTNVMAWYRRAPGNQRDMVASISTSGTTNYLASVKGRFTISRDNAKNTVSLQMNSLKPEDTAVYTCYAAWPLNTWGQGTLVTVSS
seq19956,LQESGGGLVQAGGSLRLSCAASGGTFSIYTMGWFRQAPGKEREFVAAITRSGISTDYGDSVKGRFTISGDNAKNTVFLQMNSLKPEDTAMYYCAADKTTYWNIPRDEYDFWGQGTQVT
seq19957,EVQLVESGGGLVQAGGSLRLSCAASGRTFSSYVVGWFRQAPGKEREFIGAISGSGDTIYYAVSEKDRFTISRDNGKNTLYLQMSSLKAEDTAVYYCTADQEFGYLRFGRSEYWGQGTQVTVSS
seq19958,QVQLVESGGGSVQSGGSLRLSCAASGYAYSGSCMMAWFRQAPGKEREGVAVSVRRTGSAFYADSVKARFTISRDNAKNTLYLQMNNLKVEDTAMYYCAADFTCRTWTLNKNYNHWGQGTQVTVSS
seq19959,EVQLVESGGGLVQPGGSLTLSCAASGSRVSFLSMAWYRQAPGKKRELVAGISKDGSTDYIDSVKGRFTISRDNAKNSVYLQMNSLRAEDTAVYYCYAYRWTTRVTYWGQGTLVTVSS
seq19960,EVQLVESGGGLVQPGGSLRLSCAASGRTFGDYIMGWFRQAPGKEREFVAAINWSGGYTHYADSVKGRFTISADNSKNTAYLQMNSLKPEDTAVYYCATDPPLFWGQGTLVTVSS
seq19961,QLVESGGGLVQPGGSLRLSCAASGFTFDDYAMSWVRQAPGKGLEWVSAISWNGKTTLYAESMKGRFTISRDNAKNTLYLQMNNLKPEDTAVYSCADRGSGLFVSWGQGTQVTVSS
seq19962,EVQLVESGGGLVQAGGSLRLSCVVSGGTFSVYAMAWFRQAPGKLREIVAAISRTGSSIYYTDSVKGRFTISRDDAKKTVYLQMNSLKSEDTAVYYCAVDGRANGERPAVAGYNYWGQGTQVTVSS
seq19963,ESGEMLFTVKKDSLRLSCAASGRTFTTYIMAWFRQAPGKEREFLAAMDQGRIQYYGDSVRGRFTISRDYAKNSVDLQLDGLRPEDTAVYYCAAGAGFWGLRTASSYHYWGQGTQVTVSS
seq19964,EVQLVESGGGLVQPGGSLTLSCAASGSRVSFLSMAWYRQAPGKKRELVAGISADGSTSYIDSVKGRFTISRDNAKNSVYLQMNSLRAEDTAVYYCYAYRWRTRYTYWGQGTLVTVSS
seq19965,VQLQQSGGGLVQPGGSLRLSCAASGFTLDYYAIGWFRQAPGKEREGVLCISSSGGSTNYADSVKGRFTISRDNAKNTVYLQMNSLKPEDTAVYYCAADDLRCGSNWSSYFRGSWGQGTQVTVSS
seq19966,QVQLVESGGGSVQAGGSLTLSCAVSGNTYSTNVMGWFRQAPGKEREGVAAILAGGRNTYYADSVKGRFTISQDNAKNTVYLQMNSLKPEDTAMYYCAADTRAAFWNIGPLNSDQYNIWGQGTQVTVSS
seq19967,EVQLVESGGGQVQAGDSLRLSCKASRRTISTYGMGWFRQAPGDKRDLVSSISASGASTYYVDSVKGRFTISRDNIKNTVYLQMNSLKPEDAAVYYCAAAPNGRFITMSTHVDYWGQGTQVTVSS
seq19968,VKLEESGGGLVQAGGSLRLSCAASSSIFSINMSWYRQAPGNERELVATITRHDSTHYSDSVKGRFAISRDDDKNTIYLQMNSLKPEDTAVYYCSGFFLDGSTWRPYWGQGTQVTVSS
seq19969,QVQLQESGGGLVQAGGSLRLSCAASGRTLSSYAMGWFRQAPGKERELVSAISWSGLSTYYEDSVKGRFTISRDNAKNTMYLQMNSLKPEDTAIYYCAADIGWPLRADSGSWGQGTQVTVSS
seq19970,QVQLQESGGGLVQAGGSLRLSCAASGNIFDADIMGWYRQAPGKERELVASITDGGSTNYADSVKGRFTISRDNAKNTVYLQMNSLKPEDTAVYYCAAIAYPDIPTYFDYDSDYFHWGQGTQVTVSS
seq19971,GLVQPGGSLRLSCAASGFTFDDYAMSWVRQAPGKGLEWVSAISWNGGNTYYAGSMKGRFTISRDNAENTLYLQMNSLKSEDTAVYYCAKEVVGGYYYGMDYWGRGTL
seq19972,QVQLQESGGGLVQAGDSLRLSCAASGLYVSANDMGWFRQAPGKEREFVAAISWRGSSTSYADSVKGRFTISRDNARNTVYLQMNSLKPEDTAVYSCATGHTHGATMTAPGRFGSWGQGTQVTVSS
seq19973,DVQLVESGGGLVQPGGSLRLSCAASGRTFSSYAMGWFRQAPGKEREFVAAISWSEGSTYYADSVKGRFTISRDNAKNTVYLQMNSLRPEDTAVYYCAADLTSTNPGSYIYIWAYDYWGQGTLVTVSS
seq19974,EVQLVESGGGLVQAGGSLRLSCESSISTFSSDAMGWFRQAPGKEREFLAAIGWSGAVTHYSDSVQGRFTISRDNAKNTVYLQMNSLKSEDTGRYYCAEDYDTDVWQYWGQGTLVTVSS
seq19975,QVQLQESGGGLVQPGGSLRFSCAASGFTFSSYYMSWVRQAPGKGLEWVSAINTGGGTTYYANSVKGRFTISRDNAKNTLYLQMNSLNSEDTALYYCATSTKRTSFNEYDYWGQGTQVTVSS
seq19976,EVQLVESGGGLVQPGGSLRLSCAASGFTLDTYNIGWFRQAPGKEREWVSCISSSDGSTNYADSVKGRFTISRDNAKNTVYLQMNNLKPEDTAVYYCAAPFAYYSDLCGVNGVDYWGQGTQVTVSS
seq19977,EVQLVESGGGLVQPGGSLRLSCAASGFTLDYYNIGWFRQAPGKEREWVSCISSGDGSTYYADSVKGRFTISRDNAKNTVYLQMNSLKPEDTAVYYCAAPFEYYSAYCGVNRYDYWGQGTQVTVSS
seq19978,EVQLQESGGGLVQPGGSLRLSCAASGFTFSSYWMYWLRQAPGKGLEWVSSIGSSSSSTYYRDSVKGRFTISRDNAKNTLYLQMNSLKSEDTAVYYCAKDPGGYAKGQGTQVTVSS
seq19979,QVQLQQSGGGLVQAGGSLRLSCVASTVTFSRYAMGWFRQAPGKEREVVAGISGSGHRTYYGDFVKGRFTISRDNAKKTVYLQMNNLKPEDTAVYYCAGDLVAKFDSAYRVSYDSWGQGTQVTVSS
seq19980,VQLQESGGGLVQAGGSLRLSCAASGRTFSTYAVGWFRQAPGKEREFVGYFGTRGGRTYYADSVKGRFTIAIDNAKNTVYLQMNSLKLDDTAVYYCAVRMPYSGDYRSSGTYDYWGQGTQVTVSS
seq19981,DVQLVESGGGVVQPGGSLRLSCAASGSTISSYVMGWFRRAPGKEREFVAAISRSGGYTYYADSVKGRFTISRDNSKKTAYLQMNSLRPEDTALYYCAAGRYSAWYSQSYEYDYWGQGTLVTVSS
seq19982,VQLVETGGGSVQAGGSLRLSCVASQTIYTIMAWYRQAPGKERELVASVLRDGRTNHAASVKGRFTISRDNAKNTIYLQMNSLKPEDTAIYYCNVGGFTSSWGQGTRVTVSS
seq19983,EVQLVESGGGLVQPGGSLRLSCAASGGRTFSDLAMGWFRQAPGKEREFVALITRSGGTTFYADSVKGRFTISADNSKNTAYLQMNSLKPEDTAVYYCAIGRGSWGQGTLVTVSS
seq19984,QVQLQESGGGSVQAGGSLRLSCAASGRTFSDYAMGWFRQAPGKEREFVATISKSGSSTDYADSAKGRFTISRDNAKKTVYLQINSLKTEDTAVYYCAARLSFDNTAFYTSAIRYSDWGQGTQVTVSS
seq19985,EVQLVESGGGLVQAGGSLRLSCAASGRTFSSYAMGWFRLAPGKEREFVAAISWSGGSTVYADSVKGRFTISRDNAKNTVYLQMNSLKPEDTAVYYCAAGNGGRTYGHSRARYDYWGQGTQVTVSS
seq19986,QVQLQESGGGLVQAGGSLRLSCAASGRTFRSGLMGWFRQAPGKEREAVALLTWSGTYTYYADSVKGRFTISRDNAKDAVYLQMNSLKPEDTGVYYCAASPRLGPITPTTFDNWRQGTQVNVSS
seq19987,QVQLVESGGGLVQPGGSLRLSCAASGNTSGINVMAWYRQASGKQRELVANKARGGLPKYADFAKGRFTISRDNAKNTVSLQMNSLKPEDTAVYYCNAVWDWQLGDYWGQGTQVTVSS
seq19988,EVQLVESGGGLVQPGGSLRLSCAASGFTFSYNPMGWFRQAPGKGRELVAAISRTGGSTYYPDSVEGRFTISRDNAKNSVYLQMNSLRAEDTAVYYCAAAGVRAEDGRVRTLPSEYTFWGQGTLVTVSS
seq19989,RLSCAASGSIFSINAMGWYRQAPGKQRELVAAITSGGSTNYADSVKGRFTISRDNAKNTVYLQMNSLKPEDTAVYYCNARTPITVVRGVHYWGQGTLVTVSS
seq19990,EVQLVESGGGLVQPGGSLRLSCVVSGIIFSDNAMGWYRQYPGKQREWVAGISRGGTTGYTDSVKGRFTISRDNAKNTVYLQMNSLKPEDTAVYYCAIPTENQPDHWGQGTQVTVSS
seq19991,QVQLVESGGGVVQAGGSLRLSCAASGSTFSIRAMRWYRQAPGTERDLVAVIYGSSTYYADAVKGRFTISRDNSKNTLYLQMNSLRAEDTAVYYCNADTIGTARDYWGQGTLVTVSS
seq19992,QVQLQESGGGLVQPGGSLRLSCEASGFTFSRFGMTWVRQAPGKGVEWVSGISSLGDSTLYADSVKGRFTSRDNAKNTLYLQMNSLKPEDTAVYYCTIGGSLNPGGQGTQVTVSS
seq19993,QVQLVQSGGGLVQPGGSLRLSCAASGSVFSIDSMSWFRQAPGNERELVALITGGRTTTYADSVKGRFTISRASAPNTVHLQMNSLKPEDTAVYYCNAVVSTGWGRNADDYWGQGTQVTVS
seq19994,EVQLVESGGGLVQAGGSLRLSCAASGNIFKINVMGWYRQAPGKGREWVAAIISGGSTNYADSVKGRFTISRDNAKNTVYLQMNSLKPEDTAVYYCNAILTYNDYDLGSDYWGQGTLVTVSS
seq19995,QVQLVASGGGSVQAGGSLRLSCAASGYTFSSYPMGWYRQAPGKECELSARIFSDGSANYADSVKGRFTISRDNAANTAYLQMDSLKPEDTAVYYCAAGPGSGKLVVAGRTCYGPNYWGQGTQVTVSS
seq19996,QVQLQESGGGLVQPGESLRLSCAVSGSTSSANAMAWYRQAPGKRRELVAGISGGGATNYPDSVKGRFTISRDNAKNTVYLQMSSLKPEDTAVYYCNLWPPRASPGGGVYWGQGTQVTVSS
seq19997,VKLEESGGGLVQAGGSLRLSCAASGFTFDDYAIGWFRQAPGKEREGVSCISSSDGSTYYADSVKGRFTISRDNAKNTVYLQINSLKPEDTAVYYCATPWVTYCPENLLFSYWGQGTQVTVSS
seq19998,EVQLVESGGGLVQPGGSLRLSCAASGDVHKINILGWYRQAPAKGREMVAHITIGDATDYADSAKGRFTISRDEAKNMVYLQMNSLKPEDTAVYFCRAYSRIYPYNYWGQGTQVTVSS
seq19999,QVQLQESGGGLVQAGGSLRLSCAASGRTFSSYVMGWFRQAPGKEREFVAAIGWSGGSTAYADSVKGRFTISRDNARNTVYLQMNSLKPEDTAVYYCASAPTRWVPRDSRFYDRWGQGTQVTVSS
seq20000,LQLVESGGGLVQPGGSLRLSCAASGSIFSINVMGWYRQAPGKQRELVARINGGGITHYAESVKGRFTISRDNAKNTVYLQMNSLKPEDTAAYYCKADVFGSSGYVETYWGQGTQVTVSS
seq20001,EVQLVEPGGGLVQAGGSLRLSCTASGRAFSSTVVGWFRQAPGKEREFVTGINWSGARTYYADSVKGRFTISRDNAKNTAYLQMNSLKPEDTAVYYCASGRDQYARALPEYEYVWWGQGTQVTVSS
seq20002,VQLVETGGGLVQPGGSLRLSCAASGFSLDPYVIGWFRQAPGKEREGVSCITSRAASRTSVDSVNERFTISRDNAKNTVDLHINNLKPEDSGVYYCAAVPPAKLPLFSLCRSLPAKYDYWGQGTQVTVSS
seq20003,DVQLQESGGGSVQAGGSLRLSCAASGYTYSTYCMGWFRQAPGKEREGVATIDSDGSTSYADSVKGRFTISRDNAKNTLNLQMSSLKPEDTAMYYCAARFGPMGCVDLSTLSFGHWGQGTQVTVSI
seq20004,EVQLVESGGGLVQAGGSLRLSCAVSERTFSFYKMGWFRQAPGKEREAVAVITSADEFRYSANFAKGRFRISRDNNKSTLYLQMNSLTPEDTAVYYCAGARSWGSGWQTAFDYWGQGTQVTVSS
seq20005,DVQLVESGGGSVQAGGSLRLSCTVSGNTYDAYCVAWFRQGPGKEREGVARAHSNGGGTYLADSVKGRFTLSQDHAKSTAYLQMNSLKPEDTAMYTCAFISSWCRDGNCICPSDGYQYWGQGTQVTVSS
seq20006,VQLQESGGGLVQTGGSLRLSCAASGNTFDTRAMGWFRQAPGKEREFVAAISRSSFNTYYSDSVTGRFTISRDNAKNTVYLQMNSLKPEDTAVYYCAAGKYGMKWRDGADYWGQGTQVTVSS
seq20007,QVQLQESGGGLVQAGGSLRLSCAASGSIAYIYTMDWYRQAPGKQRELVATSTHDGNTDYADSVKGRFTISRDNVKNTVYLQMNSLKPEDTAVYYCNADLRTAVDLIRANYWGQGTQVTVSS
seq20008,QVQLQESGGGLVQTGGSLRLSCAASQSTYNFDVMGWYRLAPGKQREFLTSITNGGNIYYADSVKGRFTIARDDSKTTMYLEMNSLKPEDTAVYTCYGQTHKPRVTTSWGQGTQVTVSS
seq20009,EVQLLESGGGLVQPGGSLRLSCVHSGPTFRTDTMGWFRQAPGKGREFVAAVTWNSGRINYADSVKGRFTISRDNSKNTLYLQMNSLRPEDTAVYYCAAHRFVVGGNRVEDWRYWGQGTLVTVSS
seq20010,QLQASGGGFVQPGGSLRLSCAASGSTSYSYNMGWFRQAPGKEREFVSAISRDGDWKNYYADSVKGRFTISRDNSKNTVYLQMNSLRAEDTATYYCAFEEHWMTPLYWGQGT
seq20011,QVQLVQSGGGPVQAGGSLRLSCAASRYTSCNSDMSWCRQRPGKEREFVSGIDSDGSTSYADSVKGRFTISRDNAKNTVYLQMNSLKPEDTAMYYCKRVVLCGHSDYETYWGQGTQVTVSS
seq20012,VQLQEFGGGVVQSGGSLRLSCVASGNIFRINAMGWYRQAPGKQRELVARISSGGSTNYADSVKGRFTISRDNVKNTVTLQMNSLKPEDTAVYYCNARRPLRWYEYWGQGTLVTVSS
seq20013,EVQLVESGGGLVQPGGSLRLSCAASGRTFSEPSGYTYTIGWFRQAPGKGREFVARIYWSSGLTYYADSVKGRFTISRDIAKNTVDLQMNSLRPEDTAVYYCAARDGIPTSRSVGSYNYWGQGTQVTVSS
seq20014,QVQLQESGGGLVQAGGSLRLSCAVSGNTLSRYAMGWFRQTPGNEREFVAAIRWNNAATYYAESVEGRFTISRDSGKNTVYLQMNNLKPEDTAVYYCAGRFLGYASSNAYHEALYNYDYWGQGTQVTVSS
seq20015,QVQLQQSGGGLVQPGGSLRLSCVASGRIFRIDVMGWYRHIPGKERELVASITSSGTANYADFVKGRFTISIDNAKNTVYLHMNSLKPEDTAVYYCNAKGPYARGSGPWGQGTQVTVSS
seq20016,EVQLVESGGRLVQAGGSLRLPCAASGRTFTSYPMGWFRQAPGKEREFVAAISMSGDDAAYADFVRGRFTISRDDARNTVYLHMTSLKPEDTAVYYCAARTSYDGTYDYIDDYSYWGQGTQVTVSS
seq20017,VQLQESGGGLVQAGGSLRLSCAASGRTFSSYVMGWFRQAPGKEREFVAQISWSAGSIYYADSVKGRFTISNDNAKRTVYLQMNSLKPEDTAVYYCAERGYAYCSDDGCQRTQDYDYWGQGTQVTVSS
seq20018,QVQLVESGGGLVQAGGSLRLSCAASGRTFSNYAMAWFRQAPGKEREFVASISGSGDSRYYADSVKGRFTISRDNAKNTVYLQTNSPKPEDTAVYYCAAVLPTRYSGFYYYSDGTQYHYWGQGTQVTVSS
seq20019,QVQLQQSGGGLVQAGGSLRLSCVASASALRMGWYRQAPGEQRELVATLDNAGKTNYAASVKGRFTISRDSAKNTVYLQMNSLKPEDTAVYYCQAHRWTFDGWQDYWGQGTQVTVSS
seq20020,QVELQESGPSLVKPSQTLSLTCTVSGFSLSSNAVGWVRQAPGKAPEWVGGIDIDGRPVYKPGLKSRLSITRDTSNAQVSLSLSSVTTEDTAVYFCASYYGGYLYNYAPGAYIEHLSPGLLITVSS
seq20021,QVQLQESGGGLVQPRGSLRLSCTASGFTFDDSDSDMGWYRQAPGNECELVSSISSDGSTYYADSVKGRFTISQDNAKNTVYLQMNSLKPEDTAVYYCAAINSGYELGTCESLDYWGRGTQVTVSS
seq20022,QVQLQESGGGLVQPGGSLRLSCAASGNIFSLYSMAWYRQAPGKQRELVADITSGGATNYADSVKGRFTISRVNAKNTVYLHMNNLKPEDTAVYYCNADASSDYGLSFFDSWGQGTQVTVSS
seq20023,EVQLVESGGGLVQAGGSLRLSCVASGSIFSVNAVAWYRQAPGKQRELVAYIRRSGSTNYADSVKGRFTISRDNAKNTLYLQMNSLKPDDTAVYYCNAGRTGDRFNLVAYWGQGTQVTVSS
seq20024,EVQLVESGGGLVQAGGSLRLSCAASGRTFSNYTIAYFRQAPGREREFAAAISPHGTLRSFADSVKDRFTISRDNAKNTVWLQMNSLKLEDTAVYYCAADPSGWGLRQHSENEYPYWGLGTQVTVSS
seq20025,EVQLVESGGGLVQPGGSLRLSCAVSGSVHLLNFLGWYRQAPGKEREMVTHITIADATDYSHFAKGRFTISRDEAKNMVYLQMNSLRPEDTAVYFCRAGSRIYPYDYWGQGTQVTVSS
seq20026,EVQLVESGGGLVQPGRSLTLSCAASTNIFSTSPMGWYRQAPGKQRELVAAIHGFSTIYADSVKGRFTISRDNAKNSIYLQMNSLRPEDTALYYCNKVPWGDYHPLNVYWGQGTQVTVSS
seq20027,QVQLQESGGGLVQPGGSLRVSCAASGFTFSRDTMAWYRQVPGEQRELVAYITNFGGTNHADSVKGRFTISRDNAKNTVYLQMNSLKPEDTAVYYCAAGLVSLRTHTWEYWGQGTQVTVSS
seq20028,QVQLQQSGGGEVQPGGSLRLSCAASGSIFSSNGMYWYRQAPGKQRELVASLYRSGSTNYADSVKGRFIISRDNAKNTVYLQMNSLKPEDTAVYYCNVNWALHDSWGQGTQVTVSS
seq20029,QVQLQESGGGLVQAGGSLRLSCAASGSIFAINEINLMGWYRQAPGKQRELVAACASDGNTYYADSVKGRFTISRDNAEKTVYLQMNNLKPDDTAVYYCDANSRGNYYSGQGTLVTVSS
seq20030,EVQLVESGGGVVQPGGSLRLSCAASGGTFSFYGMGWFRQAPGKEREFVADIRTSAGRTYYADSVKGRFTISRDNSKNTVYLQMNSLRPEDTALYYCAAEMSGISGWDYWGQGTLVTVSS
seq20031,EVQLVESGGGLVQAGGSLRLSCAASGRTFSRDVMGWFRQAPGKVREEVGSIKWSDANTYYADSVKGRFTISRDNAKNTMYLQMNSLKPEDTGVYYCAAAIIGGTYNDWGQGTQVTVSS
seq20032,EVQLVESGGGLVQAGGSLRLVCSASGIDFSINVMGWYRQAPGKQREWVAFIGSGSSTGYTDSVKGRFSISRDSTKNILYLQMNNLNVEDTAVYYCNTAYEQHTYWGQGTQVTVSS
seq20033,EVQLVESGGGLVQAGGSLRLSCELRGSIFSQYAMGWFRQAPGKEREFVAGMGAVAHYGEFVKGRFTISRDDAKNTINLQMNSLKPEDTAIYFCARSKSTYISYNSNQYDFWGQGTQVTVSS
seq20034,QVQLQESGGGLVQAGGSLRLSCAASGRTSSAYAMGWFRQAPGKEREFVAGISSKGGSTYYGASMKGRFTISRDNAKNTVYLQMNGLAPEDTAVYYCAASDKYNFDTSHAGYGYWGQGTQV
seq20035,QVQLQESGGGLVQAGGSLRLSCVASGSIFSVDIMYWYRQAPGKQRERVASMFSDGTTTYVDSVKGRFTISRGDSTDNAKRITYLQMNSLQPEDTAVYYCAAWAGSFYWGQGTQVTVSS
seq20036,AVQLVESGGGLVQPGGSLRLSCAASGSWFEVSAMGWYRQASGKRRELVAVITKDYSTDYLDSVQGRFTISRDNAKNTVYLQMNSLKPDDTARYYCRARREYGHGEYGNGYWGQGIQVTVSS
seq20037,QVKLEESGGGLVQAGDSLRVSCAASGRDFSDYVMGWFRQAPGKEREFVAAISRNGLTTRYADSVKGRFTISRDNDKNMVYLQMNSLKPEDTAVYYCAVNSAGTYVSPRSREYDYWGQGTQVTVSS
seq20038,QVQLQESGGGSVQAGESLRLSCRTSGFSFDDVDMGWYRQAPGNECELVSTISSDGSTYYADSVKGRFTISQDNAKNTVYLQMNSLKPEDTAMYYCAAARYSDYEGMCGYWSQGTQVTVSS
seq20039,EVQLVESGGGLVQAGGSLGLSCAASGHTFSSYAMGWFRQAPGKEREFVAAINWSSRSTVYADSVKGRFTISRDNAKNTVYLQMNSLKPEDTAIYYCAAGSAYVAGVRRRNAQYDYWGQGTQVTVSS
seq20040,GGSVEAGGSLRLSCTASGYVSSMAWFRQVPGQEREGVAFVQTADNSALYGDSVKGRFTISHDNAKNTLYLQMRNLQPDDTGVYYCAAQKKDRTRWAEPREWNNWGQGTQVTASS
seq20041,EVQLVESGGGLVQAGGSLRLSCVASRRIFPRFSMGWFRQAPGKEREFVAAISWNGGSTIYGDSVKGRFTISRDIAENAVYLRMNSLKPEDTAVYYCAARRWRYGGNYFGNDYHYWGQGIQVTVSS
seq20042,EVQLVESGGGVVQPGGSLRLSCAASGGTFSFYGMGWFRQAPGKEREFVADIRTSAGRTYYADSVKGRFTISRDMSKNTVYLQMNSLRPEDTALYYCAAEPSGISGWDYWGQGTLVTVSS
seq20043,EVQLVESGGGLVQPGGSLRLSCAASGFTFRNYAIGWFRQVPGKEREGVSCINSGGGRIDYADSVKGRFAISRDNAKSTVYLQMNSLKPEDTAVYYCAIDYTSSCPIYSGTDYWGKGTLVTVSS
seq20044,QVQLVETGGGLVQAGGSLRLSCAASGNISSINAMAWYRQAPGQQRELVAGITSGGRTQYTDSVKGRFTISRDNAKNTVYLQMESLKPEDTAVYYCNAKSPPSTWATGGGMNYWGKGTLVTVSS
seq20045,LQLVESGGGLVQPGGSLRLSCTASKFHLDSYAVAWFRQTPGKEREAVSFINTSDDVTYFADSVKGRFTISRDNSKNTVYLQMNVLKPEDTSVYVCAAVRSPGPTGPSMQPMWSVPDLYDYWGQGTQVTVSS
seq20046,QVQLVESGGGLVQAGGSLRLSCLASGGTFSSYAMGWFRQAPGKEREFVAAISWKSSTYYTDSVKGRFTISRDNAKNTVYLQMNSLTPEDTAVYYCAADPTGSYDQPWYDYWGQGTQVTVSS
seq20047,QVQLQESGGGSVQAGGSLRLSCVSSGYAYNRYYMAWFSQAPGKGREGVAAVYIGDGRPYYADSVKGRFTISLDSAKNTVYLQMNSLKPEDTAMYYCAAAPGPLSRNYWYTSANYDYWGQGTQVTVSS
seq20048,EVQLVESGGGLVQAGGSLRLSCAASGRTFSSKAMGWFRQAPGKEREWVSSVYIFGGSTYYADSVKGRFTISADNAKNTVYLQMNSLKPEDTAVYYCANSNKPKFDWGQGTQVTVSS
seq20049,GGGSVQAGGSLTLSCVYTNDTGTMGWFRQAPGKECERVAHITPDGMTFIDEPVKGRFTISRDNAQKTLSLRMNSLRPEDTAVYYCAADWKYWTCGAQTGGYFGQWGQGAQVTVSS
seq20050,MAESGGGSVQTGGSLRLSCAYTASSLCMAWFRQAPGKEREGVAVTREGLPQTGYADSVKGRFAISQDYAKKTLYLQMSSLKPEDTARYYCAARPTSPCTVDGELLASTYNYWGQGTQVTV
seq20051,EVQLVESGGGLVQAGGSLRLSCAASGRISSIIHMAWYRQAPGKQRELVAEISRVGTTVYADSVKGRFTISRDDAKNTVTLQMNSLKPEDTAVYYCNALQYEKHGGADYWGQGTQVTVSS
seq20052,QVQLQESGGGSVQAGGSLRLSCVASGYSVSKNSMGWFRQAPGKEREGVAGINYGGTATYYANSVKGRFTISQDNAKNTVYLQMNTLKPEDTAIYYCAAGSPDPPPLIEGVVKYWGQGTQVTVSS
seq20053,EVQLVESGGGLVQAGGSLRLSCAASGRTYYLNAMGWFRQGPGKDREFVAAIDWSDGNKDYADSVKGRFTISRDNAKNTVYLQMNSLKPEDTAVYYCAADTPPWGPMIYIESYDSWGQGTQVTVSS
seq20054,EVQLVESGGGLVQPGGSLTLSCAASGSQVSFLSMAWYRQAPGKKRELVAGISADGSTVYIDSVKGRFTISRDNAKNSVYLQMNSLRAEDTAVYYCYAYRWSTRYTYWGQGTLVTVSS
seq20055,EVQLVESGGGQVQAGDSLRLSCKASRRTISTYGMGWFRQAPGDKRDLVSSISASGASTYYVDSVKGRFTISRDNIKNTVYLQMNSLKPEDAAVYYCAAAPNGRFITMSTHVDSWGQGTQVTVSS
seq20056,EVQLVESGGGLVQPGGSLRLSCAASGRTFSMHAMGWFRQAPGKERELVASISSQGRTNYADSVKGRFTISADNSKNTAYLQMNSLKPEDTAVYYCAAEVRNGSDYLPIDWGQGTLVTVSS
seq20057,VQLVESGGGTVQAGGSLKLACAASGLPRTYNVMGWFRQAPGKEREGVAIIYTTTGATYYRDSVKGRATISQDNAKKSVSLQMNSLRPEDTAIYYCVARQPNSGPWEYWGQGTQVTVSS
seq20058,QVQLQDSGGGLVQAGGSLRLSCAASGVTFSSYAMGWFRQAPGKEREFVASITWIGGGTYYADSVKGRFTISRDHAGNTVYLQMNTLKPDDTAVYYCALDRRSSTYYLMKGEYDYRGRGTQVTVSS
seq20059,EVQLQASGGGLVQGGDSLRLSCAASGRTLGDYGVAWFRQAPGKEREFVSVISRSTIITDYANSVKGRFTISRDNAKNAVYLQMNSLKPEDTAVYYCAVIANPVYATSRNSDDYGHWGQGTQVTVSS
seq20060,EVQLVESGGGLVQPGRSLTLSCAASTNIFSVSPMGWYRQAPGKQRELVAAIHGNSTLYADSVKGRFTISRDNAKNSIYLQMNSLRPEDTALYYCNKVPWGKYHPRNVYWGQGTQVTVSS
seq20061,QVQLQESGGGLVQPGGSLRLSCAASGSIRSINVMGWYRQAPGKQRELVALITTGGSPSYVDSVKGRFTISRDNAKSTIYLQMDSLKPEDTAVYYCNADIGTWSSPFYYWGQGTQVTVSS
seq20062,EVQLVESGGGLVQPGGSLRLSCAASGFTFDDYGMSWVRQAPGKALEWVSAISWNGNNTYYTESMKGRFTISRDNAKNTLYLQMNSLRCEDTAVYYCVKGSTAIVGVPPTYPDEYDYWGQGTLVTVSS
seq20063,EVQLVESGGGLVQAGDSLRLSCAASGRTFSFDARGWFRQAPGKEREFVAAINWSGSDTHYADSVKGRFTISRDNAKNTAYLQMNSLKPEDTAVYYCAAAFDYSGSYASVGLWDYWGQGTQVTVSS
seq20064,QVQLVESGGGLVQPGGSLRLSCEASGRTFSSVSMGWFRQAPGKERVIVAAADWSGTTYYTGSLKGRFTISRDNAKNMVYLQMNSLKPEDTAVYYCAASDPRRSAYKYWGQGTQVTVSS
seq20065,EVQLVESGGGLVQPGGSLRLSCAASGRTYYLNAMGWFRQAPGKEREFVAAIDWSEGNKDYADSVKGRFTISRDNSKNTVYLQMNSLRPEDTALYYCAADTPPWGPLIYIESYDSWGQGTLVQVSS
seq20066,QVQLQESGGGLVQAGGSLKLTCAASEHTFSSAAMGWFRQAPGKEREFVAAIRWSGGGTYYAPSLAGRFAISGNHAKNLVYLEMNNLKPEDTAAYYCAAMLRRFFTASYYSTTTSYDYWGQGTQVTVSS
seq20067,EVQLVESGGGLVQAGGSLRLSCAASVASETIVSINDMAWYRQAPGKQRELVASITIHNNRDYADSAKGRFTISRDDTKNTVYLQMTHLKPDDTAVYYCTVLLSRALSGSYRFWGQGTQVTVSS
seq20068,VQLVETGGGLVQAGGSLRLSCAASGNISSINAMAWYRQAPGQQRELVAGITSGGRTQYTDSVKGRFTISRDNAKNTVYLQMESLKPEDTAVYYCNAKSPPSTWATGGGMNYWGKGTLVTVSS
seq20069,QVQLQESGGGLVQAGASLRLTCTASGGRFSYATMGWSRQAPGKQREMVARITSSGFSTNYADSVKGRFTISRDNAKNAVYLQMDSLKPEDTAVYYCNAQHFGTDSWGQGTQVTVSS
seq20070,QVQLAESGGGLVQAGDSLRLSCAASGRSVSSYAMGWFRQAPGKEREFVAAISWSGESTHYADSVKGRFTISRDNAENTVYLQMNSLKPEDTAVYYCASYLSGHYYFGIGRDPPFGSWGQGTQVTVSS
seq20071,QVQLVESGGGSVQAGETLRLSCTASGFTFAEADMGWYRQAPGHECELVSTITTEGITSEASSYYADSVRGRFTISRDNAKNMVYLQMNSLKPEDTAVYYCAPDPYAYSTYSDYCTWAQGTQGTQVTVSS
seq20072,EVQLVESGGGLVQAGGSLRLSCAASGFTFSGNWMGWFRQAPGKEREWVVGISSGGSTHYADSVKGRFTISADNAKNTVYLQMNSLKPEDTAVYYCAADVWYGSTWRNWGQGTQVTVSS
seq20073,AVQLVESGGSLVQPGGGLRLSCAASGSIFRLNDMRWYRQAPGKQREMVATITSGGTTNYADPVKARFTISRDNAKSTVYLQMNSLKPEDTAVYYCNADISLYSAFGLFSPPKNYWGQGIQVTVSS
seq20074,QVQLQESGGGLVQPGGSLRLSCAASGSVFSIDSMSWFRQAPGNERELVALITGGHTTTYGDSVKGRFTISRASAPNTVHLQMNSLQPEDTAVYYCNAAVSTGWGRNADDYWGQGTQVTVS
seq20075,VQLQESGGGSVQAGGSLRLSCAASGFTFSMNGMSWVRQAPGKGLEWVSAITTGGSVATYADSVKGRFTISRDNAKNTLYLQMNNLKTEDTAVYYCATGNQRRPAQHVGVWGQGTQVTVSS
seq20076,EVQLVESGGGLVQPGGSLRLSCAASGFTLDDYPIGWFRQAPGKEREGVSCISSSDGSTYYADSVKGRFTISRDNAKNTVYLQMNSLKPEDTAVYYCAAVPYRTCEGYDYIHYYPDDYWGQGTQVTVSS
seq20077,QVQLQESGGGLVQPGGSLMLSCAASGNIFTINRMGWYRQAPGKQRELVAAITSGGNTNYADSVKGRFTISRDNAKNTVYLQMNSLKPEDTAVYYCNAAIVTMTSPYSDYWGQGTQVTVSS
seq20078,QVQLQESGGGLVQAGGSLRLSCAASGRPFSRYNMGWFRQAPGKEREFVAAKPWSANAEYADSVKGRFTISRDNAKNTVYLQMNSIEPEDTAVYFCARSIGDYSTSTREEDFGLWGQGTQVTVSS
seq20079,QVQLVESGGGLVQPGGSTNVSCEVFGGDFVSYPMAWFRQRVGIDREREFVATITPSGAGTYYADFAKGHFVVSRDNSRSTVLLQLRNLVEQDTATYFCAADDPLVGRGWDGAEGYDYWGQGTLVTVSS
seq20080,LQESGGGLVQAGGSLRLSCAPSTRTFGIYQTAWFRQVPGKEREFVATISGYGTSTYYADSVKGRFTISRDNAKNTVYLQMNSLKPEDTAVYYCAADQTSLQLTKVSAYRYWGQGTQVT
seq20081,EVQLVESGGGLVQAGGSLRLSCAASDRTFGSSAMGWFRQAPGKDRDFVAAISWSGSSTHYADSVKGRFTISRDNAKNTMYLQMNSLKPADTAVYTCAASRRAYLPAKVGEYDFWGQGTQVTVSS
seq20082,QVQLQESGGGLVQAGGSLRLSCAVSGNTLSRYAMGWFRQTPGNEREFVAAIRWNNGATYYADAVEGRFTISRDTGKNTVYLQMNNLKPEDTAVYYCAGRFLGYASSNAYHEALYNYDYWGQGTQVTVSS
seq20083,QVQLVESGGGLVQPGGSLRLSCAASGSIFNIPVMGWYRQAPGKQRELVAGISTGGTTNYGDSVKGRFTISRDNAKNTVYLQMNSLKPEDTAVYYCNVLVVSGIGSTLEVWGQGTLVTVSS
seq20084,QVQLVESGGGSVQSGGSLKLSCAVSGSGYSYSRGCFAWFQQRPGKEREGVAIINSDGHTRYSDSVQGRFIISQDKAKNTLYLQMNSLKPDDAAMYYCAYDRNQCYVLLDRLRLPGTFSDWGQGTQVTVSS
seq20085,VQLVESGGGLVQPGGSLRLSCAASGGIFSIGVMGWYRQAPGKQRELVATITSRGSTNYADSVKGRFTISGDNAKNTVYLQMNNLKPEDTAVYYCYADLIRPGDFYGMDYWGQGTLVTV
seq20086,ESGGGLVQAGGSLRLSCAASGSIFSIAAMGWYRQATGKQRELVATITDGGTTTYADSVKGRVTISRDRSANTVYLAMNNLKPDDTAVYYCYAYLRYTSRVPGDNYWGQGTQVTVSS
seq20087,QVQLQESGGGLVQAGGSLRLSCAASGFSSDDYTIAWFRRAPGKEREGISCISSSDGSTGYADSVKGRFTITSDSAKNTVYLQMNSLKPEDTAVYYCAADSNVWSPPICGRTWYGPPPGGMDYWGKGTQVTVSS
seq20088,EVQLVESGGGLVQPGGSLTLSCVASGSTSSINAMGWYRRAPGKQRELVAGVSSDGSKVYADSVKGRFTISRDNAKNSVYLQMNSLRAEDTAVYYCYYFRTVSGSSARYWGQGTLVTVSS
seq20089,EVQLVESGGGLVQPGGSLRLSCAASGLTLDYYALGWFRQAPGKEREGVSCISSVDHSTTYADSVKGQFTISWDNAKNMVYLQMNSLKPEDTAVYYCAADPALGCYSGSYYPRYDYWGQGTQVTVSS
seq20090,EVQLVESGGGLVQAGGSLRLSCAASGRTLTTYIMGWFRQAPGKEREFVAATSPSGTLTSYADSVKGRFSMSRDNAKKMVDLQMNSLKPEDTAVYYCAAKGGRWGPRNDDRYDYWGQGTQVTVSS
seq20091,VQLQESGGGSVQAGGSLRLSCAASGYTFTTAYMGWFRQAPGKEREGVAAIDSDGRTEYADAVKGRFTISKDNAKNTLYLQMNSLKPEDTAMYYCAADKDDWLLLHGRSLFPSAFAYWGQGTQVTVSS
seq20092,EVQLVESGGGLVQPGGSLRLSCAASGVFGPIRAMGWFRQAPGKERELVALMGNDGSTYADSVKGRFTISADNSKNTAYLQMNSLKPEDTAVYYCAAIGWRWGQGTLVTVSS
seq20093,EVQLVESGGGLVQAGDSLRLSCAASQIIFGSHVAAWFRQAPGREREFVAEIRPSGDFGPEGEFEHVTASLKGRFTIAKNSVDNTVYLQMNSLKPEDTAVYYCAAAPYRGGRDYRWEYEYEYWGQGTQVTV
seq20094,EVQLQASGGGSVQTGASLRISCLASGLPFSTYSMGWYRQAPGKEREFVAVIGGGGNTYHADSLKDRFTISRDNDKNTVYLQMNSLKPEDTAVYYCAADRDFTIVAGFIRSQYSPRAVEYWGEGTQVTVSS
seq20095,VQLQESGGGSVQAGGSLRLSCVASGSTYLRFSMGWFRQVPDKEREGVAAIGGDGRTSYADSVKGRFTIFKDNAKNTLYLDMNSLNTEDTAMYYCAAAVLLDGSFSLLAPLVPYKYDYWGQGTQVTVSS
seq20096,EVQLVESGGGLAQPGGSLRLSCAASGFAFSSYWMYWVRQAPGKGLEWVSAISTGGGGTYYADSVKGRFTISRDNAKNTLYLQMNSLKPEDTARYYCARDEAPTFDYSGNYAYTGSDPNDYWGQGTQVTVSS
seq20097,QVHLVEAGGGLVQAGGSLRVSCAISGRTDSTGILGWFRRAPGKEREFVALIRWSNNYAWYEDSAKGRFTISRDNAKNTVYLQMNSLKPEDTAVYYCAAGTGWGFSISDYNYWGQGTQVTVSG
seq20098,QVQLVESGGGLVQTGGSLRLSCASSGSIAGFETVTWSRQAPGKSLQWVASMTKTNNEIYSDSVKGRFIISRDNAKNTVYLQMNSLKPEDTGVYFCKGPELRGQGIQVTVSS
seq20099,EVQLVESGGGTVQAGGSLKLSCAASGRTFTNYAMGWFRQAPGKEREFVAAIAYATHFADSVKGRFTISRGNAKNTVYLQMNSLKPEDAAVYYCAADLSLSKMVSKITSDMDYWGKGTLVTVSS
seq20100,QVQLQESGGGLVQAGGSLRLSCRASGRTFSSYPMGWFRQAPGKEREQIAGISRSGDPGKYAASVSGRFTISRDNAKNTLYLQMNSLKPEDTAVYYCAARQIYSNNYSYWGQGTQVTVSS
seq20101,QLQASGGGFVQPGGSLRLSCAASGDTWDQYVMGWFRQAPGKEREFVSAISRSGTHGIYYADSVKGRFTISRDNSKNTVYLQMNSLRAEDTATYYCAPLTHQWMGRTFPYWGQGTQVTVSS
seq20102,QVKLEESGGGSAQTGGSLRLTCAASGRTSRSYGMGWFRQAPGKEREFVSGISWRGDSTGYADSVKGRFTISRDNAKNTVDLQMNSLTPEDTAQYYCAAAAGSAWYGTLYEYDYWGQGTQVTVSS
seq20103,EVQLVESGGGLVQPGGSLRLSCAASGSIFSINVMGWYRQAPGKQRELVAAIISGGRTNYADSVKGRFTISRDNSKNTVYLQMNSLRPEDTAVYYCNAEVDAGIYAYGYWGQGTLVTVSS
seq20104,EVQLVESGGGLVQAGGTLRLSCAASGSAVSISRMAWYRQAPGKQRELVADIFSGGGTNYADSVKGRFTISRDNAKNTVDLQMNSLKPEDTAVYYCSARSAVAAIHWDQYDYWGQGTQVTVSS
seq20105,EVQLVESGGGLVQPGGSLRLSCAASGRTFSDYNMGWFHQAPGKEREIVAAISRSGRSTYYTVSVEGRFTISRDNAKNTVDLEMNSLKPEDTGIYYCAANSAGRAINLPLYKYWGQGTQVTVSS
seq20106,QVQLQESGGGLVQPGGSLRLSCEASPRTFSTYSMAWFRQAPGKERSFVAAINWSGGETSYADSVKGRFTISRDNSKNTLYLQMNSLRAEDTAVYYCAAGGVLAHHNYEYDYWGQGTLVTVSS
seq20107,EVQLVESGGGLVQAGGSLRLSCAASGRTFESYRMGWFRQAPGKEREFVGGINWSGRTYYADSVKGRFTISADNAKNTVYLQMNSLKPEDTAVYYCAARRLYSGSYLDWGQGTQVTVSS
seq20108,EVQLVESGGRLVQAGDSLRLSCAASGGTVRNYAMGWFRQAPGQEREILSSITRTDNITYYEDSVKGRFTIVRDTAKNTVYLQMNSLKPEDTAVYYCAAAMTHFAVLEREYGYWGQGTQVTVSS
seq20109,EVQLVESGGGLAQPGGSLRLSCAASGFRFTSYWMHWVRQAPGKGLEWVSAINTGGGSTYYADSVKGRFTISRDNAKNTLYLQMNSLKPEDTALYYCARDLSGSDYVVGITSWGQGTQVTVSS
seq20110,EVQLVESGGGLVQPGGSLRLSCAASGSFFSIKSMGWYRQAPGKQRELVAGIASGVTNYADSVKGRFTISRDGAKNTVYLQMNSLKPEDTAVYYCNAVGERLANTGVTEYDYWGQGTLVTVSS
seq20111,EVQLVESGGGLVQPGGSLRLSCAASGFTFSSYPMGWFRQAPGKEREFVATIPSGGSTYYADSVKGRFTISADNSKNTAYLQMNSLKPEDTAVYYCAAALDGYNGSWGQGTLVTVSS
seq20112,VQLQESGGGLVQPGGSLRLSCALSGFTSTIYAMSWVRQAPGKGLEWVSTINSDGGYRYYADSVKGRFTISRDNAKNTLYLQLNSPKTEDTAMYYCARCSDIYCYNGPSYRGQGTQVTVSS
seq20113,EVQLVESGGGVVQPGGSLKLSCVASGTDFSINFIRWYRQAPGKQREFVAGFTATGNTNYADSMKGRFTISRDNTKNAVYLQIDSLKPEDTAVYYCAMLDKWGQGTQVTVSS
seq20114,EVQLVESGGGLVQAGGSLRLSCAASGSMSSINAMRWYRQASGKQREPVAEITSEGTIIYADSVKGRFTTSRDNAKNTVYLQMNSLKPEDTGVYYCAADDGARGSYYGQGTQVTVSS
seq20115,DVQLEASGGGLVQAGGSLRLSCAASGRSFSGSTMEWYRQAPGKERKFVAAIRTGSSRTYYVDSVKGRFTISRDSTKNTVYLQLNSLKGEDTAVYYCAARFSGTIGTTSSVDYWGQGTQVTVGG
seq20116,DVQLLESGGGVVQPGGSLRLSCAASGFTFGNYDMAWVRQAPGKRPEWVSSIDTGGDITHYADSVKGRFTISRDNAKNTLYLQMNSLRPEDTAVYWCATDEEYALGPNEFDYYGQGTLVKVSS
seq20117,EVQLLESGGGVVQPGGSLRLSCAASGRIFSLPASGNIFNLLTIAWYRQAPGKGRELVATINSGSRTYYADSVKGRFTISRDNSKKTVYLQMNSLRPEDTAVYYCQTSGSGSPNFWGQGTLVKVSS
seq20118,QVQLQESGGGLVQAGGSLRLSCAASGFTFDDYAIGWFRQAPGKEREGISCVSSSDDTYYADSVKGRFTISSDNAKNTMYLQMNSLKPEDTAVYYCAARLWGLCAVDEAYFTSWGQGTQVTVSS
seq20119,EVQLVESGGGSVQAGGSLRLSCAASGSTFSRYSMNWYRQAPRKQREFVAGISTARITHYAVSVKGRFTISRDNAEGTGYLQMNSLKPEDTAVYYCNAGGLQGSWGLGTLVTVSS
seq20120,QVQLVETGGGLVQAGESLRLSCVASGFTFSRHPMAWYRQAPGKARELVASIASSSGVTDYHASVRGRFTISRDNAKNTVYLQINILKPEDTAAYYCNALPNLPRNYWGQGTQVTVSS
seq20121,QVQLVESGGGLVQAGGSLRLSCAASEDTVCISDMAWFRQDPDKAREVVARITISGSTNYADSVKGRFTISRADAKNTIYLEMSSLKPEDTAVYYCYAENVRPHEYDYWGQGTQVTVSS
seq20122,EVQLVESGGGLVQPGGSLRLSCAASGSIGGLNAMAWYRQAPGKERELVAGIFGVGSTRYADSVKGRFTISRDIAKNTVFLQMNSLNSEDTAVYYCRMSSVTRGSSDYWGQGTLVTVS
seq20123,QVQLQESGGGLVQAGGSVRLSCAASGRTFSSYTMGWFRQAPGKEREFVAAISWSGGTTYYADSVKGRFAIARDNAKNTAYLQMNSLKPEDTAVYYCAADTYYGSRMWNEYDYWGQGTQVTVSS
seq20124,EVQLVESGGGLVQPGGSLRLSCAASGSIFSLNAMGWFRQAPGKERELVAGISSKGGSTYYADSVKGRFTISADNSKNTAYLQMNSLKPEDTAVYYCAAFRGIMRPDWGQGTLVTVSS
seq20125,EVQLVESGGGLVQPGGSLRLSCAASGRTFSSIYAKGWFRQAPGKEREFVAAISRSGRSTSYADSVKGRFTISRDNSKNTVYLQMNSLRPEDTAVYYCAAVGGATTVTASEWDYWGQGTLVTVSS
seq20126,DVQLVESGGGLVQAGGSLRLSCATSGLTFSSYYTGWYRQAPGREREFVAQISWSDDSTYYADSVKGRFTISRDNARNTVYLQMNNLKPGDTAIYYCDARKVGGPDYWGQGTQVTVS
seq20127,VKLEESGGGLVQAGGSLRLSCAASGNVFTIAAMAWYRQAPGKERELVAGITTGGSTNYADSVKGRFTISRDNAQNTMYLQMNSLRPEDTAVYFCNAVTKWAARVGGSAEYEYWGQGTQVTVSS
seq20128,EVQLVESGGGLVQPGGSLRISCAASGSIYLINYMGWYRQAPGKQRELVATLTSGGSTNYAGSVKGRFAISRDNAKNTVYLQMNSLKPEDTAVYYCNIGGTLYDRRRFESWGQGTLVTVSS
seq20129,QVQLVESGGGSVQYGGSLRLSCEVSEYNNRDKTVAWFRQAPGKEREGVAAIYTGTGGTWYIDSVKGRFTISQDKAKNTVYLQMHSLQPGDTAMYYCASSWNTVRIRDVLDRRTYSYWGQGTQVTVSS
seq20130,AVQLVESGGGLVQPGGSLRLSCAASGSITGINPMGWYRQAPGKQRELVARIHGSITNYADSVKGRFTISRDIAKNTAYLQMNSLKPEDTAVYYCNARRWGYDYWGQGAQVTVSS
seq20131,QVQLVESGGGLVRPGGSLRLSCVLSGRTFSDYAMRWFRQAPGKEREFVASINWSGTHTDYADSVKGRFTISRDNAKKTVYLQMHSLTPTDTAVYYCTFGWGPQLPGTDYWGQGTQVTVA
seq20132,RGALVESGGGLVQAGGSLRLSCAASGRPFSSVAMGWFRQAPGKEREFVAAITGDSRSTYYSDSLKGRFTISRDNAKNTVYLQMNSLKPEDTAIYYCAATTYISGTYYYLTKQDMYAYWGQGTQVTVSS
seq20133,QVQLQEFGGGLVQAGGSLRLSCAASGRTFSSYAWGWFRQAPGKEREFVARISFSGGHTYYSDSVKGRFTISRDNAKNTVYLQMNSLKPEDTAVYYCAADPTPYGLRNERNYPYWGQGTQVTVSS
seq20134,QVQLQESGGGLVQPGGSLRLSCAASRSDFAFNPMGWYRQAPGKQRELVAVLTTGGTTNYADSVKGRFTISRDNARNTVYLQMNSLKPEDTAVYYCYARGPRKAPTGWITDDYWGQGTQVTVSS
seq20135,EVQLVESGGGSVQPGESLRLSCAASGSIFSSNAMAWYRQAPGKRRELVAAINSVGVTKYADSVKGRFTISRDNSKNTVYLQMNSLRPEDTAVYYCTSDPRRGWDTRYWGQGTLVTVSS
seq20136,VQLVESGGGLVQPGGSLRLSCTVSGSIFGLPGMSWYRQAPGAQRELVADISSDGGRTHYADSVKGRFTISRDNDKKTVYLQMDSLKPDDTAVYYCNVKFTHHWGQGIQVTVSS
seq20137,QVQLQQSGGGLVQAGGSLRLSCAASGSTFNNYMIGWFRQAPGKEREFVATISGSGAGTFYADSVRGRFTISRDNAKNTVYLQMNSLKLEDTAGYYCARRMSRSGIFGLRDYDSWGQGTQVTVSS
seq20138,QVQLQESGGGLAQTGDSLRLSCAASGRMFSGFVMGWYRQNPGKQRELVATITNGGLTHYGDSVKGRFTISRDNAKNTVYLQMNSLKSEDSAVYYCNARRLFTNYWGQGTQVTVSP
seq20139,EVQLVESGGGLVQAGGSLRLSCVASGISSSIRNMGWYRQAPGKQRESVATISSGGNKDYTDAVKDRFTISRDTTKNTVYLQMSSLKPEDTAVYYCKIEAGTGWATRRGYTYWGQGTLVTVSS
seq20140,EVQLVESGGGLVQPGGSLRLSCAASGFAFSSYAMGWFRQAPGKEREWVATINGDDYTYYADSVKGRFTISADNSKNTAYLQMNSLKPEDTAVYYCVATPGGYGLWGQGTLVTVSS
seq20141,EVQLQASGGGLVQPGGSLTLSCVVTGSPAEPNAVGWYRQAPGKQREWVGRIIPSGTRYADFVKGRFIISRDSAKSTVYLQMNSLKPEDTAVYYCSPLTGSGTYYRSTTFGQGTQVTVSS
seq20142,QVQLVESGGGLVEAGGSLRLSCVVTGSSFSTSTMAWYRQPPGKQREWVASFTSGGAIKYTDSVKGRFTMSRDNAKKMTYLQMENLKPEDTAVYYCALFINAVSGSSWGRGTQVTVSS
seq20143,QVQLVESGGGSVQAGGSLRLSCTASGYTYRSNCMGWFRQAPGKEREGVATIYTGGGRNLYYADSVKGRFTISRDNAKNTLYLQMNSLKPEDSARYYCAAASDVAVGVNSCGGRTAGFDAWGQGTQVTVSS
seq20144,EVQLVESGGGLVQPGGSLRLSCAASGTIFSTSTMGWYSQAPGKQRELVATITFLGNTNYPDSVKGRFTISRDNIKNTVYLQMNSLKPEDTGVYYCNARQSTFRGVHYNYWGQGTQVTVSS
seq20145,QVQLQEFGGGLVQAGGFLRFSCAASGSIFSRNAMGWYRQAPGKQRERVAVITSGGSTNYADSVKGRFTISRDNAENTVYLQMNSLKPEDTAVYYCAVHTKVYDYWGQGTQVTVSS
seq20146,DVQLVESGGGLVQAGGSLRLSCAASGSNISSYVMGWFRRAPGKEREFVAAISRSGGYTYYADSVKGRFTISRDNAKKTAYLQMNSLEPEDTAVYYCAAGRYSAWYSQSYEYDYWGQGTLVTVSS
seq20147,EVQLVESGGDLVQPGGSLRLSCAASGSDVVVNDMGWYRQAPGKQRELVADITTGGRTNYADSVKGRFTISRDNVKNTVYLQMNSLKPEDTAVYYCNAQVGDSDDDVWYAYWGQGTLVTVSS
seq20148,EVQLVESGGGLVQPGGSLRVSCAASGFTFSSYYMNWVRQAPGKGLEWVSAVSTGGGSTYYADSVKGRFTISRDNAKNTLYLQMNSLKPEDTALYYCVRGDVRGTYDSYGYWGQGTQVTVSS
seq20149,EVQLVKSGGGLVQAGGSLKLSCAASGRAFSSYTMGWFRQAPGKEREFVASISRDGGTPYYAYSVKGRFTISRDNAKNTVYLQMNSLGPEDTAIYTCAAKENGMFITATQEQSYDYWGQGTQVTVSS
seq20150,EVQLVESGGGSVQAGGSLNLGCSASGFVFDDSDMGWYRQAPGRECELVATVSDDGSTYYHESVQGRFTISRDNVKNLMTLQMNNLKVEDTARYYCAAGSRQFQRTSTTWCLGVWAQGTQVTVSS
seq20151,QVQLQESGGGLVQAGGSLRLSCAASGSITSINAMGWYRQAPGKQRELVAAITSGGRLSYADSVKGRFTISRDNAESTVALQMNSLKPEDTAVYSCAAFQSSGIDWGQGTQVTVSS
seq20152,QVQLAESGGGLVQPGGSLRLSCVASGFTFSSYDMSWVRQAPGKGVEWVSTINSGGGSTYYAESAKGRFTISRDNAKNTLYLQLNSLKTEDTAMYYCVKGFPDDDGPGELSREYNYWGQGTQVTVSS
seq20153,EVQLVESGGGLVQPGGSLRLSCAASGRTFGDYIMGWFRQAPGKERESVAAINWNGGYTAYADSVKGRFTISADNSKNTAYLQMNSLKPEDTAVYYCATTSPNTGWHYYRWGQGTLVTVSS
seq20154,LQESGGGLVQTGGSLRLSCTASGFTFDDYAICWFRQAPGKGREGVSCISKEYAKTYYTDAVEGRFTISSDDAKNTVYLQMNNLIPEDTAFYYCARKRGWYFPLDLSEYDLWGQGTPVT
seq20155,QVQLQESGGGLVQAGGSLRLSCAASGRTFSSFAMGWFRLAPGAEREFVGAISRSGDSTYYAESVKGRFTISRDNAMNTVYLQMNNLKPEDTAVYYCAAEEAYGSMLRLRQARFYDYWGQGTQVTVSS
seq20156,VQLQESGGGLVQPGDSLKLSCAASGGTFGAGVVAWYRQSPGKQREMVGSMGSDGFTQIENGMKGRFTISGAGDKKTVFLQMNNLKPEDTAVYFCHYADGRFGSWGQGTQVTVSS
seq20157,QVQLQESGGGSVQAGGFLRFSCAASGSINSITTVNWYRRTSGKQLDLVARIYKSGNTHYADSVKGRFTISRDSAENTVHLQMNSLKPEDTAVYYCNADVASSLSSYFNGRYWGQGTQVTVSS
seq20158,QVKLEESGGGLVQAGGSLRLSCAASGGTASSYAMGWFRQAPGKEREFVAAISRSGGNTDYVDSAKGRFTISRDDAKNTVSLQMNSLRLEDTAVYYCAARYAGTWPNDAGTVYWLPPNYNYWGQGTQVTV
seq20159,QVQLVESGGALVQPGGSLRLSCAASGFPVNRYSMRWYRQAPGKEREWVAGMSSAGDRSSYEDSVKGRFTISRDDARNTVYLQMNSLKPEDTAVYYCLSVDKRPVLHPEHIYGHNHYYWGQGTQVTVSS
seq20160,DVHLQDSGGGSVQAGGSLTLSWLMSGHTYYGPCVGWFRQPPGKAREGIPQISPIGGSVIYIGGVKGRFTISRDNSKNTIALIMNDLLPEDTATYYCAADSGGLCSHRERDYDIWGQGTQVTVCS
seq20161,EVQLVESGGGLVQPGGSLTLSCAASGSSVSFLSMAWYRQAPGKKRELVAGISADGSTDYIHSVKGRFTISRDNAKNSVYLQMNSLRAEDTAVYYCYAYRWRTRYTYWGQGTLVTVSS
seq20162,QVQLVESGGGSVHPGGSLRLSCAASGSTYSSNYLGWFRQAPGKGRDWVAAISTGDGATAYADSVKGRFTISQDNAKNTVYLQMNSLKLEDSAMYYCAAARGRFIDWTKATQYDYWGQGTQVTVSS
seq20163,QVQLVESGGGLVQAGGSLRLSCTASGQTSSTADMGWFRQPPGKGREFVARISGIDGTTYYDEPVKGRFTISRDKSQNTVYLQMDSLKPEDTAVYYCRSPRYADQWSAYDYWGQGTQVTVSS
seq20164,EVQLVESGGGLVQAGGSLRLSCVASGRTFSGYSVGWFRQSPGKEREFVGGINWSGRTYYVDSVKGRFTFSRDNAKNTVYLQMNSLKPEDTAIYLCAVDRFNTIANLPGEYDYWGQGTQVTVSS
seq20165,EVQLQESGGGSVQDGGTLQLSCEDSKWSYTYYCMGWFRQAPGKEREPVAHIDSEGTVAYADTVKGRFTISRGDAKHRVYLQMNNLKADDTAIYYCAANGGYCLRPRQLAADYEYWGQGAQVTVS
seq20166,DVQLVESGGGLVQAGGSTRLTCKASGSISNINSINVMAWYRQAPGKQRELVAIIGKGGGTNYADFVKGRFTISRDAAKNTVNLQMNSLKPEDTAVYYCYADYEDHDSPFNASWGQGTQVTVSS
seq20167,QVQLVESGGGLVQAGKSLRLSCTASGSIPSIGVMGWHRQAPGKQRELVATISQGGHINYFESVKGRFTISRDNAKNTVYLQMNSLKPEDTGVYYCNAFWLPLRLNDYWGQGTQVTVSS
seq20168,SLRLSCAASGRTFSSYNMAWFRQVPGKEREFVASIARTGSGTYYRDSVKGRFTISRDNAKNTVYLQMNSLKPQDTAVYYCTAGGSLATISDYWGQGTQVTVSS
seq20169,EVQLVESGGGLVQPGGSLRLSCAASGGTFSVFAMGWFRQVPGKERELVAEITAGGSTYYADSVKGRFTISADNSKNTAYLQMNSLKPEDTAVYYCAVDGPFGWGQGTLVTVSS
seq20170,EVQLVESGGGLVQAGGSLRLSCAASGFTSDDYAIGWFRQAPGKEREGVSYISLEDGSTYVADSVRGRFTISYDYAKNTVYLQMNSLKPEDSAVYYCAAAILGNSVLWLWEYDYRYWGQGTQVTVSS
seq20171,EVQLVESGGGLVQPGGSLRLSCAASGSIFGINVLGWYRQAPGKQRELVASISSGGSTNYADSVKGRFTISRDNAKNTVYLQMNSLKPEDTAVYYCNADIGWYDEYWGQGTQVTVSS
seq20172,DVQLQASGGGSVQAGGSLRLSCAASGFTFDEHAIGWFRQAPGKGLEYVSHIDTGGSTWYAASVKGRFTVSRDDAKNTLYLQMNSLKPEDTGLYYCARLSQGAMDYWGKGTQVTVSS
seq20173,EVQLVESGGGLVQAGGSLRLSCAASGSIFSTNVMGWYRQAPGKQREFVAGITIGGTARYPDSVKGRFTISRDNTQNTVYLQMNNLKPEDTAVYYCNAVLPSDQRRWSWGQGTQV
seq20174,QVQLQQSGGGLVQPGGSLRLSCAASGSIFSINSMAWYRQAPGNQRELVATISSRSTTYYAPSVKGRFTISRDNAKNIVYLQMNSLKPEDTAVYYCKAGSVGRVYWGQGTLVTVSS
seq20175,EVQLVESGGGLVQPGGSLRLSCAASGSIASIHAMGWFRQAPGKEREFVAAITWSGAITSYADSVKGRFTISADNSKNTAYLQMNSLKPEDTAVYYCAKDGGYGELHYGMEVWGQGTLVTVSS
seq20176,EVQLVESGGGLVQPGGSLRLSCAASGGTFSSVGMGWFRQAPGKERELVAVINWSGARTYYADSVKGRFTISADNSKNTAYLQMNSLKPEDTAVYYCAVPWMDYNRRDWGQGTLVTVSS
seq20177,QVQLQDSGGGLVQAGGSLRLSCAASGRTFSNYAMGWFRQAPEKEREFVAAINGSGGSTYYADSVKGRFTISRDDAKNTVYLQMNSLKPEDTAVYYCASKLYGSGTPRDTGDKYSNWGQGTQVTVSS
seq20178,EVQLVESGGGLVQPGGSLRLSCAASGRANSINWMGWFRQAPGKEREFVATITPGGNTNYADSVKGRFTISADNSKNTAYLQMNSLKPEDTAVYYCAAAAGSTWYGTLYEYDWGQGTLVTVSS
seq20179,LQESGGGLVRPGESLRLSCVVSGSDINFNVMGWYRQAPGQQRELVATITSGGSTDYADSVKGRFTISRHNANNMVYLQMNSLKPEDTAVYYCNADIFFVNYWGKGTLVT
seq20180,EVQLVESGGGLVQAGGSLGLSCAAAGRTFSSSLMGWFRQAPGKEREFVAAITDNGGSTYYADSVKGRFTISRDNAKNSVYLQMNSLKPEDTAIYYCAARRSGYYSLSTSPHQYAYWGQGTQVTVSS
seq20181,EVQLVESGGGLVQPGGSLRLSCAAPGIIFSIHTLGWYRQAPGNERELVARIISSGSTDYADSVKDRFTISRDNAKKTVYLQMDSLKAEDTAVYYCNAYSSFSSTNYWGRGTQVTVSS
seq20182,QVQLVESGGGLVQPGGSLRLSCAASGRTFIAYAMGWFRQAPGKEREFVAAITNFAGGTTYYADSVKGRFTISRDNAKTTVYLQMNSLRAEDTAVYYCAADRSAQTMRQVRPVLPYWGQGTLVTVSS
seq20183,EVQLVESGGGLVQPGGSLRLSCAASGNIFRIDTMGWYRQAPGKQREFVAGISRGGSTNYAHSVKERFTISRDNAKNTMYLQMNSLKSEDTAGYYCNAQAWDPGTIRYLEVWGQGTLVTVS
seq20184,QVQLQEFGGGLVQAGGFLRFSCAASESIFGIKNMGWYRQAPGKQRESVAIITKGGATNYADSVKGRFTISRDNAKNTMYLQMNNLKPEDTAVYYCMGWGKVRVDGWGPGTQVTVSS
seq20185,EVQLVESGGGLVQPGGSLTLSCAASGSSVSFLSMAWYRQAPGKKRELVAGISRDGSTDYIDSVKGRFTISRDNAKNSVYLQMNSLRAEDTAVYYCYAYRWITRYTYWGQGTLVTVSS
seq20186,EVQLQESGGGLVQAGGSLRLSCAASGSIFSINTMGWYRQAPGKQRELVAAIHSGGSTNYANSVKGRFTISRDNAANTVYLQMNSLKPEDTAVYYCNVKDYGAVLYEYDYWGQGTQVTVSS
seq20187,DVQLQASGGGSVQAGDSLTLSCAASGLTSRKYAVGWFRQAPGQEREYIGTISWSGYSHFYSEGARGRFTMSRDNAKNTASLRMNSLKPSDTAVYYCAADPGVSEYALGLEYKYWGQGTQVTVSS
seq20188,EVQLVESGGGLVRPGGSLRLSCAASESIFSIDAMGWYRQAPGKQRELVATMTGGGSTNYADSVKGRFTISSDVAKRTVYLQMNSLKPEDTAVYYCNAEGQAGWGTALMDYWGKGTQVTVSS
seq20189,VDQLQESGGGLVQPGGSLRLSCAASGRTFSSYAMGWFRQAPGKQREFVAAIRWSGGYKYYTDSVKGRFTISRDNAKTTVYLQMNSLKPEDTAVYYCAATYLSSDYSRYALPQRPLDYDYWGQGTQVTVSS
seq20190,QVQLQESGGGLVQAGGSLRLSCAVSGNTLSRYAMGWFRQTPGKEREFVAAIRWNNAATYYADSVEGRFTISRDSGKNTVYLQMNNLQPEDTAVYYCAGRFLGYASSNAYHEALYNYDYWGQGTQVTVSS
seq20191,EVQLVESGGGLVQPGGSLRLSCAASGSIFSINAMGWYRQAPGKQRELVAAITSGTNYADSVKGRFTISRDHAKNTVYLQMNSLKPEDTAVYYCNLEGQTGWGTALMDYWGKGTLVTVSS
seq20192,DVQLVESGGGLVQPGGSLRLSCAASGFKITHYCTGWFRQAPGKEREFVSRITWGGDNTFYSNSVKGRFTISRDNSKNTVYLQMNSLRAEDTAVYYCAAGSTSTACPLRVDYWGQGTLVTVSS
seq20193,EVQLVESGGGLVQPGGSLRLSCAASGFTLDDYAIGWFRQAPGKEREGVSSIRDNDGSTYYADSVKGRFTISRDNDKNTVYLQMNSLRPEDTAVYYCAAVPAGRLRFGEQWYPLYEYDAWGQGTLVTVSS
seq20194,QVQLVESGGALVQPGGSLRLSCAASGFPVNRYSMRWYRQAPGKEREWVAGMSSAGDRSSYEDSVKGRFTISRDDARNTVYLQMNSLKPEDTAVYYCNVNVGFEYWGQGTQVTVS
seq20195,QVQLQESGGGLVQAGGSLRLSCAASGRTFSTYYKGWFRQAPGKEREFLAAISDGGTYYADSVKGRFTISRDNAKNTVYLQMNSLKPEDTAVYYCAAQGVWRGTGSYTWQYSYDYWGQGTQVTVSS
seq20196,QVQLQESGGGLVQPGDSLRLSCTASERTFTNYAMAWFRQAPGKERDVLATISRSGSSTFYAESVKGRFTISRDNTKNTVYLQMNSLEPEDTAVYYCAARPLVPSEDPDNYNYWGQGTQVTVSS
seq20197,QVQLVESGGGSVQAGGSLRLSCAASGYTYGSYCMAWFRQAPGKEREGVAGVDSDGTTRYADSVKGRFTISKDNSENTLYLQMNSLRAEDTAVYYCAAGVCGTGGSWYEGDAGLFMYEFAYWGQGTLVTVSS
seq20198,EVQLVESGGGLVQPGGSLKLSCAASGAPFNDYAIGWFRQAPGKEREGVSYIGCADGAQYYAGSVKGRFTISCDYAKNTVYLQMNSLKPEDTAVYYCAAADQWTTIRWVHEYDYHVWGQGTQVTVSS
seq20199,EVQLVESGGGLVQPGGSLRLSCAASGDVHKINILGWHRQAPAKEREMVAHITIGDATDYADSAKGRFTISRDEAKNMVYLQMNSLKPEDTAVYFCRAYSRIYPYNYWGQGTLVTVSS
seq20200,QVQLQQSGGGLVQAGGFLRLSCAASGNITRINAMGWYRQAPGKQREFLAIITIGGTINYADSVKGRFTIARGNAENSVYLQMNSLEPEDTPVYYCAAVISGSDYGPHDSWGQGTQVTVSS
seq20201,VQLQESGGGLVQPGGSLKLSCAASGSIFSFNAMGWYRQAPGKQRELVAAITDGGRLTYADSAKNRFTISRENTRNTVHLQMSSLKAEDTAVYYCTIWTKDRQQYWGQGTQVTVSS
seq20202,DVQLQESGGGLVQPGGSLRLSCAASGFTFSSYWMYWVRQAPGKGLEWVSQINSSGGTTYYADSVKGRFTISRDNAKNTLYLQMNSLKPEDTAVYYCATGSAGQGKGQGTQVTVSS
seq20203,EVQLVESGGGLVQAGGSLRLSCAASGSTGAMAWFRQAPGKERDLVASISRSGVSTYYADSVKVRFTISRDNAKNTVFLQMNNLKPEDTGVYYCAAGPTFRQSRATYTDWGQGTQVTVSS
seq20204,EVQLVESGGGLVQAGGSLRLSCAASGFTLDDYAIGWFRQAPGKDREGVSSIRDNDGSTYYADSVKGRFTISSDNDKNTVYLQMNSLKPEDTAVYYCAAVPAGRLRYGEQWYPIYEYDAWGQGTVVTVSS
seq20205,QVQLQESGGGLVPTGGSLTLSCEVSGNIFSLNTMRWYVQTPGNEREMVASITSRKIPKYADSVEGRFTISRDNALNTIDLQMNSLKPEDTGVYYCNGDVHDGMQLRNYWGQGTQVTVSS
seq20206,QVQLQESGGGLVQAGGSLRLSCTASGENFSTYVMGWFRQAPGKEREFVAAHNWRGGGTYYADSVKGRFTISRDHAKNTVYLEMNSLKPEDTAVYYCAARSGGSYTYTGSYHYWGQGTQVTVSS
seq20207,QVQLQESGGGLVQAGGFLRFSCAASGITFSITTMGWYRQAPGNQRELVATITGCGSTNYADPVKGRFTISRDNAENTVYLQMDSLKPEDTAVYYCKPAAWLNYWGQGTQVTVSS
seq20208,LQESGGGLVQAGDSLRLSCAASGLIIKDTTAGWFRQAPGKNREFVAGINWSNENTAYADSVKGRFTISRDNAKNTVALQMNGLKPEDTAVYYCTARPERTYVITPFSDDYSYWGQGTQVTVSS
seq20209,EVQLVESGGGLVQPGGSLRLSCAASGRTFRNYAMGWFRQAPGKERELVAAISSGGSTDYADSVKGRFTISADNSKNTAYLQMNSLKPEDTAVYYCARGDWRYGWGQGTLVTVSS
seq20210,QLQLVESGGGLVQPGGSLRLSCAASGFTFGNYDMSWVRQAPGKGPEWVSVINSDGDGTYYVDSVKGRFTISRDNAKNTLYLQMNSLKPEDRAVYYCAIANLGLWGQGTLVTVSS
seq20211,QVQLQESGGGLVQAGGSLRLSCAASGRTFVNYNMGWFRQAPGKEREFVATINWSGGSTYYAGSVKGRFTISRDSAKNTVYLQMNKLKPEDTAVYYCAAEVGYGYQGPPLTTPSMYDYWGQGTQVTVST
seq20212,QVQLQESGGGLVQPGGSLRLSCAASGSISSFNFMSWHRQAPGKERELAGVITRGGATNYADSVKGRFTISRDNVKNTVYLQMNGLKPEDTAVYYCHGRSQLGSTWGQGTQVTVSS
seq20213,QVQLQESGGGLVQAGDSLRLSCAASGRTYGGYGMGWFRQIPGKERELVAAIRWSGRNTYYADSVKGRFTISRDNVKDMLYLQMNSLKPEDTAVYTCAVRTVRVVDISSPVGFAYWGQGTQVNVSS
seq20214,QVKLEESGGGLVQTGGSLRLSCAASGRTFSSYAMGWFRQAPGKEREFVAAISWSGGHTYYADSAVDSVRGRFTISRGNAKNTVYLQMNNLKPEDTAVYYCAADFGTRLRFTTNDYQYWGQGTQVTVSS
seq20215,EVQLVESGGGLVQPGGSLRLSCAASGFTLDYYAMGWFRQAPGKERELVAAISWNGGSTSYADSVKGRFTISADNSKNTAYLQMNSLKPEDTAVYYCARGDWRYGWGQGTLVTVSS
seq20216,QVQLQESGGGLVQPGGSLRLSCAASGFTFNSYAMTWVRQAPGKGLEWVSDINSGGGSTNYADSVKGRFTISRDNAKNTLYLQMNSLKPEDTAVYYCATELRGSDYYRGPIREYAYWGQGTLVTVSS
seq20217,QVQLQESGGGLVQTGDSLRLSCTASGGTFSSYTMGWYRQAPGKGREFVGSITWNSEVTYYADSVKGRFTISRDNAKNMMNLQMNSLKPEDTAVYYCAAGRAGSGFTSWGQGTQVTVSS
seq20218,QVQLVESGGGLVQPGGSLRLSCAASGSIFLINAMGWYRQAPGKQRELVAVITRGGSANYTDSVKGRFTISRDNAKNTVYLQMNSLKPEDTAVYYCNADLNLRSDPFKWYTFWGQGTLVTVSS
seq20219,EVQLVESGGGVVQPGGSLRLSCAASETIFSIDSMAWYRQAPGKQRELVAAITGGGSPNYADSVKGRFTISSDVSKRTVYLQMNSLRPEDTALYYCNAEGQAGWGTALMDYWGQGTLVTVSS
seq20220,EVQVQESGGGLVQAGTSLRLSCAASGNIFRIDTMGWYRQAPGKQRELVAGISRGGTTTYAHSVKERFTISRDNAKNTMYLQMNSLKSEDTAGYYCNAQAWDPGTFRYLEVWGQGTLVTVS
seq20221,KVQLVESGGGSVQAGGSLRLSCAASGSIFSSNAMAWYRQAPGKQRDLVAAINSVGITKYADSVKGRFTISRDNAKNTVYLQMMSLKPEDTAVYYCTSDPRRGWDTRYWGQGTQVTVSS
seq20222,QVQLQESGGGLVQAGGSLRLSCVASGRTFSSYRMAWFRQAPGKDREFVAAISWSGDRTAYAVSVQGRFTISRDDAKKTQYLQMNNLKPEDTAVYYCAAARRGYVGSAIRSETEYDYWGQGTQVTVSS
seq20223,EVQLVESGGGLVQPGGSLRLSCAASGLTFSLYRMCWFRQAPGKEREEVSCISNIDGSTYYADSVKGRFTISADNSKNTAYLQMNSLKPEDTAVYYCAADLLGDSDYEPSSGFGWGQGTLVTVSS
seq20224,EVQLVESGGGLVQAGGSLRLSCAASGFTLDDYAIGWFRQAPGKEREGVSCISSSDGSTYYADSVKGRFTISSDNAKNTVYLQMNSLKPEDTAVYYCAAGQGVLRLWVLSSSSYDYWGQGTQVTVSS
seq20225,AVQLVESGGGLVQPGGSLRLSCSASGSIFSIDTMGWYRQAPGQSRLVARIARSGSSRLADPVKSRWTISRDDAKNTVYLQMDSLQPEDTGVYYCNAVSTDWTTDYWGQGTLVTVSS
seq20226,EVQLVESGGGLVQPGGSLRLSCAASGNIKSIDVMGWFRQAPGKERELVAAVRWSGGITWYADSVKGRFTISADNSKNTAYLQMNSLKPEDTAVYYCAAVVYYGDWEGSEPVQHEYDWGQGTLVTVSS
seq20227,QVKLEESGGGSVQAGGSLRLSCAPSGFGSEYCIGWFRQAPEKEREVVASMNSGGGNKDYADSVKGRFTISQDNAKNTVYLQMNSLKPEDTAIYYCAAVPLCSRPPPMIRGAQHGYTNWGQGTQVTVSS
seq20228,EVQLVESGGGLVQPGGSLRLSCEATGNFDDRGIGWFRQAPGKEREGIACITTRGRTHYAESVEGRFTISTDIANNAVYLQMNSLKPEDTAVYYCAKAIRLTTDRTQCVAFPGVSWGRGTQVTVSS
seq20229,QLQLVESGGGLVQSGGSLRLSCAASGFTFNDYRMSWVRQAPGKGLEWVSDINSGGSSTYYADSVKGRFTVSRDNAKNTLYLQMNSLKPEDTAIYYCVALLGRGCSGLVQGAFGPWGQGTQVTVSS
seq20230,EVHLVESGGGLVQAGGSLRLSCAASGRALDTYTVTWFRQTPGKTREFVASVRWNAKPYTTDSVKGRFTISRDNAKNTVYLQMNSLKPEDTAVYYCAADPTTWADGPYRYWGQGTQVTVSS
seq20231,EVQLVESGGGEVQPGGSLRLSCAASEIIFSDKTVGWYRQAPGKQRVLVAVISNVDSTNYAESVKGRFTISRDNAKNTVYLQMSSLRAEDTAVYYCYARDFESEYWGQGTLVTVK
seq20232,QVQLVESGGGLVQAGGSLRLSCAASGRTVSSYTMGWFRQAPGKERRFVATVNSSGRGTHYADSVKGRFTISRDNAKNTVYLQMNSLKPEDTAVYYCAAAPYPDGSLGPGYDYWGQGTQVTVSS
seq20233,QVQLQESGGGLVQAGGSLRLSCADSGSTFGLSAMGWYRLTPGKQRELVASITSDGRTNYADSVKGRFTISRVNPKRTVYLQMNSLKPDDTAVYVCNARFGIRDFWGQGTQVTVSS
seq20234,LQLAESGGGLVQAGGSLRLSCAASGRTFSSYAMGWFRQAPGKEREFVAAISWTGGYTYYASSVKGRFTISRDNAKNTMYLQMNSLKPEDTAVYYCNADLESYSEYPESYYWGQGTQVTVSS
seq20235,EVQLVESGGGLVQPGGSLRLSCAASGRTFGDYIMGWFRQAPGKEREFVAAINWSADYTAYADSVKGRFTISADNSKNTAYLQMNSLKPEDTAVYYCATDPPLFCWHFDHWGQGTLVTVSS
seq20236,EVQLQASGGGLVQPGGSLRLSCVASRSIFSINTLGWYRQAPGKQRELVAWITSGGATYYADSMKGRFTISRDNAKNTVYLQMNSLKPEDTAVYYCNKRVPLDYWGQGTQVTVSS
seq20237,EVQLVESGGDLVQPGGSLRLSCAASGSIFSINDVGWFRQAPGKQRELVADIISRGVTNYADSVKGRFTISGDPAKNTVYLQMNSLKPEDTAAYYCNAHISTGWGRPHNNYWGQGTQVTVSS
seq20238,EVQLVESGGGLVQAGDSLRLSCAASGRTFSFDARGWFRQAPGKEREFVAAINWSGSDAHYADSVKGRFTISRDNAKNTAYLQMNSLKPEDTAAYFCAAAFDYSGSYNSVGLWDYWGQGTQVTVSS
seq20239,LQLVESGGGLVQAGGSLRLSCAASGNIFSINVMGWYRQAAGEQRELVAVITDGGYSEYSDSVKGRFTISRDIAKNTVYLQMNSLKPEDTAAYYCYARAVSTRSQWYSEVWGQGTLVTVSS
seq20240,VQLQESGGGSVQAGGSLRLSCTASGFTFDDVDMGWYRQASGNECELVSTISSDGSTYYADSVKGRFTISQDNAKNTVYLQMNSLKPEDTAMYYCAAARYSDYEGMCGYWSQGTQVTVSS
seq20241,EVQLLESGGGLVQPGGSLRLSCAHSGPTFRTDTMGWFRQAPGKGREFVAAVTWNSGRINYADSVKGRFTISRDNSKNAVYLQMSSLRPEDTAVYYCAAHRFVVGGNRVEDWRYWGQGTLVTVSS
seq20242,EVQLVESGGGEVQPGGSLRLSCGPSEIITSDKSVGWFRQAPGKQRNLVAGISNVGSTNYAQSVKGRFTISRDNAKNTLYLQMSSLRAEDTAVYYCYARDFENEYWGQGTLVTVKP
seq20243,EVQLVESGGGLVQAGGSLRLSCAASGRTLSIYSMSWFRQAPGKEREFVATIGWNSGRTYYADSVKGRFTISRDNSKNTLYLQMNSLRAEDTAVYYCAAAKGPLRLSSQADYWGQGTQVTVSS
seq20244,EVQLLESGGGLVQPGGSLRLSCVHSGPTFRTDTMGWFRQAPGKGREFVAAVTWNSGRINYADSVKGRFTISRDNSKNTATLQMNSLRPEDTAVYYCAAHRFVVGGNRVEDWRYWGQGTLVTVSS
seq20245,EVQLVESGGGLVQAGGSLRLSCAASGSGFNIVNAGWYRQGPEKQRELVARITSGGTTNYAESVKGRFTISRDNAKNTVYLQMNSLKPEDTAVYSCNARVIAPGRLDDIWGQGTQVTVSS
seq20246,DVQLQASGGGLVQPGGSLRLSCAASGSLSRITVMGWYRQAPGKQRELVAIITSSGGTDYADSVKGRFTISKDNAKALMYLQMTSLRPEDTAVYYCAGKSRDSAGLSWDYWGQGTQVTVSS
seq20247,QVKLEESGGGLVQAGGSLRLSCAASERTFSRYPVAWFRQAPGAEREFVCVISSTGTSTYYADSVKGRFTCSRDNAKVTVYLQMNNLKREDTAVYFCAVNSQRTRLQDPNEYDYWGQGTQVTVSS
seq20248,EVQLLESGGGLVQPGGSLRLSCAASGRTFSDYAMGWFRQAPGKEREFVAAITWNGGRVFYTASVKGRFTISRDNSKNTLYLQMNSLRPEDTAVYYCAADKDRRTDYLGHPVAYWGQGTLVTVSS
seq20249,QVKLEESGGDLVQPGGSLRLSCATSGFTFSNFWMSWIRQAPGKGLKWVSGINTDGTITRYEDSVKGRFTISRDNAKNTLYLQMDSLKSEDTALYYCSTAGDMWTFGTWGQGTQVAVSS
seq20250,EVQLVESGGGLVQAGGSLRLACAASGSIFSFNAMGWYRQAPGKQRELLAVITRDGITKYADSVKGRFTISRDNAKNTMYLQMNSLKPEDTAVYYCHTGLPTGRGSHSDYWGQGTQVTVSS
seq20251,EVQLVESGGGLVQPGGSLRLSCAVSGFPLGYYAIGWFRQAPGKEREEVSCIVTSDGSTYYTNSVKGRFTISRDNAKNTVYLQMNNLNPEDTAVYYCAAGGTIVAVTDSCFIDYVMDYWGKGTLVTVSS
seq20252,QVQLQESGGGLVQAGGSLRLSCAASGGTFDDSVIGWFRQAPGKEREGVSCISSNDGTTHYASPVKGRFTISSDNAKNTVYLQMNSLKPEDTAVYYCAAETPSIGSPCTSASYDYWGQGTQVTVSS
seq20253,QVQLQESGGGLVQAGGSLRLSCAASGRTFSRYAMGWFRQAPGADREFVAAVSWSGGRTYYAGSVKGRFTISRDNAKNTVYLQMNSLKAEDTAVYYCTPVYGTAPTTVRSRSDYWGQGTQVTVSS
seq20254,VQLQESGGGLVQAEGSLRLSCAASGRTFGSYAMGWFRQAPGKERELVAGISSGGITNYAHSVKGRFTISRDIDKNTVFLQMNSLKPEDTAVYYCAARSGGAYYTSRVDWPYWGQGTQVTVSS
seq20255,QVQLQEFGGGSVQAGGSLRLSCVASGFTFSNYCMGWFRQDPGKEREAVARIFVDGSTRYADAVKGRFTISKDNAKNTLYVQINSLKPEDTAMYYCTTPFPWTLCVDGPGAYKYWGQGTQVTVSS
seq20256,VQLVESGGGLVQAGGSLRLSCVASGSAFSKDVWAWYRQAPGKQRTWVAVIGSAGGTNYAESVKGRFTISRENAKNTVYLQMNSLKPEDTAKYYCNKFPDVRGRNWGQGTQVTVSS
seq20257,EVQLVESGGGLVQPGGSLRLSCAASGGTFSSYGMGWFRQAPGKEREFVAAINWSGASTYYADSVKGRFTISADNSKNTAYLQMNSLKPEDTAVYYCARDWRDRTWGNSLDYWGQGTLVTVSS
seq20258,VQLVDSGGGLVQAGGSLRLSCAVSGSDGRVMLMGWYRQAPGQQRDLVASITSADYTTYAESVEGRFTISTDNNKNTVYLQMNSLKPEDTAVYFCKVIAATVWGQETQVRQGLTFWGQGTQVTVSS
seq20259,EQLLESGGGLVQPGGSLRLSCAASGGSLSNYVLGWFRQAPGKGREFVAAINWRDDITIGPPNVEGRFTISRDNAKNTLYLQMNSLRPEDTAVYYCGAGTPLNPGAYIYDWSYDYWGQGTLVTVSS
seq20260,QVQLQESGGGLVQPGGFLRLSCVASGSVSDINTMGWYRQAPGKQRELVATITSGGMTNYADSVKGRFTIARDRAKNTVYLQMNSLKPEDTGVYYCHLAQDVSDYEGGYEEYEYWGQGTQVTVSF
seq20261,LQLVESGGGLVQPGGSLRLSCAASGFTLDYYAIGWFRQAPGNEREFVAAISWNGGSTYYADSVKGRFTISRDNAKETVYLQMNSLKPEDTGVYYCNYRPQFGLGYNYWGQGTQVTVSS
seq20262,QVQLQESGGGLVQPGGSLSLSCSASGIIFSDYALTWYRQAPGKQREWVAQITRRQNINYTGSVKGRFTVSRDNAKNTVHLQMNSLKPEDTAVYYCHAYDGRRSPYWGQGTQVTVSS
seq20263,QVQLVESGGGLVQAGGSLRLSCAASGYAYTYIYMGWFRQAPGKEREGVAAMDSGGGGTLYADSVKGRMTISRDKGKNTVYLQMDSMKPEDTATYYCAAGGYELRDRTYGQWGQGTQVTVSS
seq20264,GSVQAGGSLSLSCAASGFIYNKYSMGWFRQSPGKEREGVAAIDGFGRSVYYHDDVKGRFTIYRDNAKKMVFLQMNSLQPNDTAIYYCASASLDVTASLYYMNPAWWSDWGQGTQVTVSS
seq20265,EVQLVESGGGLVQPGGSLRLSCRASGDVHKINILGWYRQAPAKEREMIAHITIGDATDYAESAKGRFTISRDEAKNMVYLQMNSLKPEDTAVYFCRAYSRIYPYNYWGQGTQVTVSS
seq20266,QVKLEESGGGSVQVGGSLTLSCTVPGLTANRCGVSWYRQVPGGQRRFISSITANGITRSYSPSLKGRFTISLDNSGDTVYLQMNNLEPGDTGTYFCKTTGTGDVCASGTWGRGTQVFVDS
seq20267,QVQLVESGGGLVQAGGSLRLSCTASGRTFSTYALGWFRQVPGKGREFIAVIYWRDGSSLYSDSVKGRFTISKDNAKNTVYLQMNSLKPEDTAVYYCANRHDSRGTYYSSRGYDYWGQGTQVTVSS
seq20268,EVQLVESGGGLVQPGGSLRLSCAASGSIFGFNDMAWYRQAPGKQRELVALISRVGVTSSADSVKGRFTISRVNAKDTVYLQMNSLKPEDTAVYYCYMDQRLDGSTLAYWGQGTQVTVSS
seq20269,EVQLVESGGGLVQPGGSLRLSCAASEFALQNYAIGWFRQAPGKDSEGVACISSSTYYADSVKGRFTISRDNAKNTVYLQMNSLKPEDTAVYYCATSGAGTYCTLRAFASWGQGTQVTVSS
seq20270,QVQLQESGGGAVQPGGSLKLSCEASGDVPENGYMAWFRQAPGKEREGVAAINSVRHTTSYADSVKGRFTISKDNADNMMYLEMNSLKPEDTAIYYCAAADAIGLAEYWSTPTLSAARYKYWGQGTQVTVSS
seq20271,EVQLVESGGGLVQPGGSLRLSCAASGRIFSLPASGNIFNLLTIAWYRQAPGMQRELVATINSGSRTNYADSVKGRFTISRDNAQNTLYLQMNNLRPEDTAVYYCQTSGSGSPNFWGQGTLVTVSS
seq20272,QVQLQESGGGLVQAGGSLRLSCQASGNIFRINDMGWYRQAPGTQRELVAAITTGGSTKYADSVKGRFTISRDNAKNTVYLQMNSLKPEDTAVYYCAAEDRHRIGTVGYWGQGTQVTVSS
seq20273,QVQLQESGGGSVQAGGSLRLSCAASGYTRSSYCMGWFRQAPGKERERVAHIYTGSGSTHYADSVKGRFTISQDNGKNTLYLQMNNLKPEDTAMYYCAAGTSGTSCATGPFVYKYWYWGQGTQVTVSS
seq20274,QVKLQQSGGGLVQAGGSLRLSCAASGTFSRYAMGWFRQAPGKEREFVAAINWTGGSTYYADSVKGRFTISGDNAKNTVYLQMNSLKPGDTAVYYCAAEVHPGDYGLTYMQSQYEYDYWGQGTQVTVSS
seq20275,EVQLVESGGGLVQAGGSLRLSCAASGRTFSDYTMYWFRQAPGKERELVAAIGGVTDYADSVKGRFTIARDNAKSTVSLQMNSLKPEDTAVYYCAAKHRSVATRTGGNVSWGQGTQVTVSS
seq20276,EVQLVESGGGLVQAGGSLRLSCAASGRTFSDYAMGWFRQAPGKEREFVAAITWNGGRVFYTASVKGRFTISRDNAKNTMYLQMNSLKPEDTAVYYCAADKDRRTDYLGHPVAYWGQGTQVTVSS
seq20277,QVQLQESGGGSVQTGGSLRLSCAVSGFTDTYFALGWFRQAPGKEREGVAAIDSDGSTSYADSVKGRFTISKDNAKNTVYLQMNSLKPEDTAMYYCAAAPGPLSRNYWYTSANYDYWGQGTQVTVSS
seq20278,QVQLVESGGGLVQPGGPLRLSCAASGFAFGDSWMYWVRQAPGKGLEWVSEINTNGLITKYKDSVTGRFTISRDNAKNTLHLEMNRLKPEDTALYYCARDPSGKLRGPGTQVTVSS
seq20279,EVQLVESGGGLVQTGGSLRLSCAASGRTSRLVAMGWFRQTPGKEREFVGEIILSKDFTYYADSVKGRFTISRANAKNTITMYLQMSSLKSEDTAVYYCAARQNWSGHPARTNEYEYWGQGTQVTVSS
seq20280,QVQLQESGGGVVQAGGSLNLSCTHSTITFRINTMAYYRQAPGSQRALVARINPAGRTYYPDSVKGRFTISRDNAKNQVYLQMNDLKPEDTAVYYCSTWRLGRNYWGQGTLVTVSS
seq20281,QVQLQESGGGSVQAGGSLRLSCAASGISRSTYFMGWFRQAPGKEREGVAVINYGTTTPYYPDSVKGRFTVSRDSSKNTVYLRMNSLKPEDTAIYYCAAASTWVPGFFPLFASQYNSWGQGTQVTVSS
seq20282,DVQLQESGGGSVQAGGSLTLSCLMSGHTYYGPCVGWFRQRPGKAREGIAQISPSGGSVSYSGGVKGRFTISRDNSKNTIALIMNDLVPEDTATYYCAADSGGLCSHRERDYDIWGQGTQVTVCS
seq20283,AVQLVESGGGSVQAGGSLRLSCAASGFTYSDSSLAWFRQVPGKEREGVARIYTTSGDTYHAASVKGRFTISQDKANHRVYLQMNSLKPEDTAMYFCAAKRPWYGGTSEFFKEKNYNAWGQGTQVTVSS
seq20284,GGGSVQTGGSLRLSCEISGLTFDDSDVGWYRQAPGDECKLVSGILSDTKSGDYAESVRGRVTISRDNAKNMIYLQMNDLKPEDTAMYYCAVDGWTRKEGGIGLPWSYNYWGQGTQVTVSS
seq20285,EVQLQESGGGLVQPGGSLRLSCAASGIIFNIPVMSWYRQAPGKQRELVAGISTGGTTNYGDSVKGRFTISRDNAKNTVYLQMNSLKPEDTAVYYCNVLVVSGIGSHLEVWGQGTLVTVS
seq20286,DVQLVESGGGLVQPGGSLRLSCAASGSTFSINAVAWYRQAPGKRRELVAGISGGGVTNYPDSVKGRFTISRDNSKNTVYLQMNSLRPEDTAVYYCNLWPPRASPGGRVYWGQGTLVTVSS
seq20287,LQLVETGGGLVQAGGSLRLSCLASGSIVNSQTVAWYRQAPGKSREFVAHITSQGLAGYASSVRGRFTISRNTGKNTAYLQMNSLQPEDTAVYYCTADVRGYRYWGQGTQVTVSS
seq20288,QVQLQESGGGSVQAGGSLKLSCAASGGAYRNACMGWFRQAPGKEREGVAIINSVDTTYYADPVKGRFTISRDNAKSTVYLLMNSLKPEDTAIYYCAQVARVVCPGDKLGASGYNYWGQGTQVTVSS
seq20289,EVQLVESGGGLVQAGGSLRLSCAASGRTFSTNAMGWFRQAPGKEREWVTAITTSGGNTYYADSVKGRFTISADNAKNTVYLQMNSLKPEDTAVYYCAARDETYGTYDYWGQGTQVTVSS
seq20290,QVQLQESGGGVVQPGGSLTLSCTRTGFTASTNAVGWYRQGPGKKCEWVSYMTIPSGRTTYADAVKGRFAMSRDKAKSTVFLQNSLKPEDTAVYYCGDVPFSTLPAMCTNDGPWGQGTQVTVSS
seq20291,EVQLVESGGGLVQPGGSLTLSCAASGSSVSFLSMAWYRQAPGKKRELVAGISVDGSTNYADSVKGRFTISRDNAKNSVYLQMNSLRAEDTAVYYCYAYRWEGRNTYWGQGTLVTVSS
seq20292,QVQLVESGGGLVQAGGSLRLSCAASGRTFSTYAMGWFRQAPGKERELVAAISGSGGSTYYADSVKGRFTISRDNAKNTVDLQMNSLKPEDTALYYCAAGNGGRHYGHSRARYDYWGQGTQVTVSS
seq20293,QVKLEESGGGLAQPGGSLRLSCAASGLVFSANTMAWYRRAPGKQRELVARISTDGRTNYADSVKGRFTISRDNREKTVFLQMNRLNPDDTAVYYCNANWLSKFDYWGQGTQVTVSS
seq20294,QVQLVESGGGLVQAGGSLRLSCTASGQTSSTADMGWFRQPPGKGREFVARISGIDGTTYYDEPVKGRFTISRDKAQNTVYLQMDSLKPEDTAVYYCRSPRYADQWSAYDYWGQGTQVTVSS
seq20295,VKLQQSGGGLVQAGGSLRLSCAASGLTFSSYAMGWFRQAPGKEREFVAAINWSGRDTYYADSVKGRFTISRDNAKNTVYLQTNSLKPEDTAVYYCAAAEFLPTQRSPREYDYWGLGTQVTVSS
seq20296,LQESGGGLVQPGGSLRLSCQASTSIVSFNAMAWYRQAPGKQRELVALITNVGITNYAGSVKGRFTISRDTAKNTVYLQMNSLKPEDTAVYYCNADSIGWGQGTQVT
seq20297,EVQLVESGGGLVQAGGSLRLSCAASGRTFSTYNMAWFRHAPGKEREFVAAISRSGGSTYYVDSVKGRFTISRDNAKNTVYLQMNSLKPEDTAIYYCAAAPRGRSIVTTATYDYWGQGTQVTVSS
seq20298,VQLQESGGGLVQAGGSLRLSCVASGRTVSNYAMGWFRQAPGKEREFVARITGSGSSTFYADSVKGLFTISRNNLSNTVYLQMNSLKREDTAVYYCAADRWRSMVTRSDPREYENWGQGTQVTVS
seq20299,QVKLEESGGGLVQAGGSLRLSCSASGRTFSSGVMGWFRQAPGKQRELVCAITTGGSTSYTDSVKGRFTCSRDNAKNTVYLQMNSLKPEDTAVYYCNSVAVVGGVIKSPDYWGQGTQVTVSS
seq20300,EVQLVESGGGLVQSGGSLRLSCAASGFTFGSYDMSWVRQAPGKGPEWVSAINSGGGITYYADSVNGRFTISRDNTKNTLYLQMNSLKPEDTAVYYCATPRGWGPTGPHEYGYWGQGTQVTVSS
seq20301,QVQLQESGGGLVQAGGSLRLSCAVSGNTLSRYAMGWFRQTPGKEREFVAAIRWNNGATYYADSVKGRFTISRDTGKNTVYLQMNNLKPEDTAVYYCAGRFLGYASSNAYHEALYNYDYWGQGTQVTVSS
seq20302,QVQLQESGGGLVQPGGSLRLSCAASGFTLDYYAINWFRQAPGKEREEVSCISSSDGSTYYADSVKGRFTISRDNAKNTVYLQMNSLKPEDTAVYYCATSGWRLCRPTDEYDYLYWGQGTQVTVSS
seq20303,EVQLVESGGGLVQAGGSLRLSCESSISTFSSDAMGWFRQAPGKGREFLAAIGWSGAVTHYSDSVKGRFTISRDNAKNTVYLQMNSLKSEDTGRYYCAEDYDTDVWQYWGQGTQVTVSS
seq20304,EVQLVESGGGLVQAGGSLRLSCAASGRTFRSYAMGWFRQAPGKEREFVADISWRGGRLYYADSVKGRFTISRDNAKNTVYLQMNSLKPEDTAVYYCAATGDQPAFTTAQGMGAMLEYDYWGQGTLVTVSS
seq20305,EVQLVESGGGLVQPGGSLRLSCAASGFNSGSYTMGWFRQAPGKEREGVSYISSSDGRTYYADSVKGRFTISADNSKNTAYLQMNSLKPEDTAVYYCAAGLNGAAAAWGQGTLVTVSS
seq20306,QVQLVESGGGLVQPGGSLRLSCAASGRTISSFTMGWFRQAPGAEREFVAAISRSGSSTVYAGSVKGRFTISRDNAKNTVYLQMNSLKPEDTAVYYCNAVITEPLYKTDDSYWGQGTQVTVSS
seq20307,EVQLVESGGGLVQPGGSLRLSCAASGRSLSNYYMGWFRQAPGKGRELLGNISWRGYNIYYKDSVKGRFTISRDDSKNTIYLQMNSLKPEDTAVYYCAASILPLSDDPGWNTYWGQGTQVTVSS
seq20308,GGSVQAGGSLRLPCLISGRIGDDEYVGWFRRFPGKEREGLSGIKMAGDSTYYADSVKDRFIIARDAKKNMVNLDMFYLKPEDTATYYCGVGPVEQKEGIGYMTPHTWGQGTQVTVSS
seq20309,PVESGGGLVQTGGSLRLSCAASAGIFSINVMGWYRQAPGKQRELVASITSRGDTTYANSVKGRFTISRDNAKNTVYLQMNALKPEDTAVYYCNLKGTDYSGTSTQTFDRQGQGTQVTVS
seq20310,EVQLVESGGGMVQAGGSLRLSCAASGLTLSNYGMGWFRQAPGKEREFVSSINWSGTHTYDADFVKGRFIISRDNAKNTVYLQINSLKPEDTAVYYCAAGGWGTGRYNYWGQGTQVTVSS
seq20311,EVQLVESGGGLVQAGGSLRLSCSFSGPGRTFARYAMGWFRQAPGKNRDFITGISGSGDSTYYVYPMKDRFTISRDNAKNMVYLQMNALKPEDTAVYYCAADREINRIANDKELDFWGQGTLVTVSS
seq20312,EVQLVESGGGLVQAGGSLRLSCVTSRRPASTRTMAWYRQAPGKQRDWVATISSHGLPVYADSVKGRFTVSRDNANNTVYLQMNTLKPEDTAVYYCRDVNADYWGQGTQVTVSS
seq20313,QVQLVESGGGLVHPGGSLRLDCAVSERIASFNVMGWYRQAPGQQREVVATITSVGRTYYADSVKGRFTIAKDNDKNTYLQMNSLKPEDTAVYYCKAVIVGTYDTEYWGQGTLVTVSS
seq20314,IRLLVESGGGLVQPGGSLRLSCAASGVFTRDYYVIAWFRQAPGKEREGVSCISTRGSTYYADSVKGRFAISGDNDKMTVYLQMNNLKPEDTAVYYCGALINWYSPPNTDYDSAWCRGRSLGDYGLDYWGKGTLVTVSS
seq20315,EVQLVESGGGLVCPGGSLRLSCAASGFTFDDYGMSWVRQAPGKALEWVSAISWNGNNTYYTESMKGRFTISRDNAKNTLYLQMNSLRPEDTAVYYCVKGSTAIVGVPPTYPDEYDYWGQGTLVTVSS
seq20316,EVQLVESGGGLVQAGGSLGLSCSASGLLFSVNSAGWYRQAPGKQRDFVARIRSGGSTNYADSVKGRFTISRDKATNTVYLQMNSLKPEDTAVYYCSSWRTGAYEYWGQGTQVTVSS
seq20317,EVQLVESGGGLVQAGGSLRLSCAASGRTYDAMGWLRQAPGKEREFVAAISGSGDDTYYADSVKGRFTISKDNAGITLYLQMNSLKPEDTAVYYCATRRGLYYVWDSNDYENWGQGTQVTVSS
seq20318,EVQLVESGGGLVQAGGFLRLSCELRGSIFNQYAMAWFRQAPGKEREFVAGMGAVPHYGEFVKGRFTISRDNAKSTVYLQMSSLKPEDTAIYFCARSKSTYISYNSNGYDYWGRGTQVTVSS
seq20319,LQESGGGLVQAGGSLRLSCAASASTFVINPMGWYRQAPGKQRELVAGITFNGATNYADSVKGRFTISNNNAKNTVFLQMNSLKPEDTAVYYCNAVVWVGSESYDSWGQGTQVT
seq20320,EVQLVESGGGLVQAGDSLRVSCAASGRTSSYAMAWFRQAPGKEREFVGTISRTNSRTKYADFVEGRFTISRDNAKSTLSLQMTSLKPEDTAVYYCAAKWTGNSYHDYTWSKVDEYNVWGQGTLVTVSS
seq20321,QVQLQESGGGLVQAGGSLRLSCAASGNISPQHDMGWYRQAPGKERELVATITQGATTYYADSVKGRFTISRDNAKNTVYLQMNSLKPEDTAVYYCAALLYATDPDYVYHVYHVYWGQGTQVTVSS
seq20322,EVQLVESGGGLVQPGGSLTLSCAASSSIFSISSMSWYRQAPGKQRELVAAITSFGSTNYADSVKGRFTISRDNAKNSMYLQMNSLRAEDTAVYYCNARTMGRDYWGQGTLVTVSS
seq20323,EVQLVESGGGLVQPGGSLRLSCAASGFTLDYYAIGWFRQAPGKEREWASSISSSDGSTYYADSVKGRFTISRDNAKNTVFLQMNSLKPEDTAVYSCAASQAPITIATMMKPFYDYWGQGTQVTVSS
seq20324,QVQLQQSGGGLVQPGGSLRLSCAASGFAFNLYWMYWFRQAPGKGLEWVSSASPGNGNTFYADSVKGRFAISRDNAKNTLYLEMNSLQPEDTAVYYCAADPSYQLADFLTSLPNDYSGQGTQVTVSS
seq20325,EVQLVESGGGLVQPGGSLRLSCAASGRTIRTMGWFRQAPGKEREFVATINSRGITNYADSVKGRFTISADNSKNTAYLQMNSLKPEDTAVYYCTTERDGLLWFRELFRPSWGQGTLVTVSS
seq20326,EVQLVESGGGLVQPGGSLRLSCAASGRTFRHYAMGWFRQAPGKEREFVAAISSYGSTDYGDSVKGRFTISRDDAKNTVPLQMNSLKPEDTALYYCAAADETLGAVPNFRLHEKYEYEYWGQGTLVTVQS
seq20327,HVQLVESGGGSVEAGGSLRLSCAASGFRYAAYCMGWFRQADRKEREGVATIDIDGQTTHADSVKGRFTISRDNAKNTLSLQMNDLKPEDTAMYYCAADRDRCGSIWTYAYKYRGQGTQVTVSS
seq20328,EVQLVESGGGLVQPGGSLGLSCAASGSVHLLNFLGWYRQAPGKEREMVAHITIADATDYAHFAKGRFTISRDEAKNMVYLQMNSLRPEDTAVYFCRAGSRIYPYDYWGQGTLVTVSS
seq20329,EVQLLESGGGLVQAGGSLRLSCAASGGSLSNYVLGWFRQAPGKGREFVAAINWRGDITIGPPNVEGRFTISRDNAKNTLYLQMNSLAPEDTAVYYCGAGTPLNPGAYIYDWSYDYWGQGTLVTVSS
seq20330,EVQLVESGGGSVQAGDSLRLSCAASGRANSINWFGWFRQTPGKEREFVAGIRWSDAYTEYANSVKGRFTISRDNAKNTVDLQMDSLKPEDTAVYYCVLDLSTVRYWGQGTQVTVSS
seq20331,EVQLQASGGGSVQAGGSLRLSCVASQNLFEYYTMGWYRQVPGSQRERVALINNGGSNVAGSVEGRFTISRDNAKNSIYLQMNNLKPEDSAVYYCRAFGPADYWGQGTQVTVSS
seq20332,EVQLVESGGGLVQAGGSLRLSCAASGLTFRMYGSGWFRRAPGKEREFVGFINHSGGRTNYADSVKGRFTISRDNAKDTVYLQMNSLKPEDTAVYYCAVPISGYINPAVYDRPGSYDYWGQGTQVTVSS
seq20333,VHLMESGGGSVQAGGSLRLSCVASGDTGYQPTMRWYRQAPGKEREFVSAIYSDQTTSYADSVKGRFTISQDNARKTVYLQMASLKPEDTAMYYCKLTTRRGSEYWGQGTQVTVSS
seq20334,QVKLEESGGGLVQAGGSLRLSCASSGRTFSSYVMGWFRQTPGKEREFVSTINWSGSNKYYADSVKGRFTISRDNAKNTVYLQMNSLKPEDTAVYYCAASAGGFLVPRVGQGYDYWGQGTQVTVSS
seq20335,DVQLVESGGGSVQAGGSLRLSCTASGNTYTSNSVTWLRQAPGKEREAVAGIYTGTGRTAYADSVKGRFTISRDNARNTVYLQMSSLKPEDSAMYYCAAAQGDYFFLLRAPYNSWGQGTQVTVSS
seq20336,QVQLQDSGGGLVRTGDSLRLSCVVFGGTISTYAMGWFRRAPGKEREFVAAIDASGGFTEYADSVRGRFRIARDNPLSAVYLQMNSLKPEDTAFYYCAADKDRDTVVRFTTTPNEYDYWGQGTQVTVSS
seq20337,QVQLVESGGGLVQAGGSLRLSCVASGSTSDINIMAWYRQAQGKQRELVANKARGGLPKYGDFVKGRFAISRDNAKNTIYLQMNSLKPEDTGVYYCNAVTDWQLGDYWGQGTQVTVSS
seq20338,EVQLVESGGGLVQAGGSLRLSCAASGRTFSSYRMGWFRQAPEKEREFVAVISRSGGSTFYSNSVKGRFTISRDNAKNTVYLQMNSLKPEDTAVYYCAAGAQMGWAEASTYDYWGQGTQVTVSS
seq20339,KVQLVESGGGLVQAGGSLRLSCAASGFTFGSTTIGWFRQAPGKEREGVSCISTGDGSTYYAESVKGRFTISSDNAKNTVYLQMNSLKPEDTAVYYCALDQAPMWSSWSAPYEYDYWGQGTQVTVSS
seq20340,QVQLVESGGGLVQTGGSLRLSCAASEPIFSNYAMAWFRQAPGKEREFVAGISWSGSSTNYADSVKGRFTISRDIAKNTVYLQMNSMKPEDTAAYYCAVDLHMRSPNPDPGEYDYWGQGTQVTVSS
seq20341,QVQLVESGGGLVQAGGSLRLSCAASGITFPVNAYGWYRQAPGKQRDLVAIISAGGTTNYADSVKGRFTISRDNSKNTLYLQMNSLRAEDTAVYYCYLQRRIGMLRDYWGQGTQVTVSS
seq20342,EVQLVESGGGLVQPGGSLTLSCVASGSTSSVNALGWYRRAPGKQRELVAGISSDGSKVYTDSVKGRFTISRDNAKNSVYLQMNSLRAEDTAVYYCYYFRTVPGSAMGYWGQGTLVTVSS
seq20343,EVQLQASGGGLAQPGGSLRLSVTVSGSIDVINNMAWYRQAPGNARELVATITSGFSTNYASSVKGRFTISRDNAKKAVYLQMNSLKPEDTADYYSKVHLIRLGAARAYDYWGQGTQVTVSR
seq20344,EVQLVESGGGLVQAGGSLRLSCAVSGRTFTSYDMAWFRQAPGKERESVAAIRWTGSSTYYADSVKGRFTISRDNAKSTVYLQMNSLKPEDTAVYYCAARDTGRYRSRTYDYWGQGTLVTVSS
seq20345,DVQLQASGGGLVQAGGSLRLSCTASGDLFSIVAMGWYRQRPGKQRELVAGITEGGGTNYAYDVHGRFTISRDNAKNTVYLQMNNPNPDDTAVYYCNILRGQYRRSEYDYWGAGTQVTVSS
seq20346,QVQLQESGGGLVQAGGSLRLSCVVSGTILSSNSMGWYRQAPGKRRELVASISTDGSTNYADSVKGRFTISRDNAKSTVFLQMNSLKPEDTAVYYCNFHPPVVRDWGDTYWGTQVTVSS
seq20347,VQLVETGGGLVQAGASLRLSCVDSGGIFWSSIMAWFRQAPGQEREFVSAITWTGDSTYYEDSVKGRFTISRDNAKNTVYLQMNGLKPGDTAVYYCAASPSTVVGRAAREYPYWGQGTQVTVSS
seq20348,QVQLVESGGGLVQAGGSLRLSCAASGFTFDDYSIAWFRQAPGKEREGVSCISSSDGSAYYADSVKGRFTISSDNAKNTVYLQMNSLKPEDTAVYYCAAVWARVCRNPYDYWGQGTQVTVSS
seq20349,QVQLVESGGGLAQAGGSLRLSCAASGRTFSMDPMAWFRQPPGKEREFVAAGSSTGRTTYYADSVKGRFTISRDNAKNTVYLQMNSLKPEDTAVYYCAAAPYGANWYRDEYAYWGQGTQVTVSS
seq20350,QVQLVESGGGLVQPGGRLRLSCAASGFTFRTYAMQWYRQSPGTERELVAAISNIGGVTDYGDSVKGRFTISRDNAKTTVYLEMNSLKPEDTATYYCSAVRLPQRYWGRGTQVTVSS
seq20351,HVQLVESGGGLVQAGGSLRLSCAASGSIFSSNAMSWYRQAPGKQRELVASITSGGNADYADSVKGRFTISRDKNTVYPEMSSLKPADTAVYYCHAVGQEASAYAPRAYWGQGTQVTVSS
seq20352,VQLVESGGGLVQAGGSLRLSCAVSGRTFSTYGMAWFRQAPGKERDFVATITRSGETTLYADSVKGRFTISRDNAKNTVYLQMNSLKIEDTAVYYCAVRRDSSWGYSRDLFEYDYWGQGTQVTVS
seq20353,QVQLVESGGNLVQPGGSLRLSCAASGGTLASFAVGWFRQAPGKEREGVSCIDVINRANYADSVKGRFTISRDSAKNTVYLQMNSLEPEDTAVYSCAAHFVPPGSRLRGCLVNELYNYWGQGTQVTVSS
seq20354,QVQLQESGGGLVQAGGSLRLSCTASGRTFSNTVMGWFRQAPGKEREFLAHILWSGGLAYYADSVKGRFTISRDNAKNIVYLQMNSLKPEDTAVYYCAARDFGFGNNYDYWGQGTQVTVSS
seq20355,QVQLVESGGGLMQAGGSLRLSCAVSGRTFSTAAMGWFRQAPGKEREFVAAIRWSGGSAYYADSVKGRFTISRDKAKNTVYLQMNSLKYEDTAVYYCAGSKITRSLLSDYATWPYDYWGQGTQVTVSS
seq20356,QVQLQESGGGLVQPGGSLRLSCAASGLAFSMYTMGWFRQAPGKEREFVAMIISSGDSTDYADSVKGRFTISRDNGKNTVYLQMDSLKPEDTAVYYCAAPKFRYYFSTSPGDFDSWGQGTQVTVSS
seq20357,EVQLVESGGGLVQAGGSLGLSCSASGLLFSRNSAGWYRQAPGKQREFVARIRMGGSINYADTVKGRFTISRDNAKNTVYLQMNSLKPEDTAVYYCSSWRTGFYEYWGQGTLVTVSS
seq20358,QVQLVESGGGLVQPGGSLRLSCAASGFTFSRYWMYWVRQAPGKGPEWLSHMNPSGSDIKYTDSVKGRFTISRDNAKNTLYLQMNSLKPDDTAVYYCVADRRALGSPEYWGQGTQVTVSS
seq20359,QVQLQESGGGLVQPGGSLRLSCAASGFTFSSAIMTWVRQAPGKGREWVSTIGSDGSITTYADSVKGRFTISRDNARNTLYLQMNSLKPEDTAVYYCTSAGRRGPGTQVTVSS
seq20360,DVQLQESGGGLVQAGGSLRLSCAASGSISRFNAMGWWRQAPGKEREFVARIVKGFDPVLADSVKGRFTISIDSAENTLALQMNRLKPEDTAVYYCFAALDTAYWGQGTQVTVSS
seq20361,QVQLEESGGGSVQAGGSLRLSCAASGYMYSTYSTYCMGWFRQAPGKEREGVAFIKRGDHSTYYTDSVKGRFTISQDSAKNTVSLQMNNLKPEDTAIYYCAADFAHSFLLSVHSGAGQYSYWGQGTQVTVSS
seq20362,EVQLQASGGGLVEAGGSLRLSCTTSGLTFSSVTMGWFRQAPGKEREFVAAIRWKFGNLGYADSVKGRFTVSRDNAKNTVYLQMNSLKPEDTAVYYCAAARVGEIIAVLISPSNYAYWGQGTQVTVSS
seq20363,DVQLVESGGGSVQAGGSLRLSCAASGKFSHLVFLGWFRQAPGKEREGVAAGLGAYESGYYADSVKGRFTVSLDNAENTVYLQMNSLKPEDTALYYCAALVVLSRDNTEFIAHNYWGQGTQVTVSS
seq20364,QVQLVETGGGLVQPGGSLRLSCAASGFTFSSYAMGWARQVPGKGLEWVSYIYSDGSTEYQDSVKGRFTISRDNAKSTVYLQMNSLKPEDTAVYYCATEGSLGGWGRDFGSWGQGTQVTVSS
seq20365,QVQLQESGGGLVQAGGSLRLSCAASGHTFNYPIMGWFRQAPGKEREFVGAISWSGGSTSYADSVKDRFTISRDNAKNTVYLEMNNLKPEDTAVYYCAAKGRYSGGLYYPTNYDYWGQGTQVTVSS
seq20366,DVQLVESGGGSVQAGGSLRLSCAVSGSTYSPCTTGWYRQAPGKEREWVSSISSPGTIYYQDSVKGRFTISRDNAKNTVYLQMNSLQREDTGMYYCQIQCGVRSIREYWGQGTQVTVSS
seq20367,QVQLVETGGGLVQAGGSLRLSCAASGRTFNNDVMAWFRQAPGTEREFVALITAGGGTHYADSVKGRFVISRDNDKNMAYLQMNSLKSEDTAIYYCGADENPPGWPSRWSSAYDYWGQGTQVTVSS
seq20368,DVQLVESGGGSVQAGGSLRLSCAVSGSTYSPCTTGWVRQAPGKGLEWVSSISSPGTIYYQDSVKGRFTISRDNAKNTVYLQMNSLQREDTGMYYCQIQCGVRSIREYWGQGTQVTVSS
seq20369,QVQLVETGGGFVQPGGSLRLSCAASGVTLDYYAIGWFRQAPGKEREGVSCIGSSDGRTYYSDSVKGRFTISRDNAKNTVYLQMNSLKPEDTAVYYCALTVGTYYSGNYHYTCSDDMDYWGKGTQVTVSS
seq20370,VQLVESGGGLVQAGDSLRLSCAASGGTFSTFNMGWFRQDLGKEREFVAAIRWTGGRAYYGDSVKGRFTISRDNAKNTVYLQMNSLKPEDTAVYYCARQGTNGGGYSEATSYNYWGQGTQVTVSS
seq20371,DVQLQESGGGLVQPGGSLRLSCAASGLTLDYYAIGWFRQAPGKEREGVSCISSSDGSTYYADSVKGRFTTSRDNAKNTVYLQMNSLKPEDTAVYYCAAVPSTYYSGTYYYTCHPGGMDYWGKGTQVTVSS
seq20372,QVQLQESGGGLVQPGGSLRLSCAASGFTFSSYAMSWVRQAPGKGLEWVSAITSGGGSTSYSDAVKGRFTISRDNAKNTLYLQMNSLKPEDTAVYYCAKGYVVDFLDLAEYDSWGQGTQVTVSS
seq20373,QVQLQESGGGLVQPGGSLRLSCAASGFAFSGYAMSWVRQAPGKGLEWVSGINRDGSTSYTAPVKGRFTISRDNAKNILYLQMNSLRPEDTAVYYCAKWLGGRDWYDRGQGTQVTVS
seq20374,QVQLVESGGGLVQAGGSLRLSCAASILTYDLDYYYIGWVRQAPGKEREGVSCISSTDGATYYADSVKGRFTISRNNAKNTVYLQMNNLKPEDTAIYYCAAAPLAGRYCPASHEYGYWGQGTQVTVSS
seq20375,QVQLVESGGGSVQAGGSLRLSCAASGTIHAIGYLGWFRQAPGKEREGVAALTTYDGWTYYADSVKGRFTVSLDNAKNTVYLQMNSLKPEDTALYYCAAADDGWMFPLYHNHYEYWGQGTQVTVSA
seq20376,QVQLQESGGGLVQAGGSLRLSCAASGFTFDDYTIGWFRQAPGKEREGVSLISSSLGSTYYADSVKGRITISRDNAKNTVYLQMNSLKPEDTAVYYCAAGRDADPTIFAILRSEYPFDYWGQGTQVTVSS
seq20377,QVQLVESGGGSVQAGDSLRLSCTASGRTFTNYGMGWFRQAPGKEREFVAAIGRFGFPLYYSDSVKGRFTISRDNAKTTVYLQMHNLKPEDTAIYFCAARNPRATAEDVSAYDYWGQGTQVTVSS
seq20378,QLQLVESGGGLVQAGGSLRLSCAASGSTSNINVMGWYRQAPGKQRELVATISSGDALNYANSVEGRFTISRDAAKNTVYLQMNSLKPEDSAVYICNAYVVSSYGYRASWNDYWGQGTQVTVSS
seq20379,QVQLVESGGGLVQPGGSLRLSCAASGFTGSINYMGWYRQAPGKQRELVARFSSGGSTNYADSVKGRFTISGDNAKNTVYLQMNSLKPEDTAVYYCNAETISYVYTVVFQDYWGQGTQVTVSS
seq20380,QVQLVESGGGSVQPGGSLRLSCVVSGYTSSSRYMGWFRQVPGKGLEWVSGIKRDGTNTYYADSVKGRFTISQDNAKNTVYLQMNSLKPEDTAMYYCAAGSWYNQWGYSMDYWGKGTQVTVSS
seq20381,AVQLVDSGGGSVQAGGSLRLSCAASGYTYSICTMGWYRQAPGEGLEWVSGINADGSNTHYTDSVKGRFTISRDNAKKTLYLQMNSLKPEDTAIYYCAAHGTYDKYAPCGGFAGTYTYWGQGTQVTVSS
seq20382,QVQLVESGGGLVQPGESLRLSCGASGMSLDYYAIAWYRQAPGKEREGVSCISVSGSSAQYLDSVRGRFIISKDNTKSTAYLQMNSLKPEDTAVYYCAALADCAGYASLTFDFDSWGQGTQVAVSS
seq20383,QVQLQESGGGLVQAGASLRLSCAASERLTVDYAIGWFRQAPGKEREFVAAISWGGGLTVYGESVEGRFTISRDIAKNTMNLQMNVLRPEDTANYYCAASRISYAVWNTIPYNKLTLWGRGTQVTVSS
seq20384,EVQLQASGGGLVRPGGSLRLSCAASGFTFSSYAMMWVRQAPGKGLEWVSAINGGGGSTSYADSVKGRFTISRDNAKNTLYLQMNSLKPEDTAVYYCAKYQAAVHQEKEDYWGQGTQVTVSS
seq20385,EVQLQASGGGLVQPGGSLRLSCTASGFTDDYYAIGWFRQAPGKEREGVSCITNFDGGTYYADSVKSRFTMSRDNAKNTVYLQMNSLKPEDTAVYYCAADKGLCSWLRAGGKVTFGSWGQGTQVTVSS
seq20386,QVQLQESGGGLVQAGGSLRLSCAASGRTFNSAVMGWFRQAPGKERQFVATIDWSGEYTYYADSVKGRFTISRDNAKNTVYLQMTSLKPEDTALYYCAARLTLGQFDYWGQGTQVTVSS
seq20387,QVQLVESGGGLVQAGGSLRLSCAASGRTFTSYAMGWFRQAPGKERESVAAISSSGGSTHYADSVKGRFTISRDNSKNTVYLQMNSLKPEDTAVYYCAAAMYGSRWPDWEYDYWGQGTQVTVSS
seq20388,VQLQESGGGLVQAGGSLRLSCAASGTIFSPHYMGWYRQAPGKEREFVAGIGFGTTTNYANSVKGRFTISRDNAKNTVYLQMNSLKPEDTAVYYCAARLYPILGHTYWGQGTQVTVSS
seq20389,QVKLEESGGGLVQAGGSLRLSCSPSDRTFSAYAMGWFRQVPGREREFVATIRDSDASIYYTDSVKGRFTISRDNAKNTVYLQMNSLIPDDTAVYYCAARQYYSGRVYSTFREEYDYWGQGTQVTVSS
seq20390,QVQLVESGGGLVQAGGSLRLSCAVSGLGAHRVGWFRRAPGKEREFVAAIGANGGNTNYLDSVKGRFTISRDNAKNTIYLQMNSLKPQDTAVYYCAARDIETAEYTYWGQGTQVTVSS
seq20391,VQLVESGGGLVQAGGSLTLTCAASGRTFSSETMDMGWFRQAPGKEREFVAADSWNDGSTYYADSVKGRFTISRDSAKNTLYLQMNSLKPEDTAVYYCAAETYSIYEKDDSWGYWGQGTQVTVS
seq20392,QVQLVESGGGSVQAGGSLRLSCTASGGSEYSYSTFSLGWFRQAPGQEREAVAAIASMGGLTYYADSVKGRFTISRDNAKNTVTLQMNNLKPEDTAIYYCAAVRGYFMRLPSSHNFRYWGQGTQVTVSS
seq20393,DVQLQESGGGLVQAGHSLRLSCVGSGSRFDNYAMGWFRQAPGKEREFVAAISWSSGTTRYLDTVKGRFTISRDNAKSTVYLQMNSLKPEDTAVYYCAARYQPRYYDSGDMDGYEYDNWGQGTQVTVSS
seq20394,QVQLVESGGGLVQAGGSLRLSCAASGFTFEDYAIGWFRQAPGKEREGVSCISNLDGSTYYPDSVKGRFTASSDKAKNMVYLQMNSLKPEDTAVYYCAAVNAQGIYCTDYIIGPYGMDYWGKGTQVTVSS
seq20395,EVQLQASGGGLVQAGGSLRLSCAASGRTDSTQHMAWFRQAPGKEREFVTAIQWRGGGTSYTDSVKGRFTISRDNAKNTVYLEMNSLKPEDTAVYYCATNTRWTYFSPTVPDRYDYWGQGTQVTVSS
seq20396,QVQLVESGGGLVQPGGSLRLSCAASGITLDYYAIGWFRQAPGKEREGVSRIRSSDGSTNYADSVKGRFTMSRDNAKNTVYLQMNSLKPEDTAVYYCAYGPLTKYGSSWYWPYEYDYWGQGTQVTVSS
seq20397,QVQLQESGGGLVQPGGSLRLSCAASGSIFSTNAMGWYRQAPGKQREQVATITSGSSTNYADSVKGRFTISRDNAKNTVYLQMNSLKPEDTAVYYCNAAGATIDLADFGSWGQGTQVTVSS
seq20398,QVQLQESGGGLVQAGGSLRLSCAASGRTGSTYDMGWFRQAPGKERESVAAINWDSARTYYASSVRGRFTISRDNAKKTVYLQMNSLKPEDTAVYTCGAGEGGTWDSWGQGTQVTVSS
seq20399,VQLVESGGGLVQPGGSLRLSCAASGFTLDDYAIGWFRQVPGKEREGVACVKDGSTYYADSVKGRFTISRDNGAVYLQMNSLKPEDTAVYYCASRPCFLGVPLIDFGSWGQGTQVTV
seq20400,QVQLQESGGGLVQAGGSLRLSCAASGRTFSSYAMGWFRQAPGKEREFVAAISYSGSNTYDADSVKGRFAISRDNAKNTVYLQMNSLKPEDTAVYYCAAAGVYSGTYTDTEFDYWGQGTQVTVSS
seq20401,DVQLVESGGGLVQAGGSLRLSCAASGFTFSNYVMYWGRQAPGKGREWVSGIDSDGSDTAYASSVKGRFTISRDNAKNTLYLQMNNLKPEDTALYYCVKSKDPYGSPWTRSEFDDYWGQGTQVTVSS
seq20402,QVQLVESGGGMVQPGGSLRLSCAASGFTFSNYDMSWVRRAPGKGPEWVSTINTGGGSTSYADSVKGRFTISRDNAKNTLYLQMNSLKPEDTALYYCTIDRGLHYSDLGEYDYWGQGTQVTVSS
seq20403,QVQLVESGGGLVQAGGSLRLSCAASGRTFSSYSMGWFRQAQGKEREFVATINGNGRDTYYTNSVKGRFTISRDDATNTVYLQMNSLKPEDTAIYYCAADKDVYYGYTSFPNEYEYWGQGTQVTVSS
seq20404,VALVESGGALVQPGGSLRLSCAASGFPVNRYSMRWYRQAPGKEREWVAGMSAGDRSSYEDSVKGRFTISRDDARNTVYLQMNSLKPEDTAVYYCNVNVGFEYWGQGTQVTVS
seq20405,QVQLVETGGGLVQPGGSLRLSCGASGSIFNMYAMGWYRQAPGKRREVVARIATDDSTMYPDSVKGRFTISRDNAKNTVYLQMNSLKPEDTAVYYCYYQRTVMSQPYWGQGTQVTVS
seq20406,DVQLQESGGGLVQAGGSLRLSCAASGSISRFNAMGWWRQAPGKEREFVARIVKGGYAVLADSVKGRFTISIDSAENTLALQMNRLKPEDTAVYYCFAALDTAYWGQGTQVTVS
seq20407,QVQLVESGGGSVQAGGSLRLSCAASGYTVSTYCMGWFRQAPGKEREGVATILGGSTYYGDSVKGRFTISQDNAKNTVYLQMNSLKPEDTAIYYCAGSTVASTGWCSRLRPYDYHYRGQGTQVTVSS
seq20408,QVQLVESGGGLVQPGESLRLSCAASGSIFGIYAVHWFRMAPGKEREFTAGFGSHGSTNYAASVKGRFTMSRDNAKNTTYLQMNSLKPADTAVYYCHALIKNELGFLDYWGPGTQVTVSS
seq20409,QVQLQESGGGLVQPGGSLRLSCAASGFTLDYYAIGWFRQAPGKEREGVSCISSSGGTTNYADSVKGRFTVSRDNAKNTVYLQMNSLKPEDTAVYYCVADFACPLIREYDYWGQGTQVTVSS
seq20410,QVQLQESGGGLVQPGGSLRLSCAASGFTFSNYAMRWYRQAPGEEREFVAFISSVGGSTNYADSVKGRFTISRDNGKNTLYLQMNSLKPEDTAVYFCVARLSLISDSWGQGTQVTVSS
seq20411,QLQLVESGGGLVQPGGSLRLSCEASGKVFMINAMGWYRQAPGKQRELVAFISRRGNINYADSVKGRFTISRDNAKNTVYLQMNSLRPEDTAIYYCSADPRSNLDDGRYWGKGTPVTV
seq20412,QLVESGGGLVLAGGSLRLSCAASVRTFSHYALGWFRQAPGKEREFVAAIRWTGSSANYADSVKGRFTISRDNAKNTVDLRMNSLKPEDTAVYYCAARTVYRPGFEDPNEYAYWGQGTRVTV
seq20413,EVQLVESGGGLVQPGGSLRLSCAASDFDFYDYEMSWVRQAPGKALEWIGNIYYSGDTFYNPSLKSRVTISRDNSKNTLYLQMNSLRAEDTATYYCARVESGSGWLDFWGQGTLVTVSS
seq20414,QVQLVESGGGLVQAGGSLRLSCAASGFPVWQGEMAWYRQAPGKEREWVAAISSMGYKTYYADSVKGRFTISRDNAKNTVYLQMNSLKPEDTAVYYCAVMVGFWYAGQGTQVTVSA
seq20415,QLQLVESGGGLVQPGDSLRLSCAVSGSALDYNAIGWFRQAPGKEREGVACISKITGNTAYADSVKGRFTISRDNAKNTVHLQMNSLKPEDTAVYYCATVTAVLLPGRCVPGKYWGQGTPVTVSS
seq20416,HVQLVESGGGLVQAGGSLRLSCAASGRTFSRYAAGWFRQAPGKEREFVAVIEWDGDSAYYADPVKGRFTISRDNAKNTVYLQMNRLKPEDTAVYICAVGGNHYSRSKYYNLDEYDDWGQGTQVTVSS
seq20417,QVQLQESGGGLVQPGGSLRLSCAASGFTFKMYAMSWVRQAPGKGLEWVSSINSAGGSTSYVDSVKGRFTISRDNAKNTLYLQMNSLKPDDTAVYYCVQGRNWPYDYRGQGTQVTVSS
seq20418,QVQLQESGGGLVQAGGSLNLSCVASGSSHFNSMGWYRQAPGKQRDLVADISNDGVTNYADSVKDRFTISTNNAKNAVYLQMNNLKPEDTAVYYCNAVAVAGRAFSYWGQGTQVTVSS
seq20419,QVQLQESGGGLVQPGGSLRLSCAASGRTFSMYAMAWFRQAPGKQREFVGTISRSGDYALHADAVKGRFTISRDNAKNTVYLQMNSLKLEDTAVYYCAAGAYHSKDKTLYDYWGQGTQVTVSS
seq20420,QLVETGGGLVQSGGSLRLSCAASGFTLDNYNIGWFRQAPGKEYGGVSCISSSDGSTYYADSVKGRFTISRDNAKNTVYLQMNNLKPEDTDVYYCAATKYGSSCPIRPYDYWGQGTQVTVSS
seq20421,QVQLVESGGGLVQAGGGSLRLSCAASGYPHPYLHMGWFRQAPGKEREGVAAMDSGGGGTLYADSVKGRFTISRDKGKNTVYLQMDSLKPEDTATYYCAAGGYQLRDRTYGHWGQGTQVTVSS
seq20422,QMQLVESGGGLVQAGGSLRLSCAVSGSIFSIITLAWYRQAPGKPRENVATITRGSRTSYCDSVKGRFTISKDNAKSTVYLQMNKLKPEDTADYYCNAEGPAGYWGQGTPVTVSA
seq20423,EVQLVESGGGLVQPGGSLRLSCAASGFNFSSSSIHWVRQAPGKGLEWVASISSSSGSTSYADSVKGRFTISADTSKNTAYLQMNSLRAEDTAVYYCARFYSRYSWYGYSYGWSRAFDYWGQGTLVTVSS
seq20424,AVQLQESGGGLVQAGGSLRLSCTASGRISSSYDMGWFRQAPGKEREFVAAISWSGGTTDYADSVKGRFAISKDNAKNAVYLQMNSLKPEDTAVYYCAAKWRPLRYSDYPSNSDYYDWGQGTQVTVSS
seq20425,QVQLAETGGGLVEPGGSLRLSCAAPEFRLQYYTAGWFRQAPGKEREWVACISAGGGVTYYTGSVQGRFTISRDNAKRTVYLQMDSLKPEDTAVYSCAADLEYSQIMPSCRGSYGVRGQGTQVTVSS
seq20426,QMQLVESGGGLVQAGGSLRLSCAVSGSIFSIITLAWYRQAPGKPRENVATITRGSRTSYADSVKGRFCISKDNAKSTVYLQMNKLKPEDTADYYCNAEGPAGYWGQGTPVTVS
seq20427,QLQLAESGGGLVQAGGSLNLSCIASRRTLSTSFMAWFRQVPGKEREFVAALRSSDGRPYYGDSVKGRFTVSRDNANTVYLQMNSLKPEDTAIYYCALNRGYSGTGYPSKQYEYNDWGQGTQVTVSS
seq20428,QVQLVESGGGLVQPGGSLRLSCAASGFTFSSYAMSWFRQAPGKEREIVSAVSGSGGSTYYADSVRGRFTISRDNSKNTLYLQMNSLRAEDTAVYYCAREPRIPRPPSFDYWGQGTLVTVSS
seq20429,QVQLVESGGGLVRPGGSLRLSCAASGSIFTIYAMGWYRQAPGKQRELVARITFGGDTNYADSVKGRFTISRDNAKNAVYLQMNSLKPEDTAVYYCNAEETIVEEADYWGQGTQVTVSS
seq20430,QVQLQESGGGLVQAGGSLRLSCAASGNIFDVDIMGWYRQAPGKERELVASITDGGSTDYADSVKGRFTISRDNAKNTVYLQMNSLKPEDTAVYYCAAVAYPDIPTYFDYDSDNFYWGQGTQVTVSS
seq20431,QVQLQESGGGLVQAGGSLRLSCAASGRTFTSFAMGWFRQAPGKEREFVASISRSGTLTRYADSAKGRFTISVDNAKNTVSLQMDNLNPDDTAVYYCAADLHRPYGPGTQRSDEYDSWGQGTQVTVSS
seq20432,QVQLQESGGGLVQAGGSLRLSCAASGRMFSINSMGWYRQAPGKERELVATISEAGTTTYADSVRGRFTIARDNAKNTVYLQMNSLNPEDTAVYYCNAYIQLDSTIWFRAYWGQGTQVTVSS
seq20433,QVQLVESGGGLVQAGGSLRLSCAVSGRTISTFGMGWFRQAPGKEREFVATITRDEDMLLYADSVKGRFTISRDTAKNMVFLQMNSLKIEDTALYYCAVRRDSSWGYSRQSTEYDYWGQGTQVTVSS
seq20434,QVQLVESGGGLVQAGGSLRLSCAASGFPVGRVMYWYRQAPGKEREWVAAISSHGDMTAYADSVKGRFTISRDNAKNTVYLQMNSLKPEDTAVYYCEVYVGYFYHGQGTQVTVSA
seq20435,QVQLVESGGGLVQAGGSLRLSCAVSGAGAHRVGWFRRAPGKEREFVAAIGASGGMTNYLDSVKGRFTISRDNAKNTIYLQMNSLKPQDTAVYYCAARDIETAEYIYWGQGTQVTVSS
seq20436,QVKLEESGGGLVQAGGSLRLSCAASGSTFSIYTMGWFRQAPGKEREFVADISWNGGSTYYADSVKGRFTIYRDNYKNTVYLQMNSLKPEDTAVYYCNADDLMIDRDYWGQGTQVTVSS
seq20437,QVQLVETGGGLVQTGGSLRLSCKASGRTFSNSIMGWFRQAPGKERDFVAKISWRNDYTTYADSVKGRFTISRDNASNMVYLLMNNLKPEDTAVYYCAATKAYNGGETSGRGFYYWGQGTQVTVSS
seq20438,QVKLEESGGGSVQAGGSLRLICTAPGLTHNNCGLDWYRRAPGKEREFVSSISADGTTSYADSVKGRFTISKDKVEDTVYLQMNSLKPEDTAIYSCKTAFPYFGNSCVLDYWGQGTSVTVSS
seq20439,QVQLVESGGGLVQAGGSLRLSCAASGLTFSKYAMGWFRQAPGKERKFVATISWSGDSAFYADSVKGRFTISRDNARNTVYLQMNSLKPEDTAVYYCAADRGMGYGDFMDYWGQGTSVTASS
seq20440,QLQLVESGGGLVQAGGSLRLSCVASGRTFRSNAMGWFRQAPGKEREFVAAIRWSGGSTYYADSVKGRFTISRDNAKNTVYLQMNSLKPEDTAVYLCAAGVWRSSGWDTPDYWGQGTQVTVSS
seq20441,QVQLVESGGGLVQPGGSLRLSCAASGFTNDFYSIAWFRQAPGKEREGVSWLSVSDNTPTYVDSVKDRFTISRHNANNTVYLQMNMLKPEDTAIYYCAAGRFAGRDTWPSSYDYWGQGTQVTVSS
seq20442,QVQLVESGGGLVQAGGSLRLSCAASGRTFSTYAMGWFRQAPGKEREFVSACSWSGGITRYADSVKGRFTISRDNAKNTVYLQMNSLKPEDTAVYYCASAASSAAYSGAYYYTSYYDYWGQGTQVTVSS
seq20443,QVQLVESGGGLVQAGGSLRLSCAASERTFTIYAMGWFRQAPGKEREFVAAISRSGENTDYADSVKGRFTISRDNNKNTISLQMNSLKPEDTAVYYCAAGRAILVHTTKKEYDHWGQGTQVTVSS
seq20444,EVQLLESGGGLVQPGGSLRLSCAASGFTFEEYAMLWVRQAPGKGLEWVSGINARGYTTYYADSVKGRFTISRDNSKNTLYLQMNSLRTEDTAVYYCAKPWYPFMASKGSEFDYWGQGTLVTVSS
seq20445,QLQLVESGGGLVQAGGSLRLSCAASGRTFSSYAMGWFRQAPGKEREFVAVVNWSGRRTYYADSVKGRFTISRDNAKNTVYLQMNSLKPEDTAVYNCAAGKWDGSYYGAPDYWGQGTQVTVSS
seq20446,QVQLQESGGGSVQPGGSLTLSCAASGYAVSRYSMGWFRQAPGKENEGVAAIDSSGVGTTYADSVKGRFTISRDNAKDTVYLRMNSLKPEDTAIYYCASGFGLSLSRYTYAYWGQGTQVTVSS
seq20447,QVKLEESGGGSVQAGGSLRLSCAASGHTYSTYAMGWFRQVPGKEREGVARINVGGSSTWYADSVRDRFTISQDNAKNTVYLQMNSLKLEDTAIYYCTLHRFANTWSLGTLNVWGQGTQVTVSS
seq20448,AVQLAASGGGAVQAGASLALSCAAAAAAAAAAAAAWARQAPGAAREAVAAAAAAAAAAAAADSAAGRFTASADAAAAAAALQAAALAAADAAAYYCAAAAAAAAAAAAAAWGAGTAVTVSS
seq20449,QVQLQESGGGLVQPGGSLRLSCAASGRTISRYAMSWFRQAPGKEREFVAVARRSGDGAFYADSVQGRFTVSRDDAKNTVYLQMNSLKPEDTAVYYCAIDSDTFYSGSYDYWGQGTQVTVSA
seq20450,DVQLQESGGGSVQAGGSLTLSCTASGLLFRLASMGWYRQAPGKERELIATITVGGKTNYKDSVQGRFIITRDNTGDNTKSTVTLQMNRLKPEDTAVYYCNTASPAVGADTWGQGTRVTVSS
seq20451,QVQLQESGGGLVQAGGSLRLSCAASGRTFSSDVMGWFRQAPGKEREFVAAVTRSGGKSYNADSVKGRFTISRDNAKNTVSLQMNSLKPEDTAVYYCAAGDTAITSWYGYDYWGQGTQVTVSS
seq20452,QVQLVESGGGSVQAGGSLRLSCVASGDIKYISYLGWFRQAPGKEREGVAALYTSTGRTYYADSVKGRFTVSLDNAKNTVYLQMNSLKPEDTALYYCAAAEWGSQSPLTQWFYRYWGQGTQVTVSA
seq20453,QVQLVESGGGSVQAGGSLRLSCAASGKIHEIGYLGWFRQAPGKEREGVAALMTFQGQTYYADSVKGRFTVSLDNAKNTVYLQMNSLKPEDTALYYCAAAYWGKQSPLISWDYSYWGQGTQVTVSA
seq20454,QVQLVESGGGSVQAGGSLRLSCAASGQIEHIGYLGWFRQAPGKEREGVAALITYTGHTYYADSVKGRFTVSLDNAKNTVYLQMNSLKPEDTALYYCAAAEWGSQSPLTQWFYRYWGQGTQVTVSA
seq20455,EVQLVESGGGSVQPGGSLRLSCTASGYTFSQEFVIWFRQAPGKEREIVSGISLRKGWTYYADSVKGRFTISQDNAKNTVYLQMNNLKPEDTAMYYCAAAPTATHALYFDYWGQGTQVTVSS
seq20456,QVQLQESGGGLVQAGGSLRLSCAASTRTTSRYTVGWFCQAPGKEREFVAAVHWSGGSTWYADSVKGRFTISRDNAKNTVYLQMNSLKQEDTAVYYCAAAEPRRYSYYMRPDEYNYWGQGTQVTVSS
seq20457,DVQLQESGGGLVQPGGSLRLSCAASGNIVSIDAAGWFRQAPGKQREPVATILTGGATNYADSVKGRFTISRDNAKNTVYLQMNSLKPEDTAVYYCYAPMIYYGGRYSDYWGQGTQVTVS
seq20458,QVQLQESGGGLVQAGGSLRLSCTASGFTFDSYHMGWFRRAPGKEREFVAAVSRVTWLIDIADSVKGRFTISRDNAKNTVYLEMNSLKPEDTAQYFCAASQQRLSRSDVQYDYWGQGTQVTVSS
seq20459,QVQLQESGGGLVQPGGSLRLSCIASGRTFNPYGMGWFRQVPGKERTFVSGITWIGGTTYYVNSVKGRFTISRDRAKNTVYLQMNSLKPEDTAVYYCAADKDNTGYNYWGQGTQVTVSS
seq20460,QVQLQESGGGLVQPGGSLRLSCVVSGDRRTIYTMGWFRQAPGNQGELVATMTSSGVTTYVDSVKGRFSISRDSAEDSAKNTVSLQMNSLKPEDTAFYTCYEESRRPLGSRNTYWGQGTQVTVSS
seq20461,QVQLQESGGGLVQAGGSLRLSCAASGRTFSLTTMGWFRQAPGEDRAFVTSISRAAYTYYADSVKGRFTISRDNAKNMVSLQMNSLKPEDTAVYVCAGKGQGGTWDYWGQGTQVTVSS
seq20462,EVQLVESGGGLVQPGGSLRLSCAASGSISSVDVMSWYRQAPGKQRELVAFITDRGRTNYKVSVKGRFTISRDNSKNMVYLQMNSLKPEDTADYLCRAESRTSWSSPSPLDVWGRGTQVTVSS
seq20463,EVQLLVSGGGLVQPGGSLRLSCAASGFTFKAYPMMWVRQAPGKGLEWVSEISPSGSYTYYADSVKGRFTISRDNSKNTLYLQMNSLRAEDTAVYYCAKDPRKLDYWGQGTLVTVSS
seq20464,QVQLQESGGGSVQAGGSLRLSCAASGYTYRDYYMGWFRQAPGREREGVASIYTRGSREGSTRYSSSVEGRFTITLDTAKNTLYLQMNSLKPEDTAMYYCAADDRTWLPRVQLGGPRENEYNYWGQGTQVTVSS
seq20465,QVQLQESGGGSVQAGGSLRLSCAASSYTISSVCMGWFRQAPGKEREGVAGIAPDGSTGYGDSVKGRFTISKDNAKNTLYLQMNSLKPEDTAMYYCAAASPGRCFLPRTALEPALYYNWGQGTQVTVSS
seq20466,EVQLVESGGGLVQPGGSLRLSCAATGFTLENKAIGWFRQTPGSEREGVLCISKSGSWTYYTDSMRGRFTISRDNAENTVYLQMDSLKPEDTAVYYCATTTAGGGLCWDGTTFSRLASSWGQGTQVTVSS
seq20467,QVQLQESGGGLVQAGGSLRLSCVASGRTFSSLNIVWFRQAPGKERKFVAAINDRNTAYAESVKGRFTISRDNAKNTVHLQMNSLKPEDTAVYYCHSADVNGGMDYWGKGTQVTVSS
seq20468,EVQLVESGGGLVQAGGSLKLSCAASGRTYAMGWFRQAPGKEREFVAHINALGTRTYYSDSVKGRFTISRDNAKNTEYLEMNNLKPEDTAVYYCTAQGQWRAAPVAVAAEYEFWGQGTQVTVS
seq20469,EVQLVESGGGLVQPGGSLRLSCAVSISIFDIYAMDWYRQAPGKQRDLVATSFRDGSTNYADSVKGRFTISRDNAKNTLYLQMNSLKPEDTAVYLCHVSLYRDPLGVAGGMGVYWGKGALVTVSS
seq20470,QVQLAESGGGLVQAGGSLKLSCAASGRDFSMYMLAWFRQAPGKEREFVAAIMCSGGGGGTYYADSMQGRFTISRDNAKKTVALQMNSLKPEDTAVYYCAASTTYCSATTYSSDRLYDFWGQGTQVTVSS
seq20471,QVQLVESGGGLAQPGGSLRLSCEASGFGTWFRFDENTVNWYRQPPGKSREFDELVARYPKSGIVTYLDSVKGRFTISRDNAKKMAFLQMDNLKPEDTAVYYCNVGEFWGQGTQVTISS
seq20472,QVQLQESGGGLVQAGGSLRLSCAASGQTFSGYVTGWFRQAPGKEREFVALIAWSGGRLYYADSVQGRFTISRDNAETTVYLQMNSLKPEDTAVYYCAAKRGGAVTAAEWYDYWGQGTQVTVSS
seq20473,QVQLVESGGGLVQAGDSLRLSCAASGRPFSNYAMGWFRQAPGKERERVASINWSGTDTDYADSVKGRFTISRDNAKRTLYLQMNTLKPEDTAVYYCAARVGVDYKYWGQGTQVTVSS
seq20474,QVQLVESGGGLVQAGGSLRLSCAASGLTFSRYVMGWFRQAPGKEREFVAAITWGGTPNYADSVKGRFTISRDNSKNTQYLQMNSLKPEDTAVYYCAAGLGWDSRYSQSYNYWGQGTQVTVSS
seq20475,EVQLVESGGGLVQPGGSLRLSCAASGFTLDYYSIGWFRQAPGKEREGVSCISDSDGRTYYADSVKGRFTISRDNAKNTVYLQMNSLKPEDTAVYYCATDCTVDPSLLYVMDYYGKGTQVTVSS
seq20476,QVQLQESGGGLVQAGGSLRLSCAGSGRTFSSYNMGWFRQAPGKEREFVGGISWTGRSADYPDSVKGRFTISRDNAKNAVYLQMNSLKPEDTAVYYCAAKQYGSRADYPWDDYDYWGQGTQVTVSS
seq20477,QVQLVESGGGLVQAGGSLRLSCAASRRSSRSWAMAWFRQAPGKEREFVAKISGDGRLTTYGDSVKGRFTISRDNAEYLVYLQMDSLKPEDTAVYYCAADDNYVTASWRSGPDYWGQGTQVTVSS
seq20478,QVQLVESGGGLVQAGGSLRLSCAASGFPVAWNEMRWYRQAPGKEREWVAAIASIGVTTYYADSVKGRFTISRDNAKNTVYLQMNSLKPEDTAVYYCNVKDYGMAFWYYDYWGQGTQVTVSA
seq20479,QVQLVESGGGLVQAGGSLRLSCAASGSIVNFETMGWYRQAPGKERELVATITNEGSSNYADSVKGRFTISGDNAKNTVSLQMNSLKPEDTAVYYCSATFGSRWPYAHSDHWGQGTQVTVS
seq20480,QVQLQESGGGLVQPGGSLRLSCAAPGFRLDNYVIGWFRQAPGKEREGVSCISSSAGSTYYADSVKGRFTISRDNAKNTVYLQMNSLKPEDTAVYYCATACYSSYVTYWGQGTQVTVSS
seq20481,QVQLQESGGGLVQPGGSLRLSCAASGSIFSDNDMGWYRQPPGKQREWVATITYDHVTWYADSVKGRFAISRDNAKNTVYLQMNDLKPEDTAVYYCNAVPGRRGSWGQGTQVTVSS
seq20482,ESGEMLFTVKKSLRLSCAASGRTFSTAAMGWFRQAPGKERDFVAGIYWTVGSTYYADSAKGRFTISRDNAKNTVYLQMDSLKPEDTAVYYCAARRRGFTLAPTRANEYDYWGQGTQVTVSS
seq20483,QVQLQESGGGLVQPGGSLKLSCAASGFTFSRYAMSWYRQAPGKERESVARISSGGGTIYYADSVKGRFTISREDAKNTVYLQMNSLKPEDTAVYYCYVGGFWGQGTQVTVSS
seq20484,QVQLVESGGGLVQAGGSLRLSCAASQRTFSPYVGGWFRQAPGKEREFVAAISWSGGTKLYADSVKGRFTISRDNAKNTVYLQMNTLKREDTAVYYCAARRINEVLTTAPDYDFWGQGTQVTVSS
seq20485,EVQLVESGGGLVQAGDSLRLSCAASGLTFSRYAMGWFRQAPGNEREFVAVITASGRTTLYADSVKGRFTISRDNAKNTVALQMQSLKPEDTAVYYCAADYGTSRYTRRQSEYEYWGQGTQVTVSS
seq20486,ESGGGLVQAGGSLRLSCAASGSISPKNWMGWYRQAPGKEREFVATIDYGANTNYADSVKGRFTISRDNAKNTVYLQMNSLKPEDTAVYYCAADYDYGDRQRYGHLYWGQGTQVTVSS
seq20487,QVQLQESGGGLVQAGGSLRLSCAASGSIFSINVMGWYRQAPGKQRELLASITSRGSTNYADSVKDRFTISRDNAKNTVYLQINSLKPEDTAVYYCNSRGWTTTRGDYDYWGQGTQVTVSS
seq20488,QVQLVESGGGSVQAGGSLRLSCAASGVPSSSRVMGWFRQAPGKQREFVAAISWTSGNVYYADSVKGRFTITRDNAKNTMYLQMDSLKPEDTAVYYCNARRIRFGVRVYDYWGQGTQVTVSS
seq20489,VQLVETGGGTVQTGGSLRLSCSASGGSFSRNAMGWFRQAPGKEREFVAAINWSASSTYYRDSVKGRFTVSRDNAKNTVYLHLNSLKLEDTAAYYCAGSSVYAEMPYADSVKATSYNYWGQGTQVTVSS
seq20490,EVQLVESGGGLVQPGGSLRLSCAASRSIISNNAMGWYRQAPGKQRELVARISSGGRTTYADSVKGRFTISRDNAKTTVYLQMNSLKPEDTAVYYCNAASLVRGPLDHWGQGTQVTVSS
seq20491,QVQLQESGGGLVQAGGSLRLSCAASGSIFSINTMGWYRQAPGKQRELVAAIHSGGSTNYANSVKGRFTISRDNAANTVYLQMNSLKPEDTAVYYCNVKDYGAVLYEYDYWGQGTQVTVSS
seq20492,EVQLVESGGGLVQAGGSLRLSCAASGRTSGALNVAWYRQATGKEREYVARLWWNDGTTYYSDSVKGRFTISSDNAKKIVYLQMNRLKPDDTAIYYCAVRTPSSQTLYWGQGTQVTVSS
seq20493,EVQLLESGGGLVQAGDSLRLSCAASGRTFSAYAMGWFRQAPGKEREFVAAISWSGNSTYYADSVKGRFTISRDNAKNTVYLQMNSLKPEDTAIYYCAARKPMYRVDISKGQNYDYWGQGTQVTVSS
seq20494,QVQLQESGGGLVQAGGSLRLSCAASGRTSSAYAMGWFRQAPGKEREFVAGISSKGGSTYYGASMKGRFTISRDNAKNTVYLQMNGLAPEDTAVYYCAASDKYNFDTSHAGYGYWGQGTQVTVSS
seq20495,QVQLQESGGGLVQAGGSLRLSCAASGSIFGADWMGWYRQAPGKEREFVAGIGHGASTYYADSVKGRFTISRDNAKNTVYLQMNSLKPEDTAVYYCAVQYTQGWSGQYRSYDSLLYWGQGTQVTVSS
seq20496,QVQLVESGGGLVQAGGSLRLSCAASGYIFGRNAMGWYRQAPGKERELVAGITRRGSITYYADSVKGRFTISRDNAKNTVYLQMNSLKPEDTAVYYCAADPASPAYGDYWGQGTQVTVSS
seq20497,QVQLVESGGGLVQAGGSLRLSCAASGIIFGRNAMGWYRQAPGKERELVAGITRRGSITYYADSVKGRFTISRDNAKNTVYLQMNSLKPEDTAVYYCAADPASPAPGDYWGQGTQVTVSS
seq20498,QVQLQESGGGSVQVGGSLRVACAASGDTFSGYLAAWFRQAPGKGREGVAAINSKRHTTSYADSVKGRFTISKDNADNIMYLEMNSLKPEDTAIYYCAAADAIGLAEYWSTPTLSAARYKYWGQGTQVTVSS
seq20499,QVKLEESGGGLVQAGGSLRLSCAASGRTYSTYAMGWFRQTPGKERELVAAINWSGGNTHYADSVKGRFTISRDNAKSTVYLQMNSLKPEDTAVYYCAAPKGHTGDHYWGPGTQVTVSS
seq20500,QVQLQESGGGLVQPGGSLRLSCAASGRTISRYAMSWFRQAPGKEREFVAVARRSGDGAFYADSVQGRFTVSRDDAKNTVYLQMNSLKPEDTAVYYCAIDSDTFYSGSYDYWGQGTQVTVSS
seq20501,HVQLVESGGGLVQPGGSLRLSCAASGRSFNSYLMGWFRQAPGKEREFVAWISGSPHDIIRYRDSVKDRFTISRDNAKNTVYLQMNSLKPVDTAVYYCAVGSLRVGSFSPDYWGQGTQVTVSS
seq20502,DVQLVESGGGLVHPGGSLRLSCAASGRTFSDYALGWFRQAPGKDREFVAAISWSGGSTYYADSVQGRFTISRDNDKNSVYLQMNSLKPEDTAVYYCAADKYYTGPGGESVYDYWGRGTQVTVSS
seq20503,QVQLQESGGGLVQPGGSLRLSCAPSGPFSPNSMGWYRQAPGKQRELVAVMTIDGRTNYQDSVKGRFTISRDYVKNTAYLQMNNLKPDDTAVYICNAETRGFMHWGQGTQVTVSS
seq20504,QVQLVESGGGLMQAGGSLRLSCAVSGRTFSTAAMGWFRQAPGKEREFVAAIRWSGGSAYYADSVKGRFTISRDKAKNTVYLQMNSLKYEDTAVYYCARTENVRSLLSDYATWPYDYWGQGTQVTVSS
seq20505,QVQLVESGGGLVQPGGSLRLSCAASGFTLDDYAIGWFRQAPGKEREGVSFITSSDGSTYYVDSVKGRFTISRDNAKNTVYLQMNSLTPEDTAIYYCAVGPSFSYTGSTYYRSELPWDYDYWGQGTQVTVSS
seq20506,QVQLQESGGGLVQPGGSLRLSCAASGKMSSRRCMAWFRQAPGKERERVAKLLTTSGSTYLADSVKGRFTISQNNAKSTVYLQMNSLKPEDTAMYYCAADSFEDPTCTLVTSSGAFQYWGQGTQVTVSS
seq20507,QVQLVETGGGLVQAGGSLRLSCAASGSIFSLNAMGWFRQAPGKEREFVATINRSGGRTYYADSVKGRFTISRDNGKNMVYLQMHSLKPEDTAIYYCAAGTGWSPQTDNEYNYWGQGTQVTVSS
seq20508,QVQLVESGGGLAQPGGSLRLSCAASGSTISSVAVGWYRQTPGNQREWVATSSTSSTTATYADSVKGRFTISRDNAKNTIYLQMNSLKPEDTAVYYCKTGLTNWGRGTQVTVSS
seq20509,QVQLQESGGGLVQPGGSLRLSCAVSGFTLDYYAIGWFRQAPGKEREGVSCISSSGGNTKYADSVKGRFTASRDNAKNTFYLQMNSLKPEDTAVYYCAAIAATYYSGSYYFQCPHDGMDYWGKGTQVTVSS
seq20510,QVQLVQSGGGLVQAGGSLRLSCAFSGRTFSMYTMGWFRQAPGKEREFVAANRGRGLSPDIADSVNGRFTISRDNAKNTLYLQMDSLKPEDTAVYYCAADLQYGSSWPQRSSAEYDYWGQGTTVTVSS
seq20511,QVQLQESGGGSVQTGGSLTLSCAASGYAVSLYSMGWFRQAPGKELEGVAGISSSGVDTTYADSVKGRFTISRDNAKDTMYLQMNSPKPEDTAIYRCAAGFGLSLSRYTYAHWGQGTQVTVSS
seq20512,QVQLVESGGGLVQPGGSLTLSCTASGFTLDHYDIGWFRQAPGKEREGVSCINNSDDDTYYADSVKGRFTIFMNNAKDTVYLQMNSLKPEDTAIYYCAEARGCKRGRYEYDFWGQGTQVTVSS
seq20513,DVQLVESGGGLVQAGGSLRVSCAASGRTFSSYSMGWFRQAPGKEREFVAAISRSDNSTYYADSVKGRFTISRDSAKNTVYLQMNSLKPEDTAVYYCAATPYGSRYYLRELREYDYWGQGTQVTVSS
seq20514,QVQLQESGGGLVQAGGSLRLSCAASGIWFSINNMAWYRQTPGKQRERIAIITSAGTTNYVDSVKGRFTISRDDAKNTMYLQMNSLIPEDTAVYYCNLVADYDMGFQSFWGRGTQVTVSS
seq20515,QVQLVESGGGSVQAGGSLRLSCAASGYIYQIEYLGWFRQAPGKEREGVAALATWNGQTYYADSVKGRFTVSLDNAKNTVYLQMNSLKPEDTALYYCAAAYEGDTSPLYYEEYGYWGQGTQVTVSA
seq20516,QVQLVESGGGLVQPGGSLRLSCEASGFTLDYYGIGWFRQPPGKEREAVSYISASARTILYADSVKGRFTISRDNAKNAVYLQMNSLKREDTAVYYCARRRFSASSVNRWLADDYDVWGRGTQVAVSS
seq20517,QVQLVESGGGLVQTGGSLRLSCASSGSIAGFETVTWSRQAPGKSLQWVASMTKTNNEIYSDSVKGRFIISRDNAKNTVYLQMNSLKPEDTGVYFCKGPELRGQGIQVTVSS
seq20518,QVQLVESGGGLVEAGGSLRLSCVVTGSSFSTSTMAWYRQPPGKQREWVASFTSGGAIKYTDSVKGRFTMSRDNAKKMTYLQMENLKPEDTAVYYCALHNAVSGSSWGRGTQVTVSS
seq20519,QVQLVESGGGLVQAGGSLRLSCAASGRTFRNYYMGWFRQAPGKERDIVAAISWSGGSTYYADSVKGRFTISRDNAKNTVYLQMNSLKPEDTAVYYCNARSGGSAWQGDFGSWGQGTQVTVSS
seq20520,QVQLVESGGGLVQAGGSLRLSCAVSGRTTANYNMGWFRQAPGKEREFVAGIKWSSGSTYVADSAKGRFTISRDNAKNSVYLQMDSLKPEDTALYYCAANYYGVSWFLISPSSYDYWGQGTQVTVSS
seq20521,QVQLVESGGGLVQPGGSLRLSCAASGFTLDYYAIGWFRQAPGKEREGVSCISSSGGSTHFADSVKGRFTISRDNAKNTVYLQMNSLIPEDTAVYYCAAQSGSYYWCGSDWHEYEYWGQGTQVTVSS
seq20522,QVQLVETGGGGLVQAGGSLRLSCAASGSISSLNAMGWYRQAPGKERELVADISASGRTNYADSVKGRFTISRDNAKNTVSLQMNSLKPEDTAVYYCNAVGGTYYYDEYDYWGQGTQVTVS
seq20523,QVQLQESGGGLVQTGGSLRLSCTASGRTFSSLAMGWFRQAPGKEREFVAAISWSTGITDYSDSVKGRFTMSRDNAKSTVYLQMNSLKPEDTAVYYCAAVDRHSPGSAWYNRNFGSWGQGTQVTVSS
seq20524,QVQLQESGGGLVQPGGSLRLSCAASGRTFSNYRMGWFRQAPGKEREFVATISQSGAATAYADSVKGRFTFSRDNAKNLLYLEMLSLEPEDTAVYYCAASSRVFYTEVLQTTTGYDYWGQGTQVTVSS
seq20525,DVQLQASGGGSVQAGGSLRLSCAASGYTIGPYCMGWFRQAPGKEREGVAAINMGGGITYYADSVKGRFTISQDNAKNTVYLLMNSLEPEDTAIYYCAADSTIYASYYECGHGLSTGGYGYDSWGQGTQVTVSS
seq20526,QVQLQESGGGSVQAGGSLTLSCAASGYAVSRYSMGWFRQAPGKENEGVAAIDSSGVGTTYADSVKGRFTISRDNAKDTVYLRMNSLKPEDTAIYYCASGFGLSLSRYTYAYWGQGTQVTVSS
seq20527,QVQLVESGGGSVQAGGSLRLSCAASGSISSITYLGWFRQAPGKEREGVAALITVNGHTYYADSVKGRFTVSLDNAKNTVYLQMNSLKPEDTALYYCAAAAWGYAWPLHQDDYWYWGQGTQVTVSA
seq20528,QVQLVESGGGLVQAGGSLRLSCAASGFPVQAREMEWYRQAPGKEREWVAAIKSTGTYTAYAYSVKGRFTISRDNAKNTVYLQMNSLKPEDTAVYYCYVYVGSSYIGQGTQVTVSA
seq20529,QVQLVESGGGLMQAGGSLRLSCAVSGRTFSTAAMGWFRQAPGKEREFVAAIRWSGGSAYYADSVKGRFTISRDKAKNTVYLQMNSLKYEDTAVYYCAQTHYVSYLLSDYATWPYDYWGQGTQVTVSS
seq20530,QVQLQESGGGSVQAGGSLRLSCVVSGNTGSTGYWAWFRQGPGTEREGVAATYTAGSGTSMTYYADSVKGRFTISQDNAKKTLYLQMNSLKPEDTGMYRCASTRFAGRWYRDSEYRAWGQGTQVTVSS
seq20531,QVQLVESGGGLVQAGGSLRLSCAASGFPVYAYEMYWYRQAPGKEREWVAAISSSGTWAGYADSVKGRFTISRDNAKNTVYLQMNSLKPEDTAVYYCNVKDWGASWAYYDYWGQGTQVTVS
seq20532,QVQLQESGGGLVQPGGSLRLSCAASGFTFSNYKMNWVRQAPGKGLEWVSDISQSGASISYTGSVKGRFTISRDNAKNTLYLQMNSLKPEDTAVYYCARCPAPFTRDCFDVTSTTYAYRGQGTQVTV
seq20533,QVQLQESGGGLVQAGGSLRLSCAASGRTFSSYAMGWFRQAPGKEREFVGAIDLSGLYKHYGDSVKGRFTISRDNAKNTVYLQMSSLKPEDTAVYYCAAAGIYYAGSYSPLLYDYWGQGTQVTVSS
seq20534,QVQLQESGGGLVQTGDSLRLSCAGAERSFNSYTMGWFRQAPGKEREFVAAIAFSGGFTYYAEAVKGRFTISRDSGKNTVYLQMNSLKPEDTAVYYCAARFYGGGYYYQQREYSFWGQGTQVTVSS
seq20535,QVQLQESGGGLVQAGDSLRLSCAASGRTFSGYIMAWFRQTPGKERELVARLGPSSSIQYYRDSVKGRFTLSRDNAKNTLYLQMNSLKPEDTAVYYCAFTLKWSSDYRSHNAYDYWGQGTQVTVSS
seq20536,QVQLQESGGGSVQAGGSLRLSCAASGFPISTYDMGWFRQAPGKEREGVVGITDSFSIKYEDSVKGRFTISRDNAKNALYLQMNSLKPEDTGMYYCAAGDARWSLLLRAEQYNYWGQGTQVTVSS
seq20537,EVQLVESGGGLVQAGDSLTLSCAASGRTFSSVAMGWFRQAPGKERKFVANISWNGDSTYYTDSVKGRFTISRDNAKNTVYLQMSSLKPEDTAVYYCAADVRWTGDGHRADYWGQGTQVTVSS
seq20538,DIQMTQSPSSLSASVGDRVTITCRASQDVNTAVAWYQQKPGKAPKLLIYSASFLYSGVPSRFSGSRSGTDFTLTISSLQPEDFATYYCQQHYTTPPTFGQGTKVEIK
seq20539,QVQLQESGGGLVQAGDSLRLSCTTSGSSLSRYGVGWFRQAPGEEREFGASISWNGATYYADSVKGRFTISRDNAKNTVYLQMNSLKAEDTAVYYCAARSDGYLTPYLSPVYWGQGTQVTVSS
seq20540,QVQLVESGGGLVQAGGSLRLSCAASEFRAEHFAVGWFRQAPGKEREGVSCVDASGDSTAYADSVKGRFTISRDNNKNVVYLQMDSLEPEDTGDYYCGASYFTVCAKSMRKIEYRYWGQGTQVTVSS
seq20541,QVQLQESGGGLVQAGGSLRLSCAAAGRNLRMYRMGWFRQAPGKEREFVGTMVWSSDTIYYADSVKGRFIISRDNAKNTVYLQMNSLKPEDTAVYYCAAGAGWAGTMTDYNYWGQGTQVTVSS
seq20542,EVQLLESGGGLVQPGGSLRLSCAASGFRISDEDMGWVRQAPGKGLEWVSSIYGPSGSTYYADSVKGRFTISRDNSKNTLYLQMNSLRAEDTAVYYCASALEPLSEPLGFWGQGTLVTVSS
seq20543,QVQLQESGGGLVQAGGSLRLSCQASGNIFRINDMGWYRQAPGTQRELVAAITSGGSTKYADSVKGRFTISKDNAKNTVYLQMNSLKPEDTAVYYCAAEDRHRIGTVGYWGQGTQVTVSS
seq20544,EVQLVESGGGTVQPGGSLRLSCEVSGTGFTINAMGWDRQAPGKQRELVATITRGDRIHYADSVKGRFAISRDKDKNTVYLEMNNLKPEDTAVYYCDVAAFDSSDYEVLDSWGQGTQVTVSS
seq20545,EVQLVESGGGLVQAGGSLRLSCAASGRAFSRYFMGWFRQAPGKEREFVAGISRSGGSTDYANFVKGRFTISRDNAKNTVYLQMNSLKPEDTAVYYCAATVDYSGTLTAARGREDYDDWGQGIQVTVSS
seq20546,QVQLQESGGGLVMTGGSLRLSCAVSGRTIDVSVMAWFRQAPGKEREFVSGMRWSGMTTYSADSVKDRFTISRDKTKNTVYLQMNSLKPEDTAVYYCAARSRFIVGVPQARDLYDYWGQGTQVTVSS
seq20547,GSLRLSCAASGRTFSTAAMGWFRQAPGKERDFVAGIYWTVGSTYYADSAKGRFTISRDNAKNTVYLQMDSLKPEDTAVYYCAARRRGFTLAPTRANEYDYWGQGTQVTVSS
seq20548,QVQLQESGGGVVGPGGSLRLACAFSGRTFSDYWMAWFRQTPGEERDFVAAISRSGITTSYGDFVEGRFTITRDNAKNTVNLQMNFLKPEDTADYYCAAGTSSFLRREYDYWGQGTQVTVSS
seq20549,QVQLVESGGGLVQAGDSLRLSCAASGLTFNRYNMGWFRQAPGREREFVASISWSGDRTYGTDSVKGRFAISRDNAKNTMYLQMNSLKPEDTAVYYCAADRFLTRSVKYDYWGQGTQVTVSS
seq20550,QVQLQESGGGSVQAGGSLRLSCVASGSIFSINAMDWYRQAPGKQRELVAGITSGGSTNYGDFVKGRFTISRDNAKNTVYLQMDSLKPEDTAVYYCAAEVGGWGPPRPDYWGHGTQVTVSS
seq20551,EVQLVESGGGLVQPGGSLRLSCTASGYTFSHRYHRWFRQAPGKEREIVAVISQSGMRTYYADSVKGRFTISRDNAKNTVYLQMNSLKPEDTAMYYCAAGTRKNVWTRQHPFDYWGQGTQVTVSS
seq20552,QVQLQESGGGLVQAGGSLRLSCAASGRTFSEYAMGWFRQAPGKEREFVATISWSGGSTYYTDSVKGRFTISRDNAKNTVYLQMNSLKPDDTAVYYCAAAGLGTVVSEWDYDYDYWGQGTQVTVSS
seq20553,QVQLVESGGGLVQPGGSLRLSCAASGFTFSSYPMSWVRQAPGKGLEWVSDINSSGTTYYADSVKGRFTISRDNAKNTLYLQMNSLKPEDTAVYYCATEGKYGRTWYGQLEYHYWGQGTQVTVSS
seq20554,QVQLVESGGGLVQAGGSLRLFCAASGSIFRVNAMGWYRQVTGKQRELVAAITSGGRTNYADSVKGRFTISRDNIKNTVYLQMNSLKPEDTAVYYCNADLGTGGRSYDYWGQGTQVTVSS
seq20555,QVQLVESGGGLIKPGGSLRLSCAASGFTVSYESMGWVRQAPGKGLEWVSAISSSGGSTYYADSVKGRFTISRDNSKNTVYLQMNSLRAEDTAVYYCVTPERQCKQSTCYARPRYWGQGTMVTVSS
seq20556,EVQLVESGGGLVQPGRSLRLSCAASGFDIDYYSIGWVRRAPGKGEELVARIYPSSSSTSYADSVKGRFTISADTSKNTAYLQMNSLRAEDTAVYYCARWHWAYSAWPGWYGMDYWGQGTLVTVSS
seq20557,QVQLQESGGGSVQAGGSLRLACVASGGDTRPYITYWMGWYRQAPGKEREGVATIYTGGSGTYYSDSVEGRFTISQDKAQRTVYLQMNDLKPEDTAMYYCAAGNGALPPGRRLSPQNMDTWGPGTQVTVSS
seq20558,QMQLVESGGGLVQAGGSLRLSCAVSGSIFSIITLAWYRQAPGKPRENVATITRGSRTSYADSVKGRFCISKDNAKSTVYLQMNKLKPEDTADYYCNAEGPAGYWGQGTPVTVSA
seq20559,EVQLQESGGGLVQPGGSLRLSCAASGRTISRYAMSWFRQAPGKEREFVATARRSGDGAFYADSVQGRFTVSRDDAKNTVYLQMNSLKPEDTAVYYCAIDSDTFYSGSYDYWGQGTQVTVSA
seq20560,QVQLVETGGGLVQPGESLRLSCVASGFTLDHSAVGWFRQVPGKEREKLLCINANGVSLDYADSIKGRFTISRDNAKNTVYLQMNDLKPEDTATYSCAATREFCSAYVFLYEHWGQGTQVTVSS
seq20561,EVQLVESGGGLVQAGGSLRLFCAASGFTFGTSNMAWLRQAPGKRREWVALITISGYTDYADSVKDRFTISRDNAKNTVSLQMNSLKPEDTAIYFCARRVGSEYDLWGQGTQVTVSS
seq20562,VQLVESGGGLVQAGGSLSLSCSASGRSLSNYYMGWFRQAPGKERELLGNISWRGYNIYYKDSVKGRFTISRDDAKNTIYLQMNRLKPEDTAVYYCAASILPLSDDPGWNTYWGQGTQVTVS
seq20563,QVQLVESGGGLVQPGGSLRLSCAASGFTFSNYWMYWVRQAPGKGLEWVSEINTNGLITKYPDSVKGRFTISRDNAKNTLYLQMNSLKPEDTALYYCARSPSGFNRGQGTQVTVSS
seq20564,EVQLVESGGGLVQPGGSLRLSCAASGRTSRSYGMGWYRQAPGKGRELVAGISWRGDSTGYADSVKGRFTISRDNAKNTLYLQMNSLRPEDTAVYYCAFAAGSAWYGTLYEYDYWGQGTLVTVSS
seq20565,QVQLQESGGGLVQAGGSLRLSCAVSGSIFRLSTMGWYRQAPGKQREFVASITSYGDTNYRDSVKGRFTISRDNAKNTVYLQMNSLKPEDTAVYYCNANIEAGTYYGPGRDYWGQGTQVTVSS
seq20566,QVQLQESGGGSVQAGGSLRLSCTAPGYTDSNYYMSWFRQAPGKEREWVAGVNTGRGSTSYADSVKGRFTISQDNAKNTMFLQMNSLKPEDTAIYYCAVAACHFCDSLPKTQDEYILWGQGTQVTVSS
seq20567,QVQLQESGGGLVQAGGSLRLSCAASERTFSTYAMGWFRQAPGREREFLAQINWSGTTTYYAESVKDRTTISRDNAKNTVYLEMNNLNADDTGIYFCAAHPQRGWGSTLGWTYWGQGTQVTVSS
seq20568,QVQLQESGGGLAQAGGSMRLSCIASGRNFFINIMNWYRQAPGKQRELVAQITRAGTTTYADSVKGRFTISRDNAKNTVYLQMSTLQSEDTAVYYCNVGASWGQGTQVTVSS
seq20569,EVQLVESGGGLVQPGGSLRLSCAASGFNIKDTYIGWVRRAPGKGEEWVASIYPTNGYTRYADSVKGRFTISADTSKNTAYLQMNSLRAEDTAVYYCARWGGDGFYAMDYWGQGTLVTVSS
seq20570,QVQLVETGGALVQPGQSLTLSCTTSENVFGIYGMAWLRQAPGRQRELVASITSRGTAHYHDSVKGRFTISRESGKTTAYLQTTSVNPEDTAIYYCNSGPYWGQGTQVTVSS
seq20571,QVQLVETGGGLVQAGGSLRLSCAASGSIFSINAMGWFRQAPGKEREFVATINRSGGRTYYADSVKGRFTISRDNGKNMVYLQMHSLKPEDTAIYYCAAGTGWSPQTDNEYNYWGQGTQVTVSS
seq20572,QVQLQESGGGLVQPGGSLRLSCAASGRTISRYAMSWFRQAPGKEREFVAVARRSGDGAFYADSVQGRFTVSRDDAKNTVYLQMNSLKPEDTAVYYCAIDSDTFYSGSYDYWGQGTQVTVS
seq20573,QVQLQESGGGSVTAGGSLRLSCTAPGYTDSNYYMSWFRQAPGKEREWVAGVNTGRGSTSYADSVKGRFTISQDNAKNTMFLQMNSLKPEDTAIYYCAVAACHFCDSLPKTQDEYILWGQGTQVTVSS
seq20574,QVQLQESGGGSVQAGGSLRLSCTAPGYTDSNYYMSWFRQAPGKEREWVAGVNTGRGSTSYADSVKGRFTISQDNAKNTMFLQMNSLKPEDTAQYYCAVAACHFCDSLPKTQDEYILWGQGTQVTVSS
seq20575,QVQLQESGGGSVQAGGSLRLSCARSGWPYSTYSMNWFRQAPGKEREAVAGISSTMSGIIFAESKAGQFTISQDNAKNTVYLQMNNLKPEDTAIYYCAARRDYSLSSSSDDFDYWGQGTQVTVSS
seq20576,QVQLQESGGGLVQPGGSLRLSCAASGSISSITTMGWYRQDPGKGRELVALINSVGDTTYAGSVKGRFTISRDNAKNTVYLEMSSLKPEDTAVYYCNAFMSTNSGRTGSFWGQGTQVTVSS
seq20577,QLQESGGGLVQPGGSLRLSCAASGFTFNNYWMYWVRRAPGKGLEWVSMINPGGIITKYAESVKGRFTISRDNAKNTLYLQMNSLTSEDTAVYYCAKDWATGLAKKGQGTQVTVSS
seq20578,QVQLQESGGGLVQPGGSLRLSCAASGFAFSSYWMYWVRQAPEKGLEWVSTINTGGGITYYKDSVKGRFTVSRDNAKNTLYLQMNSLKPEDAAQYYCATDMSGTYRGQGTQVTVSS
seq20579,QVQLQESGGGSVEAGGSLRLSCARSGWPYSTYSMNWFRQAPGKEREAVAGISSTMSGIIFAESKAGQFTISQDNAKNTVYLQMNNLKPEDTAIYYCAARRDYSLSSSSDDFDYWGQGTQVTVSS
seq20580,QGQLVESGGGLVQAGGSLTLSCAASVRDISFFAVGWFRQAPGKQRELVAQMTSLRKINYADSVKGRFTISRDDAKNTVSLQMNSLKPEDTAVYYCHASLPGLPYWGQGTPVTVSA
seq20581,QVQLVESGGGSVQAGGSLRLSCAASGNIHHISYLGWFRQAPGKEREGVAALWTKDGNTYYADSVKGRFTVSLDNAKNTGYLQMNSLKPEDTALYYCAAADTGSDTPLWDWVYWYWGQGTQVTVSA
seq20582,QGQLVESGGGLVQPGGSLRLSCAASGFTLDYYAIGWFRQAPGKEREGVSCISNSGGSTKYADSVKGRFTISRDKAKNTVYLQMNSLKPEDTGVYYCAADRGYSEYDLPCDLVIYGMDYWGKGTPVTVSA
seq20583,QVQLQESGGGLVQPGGSLRLSCTASESVASINIVGWYRQISGKERELVARISSGGTITDYSDSVKGRFTITRDNTKNTVYLQMNSLKRGDTAVYYCNAEYQYGSDWFHIWGQGTQVTVSS
seq20584,QVQLVESGGGLVQAGGTLKLSCAASGSISGIVVMAWYRQAPGKQRELVASITSGGTTNYADSVKGRFTISKDNAENTLYLRMNSLKPEDTAVYYCKAFFRRDYVGYDYWGQGTQVTVSS
seq20585,QVQLVESGGGSVQAGGSLRLSCAASGYTYSTCRKGWYRQAPGKERELVASITADGATYYLDSVKGRLTISQDNAKNTVYLQMNSLKPEDTAVYYCAASVKDFTCTFNSWGQGTQVTVSS
seq20586,QVQLVESGGGSVQAGGSLRLSCAASGYTINTDAVAWFRQAPGKGDERVAVIYTGSGNTNYADSVKGRFTISQDNAKNTVYLQMNSLKPEDTALYYCASGYYGASGYDFNNWGQGTQVTVSS
seq20587,QVQLVESGGGLVQAGDSLRLSCAVSGRTFSSNVIGWFRQAPGKEREFVAAISWSTGSTYYGRSMKGRCAASRDNAKNTVALQLNSLKPEDTAVYYCAATLDWGKTLSDEYDYWGQGTQVTVSS
seq20588,QVQLQESGGGLVQPGGSLRLSCAASGRTFSSYNMGWFRQAPGKGREFVASITSSGDKSDYTDSVKGRFTISRDNAKNTMYLQMNNLKPEDTATYYCARGLGIYIIRARGGYDHWGQGTQVTVSS
seq20589,EVQLQASGGGLVQAGDSLRLSCVAVSGRTISTFAMGWFRQAPGKEREFVATINWSGSSARYADPVEGRFTISRDDAKNTVYLEMSSLKPGDSAVYYCASGRYLGGITSYSQGDFAPWGQGTQVTVSS
seq20590,QVQLQESGGGLVQAGGSLRLTCALSERTSTSYAQGWFRQPPGKEREFVASLRTHDGNTHYTDSVKGRFTISRDNAENTLYLQMNSLKTEDTAVYYCAASLGYSGAYASGYDYWGQGTQVTVSS
seq20591,QVQLVESGGGLVQAGGSLRLSCAASGRTDSISDMGWFRQAPGKEREFVAVVGWSGGGTDYAHSVKGRFTISRDNAKNTVYLQMNSLKPEDTAVYYCAVGSLRVGSFSVEYWGQGTQVTVSS
seq20592,QVQLVESGGGLVQVGGSLRLSCVVSGSDISGIAMGWYRQAPGKRREMVADIFSGGSTDYAGSVKGRFTISRDNAKKTSYLQMNNVKPEDTGVYYCRLYGSGDYWGQGTQVTVSS
seq20593,QLQLVESGGGLVQPGGSLRLSCVVSGSDFNTYIMGWYRQVPGKPRELVADITTEGKTNYGGSVKGRFTISRDNAKNTVYLQMFGLKPEDAGNYVCNADWKMGAWTAGDYGIDYWGKGTLVTVSS
seq20594,HVQLVESGGGLVQAGGSLRLSCAASGTISTLNAMGWYRQAPGKQRELLASISNLGTTYHADSVAGRFTISRGSAKNTVNLQMNSLKPDDTAVYYCNTRVLEGGTQIRDYWGQGTQVTVSS
seq20595,QVQLVESGGGLVQAGGSLRLSCAAAARFSTSAMGWFRQAPGKEREFVAAISWSNTNTHYADTVKGRFTISADTAKETVDLQMNSLKPEDTAVYYCVQGGWGIRQPIIVDYWGKGTQVTVSS
seq20596,DVQLVESGGGSVQAGGSLRLSCAASGSTDSIEYMTWFRQAPGKAREGVAALYTHTGNTYYTDSVKGRFTISQDKAKNMAYLRMDSVKSEDTAIYTCGATRKYVPVRFALDQSSYDYWGQGTQVTVSS
seq20597,QVQLVESGGGSVQAGGSLKLSCAASGYASWARKCIGWFRQAPGQEREGVAAIFDFDGSTYYSDSVKGRFTISGDNAKNTVSLQMNSLLPKDTAVYYCTVAFGTCDNWYRGRGDYWGQGTQVTVSS
seq20598,QVQLQESGGGLVQPGGSLRLTCAPSGFTLDYYAIGWFRQAPGKEREGVSCISSNNSTYYADSVKGRFTISRDNAKNTVYLQMNSLKPEDTAVYYCAAEPDYSGVYYYTCGWTDFGSWGQGTQVTVSS
seq20599,QMQLVESGGGLVQPGGSLRLSCAAPESTLDDYAIGWFRQAPGKEREGVSCIGSSGDSTNYADSVKGRFTVSRDNAKNTVYLQMNDLRPEDTAVYYCAAAHRIFGGCLVIHSSGYVSWGQGTPVTVSS
seq20600,QVQLQESGGGLVQPGGSLRLSCAVSGFTLDYYAIGWFRQAPGKEREGVSCISSSDGSTSYADSVKGRFTISRDNAKNTVYLQMNSLKPEDTALYYCAATPATYYSGRYYYQCPAGGMDYWGQGTQVTVSS
seq20601,QVQLVESGGGLVQAGGSLRLSCAASGATFITYGMTWFRQAPGKEREFVAAVTGNGAGTTYLPSVKGRFTISRDNAKNTVYLQMSSLKPEDTAVYYCGGRRWVPATAVDQVAYWGQGTQVTVSS
seq20602,QVQLVESGGGLVQAGGSLRLSCAASGRTFSSYAMGWFRQAPGKERECVAAMDWSTSATYYADSVKGRFTISRDNAKNTVYLQMNSLKPEDTAVYYCAADLDYSDYGPFPGDMDYWGKGTQVTVSS
seq20603,QVQLVESGGGLVKTGGSLRLSCAASGRTFSTYSMGWFRQAPGKEREFVAGMRWTGSSTFYSDSVKGRFTVSRNNAKDTVYLHMNSLKPEDTAVYYCAITTIVRAYYTEYTEADFGSWGQGTQVTVSS
seq20604,QVQLVESGGGLVQAGGSLRLSCAASGSIFSINAMGWYRQAPGKQRELVAAITRGGRTNYADSVKGRFTLSRDNAKNTVYLQMNSLKPEDTAVYYCNVGRSRGYWGQGTQVTVSS
seq20605,QVQLQESGGGLVQAGGSLTLSCAASGRTFSNNAMGWFRQAPGKEREFVAAISWTGGLLFYADSVNGRFTISRDNAKRTVTLQMNSLKPEDTAVYYCAARPQGDYVTAHYDYWGQGTQVTVSS
seq20606,QVQLQESGGGLVQAGGSLRLSCAASGGTFSTYGMGWFRQAPGKEREFVAASSWTGANTYYADSVRGRFTISRDNAKNTVYLEMNSLKPEDTAVYYCAARRWLGGSYFDPGNYDFWGQGTQVTVSS
seq20607,QVQLVESGGGLVQPGGSLRLSCAASGFTLGSRYMSWVRQAPGEGFEWVSSIEPSGTAWDGDSAKGRFTTSRDDAKNTLYLQMSNLQPEDTGVYYCATGYRTDTRIPGGSWGQGTQVTVSS
seq20608,QLQLVESGGGTVQPGGTLRLSCAASGFTLDEYAIGWFRQAPGKEREGVSCISSSASISYADSVKGRFTISRDNAKNTVYLTMNSLKPEDTGVYYCARAFLACGPVAGWGTEYDYWGQGTQVTVSS
seq20609,QVQLAETGGGLVQPGGSLRLSCTASTTISDFYSMGWFRQTPGNQRELVAIVRRGGDTKSGDSVKGRFTISRDNTRSTVYLQMDNLKPEDTAVYYCYANLQKSSDELGPYYWGQGTQVTVSS
seq20610,QVQLVESGGGLVQPGGSLRLSCVVSGSDFNTYIMGWYRQVPGKPRELVADITTEGKTNYGGSVKGRFTISRDNAKNTVYLQMFGLKPEDAGNYVCNADWKMGAWTAGDYGIDYWGKGTLVTVSS
seq20611,QVQLVESGGGLVQPGGSLRLSCAASGSIFSIYAMGWYRQAPGKQRELVAAISSYGSTNYADSVKGRFTISRDNAKNTVYLQMNSLKPEDTAVYYCNADIATMTAVGGFDYWGQGTQVTVSS
seq20612,QLQLVESGGGLVQPGGSLRLSCAASGNIFSIYYMGWYRQAPGKQREMVAIINSNGITNYGDFVKGRFTISRDNAENSAYLQMNNLTPEDTAVYYCNAGKLRRTTGWGLDDYWGQGTQVTVSS
seq20613,EVQLVESGGGLVQAGDSLRLSATASGRTFSRAVMGWFRQAPGKEREFVAAISAAPGTAYYAFYADSVRGRFSISADSAKNTVYLQMNSLKPEDTAVYYVAADLKMQVAAYMNQRSVDYWGQGTQVTVSS
seq20614,QVQLQESGGGLVQPGGSLRLSCAASGFTFSRYTMTWVRQAPGKGLEWVSNINSDGGRTYYADSVKGRFTISRDNTKNTLYLQMNSLKPEDTAVYYCAIPKRTYVPPSQFDDRGQGTQVTVSS
seq20615,QVQLQESGGGLVQAGGSLRLSCAASGRTFSSYAMGWFRQAPGSEREFVARISWSGGSTYYADSVKGRFTISRDNAKNTVYLQMNSLKPEDTAVYYCTAGFALPPSDYWGQGTQVTVSS
seq20616,EVQLVESGGGLVQAGDSLRLSCTASGRTLGDYGVAWFRQAPGKEREFVSVISRSTIITDYADSVRGRFSISADSAKNTVYLQMNSLKPEDTAVYYCAVIANPVYATSRNSDDYGHWGQGTQVTVSS
seq20617,QVQLQESGGGLVQPGGSLRLSCVVSGDYYAIGWFRQAPGKEREGVAAISSRDGSTYYPDAVKGRFTISRDNAKNTVYLQMNSLKPEDTAVYYCAADRRQRWGPYYYLSALEYVYWGQGTQVTVSS
seq20618,QVQLQESGGGLVQAGGSLRLSCAGSGRTFSTYDMAWFRQAPGKEREFVSSISSSGGNVVYRDSVKGRFTIARDNAANAVYLQMNSLKPEDTAVYYCAAKWLAADYNYWGQGTQVTVSS
seq20619,QVQLQESGGGLVQAGGSLRLSCATSTHTAGQYTMAWFRQAPGKEREFVAVLRWSDYSTDYANSVKNRFTISRDNAKNTVYLQMNSLKPEDTAVYYCAAGWPVKVISSADEYINWGQGTQVTVSS
seq20620,QGQLVESGGGMVQAGGSLRLSCAASGRTFNGWTAAWFRQAPGKDREFVAAISRSGDYTYYTNSVKGRFTISRDSAKNNLYLQMDSLKPEDTAVYYCAAKTGTWATMDRRYDYWGQGTRVTVSA
seq20621,QVQLVESGGGLVQAGGSLRLSCAASGRSFSTYAMGWFRQAPGKEREFVAAISWSHGITYYADSVKGRFTISRDNAKNTVYLQMNSLKPEDTAVYYCAADSIPYGDSRYRNPGYWGQGTQVTVSS
seq20622,EVQLVESGGGLVQTGGSLRLSCALSGYTFSIFPTAWFRQAPGKEREFVAGIRWNGSTRDYTEYADFVKGRFTISRDNAKNMVYLQMISLKPEDTALYYCAASDGVIDGTNANAYRYWGQGTQVTVSS
seq20623,QVQLVESGGGLVQTGGSLRLSCAASGRTFSNYVMGWFRQAPGKEREFVSSIEWNSENTFYANSVKGRFTISRDNAKNTVYLQMNSLKAEDTAVYYCAADRGSSYYYTRASEYTYWGQGTQVTVSS
seq20624,QVQLRESGPSLMKPSQTLSLTCTVSGSKSVGWVRQAPGKALQWLGSVDTSGNTDYNPGLKSRLSITKDNSKSRISLTVTGMTTEDSATYYCITAHQKTNKKECPEDYTYNPRCPQQYGWSDCDCMGDRFGGYCRQDGCSNYIHRSTYEWYVSAWGQGLLVTVSS
seq20625,QVQLVESGGGLVQAGGSLRLSCGASGTFFRINDMGWYRQASGKQRELVASITRGGTTDYADSVKGRFTISRDNAKNTVYLQMNSLKPEDTAVYYCKANRNWGREWDDYWGQGTQVTVSS
seq20626,QVQLVETGGGLVQAGGSLRLSCTASGADFSFYAMGWYRQTPGNSRELVAVMNLNGVISYGDSARGRFDISRDGTKNIVFLQMNSLKPEDTGVYYCNGMRLYTRGSVRHPESWGQGIQVTVSS
seq20627,QVQLAESGGGLVQPGGSLRLSCAASGFTFNRYVIRWYRQAPGKERELVAGISRSGDSGRYVDSVKGRFTISRDNDKNMAYLQMSSLKPDDTAVYYCSALNLEDMEYWGQGTQVTVSS
seq20628,QVQLVESGGGSVQPGGSLRLSCAAIGSVFTMYTTAWYRQTPGNLRELVASITDEHRTNYAASAEGRFTISRDNAKHTVDLQMTNLKPEDTAVYYCKLEHDLGYYDYWGQGTQVTVSS
seq20629,EVQLLESGGGLVQPGGSLRLSCAASGFSFSHSPMNWVRQAPGKGLEWVSYISYNSSSIYYADSVKGRFTISRDNSKNTLYLQMNSLRAEDTAVYYCARGLTESLELTADWFDYWGQGTLVTVSS
seq20630,EVQLLESGGGLVQPGGSLRLSCAASGFTFSTYMMSWVRQAPGKGLEWVSSIEGSGSKTYYADSVKGRFTISRDNSKNTLYLQMNSLRAEDTAVYYCAKRDSSFGFDYWGQGTLVTVSS
seq20631,EVQLVESGGGLVQPGGSLRLSCAASGYIYRRYRMGWYRQAPGKGREFVAAISGGSSTNYADSVKGRFTISRDNSKNTVYLQMNSLRAEDTAVYYCAAYRIVSDPRVYWGQGTQVTVSS
seq20632,QVQLVESGGGSVQAGGSLRLSCAASGFTYSRKYMGWFRQAPGKEREGVAAIFIDNGNTIYADSVQGRFTISQDNAKNTVYLQMNSLKPEDTAMYYCAASSRWMDYSALTAKAYNSWGQGTQVTVSS
seq20633,QVQLQESGGGSVQAGGSLKLTCAASGYIFNSCGMGWYRQSPGRERELVSRISGDGDTWHKESVKGRFTISQDNVKKTLYLQMNSLKPEDTAVYFCAVCYNLETYWGQGTQVTVSS
seq20634,QVQLQESGGGLVQAGGSLRLSCAASGRTFSSYAMAWFRQAPGKEREFVARISGVGTNTYYTDSVKGRVTISRDNAKNTVYLQMNSLKPEDTAVYYCAASIYGYYSDTSYYTRLNNYLYWGQGTQVTVSS
seq20635,QVQLQESGGGSVQAGGSLRLSCAASGYQYSLLCMAWFRQVLGEGREGVAFITTYNGAMRYADTVKGRFTVSQDKDKNTVYLQMNSLKPEDTAIYYCAAGRWRFGDICHEGSGYNYWGQGTQVTVSS
seq20636,QVQLQESGGGSAQTGGSLRLSCAASGFTFSHGYMAWFRQAPEKEREWVACVRTSGVSAYYADSVLGRFTISQDNAKSTLYLQMNNLKPEDTAMYYCAATSISCSSGYMFWGQGTQVTVSS
seq20637,QVQLQESGGGSVQAGGSLRLSCAASEYIPSANCMRWFRQAPKEREWVASVLRGGYTWHADSVKGRFTISGDNAKTAAYLQMNSLKPEDTAIYYCAYSNTCPGASADFRSWGQGTQVTVSS
seq20638,QVQLQESGGGSVQAGGSLTLSCAASGITYCMGWYRQVRGKEREGVAFIKTNDGTTDYADSVKGRFTISQNHATKTVYLQMNSLKPEDTAAYYCAATWRWSCPLDPEGYQYWGQGTQVTVSS
seq20639,EVQLVESGGGLVQAGGSLRLSCAASGRTFSDYVMGWFRQAPGKERTFVARIGWSGDLTYYADSVKGRFTISRDNAKNTVYLQMNSLKPEDTAIYYCAADERWGTGGKFDYWGQGTQVTVSS
seq20640,QVQLQESGGGSVQTGGSLRLSCAASEYTQSSACMGWFRQAPGKEREGVAGISRFFGTAYYADSVKGRFTISQDKAKNTVYLQMNSLKPEDTAIYYCAAGQGCLTTIQALGGAYGYNAWGQGTQVTVSS
seq20641,QVQLQESGGGLVQPGGSLRLSCAASGFTFRRYLMGWARQVPGKGLEWVSGIYSDGSTYYADSVKGRFTISRDNAKNTVYLQMNSLKPEDTAVYYCAKDRMDGSTWPERDFGSWGQGTQVTVSS
seq20642,QVQLVESGGGLMQAGGSLRLSCAVSGRTFSTAAMGWFRQAPGKEREFVAAIRWSGGSAYYADSVKGRFTISRDKAKNTVYLQMNSLKYEDTAVYYCAGFSATRSLLSDYATWPYDYWGQGTQVTVSS
seq20643,QVQLVESGGGLMQAGGSLRLSCAVSGRTFSTAAMGWFRQAPGKEREFVAAIRWSGGSAYYADSVKGRFTISRDKAKNTVYLQMNSLKYEDTAVYYCARTEYVSYLLSDYATWPYDYWGQGTQVTVSS
seq20644,QVQLVENGGGNVQAGGSLRLSCAASGSIFSINRMTWYRQAPGKEREWVAAITSGGSTNYADSVKGRFTISRDSAKGTVYLQMNSLKPEDTAVYYCEAYGTYTLAPTGEGEYDDYWGQGTQVTVS
seq20645,EVQLQASGGGSVQAGQSLRLSCATSGATSSSNCMGWFRQAPGKEREGVAVIDTGRGNTAYADSVQGRLTISLDNAKNTLYLQMNSLKPEDTAMYYCAADTSTWYRGYCGTNPNYFSYWGQGTQVTVSS
seq20646,EVQLVESGGGLVQAGDSLRLSCTASGRTFSRAVMGWFRQAPGKEREFVAAISAAPGTAYYAFYADSVRGRFSISADSAKNTVYLQMNSLKPEDTAVYYCAADLKMQVAAYMNQRSVDYWGQGTQVTVSS
seq20647,QVQLQESGGGSVQAGGSLRLSCGASEYTSRMGWFRQAPGAEREGVACIHRQSNLSYYSDSVRGRFTISQDNAKTTAFLLMSSLKPEDTAIYYCATTTDCAAFVERATAITAGQGTQVTVSS
seq20648,QVQLQESGGGLVQPGGSLRLSCSASGFKFNDSYMSWVRRVPGKGLEWVAGIWEDSSAAHYRDSVKGRFTISRDNAKNMLYLQMSSLKSDDTGLYYCVRRGYSGDYRPINNPSSQGTQVTVSS
seq20649,QVQLVESGGGPVEAGGSLRLSCAASGRSFSNSVMAWFRQAPGKEREFLSVLNWSSGRTSIADSVKGRFTMSRDPAKITVYLQMNGLKPEDTAVYYCAASNRGSLYTLDNQNRYEDWGQGTQVTVSS
seq20650,QVQLVESGGGLMQAGGSLRLSCAVSGRTFSTAAMGWFRQAPGKEREFVAAIRWSGGSAYYADSVKGRFTISRDKAKNTVYLQMNSLKYEDTAVYYCAQTRVTRSLLSDYATWPYDYWGQGTQVTVSS
seq20651,QVQLQESGGGMVQPGGSLRLSCLASGFTFSNYAMTWVRQAPGKGPEWVSMVSNNGADTTYTDSVKGRFTISRDNAKNTLYLRMNNVKPEDSAVYYCAKRRYGGIWTGQPTDYDYLGQGTVTVSS
seq20652,DVQLQESGGGLVQAGGSLRLSCAASGSISRFNAMGWWRQAPGKEREFVARIVKGFDPVLADSVKGRFTISIDSAENTLALQMNRLKPEDTAVYYCFAALDTAYWGQGTQVTV
seq20653,QVQLQESGGGLVQPGGSLRLSCAASGFTFSNSAMSWVRQAPGKGLEWVSSISGSGGNTYSADSVKGRFTISRDNAKNSLYLQMNSLRAEDTAVYYCARDWYGMDVWGQGTTVTVSS
seq20654,EVQLQASGGGFVQPGGSLRLSCAASGDTWWSSAMGWFRQAPGKEREFVSAISFYPTEYTYYADSKGRFTISRDNSKNTVYLQMNSLRAEDTATYYCAWIAWGPWMRTSWYWGQGTQVTVSS
seq20655,QVQLVESGGGVVQPGRSLRLSCAASGSTFSIVAMGWYRQAPGKQRELVASIITGDGDTNYADSVKGRFTISRDNSKNTMYLQMNSLKPEDTAVYYCYARTGYGSSWLMGHEYDYWGQGTQVTVSS
seq20656,DVQLQESGGGLVQAGGSLRLSCAASGRTGSTYDMGWFRQAPGKERESVAAINWDSARTYYASSVRGRFTISRDNAKKTVYLQMNSLKPEDTAVYTCGAGEGGTWDSWGQGTQVTVSS
seq20657,QVQLVETGGGLVQAGGSLRLSCAASGNINSFNAMGWFRQAPGKQRELVAAITFGGRTNYADSVKGRFTISRDNTKGSVYLQMNSLKPEDTAVYYCAASENNLLTGVWHYWGRGTQVTVSS
seq20658,QVQLQESGGGLVQPGGSLRLSCAASGFTLDYYYIGWFRQAPGKEREAVSCISGSSGSTYYPDSVKGRFTISRDNAKNTVYLQMNSLKPEDTAVYYCATIRSSSWGGCVHYGMDYWGKGTQVTVSS
seq20659,GSLRVSCAASGRTFTTYIMAWFRQAPGKEREFLAAMDQGRIQYYGDSVRGRFTISRDYAKNSVDLQLDGLRPEDTAVYYCAAGAGFWGLRTASSYHYWGQGTQVTVSS
seq20660,QVQLVESGGGLVQAGGSLRLSCAASGYPHPYLHMGWFRQAPGKEREGVAAMDSGGGGTLYADSVKGRFTISRDKGKNTVYLQMDSLKPEDTATYYCAAGGYQLRDRTYGHWGQGTQVTVSS
seq20661,QVQLQQSGGGLVQAGGSLRLSCAASGRTHTPYAMGWFRQAPGKEREFVGGIGGVAATTTYADSVRGRFTISRDDAKATVYLQMNSLKPEDTAVYYCATRASMAVSTSPRVYPIWGQGTQVTVSS
seq20662,QVQLQESGGGLVQPGGSLRLSCAASGIIFRSNGMAWYRQAPGKEREWVASITSFGDAIYRDSVKGRFTISRDNARNAVSLQTNSLKTEDTAVYYCNTYPVNSAWGQGTQVTVSS
seq20663,QVQLQESGGGLVQAGGSLRLSCAASGGIVHISSMGWFRQAPGKQRELVATSPSNGDIRYADSVKGRFTLSRDNAKNTVSLQMNSLEPEDTAVYYCHSFLRHTASASYNNYYGQGTQVTVSS
seq20664,QVQLQESGGGLEQAGDSLRLSCAASGLIVSNYAMGWFRQAPGKEREFVAYINWNGGVTYYTNSVKGRFTISRDNAKNTVYLQMNSLKPEDTAVYYCARTSRASVTTRVADFGYWGQGTQVTVSS
seq20665,QVQLQESGGGLVQAGGSLRLSCAASGFTFSRAAMRWVRRAPERGLEWVANINAGDGSASYADFVKGRFTASRDKAGNRLYLQMDNLRPNDTAVYYCIYNGHRGQGTQVTVSS
seq20666,EVQLVESGGGLVQPGGSLRLSCEASGYTLANYAIGWFRQAPGKEREGVSCISSGGSTVYSESVKDRFTISRDNAKKIVYLQMNSLQPEDTAVYYCAADPFGERLCIDPNTFAGYLETWGQGTQVTVSS
seq20667,QVQLVESGGGLVQAGGSLRLSCAASGFPVEVWRMEWYRQAPGKEREGVAAIESYGHGTRYADSVKGRFTISRDNAKNTVYLQMNSLKPEDTAVYYCNVKDDGQLAYHYDYWGQGTQVTVS
seq20668,EVQLVESGGGLVQPGGSLRLSCAASDSSFYDYEMSWVRQAPGKAQEWIGSMYPSGRTYINPSLKSLVTISRDNSKNTLYLQLNSLRAEDTAMYYCVSNWASGSTGDYWGQGTLVTVSS
seq20669,QVQLQESGGGLVQPGGSLRLSCAASGFTLDYYYIGWFRQAPGKEREGVSCISSSHGSTYYADSVKGRFTISRDNAKNTVYLQMNSLKPEDTAVYYCATVAVAHFRGCGVDGMDYWGKGTQVTVSS
seq20670,QVQLQESGGGLVQAGGSLRLSCAASGRTSSLYSMGWFRQAPGKEREFVAAISRNGANTYYTDSVKGRFTISRDNAKNTVELQMNSLKPEDTAVYYCAADRFPTMEVVTIMTNEYDYWGQGTQVTVSS
seq20671,QVQLQESGGGSVQAGGSLTLSCAASGYANSNTCMGWFRQAPGKERERVAAISGVGTGTYYADSVKGRFTISRDNGKNTLFLQMNSLKPEDTAMYYCAAAPEGRAWCSRDPSGYNYWGQGTQVTVSS
seq20672,QVQLVESGGGLVQAGGSLRLSCAASRRSSRSWAMAWFRQAPGKEREFVAKISGDGRLTTYGDSVKGRFTISRDKGKNTVYLQMDSLKPEDTAVYYCAADDNYVTASWRSGPDYWGQGTQVTVSS
seq20673,QVQLVESGGGWVQPGGSLRLSCAASGFTFSDTAMMWVRQAPGKGREWVAAIDTGGGYTYYADSVKGRFTISRDNAKNTLYLQMNSLKPEDTARYYCAKTYSGNYYSNYTVANYGTTGRGTLVTVSS
seq20674,QVQLQESGGGLVQAGGSLRLSCAASGRTSSVYNMAWFRQTPGKEREFVAAITGNGGTTLYADSVKGRLTISRGNAKNTVSLQMNVLKPDDTAVYYCAAGGWGKERNYAYWGQGTQVTVSS
seq20675,QVQLVESGGGLVQAGGSLRLSCAASGRTFSSYVMGWFRQAPGKEREFVTAISWSGGSIHYADSVKGRFTISRDNAKNTVYLQMNSLKPEDTAVYTCVAGFAGYGSFTSRSARDSDKYDYWGQGTKVTVSS
seq20676,QVQLQESGGGLVQAGGSLRLSCAASVRTSDTDGMAWFRQAPGKEREFVGGIRWNSATWYADFVKGRFTISRDNAKNTLYLQMNSLKPEDTALYYCARRAYGFDTDSRESAYSNWGQGTQVTVSS
seq20677,AGGSLRLSCAASGNIFDRGYMGWYRQAPGKERELVAGISYGGSTYYADSVKGRFTISRDNAKNTVYLQMNSLKPEDTAVYYCAAYPLYDDPYYYWGQGTQVTVSS
seq20678,QVQLVESGGGLVQAGASLRLSCAVSGRTGSIYTMGWFRQAPGKEREVVARTTWTPGSTKYADSVKGRVAISRDIAKNTLYLQMNNLKPEDTAVYYCAACAYGTCYYGDRAYEYWGQGTQVTVSS
seq20679,EVQLVESGGGLVQPGGSLRLSCAASGRTFSYNPMGWFRQAPGKGRELVAAISRTGGSTYYPDSVEGRFTISRDNAKRMVYLQMNSLRAEDTAVYYCAAAGVRAEDGRVRTLPSEYTFWGQGTQVTVSS
seq20680,QVQLVASGGGSVQAGGSLRLSCAASGYTFSSYPMGWYRQAPGKECELSARIFSDGSANYADSVKGRFTISRDNAANTAYLQMDSLKPEDTAVYYCAAGPGSGKLVVAGRTCYGPNYWGQGTQVTVSS
seq20681,QVQLVESGGGTVPAGGSLRLSCAASGNTLCTYDMSWYRRAPGKGRDFVSGIDNDGTTTYVDSVAGRFTISQGNAKNTAYLQMDSLKPDDTAMYYCKPSLRYGLPGCPIIPWGQGTQVTVSS
seq20682,QVQLQESGGGLVQAGGSLRLSCAASGSIFSINSMDWDRQAPGKQRELVATITSGGSTNYADSVKGRFTISRDNAKNTVYLQMNSLKPEDTAVYYCNANVKTWAGMTRDYWGQGTQVTVSS
seq20683,QVQLVESGGGSVQAGGSLSLSCAASTYTDTVGWFRQAPGKEREGVAAIYRRTGYTYSADSVKGRFTLSQDNNKNTVYLQMNSLKPEDTGIYYCATGNSVRLASWEGYFYWGQGTQVTVSS
seq20684,QVQLVESGGGLVQAGGSLRLSCAASGSFFMSNVMAWYRQAPGKARELIAAIRGGDMSTVYDDSVKGRFTITRDDDKNILYLQMNDLKPEDTAMYYCKASGSSWGQGTQVTVSS
seq20685,QVQLVESGGGLVQAGGSLRLSCAASGFPVGRHFMYWYRQAPGKEREWVAAIYSYGEYTEYADSVKGRFTISRDNAKNTVYLQMNSLKPEDTAVYYCYVYVGNEYWGQGTQVTVSA
seq20686,QVQLVESGGGLVQAGGSLRLSCAASGFPVDTQWMHWYRQAPGKEREWVAAISSTGRSTFYADSVKGRFTISRDNAKNTVYLQMNSLKPEDTAVYYCTVYVGNRYRGQGTQVTVSA
seq20687,QVQLVESGGALVQPGGSLRLSCAASGFPVNRYSMRWYRQADTNNDGWIEGDELKEREWVAGMSSAGDRSSYEDSVKGRFTISRDDARNTVYLQMNSLKPEDTAVYYCNVNVGFEYWGQGTQVTVSS
seq20688,QVQLVESGGGLVQAGGSLRLSCAASGYHHPYIYMGWFRQAPGKEREGVAAMDSGGGGTLYADSVKGRFTISRDKGKNTVYLQMDSLKPEDTATYYCAAGGHHLRDHTYGQWGQGTQVTVSS
seq20689,QVQLVESGGGLVQPGGSLRLSCAASGSIFSIDYMGWYRQAPGKERELVAIKTSGGTTHYADSVKGRFTISRDNAKNTVYLQMNSLKPDDTAVYYCNARVYFGDRDYWGQGTQVTVSS
seq20690,EVQLVESGGGLVQPGGSLRLSCAASDYIYRRYRMGWYRQAPGKGREFVAAISGGSSINYADSVKGRFTISRDNSKNTVYLQMNSLRAEDTAVYYCAAYRIVSDPRVYWGQGTQVTVSS
seq20691,QMQLVESGGGLVQAGGSLTLSCAASGRTFSDYDMGWFRQAPGKAREFVARISRSGRMTSLADSVKGRFTISRDNGKRTVYLQMNSLKPEDTAVYYCAADPQWSRVRSGADYWGQGTRVTVSA
seq20692,QVQLQESGGGLVQPGGSLRLSCAASGSFFEFGTVGWFRQAPGKQRELVSRITGNDHRYYADSVKGRFTISRDNDETTVYLQMDSLKPEDTAIYHCNILEGQRWSNYWGQGTQVTVSA
seq20693,QVQLQESGGGLVQAGGSLRLSCAASGSDFSSSTMGWYRQAPGKQREFVAISSEGSTSYAGSVKGRFTISRDNAKNTVYLQMNSLEPEDTAVYYCNVVDRWYDYWGQGTQVTVSA
seq20694,QVQLQESGGGLVQPGGSLRLSCAASGSTSSINAMGWYRQAPGKQREPVAISSSGGDTRYAEPVKGRFTISRDNAQNKVYLQMNSLKPEDTAVYYCWLNWGRTSVNSWGQGTQVTVSS
seq20695,QVQLQESGGGLVQAGSSLRLACAATGSIRSINNMGWYRQAPGKQRGMVAIITRVGNTDYADSVKGRFTISRDNAKNTVYLQMNSLKPEDTATYYCHAEITEQSRPFYLTDDYWGQGTQVTVSS
seq20696,QVQMVESGGGLVQAGGSLRLSCAASGYAYTYIYMGWFRQAPGKEREGVAAMDSGGGGTLYADSVKGRMTISRDKGKNTVYLQMDSLKPEDTATYYCAAGGYELRDRTYGQWGQGTQVTVSS
seq20697,QVQLVESGGGLVQAGGSLRLSCAASGYAYTYIYMGWFRQAPGKEREGVAAMDSGGGGTLYADSVKGRMTISRDKGKNTVYLQMDSMKPEDTATYYCAAGGYELRDRTYGQWGQGTQVTVSS
seq20698,QVKLLESGGKVTHEGQSVTLTCKASGFNFKDYDMSWHWSPSGSNRQLVASISSKTGSKTEYKPRIQGRAYITRNNEANTVSLTLIQLRKEDSGIYYCAKLENVGGLSRYIIREQWGNFGPGTKLTVLP
seq20699,QVQLVQSGGGLVQAGGSLRLSCAASGGTFATSPMGWLRQAPGKGTEFVAAISPSGGDRIYADSVKGRFTISRDNAGNFIYLQMNSLKPEDTAVYYCAVRRRFDGTSYYTGDYDSWGQGTLVTVSS
seq20700,QVQLQESGGGLVQAGGSLRLSCTASGRTFSSYAMGWFRQTPGKEREFVAAITWGGSTTLYADSVKGRFTMSRDNAKNTVYLQMNSLKPEDTAVYYCAADGSQYRSTYSFRDKPDYGSWGQGTQVTVSS
seq20701,QVQLQESGGGLVQPGGSLRLSCSASGSSFSINTMGWYRQALGKQRELVANINSGGSTNYIDSVKGRFTISRDNAKNMVYLQMNSLKPEDTAVYFCNAARPLRPEGGRWLNYWGQGTQVTVSS
seq20702,QVQLVESGGGLVQAGGSLRLSCVVSGSTFSDYAMGWYRQAAGEQRELVAAIYSTGRTNYIDSVKGRFTISRDNAKTTVYLQMNSLKPEDTAVYYCNLLGATTMINTKWGQGTQVTVSS
seq20703,QVQLVESGGGLVQAGGSLRLSCAASGLTVDDYAIGWFRQAPGKEREGVSCISSSNGSTYYADSVKGRFTISSDNAKNTAYLQMNSLKPEDTAVYYCAAAVSPNLECGTGPFGIYASYYGMDYWGQGTQVTVSS
seq20704,EVQLVESGGGQVETGGSLRLSCQASGSTFSDYVMAWFRQRPGKEREFVATISRNGGTTTYGSSVKGRFTISRDNAKSTVYLQMNSLKPEDTAVYYCYAVGGDGDSWGQGTQVTVSS
seq20705,DVQFVESGGGSVHAGGSLRLNCATSGYIYSTYCMGWFRQAPGKEREGVAHIYTNSGRTYYADSVKGRFTISQDNAKNTVYLQMNSLKPEDTAIYYCAARPSIRCASFSATEYKDWGQGTQVTVSS
seq20706,QVQLVESGGGLVQAGGSLRLSCVASGSAPSFFAMAWYRQSPGNERELVAALSSLGSTNYADSVKGRFTISMDNAKNTVYLQMNNVNAEDTAVYYCAAGDFHSCYARKSCDYWGQGTQVTVS
seq20707,QVQLVESGGRLVQAGDSLRLSCAASGRTFSTSAMAWFRQAPGREREFVAAITWTVGNTILGDSVKGRFTISRDRAKNTVDLQMDNLEPEDTAVYYCSARSRGYVLSVLRSVDSYDYWGQGTQVTVS
seq20708,QVQLVESGGSLVQPGGSLRLSCAASGRFAESSSMGWFRQAPGKEREFVAAISWSGGATNYADSAKGRFTLSRDNTKNTVYLQMNSLKPDDTAVYYCAANLGNYISSNQRLYGYWGQGTQVTVS
seq20709,QVQLVESGGGLVQAGGSLRLSCATSGFTFSDYAMGWFRQAPGKEREFVAAISWSGHVTDYADSVKGRFTISRDNVKNTVYLQMNSLKPEDTAVYSCAAAKSGTWWYQRSENDFGSWGQGTQVTVS
seq20710,EVQLVETGGGLIQPGGSLRLSCAVSGFTVSLNYMSWVRQAPGKGLEWVSSIYSGGSTFYADSVKGRFTISRDNSKNTLYLQMNSLRAEDTAVYYCARGLGFGELPPFDFWGQGTLVTVSS
seq20711,QVQLQESGGGLVQAGGSLRLSCTASGRAFSWYVMGWFRQAPGKEREFVATVSGNGSRRDYADSVKGRFTISRDNAKNTVYLQMNSLKPEDTAVYYCAASSTYYYTDPEKYDYWGQGTQVTVSS
seq20712,DVQLVESGGGSVQAGGSLRLSCAVSGYKDRNYCMGWFRRAPGKEREGVAVIDSSGRTAYADSVKGRFTISRDVALDTAYLQMNSLKPEDTAMYYCAAGWSSLGSCGTNRNRYNYWGQGTQVTVSS
seq20713,QVQLVESGGGLVQAGGSLRLSCAASGYAYTYIYMGWFRQAPGKEREGVAAMDSGGGGTLYADSVKGRFTISRDKGKNTVYLQMDSLKPEDTATYYCAAGGYELRDRTYGQWGQGTQVTVSS
seq20714,QVQLVESGGGLVQPGGSLRLSCAASGGSEYSYSTFSLGWFRQAPGQGLEAVAAIASMGGLTYYADSVKGRFTISRDNSKNTLYLQMNSLRAEDTAVYYCAAVRGYFMRLPSSHNFRYWGQGTLVTVSS
seq20715,QVQLVESGGGLVRPGGSLRLSCVGSGFTFSGYAMNWYRQAPGKALELVAGISNAGDLTHYEEPMKGRVAISRANDKNTVYLQMDDLKPEDTAVYRCHAPGVRVGTGERKDVWGQGAQVTVSS
seq20716,QVQLQESGGGLVQAGGSLRLSCAASGRTFSTYAVGWFRQAPGKEREFVGYFGTRGGRTYYADSVKGRFTIAIDNAKNTVYLQMNSLKLDDTAVYYCAVRMPYSGDYRSSGTYDYWGQGTQVTVSS
seq20717,QVQLVEYGGGSVQAGGYLRLSCVASGSISLSSGMGWYRQAPGKERELVASISGGSSTNYADSVKGRFTISRDNAKNTVYLQMNSLKPEDTAVYYCAASEQLTSGHAYWGQGTQVTVSS
seq20718,EVQLQESGGGLVQPGGSLRLSCAASGFTFSSYWMYWLRQAPGKGLEWVSSINSDSSSTYYRDSVKGRFTISRDNAKNTLYLQMNSLKSEDTAVYYCAKDPGGYAKGQGTQVTVSS
seq20719,KVQLQQSGGGAVQTGGSLKLTCLASGNTASIRAMGWYRRAPGKQREWVASLTTTGTADYGDFVKGRFTISRDNANNAATLQMDSLKPEDTAVYYCNADGRRFDGARWREYESWGQGTQVTISS
seq20720,AVQLVDSGGGTLQAGKSLRLSCAISGLAFDGGAMGSEHRLTAGAMGWFRQAPGKDREFVAAISPRTDETYYAESLEGRFSVSRDAAATMVFLQADNVRLDDTASYYCAADEDVTPRVMGVIPHADHWGQGTLVTVSS
seq20721,EVQLVESGGGLVQPGGSLRLSCAASGFTFDDYAMSWVRQAPGKGLEWIGRMYNNGRTSYNPSLKSLVTISRDNSKNTLYLQMNSLRAEDTATYYCARDNLGYRPSENLYGMDVWGQGTTVTVSS
seq20722,QVQLQESGGGLVQAGDSLRLSCAASGRTFSTYPMGWFRQAPGKEREFVAASSSRAYYADSVKGRFTISRNNAKNTVYLQMNSLKPEDTAVYYCVADSSPYYRRYDAAQDYDYWGQGTQVTVSS
seq20723,QVQLVESGGGLVQAGGSLRLSCAVSGLEMQSHAIGWFRQAPGKEREGVSCINDDGSTTRYADSVKGRFTISRDNAKNTVYLQMNSLKPEDTAVYFCAAKSVWFCSVIRSHEFNSWGQGTQVTVSS
seq20724,QVQLQESGGGLVQPGGSLRLSCAASGSGFNNNAMGWYRQAPGKQRELVAAITSFGSTNYADSVKGRFTISRDNAKNTVYLQMNSLKPEDTAVYYCTAGWGATPRSYWGQGTQVTVSS
seq20725,EVQLVESGGGLVQPGGSLRLSCAASDFSFYDYEMSWVRQAPGKALEWIGSMYHSGRTYINPSLKSLVTISRDNSKNTLYLQMNSLRAEDTAMYYCVSNWASGSTGDYWGQGTLVTVSS
seq20726,VQLAETGGGLAQAGGSLRLSCAASGSIFSINAMGWYRQAPGKERELVADISGSGRTNYADSVKGRFTISRDNAKNTVSLQMNSLKPEDTAVYYCNVVGGSYYYDEYNYWGQGTQVTVSS
seq20727,EVQLVESGGGVVQPGRSLRLSCAASGFTFSSYAMHWVRQAPGKGLEWIGNIYHDGSTFYNPSLKSLVTISRDDSTNTLYLQMNSLRAEDTAIYYCARVWLYGSGYMDVWGKGTLVTVSS
seq20728,QVQLAETGGGLAQPGGSLRLSCAASGFTFSRAVMNWYRQAPGKERELVARIYDAGGNGSIADPVKGRFTISRDNAKNTVHLQMNSLKPEDTAMYVCNAGIFDGNYRTYWGQGTQVTVSS
seq20729,QVQLAETGGGLVQPGGARTLSCAASESISSFYFMGWYRQAPGKPRELVAEISNYGRTDYGDSLKGRFTISRDNAANTVNLQMNNLAPEDTALYYCNARKWERSVLEDYWGQGTQVTVSS
seq20730,QLVETGGGLVQPGGSLRLSCAASGSIFSINAMGWYRQAPGKERELVADISSSGRINEADSVKGRFTISRDNAKNTVYLQMNSLKPEDTAVYYCNVLAGSHYYDEYEYWGQGTQVTVS
seq20731,QLQLVETGGGLVQAGGSLRLSCAASGSIFSMHAMGWFRQAPGRERELVAVAPTGRPSDYADFAKGRFTISRDNAKNTVSLQMHSLEPEDTAVYYCNAQLWERYVLNDYWGQGTQVTV
seq20732,QVQLQESGGGLVQAGASLRLSCAASGRTFMGWFRQAPGQEREFVAAIDAFGINTYYADSAKGRFTISRDSAKNTVYLQMNSLKPEDTAVYYCAATLRGTQPGAVMQWRPDYWGQGTQVTVSS
seq20733,QVQLQESGGGLVQAGGSLRLSCAASGRSLSDYTMGWFRQAPGKEREFVTAITSDGVYANYADSVKGRFTISRDNAKNTAYLQMNSLKPEDTAVYYCAGKTRRSMLMTTGYDYWGQGTQVTVSS
seq20734,QVQLQESGGGSVQAGGSLRLSCSASGYTYISGWFRQAPGKEREGVAAIRSSDGTTYYADSVKGRFTISQDNAKNTVYLQMNSLKPEDTAMYYCAATEVAGWPLDIGIYDYWGQGTEVTVSS
seq20735,QVQLQESGGGLVQAGGSLRLSCAASGSIFDLGVMGWYRQAPGKEREQVAGIDYGGVTNYADSVKGRFTISRDNDTVYLQMNSLKPEDTAVYYCAAGIVGDEVGWIYYLYWGQGTQVTVSS
seq20736,QVQLVESGGGLVQAGGSLRLSCAASGFPVNISWMEWYRQVPGKEREWVAAIQSTGSYTWYADSVKGRFTISRDNAKNTVYLQMNSLKPEDTAVYYCRVKVGAYYRGQGTQVTVSA
seq20737,QVQLQESGGGLVQPGGSLRLSCAASGSDFSLYAMGWYRQVPGKERELVATITSGGTTNFADSARGRFTISRGNAKNTVYLQMNNLKPEDTAVYYCWSRGSYGRYLETWGQGTQVTVSS
seq20738,QWQLVESGGGLVQPGGSLRLSCAASGSTFSSYAMGWYRQAPGKECELVAAISRAGGSTNYADSVKGRFTISRDNAKNTVYLQMNSLKPEDTAVYYCNAAAEGETGSNWSLCEEYDYWGKGTRVTVSS
seq20739,QVQLQESGGGLVQPGGSLRLSCAASGFTLDRYAIGWFRQAPGKEREGVSCISSSDGSTYYADSVKGRFTISRDNAKNTVYLQMNSLKPEDTAVYYCARDHGPCTVLADILYDYGMDYWGKGTQVTVSS
seq20740,QVQLVESGGGLVQAGESLRLSCAASGRTFAMAWFRQAPGKEREFVAVRGWLGVTTYYADSVKGRFTISRDNAKNTLDLQMNSLKPEDTAVYYCAAGQYSSSLYDRETEYNYWGQGTRVTVSS
seq20741,QVQLQESGGGLVQAGGSLRLSCAASRSIFSIDTANWYRQPPGMQRELVATITRDGNANYADSVKGRFTISRDRARNTVYLQMNSLKPEDTGVYYCNAAIRTTVRTSAQEYWGQGTQVTVSS
seq20742,EVQLQASGGGFVQPGGSLRLSCAASGTTYGQTNMGWFRQAPGKEREFVSAISGLQGRDLYYADSVKGRFTISRDNSKNTVYLQMNSLRAEDTATYYCAFHDFLRMWEYWGQGTQVTVSS
seq20743,EVQLQASGGGFVQPGGSLRLSCAASGSTSRQYDMGWFRQAPGKEREFVSAISSNQDQPPYYADSVKGRFTISRDNSKNTVYLQMNSLRAEDTATYYCAFKQHHANGAYWGQGTQVTVSS
seq20744,QRQLVESGGGLVQPGGSLRLSCAASGSTDSIEYMTWFRQAPGKEREGVAALYTHTGNTYYADSVKGRFIISRDKAKNMVYLQMNSLEPEDTAVYYCGATRKYVPVRFALDQSSYDYWGKGTPVTVSS
seq20745,QVQLVESGGGLVQPRGSLRLSCAASGFTFSRAAMSWYRQAPGKEREMVSTIGSFGVSTNYSDSVKGRFTISRDNAKNTVYLHMNSLKPEDTAVYYCNARYRSSYPWGQGTQVTVSS
seq20746,QVQLVETGGGLVQPGGSLRLSCAASGFTLDDYAIGWFRQAPGKEREGVSCISRSGGSTTYTDSVKGRFTISRDNAENTVYLQMNSLKPEDTAVYYCAAARTRGTCWLNRIGMDYWGKGTQVTVSS
seq20747,QVQLVETGGGLVRAGGSLRLSCVDSGRTFRVYTMGWFRQAPGKEREFVAAIRWSGDRTYYGDPVQGRFTISRDKGKNTVYLQMNSLKPEDTAVYYCAAPAGGGVVYDDHKAYAYWGQGTQVTVS
seq20748,QVQLQESGGGLVQAGESLKLSCAASGNTFSGGFMGWYRQAPGKQRELVATINSRGITNYADFVKGRFTISRDNAKKTVYLEMNSLEPEDTAVYYCYTHYFRSYWGQGTQVTVSS
seq20749,QVQLVESGGGLVQAGGSLRLSCAASGSIGSLDAMAWYRRAPGKQRERVASISRYGTYYVDSVKGRFTISRDNAKNTVYLQMNSLKPEDTGVYYCKGVMEVGGVIDEYWGQGTQVTVSS
seq20750,QLQLVESGGGSVQAGGSLTLSCTASESISKRIHGIGWFRQRRGEQREEIAYITTGGRPNLGDSVKDRFTISRDKSNGTVYLQMNSLKPEDTAVYYCHGRGRWWGTEGRLDYWGQGTQVTVSS
seq20751,QLQLVETGGGLVQAGGSLRLSCVASGRTFTSYAMGWFRQAPGKEREFVAAISRLASGTDYADSVKGRFTISRNNDKNTVYLQMNNLIPEDTAVYYCAALQALRFSLPIAMATMKNGRADSWGQGTQVTVSS
seq20752,QVQLVESGGGSVQAGGSLRLSCAVSGGTLSTLAMGWFRQAPGQEREFVARIGWTNGDTGYADSVKGRFTISRDNVKNTVYLQMNNLKPEDTALYYCATRRPYGSTLYPPNTESAHDNWGQGTQVTVSS
seq20753,QVQLQESGGGLVQPGGSLRLSCAASETALTYYAIGWFRQAPGKEREGVSCISRINSGSGARTDYADSVKGRFTISRDDAKNTVTLQMNSLEPEDTARYYCALDTTDRYDSANGRYYCTISSDTYDYWGQGTQVTVSS
seq20754,QVQLQESGGGLVQAGASLKLSCAASGRTFSSYAMGWFRQAPGKEREFVAAISRSGGDTKYADSVKGRFAISRDNDKNTVWLRMNSLKPEDTAVYYCAATTYASLSDTYIGEHIYDDWGQGTQVTVSS
seq20755,QVQLVESGGGLVQAGGSLRLSCAASGRTFSTSAMGWFRQAPGREREFVAAITWTVGNTIYGDSMKGRFTISRDRTKNTVDLQMDSLKPEDTAVYYCTARSRGFVLSDLRSVDSFDYKGQGTQVTVS
seq20756,GQLVESGGGSVQAGGSLRLSCAASGIDSSSYCMGWFRQRPGKEREGVARINGLGGVKTAYADSVKDRFTISRDNAENTVYLQMNSLKPEDTAIYYCAAKFSPGYCGGSWSNFGYWGQGTQVTVSS
seq20757,QVQLQESGGGLVQAGESLRLSCAASGTIFRLYDMGWYRRVSGNQRELVASITSGGSTKYGDSVKGRFTISRDNAKNTVYLQMSSLKPEDTAVYYCNAEYRTGIWEELLDGWGQGTQVTVSS
seq20758,QRQLVESGGGLVQPGGSLRLSCAASGTIFRLYDMGWFRQAPGKEREGVASITSGGSTKYADSVKGRFTISRDNAKNTVYLQMNSLEPEDTAVYYCNAEYRTGIWEELLDGWGKGTPVTVSS
seq20759,KPSLRLSCAASGTIFRLYDMGWYRRVSGNQRELVASITSGGSTKYGDSVKGRFTISRDNAKNTVYLQMSSLKPEDTAVYYCNAEYRTGIWEELLDGWGQGTQVTVSS
seq20760,QVKLQQSGGGSVQEGGSLRLSCASSGAFFRAGPMGWYRRAPGNERELVAGISRNGRTIYAPSLKDRFTISRDDDNNILYLQMSDLTPGDTAVYYCNLNVRTAVAGRNDYWGQGTQVTVSS
seq20761,EVQLVQSGAEVKKPGASVKVSCKTSGYTFTNYGINWVRQAPGQGLEWIGYIYIGAGDTDYSEKFKGRATITSDTSASTVYMELSSLRSEDTAVYYCAGTGTRFVYWGQGTLVTVSS
seq20762,QVQLVESGGGLVQAGGSLRLSCAASGFPVYQAWMWWYRQAPGKEREWVAAIESEGQYTWYADSVKGRFTISRDNAKNTVYLQMNSLKPEDTAVYYCNVKDTGHTTNQYDYWGQGTQVTVSA
seq20763,HVQLVESGGGLVQAGGSLRLSCAAPGRTFSTSAMGWFRQAPGKEREFVAAIDWSNTNIHYADTVKGRFTISTDTAKNTVYLQMNNLKPEDTAVYYCAQGGWGLTQPISVDYWGKGTQVTVSS
seq20764,QVQLVESGGGLVQAGGSLRLSCAASGIDVRIKTMAWYRQAPGKQRELLASVLVSGSTNYADPVKGRFTISRDNAKNTVYLQMNKLIPDDTAVYYCNTYGRLRRDVWGPGTQVTVSS
seq20765,EVQLLESGGGLVQPGGSLRLSCAASGFTFSTFSMNWVRQAPGKGLEWVSYISRTSKTIYYADSVKGRFTISRDNSKNTLYLQMNSLRAEDTAVYYCARGGWALGDEIPSSFLEFDYWGQGTLVTVS
seq20766,VQLQESGGGLVQPGGSLRLSCAASGRTISRYAMSWFRQAPGKEREFVAVARRSGDGAFYADSVQGRFTVSRDDAKNTVYLQMNSLKPEDTAVYYCAIDSDTFYSGSYDYWGQGTQVTVSS
seq20767,EVQLVESGGGLVQPGGSLRLSCAASGFNIKDTYIHWVRQAPGKGLEWVARIYPTNGYTRYADSVKGRFTISADTSKNTAYLQMNSLRAEDTAVYYCSRWGGDGFYAMDYWGQGTLVTVSS
seq20768,QVQLVQSGAEVKKPGASVKVSCKASGYSFTGYFINWVREAPGQGLEWMGHISSSYATSTYNQKFQGRVTFTVDTSSSTAYMELSSLRSEDTAVYYCVRSGNYEEYAMDYWGQGTLVTVSS
seq20769,QVQLQESGGGLVQAGGSLRLSCEASGNVDRIDAMGWFRQAPGKQREFVGYISEGGILNYGDFVKGRFTISRDNAKNTVYLQMSNLKSEDTGVYFCAASHWGTLLIKGIEHWGKGTQVTVSS
seq20770,QVQLQESGGGLVQPGGSLRLSCTASGSISSINAMGWYRQAPGSKREFVAHITNTGVTEFADSVKGRFTISRDNAKTTVDLQMNSLKPEDTAVYYCAATDWGTLLIKGIDHWGKGTQVTVSS
seq20771,QLQLVESGGGLVQAGGSLRLSCTASGRTGTMGWFRQGPGKEREFVASHKWVAGSTYYADSVKGRFTISRDNAKNTLYLQMNSLKSEDTAVYYCAASSQIFYGATTSIKDFNSWGKGTRVTVSS
seq20772,QVQLQESGGGLVQAGGSLRLSCAASGYISDAYYMGWYRQAPGKEREFVATITHGTNTYYADSVKGRFTISRDNAKNTVYLQMNSLKPEDTAVYYCAVLETRSYSFRYWGQGTQVTVSS
seq20773,QLQLVESGGGLVQAGGSMRLSCAASISFSSFPMGWHRQAPGKQRELVAKTGIGGTAYDDSVKGRFTISRDNTKNTVYLQMNSLKVEDTAVYYCWGWRMNDYWGQGTQVTVSS
seq20774,QVQLVESGGGLVQAGGSLRLSCAASGFPVESENMHWYRQAPGKEREWVAAIYSTGGWTLYADSVKGRFTISRDNAKNTVYLQMNSLKPEDTAVYYCAVQVGYWYEGQGTQVTVS
seq20775,QVQLQESGGGLVQPGGSLTLSCAASGYAVSRYSMGWFRQAPGKENEGVAAIDSSGVGTTYADSVKGRFTISRDNAKDTVYLRMNSLKPEDTAIYYCASGFGLSLSRYTYAYWGQGTQVTVSS
seq20776,QVQLQESGGGLVQPGGSLRLSCAASGSIFSIYAMGWYRQAPGKQRELVASISSGGGTNYADSVKGRFTISGDNAKNTVYLQMNSLKPEDTAVYYCKREDYSAYAPPSGSRGRGTQVTVSS
seq20777,QVQLQESGGGLVQPGGSLRLSCTAPRIIFFMYDVGWYRQAPEKQRELVAQINSDVSTKYADSVKGRFTISRDNAKRTVYLQMNDLKPEDAAVYYCNVRRASADYWGQGTQVTVSS
seq20778,QVQLQESGGGLVQPGGSLRLSCAASGSVSRTYVMGWYRQTPGNQRELVATITSVGSTNYADSLKGRFTISRENAENTVYLQMNSLKPEDTAIYYCKYIRYSPIHAPLDYWGQGTQVTVSS
seq20779,QVQLQESGGGLVQPGGSLRLSCAASGFTFSNYYMSWVRQAPGEGREWVSSINRDGSNTYYADSVKGRFTIARDNVKNTLYLLMDSLKSDDTAVYYCTKGSNWPYDNWGQGTQVTVSS
seq20780,QVQLQESGGGSVQAGGSLRLSCAVSENTGRMGWFRQAPGKEREKVAIITRLGGYTSYAGPVKGRFTISQDNAKNTVYLLMNSLKPEDTAIYYCAADSRPIYSGTWRYWGQGTQVTVSS
seq20781,QVQLQESGGGLVQPGGSLRLSCAASGFTLGYYPIGWFRQAPGKGLEGVSCISGSGGSANYAASVKGRFTISRDNAKNTVYLQMNSLKPEDTAIYYCAADLSSLTTVQAMCVIPRPGFSAKAYDYWGLGTQVTVSS
seq20782,QVQLQESGGGLVQAGGSLRLSCAASGLTFDTYAMGWFRQAPGKKREYVAAISWTGISTYYADIAKGRFTISRDNAKNTLYLQMDSLKPEDTAVYYCAAQKSLNVPAPWDYWGQGTQVTVSS
seq20783,QVQLVESGGGLVQSGGSLRLSCAASGSIFRTTGMNWYRQTPEKQREWVALITSHGTTSYAASVEGRFTISRDSAGTTVYLQMNSLKPEDAGVYYCTTRGYWGQGTQVTVSS
seq20784,QLVQAGGSLRLSCAASGGTFATSPMGWLRQAPGKGTEFVAAISPSGGDRIYADSVKGRFTISRDNAGNFIYLQMNSLKPEDTAVYYCAVRRRFDGTSYYTGDYDSWGQGTLVTVSS
seq20785,DVQLQESGGGLVQTGGSLTLSCATSGRSFSLYAMAWFRQAPGKEREFVAGVSRRGNTAYADAVKGRFTISRDNAANTVYLQMTSLKPEDTAVYFCAAFRVAVTTYTSQQANEYNYWGQGTQVTVSS
seq20786,QVQLVESGGGSVQAGGSLRLSCAASGDAGRRYCMAWFRQAPGKEREGVAFISTANGRTDYVDSVKGRFTISQNSAKNTVYLQMNSLKPEDTAMYYCASRGYGYLSCSSYSLAAYNYWGQGTQVTVSS
seq20787,QVQLVESGGGLVQPGGTLRLSCAASGFTLDYYAIGWFRQAPGKEREGVSCISGSGGITNYTDSVKGRFTISRDNAKNTVYLQMNSLKPEDTAVYYCAPVSHTVVAGCAFEAWTDFGSWGQGTQVTVSS
seq20788,QVQLQESGGGLVQPGGSLTLSCAASGFTFSSYSMYWVRQAPGKGLEWVSSINRVGSNTDYADSVKGRFTISRDNAKNTLYLQMNSLKSEDTALYYCAVGMYAAPPWRGQGTQVTVSS
seq20789,QVKLEESGGGLVQAEGSLRLSCVTSGRIEGILLVGWYRQGPGKQRDVVASIDRNGNTRYDGSAEGRFTIARENANTVYLQMNNLRPEDSNVYVCGALSSGVNPWAWGQGTQVTVSS
seq20790,QVQLQESGGGLVQPGGSLRLSCAASGSGNSINVMGWYRQAPGKPRELVAEITSSGTTNYADSVKGRFSISRDNAKNTVPLQMNSLKPEDTAIYYCSAVLVRFGGLRRSYWGQGTQVTVSS
seq20791,QVKLEESGGGSVQAGGSLRLSCAASGHTYSTYCMGWFRQVPGKEREGVARINVGGSSTWYADSVRDRFTISQDNAKNTVYLQMNSLKLEDTAIYYCTLHRFCNTWSLGTLNVWGQGTQVTVSS
seq20792,QVQLQESGGGLVQAGGSLRLSCEASGRTFSSYAMGWFRQAPGKERDFVAVISWSGSNTYYADSAKGRFTISRDNAKNTVYLQMNSLKPEDTAIYYCAAPGRPHGSSWSLNKKGQGYDYWGQGTQVTVSS
seq20793,VQLVETGGGVVQAGGSLRLSCVASGRTFSVSGRTFSDHGLGWFRQAPGKEREFVGSISWSVDGDATYYTDLANSVKGRFTISGVNAKNTVYLQMNSLKPEDTAVYYCAAGLRGGTYARTIYEYDYWGQGTQVTVSL
seq20794,QVQLVESGGGLVQAGGSLTLSCVASGRPFRNYRLGWFRQAPGKEREFVAAINWGGVITNYADSVKGRFTISRDDAKNTVYLQMNSLKPEETAVYYCAAFDSTGSPIVRDNYEYWGQGTQVTVSS
seq20795,QVQLQESGGGLVQAGGSLRLSCTASRRTGSNWCMGWFRQLAGKEPELVVALNFDYDMTYYADSVKGRFTVSRDSGKNTVYLQMNSLKPEDTAIYYCAARSGGFSSNRELYDGWGQGTQVTVSS
seq20796,QVQLQESGGGLVQAGGSLRLSCAASGRTFSSFVMGWFRQAPGKEREFVASISRSGSVTRYADSAKGRFTISKDNAKNTVSLQMDNLNPDDTAVYYCAADLHRPYGPGSQRTDDYDTWGQGTQVTVSS
seq20797,QVQLVESGGALVQPGGSLRLSCAASGFPVNRYSMRWYRQAPGKEREWVAGMSSAGDRSSYEDSVKGRFTISRDDARNTVYLQMNSLKPEDTAVYYCNVNVGFEYWGQGTQVTVSH
seq20798,QVQLVESGGGLVQPGGSLRLSCAASGIMLGYFTMAWYRQAPGKQRELVATEISGGSANYADAVKGRFTISRDNARSTVYLQMNSLKPEDTAVYYCDARIWRGTVYDNISGPGTQVTVSS
seq20799,QVQLVESGGGLVQPGGSLRLSCVASEFSGFTLDYYAIGWFRQAPGKEREGLSSISSSSDGFTSYSDSVKGRFTISRDNAKNTVYLQMNSLKPEDTAVYYCAARLGGWASFSPQEYDYWGQGTQVTVSS
seq20800,VQLAETGGGLVEPGGSLRLSCAAPEFRLQYYTAGWFRQAPGKEREWVACISAGGGVTYYTGSVQGRFTISRDNAKRTVYLQMDSLKPEDTAVYSCAADLEYSQIMPSCRGSYGVRGQGTQVTVSS
seq20801,EVQLVESGGGLVQAGDSLRLSCTASGRTFSRAVMGWFRQAPGKEREFVAAISAAPGTAYYAFYADSVRGRFSIAADSAKNTVYLQMNSLKPEDTAVYYCAADLKMQVAAYMNQRSVDYWGQGTQVTVSS
seq20802,QVQLVESGGGLVQAGGSLRLSCAASGFPVYRNRMHWYRQAPGKEREWVAAIESAGQETHYADSVKGRFTISRDNAKNTVYLQMNSLKPEDTAVYYCNVKDEGWYWQTYDYWGQGTQVTVSA
seq20803,QVQLVESGGGLVQPGGSLRLSCAASGFTSDHYALAWFRQAPGKEREGVSCIDSDGNPFYADSVKGRFTGSRDNAKNTVYLQMNSLKLEDTAVYYCAAGLWYGRSLNSFDYDYWGQGTQVTVSS
seq20804,EVQLQESGGGLVQPGGSLRLSCTASGVTISALNAMAMGWYRQAPGERRVMVAAVSERGNAMYRESVQGRFTVTRDFTNKMVSLQMDNLKPEDTAVYYCHVLEDRVDSFHDYWGQGTQVTVSS
seq20805,QVQLVESGGGSAQPGGSLRLSCAVSGSVSELNTMGWFRQAPGKQRELVARITATSDATNYADSVKGRFTISRDNGWNTVYLQSNSLKPEDSAVYYCNVEGAPSWFSGIRSYWGQGTQVTVSS
seq20806,QVQLVESGGGLVQAGGSLRLSCAASGRTITPISTYVMGWFRQDPGKEREFVASISWNGANTYYADSVKGRFTISRDNAKNTVYLQMNSLKPEDTAVYYCAADPESHVRLRLGVGAYWGRGTQVTVSS
seq20807,QVQLVESGGGLVQAGGSLRLSCAASGRTFSSYVMGWFRQAPGKEREFVTAISWSGGSIHYADSVKGRFTISRDNAKNTVYLLQMNSKPEDTAVYTCVAGFAGYGSFTSRSARDSDKYDYWGQGTKVTVSS
seq20808,EVQLVESGGGLVQPGGSLRLSCAASGSVFKINVMAWYRQAPGKGRELVAGIISGGSTSYADSVKGRFTISRDNAKNTLYLQMNSLRPEDTAVYYCAFITTESDYDLGRRYWGQGTLVTVSS
seq20809,QVQLVESGGGSVQAGGSLRLSCAASGSISSITYLGWFRQAPGKEREGVAALITVNGHTYYADSVKGRFTVSLDNAKNTVYLQMNSLKPEDTALYYCAAAAWGYAWPLHQDDYWYWGQGTQVTVS
seq20810,QVQLVESGGGLVQAGGSLRLSCAASGFPVYRDRMAWYRQAPGKEREWVAAIYSAGQQTRYADSVKGRFTISRDNAKNTVYLQMNSLKPEDTAVYYCNVKDVGHHYEYYDYWGQGTQVTVS
seq20811,QVQLQESGGGSVQAGGSLRLSCAASGRTFSKNAMGWFRQAPGKEREFVVAISWSGRNTYYADSVKGRFTISRDNAKNTVDLQMNSLKPEDSAVYYCAVGGDWRVYDISFYYTAHQYEYWGQGTQVTVSS
seq20812,QVQLQESGGGLVQAGGSLRLSCVASGRTFSSYAMGWFRQAPGKEREFVAAIDWSGGTASHADSVKGRFTISRDNAKNTVYLQMNSLKPEDTAVYYCAASSYWSRSVDEYDYWGQGTQVTVSS
seq20813,QVQLQESGGGLVQAGGSLRLSCAASGFTLDSYAIGWFRQAPGKEREGVSCISASGGSTNYADSVKGRFTISRDNAKNTVYLQMNSLKSEDTAVYYCAADHPGLCTSESGRRRYLEVWGQGTQVTVSS
seq20814,QVQLQESGGGLVQAGGSLRLSCAASGNISAQAYMGWYRQAPGKERELVAGISYGATTYYADSVKGRFTISRDNAKNTVYLQMNSLKPEDTAVYYCAVISAGGGESIGYHFYWGQGTQVTVSS
seq20815,QMQLVESGGGLVQAGGSLRLSCAVSGSIFSIITLAWYRQAPGKPRENVATITRGSRTSYADSVKGRFTISKDNAKSTVYLQMNKLKPEDTADYYCNAEGPAGYWGQGTPVTVS
seq20816,QVQLVESGGGLVQAGGSLRLSCAASGFPVAYKTMWWYRQAPGKEREWVAAIESYGIKWTRYADSVKGRFTISRDNAKNTVYLQMNSLKPEDTAVYYCIVWVGAQYHGQGTQVTVSA
seq20817,QVQLQESGGGLVQAGGSLRLSCAASGTIFVFDKMGWYRQAPGKEREFVATISRGGSTNYADSVKGRFTISRDNAKNTVYLQMNSLKPEDTAVYYCAVRYTPWRRYSYWGQGTQVTVSS
seq20818,QVQLQESGGGLVQAGGSLRLSCAASGNISTRAGMGWYRQAPGKEREFVASINWGAITNYADSVKGRFTISRDNAKNTVYLQMNSLKPEDTAVYYCAVEYKYGPQRSDTYYYWGQGTQVTVSS
seq20819,QVQLQESGGGLVQAGGSLRLSCAASGLTFSTNGMGWFRQAPGKEREFVFGVNWNGGNSYVADSVKGRFTISRDNAKNTVYLQMNSLKLEDTAVYYCAAKMGRRLAVSRTLEEYDFRGQGTQVTVSS
seq20820,EVQLLESGGGLVQPGGSLRLSCAASGFTFRDYEMWWVRQAPGKGLERVSAINPQGTRTYYADSVMGRFTISRDNSKNTLYLQMNSLRAEDTAVYYCAKLPFTFDDWGQGTLVTVSS
seq20821,QVQLVESGGGFAQAGGSLRLSCAASGSTFRFRAMGWFRQAPGKEREFVAGISWSGSTKYTDSVKGRFTISRDNAKNTVHLQMNNLTPEDTAVYYCAQSRAIEADDSRGYDYWGQGTQVT
seq20822,QVQLVESGGGLVQAGGSLRLSCAASGRTFSRSSMGWFRQAPGKEREFVASIVWADGTTLYGDSVKGRFTVSRDNVKNMVYLQMNNLKPEDTALYYCADNKFVRGLVAVRAIDYDYWGQGTQVTVS
seq20823,QVQLAESGGGLVQPGGSLRLSCSASGGVFIIYNMGWYRQAPGKQRELVASIDSYSGSITNYADSVKGRFTISRDNVEKRVYLEMNNLKPEDTAVYYCNANLRTNNYWGQGTQVTVSS
seq20824,QVQLVESGGGLVQAGGSLRLSCAASGFPVYRDRMAWYRQAPGKEREWVAAIYSAGQQTRYADSVKGRFTISRDNAKNTVYLQMNSLKPEDTAVYYCNVKDVGHHYEYYDYWGQGTQVTVSA
seq20825,QVQLQESGGGLVQPGGSLRLSCAASGSVFSDNAMGWSPNINAMGWFRQAPGKQPDMVADISNTGSIDYADSVKGRFTISRDNGKNTVTLQMNSLKPEDTAVYVCSADIRVGLRDYDYWGQGTQVTVSS
seq20826,QVQLVESGGGLVQPGGSLRLSCVASEFSRFTLDYYAIGWFRQAPGKEREGLSSISSSSDGFTSYSDSVKGRFTISRDNAKNTVYLQMNSLKPEDTAVYYCAARLGGWASFSPQEYDYWGQGTQVTVS
seq20827,QVQLQESGGGLVQTGGSLRLSCAFSGFTSDDYVIGWFRQAPGKGRQGVSCIRLSGGGTIYADSAKGRFTVSADNAKKTVYLQMTRLKPEDTAVYYCGAERYNVEGCGYDVAYWGKGTQVTVSS
seq20828,QVQLQESGGGLVQPGGSLRLSCAAAGFTFDYYAIAWFRQAPGKEREGVSCISSSDGTTYYADSVKGRFTISKDNAKNTMYLQMNSLKPEDTAVYYCATSPLYSTNDRCISEDYDYWGQGTQVTVSS
seq20829,QVQLQESGGGLVQAGGSLRLSCAASGTISPRGVMGWYRQAPGKEREFVAAINYGGTTYYADSVKGRFTISRDNAKNTVYLQMNSLKPEDTAVYYCAVYYYINSQRKVLLYWGQGTQVTVSS
seq20830,QVQLQESGGGLVQAGGSLRLSCAASGYIFSSYAMGWYRQAPGKEREFVATIGWGTITYYADSVKGRFTISRDNAKNTVYLQMNSLKPEDTAVYYCAAQDLLYYSFPGDHAYWGQGTQVTVSS
seq20831,VQLQESGGGLVQAGGSLRLSCAASGRIFSTNVMGWFRQAPGKEREFVATVGRIGGSTVYADFVKGRFTLSRDNAKNMVYLQMNSLKPEDTAVYYCGARIGGSDRLAPENYGYWGQGTQVTVSS
seq20832,QVQLQESGGGLVQAGGSLRLSCAASGRIFSTNVMGWFRQAPGKEREFVATVGRIGGSTVYADFVKGRFTLSRDNAKNMVYLQMNSLKPEDTAVYYCGARIGGSDRLAPENYGYWGQGTQVTVSS
seq20833,QVQLQESGGGLVQAGGSLRLSCTYSGQTFSAWAMGWFRQAPGKERETVATINWNGERTQYADAVKGRFTISRDNAKDTVYLEMNSLKPEDTAVYYCASMMGTYYSGSPKNWGQGTQVTVSS
seq20834,AAQLQESGGGLVQPGGSLRLSCAASGRTFSSYNMGWFRQAPGKGREFVASITSSGDKSDYTDSVKGRFTISRDNAKNTMYLQMNNLKPEDTATYYCARGLGIYIIRARGGYDHWGQGTQVTVSS
seq20835,QVQLVESGGGLVQAGGSLRLSCAASGRTFSRYAMAWFRRAPGKEREFVAAISASAGTIFYTDSVKGRFTISRDHAKNTVSLQMNSLRPEDTAVYYCAAKTGTWATLDRRYDYWGQGTRVTVSA
seq20836,QVQLQESGGGLVQAGGSLRLSCAASAAAAAAAAAGWYRQAPGKERAAAAAAAAAAAAAAADSVKGRFTISRDNAKNTVYLQMNSLKPEDTAVYYCAAAAAAAAAAAYWGQGTQVTVSS
seq20837,QVQLVESGGGLVQAGGSLRLSCAASGRAIRSYFMAWFRQAPGKEREFVAAVEYIFNTYYADSVKGRFTISRDNAKNTVFLQMNSLKPEDTAVYYCAAGVGASVSVSESWYNYWGQGTQVTVSS
seq20838,QVQLVESGGALVQPGGSLRLSCAASGFPVNRYSMRWYRQAPGKEREWVAGMSSAGDRSSYEDSVKGRFTISRDDARNTVYLQMNSLKPEDTAVYYCNVNVGFEYWGQGTQVTVSS
seq20839,QVQLQESGGGLVQPGGSLRLSCAASGRTFSDHSGYTYTIGWFRQAPGKEREFVARIYWSSGNTYYADSVKGRFAISRDIAKNTVDLTMNNLEPEDTAVYYCAARDGIPTSRSVESYNYWGQGTQVTVSS
seq20840,QVQLQESGGGLVQAGGSLRLSCAASGRTFSNDHMGWFRKAPGKEREFVAAITPGTEKTYYADSVKGRFAFSRDNAKNTVYLQMNSLKPEDTAVYYCVATPYYRGSYYAASTYTYWGQGTQVTVSS
seq20841,QVQLVESGGGLVQTGDSLRLSCAASGRTFSRYAMGWFRQAPGKERELVAAINWSGGSTYYADFAKGRFTISRDNAKNMLYLRMSSLKPEDTAVYYCAAGGPEVEITRANEYDYWGQGTQVTVSS
seq20842,QVQLVESGGGLVQAGGSLKLSCTTSGRPFSTFDLAWFRQAPGKEREFVSGLRRGGSTFYADSVSGRFTISGGSTKNTLYLQMNSLKPEDTAIYYCARSITGYGLVDSASHYTIWGQGTQVTVSS
seq20843,QVQLVESGGGLVQPGGSLRLSCAASGFTFSDYVMTWVRQAPGKGPEWIATINTDGSTMRDDSTKGRFTISRDNAKNTLYLQMTSLKPEDTALYYCARGRVISASAIRGAVRGPGTQVTVSS
seq20844,QLQLVESGGGLVQPGGSLRLSCAASGFTLDYSSIGWFRQAPGKEREGVSCISSSGDSTKYADSVKGRFTTSRDNAKNTVYLQMNSLKPDDTAVYYCAAFRATMCGVFPLSPYGKDDWGKGTLVTVSS
seq20845,QVQLVESGGGLVHPGGSLRLSCAASGRTGSRHAVAWFRQAPGKERDFVASINAVGLVRNYADSVLGRFSISRDFAKNEVYLQMNSLEPEDTAVYYCAARYYSGTYSSTYDRDDYDYWGQGTQVTVSS
seq20846,QVQLQESGGGLVQAGGSLRLSCAASGSIFSPNAMGWYRQAPGKERELVAARTNVGSTYADSVKGRFTVSRDNAKNTVYLQMNSLKPEDTAVYYCNAWGQDGWLGQYDYWGQGTQVTVSS
seq20847,QVQLQESGGGLVQPGGSLRLSCAASGSIFSGNAMGWYRQAPGKQRELVAAITSGGSTDYADSVKGRFTISRDNAKNTVYLQMNSLKPEDTAVYYCHVDPRPWGYDVTDYDYWGQGTQVTVSS
seq20848,QVQLVESGGGVVQAGGSLRLSCAASGRTFSSRAMGWFRQAPGEGREFVATISWSGSYTEYADSVKGRVTISRDNAKNTVYLQMNSLKPGDTAVYHCAAKNGGAASNYPNDYVYWGQGTQVTVSS
seq20849,EVQLVESGGGLVQPGGSLRLSSAISGFSISSTSIDWVRQAPGKGLEWVARISPSSGSTSYADSVKGRFTISADTSKNTVYLQMNSLRAEDTAVYYTGRPLPEMGFFTQIPAMVDYRGQGTLVTVSS
seq20850,QVQLVESGGGLVQAGGSLRLSCAASGRTLSSYAVGWFRQAPGLEREFVATISRSGGSTHYADSVKGRFTISRDNAKNTVYLQMNSLKPEDTAVYYCAATFTPDGSWYYTRGSSYDYWGQGTQVTVSS
seq20851,AVQLQESGGGLVQAGGSLRLSCTVSARTSSSHDMGWFRQAPGKEREFVAAISWSGGTTNYVDSVKGRFDISKDNAKNAVYLQMNSLKPEDTAVYYCAAKWRPLRYSDNPSNSDYNYWGQGTQVTVSS
seq20852,QVQLVESGGGLIKPGGSLRLSCAASGVRLSAYDMAWVRQAPGKGLEWVSAISSSGGSTYYADSVKGRFTISRDNSKNTVYLQMNSLRAEDTAVYYCVTLPDLCPGDNCTYPDASWGQGTMVTVSS
seq20853,AVQLVDSGGGLVQAGGSLRLSCVVSGSIFSINAMGWYRQAPGKQRDLVARISGDSSTYYIDSVKGRFTISRDNAANTVYLQMNSLKPEDTAVYYCAARRLPIGDYTDWGQGTQVTVSS
seq20854,QVQLVESGGGLVQAGGSLRLSCAASGRTFSNDALGWFRQAPRKEREFVAAINWNSGTYYADSVKGRFTISRDNAKNTVYLQMNSLKPEDTAVYSCAAASDYGLPREDFLYDYWGQGTQVTVSS
seq20855,QVQLVESGGGLVQPGGSLRLSCAASGYIYSAYCMGWFRQAPGKGLEGVAAIYIGGGSTYYADSVKGRFTISRDNSKNTLYLQMNSLRAEDTAVYYCAADVIPTETCLGGSWSGPFGYWGQGTLVTVSS
seq20856,EVQLVESGGGLVQAGGFLRLSCELRGSIFNQYAMAWFRQAPGKEREFVAGMGAVPHYGEFVKGRFTISRDNAKSTVYLQMSSLKPEDTAIYFCARSKSTYISYNSNGYDYWGRGTQVTVSS
seq20857,KVQLQESGGGLVQVGGSLRLSCKASGFTFRSSAMGWYRRAPGKQRELVASLTTTGTADYGDFVKGRFTISRDNAENTVDLHMNSLKPEDTAVYYCHEDPYGMESLRYWGQGTQVTVSS
seq20858,EVQLQQSGPELVKPGASVKMSCKASGYTFTSYVMHWVKQKPGQGLEWIGYINPYNDGTKYNEKFKGKATLTSDKSSSTAYMELSSLTSEDSAVYYCARGAYKRGYAMDYWGQGTSVTVSS
seq20859,KVQLQESGGGLVQAGGSLRLSCAASGGTFSINTLGWYRRAPGKEREFVARISSGGITRYADSVKGRFTISRDNGKNTVYLDMNSLKPEDTAVYYCMYRNWGGGLDVYWGQGTQVTVSS
seq20860,QVQLVQSGGGLVQAGGSLRLSCAASVRFFSINTMGWYRQAPGKQRELVADITSSGSTNYADSGKGRFTISRDNAKNTVYLQMNRLKPEDTAVYYCHADYKYTTHNTAWGQGTQVTVSS
seq20861,QWQLVESGGGLVQAGGSLRLSCTASGIILSINSMGWYRQTAGNEREWVAFSTAGGSTTYADSVKGRFTISRDNAKNTVYLQMNSLKPEDTAVYYCNTPAGRVGGTWGQGTPVTVSS
seq20862,QVQLVETGGGLVQPGGSLRLSCGASGSIFNMYAMGWYRQAPGKQREVVARIATDDSTMYPDSVKGRFTISRDNAKNTVYLQMNSLKPEDTAVYYCYYQRTVMSQPYWGQGTQVTVSS
seq20863,QVQLVESGGGLVQAGGSLRLSCAASGFPVEVWRMEWYRQAPGKEREGVAAIESYGHGTRYADSVKGRFTISRDNAKNTVYLQMNSLKPEDTAVYYCNVKDDGQLAYHYDYWGQGTQVTVSA
seq20864,QVQLQESGGGLVQAGGSLRLSCAASGRTFSSDVMGWFRQAPGKEREFVAAVTRSGGKSYNADSVKGRFTISRDNAKNTVSLQMNSLKPEDTAVYYCAAGDTAITSWYGYDYWGQGTQVTVS
seq20865,QVQLQESGGGLVAAGGSLRLSCAASGNIFDVDIMGWYRQAPGKERELVASITDGGSTNYADSVKGRFTISRDNAKNTVYLAMASLKPEDTAVYYCAAVAYPDIPTYFDYDSDNFYWGQGTQVTVSS
seq20866,QVQLVESGGGLVQAGGSLRLSCAASGYPWTYIYMGWFRQAPGKEREGVAAMDSGGGGTLYADSVKGRFTISRDKGKNTVYLQMDSLKPEDTATYYCAAGGDALVATRYGRWGQGTQVTVSS
seq20867,QVQLQESGGGLVQAGGSLRLSCAASGGTFKSGGMAWFRQADTNNDGWIEGDELKAREFAAGISWSGGSTDYEDSVKGRFTISRDNAKNTMYLQMNSLKPEDTAVYYCAAARRFRAGVVTRADDVDYWGKGTQVTVSS
seq20868,QVQLQESGGGLVQPGGSLRLSCAASGFAFSSYELRWYRQAPGKQHELVAGITTGGNTYYADSVKGRFTISRDNAKNTVYLQMSNLRPEDTAVYACNANWDLLSDYWGQGTQVTVSS
seq20869,QVQLQESGGGLVQAGGSLRLSCVVSGFFFDTVTMAWYRRAPGKHRELVASATAGGTTTYADSVKDRFTISRDNAKNTVYLQMNSLKPEDTAVYYCNTFVRSLSWGQGTQVTVSS
seq20870,QVQLVESGGGLVQAGGSLRLSCAASGSIFRINDMGWYRQAPGKQRELVAAITSGGSTNYADSVKGRFTISRDNAKKMVYLQMNSLKPEDTAVYYCHADFSTGWAPYDYWGQGTQVTVSS
seq20871,QRQLVESGGGLVQPGGSLRLSCAASGFTPGIYDIGWFRQAPGKEREGVSCISSRGSSTNYADSVKGRFIISRDNVKNTVYLQMNSLEPEDTAVYYCAAIYQPSNGCVLRPEYSYWGKGTPVTVSS
seq20872,QVQLVESGGGSVQAGGSLRLSCAASGNIADIYYLGWFRQAPGKEREGVAALITYNGRTYYADSVKGRFTVSLDNAKNTVYLQMNSLKPEDTALYYCAAAYNGLIAAPLKVTRYWYWGQGTQVTVS
seq20873,QVQLQESGGGLVQAGGSLRLSCAASGRTFSDYFMGWFRQAPGKEREFVAAVSWSGGSTYYADSVKGRFTISRDNAKNTVFLQMNSLKPEDTAVYYCAGGGSYYPMSPYDGMDYWGKGTQVTVSS
seq20874,QVQLQESGGGLVQAGGSLRLSCAASGSIFSLNDMGWYRQAPGKLRELVAAITSGGSTKYADSVKGRFTISRDNAKNTVYLQMNSLKAEDTAVYYCNAKVAGTFSIYDYWGQGTQVTVSS
seq20875,QVQLVESGGGSVQAGGSLRLSCAASGSIFSINAMGWYRQAPGKQRELVAAITRRGSTNYADFVKGRFTISRDNAKNTVYLQMNSLKPEDTAVYYCKARIEPDSSWGTEYEYWGQGTQVTVSS
seq20876,QVQLQESGGGLVQAGGSLRLSCAASGRTFSSYGMGWFRQAPGTEREFVAAISWSGDSTYYADSVKGRFTISIDKAKNTVYLQMNSLKPEDTAVYYCAADHALVVGGTYNYWGQGTQVTVSS
seq20877,EVQLVESGGGLVQPGGSLRLSCAASGFTFSSYAMGWVRQAPGKGPEWVSLISGSGGSTWYDDSVKGRFTISRDNSKNLLYLQMNSLRAEDTAVYYCARHAPSTEAPDYWGQGTLVTVSS
seq20878,EVQLVESGGGLVQPGGSLRLSCAASGFTFSSYAMSWVRQAPGKGLEWVSAISGSGGSTYYADSVKGRFTISRDNSKNLLYLQMNSLRAEDTAVYYCARHAPSTEAPDYWGQGTLVTVSS
seq20879,QVQLVESGGGLVQAGGSLRLSCTASGRTFSDYDMAWFRQAPGKERDRVSAISTKGGSTWYHDSVKGRFTISRDNAKNTVYLQMNSLKPEDTAVYYCAAGAVTYYSARYEYDYWGQGTQVTVSS
seq20880,EVQLVESGGGLVQPGGSLRLSCAASGFTFSTSWMYWLRQAPGKGLEWVSVINTDGGTYYADSVKGRFTISRDNSKNTLYLQMNSLRAEDTAVYYCAKDWGGPEPTRGQGTLVTVSS
seq20881,QVQLVESGGGLVQPGGSLRLSCAASGFTFDAYGMGWFRQDPGKEREFVAALIWSGSSTAYADSVKGRFTISRDNAKNTLYLQMNNPKPEDTAVYYCARHRTAGFSRRDYEYDYWGQGTQVTVSS
seq20882,QVQLVESGGGSVQAGGSLRLSCTASGYTIGPYCMGWFRQAPGGEREAVAAINMGGGITYYADSVKGRFTISRDNAKNTVTLQMNSLKPEDTAMYYCAADSTIYASYYECGHGLSTGGYGYDSWGQGTQVTVSS
seq20883,EVQLQASGGGFVQPGGSLRLSCAASGSSSWLDGMGWFRQAPGKEREFVSAISGQDNYASYYADSVKGRFTISRDNSKNTVYLQMNSLRAEDTATYYCAPQRSIYQSHKPIYWGQGTQVTVSS
seq20884,QVQLVESGGGLVQAGGSLRLACIASGRTFHSYVMAWFRQAPGKEREFVAAISWSSTPTYYGESVKGRFTISRDNAKNTVYLQMNRLKPEDTAVYFCAADRGESYYYTRPTEYEFWGQGTQVTVSS
seq20885,QVQLQESGGGSVQAGGSLRLSCAASGYTFSSYCLGWFRQAPGKEREGVAAIDSDGSTSYADSVKGRFTISRDNAKNTLYLQMNSLKPEDTAMYYCAAEGGPSLSYCTGGYGFLLSGLMYNSWGQGTQVTVSS
seq20886,QVQLVESGGSLVQPGGSLRLSCAASGRFAESSSMGWFRQAPGKEREFVAAISWSGGATNYADSAKGRFTLSRDNTKNTVYLQMNSLKPDDTAVYYCAANLGNYISSNQRLYGYWGQGTQVTVSS
seq20887,QLQLVESGGGLVQPGGSLRLSCAASGFTLDDQPIAWFRQAPGKEREGVSCISIDGNTQSYSDSVKGRFTISRDTANNRVHLQMNNLKPEDTAVYYCAADRYTSVRQMCTMIEGLHRVWGQGTQVTVSS
seq20888,KVQLQQSGGGSVTPGGSLRLSCAASGSISDFAAMAWYRQAPGKERDWVGTIFSAGALLYAEPVKGRFTISRDNAKNTVYLQMNSLKPEDTAVYYCRLYAEAIYWGQGTQVTVSS
seq20889,QVQLQESGGGLVQAGGSLRLSCAASGSTFAIIAMGWYRQAPGKQRELVAVISTGDTRYADSVKGRFTISRDNAKNTVYLQMDSLRPEDTAVYYCNAAVQVRDYRNYWGQGTQVTVSS
seq20890,QVQLVESGGGSVQAGGSLRLSCAASGNTDSSYYMGWFRQGPGKEREGVASIYIRAGIPYYTDSVKGRFTISQDNAKNTIYLQMNSLKPEDTAMYFCAGSVRTTIQPFKGNYYNYWGRGTQVTVSS
seq20891,QVQLVESGGGLVQAGGSLRLSCAASGFPVSSSTMTWYRQAPGKEREWVAAINSYGYYTVYADSVKGRFTISRDNAKNTVYLQMNSLKPEDTAVYYCNVKDTGQMRESYDYWGQGTQVTVSA
seq20892,QVQLVESGGGLMQAGGSLRLSCAVSGRTFSTAAMGWFRQAPGKEREFVAAIRWSGGSAYYADSVKGRFTISRDKAKNTVYLQMNSLKYEDTAVYYCASYQATRSLLSDYATWPYDYWGQGTQVTVSS
seq20893,QVQLVESGGGLVQPGGSLRLSCVASEFSRFTLDYYAIGWFRQAPGKEREGLSSISSSSDGFTSYSDSVKGRFTISRDNAKNTVYLQMNSLKPEDTAVYYCAARLGGWASFSPQEYDYWGQGTQVTVSS
seq20894,QVKLQQSGGGMVQTGDSLRLSCVGSRRALSSTIVGWFRQIPGKEREFVGGIAWSSSDTWYADSVKGRFTISKDDAANGVHLQMSSLKPEDTAVYYCASALRRPGSDASDYTRIPDYPYWGQGTQVTVSS
seq20895,EVQLLESGGGLVQPGGSLRLSCAASGFRFDAEDMGWVRQAPGKGLEWVSSIYGPSGSTYYADSVKGRFTISRDNSKNTLYLQMNSLRAEDTAVYYCAKYTSPPQNHGFDYWGQGTLVTVSS
seq20896,QVQLVESGGGLVQAGGSLRLACAASGRIFSSDTLAWFRRAPGKEREFVAASRWSGGGTDYADSVKGRFTFSRDNTRNTMCLEMNSLKPEDTAVYYCALRTARDSYYYTRNPTGYDYWGQGTQVTVSS
seq20897,QVQLVESGGGLVQAGGSLKVSCAASGRAFKTYRMAWFRQAPGKEREFVSGISALETTYYADSVKGRFTISRDNTKNTVSLQMDSLKPEDTAVYYCAARRYGGTDYTTTGSYDYWGQGTQVTVSS
seq20898,QVQLVESGGGLVQPGGSLRLSCAASGFTLDYYAIGWFRQAPGKEREGVSCISSSGDSTHYVDSVKGRFTISRDNAKNTVYLQMNSLKPEDTAVYYCAAQSGSYYWCGSDWHEYDYRGQGTQVTVSS
seq20899,EVQLQASGGVFVQSGGSLRLSCAASGATSTFDGMGWFRQAPGKEREFVSAISYEQGSYTYYADSVKGRFTISRDNSKNMVYLQMNSLRAEDTATYYCAPAYEGDLYAFDSYGGQGTQVTVSS
seq20900,QVQLVESGGGLVQAGGSLRLSCAASGSIFVNNAMGWYRQAPGKERELVAAISASGGSTYYADSVKGRFTISRDNAKNTVYLQMNSLKPEDTAVYYCAADQDGYPYEYWGQGTQVTVSS
seq20901,AVQLQESGGGLVQPGGSLRLSCAASGRTFSSYNMGWFRQAPGKGREFVASITSSGDKSDYTDSVKGRFTISRDNAKNTMYLQMNNLKPEDTATYYCARGLGIYIIRARGGYDHWGQGTQVTVSS
seq20902,DVQLVESGGGLVQPGGSLRLSCAYSGSLFSILRMDWYRQAPGKERELVAGITRDAAGYADSTNYADSVKGRFTISRDSAKNTVYLQMNSLKPEDTAVYYCNADARTITGRADYWGQGTQVTVSS
seq20903,QVQLVETGGGLVQAGGSLRLSCATSGFNFRLRTMGWYRQAPGKERELVASITSGGSTDYADSVKGRFTISRDNAKNTISLEMNSLKPDDTAVYYCNIWAPTTAAITNWGQGTQVTVSS
seq20904,QVQLVESGGGLVQPGGSLRLSCTASGFTLDDYAIGWFRQAPGKEREGISCISRSGSSTTYADSVKGRFTISRDRAENTVYLQMNSLKPEDTADYYCAATPVWYWSCAVKVGPYDYWGQGTQVTVSS
seq20905,QLLESGGGLVQPGGSLRLSCAASGFTFSDEDMSWVRQAPGKGLEWVSAISGSGGSTYYADSVKGRFTISRDNSKNTLYLQMNSLRAEDTAVYYCAKSYGAFDYWGQGTLVTVS
seq20906,VQLQESGGCLVQAGGSLRLSCAASGSTFSTYTIGWFRQAPGKEREFVAAIHWDGGQTYYADSVKGRFTISRDNAKNTVYLQMNSLKPEDTAVYYCAARGRRYFDFTYSDVYDYWGQGTQVTVS
seq20907,QVQLVETGGGLVQAGGSLRLSCAASGNIFSFNVMGWYRQAPGKQRELVAAITSGDTTTYADSVQGRFTISRDNAKNAVYLQMNSLTPEDTAVYFCNARRNPINGPYYTTAYWGQGTQVTVSS
seq20908,QVQLQESGGGTVQPGGSLKLSCSAAPERAFSNYAMGWFRQAPGQEREFVAGITGSGRSQYYADSVKGRFTISRDNAMNAVYLQMNSVKAEDTAVYYCAARVVPVFSDSTKGYVYWGQGTQVTVSS
seq20909,EVKLQESGGGLVQAGESLRLSCAVPPEVFDIRTVAWYRQVPLGKGRELLSSITPWNKTTYEDSVKDRFTISRDNAKYTVYLQMNDLKPEDTAVYYCAQGWGIASMRYWGQGTQVTVSS
seq20910,SGGGLVQAGDSLRLSCAASGSTFSGYAMGWYRQAPGKERELVAAITSSGASTYYADSVRGRFTISRDDAKNTVYLQMNSLKPEDTAVYYCAALDEGYLDYDSWGQGTQVTVSS
seq20911,EVQLVESGGGLVQAGGSLRLSCAASGFTFDDYAIGWFRQAPGKGREGVLCIRIFDRHTYSADSVKGRFTISSDNAQNTVYLHMNSLKPEDTAVYYCAAGSFWACTRPEGAMDYWGKGTQVTVSS
seq20912,QVQLQESGGGLVQAGGSLRLSCAVSGRTFSNYYSGWFRQAPGKEREFLASIRWSDSTTNYADSVKGRFTISRDTAKNTVYLQMNSLKLEDTAVYHCAARRLATYDYWGQGTQVTVSS
seq20913,QVQLQESGGGLVQAGGSLRLSCTASVNIIGGNHWAWYRQAPGQQRDLVASLSRYNANYADSVKGRFTISRDNAKNAAYLQMNSLKPEDTAIYFCALENYYWGQGTQVTVSS
seq20914,QVQLQESGGGLVQAGGSLTLSCAVSGLTFSNYAMGWFRQAPGKEREFVAAITWDGGNTYYTDSVKGRFTISRDNAKNTVFLQMNSLKPEDTAVYYCAAKLLGSSRYELALAGYDYWGQGTQVTVSS
seq20915,QVQLQESGGGLVQAGGSLRLSCAASGRAASGHGHYGMGWFRQVPGKEREFVAAIRWSGKETWYKDSVKGRFTISRDNAKTTVYLQMNSLKGEDTAVYYCAARPVRVADISLPVGFDYWGQGTQVTVSS
seq20916,EVQLVESGGGLVQPGGSLRLSCAASGFTFSSYAMGWVRQAPGKGPEVVSLISGSGGSTWYDDSVKGRFTISRDNSKNTLYLQMNSLRAEDTAVYYCARHAPSTEAPDYWGQGTLVTVSS
seq20917,QVQLVESGGGLAKPGGSLRLSCVATGTFRSMEDVGWYRQAPGKDRELVAEITTLGKVTYADSVKGRFTISRDDAKNAVYLQMSDLKSEDTAVYYCNIEADQTKGIGYVVYPYWGQGTRVTVSS
seq20918,RVQLVESGGGLVQAGGSLRLSCAASGFIFDSYAMGWYRQAPGKEMELVAAITSSGSSTYYADSVKGRFTISRDNAKNTVYLQMNSLKPEDTAVYYCAALDYVIDGYWGQGTQVTVSS
seq20919,QVQLVESGGGLVQAGASLRLSCAASGSTYMFSISAMGWYRQAPGKQRELVAAITSGGGDTNYADSVKGRFTISRDRAKNMVYLQMNSLKPEDTAVYYCNFAPGLQSVRSGSWGQGTQVTVSS
seq20920,QVQLVESGGGLVQPGGSLRLLCVASGRPFNDYDMGWFRQAPGKEREFVASISWSGRVTDYSDSMKGRCTVSRDNAKGTMFLQMSNLVPRDTAVYYCAAARRRWTFKATNTEEFYETWGQGTQVTVSS
seq20921,KAHNTESGEMLFTVKKSLRLSCTASGAIFSTYDVSWYRQAPEKPRELVAIITRGGNTHYADTVKGRFTISRDNAKKTVNLQMNSLKPEDTAVYYCHAGVQGAMLGPRNYWGQGTQVTVSS
seq20922,DVQLQESGGGSVQAGGSLRLSCAASGDTFSSYSMAWFRQAPGKECELVSNILRDGTTTYAGSVKGRFTISRDDAKNTVYLQMVNLKSEDTARYYCAADSGTQLGYVGAVGLSCLDYVMDYWGKGTQVTVSS
seq20923,QVQLQESGGGSVQAGGSLRLSCAASGYTDSRYCMAWFRQAPGKEREWVARINSGRDITYYADSVKGRFTFSQDNAKNTVYLQMDSLEPEDTATYYCATDIPLRCRDIVAKGGDGFRYWGQGTQVTVSS
seq20924,DVQLQESGGGLVQAGGSLRLSCAASGATGSTYDMGWFRQAPGKERESVAAINWGSAGTYYASSVRGRFTISRDNAKKTVYLQMNSLKPEDTAVYTCGAGRIGRSVFNLRRESWVTWWGQGTQVTVSS
seq20925,QVKLEESGGGSVQTGGSLRLTCAASGRTSRSYGMGWFRQAPGKEREFVSGISWRGDSTGYADSVKGRFTISRDNAKNTVDLQMNSLKPEDTAIYYCAAAAGSAWYGTLYEYDYWGQGTQVTVSS
seq20926,QVQLQESGGGLVQPGGSLRLSCAASGFTFSTYAMSWFRQAPGKGLEWVASINSSGGGIQSYADSVKGRFTISRDNAKNTLYLQMNSLEPEDTAVYYCAAAAWRVGTYDYRGQGTQVTVSS
seq20927,QVQLQESGGGSVAAGGSLRLSCAVSGVTASSVYMAWFRQAPGKEREGLAGINTVGYTTYADSVKGRFTISKDNSENTLYLQMNSLKPEDIALYYCAATYLLRFASLSATNFPYWGQGTQVTVSS
seq20928,EVQLVESGGGLVQPGGSLRLSCAASGFTLDDYAIAWFRQAPGKEREGVSGIDSGDGSAYYADSVKGRFTISSDNAKNTVYLQMNSLRPEDTAVYYCARVRTGWGLNAPDYAMDYWGKGTLVTVSS
seq20929,EVQLVESGGGLVQPGGSLRLSCAASGFTLDYLAIGWFRQAPGKEREGVSCVSSSGQYTYYADSVKGRFTISRDNAESTVYLQMNSLKPEDTAVYYCATDPECYRVRGYYNGEYDYWGQGTQVTVSS
seq20930,EVQLVESGGGLVQAGGSLRLSCAASGRTFSWSAVGWFRQAPGKEREFVAAIRWSGGSPYYADSVKDRFTISRDNAKNTVYLQMNSLRPEDTAVYLCGETSLFPTSRGSHYDTWGQGTQVTVSS
seq20931,QVQLQESGGGSVQAGGSLRLSCAVSGYTYSSKCLGWFRQAPGKEREGIATIYTGGGSTYYVDSVKGRFTISQDNAKNTVALQMNSLKPEDTAMYYCAASGAIAGIRLCLPGHTFYTYWGQGTQVTVSS
seq20932,QVQLAESGGGLVQPGGSLRLSCEASGFHLEHFAVGWFRQAPGKEREGVSCISASGDSTTYADSVKGRSTISKDNAKNAVYLQMDSLRPEDTGDYYCAASHFSVCGKNIRKIEYRYWGQGTPVTVSS
seq20933,DVQLVESGGGSVQAGGSLRLSCAASGSTDSIEYMTWFRQAPGKAREGVAALYTHTGNTYYTDSVKGRFTISQDKAKNMAYLRMDSVKSEDTAIYTCGATRKAVPVRFALDQSSYDYWGQGTQVTVSS
seq20934,EVQLVESGGGLIQPGGSLRLSCAVSGFTVSKNYMSWVRQAPGKGLEWVSVVYSGGSKTYADSVKGRFTISRDNSKNTLYLQMNSLRAEDTAVYYCARAVPHSPSSFDIWGQGTMVTVSS
seq20935,QVQLQESGGGSVQAGGSLRLSCAASGYTSGRDSMGWFRQAPGKEREGVACIDTSGIVNYADSVKGRFTISQDSAKKTLYLEMNSLKPEDTALYSCATGPFVYGRGCLGQAFYSYWGQGTQVTVSS
seq20936,QVQLVESGGGLVQAGGSLRLSCAASGRTYTMGWFRQAPGKEREFVAAMRWSDTDYADSLKGRFTISRDNANNAMYLQMNSLGPEDTAVYYCAAGEAWLARSTHHYDYWGQGTQVTVSS
seq20937,QVQLQESGGGSVQAGGSLRLSCAASGYTYSSNCMAWFRQVPGKEREGVASINTRGGITYYADSVKGRFTISRDNAKNTVSLQMNSLKPEDTATYYCAAVREATYSDNRCSVRSYTYDYWGQGTQVTVSS
seq20938,QVQLQESGGGSVQAGGSLRLSCTASGYTYRKYCMGWFRQAPGKEREGVACINSGGGTSYYADSVKGRFTISQDNAKDTVFLRMNSLKPEDTAIYYCALSSNSVCPPGHVAWYNDWGQGTQVTVSS
seq20939,QVQLQESGGGLVQAGGSLRLSCAASGHTFNYPIMGWFRQAPGKEREFVGAISWSGGSTSYADSVKDRFTISRDNAKNTVYLEMNNLKPEDTAVYYCAAKGRYSGGLYYPTNYDYWGQGTQVTVS
seq20940,QVQLVESGGGLVQPGGSLRLSCAASGFSLDNYAIGWFRQAPGKEREGVSCISSSDGSTYYTDSVEGRFTISRDNAKNTVYLQMNSLKPDDTAVYYCAADYGSSWCTFNGMDYWGQGTQVTVSS
seq20941,EVQLVESGGGLVQAGGSLRLSCAASASIFRALNVGYYRQTPGRQRELIAGISGGGSTHYADPVKGRFTISRDNAKNRVDLQMNNLKPEDTAVYYCNAGPTLTTGDAGPYWGQGTQVTVSS
seq20942,QVQLQESGGGLVQAGGSLRLSCAASGRTFSSYVMGWFRQAPGKEREFVAAISWSGGSTNYADSVKGRFTISRDNAKNTVYLQMNSLKPEDTAVYYCAADLASSRDVSSWYWGQGTQVTVSS
seq20943,QVQLQESGGGLVQPGGSLRLSCAASGFTLGYYAIGWFRRAPGKEREGVSCISSSGGSTNYADSVKGRFTISRDNAKNTVDLQMNSLKPEDTAIYYCAAEWVPPGYGATVQALCNNAGYGMEYWGKGTQVTVSS
seq20944,QVQLQESGGGLVQAGGSLRLSCAASGTIFSIDAFGWYRQAPGKQREWVAGITSGSSTIYADFVKGRFTISRDNAKNTVFLQMNSLKPEDTAVYYCNRAKPPTYYSLEPWGKGTQVTVSS
seq20945,QVQLQESGGGLVQPGDSLRLSCATSGFILGRPVITWFRQAPGKEREGVLCISGSDEITYFIDSVKGRFTISRDNAKNTVYLQINSLKPEDTANYYCAARTFTAGCYSRSIAYPYWGQGTQVTVSS
seq20946,QVQLQESGGGLVQPGGSLRLSCAASGDIFSIYLMGWYRQSPGKQRELVATITSSGETKHVYSVKGRFTISRENAKNAWYLQMNSLKPEDTGVYYCHAVTGVIASSWGQGTQVTVSS
seq20947,QVQLQESGGGLVQAGGSLRLSCTVSGRTDSESTMGWFRQAAGKGREFVAAMNWRYATTYHTDSVKGRFTISKDSAKNTMYLQMNSLKPEDTAVYYCAHRYIYGSLSDSGSYDNWGQGTQVTVSS
seq20948,QVQLQESGGGLVQAGGSLNLACVSSGRTFSTWLMGWFRQAPGKEREFVASIDWRSSSTTYADSVKGRFTISRDNAKNTMYLQMTGLKPEDTAVYYCASDRDHYSGTYYGRRFVEEYDYWGQGTQVTVSS
seq20949,QVQLQESGGGLVQAGGSLRLSCAASGRTFSSYRMGWYRQAPGKEREFVAAITGSGDSTNYADSVKGRFTVSGNSARNLVYLQMNSLKPEDTAVYLCVAYRTGGPPQWGQGTQVTVSS
seq20950,QVQLQESGGGSVQAGETLRLSCTASGFTFDDSDMGWYRQAPGNECELVSSISSDGSTYYADSVKGRFTISQDNAKNTVYLQMNSLKPEDTGVYYCAAEGHRYELGTCAALDYWGRGTQVTVSS
seq20951,QVQLQESGGGLVQAGGSLRLSCAASGNIFAYYIMGWYRQAPGKERELVATIDIGGNTNYADSVKGRFTISRDNAKNNVYLQMNSLKPEDTAVYYCAVQAVPIRYRRYWGQGTQVTVSS
seq20952,VQLQESGGGLVQPGGSLRLSCAASGFTFSSAIMTWVRQAPGKGREWVSTIGSDGSITTYADSVKGRFTISRDNARNTLYLQMNSLKPEDTAVYYCTSAGRRGPGTQVTVSS
seq20953,QVQLVESGGGSVQAGGSLRLSCSASGYTYISGWFRQAPGKGLEWVAAIRSSDGTTYYADSVKGRFTISQDNAKNTVYLQMNSLKPEDTAMYYCAATEVAGWPLDIGIYDYWGQGTQVTVSS
seq20954,QLQLVESGGGLVQAGDTLRLSCEASRSFNRMGWYRQAPGKQRDMVAHIFSDGRTRYADSVQGRFTISRDNAKNTVYLQMNNLKPEDTAVYYCNGFFIQDFWGQGTPVTVSA
seq20955,QVQLVESGGGFAQAGGSLRLSCAASGSTFRFRAMGWFRQAPGKEREFVAGISWSGSTKYTDSVKGRFTISRDNAKNTVHLQMNNLTPEDTAVYYCAQSRAIEADDSRGYDYWGQGTQVTVSS
seq20956,DVQLQASGGGLVQPGGSLRVSCAASGFTFSSYHMAWVRQAPGKGLEWVSTINPGDGSTYYADSVKGRFTISRDNAKNTLYLQMNSLKSEDTAVYYCAKYSGGALDAWGQGTQVTVSS
seq20957,QVQLVESGGGLVQAGGSLRLSCTASGRTGTIYSMAWFRQAPGKEREFLATVGWSSGITYYMDSVKGRFTISRDKGKNTVYLQMDSLKPEDTAVYYCTATRAYSVGYDYWGQGTQVTVS
seq20958,QVQLVESGGGLVQAGGSLRLSCTASGRTGTIYSMAWFRQAPGKEREFLATVGWSSGITYYMDSVKGRFTISRDKGKNTVYLQMDSLKPEDTAVYYCTATRAYSVGYDYWGQGTQVTVSS
seq20959,QVQLVESGGGLVQAGGSLRLSCVVSGSAVSDYAMGWYRQAPGKQRELVAAIYNSGRTNYVDSVKGRFTISKDNAKKTVYLQMNCLKPEDTADYFCNLLGATTMSNAVWGQGTQVTVSS
seq20960,QVQLVESGGGLVQAGGSLRLSCAASGFPVMNAGMYWYRQAPGKEREWVAAIESEGTSTYYADSVKGRFTISRDNAKNTVYLQMNSLKPEDTAVYYCNVKDVGDNHFPYDYWGQGTQVTVSA
seq20961,QVQLQESGGGLVQPGGSLRLSCAASGFTFSNYKMNWVRQAPGKGLEWVSDISQSGASISYTGSVKGRFTISRDNAKNTLYLQMNSLKPEDTAVYYCARCPAPFTRDCFDVTSTTYAYRGQGTQVTVSS
seq20962,QVKLEESGGGLVQAGGSLRLSCAASERTFSRYPVAWFRQAPGAEREFVAVISSTGTSTYYADSVKGRFTISRDNAKVTVYLQMNNLKREDTAVYFCAVNSQRTRLQDPNEYDYWGQGTQVTVSS
seq20963,AVQLVESGGGLVQPGGSLRLSCAASVSISRIYVMAWYRQAPGKQREVVAVIRYDGTTNYPDSVKGRFTISRDNAKNTVYLQMNSLKPEDTAVYYCNANVETWGQGTQVTVSS
seq20964,QVQLQESGGGLVQAGDSLKLSCEASGDSIGTYVIGWFRQAPGKERIYLATIGRNLVGPSDFYTRYADSVKGRFAVSRDNAKNTVNLQMNSLKPEDTAVYYCAAKTTTWGGNDPNNWNYWGQGTQVTVSS
seq20965,QVQLVESGGGLVQAGGSLRLSCAASGFPVKRWSMTWYRQAPGKEREWVAAIRSAGHWTHYADSVKGRFTISRDNAKNTVYLQMNSLKPEDTAVYYCNVKDEGDFSYWYDYWGQGTQVTVSA
seq20966,QVQLVESGGGLVQAGESLRLSCAASKPTFRNFAAGWFRQTPGKDREFVAVIEYDGDSAYYADSVKGRFTISRDNAKNTVYLQMNRLKPGDTAVYICAIGGNHYDPSKYYTADEYDYWGQGTQVTVSS
seq20967,EVQLVESGGGLVQPGGSLRLSCAASDSSFYDYEMSWVRQVPGKTPEWIGSMYPSGRTYINPSLKSLVTISRDNSENMLYLQMNSLRAEDTAMYYCVSNWASGSTGDYWGQGTLVTVSS
seq20968,EVQLVESGGGLVQPGGSLRLSCAASDFYFDYYEMSWVRQAPGQGLEWVSTISGLGGATYYADSVKGRFTISRDNSKNTLYLQMNSLRAEDTALYYCATRSPFGDYAFSYWGQGTLVTVSS
seq20969,EVKLVESGGGLVQPGGSLRLSCAASGSIFSINTMGWYRQTPGKQRDLVADISSGGSTKYGDSVKGRFTISRDNTKNTVYLQMNSLKPEDTAVYYCYGLSYSNDDYWGQGTQVTVSS
seq20970,QVQLVESGGGLVQAGGSLRLSCAASESTFSNYAMGWFRQAPGPEREFVATISQTGSHTYYRNSVKGRFTISRDNAKNTVYLQMNNMKPEDTAVYYCAAGDNYYYTRTYEYDYWGQGTQVTVSS
seq20971,QVQLAESGGGLVQAGGSLRLSCAASGRTFSDYAMGWFRQAPGKERDFVAGITSSGGGTYYADSVKGRFTITRDNYKNTLYLQMDSLKPEDTAVYYCKGTADGSSSLGYLEVWGQGTLVTVSS
seq20972,QVQLVESGGGSVQAGGSLTLSCVASGVTLGRHAIGWFRQAPGKERERVSCIRTFDGITSYVESTKGRFTISSNNAMNTVYLQMNSLKPEDTAVYFCALGVTAACSDNPYFWGQGTQVTVSS
seq20973,QVQLQESGGGLVQPGGSLRLSCAASGFTFSNYAMSWVRQAPGKGLEVVSDIGSGGDRITYADSVKGRFTISRDNAKNTLYLQMNSLKPEDTAVYYCANQYGRGPGTQVTVSS
seq20974,QVQLVESGGRLVQAGDSLRLSCAASGRTFTTYLMGWFRQAPGKEREFVAAIRWSGGSTYYADSVKGRFTISRDNAKNTVYLQMNSLKLEDTAVYYCAAAARPSYSGDYGYTEALRYDYWGQGTQVTVSS
seq20975,ESGEMLFTVKKSLRLSCAASTNLRSYAMAWFRQAPGKEREFVSFINWNYGNTRYADSVKGRFTISRDNAKITVYLQMNSLKPEDTAVYYCAAATIGRLAGIDSTTLYDYWGQGTQVTVSS
seq20976,QVQLVETGGGLVQAGGSLRLSCVASGGTFSSYAMGWFRQAPGKERDFVAGISLSGAGTYYQDSVKGRFTISRDNAKNTVYLQMNSLKPEDTAVYYCKATGERGYGDQGYLEVWGRGTLVTVSS
seq20977,DVQLVESGGGLVQPGGSLRLSCEASGFSFDDYAIGWFRQAPGKEREGVSYISMSDGRTYVADSVTGRFTISSDNAKNTVYLQMNSLKLEDTAVYYCAAGRFVTFGSAWSFVGGGPYGIDYWGKGTLVTVSS
seq20978,EVQLVESGGGLVQTGDSLRLSCAASGRTYTPYAMAWFRQAPGKEREFVAGIGGIDGTAAYADSVRGRATISRDSAKKTVYLQMNSLKPEDTAVYSCATRASMQVLTSPRVYPIWGRGTQVTVSS
seq20979,QVQLVESGGGLVHPGGSLRLSCAPSASLPSTPFNPFNNMVGWYRQAPGKQREMVASIGLRINYADSVKGRFTISRDNAKNTVDLQMDSLRPEDSATYYCHIEYTHYWGKGTLVTVSS
seq20980,QVQLQESGGGSVQAGGSLRLSCAASGYTVSVGCMAWFRQAPGKEREGVAGIDASGITKYSDSVKGRFTISKDNAKNALDLQMNGLKPEDTAMYHCAAGLVRGSCTDVLDHPSYLGVWGQGTQVTVSS
seq20981,QVQLQESGGGLVQPGGSLRLSCAASGFTFSSYYMSWVRQAPGKGPEWVSGINTGGVGTRYADSVKGRFTISRDNAKNTLYLQMNSLKPEDTALYYCAIGEGGNRNYWGQGTQVTVSS
seq20982,QRQLVESGGGLVQPGGSLRLSCAASGSILYFNRMGWYRQAPGKQRELVAAITSGDSTNYADPVKGRFTISRDNAKNTVYLQMNSLKPEDTAVYYCNAKEKGWSFSLYDYWGQGTPVTVVK
seq20983,EVQLVESGGGLVQPGGSLRLSCAASGFTFSSYAMSWVRQAPGKEREIVSAVSGSGGSTYYADSVKGRFTISRDNSKNTLYLQMNSLRAEDTAVYYCARLKKYAFDYWGQGTLVTVSS
seq20984,QVQLQESGGGLVQAGGSLRLSCAASGSIFALNIMGWYRQAPGKQRELVAAIHSGGTTNYANSVKGRFTISRDNAANTVYLQMNSLKPEDTAVYYCNVKDFGAIIYDYDYWGQGTQVTVSS
seq20985,QVQLQESGGGLVPAGGSLRLSCVDSGRTFSSTVMAWFRQAPGKEREFVATIRWSGGNTYYADSVKGRFTISRDNARNTVYLQMNSLKPEDTAVYYCAGGTYYGTLSYKYDFWGRGTQVTVSS
seq20986,QLQLVETGGGLVQPGGSLRLACVASESVFEMYTVAWYRQAPGKQRELVAGITDEGRTNYADFVKGRFTISRDNSKKTVHLQMDNLNPEDTAVYYCKLEHDLGYYDYWGQGTQVTVSS
seq20987,QVQLVETGGGLVQAGDSLTLSCAATGRTLDYYALGWFRQVPGNKREFVAAINWLGGSTYYADSVRGRFTLSRDNSKSTLYLNMNNLIPDDTAVYYCAADFSIAYSGTYPPAYAEYDYDYWGQGTQVTVSS
seq20988,QVQLVETGGGLVQPGGSLKLSCAASGSISSPNVMGWYRQAPGKQRELVATMTSGGNTYSEDSVKGRFTISRDNAKNTVYLQMNSLKPEDTAVYYCNARDMWDRSHEYWGQGTQVTVSS
seq20989,QVQLQESGGGLVQPGGSLRLSCAASGTIFSRNIMGWYRQAPGKERELVASIYSDRSTWYAESVEGRFTISRDNVKNTLYLQMNSLKPEDTAMYYCRDRTLGSWGQGTQVTVSS
seq20990,QVQLQESGGGLVQSGGSLRLSCAASRNINSMHVVGWYRQAPGNQRELVASITDDGSTDYVDSVKGRFTISRDIAENTVYLQMNSLNPEDTAVYYCKGTIVVFTTPMHYWGKGTQVTVSS
seq20991,EVQLVESGGGLVQPGGSLRLSSAISGFSISSTSIDWVRQAPGKGLEWVARISPSSGSTSYADSVKGRFTISADTSKNTVYLQMNSLRAEDTAVYYTGRVAKDLNSSSPSFVVNTYSSFGFDYRGQGTLVTVSS
seq20992,QVQLVESGGGLVQPGGSLRLSCAASGFTFNRYAMSWVRQAPGKGREWVSGIYSDGSETYYTESVKGRFTISRDNAKNMLYLQMNSLKPEDTALYYCAKDENAHEDYFNSGFDRKYDYWGQGTQVTVSS
seq20993,HVQLVESGGGLVQAGGSLRLSCATSGRTFSTYRMSWFRQAPGKEREFVATIIWSVGSTHYADSVKGRFTISRDNAKNMVYLQMNSLKPEDTAVYYCAAQRSDSSSWGYEDDYDYWGQGTQVTVSS
seq20994,QVQLVESGGGLVQAGGSLRLSCAASGRTFSTYAMAWFRQAPGKEREFVAGVARSADTTYYGDSVKGRFTISRDNAKNEVNLQMSSLKPEDTAVYYCAARSVIQYGIVPGNDFHYEYWGQGTQVTVSS
seq20995,QVQLQESGGGLVQPGGSLRLSCVASGTVFSINDISINHLGWYRQAPGKERELVAAITADGTSAYEDSVKGRFIISRDDAKKMVYLQMNSLKPEDTAVYYCNGLRASNAGWEPRFGTWGQGTQVTVSS
seq20996,VQLAETGGGLVQAGGSLRLSCAASGTTFSKNAMAWFRQAPGKEREFVAGINWNAVSTNYADSVKGRFTVSRDNAKNTVYLQMNSLKPEDTAVYYCAGSSIYSDISGAATVWATSYNYWGQGTQVTVSS
seq20997,QVQLVESGGGLVQAGGSLRLSCTASGYDFSILAIAWYRQAPGKERELVAAISRVGSTDYADSVKGRFTISRDNTKNTVSLQMDSLKPEDTAVYYCNAGIPMTTVLSGLGFWGQGTQVTVSS
seq20998,GSLRLSCAASGHTFNYPIMGWFRQAPGKEREFVGAISWSGGSTSYADSVKDRFTISRDNAKNTVYLEMNNLKPEDTAVYYCAAKGRYSGGLYYPTNYDYWGQGTQVTVSS
seq20999,EVQLVESGGGLVQAGGSLRLSCVASERTYMAWFRQAPGKEREFVAAITSSGMMTEYAPSVKGRFTISRDNAKNTVYLQMNSLKPEDTAVYYCAADLRQRFGERVTEYDYWGQGTQVTVSS
seq21000,EVQLVESGGGLVQPGGSLRLSCAASGFTFSSYHMSWVRQAPGKGLEWISVINDSGDLTRYADSVKGRFTISRDNAKNTLYLQMNSLQPEDTAVYSCLKSSDFYSYSNADSRGQGTQVTVSS
seq21001,VTTSKPSLRLSCAASGRTFSTAAMGWFRQAPGKERDFVAGIYWTVGSTYYADSAKGRFTISRDNAKNTVYLQMDSLKPEDTAVYYCAARRRGFTLAPTRANEYDYWGQGTQVTVSS
seq21002,QVQLVETGGGLVQAGGSLRLSCAASGRSYAMGWFRQGPGKEREFVATISWSSTNTWYADSVKGRFTISRDNAKNTVYLQMNSLKPEDTAVYYCAASHRFSDYPMRSEDGMDYWGKGTLVTVSS
seq21003,QVQLQESGGGLVQAGGSLRVSCAASGRTFTAYIMAWFRQAPGKEREFLAAMDQGRIQYYGDSVRGRFTISRDYAKNSVDLQLDGLRPEDTAVYYCAAGAGFWGLRTASSYHYWGQGTQVTVSS
seq21004,QVQLVESGGGLVQAGGSLRLSCAASGFPVYSWNMWWYRQAPGKEREWVAAIESHGDSTRYADSVKGRFTISRDNAKNTVYLQMNSLKPEDTAVYYCYVWVGHTYYGQGTQVTVSA
seq21005,QVQLQESGGGLVEAGGSLRLSCLGSGLTFSRYAMGWFRQAPGKEREFVASITRSGGSPNYADSVKGRFTISRDNAKNTVYLQMSSLKPEDTAVYYCAGRGSVYYDVWGQGTQVTVSS
seq21006,VQLVESGGGLVQPGGSLRLHCAASGSIASIYRTCWYRQGTGKQRELVAAITSGGNTYYADSVKGRFTISRDNAKNTIDLQMNSLKPEDTAVYYCNADEAGIGGFNDYWGQGTQVTVSS
seq21007,DVQLVESGGGSVQAGESLRLSCAASGVTYKNYCIGWFRQAPGKDREGVVFINSDGGITYYADSVKGRFTISQDNAKNTVYLQMNSLKPEDTASYYCAAGYRNYGQCATRYWGQGTQVTVSS
seq21008,QVQLQESGGGLVQAGDSLRVSCAASGRTISSSPMGWFRQAPGKEREFVAAISGNGGNTYYLDSVKGRFTTSRDNAKNTVYLQLNNLKPEDTAIYYCAARSRFSAMHLAYRRLVDYDDWGQGTQVTVSS
seq21009,EVQLVESGGGLVQAGGSLRLSCAASGSDFSANAVGWYRQAPGKQRVVVASISSTGNTKYSNSVKGRFTISRDNAKNTVYLQMNSLKPEDTAVYYCWLFRFGIENYWGQGTQVTVSS
seq21010,QVQLQESGGGLEQPGGSLRLSCATSGVIFGINAMGWYRQAPGKQRELVATFTSGGSTNYADFVEGRFTISRDNAKNTVYLQMNGLRPEDTAVYYCHATVVVSRYGLTYDYWGQGTQVTVSS
seq21011,QVQLVENGGGCVKAGGSLRLSCAASGSIFSINRMTWYRQAPGKEREWVAAITSGGSTNYADSVKGRFTISRDNAENTVYLQMNSLKPEDTAVYYCEAYGTYTLAPTGEGEYDDYWGQGTQVMVS
seq21012,QVQLQESGGGLVQAGGSLRLSCAKSGRTFRAYAMGWFRQAPGKEREFVAAIDWSAAITNYADSVKGRFTILRDKGMNTAYLQMNSLEPEDTAVYYCAATYSTIAPRTSYDFWGQGTQVTVSS
seq21013,QVQLVESGGGLVQPGGSLRLSCAASGFTFKNADMNWYRQVPGQGLEWVTSIYSDGRTVYADSVKGRFTVSRDNPKSTVSLQMNSLKPEDTGVYYCMAGSKSGHELDHWGQGTQVTVSS
seq21014,QVQLVENGGGNVQAGGSLRLSCAASGSIFSINRMTWYRQAPGKEREWVAAITSGGSTNYAYSVKGRFTISRDNAKNTVYLQMNSLKPEDTAVYYCEAYGTYTLAPTGEGEYDDYWGQGTQVTVS
seq21015,QVQLVENGGGCVQAGGSLKLSCAASGSIFSINRMTWYRQAPGKEREWVAAITSGGSTNYAYSVKGRFTISRDNAKNTVYLQMNSLKPEDTAVYYCEAYGTYTLAPTGEGEYDDYWGQGTQVTVS
seq21016,QVQLAESGGGLVQPGGSLRLSCVASPSLDYYGIGWFRQAPGKEREGVSCITGSEGSTYYADSVKGRFTISRDNAKNTVFLQMDSLKPEDTAVYYCAAADPLPLVCTWGDEYDYWGQGTQVTVSS
seq21017,EVQLVESGGGLVQPGGSLRLSCAASGFRIYSYYSYIGWVRRAPGKGEELVARIYPSSGYTYYADSVKGRFTISADTSKNTAYLQMNSLRAEDTAVYYCARWDFASPYYPGSSGLDYWGQGTLVTVSS
seq21018,QVQLVESGGGLVQGSLRLSCAASGHTFNYPIMGWFRQAPGKEREFVGAISWSGGSTSYADSVKDRFTISRDNAKNTVYLEMNNLKPEDTAVYYCAAKGRYSGGLYYPTNYDYWGQGTQVTV
seq21019,QVQLQESGGGLVQPGGSLRLSCAASGIIFSSHVMGWYRQAPGKQRELVASFSGDTGAKYADSVKGRFIIRRENAKNMVTLYLQMNSLKPEDTAAYYCHVDRFGTEYWGQGTQVTVSS
seq21020,QVQLQESGGGLVQAGGSLRLSCAASGSIFRIDAMGWYRQAPGKQRELVAHSTSGGSTDYADSVKGRFTISRDNAKNTVYLQMNSLKPEDTAVYYCNADVRTRWYASNNYWGQGTQVTVSS
seq21021,QVQLQESGGGLVQAGGSLRLSCAASGSIFSINRMGWYRQAPGKQRELVAAITSGGSTNYAYSVKGRFTISRDNAKNTVYLQMNSLKPEDTAIYYCEAYGTYTLAPTGEGEYDDYWGQGTQVTVSA
seq21022,QVQLQENGGGCVQAGGSLRLSCAASGSIFSINRMGWYRQAPGKQRELVAAITSGGSTNYAYSVKGRFTISRDNAKNTVYLQMNSLKPEDTAIYYCEAYGTYTLAPTGEGEYDDYWGQGTQVTVSA
seq21023,QVQLVENGGGCVQATGSLRLSCAASGSIFSINRMTWYRQAPGKEREWVAAITSGGSTNYADSVKGRFTISRDSAKGTVYLQMNSLKPEDTAVYYCEAYGTYTLAPTGEGEYDDYWGQGTQVTVS
seq21024,QVQLVENGGGCVQAGGSLRLSCAASGSIFSINRMTWYRQAPGKEREWVAAITSGGSTNYADSVKGRFTISRDSAKGTVYLYMNSLKPEDTAVYYCEAYGTYTLAPTGEGEYDDYWGQGTQVTVS
seq21025,QVQLQESGGGLVQAGDSLTLSCAASGRTFSSYTMGWFRQAPGKERDFIAGITSTGSSTYYADSVKGRFTISRDNAKNTVYLQMNSLKPEDTADYYCARKVAGGSYYQKDKYDYWGQGTQVTVSS
seq21026,EVQLLESGGGLVQPGGSLRLSCAASGFTFRGYSMAWVRQAPGKGLEWVSTISPIGTYTYYADSVKGRFTISRDNSKNTLYLQMNSLRAEDTAVYYCAKGSYSRGTPFDYWGQGTLVTVSS
seq21027,QVQLVESGGGLVQAGGSLRLSCAASGRTFSSYGMGWFRQAPGKEREFVAAIRWNGGSTYYADSVKGRFTISRDNAKNTVYLQMNSLKPEDTAVYYCAAGRWDKYGSSFQDEYDYWGQGTQVTVSS
seq21028,EVQLVESGGGLVQAGGSLRLSCAASGRSFSRDAMGWFRQAPGKERDVVAAINLNGGRTYSADSVKGRFTISRDNDKNTVYLQMSNLKPEDTAVYYCAAREGDVGLVSYKRSSNYPYWGQGTQVTVSS
seq21029,DVQLVESGGGSVQAGGSLRLSCAASGYIASINYLGWFRQAPGKEREGVAAVSPAGGTPYYADSVKGRFTVSLDNAENTVYLQMNSLKPEDTALYYCAAARQGWYIPLNSYGYNYWGQGTQVTVSS
seq21030,DVQLVESGGGSVQAGGSLRLSCAASGRTFSRPVMAWFRQAPGKEREFVVAITWSGIRTSYADSVKGRFTISVDNAKDTVYLQMNSLKPEDTAVYYCAAGALPRTAHYEYDYWGLGTQVTVSS
seq21031,QVQLVETGGLVQPGGSLRLSCAASGLTLDYYNIGWFRQAPGKEREWVSSISSSDGRKYYVNSVKGRFTISRDNAKNTVYLQMNSLKPEDTAVYYCAADRDRLPSAITYEYNYWGQGTQVTVSS
seq21032,QVQLQESGGGLVQAGASLRLSCAASERLTVDYAIGWFRQAPGKEREFVAAISWGGGLTVYGESVEGRFTISRDIAKNTMNLQMNVLRPEDTANYYCAASRISYRVWNTIPYNKLTLWGRGTQVTVSS
seq21033,VTTSKSSLRLSCAASGRTFSTAAMGWFRQAPGKERDFVAGIYWTVGSTYYADSAKGRFTISRDNAKNTVYLQMDSLKPEDTAVYYCAARRRGFTLAPTRANEYDYWGQGTQVTVSS
seq21034,QVQLQESGGGLVQAGGSLRLSCAASGGTFKSGGMAWFRQAGYIDTNNDGWIEGDELYKAREFAAGISWSGGSTDYEDSVKGRFTISRDNAKNTMYLQMNSLKPEDTAVYYCAAARRFRAGVVTRADDVDYWGKGTQVTVSS
seq21035,QLQLVESGGGLVQPGGSLRLSCEASGKVFMINAMGWYRQAPGKQRELVAFISRRGNINYADSVKGRFTISRDNAKNTVYLQMNSLRPEDTAIYYCSADPRSNLDDGRYWGKGTPVTVSS
seq21036,QLQLVESGGGLVLAGGSLRLSCAASVRTFSHYALGWFRQAPGKEREFVAAIRWTGSSANYADSVKGRFTISRDNAKNTVDLRMNSLKPEDTAVYYCAARTVYRPGFEDPNEYAYWGQGTRVTVSS
seq21037,QVQLAETGGGLVQPGGSLRLSCAASGFTLDDYAIGWFRQAPGKEREGVSCISSSDGRTYYADSVKGRFTISRDNAKNTVYLQMNSLKSEDTAVYYCATEEVCTLGIFGHGPDDYWGQGTQVTVSS
seq21038,QVQLQESGGGLVQAGGSLRLSCKASGIIFSVYKMTWYRQAPGKERELVALITTNNNTMTVDSVKGRFTISRDNVQNTVYLEMNNLKPEDTAVYYCNANRGLAGPAYWGQGTQVTVSS
seq21039,QVQLVESGGGLVQAGGSLRLSCVASGRTFSRYAMGWFRQAPGKEREFVAVIEWDGGTSYYVDSVKGRFTISRDNAKNTVYLQMNSLKPEDTAVYYCAAGGNQYYSATYSIWNEYDFWGQGTQVTVSS
seq21040,QVQLVETGGGLVQPGGSLTLSCAGSGGTLEHYAIGWFRQAPGKEHEWLVCNRGEYGSTVYVDSVKGRFTASRDNAKNTVYLQLNSLKPDDTGIYYCVSGCYSWRGPWGQGTQVTVS
seq21041,EVQLLESGGGLVQPGGSLRLSCAASGFTFGNYDMAWVRQAPGKRPEWVSSIDTGGDITHYADSVKGRFTISRDNAKNTLYLQMNSLRPEDTAVYWCATDEEYALGPNEFDYYGQGTLVTVSS
seq21042,QVQLQESGGGLVQAGGSLRLSCAASGRTLSSYAMGWFRQAPGKEREFVAAINRSGSTFYADAVKGRFTISRDNAKNTVYLQMNSLKPEDTAAYYCAADRFSPVVPGPIPVNTVDSWGQGTQVTVSS
seq21043,QVQLQESGGGLVQTGGSLRLSCKASGRAFARYDLAWSRQAPGKQREFVASIGVTRNPPYYSGSVKGRFTVSRDNAKETVYLQMNDLKPEDSAVYYCAAKDASVTVATIEDYPYWGRGTQVTVSS
seq21044,QVQLVETGGGLVQPGGSLRLSCTASGFTFSMHAMTWYRQAPGKQRELVAVITSHGDRANYTDSVRGRFTISRDNTKNMVYLQMNSLKPEDTAVYYCNVPRYDSWGQGTQVTVSS
seq21045,DVQLVESGGGLVQPGGSLRLSCAASESILSFNHMAWYRQGPGEQRELVAVITREGSTDYADSVKGRFTISRDNAKNMVYLLMSNLRPEDTAVYYCNRGISNPWGQGTQVTVSS
seq21046,EVQLVESGGGLVQPGGSLRLSCAASGFNIKDTYIGWVRRAPGKGEELVARIYPTNGYTRYADSVKGRFTISADTSKNTAYLQMNSLRAEDTAVYYCYYHYYGWHPGYGLSYSSGQGTLVTVSS
seq21047,DVQLVESGGGLVQPGGSLRLSCAASGSIFSIYAMGWYRQAPGKQRELVASISSGGGTNYADSVKGRFTISGDNAKNTVYLQMNSLKPEDTAVYYCKREDYSAYAPPSGSRGRGTQVTVSS
seq21048,QVQLVESGGGLVQAGDSLRLACAASGITFSSYTMGWFRQAPGKEREYIARITGSGSNTYYADSVKGRYTISRDNAKNTAYLQMNSLKPEDTANYYCAARDDGRMYQGFYDFEYWGQGTQVTVSS
seq21049,QLQLVESGGGLVQPGGSLRLSCAASGYSLEYYAIGWFRQAPGKEREGVSCISTSVGSTKYADSVKGRFTISRDNAKNTVYLQMNSLKPEDTAVYYCGADLSTFYGGNYYCGDRGIYDYYGQGTQVTVSS
seq21050,QVQLQESGGGLVQAGGSLRLSCTTSGLTFSNYAFSWFRQAPGEEREFVGAISWSGGRTDYADSVKGRFTISRDNAKNTFYLQMNSLKTEDTAVYYCAADLLGEGSRRSEYEYWGQGTQVTVSS
seq21051,QVQLVESGGGLVQAGGSLRLSCAASGFPVDSQFMHWYRQAPGKEREWVAAIESYGDETYYADSVKGRFTISRDNAKNTVYLQMNSLKPEDTAVYYCRVLVGWGYYGQGTQVTVSA
seq21052,QVQLVESGGGLVQAGGSLRLSCAASGFPVGRASMWWYRQAPGKEREWVAAISSYGWVTAYADSVKGRFTISRDNAKNTVYLQMNSLKPEDTAVYYCEVSVGTGYRGQGTQVTVSA
seq21053,VQLQESGGGLVQPGGSLRLSCAASGRTFSSYNMGWFRQAPGKGREFVASITSSGDKSDYTDSVKGRFTISRDNAKNTMYLQMNNLKPEDTATYYCARGLGIYIIRARGGYDHWQQGTQVTVS
seq21054,QVQLQESGGGLVQPGGSLRLFCAASGFTFSSYAMRWYRQAPGKERELVAAITSAGGSTHYADSVKERFTISRDNAKNTMYLQMNSLKPEDTAVYYCNARRDYGDSWFTAGGGYWGQGTQVTVSS
seq21055,QVQLQESGGGLVQAGGSLRLSCAASGSTFGIRTMGWYRQAPGKQRDLVAIISSGGSTDYADSVKGRFTISRDNAKNTVYLQMDSLKPEDTAIYYCNARVGITMLAHWGQGTQVTVSS
seq21056,EVQLVESGGGLVQPGGSLRLSSAISGFSISSTSIDWVRQAPGKGLEWVARISPSSGSTSYADSVKGRFTISADTSKNTVYLQMNSLRAEDTAVYYTGRVAKALNSRSPSFVVNTYSSIGFDYRGQGTLVTVSS
seq21057,EVQLEESGGGLVQPGGSLRLSCAASGFNIKDTYIGWVRQAPGKGEEWVASIYPTSGYTRYADSVKGRFTISADTSKNTAYLQMNSLRAEDTAVYYCAAGSIQKSLQTAESILEEFDYWGQGTLVTVSS
seq21058,QVQLQESGGGLVLPGGSLRLSCATSGFTFSNSWMYWVRQAPGKGLEWVSRINAGGNTVDYKDSVKGRFSISRDNAKNTLYLQMNSLKPEDTAVYYCARGLNRYAYDSRGQGTQVTVSS
seq21059,QVQLVESGGGLVQAGGSLRLSCVVSGSAVSDYAMGWYRQAPGKQRELVAAIYNSGRTNYVDSVKGRFTISKDNAKKTVYLQMNSLKPEDTADYFCNLLGATTMSNAVWGQGTQVTVSS
seq21060,QVQLQESGGGSVQAGGSLKLSCAASGRSFSTYAMGWFRQAPGQDREFVATISWTDSTDYADSVKGRFTISRDNAKNTGYLQMNSLKPEDTAVYYCAADRWASSRRNVDYDYWGQGTQVTVSS
seq21061,QVQLQESGGGSVQAGGSLRLSCEASGLSTTVMAWFRQAPGKEREGVAAIYTGDGFPYYADSVKGRFTISQDNAKNRMYLQMNSLEPEDTAMYYCAAKTGAFSYGSLWWMSRAYNHWGQGTQVTVSS
seq21062,QVQLQESGGGLVQPGGSLRLSCAASGRTFSSYAMGWFRQAPGKQREFVAAIRWSGGYTYYTDSVKGRFTISRDNAKTTVYLQMNSLKPEDTAVYYCAATYLSSDYSRYALPQRPLDYDYWGQGTQVTVSS
seq21063,EVQLVESGGGLVQAGGSLRLSCAASGRTFSSYAMGWFRQAPGKEREFVVAINWSSGSTYYADSVKGRFTISRDNAKNTMYLQMNSLKPEDTAVYYCAAGYQINSGNYNFKDYEYDYWGQGTQVTVSS
seq21064,QVQLVESGGGLVQAGGSLSLSCAASGGDFSRNAMAWFRQAPGKEREFVASINWTGSGTYYLDSVKGRFTISRDNAKNALYLQMNNLKPEDTAVYYCARSTVFAEITGLAGYQSGSYDYWGQGTQVTVSS
seq21065,QVQLVETGGGLVQPGGSLRLSCAASGFTFSSVYMNWVRQAPGKGPEWVSRISPNSGNIGYTDSVKGRFTISRDNAKNTLYLQMNNLKPEDTALYYCAIGLNLSSSSVRGQGTQVTVSS
seq21066,QVQLQESGGGLVQAGDSLRLSCAASGFDFDNFDDYAIGWFRQAPGQEREGVSCIDPSDGSTIYADSAKGRFTISSDNAENTVYLQMNSLKPEDTAVYVCSAWTLFHSDEYWGQGTQVTVSS
seq21067,QVQLVESGGGVVQAGGSLRLSCAASGSIFSSNAMAWYRQAPGNVRRLVAAISSRGDNTNYEDSVRGRFTISRDNAENTVSLQMNSLKPEDTAIYYCNVGSFYRGNYYGGSSWGQGTQVTVSS
seq21068,QVQLQESGGGLVQPGGSLRLSCTASGFTLAEYGVGWFRQAPGKERELVALIAVGGTTHSIDSVKGRFTISRDNMKNTVYLQMNSLNVEDTAVYYCNAYSSAYDRNYWGQGTQVTVSS
seq21069,QVQLQESGGGLVQAGGSLRLSCAASERTFSSLGMGWFRQGPGKEREFAAAISWSGVSTYYADSVKGRFTISRDNDKNTVYLQMNSLKPDDTAVYYCAATSSWNDMALKSAGWYEYWGQGTQVTVSS
seq21070,SVQLVESGGALVQPGGSLRLSCAASGFPVNRYSMRWYRQAPGKEREWVAGMSSAGDRSSYEDSVKGRFTISRDDARNTVYLQMNSLKPEDTAVYYCNVNVGFEYWGQGTQVTVSH
seq21071,QVQLVESGGGLVQAGGSLRLSCAASGFPVEVWRMEWYRQAPGKEREGVAAIESYGHGTRYADSVKGRFTISRDNAKNTVYLQMNSLKPEDTAVYYCNVYDDGQLAYHYDYWGQGTQVTVSA
seq21072,EVQLVESGGGLVQAGGSLRLSCAASGSSFSSYTMGWFRQAPGKEREIVAGIRWSDESPIYADSVKGRFTISRDNAKNTLYLQMNSLKPEDTAVYYCAARLVPPGIPIPRTSESMRYWGKGTLVTVSS
seq21073,QVQLVESGGGLVQAGGSLRLSCAASGSIFSINAMGWYRQAPGKQRDFLAVISSSGSTNYADSVKGRFTISRDNAKNTAYLQMNSLKVEDTAVYYCAAHVAGFDEYNYWGQGTQVTVSS
seq21074,QVQLQESGGGLVQPGGSLRLSCAASGFTFSNYKMNWVRQAPGKGLQWVSDISQSGASISYTGSVKGRFTISRDDAKNTLYLQMNSLKPADTAVYYCARCPAPFTRDCFDVTSTAYAYRGQGTQVTVSS
seq21075,QVQLVESGGGLVQAGGSLRLSCAASGFPVKNFEMEWYRKAPGKEREWVAAIQSGGVETYYADSVKGRFTISRDNAKNTVYLQMNSLKPEDTAVYYCFVYVGRSYIGQGTQVTVS
seq21076,QVQLQESGGGSVQAGGSLRLSCAASGPTYSSYFMAWFRQAPGMEREGVAASSYDGSTTLYADSVKGRFTISQGNAKNTKFLLLNNLEPEDTAIYYCALRRRGWSNTSGWKQPGWYDYWGQGTQVTVSS
seq21077,QVQLVESGGGLVQPGGSLRLSCAASGFPVKYEHMYWYRQAPGKEREWVAAINSAGNETHYADSVKGRFTISRDNAKNTVYLQMNSLKPEDTAVYYCNVKDIGWWAAYDYWGQGTQVTVPP
seq21078,QVQLQESGGGLVQAGGSLRLSCAASGGTFKSGGMAWFRQAPGKAREFAAGISWSGGSTDYEDSVKGRFTISRDNAKNTMYLQMNSLKPEDTAVYYCAAARRFRAGVVTRADDVDYWGKGTQVTVSS
seq21079,QVQLVESGGGLVQTGGSLRLSCAASGRTFRRNTMGWFRQAPGKVREFVAAISWSGDRTYCADSVKGRFTISRDNAKNTVDLLMNSLKPEDTAIYYCAADGTASVFNSYASADRNKYNYWGQGTQVTVSS
seq21080,QVQLVESGGGSVQAGGSLRLSCAASGSISSITYLGWFRQAPGKEREGVAALATYYGHTYYADSVKGRFTVSLDNAKNTVYLQMNSLKPEDTALYYCAAAYSGIWTPLGVWATYEYWGQGTQVTVPP
seq21081,QVQLVESGGGLVQPGGSLRLSCVASGFTFSSTPMNWFRQAPGKEREFVAGVGSRNDIAYYADSVKGRFTVSRDDAKNTVYLQMNSLKPEDTGVYYCKRPAGRIEDELWGQGTQVTVSS
seq21082,EVQLVESGGGLVQPGRSLRLSCAASGFDIAYYSIGWVRRAPGKGEELVARIYPSSSSTSYADSVKGRFTISADTSKNTAYLQMNSLRAEDTAVYYCARWHYDYADWPGGYGMDYWGQGTLVTVSS
seq21083,QVQLVESGGGSVQAGGSLRLSCTASGFTFDDSDMGWYHQAPGNECELVSAIFSDGSTYYADSVKGRFTISRDNAKNTVYLQMNSLKPEDTAMYYCAAATTTVASPPVRHVCNGYWGQGTQVTVSS
seq21084,QVQLVESGGGLVQAGGSLRLSCAASGSMFSDNVMGWYRQAPGKQRELVATIRTGGSTNYADSVKGRFTISRDNAKNTVYLQMNSLKPEDTAVYYCRHTIPVPSTPYDYWGQGTQVTVSS
seq21085,QVQLVESGGGLVQAGGSLRLSCAASGYPHPYLHMGWFRQAPGKEREGVAAMDSGGGGTLYADSVKGRFTISRDKGKNTVYLQMDSLKPEDTATYYCAAGGYELRDRTYGHWGQGTQVTVSS
seq21086,EVQLQESGGGLVQAGGSLRLSCAASGRTFSIYTIGWFRQAPGKEREFVAEITWSGGSTYYADSVKGRFTISRDNAKNTVYLQMNSLKPEDTAVYYCAAITYTRGIYKYWGQGTQVTVSS
seq21087,QLQLVETGGGLVQAGGSLRLSCAASGRTFSSYSMGWFRQAPGKEREYVAAVNSNGDSTFYADSIKGRFTVSRDAAKNTVYLQMNSLKPEDTALYYCAAVYGRYTYQSPKSYEYWGQGTQVTVSS
seq21088,DVQLQESGGGLVQAGGSLRLSCTGSGRTFRNYPMAWFRQAPGKEREFVAGITWVGASTLYADFAKGRFTISRDNAKNTVYLQMNSLKPEDTAVYSCAAGRGIVAGRIPAEYADWGQGTQVTVSS
seq21089,EVQLVESGGGLVQPGGSLRLSCAISGFSISSTSIDWVRQAPGKGLEWVARISPSSGSTSYADSVKGRFTISADTSKNTVYLQMNSLRAEDTAVYYCGRVAKALNSRSPSFVVNTYSSIGFDYRGQGTLVTVSS
seq21090,QMQLVESGGGLVQAGGSLRLSCAVSGSIFSIITLAWYRQAPGKPRENVATITRGSRTSYCDSVKGRFTISKDNAKSTVYLQMNKLKPEDTADYYCNAEGPAGYWGQGTPVTVS
seq21091,QVQLQESGGGLVQAGGSLRLSCAASPGISRYKTMGWYRQAPGKERSFVAAITWGGLTYYADSVKGRFTVSRDNAKNTVYLQMNSLKPEDTAVYYCSVDGGTRADPYHYYWGQGTQVTVSS
seq21092,EVQLVESGGRLVRTGGSLRLSCAASGRTFSNYVMGWFRQAPGKEREVVAAITWSGDITWHADFVKGRFTISRDNAKNTVYLQMNSLKPEDTAVYYCAATERWGLRAPADWGSWGQGTQVTVSS
seq21093,QVQLVESGGGLVQAGGSLRLSCAASGFPVAQEIMTWYRQAPGKEREWVAAISSIGDTTAYADSVKGRFTISRDNAKNTVYLQMNSLKPEDTAVYYCAVNVGFTYKGQGTQVTVSA
seq21094,AVQLQASGGGFVQPGGSLRLSCAASGYGSTIETMGWFRQAPGKEREFVSAISRAPGPSQYYADSVKGRFTISRDNSKNTVYLQMNSLRAEDTATYYCAPINNRTMQDSMFLWNYWGQGTQVTVSS
seq21095,QVQLQESGGGLVQAGGSLRLSCAASGRFFSSYAMGWFRQAPGKEREFVAAISWSGGSTYYADSVKGRFTTSRDNAKNTVYLLMNSLKPEDTAVYYCAAAREGAYYPDSYYRTVRYDYWGQGTQVTVSS
seq21096,QVQLQESGGGLVQPGSSLRLSCAASGFTFGGYAMHWVRQAPGKGPEWVSSINSGGDITNYATSVKGRFSISRDNPSKTLYLQMNSLRPEDSAVYYCKTQLANRDYRGQGTQVTVSS
seq21097,QVQLVESGGGLVQAGGSLRLSCAASGSFFSINDMGWYRQAPGKQRELVAVISSGGSTNYADSVEGRSTISSDNAKNTVYLQLSSLKPEDTAVYYCNANVRLREYRTTSYHYWGQGTQVTVSS
seq21098,QVQLVESGGGLVRPGGSLRLSCVDSERTSYPMGWFRRAPGKEREFVASITWSGIDPTYADSVADRFTTSRDVANNTLYLQMNSLKHEDTAVYYCAARAPVGQSSSPYDYDYWGQGTQVTVSS
seq21099,QGQLVESGGGLVQAGGSLRLSCAASGIIFRELGIDWYRQAPGKQRELVASIASAGMTNYADSVKGRFTISRDNAKNTVYLQMNSLKPEDTAVYYCHTLPRFSHLWGQGTRVTVSS
seq21100,QVQLQESGGGLVQAGDSLRLSCAASGRTWSIYGMGWFRQAPGKEREFVAGITWRGGNTHYADFVKGRFTISRDNVKNTVYLQMNSLKPEDTAVYYCAANPNPSGSSVYRRNDYWGQGTQVTVSS
seq21101,QVQLQESGGGLVQAGESLRLSCAASGGTFIYYGMGWFRQAPGKEREFVASISQTGGDIYAMDFVKGRFTISRDNSKNTLYLQMNSLKPEDTAVYYCAAATSPYASRKLYEYKYWGQGTQVTVSS
seq21102,QVQLQESGGGLVQPGGSLRLSCAASGSDFSLYAMGWYRQVPGKERELVATITIGGTTNFADSARGRFTISRGNAKNTVYLQMNNLKPEDTAVYYCWSRGSYGRYLETWGQGTQVTVSS
seq21103,QVQLQESGGGLVQPRGSLRLSCAASGSIAIIYTMGWYRQAPLKERELVATVTYGGNTNYADPVKGRFTISRDNNKNTEYLQMSSLQPEDTAVYYCYMRVRSTAWDTDDYWGQGTQVTVSS
seq21104,QVQLQESGGGLVQAGGSLRLSCAAPGRILTLSRYVMGWFRQAPGKEREFVAAISPGTTDTDYADSVKGRFTISRDNAKNTVYLEMSSLKPEDTAVYVCAAGAASSGTVYRVYGLYNYRGQGTQVTVSS
seq21105,QVQLQESGGGLVQAGGSLRLSCAASGSIFDLGRMGWYRQAPGKEREFVAGIDYGGNTNYADSVKGRFTISRDNDTVYLQMNSLKPEDTAVYYCAAGIVGDVVGWIYYLYWGQGTQVTVSS
seq21106,QVQLVESGGGLVQSGGSLRLSCAASGSIDSLYHMGWYRQAPGKERELVARVQDGGSTAYKDSVKGRFTISRDFSRSTMYLQMNSLKPEDTAIYYCAAKSTISTPLSWGQGTQVTVSS
seq21107,QVQLVESGGGLVQPGGSLRLSCAASGFPFHAYYMSWVRQAPGKGLEWVSHIGNGGIITRYADSVKGRFTISRDNAKNTLYLQMTNLKPEDTALYYCTLGTRDDLGPERGQGTQVTVSS
seq21108,QVQLQESGGGLVQAGGSLRLSCEASGLTFSNYAMAWFRQAPEKEREFVAGISWTGSRTYYADSVRGRFTTSRDGHKNTVYLQMNDLKPEDTAVYLCAADLLGSGKDGTSVYEYWGQGTQVTVSS
seq21109,QVQLQESGGGLVQAGDSLRLSCVASGRAFSSYGMGWFRQAPGKERAFVAAISRSGGLTQYAESLKGRFAISRDNAKNTVYLQMGSLKPEDTAVYYCAGDLYGLGSHMENEYDSWGQGTQVTVSS
seq21110,EVQPQESGGGLAQAGGSLRLSCVVSGITFASEAWGWYRRAPGKQRELIAAINNEGRTNYVDSVKGRFTVSRDNAKNVMYLQMNSLKPEDTAVYYCNANLQTGTLSGARLYWGQGTQVTVSS
seq21111,DVQLVESGGGLVQAGGSLRLSCTASGFTFDDYTMGWFRQAPGKEREGVSYTGWSGSMSGSTTYYTDSVKGRFTISRDNAKNTLYLQMNSLKPEDTAMYYCAAARYRGIGSQVRWTDFIYWGQGTQVTVSS
seq21112,QVQLVESGGGSVQSGGSLTLSCAASGSTYSSHCMGWFRQAPGKEREGVALMTRSRGTSYADSVKGRFTISQDNTKNILYLQMNSLKPEDTAMYYCAAVPRAGIESGAYCKWNMKDSGSWGQGTQVTVSS
seq21113,QVQLQESGGGLVQPGGSLRLSCAASGDTLDLYAIGWFRQTPGEEREGVSCISPSGSRTNYADSVKGRFTISRDNAKNTVYLQMNGLRPEDTAVYFCAGSRPSAHYCSHYPTEYDDWGQGTQVTV
seq21114,QVQLQESGGGLVQPGESLRLSCAASGSISTLNVMGWYRQAPGKQRELVAQITLDGSPEYADSVKGRFTITKDGAQSTLYLQMNNLKPEDTAVYFCKLENGGFFYYWGQGTQVTVST
seq21115,EVQLQESGGGLVQAGGSLRLSCAASGSIFSGNAMGWYRQAPGKQREVVAVISAGNSSNYVDSVKGRFTISRDNAKNTVYLQMNSLKPEDTAVYYCNVVKRGPQWGMEWGKGTLVTVSS
seq21116,QVQLVESGGGVVQPGRSLRLSCAASGFTFSSYGMHWVRQAPGKEREWVAVISDDGSNKYYADSVKGRFTISRDNSKNTLYLQMNSLRVEDTAVYYCAKDRGTMRVVVYDTLDIWGQGTLVTVSS
seq21117,DVQLQESGGGSVQAGGSLRLSCVASGVTSTRPCIGWFRQAPGKEREGVAVVNFRGDSTYITDSVKGRFTISRDEDSDTVYLQMNSLKPEDTATYYCAADVNRGGFCYIEDWYFSYWGQGTQVTVSS
seq21118,QVQLVESGGGLVQAGGSLRLSCAASGSIRSLNAMGWYRQAPGKQRELVAAITSRGSTRYGDFVKGRFTISRGNAKNTVYLQMNSLSVEDTAVYYCKQTQLGYDYWGQGTQVTVSS
seq21119,QVQLQESGGGLVQPGGSLRLSCTASGGIFGISAMGWYRQAPGKERELVARITRSGSTNFADSVKDRFTISRDATENTVVLQMNSLKAEDTAVYYCNGQFWEVDNGNIDLWGQGTQVTVSS
seq21120,QVQLVETGGGSVQAGDSLTLSCAASERIFSHYAMGWYRQVPGKEREPVAALRLKGTETNYADSVEGRFTISRDNAKNTMYLRMSSLKPEDTAVYYCAAGSYAAILYAPSYWGQGTQVTVSS
seq21121,DVQLQASGGGSVQAGGSLRLSCAASGYTIGPYCMGWFRQAPGKEREGVAAINSGGGSTYYADSVKGRFTISQDNAKNTVYLLMNSLEPEDTAIYYCAADSTIYASYYECGHGLSTGGYGYDSWGQGTQVTVSS
seq21122,QVQLQESGGGLVQAGESLRLSCAASGGTLIYYGMGWFRQAPGKEREFVASISQAGGDIYAMDFVKGRFTISRDNSKNTLYLQLNTLKPEDTAVYYCAAATSPYASRKLYDYKYWGQGTQVTVSS
seq21123,QVQLQESGGGLVQPGGSLRLSCAASGSIFSGNVMGWYRQAPGKLREWVAAITPQGVPNYADSVKGRFTISRDNAKNMLYLQMSSLKPEDTALYYCNRLPNYRSWGQGTQVTVSS
seq21124,QVQLVENGGGCVQATGSLRLSCAASGSIFSINRMTWYRQAPGKEREWVAAITSGGSTNYADSVKGRFTISRDSAKGTVYLQMNSLKPEDTAVYYCEAYGTYTLAPTGEGEYDDYWGQGTQVMVS
seq21125,QVQLVESGGGSVQPGGSLRLSCLGSGSLDYYAIGWFRQAPGKEREGVSCIASSGDRTIYADSVKGRFTISRDYGKNTVYLQMNSLKPEDTAMYYCAALQGSYYYTGFVANEYDYWGQGAPVTVSS
seq21126,QVQLQESGGGLVQPGGSLRLSCAASGNIRSINTMSWYRQAPGKERELVASDSTGGSTGGSTVYAASVKGRFTISRDNAKNTVYLQMNMLKPEDTAVYYCYVYGMSRFGSTISTLFGQGTQVTVSS
seq21127,EVQLVESGGGLVQPGGSLRLSCAASGFTVSSYGMSWVRQAPGKGPEWVSGIRGSDGSTYYADSVKGRFTISRDNSKNTLYLQMNSLRAEDTAVYYCAKQGENDGPFDHRGQGTLVTVS
seq21128,DVQLQESGGGSVQAGGSLRLSCVVSGLTISNYCMRWFRQAPGKGREGVASINSAGTTYYADSVKGRFTMSRDNAKNTVYLDMNSLKPEDTAIYYCASSTRVWGGYCGGLDDATNNDWGQGTQVTVSS
seq21129,QVQLQESGGGLVQAGASLRLSCTASGRTSSTYPMGWFRQGPGKEREFVAAISWAGSSTYYGDFVKGRFTISRDNAKNTVYLQMNSLKPEDTAVYYCARAARPYAYGLDYSTEASYDYWGQGTQVTVSS
seq21130,VTTSYGSLRLSCTASRVTLDYHDIGWFRQAPGKEREGVSYISSSGGSTNYADSVKGRFTISRDNAKNTVYLQMNSLKPEDTAVYYCARSSAYGSSWLNPSRYDYWGQGTQVTVSS
seq21131,QVQLQESGGGLVQPGGSLRLSCAASGSIYSLIAMGWYRQAPGKEHELVATISSGSTTYYADSVKGRFTISRDNAKNTLYLQMNSLKPEDTAMYYCAAYSDRLTDCSNCEADYWGQGTQVTVSH
seq21132,QVQLQESGGGLVQPGGSLRLSCAASQFTFSSDWMYWVRQAPGKGLEWVSSISPGGAATAYAASVKGRFTISRDNAKNTLYLQMNSLKSEDTAVYYCSKTRAGTGRGQGTQVTVSS
